Date,Open,High,Low,Close,Volume,OpenInt
20130628,7.3879,7.3969,6.9157,7.3969,32099,0
20130701,7.3969,7.3969,7.0315,7.0315,1081,0
20130702,7.1296,7.1296,7.1296,7.1296,112,0
20130703,7.1296,7.1296,6.88,6.88,1307,0
20130704,6.8711,6.8711,6.8711,6.8711,23,0
20130705,6.8622,6.8622,6.8622,6.8622,113,0
20130708,6.9514,7.0226,6.9514,6.9601,1446,0
20130709,6.9514,6.9514,6.8889,6.8889,190,0
20130710,7.0404,7.3078,7.0404,7.1296,2790,0
20130711,7.1384,7.174,7.1384,7.174,113,0
20130712,7.174,7.174,7.174,7.174,147,0
20130715,7.174,7.174,7.1296,7.1296,1435,0
20130716,7.1296,7.3078,7.1296,7.3078,3367,0
20130717,7.3523,7.3523,7.3078,7.3078,1371,0
20130718,7.3523,7.3523,7.2632,7.2632,1376,0
20130719,7.3523,7.3523,7.3523,7.3523,2,0
20130722,7.3523,7.3969,7.3523,7.3969,638,0
20130723,7.3523,7.3523,7.2097,7.3523,13964,0
20130724,7.0939,7.0939,7.0939,7.0939,169,0
20130725,7.1296,7.1296,7.1296,7.1296,2810,0
20130726,7.3523,7.3523,7.174,7.174,494,0
20130729,7.174,7.2187,7.174,7.2187,2,0
20130730,7.2187,7.2187,7.2187,7.2187,1,0
20130731,7.2187,7.2187,7.2187,7.2187,2,0
20130801,7.2187,7.2187,7.2187,7.2187,35,0
20130802,7.2187,7.2187,7.2187,7.2187,2,0
20130805,7.2632,7.2632,7.2632,7.2632,1,0
20130806,7.174,7.174,7.174,7.174,112,0
20130807,7.174,7.174,7.174,7.174,1,0
20130808,7.174,7.174,7.1296,7.1296,1797,0
20130809,7.174,7.174,7.174,7.174,1,0
20130812,7.174,7.174,7.0404,7.0404,7881,0
20130813,7.0404,7.0404,6.9067,6.9067,171,0
20130819,6.9067,6.9067,6.2383,6.4968,59529,0
20130820,6.4166,7.1206,6.4166,6.9601,42836,0
20130821,7.1117,7.1296,7.0583,7.1028,8873,0
20130822,7.192,7.2097,7.1028,7.1296,13107,0
20130823,7.1296,7.1296,6.8622,7.1296,13984,0
20130826,7.0671,7.174,6.9601,6.9601,4688,0
20130827,6.8622,7.0048,6.7909,6.9514,11877,0
20130828,6.9334,7.1028,6.9334,7.1028,1433,0
20130829,7.1028,7.1028,6.9514,7.0136,602,0
20130830,7.2097,7.2097,6.8622,6.8622,2690,0
20130902,6.9067,6.9067,6.9067,6.9067,3,0
20130903,6.9514,6.9514,6.9514,6.9514,4,0
20130904,6.9958,6.9958,6.7018,6.9869,652,0
20130906,6.7375,7.1296,6.7375,7.1296,7900,0
20130909,7.1296,7.1296,6.9514,6.9514,3369,0
20130910,7.085,7.085,7.0583,7.0583,292,0
20130912,6.7998,6.9067,6.7819,6.9067,406,0
20130913,6.9691,6.9691,6.6572,6.8978,2295,0
20130916,6.9067,6.9067,6.8978,6.8978,326,0
20130917,6.6572,6.8889,6.3274,6.7731,12697,0
20130918,6.7731,6.8176,6.7731,6.7819,51,0
20130919,7.0048,7.0136,6.9067,6.9067,1189,0
20130920,6.9067,7.0048,6.7731,7.0048,8348,0
20130923,6.9958,6.9958,6.9958,6.9958,32,0
20130924,6.9514,6.9869,6.7107,6.9869,1417,0
20130925,6.9514,6.9514,6.9157,6.9157,34,0
20130926,6.9514,6.9869,6.9514,6.9869,23,0
20130927,7.0226,7.0226,7.0226,7.0226,2,0
20130930,7.0136,7.1296,6.7107,7.1296,10364,0
20131001,7.1296,7.1296,7.1296,7.1296,168,0
20131003,6.8622,7.1206,6.8622,7.1206,1346,0
20131004,7.1206,7.1206,6.9514,7.1117,2611,0
20131007,7.1117,7.1117,7.1117,7.1117,186,0
20131008,7.1117,7.1117,7.1117,7.1117,19,0
20131009,7.1028,7.1206,7.1028,7.1117,745,0
20131010,7.1117,7.1117,6.9958,6.9958,1411,0
20131011,7.0404,7.0404,6.9958,7.0315,226,0
20131014,7.1206,7.1206,7.1206,7.1206,15,0
20131015,7.1206,7.1206,7.0048,7.1206,87,0
20131016,7.1206,7.1206,7.1117,7.1117,116,0
20131017,7.1117,7.3435,7.085,7.3435,83253,0
20131018,7.3969,8.1099,7.3523,8.0118,17842,0
20131021,8.0118,8.0118,7.7354,7.7979,4242,0
20131022,7.7979,7.7979,7.5751,7.789,2125,0
20131023,7.9138,7.9138,7.7354,7.7354,395,0
20131024,7.7444,7.7444,7.6642,7.6642,114,0
20131025,7.6642,7.6642,7.3702,7.486,12865,0
20131028,7.3345,7.5751,7.3345,7.486,11445,0
20131029,7.6108,7.6108,7.6108,7.6108,31,0
20131030,7.6108,7.6108,7.3078,7.3078,1443,0
20131031,7.3256,7.3256,7.3078,7.3078,236,0
20131104,7.3078,7.3078,7.3078,7.3078,13,0
20131105,7.2187,7.2989,7.2187,7.2989,364,0
20131106,7.2989,7.2989,7.1296,7.1296,434,0
20131107,7.1206,7.1206,6.7819,6.7819,2943,0
20131108,6.7819,6.7819,6.7819,6.7819,1,0
20131112,7.0226,7.0315,6.7819,6.7819,434,0
20131113,6.7819,6.7819,6.7819,6.7819,6,0
20131114,6.7819,6.7819,6.7819,6.7819,4,0
20131115,6.7819,6.9958,6.7819,6.9958,748,0
20131118,7.0048,7.0048,6.9958,6.9958,3424,0
20131119,6.9958,6.9958,6.8176,6.8176,926,0
20131120,6.8176,6.9514,6.7909,6.9514,2245,0
20131121,6.9514,6.9514,6.9514,6.9514,123,0
20131122,6.9958,6.9958,6.9958,6.9958,243,0
20131126,6.9958,6.9958,6.9958,6.9958,11,0
20131127,6.9958,6.9958,6.9958,6.9958,2,0
20131128,6.9958,7.085,6.7731,7.085,3852,0
20131129,6.3542,6.3542,6.3542,6.3542,3018,0
20131202,6.5859,7.1296,6.5859,6.9067,5598,0
20131203,6.9067,6.9067,6.5056,6.5056,1268,0
20131204,6.6839,6.6839,6.6839,6.6839,23,0
20131205,6.6839,6.9958,6.363,6.9958,4077,0
20131209,6.9958,7.2187,6.9958,6.9958,4406,0
20131210,7.0048,7.2187,7.0048,7.2187,66,0
20131211,7.0404,7.0404,6.9958,6.9958,1122,0
20131212,6.9958,6.9958,6.9958,6.9958,3403,0
20131213,6.9958,6.9958,6.9958,6.9958,40,0
20131216,6.9958,6.9958,6.9958,6.9958,25,0
20131217,7.2187,7.2187,6.9958,6.9958,808,0
20131218,6.9958,6.9958,6.9958,6.9958,69,0
20131219,7.1296,7.1296,7.1296,7.1296,34,0
20131220,7.1296,7.1296,7.1296,7.1296,4,0
20131223,7.2187,7.2187,7.2187,7.2187,1,0
20131227,7.2187,7.2187,7.2187,7.2187,2,0
20131230,6.9067,7.5662,6.9067,7.2454,3161,0
20140102,7.3702,7.3702,7.3702,7.3702,112,0
20140107,7.5662,7.5662,7.2722,7.2722,1040,0
20140108,7.1384,7.1384,7.1384,7.1384,673,0
20140109,7.2722,7.2722,7.2722,7.2722,267,0
20140113,7.5662,7.5662,7.5662,7.5662,112,0
20140114,7.5572,7.5572,7.5572,7.5572,192,0
20140115,7.2187,7.2187,7.2187,7.2187,1000,0
20140117,7.2187,7.2187,7.2187,7.2187,143,0
20140120,7.2275,7.2275,7.2275,7.2275,11,0
20140121,7.2275,7.2275,7.2275,7.2275,13,0
20140122,7.2275,7.2275,7.2187,7.2187,29,0
20140123,7.2187,7.2187,7.2187,7.2187,12,0
20140124,7.2187,7.2187,7.2187,7.2187,5,0
20140127,7.2275,7.2275,7.0315,7.0315,56,0
20140129,7.0315,7.0315,7.0315,7.0315,13,0
20140130,7.0315,7.0315,6.9601,6.9601,564,0
20140203,6.9781,6.9781,6.9781,6.9781,11,0
20140204,6.9514,6.9514,6.9514,6.9514,11,0
20140205,6.9514,6.9514,6.6928,6.9514,76,0
20140206,6.9514,6.9514,6.9514,6.9514,2,0
20140207,6.9514,6.9514,6.9514,6.9514,2,0
20140210,6.9514,6.9514,6.9514,6.9514,2,0
20140211,6.9514,6.9514,6.7731,6.7731,224420,0
20140212,6.7731,7.0226,6.7731,7.0226,236,0
20140217,7.1117,7.3969,6.7731,7.2187,217482,0
20140218,7.2275,7.2632,7.0404,7.2632,229558,0
20140219,7.2632,7.2632,7.2632,7.2632,282,0
20140220,7.4058,7.4147,7.1384,7.1384,118547,0
20140221,7.281,7.5216,7.281,7.5216,2054,0
20140224,7.5751,7.5751,7.486,7.486,113331,0
20140225,7.486,7.486,7.486,7.486,1,0
20140226,7.486,7.486,7.486,7.486,1,0
20140227,7.3256,7.3256,7.3256,7.3256,1039,0
20140228,7.2632,7.3078,7.2632,7.3078,113,0
20140303,7.174,7.174,7.174,7.174,1,0
20140304,7.0404,7.0404,6.9781,7.0404,58,0
20140305,6.9514,6.9514,6.9514,6.9514,1303,0
20140306,6.8622,6.8622,6.8622,6.8622,112,0
20140307,6.8176,6.8176,6.7731,6.7731,1516,0
20140310,6.7285,6.7285,6.7285,6.7285,147,0
20140311,6.6839,6.6839,6.6839,6.6839,17,0
20140312,6.7285,6.7285,6.6839,6.6839,54,0
20140313,6.6839,6.6839,6.6839,6.6839,1,0
20140318,6.4344,6.4344,6.4255,6.4255,769,0
20140319,6.4255,6.4344,6.4255,6.4344,41,0
20140320,6.372,6.372,6.372,6.372,236,0
20140321,6.372,6.372,6.372,6.372,263,0
20140324,6.372,6.372,6.372,6.372,1220,0
20140325,6.6305,6.6305,6.4166,6.4166,75,0
20140326,6.6305,6.9691,6.6216,6.6839,1477,0
20140327,6.6839,6.7731,6.6839,6.7552,266,0
20140328,6.7642,6.7642,6.6483,6.7642,190,0
20140331,6.7731,6.7731,6.7731,6.7731,2,0
20140401,6.7731,6.7731,6.7731,6.7731,4,0
20140402,6.7731,6.7731,6.7731,6.7731,17,0
20140403,6.7731,6.7731,6.7731,6.7731,4,0
20140404,6.7731,6.7731,6.7731,6.7731,7,0
20140407,6.7731,6.7731,6.7731,6.7731,173,0
20140408,6.7731,6.7731,6.7731,6.7731,13,0
20140409,6.6839,6.6839,6.4968,6.6839,23608,0
20140414,6.4612,6.4612,6.4612,6.4612,38,0
20140415,6.4077,6.4077,6.4077,6.4077,281,0
20140417,6.3453,6.3453,6.3453,6.3453,315,0
20140422,6.3898,6.3898,6.0957,6.2383,2549,0
20140423,6.265,6.5146,6.265,6.5146,234,0
20140424,6.5146,6.5146,6.2829,6.4968,957,0
20140425,6.4789,6.4789,6.4166,6.4166,12,0
20140428,6.4968,6.4968,6.4968,6.4968,134,0
20140429,6.5056,6.5056,6.4879,6.4879,4,0
20140430,6.4968,6.4968,6.4968,6.4968,2,0
20140502,6.5056,6.5056,6.5056,6.5056,7,0
20140506,6.5056,6.5056,6.47,6.47,12,0
20140507,6.4968,6.4968,6.4968,6.4968,11,0
20140508,6.4879,6.4879,6.4879,6.4879,6,0
20140509,6.4879,6.4879,6.4879,6.4879,19,0
20140512,6.5056,6.5056,6.4879,6.4879,200,0
20140513,6.6169,6.6169,6.6169,6.6169,191,0
20140514,6.6261,6.7274,6.6261,6.7274,2,0
20140515,6.7183,6.7183,6.7183,6.7183,2,0
20140516,6.7183,6.7183,6.7183,6.7183,2,0
20140519,6.7183,6.7183,6.7183,6.7183,1,0
20140520,6.7183,6.7183,6.7183,6.7183,6,0
20140521,6.7274,6.7274,6.451,6.451,2608,0
20140528,6.451,6.451,6.1469,6.4326,6118,0
20140602,6.451,6.451,6.4326,6.451,1454,0
20140606,6.4602,6.4602,6.4602,6.4602,2,0
20140609,6.4602,6.4602,6.4602,6.4602,54,0
20140610,6.4602,6.4602,6.4602,6.4602,4,0
20140611,6.4602,6.4602,6.451,6.4602,1055,0
20140612,6.6354,6.6354,6.6354,6.6354,109,0
20140613,6.451,6.451,6.451,6.451,33,0
20140616,6.451,6.451,6.451,6.451,362,0
20140617,6.6354,6.6354,6.451,6.451,114,0
20140618,6.4417,6.4417,6.4417,6.4417,60,0
20140620,6.451,6.451,6.4417,6.4417,126,0
20140623,6.451,6.451,6.4233,6.4233,248,0
20140624,6.451,6.451,6.3404,6.3404,1432,0
20140625,6.3312,6.3312,6.0455,6.0455,719,0
20140626,6.1745,6.1745,6.1745,6.1745,17,0
20140627,6.1745,6.1745,5.8888,6.1745,1451,0
20140630,6.1838,6.451,6.1838,6.451,2344,0
20140701,6.1745,6.1745,6.1745,6.1745,1302,0
20140702,6.2667,6.2667,5.852,5.981,37181,0
20140707,5.8059,5.8059,5.8059,5.8059,76,0
20140708,5.8151,6.0823,5.8151,6.0823,680,0
20140710,6.1008,6.5801,6.1008,6.2667,2491,0
20140711,6.2759,6.3035,6.2759,6.3035,801,0
20140714,6.5708,6.5708,6.1469,6.2667,2387,0
20140715,6.0823,6.3864,6.0823,6.2667,2930,0
20140716,5.9718,6.2667,5.9073,6.2667,3438,0
20140717,6.1745,6.4786,6.1745,6.4786,1953,0
20140718,6.451,6.451,6.451,6.451,1085,0
20140721,6.4786,6.4786,6.4786,6.4786,120,0
20140723,6.1838,6.1838,6.1838,6.1838,1215,0
20140724,6.1653,6.3035,5.8797,6.1745,22524,0
20140725,6.1745,6.1745,5.9441,6.1745,3435,0
20140728,6.2206,6.2206,5.935,6.2206,3941,0
20140801,5.8335,5.8335,5.8335,5.8335,1,0
20140804,5.8335,5.8335,5.7691,5.7691,3868,0
20140805,5.7691,5.7782,5.5294,5.7691,7499,0
20140807,5.7782,5.7782,5.4372,5.7782,2766,0
20140808,5.7414,5.7414,5.7414,5.7414,11,0
20140811,5.7414,5.7414,5.7414,5.7414,3,0
20140813,5.7414,5.7414,5.7414,5.7414,217,0
20140814,5.7414,5.7414,5.4834,5.4834,1271,0
20140818,5.5571,6.0916,5.5571,6.0916,19588,0
20140819,6.0916,7.4186,6.0916,7.4186,316359,0
20140820,7.603,7.8241,7.2343,7.3726,119055,0
20140821,7.3726,7.3726,7.1421,7.3726,2133,0
20140822,7.3726,7.3726,7.3633,7.3726,20547,0
20140825,7.3726,7.3726,7.1421,7.3726,51366,0
20140826,7.3726,7.3726,7.1698,7.3633,23874,0
20140827,7.3633,7.3633,7.1421,7.3633,1098,0
20140828,7.3633,7.3633,7.1145,7.3357,8468,0
20140829,7.3265,7.3726,7.0132,7.3726,2182,0
20140901,7.3726,7.3726,6.9579,7.3542,12224,0
20140902,7.3633,7.3633,7.1883,7.3542,545,0
20140903,7.3542,7.3726,7.1883,7.3726,416111,0
20140904,7.4186,7.4186,7.1974,7.1974,24,0
20140905,7.1974,7.4186,7.1974,7.4186,274,0
20140908,7.4186,7.4186,7.4186,7.4186,1,0
20140909,7.1974,7.3726,7.1974,7.3726,114584,0
20140910,7.3726,7.3726,7.3633,7.3633,53,0
20140911,7.3726,7.3726,7.3633,7.3726,217971,0
20140912,7.3726,7.3726,7.3726,7.3726,2,0
20140915,7.3726,7.7412,7.3726,7.6122,269403,0
20140916,7.6306,7.6306,7.3726,7.5569,28806,0
20140917,7.6214,7.6214,7.5569,7.5569,50,0
20140918,7.5569,7.6214,7.3726,7.6214,134140,0
20140919,7.5753,7.8794,7.3173,7.3726,300974,0
20140922,7.3726,7.732,7.3357,7.7228,3247,0
20140923,7.7228,7.7228,7.4279,7.5108,25605,0
20140924,7.7412,7.7412,7.3542,7.3542,2095,0
20140925,7.3449,7.3449,7.0592,7.3357,3929,0
20140926,7.3542,7.3633,7.3542,7.3633,149,0
20140929,7.133,7.3633,7.0961,7.3633,853,0
20140930,7.3633,7.6399,7.3633,7.6399,1162,0
20141001,7.6306,7.6306,7.2804,7.603,356,0
20141002,7.6122,7.6122,7.2804,7.2804,1126,0
20141003,7.2712,7.603,6.9395,7.52,18077,0
20141006,7.52,7.8702,7.1514,7.603,4560,0
20141007,7.603,7.603,7.603,7.603,12,0
20141008,7.603,7.603,7.603,7.603,97,0
20141009,7.603,7.603,7.2804,7.2804,2772,0
20141010,7.308,7.474,7.308,7.474,3,0
20141013,7.474,7.474,7.3726,7.3726,221,0
20141014,7.474,7.474,6.7274,7.262,3763,0
20141015,7.179,7.179,7.179,7.179,125,0
20141016,7.1606,7.1606,7.1606,7.1606,97,0
20141017,7.1606,7.1606,7.1606,7.1606,63,0
20141020,7.1606,7.1606,7.1606,7.1606,1049,0
20141021,7.1606,7.1883,6.8657,7.0961,11962,0
20141022,7.1145,7.1145,7.0961,7.0961,6,0
20141023,7.2527,7.5477,7.0961,7.3542,3270,0
20141024,7.3449,7.3449,7.0039,7.0961,5880,0
20141027,7.0961,7.0961,6.9302,7.0961,3431,0
20141028,7.0961,7.0961,7.0868,7.0868,8,0
20141029,7.0868,7.0868,7.0868,7.0868,6,0
20141030,7.0868,7.0868,6.9302,7.0316,511,0
20141031,7.0408,7.0501,6.7274,7.0501,771,0
20141103,7.0961,7.133,6.7459,7.0685,2064,0
20141104,7.0961,7.2527,7.0961,7.2527,18047,0
20141105,7.262,7.262,7.0961,7.1421,55123,0
20141106,7.1883,7.5477,7.133,7.52,93019,0
20141107,7.5477,7.7412,7.4647,7.732,164166,0
20141110,7.474,7.6859,7.474,7.6306,2263,0
20141112,7.732,7.732,7.262,7.3726,2105,0
20141113,7.4186,7.4186,7.3726,7.3726,200752,0
20141114,7.4555,7.603,7.4371,7.4371,8753,0
20141117,7.4463,7.5937,7.3449,7.5569,7819,0
20141118,7.5937,7.5937,7.5477,7.5477,2651,0
20141119,7.5569,7.5569,7.5569,7.5569,8,0
20141120,7.5569,7.5569,7.3357,7.5569,2497,0
20141121,7.5569,7.6952,7.3449,7.649,1194,0
20141124,7.3449,7.7043,7.3449,7.649,2193,0
20141125,7.6859,7.7043,7.3449,7.7043,1415,0
20141126,7.7136,7.8057,7.6952,7.6952,4804,0
20141127,7.7136,7.8241,7.7136,7.8241,8126,0
20141128,7.8241,7.8241,7.5569,7.7136,10664,0
20141201,7.8241,7.8241,7.7136,7.7136,1092,0
20141202,7.8241,7.8241,7.5016,7.8149,116,0
20141203,7.8149,7.8149,7.5016,7.5016,1793,0
20141204,7.5108,7.7412,7.5108,7.7412,218,0
20141205,7.8149,7.8149,7.649,7.649,45988,0
20141208,7.7412,7.7412,7.649,7.7228,1240,0
20141209,7.6952,7.6952,7.5016,7.6767,2665,0
20141210,7.6859,7.6859,7.4647,7.649,8064,0
20141211,7.6859,7.6859,7.6214,7.6214,986,0
20141212,7.6767,7.6767,7.1974,7.5569,2639,0
20141215,7.5569,7.6859,7.4647,7.5569,2624,0
20141216,7.5569,7.5569,7.4647,7.4924,2092,0
20141218,7.4924,7.5016,7.4924,7.5016,2,0
20141219,7.4647,7.5016,7.1514,7.1514,66,0
20141222,7.1883,7.1883,7.1883,7.1883,542,0
20141223,7.4647,7.4647,7.4463,7.4463,23,0
20141229,7.4463,7.4463,7.4463,7.4463,217,0
20141230,7.4647,7.4647,7.4186,7.4647,119389,0
20150102,7.4831,7.4831,6.7551,6.7551,1953,0
20150105,6.7551,6.7551,6.6354,6.6354,2961,0
20150107,6.5524,6.5524,6.2022,6.5063,1110,0
20150108,6.3957,6.3957,6.3681,6.3681,431,0
20150109,6.3681,6.4049,6.1008,6.4049,482,0
20150112,6.3312,6.3312,6.3312,6.3312,15,0
20150113,6.3312,6.3773,6.3312,6.3773,211,0
20150114,6.3773,6.5524,6.3773,6.5524,537,0
20150115,6.5524,6.5524,6.5524,6.5524,807,0
20150116,6.5524,6.5524,6.3957,6.5432,268354,0
20150119,6.5616,6.5616,6.5339,6.5339,890,0
20150120,6.6722,6.6722,6.6722,6.6722,11,0
20150121,6.6722,6.6722,6.663,6.663,88,0
20150122,6.663,6.6722,6.5432,6.6722,271284,0
20150123,6.663,6.663,6.6169,6.6169,24,0
20150128,6.6722,6.6722,6.6354,6.6354,82,0
20150129,6.6354,6.6722,6.6354,6.6722,6,0
20150202,6.663,6.6722,6.663,6.6722,2,0
20150203,6.663,6.6722,6.451,6.451,3204,0
20150204,6.451,6.5801,6.451,6.5801,552,0
20150205,6.5801,6.5801,6.5801,6.5801,2,0
20150206,6.5801,6.5801,6.5801,6.5801,1,0
20150209,6.5801,6.5801,6.3588,6.5708,206,0
20150210,6.5432,6.5432,6.5339,6.5339,14,0
20150211,6.5339,6.5339,6.3588,6.3588,2259,0
20150212,6.3588,6.3588,6.1838,6.1838,231,0
20150216,6.1929,6.1929,6.1929,6.1929,111,0
20150217,6.1929,6.1929,6.1929,6.1929,33,0
20150218,6.1929,6.1929,6.1929,6.1929,16,0
20150219,6.1929,6.3773,6.1929,6.3773,535,0
20150220,6.3773,6.3773,6.1929,6.3773,18,0
20150223,6.3773,6.3773,6.0823,6.0823,69,0
20150227,6.0823,6.0823,5.9903,5.9903,704,0
20150302,5.8981,5.8981,5.8981,5.8981,2,0
20150303,5.8981,5.8981,5.8981,5.8981,55,0
20150304,5.7598,5.7598,5.6124,5.7045,596,0
20150305,5.7045,5.7045,5.5755,5.5755,1542,0
20150306,5.5755,5.7045,5.5755,5.7045,836,0
20150309,5.7045,5.7045,5.7045,5.7045,219,0
20150310,5.7045,5.7045,5.4465,5.4557,219,0
20150311,5.4557,5.4649,5.4557,5.4649,41,0
20150312,5.4649,5.4649,5.4649,5.4649,2,0
20150313,5.4649,5.4649,5.4649,5.4649,2,0
20150316,5.4925,5.5018,5.4925,5.5018,177,0
20150317,5.4925,5.5294,5.4649,5.5294,127,0
20150318,5.5202,5.5202,5.5202,5.5202,67,0
20150319,5.5202,5.7045,5.5202,5.7045,1017,0
20150320,5.7045,5.7045,5.5294,5.5294,54,0
20150323,5.5294,5.5294,5.5294,5.5294,33,0
20150324,5.5294,5.5294,5.5294,5.5294,6,0
20150325,5.5755,5.6124,5.5755,5.6124,2,0
20150326,5.7045,5.7045,5.64,5.64,108532,0
20150330,5.6216,5.6308,5.6216,5.6308,19,0
20150331,5.6308,5.64,5.6308,5.64,3,0
20150401,5.64,5.7138,5.64,5.7138,179045,0
20150402,5.7598,5.8151,5.7138,5.7138,89937,0
20150407,5.7138,5.8981,5.7138,5.8981,243671,0
20150408,5.8981,6.1285,5.8981,6.1285,1457,0
20150409,6.1192,6.1929,5.9441,6.1929,3035,0
20150410,6.1838,6.1929,6.1838,6.1929,3,0
20150413,6.1929,6.1929,5.9165,6.1745,1087,0
20150414,6.1929,6.1929,6.1929,6.1929,2,0
20150415,6.1929,6.1929,5.9994,6.0087,219,0
20150416,6.0087,6.0179,6.0087,6.0179,5,0
20150420,6.0959,6.2422,6.0959,6.2422,600,0
20150421,6.1934,6.1934,6.1934,6.1934,6,0
20150422,6.1349,6.2422,6.0471,6.0471,4747,0
20150424,6.0569,6.0959,6.0569,6.0959,4,0
20150427,6.0959,6.1252,6.0959,6.1252,2,0
20150428,6.1252,6.1252,6.1252,6.1252,1,0
20150429,6.1447,6.1447,6.1447,6.1447,1,0
20150430,6.2227,6.291,6.2227,6.291,1435,0
20150505,6.525,6.525,6.1349,6.2227,2794,0
20150506,6.2422,6.2422,6.2422,6.2422,297,0
20150507,6.2422,6.2422,6.2422,6.2422,127,0
20150511,6.2422,6.2422,6.0959,6.0959,73,0
20150512,6.0959,6.0959,6.0959,6.0959,2,0
20150513,6.0959,6.2422,6.0959,6.2422,1204,0
20150514,6.5348,6.5348,6.5348,6.5348,1456,0
20150515,6.5641,6.5641,6.486,6.486,22,0
20150518,6.486,6.486,6.486,6.486,414,0
20150519,6.4763,6.4763,6.4763,6.4763,1,0
20150520,6.6323,6.8274,6.3397,6.3397,4047,0
20150521,6.8372,6.8372,6.1447,6.1447,528,0
20150522,6.447,6.447,6.3885,6.3885,2,0
20150525,6.3885,6.3885,6.3787,6.3787,2,0
20150526,6.8176,6.8176,6.3787,6.3787,210,0
20150527,6.7299,6.7299,6.7299,6.7299,1,0
20150528,6.7299,6.7299,6.7299,6.7299,1,0
20150529,6.7201,6.7201,6.0471,6.1544,2038,0
20150601,6.7299,6.7299,6.1544,6.7299,84,0
20150602,6.7006,6.7006,5.9984,6.1544,299,0
20150603,6.6226,6.6226,6.2422,6.2422,2,0
20150605,6.2422,6.2422,6.2422,6.2422,1,0
20150608,6.2422,6.2422,6.2422,6.2422,1,0
20150609,6.2422,6.2422,6.2422,6.2422,1,0
20150610,6.3397,6.3397,6.3397,6.3397,1,0
20150611,6.3397,6.3397,6.3397,6.3397,1,0
20150612,6.2422,6.2519,5.9398,5.9691,544,0
20150615,6.2422,6.2422,6.0569,6.0569,313,0
20150616,6.2422,6.2422,6.0569,6.2324,210,0
20150617,6.2324,6.2324,6.2324,6.2324,205,0
20150618,6.2422,6.2422,6.2324,6.2324,209,0
20150619,6.2422,6.2422,6.2324,6.2324,7,0
20150622,6.2422,6.2422,6.2324,6.2324,2,0
20150623,6.2422,6.2422,6.2324,6.2324,2,0
20150624,6.2324,6.2324,6.2324,6.2324,5,0
20150625,6.2422,6.2422,6.2324,6.2324,242,0
20150626,6.2422,6.2422,6.2324,6.2324,2,0
20150629,6.2422,6.2422,6.2324,6.2324,2,0
20150630,6.3397,6.3397,6.2324,6.2324,118,0
20150701,6.33,6.33,6.33,6.33,1,0
20150702,6.33,6.33,5.9398,6.33,2554,0
20150703,6.3397,6.3397,6.0471,6.0471,2440,0
20150706,6.0471,6.0471,5.8521,5.8521,1989,0
20150707,5.8423,5.8423,5.5887,5.5887,1365,0
20150708,5.5985,5.5985,5.5887,5.5887,129,0
20150709,5.5887,5.6082,5.5887,5.6082,113,0
20150710,5.6082,5.6082,5.6082,5.6082,602,0
20150714,5.4034,5.6667,5.4034,5.6667,365,0
20150715,5.6667,5.6667,5.6667,5.6667,192,0
20150716,5.6082,5.6667,5.6082,5.6667,276,0
20150717,5.6667,5.7545,5.6082,5.7545,248,0
20150721,5.9203,5.9203,5.9203,5.9203,205,0
20150722,5.657,5.657,5.657,5.657,154,0
20150723,5.4814,5.4814,5.2961,5.2961,3146,0
20150724,5.2766,5.2766,5.2766,5.2766,412,0
20150727,5.3546,5.6765,5.2571,5.6765,284,0
20150728,5.6667,5.6667,5.6667,5.6667,470,0
20150729,5.6765,5.6765,5.2668,5.2668,2239,0
20150730,5.4522,5.4619,5.2668,5.2668,1042,0
20150803,5.3644,5.3644,5.3644,5.3644,2,0
20150804,5.3644,5.3644,5.3644,5.3644,175,0
20150805,5.8423,5.8423,5.4717,5.4717,206,0
20150806,5.8423,5.8423,5.5497,5.5497,309,0
20150807,5.8423,5.8423,5.4717,5.4717,873,0
20150810,5.4717,5.4717,5.4717,5.4717,1329,0
20150811,5.6082,5.6082,5.6082,5.6082,144,0
20150813,6.0569,6.0569,6.0569,6.0569,1,0
20150814,5.6082,5.9008,5.6082,5.6667,500,0
20150818,5.7058,5.9008,5.7058,5.8325,850,0
20150819,5.657,5.657,5.657,5.657,1,0
20150821,5.9008,5.9008,5.8325,5.8325,2,0
20150824,5.5595,5.657,5.3644,5.3644,310,0
20150831,5.8325,5.9008,5.8325,5.8325,18,0
20150901,5.8325,5.8325,5.7058,5.7058,142530,0
20150902,6.0569,6.0569,5.7643,6.0374,2809,0
20150903,6.0569,6.3397,5.8618,6.0374,2410,0
20150904,6.2422,6.2422,5.8716,6.2324,3807,0
20150907,6.1447,6.3397,6.1349,6.3397,268,0
20150908,6.3202,6.3202,6.3202,6.3202,1,0
20150909,6.2422,6.2422,6.1447,6.1447,134271,0
20150910,6.3397,6.3397,6.0276,6.1447,1128,0
20150911,6.33,6.33,6.1447,6.1447,2,0
20150914,5.8521,6.2422,5.8521,6.1447,8,0
20150915,6.1349,6.1349,6.1349,6.1349,1,0
20150916,6.0861,6.0861,6.0861,6.0861,1,0
20150917,6.0666,6.0666,6.0666,6.0666,1,0
20150918,6.0569,6.0569,6.0569,6.0569,1,0
20150921,6.0471,6.0471,6.0471,6.0471,1,0
20150922,6.0374,6.0374,6.0374,6.0374,1,0
20150923,6.0081,6.0081,6.0081,6.0081,103,0
20150924,5.9984,5.9984,5.9984,5.9984,1,0
20150925,5.9886,5.9886,5.9886,5.9886,1,0
20150928,5.9788,5.9788,5.9788,5.9788,1,0
20150929,5.9691,5.9691,5.6667,5.9691,200,0
20150930,5.9398,5.9398,5.6667,5.8521,1335,0
20151001,5.6375,5.6375,5.5887,5.6277,207,0
20151002,5.618,5.618,5.618,5.618,1,0
20151005,5.5985,5.5985,5.5985,5.5985,103,0
20151006,5.579,5.579,5.579,5.579,1,0
20151008,5.5302,5.5302,5.5302,5.5302,1,0
20151009,5.5204,5.5204,5.4034,5.4034,206,0
20151012,5.5107,5.5107,5.5107,5.5107,1,0
20151013,5.4522,5.4522,5.4424,5.4424,380,0
20151014,4.9157,5.3644,4.9157,5.1108,282,0
20151015,5.3449,5.3449,4.8767,5.3351,1494,0
20151016,5.1205,5.1205,5.1205,5.1205,1844,0
20151019,5.0913,5.0913,5.0815,5.0815,52,0
20151020,5.0718,5.0718,5.0718,5.0718,1,0
20151021,5.0718,5.0718,5.062,5.062,25,0
20151022,4.9938,4.9938,4.9938,4.9938,1,0
20151023,4.9938,4.9938,4.8962,4.8962,500,0
20151026,4.8475,5.062,4.8475,5.0523,226,0
20151027,5.0425,5.0425,5.0328,5.0328,2,0
20151028,4.8084,4.8084,4.7987,4.7987,2145,0
20151029,5.0523,5.0523,5.0523,5.0523,1,0
20151030,4.5744,4.7207,4.5744,4.5744,1233,0
20151102,4.7792,4.7792,4.7792,4.7792,1,0
20151103,4.7694,4.7694,4.7694,4.7694,1,0
20151104,4.5061,4.6816,4.389,4.389,2096,0
20151105,4.4378,4.8084,4.4378,4.6231,542,0
20151106,4.6426,4.6426,4.6426,4.6426,1,0
20151109,4.6426,4.6426,4.5841,4.5841,111,0
20151110,4.6426,4.6426,4.6426,4.6426,1,0
20151112,4.6426,4.6426,4.6426,4.6426,1,0
20151113,4.6426,4.6426,4.6426,4.6426,236,0
20151116,4.6426,4.6426,4.6426,4.6426,1,0
20151117,4.6036,4.6231,4.3988,4.4378,4561,0
20151118,4.5256,4.5353,4.5256,4.5353,2,0
20151119,4.5256,4.5353,4.5256,4.5353,2,0
20151120,4.5256,4.5256,4.4866,4.4866,1253,0
20151123,4.311,4.5061,4.311,4.5061,2,0
20151124,4.6231,4.6231,4.5744,4.5744,616,0
20151125,4.5061,4.5061,4.5061,4.5061,11,0
20151126,4.6231,4.6231,4.6231,4.6231,1,0
20151127,4.389,4.389,4.3013,4.3013,5903,0
20151130,4.389,4.389,4.3695,4.3695,2,0
20151201,4.3793,4.3793,4.3695,4.3695,2,0
20151203,4.389,4.389,4.3598,4.3598,2,0
20151204,4.3695,4.3695,4.3695,4.3695,1,0
20151207,4.6134,4.6134,4.3598,4.3695,411,0
20151208,4.3598,4.3598,4.1842,4.3598,4,0
20151209,4.3598,4.3598,4.3598,4.3598,1,0
20151210,4.3598,4.3598,4.3598,4.3598,1,0
20151211,4.3598,4.3598,4.3598,4.3598,1,0
20151214,4.3598,4.3598,4.3598,4.3598,1,0
20151215,4.35,4.35,4.194,4.3403,755,0
20151216,4.3403,4.3403,4.3403,4.3403,1,0
20151217,4.3403,4.3403,4.3403,4.3403,1,0
20151218,4.3403,4.3403,4.3208,4.3208,2,0
20151221,4.3403,4.3403,4.1842,4.311,423,0
20151222,4.3403,4.3403,4.0964,4.2427,1657,0
20151223,4.194,4.2427,4.194,4.2427,301,0
20151228,4.194,4.194,4.194,4.194,2,0
20151229,4.194,4.2427,4.194,4.2427,9,0
20151230,4.3403,4.3403,4.194,4.2427,196,0
20160104,4.3403,4.3403,4.2427,4.2915,414,0
20160105,4.3403,4.3403,4.1355,4.3305,1486,0
20160107,4.3305,4.3305,4.3305,4.3305,1,0
20160108,4.3305,4.3305,4.3305,4.3305,1,0
20160111,4.3208,4.3208,4.2915,4.2915,233,0
20160112,4.3208,4.3208,4.311,4.311,2,0
20160113,4.2915,4.3305,4.2915,4.3305,309,0
20160114,4.2037,4.2037,4.1842,4.1842,1538,0
20160115,4.3305,4.3305,4.0769,4.0769,3897,0
20160118,4.3305,4.3305,4.3305,4.3305,1,0
20160119,4.1842,4.1842,4.1842,4.1842,2,0
20160120,4.3305,4.3305,4.3305,4.3305,1,0
20160121,4.1842,4.1842,4.1745,4.1745,2,0
20160122,4.1842,4.1842,4.1745,4.1745,2,0
20160125,4.2915,4.2915,4.194,4.194,2,0
20160126,4.194,4.194,3.9209,3.9209,4989,0
20160127,3.9599,3.9599,3.9306,3.9306,2,0
20160128,3.8038,3.8038,3.5795,3.5795,5953,0
20160129,3.9014,3.9014,3.7453,3.7453,2,0
20160201,3.7453,3.7453,3.7453,3.7453,256,0
20160202,3.6575,3.6575,3.6575,3.6575,27,0
20160203,3.5698,3.5698,3.4137,3.4137,3230,0
20160204,3.5698,3.5698,3.56,3.56,2,0
20160205,3.5698,3.5698,3.56,3.56,515,0
20160210,3.56,3.56,3.56,3.56,308,0
20160211,3.4625,3.4625,3.4137,3.4625,771,0
20160212,3.3942,3.3942,3.3942,3.3942,1084,0
20160216,3.3942,3.3942,3.3942,3.3942,410,0
20160217,3.56,3.56,3.56,3.56,257,0
20160219,3.5502,3.56,3.5502,3.56,2,0
20160222,3.56,3.56,3.5112,3.5112,1548,0
20160223,3.4137,3.4235,3.3942,3.3942,2286,0
20160225,3.56,3.56,3.56,3.56,1353,0
20160226,3.56,3.56,3.56,3.56,2,0
20160229,3.56,3.56,3.56,3.56,1538,0
20160302,3.56,3.56,3.5502,3.5502,2,0
20160304,3.56,3.56,3.5502,3.5502,1027,0
20160308,3.5502,3.5502,3.5502,3.5502,141,0
20160309,3.56,3.56,3.5502,3.5502,2,0
20160310,3.3844,3.3844,3.3357,3.3357,3662,0
20160311,3.4039,3.4039,3.3357,3.4039,1465,0
20160314,3.5502,3.5502,3.4039,3.4137,365,0
20160315,3.56,3.56,3.4137,3.4137,550,0
20160316,3.6088,3.6088,3.3844,3.5502,2566,0
20160321,3.5405,3.5405,3.3649,3.3649,238,0
20160322,3.56,3.56,3.521,3.5307,617,0
20160323,3.5502,3.5502,3.3649,3.3649,4232,0
20160324,3.3942,3.3942,3.3942,3.3942,695,0
20160329,3.3942,3.4039,3.3942,3.4039,1652,0
20160330,3.4039,3.4039,3.3747,3.4039,1357,0
20160331,3.3942,3.3942,3.2576,3.3162,1644,0
20160401,3.4235,3.4235,3.4235,3.4235,1,0
20160404,3.7551,3.7551,3.521,3.521,2249,0
20160405,3.56,3.56,3.4137,3.5015,3934,0
20160406,3.5698,3.5698,3.4137,3.4137,631,0
20160407,3.599,3.599,3.5112,3.5112,309,0
20160408,3.599,3.7551,3.443,3.56,1276,0
20160411,3.7551,3.7551,3.521,3.521,108,0
20160412,3.5893,3.5893,3.4917,3.5112,2297,0
20160413,3.5893,3.5893,3.5307,3.5307,230,0
20160414,3.5893,3.5893,3.56,3.56,1187,0
20160415,3.56,3.56,3.4917,3.4917,207,0
20160418,3.5893,3.5893,3.4917,3.5795,111,0
20160419,3.6088,3.6478,3.5015,3.599,1598,0
20160420,3.6575,3.6575,3.56,3.6088,3178,0
20160421,3.7356,3.7356,3.56,3.56,896,0
20160422,3.6575,3.6575,3.56,3.56,193,0
20160425,3.56,3.56,3.56,3.56,144,0
20160426,3.6575,3.6575,3.6575,3.6575,2,0
20160427,3.638,3.638,3.521,3.521,68,0
20160428,3.521,3.521,3.521,3.521,205,0
20160429,3.638,3.638,3.56,3.56,517,0
20160502,3.5112,3.5112,3.5015,3.5112,881,0
20160504,3.5112,3.5112,3.5112,3.5112,414,0
20160505,3.52099,3.52099,3.52099,3.52099,140,0
20160506,3.51123,3.51123,3.49173,3.51123,5995,0
20160509,3.60877,3.60877,3.59901,3.59901,4,0
20160510,3.59901,3.59901,3.59901,3.59901,136,0
20160511,3.56,3.56,3.56,3.56,2,0
20160512,3.76,3.76,3.44,3.44,2387,0
20160513,3.76,3.76,3.39,3.48,2637,0
20160516,3.45,3.45,3.44,3.44,604,0
20160517,3.45,3.45,3.45,3.45,429,0
20160518,3.45,3.45,3.45,3.45,223,0
20160519,3.46,3.46,3.46,3.46,140,0
20160520,3.6,3.6,3.45,3.45,505,0
20160523,3.45,3.46,3.45,3.46,4,0
20160524,3.46,3.6,3.46,3.48,12280,0
20160525,3.48,3.48,3.48,3.48,3,0
20160527,3.55,3.55,3.45,3.45,4237,0
20160530,3.58,3.58,3.58,3.58,14,0
20160531,3.5,3.5,3.5,3.5,2000,0
20160601,3.57,3.57,3.57,3.57,2,0
20160602,3.56,3.56,3.42,3.56,321,0
20160603,3.56,3.56,3.56,3.56,2,0
20160606,3.56,3.56,3.56,3.56,2,0
20160607,3.56,3.56,3.56,3.56,1,0
20160608,3.55,3.56,3.55,3.56,2,0
20160609,3.55,3.55,3.52,3.55,8,0
20160610,3.55,3.55,3.45,3.45,5430,0
20160613,3.51,3.51,3.39,3.39,11347,0
20160614,3.55,3.55,3.4,3.4,402,0
20160615,3.41,3.41,3.41,3.41,1,0
20160616,3.4,3.4,3.07,3.2,5286,0
20160617,3.38,3.38,3.21,3.21,3126,0
20160620,3.2,3.2,3.07,3.19,1863,0
20160621,3.18,3.19,3.18,3.19,4,0
20160622,3.05,3.05,2.98,2.98,1527,0
20160623,3,3,2.95,2.95,2257,0
20160627,2.92,2.92,2.92,2.92,2,0
20160628,2.92,2.92,2.8,2.8,6732,0
20160629,2.94,2.94,2.74,2.74,6981,0
20160630,2.72,2.72,2.71,2.72,910,0
20160701,2.96,2.96,2.96,2.96,2,0
20160704,2.71,2.71,2.71,2.71,450,0
20160705,2.7,2.7,2.49,2.54,5195,0
20160706,2.6,2.6,2.6,2.6,5400,0
20160707,2.65,2.65,2.65,2.65,600,0
20160711,2.91,2.91,2.83,2.83,1042,0
20160712,2.83,2.83,2.74,2.74,14,0
20160713,2.74,2.74,2.74,2.74,2,0
20160714,2.74,2.74,2.74,2.74,2,0
20160715,2.72,2.72,2.57,2.57,3389,0
20160718,2.62,2.62,2.51,2.59,13526,0
20160719,2.57,2.57,2.54,2.54,5473,0
20160720,2.58,2.58,2.5,2.54,971,0
20160721,2.5,2.55,2.47,2.47,6832,0
20160722,2.49,2.49,2.4,2.49,4593,0
20160725,2.49,2.49,2.49,2.49,1000,0
20160726,2.49,2.56,2.49,2.56,19011,0
20160727,2.57,2.57,2.55,2.55,12591,0
20160728,2.57,2.57,2.55,2.55,5371,0
20160729,2.65,2.65,2.55,2.57,1102,0
20160801,2.57,2.57,2.55,2.57,1914,0
20160802,2.65,2.65,2.54,2.54,8146,0
20160803,2.65,2.65,2.5,2.58,1262,0
20160804,2.61,2.65,2.54,2.6,10138,0
20160805,2.62,2.62,2.53,2.6,208,0
20160808,2.6,2.6,2.54,2.57,2197,0
20160809,2.63,2.63,2.53,2.62,125,0
20160810,2.61,2.61,2.55,2.57,9203,0
20160811,2.63,2.63,2.6,2.61,173,0
20160812,2.58,2.6,2.54,2.58,10492,0
20160816,2.56,2.56,2.56,2.56,200,0
20160817,2.81,3.09,2.81,3.01,22320,0
20160818,3.09,3.3,3.02,3.16,34730,0
20160819,3.08,3.08,2.86,3.04,3897,0
20160822,3.04,3.04,2.82,2.98,2326,0
20160823,2.98,3.06,2.91,2.91,3734,0
20160824,2.99,2.99,2.99,2.99,1805,0
20160825,3.04,3.04,3,3,2102,0
20160826,3.04,3.04,2.92,3,1342,0
20160829,3.03,3.03,2.95,3.02,175,0
20160830,3.05,3.05,3,3,253504,0
20160831,3,3,2.89,2.92,261962,0
20160901,2.92,2.92,2.65,2.75,8484,0
20160902,2.75,2.92,2.75,2.92,3110,0
20160905,2.92,2.92,2.92,2.92,734,0
20160906,2.9,2.9,2.85,2.85,700943,0
20160907,2.89,2.89,2.85,2.85,243742,0
20160908,2.89,2.89,2.89,2.89,1,0
20160909,2.89,2.89,2.89,2.89,343,0
20160912,2.78,3,2.78,2.85,561234,0
20160913,3,3,3,3,2,0
20160914,3,3,2.9,2.94,200052,0
20160915,3,3,2.94,3,4415,0
20160916,3.09,3.09,3.09,3.09,349,0
20160919,3.09,3.09,3.02,3.02,722,0
20160920,3.15,3.3,3.14,3.23,5282,0
20160921,3.29,3.29,3.21,3.21,2088,0
20160922,3.29,3.29,3.13,3.13,2350,0
20160923,3.15,3.37,3.04,3.37,8078,0
20160926,3.53,3.87,3.38,3.48,20162,0
20160927,3.5,3.5,3.39,3.4,7588,0
20160928,3.5,3.85,3.5,3.8,4839,0
20160929,3.79,4.15,3.79,4.01,15402,0
20160930,4.01,4.03,3.61,3.62,6125,0
20161003,3.7,4.05,3.7,3.85,2897,0
20161004,3.94,4.19,3.85,4.19,154159,0
20161005,4.35,4.45,4.06,4.27,11331,0
20161006,4.33,4.34,4.07,4.3,2673,0
20161007,4.34,4.34,4.06,4.23,1297,0
20161010,4.1,4.1,4.01,4.09,4462,0
20161011,4.09,4.09,3.69,3.7,12392,0
20161012,3.99,3.99,3.6,3.6,1104,0
20161013,3.71,3.71,3.42,3.57,7389,0
20161014,3.7,3.82,3.61,3.75,6844,0
20161017,3.9,4.05,3.8,3.94,6367,0
20161018,3.94,4.07,3.94,4.07,5112,0
20161019,4.08,4.09,4.06,4.08,6233,0
20161020,4.1,4.1,4,4.04,4424,0
20161021,4.09,4.14,4.09,4.14,1221,0
20161024,4.13,4.52,4.13,4.5,13451,0
20161025,4.6,4.87,4.44,4.86,8537,0
20161026,4.9,4.9,4.8,4.85,17339,0
20161027,4.65,4.89,4.65,4.89,5808,0
20161028,5.15,5.15,5.03,5.05,7235,0
20161031,5.07,5.07,4.96,4.96,8463,0
20161102,5,5,4.7,4.88,10407,0
20161103,4.7,4.88,4.7,4.87,868,0
20161104,4.8,4.8,4.57,4.79,1302,0
20161107,4.88,4.88,4.71,4.84,2146,0
