Date,Open,High,Low,Close,Volume,OpenInt
20100617,1.5871,1.5871,1.5163,1.5163,730391,0
20100618,1.5292,1.5356,1.5163,1.5292,120313,0
20100621,1.5228,1.5228,1.4907,1.5228,159875,0
20100622,1.5228,1.5228,1.5036,1.5228,64779,0
20100623,1.5163,1.5163,1.5036,1.5036,84560,0
20100624,1.465,1.5099,1.465,1.5036,326060,0
20100625,1.4778,1.5421,1.4778,1.5356,544359,0
20100628,1.5228,1.5806,1.5163,1.5742,207943,0
20100629,1.5678,1.5742,1.5356,1.5742,249333,0
20100630,1.5742,1.5742,1.5292,1.5356,32678,0
20100701,1.5549,1.5678,1.5163,1.5421,65424,0
20100702,1.5613,1.5806,1.5421,1.5806,139963,0
20100705,1.5742,1.5742,1.5678,1.5742,3328,0
20100706,1.5678,1.5806,1.5356,1.5678,61903,0
20100707,1.5678,1.5678,1.5421,1.5613,13698,0
20100708,1.5678,1.6384,1.5678,1.6064,283869,0
20100709,1.6384,1.6963,1.6064,1.6384,61091,0
20100712,1.6513,1.6513,1.5613,1.5935,66641,0
20100713,1.6064,1.6064,1.5549,1.5742,163470,0
20100714,1.5742,1.6064,1.5742,1.6064,76748,0
20100715,1.6064,1.6064,1.5871,1.6064,3743,0
20100716,1.6064,1.6064,1.5678,1.6,91918,0
20100719,1.6,1.6,1.5742,1.5806,21272,0
20100720,1.5742,1.6064,1.5613,1.5806,20692,0
20100721,1.5935,1.6,1.5678,1.5935,34033,0
20100722,1.5742,1.5806,1.5678,1.5806,46225,0
20100723,1.5935,1.5935,1.5678,1.5806,52332,0
20100726,1.5871,1.5871,1.5613,1.5742,29522,0
20100727,1.5742,1.5806,1.5678,1.5806,70269,0
20100728,1.5613,1.5678,1.5421,1.5613,27389,0
20100729,1.5613,1.5678,1.5421,1.5678,2256,0
20100730,1.5742,1.5742,1.5228,1.5613,12224,0
20100802,1.5678,1.5806,1.5421,1.5806,57355,0
20100803,1.5806,1.5935,1.5806,1.5935,51422,0
20100804,1.5871,1.5935,1.5806,1.5935,32953,0
20100805,1.5613,1.5871,1.5613,1.5871,1791,0
20100806,1.5871,1.5871,1.5742,1.5806,11130,0
20100809,1.5871,1.5871,1.5613,1.5742,13158,0
20100810,1.5742,1.5742,1.5549,1.5678,2416,0
20100811,1.5742,1.5742,1.5421,1.5485,6568,0
20100812,1.5421,1.5485,1.5099,1.5485,21322,0
20100813,1.5421,1.5421,1.5099,1.5421,25504,0
20100816,1.5421,1.5421,1.5099,1.5163,42334,0
20100817,1.5421,1.5421,1.5163,1.5292,10310,0
20100818,1.5356,1.5485,1.5228,1.5292,11796,0
20100819,1.5356,1.5356,1.5099,1.5228,22883,0
20100820,1.5228,1.5228,1.4843,1.5228,45321,0
20100823,1.4971,1.5228,1.4971,1.5163,11301,0
20100824,1.5228,1.5228,1.4971,1.5163,6379,0
20100825,1.5163,1.5163,1.4971,1.5099,15456,0
20100826,1.5099,1.5099,1.4907,1.4971,18038,0
20100827,1.4907,1.5163,1.4715,1.4715,29212,0
20100830,1.4778,1.5421,1.4778,1.5421,65331,0
20100831,1.5549,1.5549,1.4778,1.4778,502870,0
20100901,1.4971,1.5036,1.4778,1.5036,31564,0
20100902,1.5163,1.6192,1.4971,1.6192,420052,0
20100903,1.6384,1.6384,1.5742,1.6192,203751,0
20100906,1.6064,1.6256,1.5935,1.6,69293,0
20100907,1.6192,1.754,1.6128,1.722,795529,0
20100908,1.7283,1.7412,1.6834,1.7156,837427,0
20100909,1.722,1.8377,1.6963,1.8313,428421,0
20100910,1.8313,1.8956,1.767,1.8313,532818,0
20100913,1.8633,1.8633,1.7926,1.8248,302185,0
20100914,1.812,1.812,1.7861,1.812,1237415,0
20100915,1.812,1.812,1.7799,1.7991,343707,0
20100916,1.7926,1.8183,1.7926,1.8183,107470,0
20100917,1.8313,1.8313,1.7926,1.812,323136,0
20100920,1.8248,1.8248,1.7926,1.8183,505498,0
20100921,1.8248,1.8568,1.8056,1.812,114740,0
20100922,1.7991,1.8248,1.7799,1.8183,236931,0
20100923,1.8313,1.8313,1.7861,1.7991,81916,0
20100924,1.7991,1.7991,1.6706,1.7926,289722,0
20100927,1.7926,1.7926,1.7734,1.7926,29563,0
20100928,1.7926,1.7926,1.7156,1.7799,67973,0
20100929,1.7799,1.7861,1.7477,1.7861,105298,0
20100930,1.7799,1.7799,1.7283,1.7799,139387,0
20101001,1.7799,1.812,1.7348,1.7991,260236,0
20101004,1.8313,1.8313,1.7991,1.812,66124,0
20101005,1.8248,1.8441,1.812,1.8377,99968,0
20101006,1.8377,1.8441,1.8056,1.8248,49735,0
20101007,1.8441,1.8441,1.812,1.8183,18207,0
20101008,1.8248,1.8313,1.8056,1.8313,42957,0
20101011,1.8377,1.8441,1.8313,1.8377,40816,0
20101012,1.8441,1.8441,1.8248,1.8313,8789,0
20101013,1.8313,1.8441,1.8056,1.8056,53708,0
20101014,1.8313,1.8313,1.8056,1.8248,11841,0
20101015,1.8248,1.8248,1.8056,1.8183,20171,0
20101018,1.7991,1.8183,1.7991,1.8056,31751,0
20101019,1.812,1.812,1.7926,1.7991,72100,0
20101020,1.767,1.7926,1.7477,1.7926,31812,0
20101021,1.767,1.7991,1.767,1.7926,67941,0
20101022,1.8056,1.8056,1.7861,1.8056,23531,0
20101025,1.767,1.8248,1.767,1.8248,43940,0
20101026,1.8248,1.8248,1.812,1.8183,18968,0
20101027,1.8248,2.0047,1.8183,2.0047,699867,0
20101028,2.0239,2.0497,1.9469,1.9469,342918,0
20101029,1.9405,2.0433,1.9277,2.0175,287664,0
20101102,2.0239,2.1075,2.0239,2.1075,346613,0
20101103,2.1654,2.1654,2.1268,2.1396,194099,0
20101104,2.1332,2.1332,2.0433,2.0882,150324,0
20101105,2.0882,2.0882,1.9533,2.0239,186527,0
20101108,2.1204,2.1204,2.0368,2.0433,191346,0
20101109,2.101,2.101,2.0433,2.0626,60968,0
20101110,2.0626,2.0946,2.0433,2.0753,55495,0
20101112,2.0753,2.0753,1.9983,2.0689,54956,0
20101115,2.0689,2.0689,2.0305,2.0368,31677,0
20101116,2.0817,2.0882,2.0433,2.0817,144313,0
20101117,2.0817,2.1461,2.0817,2.1204,181871,0
20101118,2.1461,2.1461,2.1268,2.1461,92740,0
20101119,2.1461,2.1461,2.1204,2.1332,60462,0
20101122,2.1461,2.1461,1.9469,1.9918,144292,0
20101123,2.0561,2.1075,2.0239,2.0433,86988,0
20101124,2.0561,2.101,2.0561,2.101,69128,0
20101125,2.101,2.1075,2.0689,2.101,29125,0
20101126,2.0882,2.0882,2.0561,2.0882,21313,0
20101129,2.0689,2.0882,2.0561,2.0753,31302,0
20101130,2.0561,2.101,2.0497,2.0882,85999,0
20101201,2.1396,2.2811,2.1396,2.2489,358003,0
20101202,2.2617,2.4866,2.2617,2.4415,383419,0
20101203,2.4994,2.5059,2.3838,2.4352,227420,0
20101206,2.4802,2.4866,2.4352,2.461,81149,0
20101207,2.461,2.4802,2.4159,2.4738,116781,0
20101208,2.4673,2.4738,2.448,2.4673,58228,0
20101209,2.461,2.4738,2.4415,2.4673,42777,0
20101210,2.448,2.461,2.4415,2.4545,85842,0
20101213,2.4545,2.4545,2.4352,2.4545,47142,0
20101214,2.448,2.4545,2.4415,2.4545,36678,0
20101215,2.448,2.6022,2.4224,2.5895,247245,0
20101216,2.6343,2.6987,2.6343,2.6793,328012,0
20101217,2.7308,2.7565,2.4866,2.5123,443465,0
20101220,2.4994,2.5508,2.2682,2.5059,503624,0
20101221,2.5443,2.6343,2.5123,2.5187,134350,0
20101222,2.5443,2.5443,2.3838,2.5059,211110,0
20101223,2.538,2.538,2.4415,2.4545,48725,0
20101227,2.448,2.5059,2.3903,2.5059,176132,0
20101228,2.5187,2.5443,2.4738,2.538,71174,0
20101229,2.5443,2.5765,2.5443,2.5701,52300,0
20101230,2.6087,2.6216,2.583,2.6087,21988,0
20101231,2.6216,2.6216,2.5637,2.5701,76301,0
20110103,2.6216,2.6216,2.538,2.5701,50604,0
20110104,2.6022,2.6022,2.538,2.5701,89170,0
20110105,2.5701,2.583,2.538,2.5701,92088,0
20110107,2.538,2.5895,2.538,2.5443,111293,0
20110110,2.5701,2.5765,2.538,2.5765,122524,0
20110111,2.5637,2.5765,2.538,2.5701,57031,0
20110112,2.5765,2.6022,2.5765,2.6022,112017,0
20110113,2.6537,2.6922,2.6022,2.6279,189392,0
20110114,2.6151,2.6537,2.5701,2.5959,167056,0
20110117,2.5895,2.5895,2.4931,2.5573,96684,0
20110118,2.5701,2.8208,2.5701,2.795,367736,0
20110119,2.8272,2.8336,2.6987,2.7243,219972,0
20110120,2.7116,2.7116,2.5701,2.6343,193765,0
20110121,2.6343,2.6793,2.5252,2.5443,516065,0
20110124,2.5959,2.5959,2.5187,2.5252,127089,0
20110125,2.5315,2.5701,2.4415,2.5573,119877,0
20110126,2.5959,2.66,2.5959,2.5959,434789,0
20110127,2.6343,2.6343,2.5959,2.6022,462459,0
20110128,2.6216,2.6216,2.5701,2.583,860201,0
20110131,2.5637,2.5701,2.448,2.5637,142974,0
20110201,2.5443,2.5701,2.5187,2.5443,108654,0
20110202,2.5637,2.5637,2.5252,2.5508,113751,0
20110203,2.5508,2.5508,2.5252,2.538,47731,0
20110204,2.538,2.5443,2.4545,2.4931,120354,0
20110207,2.4931,2.5059,2.461,2.4866,55990,0
20110208,2.4738,2.4931,2.4545,2.4931,39780,0
20110209,2.4802,2.5315,2.4545,2.5187,61827,0
20110210,2.5252,2.5252,2.4545,2.4545,60668,0
20110211,2.4545,2.5252,2.448,2.5252,54657,0
20110214,2.5252,2.5701,2.5252,2.538,50296,0
20110215,2.5508,2.5508,2.5059,2.5252,16026,0
20110216,2.5123,2.5187,2.4866,2.5059,29839,0
20110217,2.4738,2.5059,2.4738,2.4802,49531,0
20110218,2.4738,2.5059,2.461,2.4738,49689,0
20110221,2.4738,2.5508,2.461,2.5508,59291,0
20110222,2.5508,2.6343,2.5252,2.5508,149937,0
20110223,2.583,2.6665,2.5508,2.6216,280770,0
20110224,2.6537,2.6537,2.5637,2.5637,64582,0
20110225,2.5508,2.6022,2.5443,2.5959,34664,0
20110228,2.5701,2.6022,2.5443,2.5701,29141,0
20110301,2.5701,2.5895,2.5508,2.583,27297,0
20110302,2.5701,2.5701,2.4802,2.5059,110408,0
20110303,2.5315,2.5315,2.4802,2.5059,88359,0
20110304,2.5123,2.5187,2.4866,2.5123,87195,0
20110307,2.5059,2.5059,2.4673,2.4994,47412,0
20110308,2.5059,2.5059,2.4673,2.4866,33740,0
20110309,2.4738,2.4738,2.2552,2.371,305202,0
20110310,2.4095,2.4159,2.2811,2.3067,165918,0
20110311,2.3131,2.3388,2.1974,2.2552,119208,0
20110314,2.2552,2.2552,2.1718,2.1782,120292,0
20110315,2.1782,2.2038,2.0753,2.1974,223766,0
20110316,2.2103,2.3324,2.2103,2.2811,176263,0
20110317,2.3388,2.3388,2.3067,2.3388,71509,0
20110318,2.3452,2.3582,2.3194,2.3388,56810,0
20110321,2.3388,2.3388,2.2874,2.2874,41489,0
20110322,2.3131,2.3131,2.2425,2.2746,28897,0
20110323,2.3003,2.3003,2.2552,2.3003,21972,0
20110324,2.2938,2.3003,2.2617,2.2938,28901,0
20110325,2.2811,2.2938,2.2361,2.2746,27671,0
20110328,2.2552,2.2552,2.1718,2.1846,297149,0
20110329,2.2489,2.2682,2.1589,2.2167,326071,0
20110330,2.2489,2.2874,2.1782,2.1846,224626,0
20110331,2.2167,2.2167,2.1396,2.1396,186428,0
20110401,2.1782,2.1974,2.1525,2.191,43531,0
20110404,2.191,2.2361,2.1654,2.191,98243,0
20110405,2.2361,2.2361,2.1846,2.2167,60657,0
20110406,2.2296,2.2296,2.1846,2.2167,100780,0
20110407,2.2232,2.2232,2.1718,2.1846,120756,0
20110408,2.1846,2.2038,2.1139,2.1396,162298,0
20110411,2.1204,2.1396,2.0882,2.1075,126858,0
20110412,2.1204,2.1204,2.0882,2.1075,81148,0
20110413,2.1075,2.1461,2.0882,2.1396,39542,0
20110414,2.1396,2.1396,2.0753,2.1075,74458,0
20110415,2.1139,2.1139,2.0111,2.0753,109398,0
20110418,2.1268,2.2489,2.1268,2.1782,479079,0
20110419,2.2361,2.2938,2.1846,2.2489,454693,0
20110420,2.2617,2.3324,2.2617,2.3324,340647,0
20110421,2.3516,2.4095,2.3516,2.3773,398621,0
20110426,2.3903,2.3903,2.1846,2.3452,178763,0
20110427,2.3452,2.3773,2.2811,2.3773,156687,0
20110428,2.3838,2.4159,2.3582,2.4095,233892,0
20110429,2.4224,2.4352,2.4159,2.4352,277259,0
20110502,2.4352,2.4352,2.3452,2.3967,60075,0
20110504,2.3838,2.3838,2.3388,2.3773,56388,0
20110505,2.3773,2.3773,2.3452,2.3773,61615,0
20110506,2.371,2.3773,2.3131,2.3773,103395,0
20110509,2.3773,2.3838,2.3516,2.3773,54328,0
20110510,2.3646,2.3838,2.3516,2.3838,60315,0
20110511,2.3773,2.3773,2.3452,2.3582,93955,0
20110512,2.3452,2.3452,2.2425,2.3194,78874,0
20110513,2.2938,2.3194,2.2938,2.3131,67530,0
20110516,2.3324,2.3646,2.3194,2.3324,56698,0
20110517,2.3452,2.3452,2.2361,2.2746,38682,0
20110518,2.2746,2.3003,2.2361,2.2746,17040,0
20110519,2.3003,2.3582,2.2874,2.3388,49778,0
20110520,2.3452,2.3516,2.2361,2.3131,45365,0
20110523,2.3452,2.3452,2.2361,2.2811,7553,0
20110524,2.3067,2.3067,2.2167,2.2232,73009,0
20110525,2.2232,2.2232,2.1589,2.2232,51260,0
20110526,2.2361,2.2489,2.1974,2.2489,14327,0
20110527,2.2167,2.2489,2.2167,2.2296,16312,0
20110530,2.2489,2.2489,2.2361,2.2425,16710,0
20110531,2.2425,2.2617,2.2167,2.2552,17886,0
20110601,2.2682,2.2811,2.2232,2.2489,24304,0
20110602,2.2232,2.2552,2.1974,2.2489,15977,0
20110603,2.2617,2.2617,2.2167,2.2489,14420,0
20110606,2.2489,2.2489,2.1974,2.2103,21380,0
20110607,2.1974,2.2038,2.191,2.1974,15894,0
20110608,2.191,2.1974,2.0689,2.1332,89769,0
20110609,2.0689,2.1139,2.0626,2.0946,75186,0
20110610,2.0946,2.101,2.0111,2.0497,96930,0
20110613,2.0175,2.101,1.9789,2.0239,75621,0
20110614,2.0047,2.0239,1.9918,2.0047,76339,0
20110615,2.0047,2.0882,1.9983,2.0882,75889,0
20110616,2.0753,2.0882,2.0305,2.0753,25431,0
20110617,2.0817,2.0817,2.0305,2.0561,14917,0
20110620,2.0433,2.0433,1.9983,1.9983,37606,0
20110621,1.9983,2.0239,1.9983,2.0239,37227,0
20110622,2.0239,2.0239,2.0047,2.0111,13217,0
20110624,2.0239,2.0239,1.9469,1.9725,15981,0
20110627,1.8504,1.9405,1.8441,1.9277,136903,0
20110628,2.0239,2.0368,1.9854,2.0047,258464,0
20110629,2.0305,2.1525,2.0305,2.1204,142417,0
20110630,2.1846,2.2296,2.1654,2.2038,179655,0
20110701,2.2361,2.2361,2.1525,2.191,59852,0
20110704,2.2167,2.2617,2.1846,2.2103,33241,0
20110705,2.2232,2.2232,2.101,2.1846,32585,0
20110706,2.1654,2.1654,2.0946,2.0946,29578,0
20110707,2.0946,2.1332,2.0946,2.1204,4799,0
20110708,2.1204,2.1396,2.0946,2.0946,29412,0
20110711,2.1204,2.1204,2.0561,2.0561,19997,0
20110712,2.0497,2.0497,1.9597,2.0368,100407,0
20110713,2.0239,2.0368,1.9725,2.0239,49304,0
20110714,2.0239,2.0433,1.9597,2.0111,48630,0
20110715,2.0047,2.0047,1.9533,1.9854,16729,0
20110718,1.9597,1.9597,1.8762,1.9211,57999,0
20110719,1.8826,1.9277,1.8313,1.9083,97515,0
20110720,1.9019,1.9597,1.8313,1.8568,120598,0
20110721,1.889,1.889,1.767,1.8183,218353,0
20110722,1.8377,1.889,1.8313,1.8762,81468,0
20110725,1.8762,1.9083,1.8762,1.9083,31607,0
20110726,1.9083,1.9211,1.8568,1.9083,38299,0
20110727,1.9083,1.9083,1.8377,1.8441,47135,0
20110728,1.8568,1.8568,1.8183,1.8441,16082,0
20110729,1.812,1.8183,1.7991,1.7991,65452,0
20110801,1.8248,1.8762,1.7991,1.7991,98486,0
20110802,1.8441,1.8441,1.7991,1.8056,18729,0
20110803,1.8056,1.8056,1.6578,1.7156,178850,0
20110804,1.7348,1.7477,1.6128,1.6128,730037,0
20110805,1.5099,1.677,1.5099,1.6064,147786,0
20110808,1.4971,1.5935,1.4971,1.5099,162802,0
20110809,1.5421,1.5549,1.3557,1.4456,263237,0
20110810,1.6064,1.6578,1.4456,1.4843,156192,0
20110811,1.4907,1.5935,1.4907,1.5935,115682,0
20110812,1.6128,1.6899,1.5871,1.6899,177331,0
20110816,1.7283,1.7283,1.6128,1.6834,86910,0
20110817,1.6706,1.7156,1.632,1.7156,28403,0
20110818,1.6834,1.6834,1.5163,1.5678,254224,0
20110819,1.465,1.6384,1.4456,1.6256,136276,0
20110822,1.5742,1.6706,1.5742,1.6192,160515,0
20110823,1.632,1.6706,1.6128,1.6128,100348,0
20110824,1.6384,1.6384,1.6,1.6256,15867,0
20110825,1.632,1.632,1.5935,1.5935,4159,0
20110826,1.5742,1.6256,1.5742,1.6256,29993,0
20110829,1.632,1.677,1.632,1.6706,23002,0
20110830,1.7028,1.7348,1.6834,1.7348,116837,0
20110831,1.754,1.8183,1.754,1.7861,49124,0
20110901,1.7156,1.7348,1.6128,1.6128,107812,0
20110902,1.5806,1.5806,1.5228,1.5421,108312,0
20110905,1.5099,1.5228,1.4585,1.5163,42515,0
20110906,1.5099,1.5549,1.4585,1.5292,22711,0
20110907,1.5356,1.5485,1.5292,1.5485,26823,0
20110908,1.5549,1.5935,1.5549,1.5742,7230,0
20110909,1.5678,1.5678,1.4843,1.5292,2789,0
20110912,1.4264,1.4521,1.3879,1.4135,61824,0
20110913,1.4328,1.4328,1.3494,1.4072,40864,0
20110914,1.3943,1.3943,1.3044,1.3622,44334,0
20110915,1.3557,1.3687,1.3235,1.3622,38717,0
20110916,1.3815,1.4135,1.3622,1.3622,54181,0
20110919,1.3622,1.3622,1.2914,1.3108,67982,0
20110920,1.2851,1.4007,1.2787,1.3429,32751,0
20110921,1.3879,1.3879,1.3365,1.3751,126472,0
20110922,1.33,1.3815,1.2851,1.3687,219336,0
20110923,1.3494,1.4007,1.3235,1.3751,155535,0
20110926,1.3815,1.5099,1.3622,1.465,78156,0
20110927,1.5228,1.5228,1.4778,1.4843,36609,0
20110928,1.5099,1.5421,1.465,1.5228,58848,0
20110929,1.5356,1.6706,1.5356,1.6192,1702169,0
20110930,1.6128,1.6384,1.5678,1.6,1028383,0
20111003,1.6,1.6064,1.465,1.6,82090,0
20111004,1.5356,1.5421,1.4971,1.5163,42689,0
20111005,1.5228,1.5935,1.5099,1.5292,28327,0
20111006,1.5549,1.5549,1.4843,1.5421,46212,0
20111007,1.5549,1.5549,1.4971,1.5421,2339,0
20111010,1.4971,1.5421,1.4971,1.5036,31859,0
20111011,1.5421,1.5421,1.4778,1.4778,65785,0
20111012,1.4521,1.5549,1.4521,1.4907,52228,0
20111013,1.5421,1.5549,1.4971,1.4971,37570,0
20111014,1.5356,1.5356,1.4521,1.5163,65210,0
20111017,1.5292,1.5292,1.4585,1.4585,41943,0
20111018,1.4456,1.4456,1.4264,1.4264,39783,0
20111019,1.4585,1.4778,1.4456,1.4456,4360,0
20111020,1.4007,1.4393,1.4007,1.4264,25392,0
20111021,1.4135,1.4778,1.4135,1.465,15891,0
20111024,1.4456,1.4715,1.4135,1.42,38880,0
20111025,1.4585,1.465,1.4264,1.4521,55369,0
20111026,1.42,1.4585,1.42,1.4456,11307,0
20111027,1.4521,1.4907,1.4264,1.4585,33307,0
20111028,1.4971,1.4971,1.4521,1.4521,17245,0
20111031,1.4715,1.4715,1.4264,1.4521,51567,0
20111102,1.4264,1.4456,1.3687,1.4456,43507,0
20111103,1.4328,1.4393,1.4328,1.4393,9107,0
20111104,1.4393,1.4907,1.4328,1.4585,30789,0
20111107,1.465,1.5421,1.4072,1.5292,151776,0
20111108,1.5421,1.6,1.5421,1.5678,172629,0
20111109,1.5871,1.5871,1.4393,1.4971,127489,0
20111110,1.4135,1.4778,1.4135,1.4456,64614,0
20111114,1.5163,1.5163,1.4135,1.4456,71838,0
20111115,1.4585,1.4585,1.3943,1.4393,24135,0
20111116,1.4393,1.4456,1.3879,1.4456,12872,0
20111117,1.4135,1.4456,1.4135,1.4456,12707,0
20111118,1.4715,1.4715,1.4135,1.4521,8136,0
20111121,1.4456,1.4456,1.3879,1.4264,12509,0
20111122,1.3815,1.4521,1.3815,1.4328,18207,0
20111123,1.3815,1.4072,1.3687,1.4072,17360,0
20111124,1.3687,1.4072,1.3687,1.3815,2649,0
20111125,1.3815,1.3815,1.3557,1.3815,15723,0
20111128,1.3815,1.42,1.3494,1.3815,22020,0
20111129,1.4135,1.4135,1.3815,1.3943,14290,0
20111130,1.3879,1.4007,1.3815,1.4007,13506,0
20111201,1.4007,1.4007,1.3429,1.3815,7695,0
20111202,1.3943,1.4007,1.3557,1.3687,21100,0
20111205,1.3687,1.3751,1.2851,1.3687,53400,0
20111206,1.3687,1.3751,1.3557,1.3687,12964,0
20111207,1.3172,1.3815,1.3172,1.3815,14334,0
20111208,1.3429,1.4328,1.3429,1.42,56078,0
20111209,1.3622,1.465,1.3494,1.4456,58702,0
20111212,1.4393,1.4456,1.4393,1.4456,703,0
20111213,1.3943,1.4328,1.3815,1.3815,44222,0
20111214,1.4264,1.4264,1.3751,1.4135,11557,0
20111215,1.42,1.42,1.3751,1.4007,5809,0
20111216,1.4264,1.4715,1.3943,1.4456,79132,0
20111219,1.465,1.465,1.3943,1.4393,53186,0
20111220,1.4264,1.4393,1.3943,1.4328,17109,0
20111221,1.4328,1.4393,1.3943,1.4328,34426,0
20111222,1.4393,1.4393,1.4135,1.4393,60829,0
20111223,1.4456,1.465,1.4393,1.4585,119064,0
20111227,1.465,1.4715,1.3943,1.4072,69004,0
20111228,1.4264,1.5099,1.4072,1.5036,188032,0
20111229,1.4778,1.5228,1.4778,1.5099,447347,0
20111230,1.5123,1.5262,1.4635,1.5123,648823,0
20120102,1.5036,1.5036,1.4521,1.4907,22784,0
20120103,1.4907,1.4907,1.4585,1.4715,18188,0
20120104,1.4778,1.4778,1.3879,1.4072,108034,0
20120105,1.4135,1.4264,1.3943,1.4007,31124,0
20120109,1.3943,1.4072,1.3943,1.3943,12530,0
20120110,1.3943,1.4585,1.3879,1.4585,33778,0
20120111,1.465,1.4778,1.42,1.4585,58719,0
20120112,1.4456,1.4715,1.4456,1.4715,8670,0
20120113,1.4715,1.4715,1.4135,1.4585,26646,0
20120116,1.4135,1.4328,1.4007,1.4328,102198,0
20120117,1.4393,1.4715,1.4393,1.4715,69821,0
20120118,1.4778,1.4971,1.4521,1.4715,87142,0
20120119,1.4715,1.4715,1.4456,1.4715,68960,0
20120120,1.4715,1.4715,1.4456,1.4715,63811,0
20120123,1.4778,1.5485,1.4778,1.5421,373550,0
20120124,1.5806,1.5806,1.4971,1.5099,113309,0
20120125,1.4971,1.5228,1.4971,1.4971,89414,0
20120126,1.5421,1.6,1.4971,1.5678,823490,0
20120127,1.5871,1.6706,1.5871,1.6706,158455,0
20120130,1.6706,1.7283,1.6192,1.6449,168782,0
20120131,1.6587,1.6587,1.6029,1.6308,104786,0
20120201,1.6834,1.767,1.6,1.6,663332,0
20120202,1.632,1.6899,1.6064,1.632,219050,0
20120203,1.6384,1.6834,1.6128,1.6449,296197,0
20120206,1.6642,1.6706,1.6449,1.6642,394294,0
20120207,1.6642,1.677,1.6449,1.677,220554,0
20120208,1.6578,1.7028,1.6578,1.6834,300590,0
20120209,1.6899,1.6899,1.632,1.6384,132223,0
20120210,1.6384,1.6384,1.5421,1.5935,270108,0
20120213,1.6064,1.6256,1.5935,1.6192,175231,0
20120214,1.6064,1.6192,1.5806,1.6192,163112,0
20120215,1.6192,1.6706,1.6064,1.6642,121489,0
20120216,1.6128,1.6834,1.6128,1.6834,92882,0
20120217,1.677,1.7028,1.6642,1.6899,75681,0
20120220,1.6834,1.6899,1.6642,1.6899,121260,0
20120221,1.6899,1.6899,1.6513,1.6706,25302,0
20120222,1.6706,1.6706,1.6192,1.6449,30911,0
20120223,1.6449,1.6449,1.6064,1.6064,46182,0
20120224,1.6,1.6128,1.5678,1.5871,56600,0
20120227,1.5871,1.5871,1.4715,1.5613,81614,0
20120228,1.5806,1.5871,1.5228,1.5806,14224,0
20120229,1.6449,1.6899,1.632,1.6449,173499,0
20120301,1.6449,1.6449,1.6128,1.6384,39805,0
20120302,1.6384,1.6513,1.6128,1.6513,14430,0
20120305,1.6449,1.6513,1.6192,1.6192,161603,0
20120306,1.6192,1.6192,1.5806,1.5806,45905,0
20120307,1.5421,1.6384,1.5228,1.6384,46039,0
20120308,1.6384,1.6449,1.5935,1.6449,23197,0
20120309,1.6449,1.6449,1.6064,1.632,16704,0
20120312,1.632,1.632,1.5935,1.5935,16987,0
20120313,1.5935,1.6192,1.5742,1.6192,1309,0
20120314,1.5935,1.6449,1.5935,1.6449,69291,0
20120315,1.6384,1.767,1.6384,1.7605,410379,0
20120316,1.7926,1.8633,1.7926,1.8568,677887,0
20120319,1.8826,1.889,1.7926,1.8377,388990,0
20120320,1.7092,1.7092,1.6192,1.6192,1149021,0
20120321,1.6064,1.6064,1.4843,1.5421,471076,0
20120322,1.5742,1.5742,1.3557,1.4135,754584,0
20120323,1.42,1.465,1.3879,1.4456,309536,0
20120326,1.4778,1.5549,1.4585,1.5421,160433,0
20120327,1.5678,1.5742,1.4971,1.4971,144254,0
20120328,1.5163,1.5228,1.465,1.465,78039,0
20120329,1.4843,1.4843,1.4393,1.4456,70468,0
20120330,1.4635,1.4635,1.4427,1.4635,23703,0
20120402,1.4778,1.4778,1.4393,1.4393,22212,0
20120403,1.4328,1.465,1.4328,1.465,20994,0
20120404,1.4715,1.4907,1.4456,1.4715,20885,0
20120405,1.4328,1.4715,1.4328,1.4521,12789,0
20120410,1.4715,1.4715,1.3557,1.3943,91312,0
20120411,1.3815,1.4135,1.3815,1.4135,39972,0
20120412,1.4135,1.4456,1.4007,1.4328,40540,0
20120413,1.4456,1.4456,1.4072,1.4135,11987,0
20120416,1.3943,1.4135,1.3815,1.3879,14632,0
20120417,1.3879,1.4135,1.3879,1.4135,3302,0
20120418,1.4135,1.4135,1.3943,1.4007,8874,0
20120419,1.3943,1.42,1.3879,1.4135,10981,0
20120420,1.3751,1.4135,1.3622,1.3879,5834,0
20120423,1.4072,1.4072,1.3044,1.3429,61816,0
20120424,1.3235,1.4007,1.3044,1.4007,46211,0
20120425,1.4072,1.4585,1.4072,1.4456,49584,0
20120426,1.4456,1.4456,1.3622,1.3751,23602,0
20120427,1.3622,1.4264,1.3622,1.4264,13464,0
20120430,1.4286,1.4286,1.4148,1.4286,4597,0
20120502,1.4264,1.4264,1.3494,1.3687,22732,0
20120504,1.3622,1.4007,1.3494,1.4007,7172,0
20120507,1.3879,1.3879,1.3494,1.3687,4313,0
20120508,1.4135,1.4135,1.3815,1.3879,2597,0
20120509,1.4135,1.4135,1.3622,1.4007,5,0
20120510,1.4135,1.4135,1.3751,1.3879,6894,0
20120511,1.4072,1.4072,1.3557,1.4007,5762,0
20120514,1.4007,1.4007,1.3494,1.3879,35437,0
20120515,1.3879,1.3879,1.3172,1.3687,25372,0
20120516,1.2401,1.2978,1.2401,1.2787,117761,0
20120517,1.2851,1.3172,1.2079,1.2208,86829,0
20120518,1.2208,1.2851,1.2144,1.253,111373,0
20120521,1.2787,1.2851,1.253,1.2851,22774,0
20120522,1.2851,1.2851,1.2401,1.2851,60624,0
20120523,1.2723,1.2723,1.2466,1.2466,7860,0
20120524,1.253,1.253,1.2272,1.2466,21253,0
20120525,1.253,1.253,1.2401,1.2466,10969,0
20120528,1.2336,1.2657,1.2208,1.2208,9820,0
20120529,1.2272,1.253,1.2208,1.253,10572,0
20120530,1.2208,1.2208,1.2079,1.2079,10661,0
20120531,1.2197,1.2197,1.2197,1.2197,1635,0
20120601,1.2079,1.2144,1.1245,1.1823,59491,0
20120604,1.1887,1.2208,1.1823,1.1823,16378,0
20120605,1.1823,1.2208,1.1309,1.1823,31223,0
20120606,1.1694,1.2079,1.1694,1.2079,7357,0
20120608,1.2079,1.2144,1.1823,1.1887,22619,0
20120611,1.1887,1.2851,1.1887,1.2336,90983,0
20120612,1.2208,1.2851,1.2208,1.2851,42350,0
20120613,1.2978,1.2978,1.2787,1.2914,26998,0
20120614,1.2978,1.3494,1.2978,1.3172,30632,0
20120615,1.3172,1.3815,1.3172,1.3557,22463,0
20120618,1.3494,1.3943,1.3494,1.3879,24079,0
20120619,1.4007,1.4135,1.3815,1.3943,22779,0
20120620,1.3943,1.4007,1.33,1.3943,30533,0
20120621,1.3815,1.3815,1.3365,1.3365,25010,0
20120622,1.3365,1.3365,1.253,1.2851,36873,0
20120625,1.2851,1.2978,1.2851,1.2978,2782,0
20120626,1.2851,1.3365,1.2851,1.33,14385,0
20120627,1.3044,1.3494,1.3044,1.3429,22610,0
20120628,1.3044,1.4072,1.3044,1.3687,52200,0
20120629,1.366,1.4148,1.366,1.4148,56046,0
20120702,1.4135,1.4135,1.3815,1.3815,4819,0
20120703,1.3815,1.4072,1.3557,1.4007,5555,0
20120704,1.4007,1.4007,1.3751,1.3879,905,0
20120705,1.3751,1.3879,1.3494,1.3879,6764,0
20120706,1.3815,1.3815,1.3429,1.3494,39520,0
20120709,1.3494,1.3494,1.2914,1.33,24430,0
20120710,1.33,1.33,1.2851,1.3235,29029,0
20120711,1.3235,1.33,1.2978,1.2978,16253,0
20120712,1.2914,1.2914,1.2787,1.2851,15842,0
20120713,1.3172,1.3172,1.2914,1.3108,12333,0
20120716,1.3108,1.3108,1.2914,1.2914,11302,0
20120717,1.2914,1.2914,1.2593,1.2914,33473,0
20120718,1.2893,1.2893,1.2266,1.2476,110869,0
20120719,1.2593,1.2723,1.253,1.253,15406,0
20120720,1.253,1.2914,1.253,1.2593,41196,0
20120723,1.2851,1.2851,1.2336,1.2657,31912,0
20120724,1.2754,1.2754,1.2266,1.2545,27594,0
20120725,1.2657,1.2657,1.2466,1.2593,6417,0
20120726,1.2787,1.2787,1.2466,1.2466,15336,0
20120727,1.253,1.2723,1.2336,1.2723,18163,0
20120730,1.2723,1.2723,1.2723,1.2723,500,0
20120731,1.2824,1.2824,1.2754,1.2754,2,0
20120801,1.2851,1.2851,1.2401,1.2401,7691,0
20120802,1.2405,1.2545,1.2405,1.2545,213,0
20120803,1.2723,1.2723,1.2208,1.2272,30564,0
20120806,1.2272,1.2336,1.2208,1.2272,28788,0
20120807,1.2336,1.2336,1.2144,1.2208,21988,0
20120808,1.2208,1.253,1.2208,1.253,15590,0
20120809,1.253,1.253,1.2208,1.2336,25992,0
20120810,1.2401,1.2593,1.2336,1.2336,15668,0
20120813,1.253,1.253,1.2208,1.2466,18654,0
20120814,1.2466,1.2466,1.2208,1.2401,19265,0
20120816,1.2336,1.2787,1.2336,1.2723,55165,0
20120817,1.2851,1.3044,1.2593,1.2851,9732,0
20120820,1.2851,1.3172,1.2851,1.3172,10563,0
20120821,1.2851,1.3044,1.2851,1.3044,4670,0
20120822,1.3044,1.3044,1.2723,1.2978,9265,0
20120823,1.3044,1.3108,1.2851,1.3108,7849,0
20120824,1.3172,1.3172,1.2754,1.2824,6096,0
20120827,1.2851,1.3044,1.2787,1.3044,49864,0
20120828,1.2723,1.2851,1.2657,1.2851,47770,0
20120829,1.2851,1.3365,1.2787,1.3365,24972,0
20120830,1.3365,1.3365,1.2723,1.2723,22664,0
20120831,1.2754,1.2962,1.2754,1.2962,15065,0
20120903,1.3044,1.3044,1.2851,1.2978,6447,0
20120904,1.2893,1.3033,1.2824,1.2893,10845,0
20120905,1.2824,1.2824,1.2824,1.2824,52414,0
20120906,1.2824,1.2893,1.2754,1.2893,24855,0
20120907,1.2754,1.2962,1.2754,1.2754,68278,0
20120910,1.2754,1.3311,1.2754,1.3033,440839,0
20120911,1.3241,1.3241,1.2893,1.3172,54337,0
20120912,1.38,1.3939,1.3102,1.3521,81778,0
20120913,1.3521,1.3521,1.3172,1.3241,9439,0
20120914,1.345,1.3869,1.3381,1.366,28403,0
20120917,1.366,1.366,1.3102,1.345,82205,0
20120918,1.3521,1.3521,1.2893,1.3033,41980,0
20120919,1.3172,1.3241,1.2962,1.3172,58815,0
20120920,1.3241,1.359,1.3241,1.3241,150768,0
20120921,1.3521,1.366,1.3381,1.359,144190,0
20120924,1.359,1.38,1.359,1.3729,42073,0
20120925,1.38,1.4078,1.3521,1.3869,90671,0
20120926,1.3869,1.3869,1.3729,1.38,38185,0
20120927,1.3869,1.3869,1.3311,1.366,10987,0
20120928,1.345,1.38,1.345,1.38,133307,0
20121001,1.3729,1.3869,1.3521,1.3729,13255,0
20121002,1.38,1.4148,1.38,1.3939,41970,0
20121003,1.3869,1.3869,1.3729,1.3869,50509,0
20121004,1.3869,1.3869,1.366,1.38,8770,0
20121005,1.38,1.38,1.3729,1.38,25505,0
20121008,1.4008,1.4008,1.366,1.38,8863,0
20121009,1.38,1.38,1.345,1.366,20255,0
20121010,1.3521,1.359,1.3241,1.359,52968,0
20121011,1.3521,1.3521,1.3381,1.3521,2199,0
20121012,1.3381,1.3521,1.3172,1.3241,14809,0
20121015,1.3241,1.3521,1.3102,1.3311,9898,0
20121016,1.3102,1.366,1.3033,1.366,116868,0
20121017,1.3729,1.3729,1.345,1.366,13213,0
20121018,1.3521,1.366,1.345,1.366,17446,0
20121019,1.366,1.3729,1.3521,1.3521,31105,0
20121022,1.3521,1.366,1.3521,1.366,33754,0
20121023,1.366,1.366,1.345,1.3521,30495,0
20121024,1.345,1.366,1.3311,1.366,4509,0
20121025,1.366,1.366,1.3381,1.3381,8831,0
20121026,1.3381,1.3729,1.3381,1.366,19364,0
20121029,1.345,1.359,1.345,1.345,12547,0
20121030,1.366,1.366,1.3311,1.345,31885,0
20121031,1.3521,1.366,1.345,1.3521,50466,0
20121102,1.366,1.366,1.3521,1.3521,2201,0
20121105,1.3381,1.345,1.3381,1.345,2960,0
20121106,1.359,1.359,1.3241,1.3241,15226,0
20121107,1.3241,1.3311,1.3102,1.3311,32136,0
20121108,1.3381,1.3381,1.3241,1.3311,8818,0
20121109,1.3311,1.345,1.3311,1.3381,31477,0
20121112,1.3381,1.3521,1.3241,1.3241,30010,0
20121113,1.3241,1.345,1.3241,1.3381,4012,0
20121114,1.3381,1.3381,1.3241,1.3311,24829,0
20121115,1.3241,1.3381,1.3241,1.3241,10254,0
20121116,1.3241,1.3241,1.3172,1.3172,12663,0
20121119,1.3381,1.3381,1.3102,1.3172,18236,0
20121120,1.3033,1.3172,1.2545,1.2754,70183,0
20121121,1.2893,1.3102,1.2545,1.2683,46101,0
20121122,1.2962,1.2962,1.2405,1.2614,44558,0
20121123,1.2545,1.2545,1.2197,1.2405,61173,0
20121126,1.2405,1.345,1.2127,1.345,151928,0
20121127,1.3033,1.3311,1.2754,1.3311,27183,0
20121128,1.2962,1.3241,1.2962,1.3241,2468,0
20121129,1.3241,1.4008,1.3241,1.3939,278862,0
20121130,1.3869,1.4078,1.366,1.3939,26989,0
20121203,1.3939,1.4496,1.366,1.4496,174176,0
20121204,1.4496,1.4496,1.4217,1.4427,21841,0
20121205,1.4286,1.4357,1.3729,1.3729,43761,0
20121206,1.3939,1.4148,1.38,1.4148,18732,0
20121207,1.4217,1.4217,1.3939,1.4217,2161,0
20121210,1.4217,1.4217,1.3939,1.3939,862,0
20121211,1.4217,1.4217,1.3939,1.4217,7554,0
20121212,1.4217,1.4566,1.4078,1.4217,95262,0
20121213,1.4286,1.4286,1.4008,1.4286,9792,0
20121214,1.4357,1.4357,1.4078,1.4286,2102,0
20121217,1.4357,1.4357,1.4078,1.4286,14981,0
20121218,1.4286,1.4286,1.4078,1.4078,89058,0
20121219,1.4078,1.4078,1.3869,1.4078,28887,0
20121220,1.3869,1.4427,1.3869,1.4286,72755,0
20121221,1.4078,1.4427,1.4078,1.4427,56493,0
20121227,1.4427,1.4983,1.4357,1.4844,62791,0
20121228,1.4983,1.5123,1.4496,1.4496,110051,0
20130102,1.4286,1.4775,1.4217,1.4357,89834,0
20130103,1.4635,1.4635,1.4286,1.4427,72384,0
20130104,1.4496,1.4496,1.3939,1.4148,106995,0
20130107,1.4148,1.4983,1.366,1.4217,465775,0
20130108,1.4427,1.4496,1.4148,1.4357,112977,0
20130109,1.4427,1.4983,1.4357,1.4983,37038,0
20130110,1.4983,1.5053,1.4635,1.4983,70254,0
20130111,1.4775,1.4983,1.4427,1.4427,98876,0
20130114,1.4427,1.4983,1.4427,1.4914,11164,0
20130115,1.4914,1.4914,1.4566,1.4844,27025,0
20130116,1.4844,1.4844,1.4496,1.4844,7427,0
20130117,1.4844,1.4844,1.4635,1.4844,4550,0
20130118,1.4914,1.5473,1.4844,1.5473,215891,0
20130121,1.575,1.6378,1.575,1.589,229995,0
20130122,1.6029,1.6168,1.575,1.582,67432,0
20130123,1.561,1.596,1.561,1.589,28715,0
20130124,1.596,1.596,1.575,1.589,5223,0
20130125,1.561,1.589,1.5542,1.5542,24991,0
20130128,1.575,1.6866,1.5542,1.6726,391734,0
20130129,1.6796,1.7005,1.6447,1.7005,69838,0
20130130,1.7075,1.7075,1.6517,1.6935,101841,0
20130131,1.7005,1.7005,1.6587,1.6587,45744,0
20130201,1.6726,1.6866,1.6587,1.6587,55364,0
20130204,1.6726,1.7005,1.6726,1.7005,74072,0
20130205,1.7005,1.7005,1.6587,1.6935,32336,0
20130206,1.7005,1.7354,1.6796,1.6796,83360,0
20130207,1.6935,1.7632,1.6935,1.7145,32166,0
20130208,1.7493,1.7493,1.6517,1.6866,186580,0
20130211,1.6866,1.7075,1.6587,1.6935,68945,0
20130212,1.6866,1.7005,1.6656,1.6866,26989,0
20130213,1.6656,1.6866,1.6656,1.6796,11861,0
20130214,1.6656,1.6796,1.6587,1.6656,33036,0
20130215,1.6656,1.7005,1.6656,1.7005,72358,0
20130218,1.6796,1.6796,1.6447,1.6517,67003,0
20130219,1.6378,1.7214,1.561,1.6935,206392,0
20130220,1.7005,1.7005,1.6656,1.7005,6907,0
20130221,1.6656,1.6935,1.6587,1.6796,10772,0
20130222,1.6935,1.6935,1.6656,1.6866,17428,0
20130225,1.6866,1.6866,1.6517,1.6796,16949,0
20130226,1.6796,1.6796,1.6587,1.6796,7816,0
20130227,1.6866,1.6866,1.6726,1.6866,20539,0
20130228,1.6866,1.7423,1.6726,1.7145,60177,0
20130301,1.7423,1.7423,1.7075,1.7145,4636,0
20130304,1.7145,1.7283,1.6726,1.7283,64290,0
20130305,1.7283,1.7423,1.6796,1.6796,38003,0
20130306,1.6866,1.7145,1.6656,1.6726,37358,0
20130307,1.6726,1.6796,1.6656,1.6796,32378,0
20130308,1.6796,1.798,1.6587,1.7563,71479,0
20130311,1.7632,1.8121,1.7493,1.7772,87613,0
20130312,1.7842,1.7842,1.7354,1.7563,34688,0
20130313,1.7632,1.7632,1.7283,1.7493,5697,0
20130314,1.7145,1.7842,1.7145,1.7493,11756,0
20130315,1.7701,1.7701,1.7283,1.7493,41169,0
20130318,1.7283,1.7423,1.7075,1.7283,11494,0
20130319,1.7354,1.7632,1.6935,1.7075,40860,0
20130320,1.7075,1.7283,1.6935,1.6935,7505,0
20130321,1.7005,1.7005,1.5332,1.561,178239,0
20130322,1.5473,1.5542,1.4706,1.5053,62579,0
20130325,1.5194,1.575,1.5053,1.5053,47424,0
20130326,1.5332,1.582,1.5332,1.5681,17402,0
20130327,1.5681,1.582,1.5332,1.5681,19616,0
20130328,1.596,1.596,1.5194,1.561,29047,0
20130402,1.575,1.596,1.5542,1.582,83455,0
20130403,1.582,1.582,1.4914,1.5194,65245,0
20130404,1.582,1.6099,1.5542,1.589,95960,0
20130405,1.6168,1.6239,1.596,1.6168,67482,0
20130408,1.6308,1.6517,1.6099,1.6099,85359,0
20130409,1.6378,1.7005,1.6099,1.6656,97097,0
20130410,1.6866,1.7423,1.6656,1.7354,206281,0
20130411,1.7772,1.7911,1.7075,1.7145,49845,0
20130412,1.7145,1.7493,1.6517,1.7005,46624,0
20130415,1.7354,1.7354,1.575,1.6029,67225,0
20130417,1.6099,1.6587,1.6099,1.6587,70890,0
20130418,1.6517,1.6517,1.6099,1.6517,28395,0
20130419,1.6517,1.7354,1.6168,1.7283,44282,0
20130422,1.7283,1.7283,1.582,1.6517,80848,0
20130423,1.6378,1.6866,1.6308,1.6656,25744,0
20130424,1.6866,1.6866,1.6517,1.6796,62042,0
20130425,1.6796,1.7283,1.6726,1.7283,53877,0
20130426,1.7354,1.7563,1.6796,1.7075,2075532,0
20130429,1.7283,1.7423,1.6726,1.6796,37515,0
20130430,1.6935,1.7701,1.6935,1.7701,438736,0
20130502,1.7701,1.7701,1.7423,1.7632,15838,0
20130506,1.7772,1.9305,1.7632,1.9305,156236,0
20130507,1.9374,1.9514,1.8817,1.9095,46166,0
20130508,1.9095,1.9095,1.8468,1.8887,24626,0
20130509,1.9095,1.9584,1.9095,1.9445,115468,0
20130510,1.9445,1.9862,1.9445,1.9793,64052,0
20130513,1.9862,2.0141,1.9584,2.0072,94651,0
20130514,2.049,2.1117,2.0072,2.1117,416166,0
20130515,2.1187,2.1187,2.0908,2.0908,144568,0
20130516,2.0908,2.1326,2.042,2.1187,201060,0
20130517,2.1187,2.1884,2.0908,2.1605,192825,0
20130520,2.1814,2.2162,2.1605,2.1814,938454,0
20130521,2.1326,2.1953,2.1326,2.1953,494799,0
20130522,2.1953,2.2301,2.1744,2.2301,341367,0
20130523,2.1674,2.2929,2.1674,2.279,574104,0
20130524,2.2929,2.2929,2.2301,2.2301,475498,0
20130527,2.2511,2.2511,2.042,2.2023,324422,0
20130528,2.1605,2.2301,2.1605,2.2162,88522,0
20130529,2.2301,2.2301,2.1117,2.1953,41995,0
20130531,2.1618,2.1987,2.1323,2.1471,36143,0
20130603,2.1326,2.1465,2.1117,2.1117,9578,0
20130604,2.1117,2.2162,2.1117,2.2023,184603,0
20130605,2.2093,2.2301,2.1744,2.2023,28232,0
20130606,2.2023,2.2023,2.1744,2.1744,7963,0
20130607,2.2023,2.2162,2.1814,2.2162,70418,0
20130610,2.1744,2.2093,2.1535,2.2093,32132,0
20130611,2.2232,2.258,2.2232,2.2301,37313,0
20130612,2.2301,2.3625,2.2232,2.3278,71093,0
20130613,2.3625,2.3625,2.258,2.265,48025,0
20130614,2.2998,2.2998,2.258,2.279,17440,0
20130617,2.2372,2.3068,2.2372,2.2998,16539,0
20130618,2.2998,2.2998,2.2441,2.2441,20077,0
20130619,2.2441,2.3208,2.2441,2.2998,155103,0
20130620,2.3138,2.3138,2.0977,2.1744,117370,0
20130621,2.1744,2.2301,2.1117,2.1256,73291,0
20130624,2.1605,2.1605,2.1047,2.1395,21513,0
20130625,2.1395,2.2023,2.1395,2.1465,32915,0
20130626,2.1395,2.1605,1.9862,2.1535,120529,0
20130627,2.1256,2.1605,2.0698,2.0698,25084,0
20130628,2.1674,2.2232,2.1674,2.2093,115611,0
20130701,2.2162,2.265,2.2093,2.2441,95288,0
20130702,2.2859,2.3138,2.258,2.2998,188532,0
20130703,2.3167,2.3241,2.2725,2.3241,430682,0
20130704,2.2511,2.3346,2.2511,2.3278,511934,0
20130705,2.3278,2.3278,2.2929,2.2998,91742,0
20130708,2.2998,2.3278,2.2998,2.2998,288524,0
20130709,2.3208,2.3625,2.258,2.3625,142456,0
20130710,2.3625,2.3696,2.3346,2.3696,66052,0
20130711,2.3835,2.4811,2.3278,2.4254,334426,0
20130712,2.4532,2.4602,2.3625,2.3765,73678,0
20130715,2.3765,2.4183,2.3696,2.3905,27745,0
20130716,2.4113,2.4323,2.3974,2.4183,38889,0
20130717,2.4126,2.4126,2.3389,2.3979,223676,0
20130718,2.3905,2.3974,2.3557,2.3974,1005219,0
20130719,2.3487,2.3974,2.3487,2.3974,370230,0
20130722,2.3696,2.3696,2.3417,2.3696,408601,0
20130723,2.3557,2.3905,2.3487,2.3835,401967,0
20130724,2.3974,2.4392,2.3625,2.3696,387577,0
20130725,2.3696,2.3974,2.3557,2.3696,14907,0
20130726,2.3696,2.3696,2.3487,2.3696,10174,0
20130729,2.3696,2.3696,2.3068,2.3625,30932,0
20130730,2.3625,2.3625,2.2441,2.272,67323,0
20130731,2.2511,2.265,2.1326,2.2301,113874,0
20130801,2.2283,2.361,2.2283,2.3536,105047,0
20130802,2.3625,2.3625,2.3068,2.3417,40528,0
20130805,2.3208,2.3346,2.265,2.3208,338142,0
20130806,2.3241,2.3315,2.3094,2.3094,123179,0
20130807,2.2998,2.3557,2.272,2.2859,237456,0
20130808,2.272,2.3278,2.272,2.3278,127528,0
20130809,2.3346,2.3346,2.265,2.279,60565,0
20130812,2.2859,2.3346,2.2511,2.2998,100649,0
20130813,2.3208,2.3278,2.2929,2.3208,254539,0
20130814,2.3208,2.3346,2.2859,2.3208,182074,0
20130816,2.3278,2.3346,2.2859,2.3068,114062,0
20130819,2.3068,2.3346,2.279,2.2998,239977,0
20130820,2.3094,2.5234,2.2799,2.4939,900661,0
20130821,2.5159,2.8156,2.509,2.7808,1946036,0
20130822,2.7808,2.8086,2.6622,2.7808,208627,0
20130823,2.8037,2.9218,2.7816,2.8775,149941,0
20130826,2.8644,2.962,2.8575,2.8644,139452,0
20130827,2.8258,2.8702,2.7151,2.8258,184276,0
20130828,2.8923,2.9131,2.7877,2.8225,228078,0
20130829,2.8225,2.9202,2.8225,2.8923,180518,0
20130830,2.8435,2.8853,2.7877,2.8364,202355,0
20130902,2.8225,2.8923,2.8086,2.8575,109790,0
20130903,2.8848,2.9661,2.8332,2.9661,159266,0
20130904,2.9956,3.0472,2.8406,3.0177,353064,0
20130905,2.9882,3.0398,2.8627,3.0103,415020,0
20130906,3.0029,3.0398,2.9734,3.0103,118122,0
20130909,3.0103,3.0398,2.9956,3.0398,53907,0
20130910,3.0398,3.1579,3.0398,3.1063,106167,0
20130911,3.1579,3.1653,3.0841,3.1653,83040,0
20130912,3.2906,3.3276,3.1948,3.2611,486885,0
20130913,3.276,3.276,3.1284,3.2095,115527,0
20130916,3.2095,3.2095,3.1358,3.1726,79255,0
20130917,3.1653,3.2021,3.1358,3.1726,62266,0
20130918,3.1726,3.1874,3.1284,3.1579,50152,0
20130919,3.1653,3.2021,3.1136,3.1358,73830,0
20130920,3.1653,3.1653,3.0325,3.1653,75493,0
20130923,3.1653,3.18,3.0841,3.1136,41718,0
20130924,3.0841,3.0988,2.9661,2.9956,135906,0
20130925,2.9808,3.0251,2.8185,3.0029,152682,0
20130926,2.9513,3.0767,2.848,3.0251,126168,0
20130927,3.062,3.0693,2.9956,3.062,93954,0
20130930,3.0546,3.0546,2.9882,3.0251,33665,0
20131001,2.9661,3.0029,2.9661,2.9956,43623,0
20131002,2.9956,3.0398,2.9734,3.0325,24834,0
20131003,3.062,3.1358,3.0251,3.0988,126906,0
20131004,3.0693,3.1358,3.062,3.1358,28044,0
20131007,3.1358,3.1505,3.0546,3.0767,34050,0
20131008,3.0767,3.0767,3.0251,3.0325,19354,0
20131009,3.0841,3.0841,3.0251,3.0398,27184,0
20131010,3.062,3.062,3.0251,3.0472,83959,0
20131011,3.062,3.062,2.9882,2.9956,67584,0
20131014,2.9734,2.9734,2.8702,2.9291,62832,0
20131015,2.9291,2.9956,2.9291,2.9734,57078,0
20131016,3.0029,3.0029,2.9366,2.9513,73768,0
20131017,2.9734,2.9734,2.9144,2.9513,75725,0
20131018,2.9366,2.9439,2.9144,2.9439,28487,0
20131021,2.9439,2.9586,2.9439,2.9513,83214,0
20131022,2.9513,2.9513,2.9218,2.9513,151018,0
20131023,2.9661,2.9661,2.907,2.907,24802,0
20131024,2.9144,2.9513,2.8627,2.8775,275166,0
20131025,2.8553,2.907,2.848,2.848,114350,0
20131028,2.8775,3.062,2.8627,3.062,268150,0
20131029,3.0693,3.0988,3.0472,3.0546,59160,0
20131030,3.062,3.062,2.9882,3.0251,71622,0
20131031,2.9808,3.062,2.9808,3.062,39624,0
20131104,3.0914,3.2021,3.0914,3.2021,167336,0
20131105,3.2095,3.2095,3.1358,3.1358,136777,0
20131106,3.1136,3.2095,3.1063,3.2095,151601,0
20131107,3.2169,3.2316,3.1726,3.1948,59107,0
20131108,3.2169,3.394,3.2095,3.394,609378,0
20131112,3.4087,3.4456,3.3276,3.3276,106547,0
20131113,3.3424,3.3424,3.1948,3.2611,119033,0
20131114,3.2465,3.3719,3.2465,3.3719,138731,0
20131115,3.3865,3.4087,3.3424,3.4087,110634,0
20131118,3.4087,3.4087,3.3202,3.3349,88735,0
20131119,3.3202,3.3865,3.1874,3.2243,320089,0
20131120,3.2243,3.3865,3.1431,3.3865,304717,0
20131121,3.3276,3.3276,3.2538,3.276,119788,0
20131122,3.3128,3.3497,3.1063,3.2095,781499,0
20131125,3.2611,3.2906,3.239,3.239,260182,0
20131126,3.2833,3.2833,3.2169,3.2465,161180,0
20131127,3.2685,3.2685,3.18,3.1874,179533,0
20131128,3.2095,3.2465,3.1874,3.2095,144799,0
20131129,3.2169,3.2833,3.18,3.276,205817,0
20131202,3.2833,3.3865,3.1063,3.1431,707775,0
20131203,3.1653,3.1726,3.1136,3.1431,169517,0
20131204,3.1579,3.1579,2.9661,3.0177,977888,0
20131205,3.0472,3.1136,2.9808,3.0177,273611,0
20131206,3.0177,3.062,2.9734,3.0177,265953,0
20131209,3.0398,3.1358,3.0177,3.0177,214929,0
20131210,3.0251,3.0546,2.9661,3.0398,191442,0
20131211,3.062,3.1063,3.0251,3.0988,113863,0
20131212,3.0988,3.0988,3.0103,3.0841,347556,0
20131213,3.062,3.1505,3.062,3.1505,90864,0
20131216,3.1505,3.1505,3.0472,3.1358,250695,0
20131217,3.1209,3.1209,2.9661,3.062,354103,0
20131218,3.0029,3.0988,3.0029,3.0988,283317,0
20131219,3.0988,3.1284,3.0398,3.0767,287944,0
20131220,3.0767,3.0841,2.9956,3.0841,239882,0
20131223,3.0767,3.1358,3.0693,3.1358,210097,0
20131227,3.1948,3.1948,3.0988,3.1063,72561,0
20131230,3.1505,3.18,3.1063,3.1726,191292,0
20140102,3.1726,3.2465,3.1284,3.1948,213979,0
20140103,3.2243,3.2538,3.2021,3.2316,88778,0
20140107,3.2316,3.2538,3.1726,3.2095,67618,0
20140108,3.2243,3.2243,3.1358,3.1579,78493,0
20140109,3.1358,3.1726,3.1136,3.1358,39594,0
20140110,3.1063,3.1063,2.9808,2.9882,268032,0
20140113,2.9882,3.0251,2.9586,2.9882,103722,0
20140114,2.9882,3.0177,2.9882,2.9882,52586,0
20140115,3.0177,3.0251,2.9439,2.9586,234686,0
20140116,2.9808,3.0841,2.9734,3.0472,219062,0
20140117,3.0325,3.062,3.0103,3.0251,242205,0
20140120,2.9956,3.0693,2.9439,3.062,50168,0
20140121,3.0693,3.1505,3.0325,3.1284,97862,0
20140122,3.1579,3.1579,3.0767,3.0841,35820,0
20140123,3.0767,3.1358,3.0398,3.0398,45733,0
20140124,3.062,3.062,2.9882,3.0177,126523,0
20140127,2.9586,2.9734,2.8111,2.9366,198660,0
20140128,2.9513,2.9513,2.8702,2.8923,250979,0
20140129,2.9218,2.9734,2.9218,2.9291,54654,0
20140130,2.9144,3.0841,2.8848,3.0546,209407,0
20140131,3.0398,3.0988,2.9661,2.9882,273140,0
20140203,2.9882,3.062,2.9586,2.9586,157431,0
20140204,2.9513,2.9882,2.9366,2.9734,91897,0
20140205,3.0251,3.0251,2.9661,2.9734,92840,0
20140206,3.0103,3.0177,2.9808,3.0103,2210078,0
20140207,3.0546,3.1579,3.0546,3.1358,324350,0
20140210,3.1653,3.2685,3.1653,3.2243,332052,0
20140211,3.2316,3.3054,3.2095,3.2906,639063,0
20140212,3.2906,3.3497,3.2685,3.3202,484709,0
20140213,3.2906,3.3054,3.239,3.2465,259946,0
20140214,3.2538,3.3054,3.2538,3.2685,109529,0
20140217,3.3128,3.3128,3.2465,3.276,98932,0
20140218,3.276,3.2833,3.2465,3.2611,128619,0
20140219,3.239,3.2611,3.2095,3.2465,175461,0
20140220,3.2243,3.2316,3.1948,3.1948,79394,0
20140221,3.2021,3.2465,3.0472,3.1358,235675,0
20140224,3.1136,3.2021,3.1063,3.1431,55653,0
20140225,3.1431,3.2095,3.1431,3.18,55038,0
20140226,3.18,3.2169,3.0988,3.0988,50662,0
20140227,3.1209,3.1284,3.0398,3.0841,77532,0
20140228,3.1653,3.1653,3.0841,3.1284,40139,0
20140303,2.9513,3.0693,2.9513,3.0251,633844,0
20140304,3.0029,3.1284,3.0029,3.1136,132180,0
20140305,3.1136,3.1948,3.1136,3.1579,50438,0
20140306,3.1579,3.1948,3.1358,3.1726,61028,0
20140307,3.1726,3.1726,3.1209,3.1431,50128,0
20140310,3.1209,3.1209,3.0546,3.0767,54096,0
20140311,3.1063,3.1136,3.0251,3.1136,107106,0
20140312,3.0988,3.0988,2.8627,2.9734,504994,0
20140313,2.9734,3.0251,2.9734,2.9734,67415,0
20140314,2.9513,2.9734,2.848,2.9513,198123,0
20140317,2.9956,3.2021,2.9956,3.0841,359907,0
20140318,3.1358,3.1431,3.0693,3.1284,708531,0
20140319,3.1358,3.1948,3.0988,3.1431,257875,0
20140320,3.1948,3.1948,3.1209,3.1209,235493,0
20140321,3.1358,3.1358,3.0841,3.1284,77006,0
20140324,3.1358,3.1358,3.0914,3.1063,8352,0
20140325,3.0988,3.0988,3.0841,3.0841,40731,0
20140326,3.1284,3.1284,3.0029,3.0546,351377,0
20140327,3.0546,3.0767,3.0177,3.0177,65638,0
20140328,3.0177,3.0472,2.9956,3.0103,79460,0
20140331,3.0177,3.0988,3.0177,3.0988,84409,0
20140401,3.0914,3.0988,3.062,3.0914,35878,0
20140402,3.0914,3.0988,3.0251,3.0251,257187,0
20140403,3.0767,3.0767,2.9808,2.9882,368557,0
20140404,3.0325,3.0325,2.9882,2.9882,39538,0
20140407,3.0251,3.0251,2.9808,2.9882,51566,0
20140408,2.9734,3.0325,2.9513,3.0177,140156,0
20140409,3.0325,3.062,3.0251,3.0546,50598,0
20140410,3.0546,3.0841,3.0546,3.0767,55518,0
20140411,3.0472,3.0767,3.0251,3.062,33513,0
20140414,3.062,3.062,3.0251,3.0325,119438,0
20140415,3.0251,3.0472,3.0177,3.0472,12718,0
20140416,3.0472,3.0472,2.9956,2.9956,78807,0
20140417,3.0251,3.0251,2.9956,3.0177,95986,0
20140422,3.0325,3.0472,3.0103,3.0177,111402,0
20140423,3.0546,3.1358,3.0325,3.0472,161129,0
20140424,3.0546,3.0841,2.9956,3.0103,145827,0
20140425,3.0103,3.0325,2.9291,2.9513,144289,0
20140428,2.9291,2.9586,2.8997,2.8997,78453,0
20140429,2.9144,2.9218,2.8997,2.8997,158899,0
20140430,2.907,2.907,2.8848,2.907,56420,0
20140502,2.9513,2.9513,2.8923,2.907,22905,0
20140505,2.907,2.907,2.6341,2.8332,142080,0
20140506,2.907,2.9956,2.907,2.9734,786738,0
20140507,2.9882,3.0103,2.9144,2.9513,283168,0
20140508,2.9661,2.9808,2.9439,2.9439,184814,0
20140509,2.9439,2.9439,2.8848,2.8997,213331,0
20140512,2.9218,2.9513,2.8848,2.907,114110,0
20140513,2.8775,2.9144,2.8702,2.8997,116749,0
20140514,2.9144,2.9144,2.848,2.848,77836,0
20140515,2.8406,2.8627,2.8185,2.848,158073,0
20140516,2.8553,2.8553,2.7373,2.7816,131490,0
20140519,2.8037,2.8037,2.7226,2.7373,133765,0
20140520,2.7446,2.7595,2.7151,2.7151,192804,0
20140521,2.73,2.8775,2.7226,2.8775,172074,0
20140522,2.8997,2.907,2.8775,2.8997,564810,0
20140523,2.9586,2.9956,2.8923,2.8923,284643,0
20140526,2.9144,2.9586,2.8775,2.8923,119224,0
20140527,2.9586,2.9586,2.8848,2.8923,59762,0
20140528,2.9144,2.9144,2.8997,2.8997,66022,0
20140529,2.9218,2.9218,2.8775,2.9144,45575,0
20140530,2.9144,2.9439,2.8997,2.9366,31079,0
20140602,2.9366,2.9366,2.907,2.9218,8382,0
20140603,2.9291,2.9291,2.8923,2.8923,34579,0
20140604,2.8923,2.8997,2.8775,2.8923,32739,0
20140605,2.907,2.9218,2.8997,2.9144,53924,0
20140606,2.907,2.9144,2.8923,2.8923,43758,0
20140609,2.9218,2.9218,2.8923,2.8923,291431,0
20140610,2.9144,2.9218,2.907,2.9218,430174,0
20140611,2.9218,2.9366,2.8923,2.8923,94860,0
20140612,2.9218,2.9218,2.8775,2.8775,72530,0
20140613,2.8775,2.9661,2.8775,2.8923,189160,0
20140616,2.8997,2.9586,2.8702,2.9513,184353,0
20140617,2.9586,2.9882,2.9586,2.9882,681343,0
20140618,2.9882,3.0177,2.9661,2.9956,155218,0
20140620,2.9882,3.0767,2.9882,3.0693,173780,0
20140623,3.0767,3.0767,3.0251,3.0767,281479,0
20140624,3.0914,3.1874,3.0841,3.1874,328874,0
20140625,3.1874,3.2095,3.1284,3.2095,284742,0
20140626,3.298,3.3382,3.2578,3.3221,250840,0
20140627,3.3382,3.4187,3.2819,3.4187,180372,0
20140630,3.4428,3.4428,3.3543,3.3624,143283,0
20140701,3.3624,3.3624,3.2739,3.298,119963,0
20140702,3.3141,3.3141,3.1452,3.2256,173795,0
20140703,3.2256,3.2578,3.1854,3.1854,84278,0
20140704,3.2176,3.298,3.1854,3.2337,93259,0
20140707,3.298,3.298,3.2256,3.298,85082,0
20140708,3.306,3.3704,3.306,3.306,214322,0
20140709,3.3382,3.4187,3.306,3.4187,238243,0
20140710,3.4187,3.4267,3.3784,3.3784,101775,0
20140711,3.3865,3.5394,3.3865,3.4669,245853,0
20140714,3.483,3.5634,3.4669,3.5394,111037,0
20140715,3.5394,3.5474,3.5071,3.5394,85999,0
20140716,3.5313,3.5394,3.5071,3.5233,40867,0
20140717,3.5313,3.5313,3.3865,3.4428,42940,0
20140718,3.4589,3.4589,3.3945,3.4589,39979,0
20140721,3.4589,3.4589,3.3945,3.3945,10465,0
20140722,3.4106,3.4589,3.3302,3.3302,53428,0
20140723,3.3382,3.3784,3.3221,3.3382,99959,0
20140724,3.3221,3.3463,3.298,3.306,100606,0
20140725,3.306,3.3141,3.2659,3.2819,41160,0
20140728,3.2899,3.306,3.2819,3.298,38042,0
20140729,3.298,3.3302,3.298,3.306,107577,0
20140730,3.3302,3.3302,3.2176,3.2498,145897,0
20140731,3.2176,3.2498,3.2014,3.2014,115191,0
20140801,3.1774,3.306,3.1774,3.298,46982,0
20140804,3.306,3.3302,3.2417,3.2498,44502,0
20140805,3.2659,3.3141,3.2337,3.2337,59649,0
20140806,3.2256,3.2659,3.2176,3.2256,58619,0
20140807,3.2256,3.2337,3.1854,3.1854,26300,0
20140808,3.2176,3.2578,3.0648,3.2176,216257,0
20140811,3.2095,3.2659,3.2095,3.2176,21797,0
20140812,3.2176,3.2578,3.1774,3.1854,29927,0
20140813,3.1613,3.2176,3.1613,3.2176,34359,0
20140814,3.2176,3.2176,3.1774,3.1934,18150,0
20140818,3.1854,3.2337,3.1854,3.2176,20880,0
20140819,3.2337,3.2819,3.2337,3.2739,37281,0
20140820,3.2739,3.2899,3.2659,3.2659,15255,0
20140821,3.2899,3.298,3.2498,3.2578,19392,0
20140822,3.298,3.298,3.2578,3.2739,5106,0
20140825,3.306,3.3302,3.2899,3.3141,48923,0
20140826,3.2819,3.2819,3.1934,3.2659,95508,0
20140827,3.2498,3.2498,3.2176,3.2337,29625,0
20140828,3.2256,3.2417,3.1452,3.1532,79091,0
20140829,3.1452,3.2095,3.1452,3.2095,30537,0
20140901,3.2176,3.2256,3.2176,3.2176,15166,0
20140902,3.2337,3.2337,3.1693,3.1854,49828,0
20140903,3.2176,3.2337,3.1934,3.2095,152089,0
20140904,3.2095,3.2176,3.1854,3.2014,50806,0
20140905,3.2014,3.2176,3.2014,3.2095,44646,0
20140908,3.2176,3.2176,3.1774,3.2095,42562,0
20140909,3.1854,3.2176,3.1532,3.2095,68096,0
20140910,3.2095,3.2095,3.1693,3.1774,61166,0
20140911,3.1774,3.2014,3.1774,3.1854,26973,0
20140912,3.1854,3.2095,3.1854,3.2014,8346,0
20140915,3.2095,3.2095,3.1774,3.1854,14349,0
20140916,3.1854,3.2176,3.1693,3.2176,110977,0
20140917,3.2176,3.2739,3.1934,3.2256,92958,0
20140918,3.2256,3.2578,3.2095,3.2095,74903,0
20140919,3.2014,3.2176,3.1934,3.2014,36661,0
20140922,3.2014,3.2014,3.1532,3.1613,77568,0
20140923,3.1774,3.1934,3.1774,3.1774,16231,0
20140924,3.1854,3.1854,3.1613,3.1774,21360,0
20140925,3.1774,3.1854,3.1774,3.1774,23174,0
20140926,3.1774,3.1774,3.0969,3.1532,78430,0
20140929,3.1532,3.1532,3.1049,3.113,82178,0
20140930,3.113,3.2176,3.113,3.2176,133604,0
20141001,3.2176,3.2176,3.1693,3.1854,18361,0
20141002,3.1934,3.1934,3.121,3.121,85642,0
20141003,3.1774,3.1774,3.113,3.1291,42047,0
20141006,3.113,3.1532,3.113,3.1371,26607,0
20141007,3.1613,3.1613,3.121,3.121,23153,0
20141008,3.1049,3.1049,3.0728,3.0889,86956,0
20141009,3.0969,3.0969,3.0486,3.0486,102704,0
20141010,3.0325,3.0325,2.9763,2.9924,75962,0
20141013,2.9924,3.0164,2.9843,2.9843,25443,0
20141014,2.9763,3.0004,2.9199,2.9199,96816,0
20141015,2.936,2.9924,2.9199,2.9602,144195,0
20141016,2.9682,2.9682,2.936,2.936,128148,0
20141017,2.9924,2.9924,2.928,2.936,52894,0
20141020,2.936,2.9521,2.9199,2.936,93640,0
20141021,2.936,2.936,2.8958,2.9199,15690,0
20141022,2.928,2.9682,2.928,2.928,58139,0
20141023,2.928,2.9602,2.928,2.928,282086,0
20141024,2.9441,2.9441,2.9119,2.9199,43119,0
20141027,2.9199,2.9441,2.9199,2.9441,149878,0
20141028,2.9441,2.9441,2.936,2.9441,160393,0
20141029,2.9602,3.0406,2.9602,3.0164,111025,0
20141030,3.0245,3.0728,3.0245,3.0486,43157,0
20141031,3.0809,3.1371,3.0809,3.0809,39216,0
20141103,3.113,3.1371,3.0969,3.121,32701,0
20141104,3.1371,3.1452,3.121,3.1452,12404,0
20141105,3.1613,3.1613,3.0809,3.0809,19008,0
20141106,3.113,3.113,3.0164,3.0567,28684,0
20141107,3.0567,3.1371,3.0567,3.0648,74652,0
20141110,3.0406,3.113,3.0406,3.0648,53708,0
20141112,2.8153,2.8878,2.7752,2.8153,310932,0
20141113,2.8556,2.8958,2.7832,2.8958,149208,0
20141114,2.9039,2.9763,2.8556,2.9521,60821,0
20141117,2.9119,2.9199,2.8878,2.8878,17131,0
20141118,2.9039,2.9602,2.8878,2.8878,30451,0
20141119,2.9039,3.0164,2.8395,2.8797,104217,0
20141120,2.8878,2.8878,2.8395,2.8395,25778,0
20141121,2.8395,2.8556,2.8234,2.8234,23613,0
20141124,2.8878,2.8878,2.8234,2.8395,14955,0
20141125,2.8797,2.8797,2.8314,2.8395,8101,0
20141126,2.8395,2.8475,2.8234,2.8475,5051,0
20141127,2.8395,2.8395,2.8153,2.8395,19644,0
20141128,2.8475,2.8475,2.8234,2.8314,29185,0
20141201,2.8395,2.8395,2.8074,2.8153,60149,0
20141202,2.8395,2.8475,2.8153,2.8153,35160,0
20141203,2.8314,2.8636,2.8153,2.8636,27194,0
20141204,2.8636,2.8878,2.8153,2.8153,33140,0
20141205,2.8797,2.8797,2.8153,2.8556,22555,0
20141208,2.8234,2.8556,2.7671,2.8153,74127,0
20141209,2.8153,2.8153,2.7591,2.7913,44345,0
20141210,2.7913,2.8395,2.7832,2.8395,71729,0
20141211,2.8475,2.8475,2.8074,2.8074,77980,0
20141212,2.8153,2.8153,2.7752,2.7993,73552,0
20141215,2.8074,2.8074,2.7913,2.7913,43964,0
20141216,2.7913,2.8074,2.6947,2.7591,109163,0
20141217,2.7349,2.751,2.6947,2.7108,84961,0
20141218,2.7108,2.7268,2.6545,2.6545,517099,0
20141219,2.6625,2.6786,2.6143,2.6706,62013,0
20141222,2.6706,2.6786,2.5901,2.6143,75316,0
20141223,2.6143,2.6545,2.5821,2.6545,162953,0
20141229,2.6545,2.7429,2.6464,2.7429,76731,0
20141230,2.7268,2.7429,2.7189,2.7349,48432,0
20150102,2.7752,2.7752,2.7108,2.7349,10366,0
20150105,2.7349,2.7671,2.7189,2.7429,19903,0
20150107,2.751,2.751,2.7028,2.7349,18798,0
20150108,2.7429,2.8314,2.7429,2.7832,61960,0
20150109,2.8074,2.8153,2.7832,2.7832,20597,0
20150112,2.7591,2.8153,2.7591,2.7752,43787,0
20150113,2.7993,2.8074,2.751,2.7993,15479,0
20150114,2.7752,2.8074,2.7752,2.8074,8914,0
20150115,2.8074,2.8074,2.7671,2.7752,14817,0
20150116,2.7832,2.7832,2.7349,2.7429,12107,0
20150119,2.7752,2.7752,2.7752,2.7752,2487,0
20150120,2.751,2.7671,2.7028,2.7028,20893,0
20150121,2.7671,2.7671,2.6947,2.7108,12592,0
20150122,2.6947,2.7591,2.6947,2.7591,21467,0
20150123,2.7671,2.7671,2.7349,2.7349,9468,0
20150126,2.7349,2.7429,2.7268,2.7268,15139,0
20150127,2.7349,2.7671,2.6947,2.6947,12747,0
20150128,2.7591,2.7591,2.6625,2.7268,12576,0
20150129,2.6947,2.7268,2.6947,2.7268,12495,0
20150130,2.7349,2.7671,2.7108,2.7671,25024,0
20150202,2.7671,2.7671,2.7268,2.7429,5567,0
20150203,2.751,2.7591,2.7429,2.7591,29428,0
20150204,2.7429,2.7671,2.7349,2.7349,54785,0
20150205,2.751,2.751,2.7189,2.7189,43896,0
20150206,2.7349,2.7349,2.6867,2.6947,39857,0
20150209,2.7429,2.7429,2.6545,2.7028,42338,0
20150210,2.7108,2.7108,2.6786,2.6867,38182,0
20150211,2.6867,2.6867,2.6706,2.6786,36562,0
20150212,2.6947,2.6947,2.6545,2.6706,38519,0
20150213,2.6706,2.6947,2.6464,2.6545,73428,0
20150216,2.6545,2.6545,2.6384,2.6384,39434,0
20150217,2.6384,2.6867,2.6063,2.6143,39721,0
20150218,2.6786,2.6786,2.6063,2.6063,21546,0
20150219,2.6143,2.6625,2.6143,2.6545,42667,0
20150220,2.6786,2.7028,2.6706,2.6786,49367,0
20150223,2.6786,2.7028,2.6706,2.6786,63262,0
20150224,2.6947,2.6947,2.6464,2.6545,53103,0
20150225,2.6706,2.7349,2.6384,2.7349,1639549,0
20150226,2.7671,2.8074,2.7189,2.7268,246461,0
20150227,2.7591,2.7993,2.7349,2.7832,113461,0
20150302,2.8153,2.8314,2.7832,2.8153,313599,0
20150303,2.8234,2.8636,2.8234,2.8395,214688,0
20150304,2.8556,2.9843,2.8395,2.9843,209181,0
20150305,3.0245,3.0969,3.0245,3.0486,278028,0
20150306,3.0325,3.0486,2.9924,3.0004,134723,0
20150309,2.9924,3.0004,2.9441,2.9763,105867,0
20150310,2.9763,2.9763,2.9039,2.9039,91062,0
20150311,2.8958,2.9199,2.8958,2.9119,26482,0
20150312,2.9199,2.936,2.8958,2.8958,29032,0
20150313,2.8878,2.8878,2.8234,2.8475,62329,0
20150316,2.8153,2.9602,2.7752,2.8717,88813,0
20150317,2.8717,2.9039,2.8717,2.8878,47805,0
20150318,2.9199,3.0164,2.9199,2.9602,418305,0
20150319,3.0004,3.0325,2.9763,2.9924,217732,0
20150320,3.0406,3.113,3.0004,3.0728,257054,0
20150323,3.1049,3.1049,2.9843,3.0728,212623,0
20150324,3.0728,3.0728,2.9843,3.0325,139187,0
20150325,3.0567,3.0567,2.9682,2.9763,283061,0
20150326,2.9602,2.9763,2.928,2.936,136994,0
20150327,2.9602,2.9763,2.936,2.9521,90452,0
20150330,2.9521,3.0004,2.8717,2.8958,278939,0
20150331,2.936,2.936,2.8636,2.936,45376,0
20150401,2.936,2.936,2.8475,2.8475,279212,0
20150402,2.8636,2.9441,2.8636,2.8878,151441,0
20150407,2.9602,2.9602,2.8878,2.8878,90746,0
20150408,2.928,2.928,2.8475,2.8717,259135,0
20150409,2.8958,2.8958,2.8314,2.8797,153785,0
20150410,2.8797,2.8878,2.8153,2.8314,319247,0
20150413,2.8475,2.9039,2.8314,2.8717,200223,0
20150414,2.9119,2.9119,2.8395,2.8395,139370,0
20150415,2.8717,2.8797,2.8153,2.8153,223998,0
20150416,2.8475,2.8475,2.8074,2.8314,153839,0
20150417,2.8234,2.8475,2.8234,2.8234,150263,0
20150420,2.8475,2.8475,2.8234,2.8314,192902,0
20150421,2.8636,2.8636,2.7913,2.7993,355902,0
20150422,2.8074,2.8395,2.7832,2.7913,103280,0
20150423,2.7913,2.8074,2.751,2.7752,112611,0
20150424,2.7752,2.7752,2.7189,2.751,234529,0
20150427,2.7429,2.7913,2.7349,2.7591,72027,0
20150428,2.7671,2.8074,2.7591,2.7671,89866,0
20150429,2.7671,2.7913,2.7268,2.7349,148538,0
20150430,2.7429,2.7591,2.7268,2.7349,85141,0
20150504,2.7349,2.8234,2.7349,2.8234,565369,0
20150505,2.8395,2.8556,2.8074,2.8074,106176,0
20150506,2.8395,2.8395,2.7993,2.8395,803226,0
20150507,2.8395,2.8475,2.7993,2.8395,205126,0
20150508,2.8074,2.8314,2.7752,2.8153,620220,0
20150511,2.8153,2.8314,2.8153,2.8153,32857,0
20150512,2.8314,2.8314,2.7913,2.7993,48455,0
20150513,2.8153,2.8636,2.7993,2.8636,93417,0
20150514,2.9521,3.0567,2.9521,3.0406,584390,0
20150515,3.0406,3.0406,2.9763,2.9763,202871,0
20150518,2.9682,3.0245,2.9682,3.0084,49052,0
20150519,3.0164,3.0889,2.9521,3.0567,376531,0
20150520,3.0567,3.0809,3.0325,3.0728,413443,0
20150521,3.0889,3.1049,3.0567,3.0648,253789,0
20150522,3.0648,3.0889,3.0648,3.0809,54217,0
20150525,3.0728,3.0809,3.0164,3.0245,76446,0
20150526,3.0164,3.0728,3.0164,3.0728,63914,0
20150527,3.0728,3.0728,3.0406,3.0567,53048,0
20150528,3.0648,3.0728,3.0567,3.0728,24161,0
20150529,3.0567,3.0728,3.0567,3.0567,58076,0
20150601,3.0728,3.0889,3.0567,3.0809,79983,0
20150602,3.0889,3.0889,3.0486,3.0648,132573,0
20150603,3.0728,3.0809,3.0567,3.0809,62333,0
20150605,3.0809,3.0809,3.0486,3.0728,67631,0
20150608,3.0728,3.0809,3.0567,3.0728,23807,0
20150609,3.0728,3.0728,3.0486,3.0648,55293,0
20150610,3.0648,3.0809,3.0567,3.0809,103158,0
20150611,3.0809,3.0809,3.0486,3.0486,208227,0
20150612,3.0486,3.0648,3.0406,3.0648,372632,0
20150615,3.0567,3.0567,3.0486,3.0486,114893,0
20150616,3.0567,3.1934,3.0486,3.0969,408469,0
20150617,3.1049,3.121,3.0728,3.0889,172722,0
20150618,3.0889,3.0889,3.0486,3.0648,181419,0
20150619,3.0567,3.0648,3.0486,3.0567,325196,0
20150622,3.1278,3.1278,2.9501,3.11,140640,0
20150623,3.1455,3.1455,3.11,3.11,43497,0
20150624,3.1367,3.1367,3.0833,3.0922,39102,0
20150625,3.0922,3.0922,3.0211,3.0478,41036,0
20150626,3.0478,3.0478,2.9945,3.0211,91144,0
20150629,2.9323,2.9501,2.8434,2.9323,157494,0
20150630,2.9323,3.0211,2.9323,2.9767,51271,0
20150701,3.0211,3.0567,2.9767,3.03,29956,0
20150702,3.0567,3.0567,2.9767,2.9767,19137,0
20150703,2.9856,3.0211,2.9589,2.9589,17339,0
20150706,2.9323,3.0034,2.8879,2.9412,65414,0
20150707,2.9945,2.9945,2.9323,2.9678,141045,0
20150708,2.9678,2.9678,2.879,2.9501,31480,0
20150709,2.9589,2.9945,2.9589,2.9856,38257,0
20150710,2.9856,3.0211,2.9767,3.0211,51202,0
20150713,3.0211,3.0389,2.9945,3.0123,16612,0
20150714,3.0211,3.0211,3.0034,3.0211,10514,0
20150715,3.0211,3.0211,2.9856,2.9856,15732,0
20150716,3.0211,3.0478,3.0034,3.0478,46582,0
20150717,3.0478,3.0478,3.0034,3.0389,5738,0
20150720,3.0389,3.0389,3.0034,3.0034,14530,0
20150721,3.0123,3.03,2.9767,2.9856,45057,0
20150722,3.0123,3.0123,2.8967,2.9856,26824,0
20150723,2.9856,3.0211,2.9501,3.0211,31285,0
20150724,3.03,3.0478,3.0211,3.0478,58273,0
20150727,3.0567,3.0567,2.9945,3.0211,33617,0
20150728,3.0211,3.0389,3.0123,3.0123,17252,0
20150729,3.0123,3.0211,3.0123,3.0211,20302,0
20150730,3.0211,3.0211,3.0034,3.0123,30061,0
20150731,3.0211,3.0211,3.0034,3.0211,11565,0
20150803,3.03,3.0389,2.9856,3.0123,12207,0
20150804,3.0123,3.0389,2.9945,3.03,24225,0
20150805,3.03,3.1011,2.9945,3.0833,88962,0
20150806,3.0833,3.0833,3.0389,3.0656,28789,0
20150807,3.0833,3.0833,3.0656,3.0656,8454,0
20150810,3.0922,3.0922,3.0123,3.0922,30005,0
20150811,3.0922,3.0922,3.0478,3.0656,14205,0
20150812,3.0656,3.0833,3.0478,3.0745,7553,0
20150813,3.0833,3.0833,3.0389,3.0833,30954,0
20150814,3.0922,3.0922,3.03,3.03,7240,0
20150817,3.0211,3.0567,3.0211,3.0478,18530,0
20150818,3.0567,3.0833,3.0567,3.0656,151250,0
20150819,3.0833,3.0833,3.0656,3.0656,382820,0
20150820,3.0478,3.0656,3.03,3.0567,11774,0
20150821,3.0567,3.0567,2.9856,2.9856,27300,0
20150824,2.8879,2.9234,2.7368,2.7812,175439,0
20150825,2.7101,2.8434,2.6657,2.8345,28816,0
20150826,2.8434,2.8523,2.8168,2.8523,14326,0
20150827,2.8612,3.0034,2.8345,3.0034,13797,0
20150828,3.0034,3.0389,2.9767,3.0389,52176,0
20150831,3.0389,3.0567,3.0034,3.0211,18638,0
20150901,3.0211,3.0211,2.9323,2.9323,96103,0
20150902,2.9767,2.9767,2.8879,2.9056,47559,0
20150903,2.9056,2.9323,2.8701,2.879,614602,0
20150904,2.9323,2.9501,2.9056,2.9501,1098512,0
20150907,2.9767,2.9767,2.9323,2.9323,3288,0
20150908,2.9323,2.9678,2.9323,2.9678,9045,0
20150909,2.9856,2.9856,2.879,2.879,39535,0
20150910,2.879,2.9412,2.879,2.9234,2133,0
20150911,2.9056,2.9145,2.879,2.9056,4496,0
20150914,2.9056,2.9056,2.8612,2.8612,16308,0
20150915,2.879,2.9056,2.8701,2.8879,25937,0
20150916,2.9323,2.9323,2.8701,2.8879,6187,0
20150917,2.8879,2.9056,2.8879,2.8967,17100,0
20150918,2.9056,2.9056,2.8612,2.8967,12949,0
20150921,2.8612,2.8967,2.8345,2.8612,75904,0
20150922,2.8879,2.8879,2.8345,2.8345,23310,0
20150923,2.8879,2.8879,2.799,2.8434,25353,0
20150924,2.8434,2.8523,2.8168,2.8523,21486,0
20150925,2.8434,2.879,2.8079,2.879,18784,0
20150928,2.879,2.879,2.8434,2.8434,19078,0
20150929,2.8257,2.8434,2.8168,2.8257,15227,0
20150930,2.8434,2.8612,2.8257,2.8257,12769,0
20151001,2.8168,2.8523,2.8168,2.8434,32229,0
20151002,2.8434,2.8523,2.8257,2.8345,2954,0
20151005,2.8434,2.8523,2.8257,2.8523,10534,0
20151006,2.8345,2.8434,2.8257,2.8257,9107,0
20151007,2.8345,2.8523,2.799,2.8434,21535,0
20151008,2.8168,2.8345,2.7812,2.8168,24951,0
20151009,2.8345,2.8434,2.8079,2.8345,12211,0
20151012,2.8345,2.8434,2.8257,2.8345,18217,0
20151013,2.8345,2.8345,2.8168,2.8168,4299,0
20151014,2.8257,2.8257,2.7546,2.799,25310,0
20151015,2.7635,2.799,2.7635,2.7812,16168,0
20151016,2.7812,2.8523,2.7635,2.8523,14464,0
20151019,2.8523,2.8523,2.799,2.8079,8519,0
20151020,2.799,2.8168,2.799,2.799,5364,0
20151021,2.8168,2.8168,2.8079,2.8079,8302,0
20151022,2.799,2.8168,2.7901,2.8168,9040,0
20151023,2.8168,2.8345,2.8079,2.8257,6253,0
20151026,2.8345,2.8345,2.8257,2.8345,8630,0
20151027,2.8345,2.8434,2.8257,2.8434,14957,0
20151028,2.8345,2.8345,2.8168,2.8168,7745,0
20151029,2.8079,2.8434,2.8079,2.8079,11768,0
20151030,2.8345,2.8345,2.799,2.799,8994,0
20151102,2.799,2.8434,2.799,2.8434,8308,0
20151103,2.8434,2.9412,2.8434,2.9323,58184,0
20151104,2.9412,2.9678,2.9412,2.9678,21181,0
20151105,2.9678,3.0567,2.9589,3.0211,72407,0
20151106,3.0567,3.0656,2.9678,3.0389,18298,0
20151109,3.0567,3.0567,2.9678,2.9678,35405,0
20151110,2.9678,3.0389,2.9678,3.03,6597,0
20151112,2.9945,3.0389,2.9945,3.0211,36741,0
20151113,3.0211,3.03,3.0034,3.0034,38870,0
20151116,3.0123,3.0211,2.9678,2.9856,47675,0
20151117,2.9945,3.0034,2.9767,3.0034,45023,0
20151118,3.0034,3.03,2.9945,3.0211,1085088,0
20151119,3.0211,3.0478,3.0034,3.03,62955,0
20151120,3.03,3.03,3.0123,3.0123,2609,0
20151123,3.0034,3.0034,2.9501,2.9501,12688,0
20151124,2.9412,2.9767,2.9412,2.9501,22042,0
20151125,2.9767,3.0034,2.9412,2.9856,31021,0
20151126,2.9678,3.0034,2.9678,2.9945,4239,0
20151127,3.0034,3.0211,2.9678,3.0211,26855,0
20151130,3.0211,3.0567,3.0211,3.0211,18412,0
20151201,3.0211,3.0478,3.0034,3.0123,34900,0
20151202,3.0211,3.0211,2.9589,2.9678,20128,0
20151203,2.9678,2.9678,2.9323,2.9323,25398,0
20151204,2.9234,2.9678,2.8967,2.9056,25155,0
20151207,2.9234,2.9323,2.9145,2.9145,14262,0
20151208,2.9145,2.9323,2.8257,2.8701,68511,0
20151209,2.8701,2.8967,2.8345,2.8434,25127,0
20151210,2.8434,2.8701,2.8345,2.8701,13139,0
20151211,2.8523,2.879,2.8345,2.8612,28575,0
20151214,2.8345,2.8434,2.799,2.799,42254,0
20151215,2.8079,2.8612,2.8079,2.8612,6302,0
20151216,2.8701,2.8701,2.8257,2.8612,33887,0
20151217,2.879,2.879,2.8345,2.8434,20052,0
20151218,2.8345,2.8345,2.8079,2.8257,14123,0
20151221,2.8168,2.879,2.8168,2.8257,42428,0
20151222,2.8257,2.8257,2.719,2.799,97596,0
20151223,2.799,2.799,2.7368,2.7546,39361,0
20151228,2.7546,2.7546,2.7013,2.7457,94685,0
20151229,2.719,2.799,2.719,2.799,13295,0
20151230,2.799,2.799,2.7546,2.799,13181,0
20160104,2.7635,2.7901,2.7546,2.7901,11228,0
20160105,2.7812,2.7901,2.7723,2.7812,8745,0
20160107,2.799,2.799,2.7101,2.7635,30278,0
20160108,2.7812,2.7901,2.7546,2.7901,7079,0
20160111,2.7901,2.7901,2.7368,2.7723,27200,0
20160112,2.7723,2.799,2.7279,2.7901,17898,0
20160113,2.7812,2.7812,2.7635,2.7723,24184,0
20160114,2.7546,2.7546,2.7368,2.7457,22089,0
20160115,2.7457,2.7723,2.7279,2.7546,17772,0
20160118,2.719,2.7279,2.6924,2.7101,27714,0
20160119,2.7101,2.7635,2.7101,2.7279,24620,0
20160120,2.7279,2.7457,2.6924,2.7457,32192,0
20160121,2.7457,2.7457,2.6302,2.6924,71569,0
20160122,2.6835,2.7546,2.6568,2.7101,50488,0
20160125,2.7101,2.7368,2.6835,2.7279,46586,0
20160126,2.7279,2.7546,2.6924,2.7279,58471,0
20160127,2.7457,2.7723,2.7457,2.7635,43802,0
20160128,2.7546,2.8079,2.7546,2.799,71663,0
20160129,2.8345,2.8345,2.799,2.799,27526,0
20160201,2.8168,2.9145,2.799,2.9056,43349,0
20160202,2.8967,2.8967,2.8434,2.879,40373,0
20160203,2.8434,2.9145,2.8434,2.879,16143,0
20160204,2.9056,2.9501,2.9056,2.9234,17833,0
20160205,2.9323,2.9945,2.9323,2.9589,18473,0
20160208,2.9856,2.9856,2.9323,2.9323,19355,0
20160209,2.9412,2.9501,2.9323,2.9501,21113,0
20160210,2.9323,2.9678,2.9323,2.9323,8296,0
20160211,2.9323,2.9501,2.8879,2.9145,24873,0
20160212,2.9323,2.9323,2.8879,2.9145,5203,0
20160215,2.9323,2.9323,2.8701,2.9056,52382,0
20160216,2.9145,2.9412,2.8879,2.9323,19078,0
20160217,2.9323,2.9323,2.9056,2.9323,4886,0
20160218,2.9234,2.9856,2.8612,2.9856,61632,0
20160219,2.9767,3.0123,2.9323,2.9945,48582,0
20160222,2.9767,3.0034,2.9589,2.9767,24597,0
20160223,2.9856,2.9856,2.9589,2.9589,34713,0
20160224,2.9945,2.9945,2.9501,2.9501,4395,0
20160225,2.9323,2.9856,2.9145,2.9589,26780,0
20160226,2.9767,2.9767,2.9234,2.9234,34337,0
20160229,2.9323,2.9323,2.8967,2.8967,19463,0
20160301,2.9323,2.9323,2.8523,2.8523,61291,0
20160302,2.9145,2.9145,2.8523,2.8612,27154,0
20160303,2.8967,2.9234,2.8879,2.9145,8146,0
20160304,2.9323,2.9412,2.8967,2.9234,11924,0
20160307,2.9589,2.9767,2.9234,2.9589,15824,0
20160308,2.9678,2.9945,2.9501,2.9589,25291,0
20160309,2.9856,2.9856,2.9234,2.9589,17173,0
20160310,2.9501,2.9856,2.9234,2.9501,6573,0
20160311,2.9501,2.9856,2.9412,2.9856,7486,0
20160314,2.9856,3.0567,2.9856,3.03,48536,0
20160315,3.0567,3.0656,3.0389,3.0656,36376,0
20160316,3.0567,3.0567,2.9856,3.03,22391,0
20160317,3.0567,3.0922,3.0389,3.0656,140138,0
20160318,3.0567,3.0922,3.0567,3.0833,69368,0
20160321,3.0922,3.1455,3.0922,3.1455,56151,0
20160322,3.1544,3.1811,3.1189,3.1633,54128,0
20160323,3.1722,3.2522,3.1722,3.2077,135510,0
20160324,3.1989,3.2255,3.1633,3.2255,26805,0
20160329,3.2077,3.2344,3.1989,3.2166,44505,0
20160330,3.2255,3.2255,3.1811,3.1989,47616,0
20160331,3.2077,3.2166,3.1811,3.19,40307,0
20160401,3.19,3.1989,3.1544,3.1722,19629,0
20160404,3.1722,3.2166,3.1722,3.1989,17194,0
20160405,3.1989,3.2166,3.1811,3.2077,52464,0
20160406,3.2966,3.3677,3.2788,3.3321,203726,0
20160407,3.3321,3.3321,3.2788,3.2788,68204,0
20160408,3.3233,3.3233,3.2699,3.2877,37412,0
20160411,3.3144,3.3144,3.2788,3.2788,93373,0
20160412,3.2877,3.2877,3.2699,3.2699,41841,0
20160413,3.2788,3.2877,3.2699,3.2877,35460,0
20160414,3.2522,3.2877,3.2522,3.2788,39941,0
20160415,3.2522,3.2877,3.2522,3.2699,19251,0
20160418,3.2788,3.2877,3.2699,3.2877,10184,0
20160419,3.2699,3.2877,3.2611,3.2611,59674,0
20160420,3.2611,3.2611,3.2433,3.2611,39977,0
20160421,3.2877,3.2877,3.2522,3.2788,40947,0
20160422,3.2788,3.2877,3.2699,3.2699,23370,0
20160425,3.2877,3.2877,3.2611,3.2699,10939,0
20160426,3.2788,3.2788,3.2522,3.2522,18320,0
20160427,3.2788,3.2788,3.2344,3.2611,28316,0
20160428,3.2522,3.2522,3.2344,3.2433,12058,0
20160429,3.2344,3.2522,3.1811,3.2255,81310,0
20160502,3.2433,3.2611,3.2344,3.2611,10149,0
20160504,3.2611,3.2611,3.2344,3.2433,15356,0
20160505,3.2522,3.2611,3.2344,3.2522,31085,0
20160506,3.2522,3.2611,3.2522,3.2611,10875,0
20160509,3.2611,3.2877,3.2433,3.2877,32892,0
20160510,3.3144,3.3233,3.2611,3.2699,26614,0
20160511,3.2522,3.2877,3.2522,3.2788,9613,0
20160512,3.2433,3.2433,3.03,3.03,301255,0
20160513,3.0656,3.0656,2.8967,3.0211,122947,0
20160516,3.0123,3.0211,2.9767,3.0034,50321,0
20160517,3.0034,3.0211,3.0034,3.0123,72476,0
20160518,3.0656,3.0656,3.0123,3.0478,187760,0
20160519,3.0745,3.1011,3.03,3.03,96245,0
20160520,3.0833,3.0833,3.0389,3.0389,19419,0
20160523,3.0656,3.0833,3.0478,3.0567,37385,0
20160524,3.0656,3.0833,3.0478,3.0656,85870,0
20160525,3.0922,3.0922,3.03,3.03,81208,0
20160527,3.0567,3.0922,3.0478,3.0833,33376,0
20160530,3.0922,3.0922,3.0656,3.0833,43035,0
20160531,3.0833,3.0833,3.0389,3.0567,23129,0
20160601,3.0567,3.0745,3.0389,3.0656,35733,0
20160602,3.0656,3.0922,3.0478,3.0833,39399,0
20160603,3.0745,3.0745,3.0389,3.0567,57912,0
20160606,3.0656,3.0745,3.0567,3.0745,79034,0
20160607,3.0922,3.0922,3.0745,3.0833,51659,0
20160608,3.0922,3.1011,3.0567,3.0656,60154,0
20160609,3.0922,3.0922,3.0656,3.0745,107809,0
20160610,3.0745,3.0745,3.03,3.0745,54022,0
20160613,3.0745,3.1367,3.0567,3.0656,177011,0
20160614,3.0656,3.0833,3.0656,3.0745,75125,0
20160615,3.0745,3.1367,3.0745,3.1189,68159,0
20160616,3.1367,3.1367,3.0922,3.0922,52440,0
20160617,3.10111,3.11,3.09223,3.10111,53668,0
20160620,3.10111,3.11889,3.10111,3.10111,95782,0
20160621,3.11,3.11889,3.08334,3.11,122532,0
20160622,3.13,3.15,3.09,3.14,72971,0
20160623,3.17,3.17,3.05,3.07,21679,0
20160624,2.9,2.98,2.75,2.92,96257,0
20160627,2.94,2.99,2.91,2.99,20408,0
20160628,2.99,3.03,2.96,2.98,21983,0
20160629,3.05,3.05,2.96,2.97,14980,0
20160630,2.96,2.96,2.88,2.88,25226,0
20160701,2.89,2.97,2.89,2.97,8418,0
20160704,2.93,2.96,2.9,2.91,18691,0
20160705,2.91,2.94,2.91,2.91,12008,0
20160706,2.93,2.94,2.86,2.86,23617,0
20160707,2.85,2.9,2.85,2.9,11211,0
20160708,2.9,2.9,2.83,2.9,10020,0
20160711,2.88,2.98,2.88,2.93,54402,0
20160712,2.96,2.97,2.93,2.94,41614,0
20160713,2.95,2.96,2.94,2.94,8583,0
20160714,2.95,2.95,2.91,2.94,8760,0
20160715,2.94,2.95,2.92,2.93,9761,0
20160718,2.93,2.96,2.89,2.91,73090,0
20160719,2.94,2.94,2.92,2.94,9490,0
20160720,2.94,2.94,2.9,2.9,33399,0
20160721,2.9,2.9,2.81,2.84,64953,0
20160722,2.82,2.84,2.74,2.78,81426,0
20160725,2.78,2.79,2.73,2.77,62811,0
20160726,2.79,2.8,2.72,2.75,93819,0
20160727,2.77,2.77,2.7,2.71,51473,0
20160728,2.73,2.75,2.7,2.75,20181,0
20160729,2.75,2.75,2.72,2.72,21974,0
20160801,2.73,2.75,2.69,2.71,47727,0
20160802,2.7,2.7,2.64,2.64,106710,0
20160803,2.64,2.64,2.41,2.44,267121,0
20160804,2.44,2.45,2.36,2.39,112264,0
20160805,2.39,2.42,2.28,2.3,235255,0
20160808,2.33,2.47,2.33,2.41,200429,0
20160809,2.48,2.53,2.48,2.52,210520,0
20160810,2.57,2.58,2.38,2.42,169621,0
20160811,2.45,2.47,2.4,2.46,67639,0
20160812,2.47,2.49,2.45,2.45,53211,0
20160816,2.45,2.47,2.4,2.41,75431,0
20160817,2.44,2.44,2.32,2.36,71343,0
20160818,2.37,2.45,2.37,2.44,37963,0
20160819,2.45,2.45,2.39,2.39,53388,0
20160822,2.41,2.41,2.29,2.29,79110,0
20160823,2.33,2.33,2.29,2.29,40446,0
20160824,2.29,2.29,2.15,2.18,203564,0
20160825,2.2,2.5,2.19,2.42,2741412,0
20160826,2.41,2.41,2.34,2.39,124484,0
20160829,2.39,2.43,2.37,2.39,7438,0
20160830,2.38,2.38,2.33,2.33,33693,0
20160831,2.34,2.43,2.34,2.35,43678,0
20160901,2.35,2.4,2.25,2.27,105163,0
20160902,2.32,2.32,2.25,2.26,92186,0
20160905,2.26,2.28,2.2,2.24,384355,0
20160906,2.24,2.4,2.24,2.3,1472902,0
20160907,2.3,2.34,2.25,2.26,101315,0
20160908,2.3,2.34,2.24,2.24,79230,0
20160909,2.29,2.3,2.24,2.27,68287,0
20160912,2.26,2.34,2.24,2.34,67144,0
20160913,2.35,2.4,2.35,2.35,60973,0
20160914,2.38,2.38,2.31,2.33,9425,0
20160915,2.36,2.39,2.31,2.33,58960,0
20160916,2.33,2.33,2.3,2.3,62291,0
20160919,2.3,2.34,2.3,2.34,44310,0
20160920,2.34,2.34,2.28,2.31,256712,0
20160921,2.33,2.33,2.26,2.27,33065,0
20160922,2.31,2.31,2.26,2.29,139570,0
20160923,2.3,2.44,2.3,2.35,486536,0
20160926,2.35,2.42,2.3,2.3,171121,0
20160927,2.33,2.33,2.27,2.27,68328,0
20160928,2.29,2.31,2.27,2.27,34233,0
20160929,2.34,2.34,2.26,2.3,75395,0
20160930,2.3,2.31,2.27,2.28,30074,0
20161003,2.32,2.32,2.27,2.28,26665,0
20161004,2.3,2.3,2.28,2.29,59922,0
20161005,2.29,2.29,2.23,2.23,107179,0
20161006,2.23,2.27,2.23,2.24,98316,0
20161007,2.23,2.25,2.22,2.23,113814,0
20161010,2.3,2.3,2.24,2.27,95883,0
20161011,2.27,2.29,2.2,2.24,54138,0
20161012,2.26,2.26,2.24,2.25,7333,0
20161013,2.26,2.28,2.19,2.2,72554,0
20161014,2.22,2.22,2.19,2.19,34538,0
20161017,2.23,2.23,2.08,2.09,220397,0
20161018,2.1,2.12,2.05,2.1,239448,0
20161019,2.14,2.14,2.1,2.11,65336,0
20161020,2.13,2.14,2.1,2.1,71211,0
20161021,2.12,2.13,2.1,2.11,67524,0
20161024,2.12,2.16,2.12,2.16,143925,0
20161025,2.16,2.17,2.12,2.13,82604,0
20161026,2.13,2.17,2.12,2.14,37254,0
20161027,2.16,2.16,2.1,2.12,111725,0
20161028,2.12,2.13,2.1,2.11,30614,0
20161031,2.13,2.13,2.1,2.11,77362,0
20161102,2.11,2.11,2.04,2.04,89641,0
20161103,2.05,2.06,2.04,2.05,103362,0
20161104,2.04,2.05,2.02,2.04,68598,0
20161107,2.05,2.06,2.03,2.04,51893,0
