Date,Open,High,Low,Close,Volume,OpenInt
20070724,369,369,338,345,71204,0
20070725,329,337.4,320.1,337.4,5417,0
20070726,331,344.5,325,340,5640,0
20070727,324,335,324,328,334,0
20070730,322.5,329,320,321,1144,0
20070731,311,320,310,320,1291,0
20070801,302,319,301.5,309,167,0
20070802,303.1,310,299,300,2175,0
20070803,299.6,307.5,294,304,762,0
20070806,310,310,300,300,504,0
20070807,305.5,310,305,310,700,0
20070808,311,314,300,310,316,0
20070809,319.4,319.4,308,309.5,87,0
20070810,300,304.4,290,303,2164,0
20070813,300,313,290,313,2397,0
20070814,297.5,304.4,297,304.4,482,0
20070816,290,298,255,260,1296,0
20070817,255,265,247.4,265,321,0
20070820,269,269,257.4,262.6,47,0
20070821,262.6,262.6,250,256.5,1328,0
20070822,260.5,292,260.5,292,3512,0
20070823,294,294,281.3,290,190,0
20070824,293.9,293.9,280,289.9,60,0
20070827,295,299.5,290,296.5,272,0
20070828,303,303,290,290,86,0
20070829,285,295,275,290,118,0
20070830,298.5,299,276,288,169,0
20070831,299.9,299.9,286,297,41,0
20070903,299.9,300,290,300,787,0
20070904,304.5,304.5,300,300,103,0
20070905,300,300,281.1,297,613,0
20070906,301,301,291,300,297,0
20070907,304.7,304.7,290,300,92,0
20070910,294,303,294,300,576,0
20070911,291.1,308.5,291.1,300,69,0
20070912,291,309.5,291,309.5,2347,0
20070913,314.9,314.9,302,313,90,0
20070914,313,313,305,305,118,0
20070917,304.8,304.8,295,303,191,0
20070918,303,303,300,300.5,106,0
20070919,301.1,303,300.2,301,115,0
20070920,295.1,300.7,295.1,300.7,203,0
20070921,295.6,300.7,295.6,300,311,0
20070924,300,300,294.5,297.4,15,0
20070925,295.5,304.5,294.5,304.5,805,0
20070926,304.4,312,304.4,310,5589,0
20070927,312.3,315,307.1,310.2,184,0
20070928,310,310,300.5,309,131,0
20071001,301.1,301.1,297,300,40,0
20071002,300.2,304.9,297,304.9,221,0
20071003,296.1,301.7,296.1,301.7,2353,0
20071004,300,301,300,301,16,0
20071005,310,310,300,308.5,483,0
20071008,300,308.4,300,308.4,49,0
20071009,300.1,308.5,300.1,308.5,91,0
20071010,308.5,308.5,308.5,308.5,3,0
20071011,300.1,308.5,300.1,308.5,108,0
20071012,301,309.9,301,309.9,152,0
20071015,301.5,330,301.5,330,954,0
20071016,330,344.5,323,344.5,481,0
20071017,350,360,332.5,347,1621,0
20071018,347,347,332.5,343.9,102,0
20071019,334,334,312.1,330,483,0
20071022,325,325,300,308.1,464,0
20071023,314.5,314.5,306,310,87,0
20071024,311.9,311.9,301.2,311.5,64,0
20071025,301.9,310,301.9,310,147,0
20071026,310,310,300.1,305,119,0
20071029,307,314.9,300.5,314.9,95,0
20071030,309.9,319.4,309.9,319.4,30,0
20071031,319.9,320,311.8,320,126,0
20071105,305,324,305,310,23,0
20071106,310,314.9,305,314,152,0
20071107,302.8,310,297,300,142,0
20071108,300,309.8,286,309.8,340,0
20071109,300.1,300.1,300.1,300.1,5,0
20071112,295,310,295,310,8,0
20071113,296.1,315.1,296.1,315.1,31,0
20071114,329.9,329.9,310,323,40,0
20071115,320.1,320.1,296,309,126,0
20071116,305,308.5,305,308.5,41,0
20071119,313,313,305,305,732,0
20071120,295.5,300,295,297,63,0
20071121,305,313,305,308.5,996,0
20071122,290,308.5,285,285,377,0
20071123,303,303,236.6,237.6,6754,0
20071126,244,248,240,243.9,622,0
20071127,244.9,247,240,245,1601,0
20071128,240,240,239,240,97,0
20071129,249,249,240.3,245,135,0
20071130,247,247,245,245,4,0
20071203,236.6,244,236.6,243.5,18,0
20071204,236.6,242,233.2,241.9,146,0
20071205,238,238,236,238,124,0
20071206,244.5,244.5,244,244.3,22,0
20071207,243,252,237.1,248.9,42,0
20071210,251.5,251.5,238.1,245,41,0
20071211,245,245,238.1,243,58,0
20071212,243,243,235,243,102,0
20071213,244.9,244.9,235.5,236,38,0
20071214,236,242,235,242,102,0
20071217,243.5,243.5,243.5,243.5,0,0
20071218,235,243.2,235,242,383,0
20071219,237,240,237,240,21,0
20071220,235,239,235,238.5,616,0
20071221,239,242.5,235,241.4,495,0
20071227,236.5,243.9,236.5,243.6,7,0
20071228,243.8,243.8,243.7,243.7,55,0
20080103,230.5,238,230.2,238,22,0
20080104,236,236,236,236,4,0
20080107,235,235,235,235,7,0
20080108,233,234,230.2,234,3,0
20080109,233.1,233.1,233.1,233.1,3,0
20080110,230.1,230.1,230,230,37,0
20080111,220,224.9,199.9,200,245,0
20080114,195,195,182,194,47,0
20080115,185,189.5,169.1,169.1,75,0
20080116,170,170,151,164,73,0
20080117,163.5,163.9,160,160,60,0
20080118,159.9,159.9,150.3,154.9,73,0
20080121,155,155,148.3,150,42,0
20080122,145,149.3,130.6,148.9,85,0
20080123,160,160,149,150,34,0
20080124,159.3,159.4,156,159.4,173,0
20080125,159.4,162.1,159.4,162.1,15,0
20080128,162,172.3,147,172.3,104,0
20080129,174.3,174.4,173.9,174.4,91,0
20080130,176,179.2,176,179.2,18,0
20080131,178.9,178.9,175,175,57,0
20080201,178.9,179.4,167.8,179.4,8,0
20080204,179.4,185,179.4,185,46,0
20080205,182,182,182,182,10,0
20080206,185.8,185.8,185.8,185.8,1,0
20080208,170.1,183.9,170.1,183.9,1,0
20080211,180,180,170,177.9,364,0
20080212,184,184,168,180,204,0
20080213,178.9,179.5,178.9,179.5,14,0
20080214,170.2,183.9,170,183,149,0
20080215,179.5,182.9,171,182.9,48,0
20080218,182.9,182.9,182.9,182.9,1,0
20080219,182.9,182.9,182.9,182.9,0,0
20080220,176,180,176,180,229,0
20080222,182.8,183,182.8,182.9,61,0
20080225,182.9,182.9,182.9,182.9,7,0
20080226,182.7,182.7,173,182.4,48,0
20080227,173,181.9,173,181.9,9,0
20080228,180,180,180,180,30,0
20080303,181.5,181.5,180,181.5,14,0
20080304,181.5,181.5,181.5,181.5,1,0
20080305,181.5,181.5,181.5,181.5,10,0
20080306,181.5,181.5,181.5,181.5,1,0
20080307,180,180,180,180,3,0
20080310,180,180,180,180,3,0
20080311,180,180,180,180,4,0
20080312,181.5,181.5,180,180,29,0
20080313,177,180,173,180,64,0
20080314,180,182.9,180,182.9,3,0
20080317,179.9,179.9,172,179.7,80,0
20080318,178.3,182.9,178.3,182.9,248,0
20080319,185.5,188.8,182.9,188.8,210,0
20080320,188.3,188.3,180,183.1,23,0
20080325,188.2,188.2,188.2,188.2,100,0
20080326,185,192.7,185,192.7,31,0
20080327,191.7,191.7,191.7,191.7,1,0
20080328,191.7,192.9,191.7,192,110,0
20080331,192,192,192,192,1,0
20080401,192.9,196,192.9,196,29,0
20080402,200.1,200.1,194,196,129,0
20080403,196,196,193.1,196,32,0
20080404,210,210,204.9,204.9,75,0
20080407,202.9,202.9,196,196,11,0
20080408,202.9,202.9,196,196,2847,0
20080409,202.7,202.7,202.7,202.7,2,0
20080410,202.7,202.7,202.7,202.7,5,0
20080414,200,200,200,200,1,0
20080415,198.9,198.9,198.9,198.9,1,0
20080416,198.8,198.8,198.8,198.8,1,0
20080417,190,201.9,190,201.9,124,0
20080418,198.2,201,198,201,355,0
20080421,191.5,200,191,200,438,0
20080422,202.9,215,202.9,214,2401,0
20080423,213.5,214,208.4,208.4,33,0
20080424,211,213.9,211,213.9,65,0
20080425,213.6,228,211,228,95,0
20080428,230,237.7,228,237.7,22,0
20080429,242.5,242.5,240,240,27,0
20080430,239.9,239.9,230,239.5,22,0
20080505,239.2,239.2,237.9,237.9,7,0
20080506,215.5,237.7,215.5,237.4,33,0
20080507,230,236.6,228,236.6,2697,0
20080508,230,234.7,225,234.7,5243,0
20080509,230,230,230,230,15251,0
20080512,220,220.3,220,220,132,0
20080513,220,230,220,230,58,0
20080514,229.9,230,229.9,230,168,0
20080515,231,231,231,231,75,0
20080516,225,226,225,225,65,0
20080519,225,225,220.1,221,1067,0
20080520,219.9,219.9,219.9,219.9,2,0
20080521,219.9,219.9,219.9,219.9,2,0
20080523,218.9,218.9,218.8,218.8,15,0
20080526,218.8,218.8,218.8,218.8,1,0
20080528,220,224.5,220,224.5,74,0
20080529,224.5,224.6,220,224.6,4,0
20080530,224.4,224.4,224.4,224.4,2,0
20080602,224.6,225,224.6,225,37,0
20080603,220.5,226,220.5,220.6,112,0
20080604,221,221.1,221,221.1,26,0
20080605,230.2,230.2,230.2,230.2,2,0
20080606,225,229.9,225,229.9,100,0
20080609,222,229.9,222,229.9,26,0
20080610,222,226,220,226,83,0
20080611,229.8,239.8,220.2,220.2,116,0
20080612,226,231,222,229.7,113,0
20080613,229,229.9,229,229,86,0
20080616,230,238,230,235.4,111,0
20080617,235.4,235.4,235.4,235.4,2,0
20080618,221.6,234,221.6,234,34,0
20080619,225.1,233.9,225,233.6,12,0
20080620,232.9,232.9,232,232,3,0
20080623,227.1,232,227.1,232,15,0
20080624,225.5,230,225.5,230,13,0
20080625,232,236,224,234.8,18,0
20080626,235,235,235,235,5,0
20080627,232,232,232,232,1,0
20080630,225,238,225,235,8,0
20080701,224.1,236.4,224.1,236.4,5,0
20080702,236.5,238,220,220,3095,0
20080703,220,230,220,230,98,0
20080704,225,229.9,225,229.9,23,0
20080707,221,224.9,221,224.7,7,0
20080708,213,219.4,213,219.4,28,0
20080709,219.5,221.8,219.5,221.8,73,0
20080710,220,220,220,220,101,0
20080711,220,220,218,220,2909,0
20080715,215,216.9,210,216.9,1170,0
20080716,216.8,216.8,216.8,216.8,101,0
20080717,220.9,221.8,218,221.8,1073,0
20080718,220,221.8,220,220.5,547,0
20080721,220,221.4,220,221.4,716,0
20080723,223,229.9,223,229.9,128,0
20080724,230,235,225.5,235,213,0
20080725,231.7,231.8,231.7,231.8,5,0
20080728,231.8,231.8,231.8,231.8,3,0
20080729,232,232,232,232,1,0
20080730,230,232.5,230,232.5,5,0
20080731,235,235,230,230,140,0
20080801,230,230,230,230,11,0
20080804,226,226,226,226,15,0
20080805,232,232,229,229,10,0
20080806,234,234,232.9,232.9,25,0
20080807,220,231.9,220,220,803,0
20080808,220,220,200,205,125,0
20080811,190,209.9,190,209.9,11,0
20080812,205,209.8,205,209.8,35,0
20080813,208,209.9,205,209.9,21,0
20080814,209.9,209.9,209.9,209.9,3,0
20080818,209.9,215.7,209.9,215.7,6,0
20080819,210,214,200,209.9,272,0
20080820,215.7,215.7,187,196.6,570,0
20080821,195.8,195.8,182.5,182.5,3,0
20080822,190,190,190,190,1,0
20080825,194.8,199.4,194.5,199.4,110,0
20080826,202,202,202,202,0,0
20080827,203,204.8,203,204.8,21,0
20080828,203.5,203.5,203.5,203.5,7,0
20080829,204,204,196,200.8,64,0
20080901,202,202,202,202,1,0
20080902,200.8,202,200.8,202,6,0
20080903,202.5,202.5,202.5,202.5,1,0
20080904,202.9,202.9,202.9,202.9,2,0
20080905,195,195,195,195,40,0
20080908,194,194,194,194,51,0
20080909,194,194,194,194,2,0
20080910,188,194,188,194,64,0
20080911,194,194,194,194,2,0
20080912,193.8,193.8,186,193.8,42,0
20080915,193,193,193,193,207,0
20080916,192.4,192.4,192.4,192.4,1,0
20080917,185,185,180,185,79,0
20080918,192.5,193,192.5,193,11,0
20080919,193,193,193,193,4,0
20080922,192,192.3,184.1,192.3,8,0
20080923,192.9,192.9,192.9,192.9,1,0
20080924,191.8,191.8,191.6,191.6,31,0
20080926,192.8,192.8,192.8,192.8,1,0
20080929,185,188.9,185,188.9,44,0
20080930,192.9,192.9,192.9,192.9,0,0
20081001,191.9,191.9,165,165,1403,0
20081002,175,175,160,160,69,0
20081003,150,157.5,150,157.5,103,0
20081006,150,150,127.7,127.7,657,0
20081007,135,135,108.3,115,335,0
20081008,110,115,110,115,6,0
20081009,129,129,129,129,1,0
20081010,133,133,110,110,18,0
20081013,130,130,110,110,77,0
20081014,128,128,109.9,110,767,0
20081015,110,115,100.2,100.2,134,0
20081016,100.2,100.2,91,94,150,0
20081017,105,119.7,100,118.5,163,0
20081020,118.9,119.7,118.9,119.7,5,0
20081021,119,125,119,125,8,0
20081022,125,125,125,125,0,0
20081023,131.6,131.6,114.5,130.2,41,0
20081024,126.8,126.8,126.8,126.8,1,0
20081029,125,125,125,125,11,0
20081030,127.9,127.9,127.9,127.9,0,0
20081031,125,125,124.9,125,50,0
20081103,124.5,124.5,124.5,124.5,0,0
20081104,124,124,124,124,1,0
20081105,114,120,105,120,158,0
20081106,115,115.5,115,115.5,42,0
20081107,113,114.5,113,114.5,100,0
20081110,114.9,122.5,114.9,121.7,6,0
20081112,116.3,121.6,105.1,121.6,127,0
20081114,110,121,110,121,82,0
20081117,122,122.5,120,122,79,0
20081118,122.2,122.2,122.2,122.2,0,0
20081119,122.1,122.1,122.1,122.1,1,0
20081120,106,120.8,106,120.8,63,0
20081121,110,120,110,120,15,0
20081124,119.7,119.7,119.7,119.7,1,0
20081126,119.6,119.6,119.6,119.6,20,0
20081127,119.7,119.7,119.7,119.7,80,0
20081128,119.6,119.6,119.6,119.6,20,0
20081201,120,120,116,119.6,24,0
20081202,115,119.6,115,119.6,10,0
20081204,119.6,119.6,119.6,119.6,50,0
20081205,119.4,119.6,119.4,119.6,50,0
20081208,119.6,119.6,119.6,119.6,1,0
20081209,114.1,116,114,116,78,0
20081210,110.5,115.5,110,115,120,0
20081211,110,115,110,115,68,0
20081212,100,114.5,100,114.5,257,0
20081215,110.3,114.2,101,114.2,38,0
20081216,114.3,114.3,102.7,110,71,0
20081217,110,111.4,100,111.4,235,0
20081218,111.3,111.3,111.3,111.3,0,0
20081219,111.3,111.3,111.3,111.3,0,0
20081222,109.8,109.8,100,100,25,0
20081223,95,100,95,99.8,34,0
20081229,109.2,109.2,105,105,0,0
20081230,109.3,109.3,94.4,100,37,0
20081231,100,100,100,100,8,0
20090105,108.9,108.9,107.8,107.8,11,0
20090106,104.2,107.8,97.4,107.5,18,0
20090107,107,107,107,107,3,0
20090108,106.9,106.9,106.9,106.9,2,0
20090109,106.9,106.9,106.9,106.9,1,0
20090112,106.9,106.9,106.3,106.3,14,0
20090113,106.5,106.5,100,100.9,83,0
20090114,107,107,95,95,174,0
20090115,95,95,87,90,357,0
20090116,98.9,98.9,88.8,88.8,43,0
20090119,91.5,91.5,84.5,90.8,12,0
20090120,90.8,90.8,90.8,90.8,1,0
20090121,84,91.9,83,91.9,19,0
20090122,91.9,91.9,91.9,91.9,0,0
20090126,91.6,91.6,91.6,91.6,0,0
20090127,80,81,78.5,81,22,0
20090128,82,82,77,80,20,0
20090129,88,92.5,88,92.5,25,0
20090130,93.5,93.7,92.5,92.5,52,0
20090202,93.5,93.5,93.5,93.5,1,0
20090204,94.6,94.6,94.6,94.6,0,0
20090205,85,87,85,87,96,0
20090206,94.6,94.6,80,93.6,23,0
20090209,94.1,94.1,84,88.7,171,0
20090210,97.1,97.1,84.5,87.2,49,0
20090212,91,91,80,80,155,0
20090213,79.9,82,77,81.9,115,0
20090216,81.9,81.9,80,81.9,51,0
20090217,72,72,72,72,71,0
20090218,75,81.6,67.4,81.6,52,0
20090219,87.9,87.9,75.8,75.8,134,0
20090220,75.6,80.5,70.9,70.9,21,0
20090223,77.8,77.8,77.8,77.8,1,0
20090224,77.1,80,67.9,72.8,17,0
20090225,80,80,80,80,0,0
20090226,82,82,70,79.8,10,0
20090227,75,79.8,75,79.8,25,0
20090302,79.5,79.5,79.5,79.5,0,0
20090303,76,76,75.8,75.8,1,0
20090304,70,70,66,70,398,0
20090305,69.9,70,66,70,288,0
20090306,77,77,77,77,10,0
20090309,74.7,74.7,69,71.5,117,0
20090310,73,78,73,78,58,0
20090312,70.2,70.2,69.7,69.9,187,0
20090313,69.9,77,69.9,72.5,12,0
20090316,74.5,74.5,74.5,74.5,0,0
20090317,68.1,74.9,68.1,74.7,40,0
20090318,74.7,74.7,74.7,74.7,20,0
20090320,70,73.5,70,73.5,39,0
20090323,72.4,72.4,64.5,69,1679,0
20090324,69.9,70,67,69.5,889,0
20090325,70.1,71,65.6,69.8,509,0
20090326,71.3,76.8,68.2,73,2061,0
20090327,75,75,68,70,1327,0
20090330,70,72.8,65,65,967,0
20090331,72.5,72.5,67,68.7,2292,0
20090401,69,71.5,69,69,457,0
20090402,69.1,76.9,68,73,1753,0
20090403,77.1,79,75.1,77.2,858,0
20090406,77.1,77.5,75.5,75.5,1038,0
20090407,75.1,75.1,72,75,93,0
20090408,76,78.2,73.7,78.2,525,0
20090409,80,91,80,89,1553,0
20090414,87,105.4,87,103.5,1310,0
20090415,103.5,114.5,101,112.5,481,0
20090416,116.9,128,115.2,124.5,1241,0
20090417,126,126,106.1,108.5,1260,0
20090420,106.1,106.1,96,97.8,2170,0
20090421,95.1,97.5,95,97,2278,0
20090422,98.5,110,98.5,104.2,8276,0
20090423,105,105,97.3,100,10586,0
20090424,99.9,99.9,93,97,1271,0
20090427,91.7,94.4,90.6,93,789,0
20090428,93.5,96,88,92.9,775,0
20090429,93.9,97.8,93,97.8,363,0
20090430,99.9,104.9,99,99.1,765,0
20090504,102.7,102.7,95.2,98.9,649,0
20090505,100.5,103,96,99.4,1003,0
20090506,99.4,102.5,97,98.4,610,0
20090507,99.3,99.3,95.5,96.5,321,0
20090508,96,98,91.6,92,440,0
20090511,93.8,93.8,89.5,90,436,0
20090512,91.8,91.8,89.4,90,753,0
20090513,90.1,90.1,86.1,86.1,646,0
20090514,86,87.9,82.1,84.9,469,0
20090515,85,85.1,83.5,84.8,493,0
20090518,85,85,77,81,440,0
20090519,83.5,88.5,83,84,419,0
20090520,84,85,81.5,81.5,627,0
20090521,83,83,81,83,43,0
20090522,83,83,78.1,80,492,0
20090525,78.2,78.2,72.5,73,2608,0
20090526,73.1,73.1,71.5,72,1276,0
20090527,73.8,73.8,71,72,2769,0
20090528,73.4,74,67,70,1197,0
20090529,72,72,70,71,726,0
20090601,72.8,85.5,72.8,81,2086,0
20090602,82.5,84.4,78.2,78.6,1287,0
20090603,80.9,86,80,82.3,1482,0
20090604,80.3,83.7,79.1,82.4,779,0
20090605,83.1,84.8,82,82.8,1117,0
20090608,82,83.9,78.1,80,4140,0
20090609,80,81,80,80,1450,0
20090610,82.8,86,80.5,83,3212,0
20090612,85.9,87.7,83,85.5,462,0
20090615,86,88,82.5,84.9,2064,0
20090616,83.6,84.8,78.1,84.5,680,0
20090617,84,84.5,81.3,81.3,146,0
20090618,81.1,82.2,80.9,82.2,236,0
20090619,81.4,84.7,80.2,83.3,980,0
20090622,83.9,83.9,77.4,77.8,550,0
20090623,75.9,76.4,73,75.5,294,0
20090624,75.5,77,75.5,77,93,0
20090625,77.3,79,75.5,77,207,0
20090626,77.5,79.5,77,77.1,524,0
20090629,76,79.5,76,79.5,490,0
20090630,78.5,79,78.5,78.6,102,0
20090701,79,79,77.5,78.9,22,0
20090702,80,80,77.1,77.1,168,0
20090703,76,76,74.6,75.2,237,0
20090706,75.8,77.5,75.8,75.8,188,0
20090707,77.4,77.5,76,77.5,192,0
20090708,77.5,77.5,77.5,77.5,3,0
20090709,78,78,77,77.5,58,0
20090710,77.2,77.5,74.1,74.1,111,0
20090713,74.1,75.8,74.1,75.8,104,0
20090714,73.3,74.6,73.1,73.1,138,0
20090715,75.7,78.5,75.7,77.2,447,0
20090716,77.2,77.2,75,77.2,175,0
20090717,79.5,79.5,77.5,78,446,0
20090720,78.5,82,78.5,81.5,422,0
20090721,81.5,83.9,81.5,83,791,0
20090722,83.5,83.5,80.5,82,198,0
20090723,82,83.5,81.7,83.5,498,0
20090724,84.1,84.4,81.4,84.4,655,0
20090727,84.5,88,83.3,87.8,594,0
20090728,86.9,87.2,85,85,601,0
20090729,85.1,85.1,83.2,84.7,64,0
20090730,83.5,86.5,83.5,86.5,468,0
20090731,87,92,87,90,1768,0
20090803,91.6,95,91,94.9,428,0
20090804,97,99,93,94.5,643,0
20090805,94.8,94.8,92.2,94,584,0
20090806,93.5,93.5,91.6,92,158,0
20090807,91.6,91.6,88,89.8,1056,0
20090810,90,90,85.5,86,2744,0
20090811,89,89.5,83.9,83.9,2361,0
20090812,82.2,84,82,83,650,0
20090813,86.2,88,83.5,83.5,1304,0
20090814,86,87.5,84.5,84.5,2250,0
20090817,85.8,85.8,81.9,83.5,973,0
20090818,84.5,86.9,84.5,86.9,1372,0
20090819,87,95.6,87,95.6,7045,0
20090820,98,98,93.1,94.9,2936,0
20090821,96,98.9,93.5,98,3031,0
20090824,100.4,105,100.4,104,2851,0
20090825,108.9,109.3,102.1,107.6,2131,0
20090826,110,112.8,107,107.5,2195,0
20090827,107.5,110,105,105,908,0
20090828,105,107,95,99.9,3264,0
20090831,100,100.5,98.5,100,1437,0
20090901,100.3,100.3,93.5,96.6,1306,0
20090902,94,94,87,87.2,2840,0
20090903,88,94,88,90.6,1671,0
20090904,93.3,93.4,90,90.1,1099,0
20090907,90.6,94.5,90,90,2129,0
20090908,93.5,93.5,91.5,92.5,1557,0
20090909,92.5,93,92.2,92.5,343,0
20090910,95,95,89,90,2263,0
20090911,88.5,88.6,86.1,87.5,707,0
20090914,88,88,82.5,85,1024,0
20090915,87.1,87.1,81,84.5,1657,0
20090916,85.5,92,85.5,88.5,1019,0
20090917,90.1,91.5,89,89,1449,0
20090918,89.1,91,88.5,89,462,0
20090921,89,91,89,89.1,157,0
20090922,91,91,83.2,83.2,9811,0
20090923,85.9,87.9,84.5,84.5,972,0
20090924,85,85.7,84.5,85.6,572,0
20090925,85.6,85.7,84.1,85.2,493,0
20090928,85.7,86,84.5,86,480,0
20090929,86.4,86.5,85.5,85.6,295,0
20090930,86,89,86,88.5,1088,0
20091001,88,88,86.2,86.6,50,0
20091002,86.5,86.5,83.6,84.8,346,0
20091005,84.9,86.9,83.6,86.4,213,0
20091006,85,86.4,85,86.3,553,0
20091007,86.3,88.8,86,88,1185,0
20091008,88.6,88.6,87.1,88,392,0
20091009,87,88.8,87,87.5,364,0
20091012,88.9,89,87.7,88.7,555,0
20091013,88,89,88,88,781,0
20091014,87.5,88.5,86,88,251,0
20091015,87.1,88,87.1,88,203,0
20091016,87,87,87,87,61,0
20091019,88.4,88.5,87,87.9,911,0
20091020,88.1,94.5,87.2,91.6,3237,0
20091021,92.4,95,87.2,92.7,2806,0
20091022,93,93,87,88.7,1008,0
20091023,89.8,90.9,89.2,90.8,415,0
20091026,90.7,90.7,87.2,89.8,114,0
20091027,89,89,86.3,86.3,375,0
20091028,86,86,83.5,86,324,0
20091029,86.3,87.8,84,87.8,420,0
20091030,88.5,88.5,87.3,88,384,0
20091102,87.9,88,87,87.9,351,0
20091103,90,90,86,87.5,716,0
20091104,87.5,88.8,87.5,88.8,433,0
20091105,89,94.4,88.8,90,4923,0
20091106,94,94,91,91,4754,0
20091109,92,94.5,92,93,3304,0
20091110,93.3,96.4,93.3,95.2,3459,0
20091112,96.5,99,95.5,97,5760,0
20091113,97,98,93.5,95,2427,0
20091116,97,98.5,96,97,1666,0
20091117,99.5,104.7,99,102,3011,0
20091118,103,103.5,98.1,99,1134,0
20091119,98.5,98.9,94.1,94.1,1125,0
20091120,95,96.5,93,94.5,906,0
20091123,94.5,94.5,93.1,94,1437,0
20091124,94,95,91.9,95,735,0
20091125,92.5,94.8,92.2,94.7,450,0
20091126,92.1,92.7,90.2,91.5,913,0
20091127,89,89.5,87.2,89,994,0
20091130,91.6,91.6,88.3,90.3,450,0
20091201,90.5,94.4,90.5,94.3,994,0
20091202,94.3,95.5,92.6,94,706,0
20091203,94,94,92.6,92.6,258,0
20091204,90.7,93.8,88.5,90.8,958,0
20091207,89.1,89.1,85.1,85.2,3999,0
20091208,85.4,86.9,83.2,83.2,3217,0
20091209,83.2,85.2,83,83,1363,0
20091210,83,84,81.1,82.2,716,0
20091211,84,84.5,83,84,1683,0
20091214,84.8,84.8,82.6,83.8,281,0
20091215,84.5,84.5,82.4,83.9,835,0
20091216,83.9,83.9,81.4,82.5,1574,0
20091217,82.6,82.6,78,78.2,1793,0
20091218,78.1,79.7,75.5,79,866,0
20091221,78.1,78.2,76.1,76.7,712,0
20091222,77,78,76,78,1324,0
20091223,78.9,78.9,76.5,77.2,522,0
20091228,77.5,78.8,74,75.6,1796,0
20091229,76,79.8,76,79.5,1172,0
20091230,78,79.9,78,78,388,0
20091231,78.2,79.3,78.2,78.6,304,0
20100104,79,84.4,77,83,1004,0
20100105,84.3,87.5,83.5,87.2,2274,0
20100106,87,87,83.5,86.5,865,0
20100107,84.4,86.9,84.4,86.5,433,0
20100108,85.5,86.8,85.5,86.6,617,0
20100111,86.9,91,86.1,90,2334,0
20100112,89.8,90,86.1,87.5,1188,0
20100113,86,88.6,82,83.5,1325,0
20100114,84.6,86,84.6,85.6,798,0
20100115,85.8,87.5,85.6,86.5,405,0
20100118,86.5,87,85,86.8,283,0
20100119,86.8,86.8,84,86.3,272,0
20100120,86,86.5,85.1,86.5,214,0
20100121,86.5,86.5,82.6,85.3,619,0
20100122,83,84.5,82.6,84.5,783,0
20100125,82.6,84.5,82.6,84.5,736,0
20100126,82.1,84,81,83,373,0
20100127,83.5,84,82.5,83.5,338,0
20100128,83,84.5,83,84,468,0
20100129,83.2,87,83,86.6,880,0
20100201,86.7,86.7,85.2,86.3,469,0
20100202,86.3,87.2,85.1,86.9,205,0
20100203,86.9,89.8,86.2,88.3,772,0
20100204,88.2,88.5,86,86,1732,0
20100205,84.5,85,83,85,3536,0
20100208,84.5,85.9,84.5,85.7,672,0
20100209,85.7,85.7,85.7,85.7,24,0
20100210,85,85.3,85,85.3,28,0
20100211,85.7,85.7,85,85.7,419,0
20100212,85.7,89.4,85.7,89.2,2464,0
20100215,90.6,92.5,89.4,90,2279,0
20100216,92.3,92.3,86,89,1135,0
20100217,89.7,100.9,89.7,99.2,9101,0
20100218,99.1,103.5,97.5,99,3651,0
20100219,99,102.5,98.1,100.7,3285,0
20100222,102,107,101.1,107,3971,0
20100223,107.5,116.5,107.3,114.9,6196,0
20100224,115,121.8,110.3,112.5,3125,0
20100225,110.4,113,107.3,107.6,2334,0
20100226,107.3,109.8,107.3,109.7,856,0
20100301,109.9,118,109.7,118,1351,0
20100302,119.3,119.3,115,117,1260,0
20100303,115.2,118.5,115.2,118.5,817,0
20100304,117,117.3,116,116,689,0
20100305,117,121,117,120.4,1614,0
20100308,121,126,121,125.5,5257,0
20100309,126,135,124,134.1,1485,0
20100310,134.5,138.9,134.5,138.9,1886,0
20100311,139.4,144,135.2,138,1352,0
20100312,132.5,139.3,132.5,137,1223,0
20100315,137.3,144,131.3,143.9,2253,0
20100316,140.2,147.9,140,147.9,2322,0
20100317,147,148,145.2,146.5,1008,0
20100318,147.5,147.5,140,145.1,364,0
20100319,145,145,137.1,137.2,800,0
20100322,136,136,127.5,129,1712,0
20100323,128.6,129,126.1,128.5,649,0
20100324,129,133,129,130.5,664,0
20100325,129,138,128,135.8,3475,0
20100326,135.8,140,135.8,137,402,0
20100329,136.7,142,136.7,142,677,0
20100330,142.1,149,142.1,145.5,1722,0
20100331,146,150.4,146,150.2,1551,0
20100401,150,154.5,149.2,154.2,2433,0
20100406,154.9,158.8,153.1,155,1817,0
20100407,155,155,143.1,148,582,0
20100408,147.7,147.7,140.4,141.5,568,0
20100409,141.3,145.9,141.3,145,4708,0
20100412,141.6,143.9,141.6,143.9,103,0
20100413,143.9,144,142.1,143.1,285,0
20100414,142.5,143.9,142,143.7,226,0
20100415,143.7,145.5,141,141.5,124,0
20100416,143.9,143.9,134.1,140,331,0
20100419,139,140,133.9,139.5,437,0
20100420,139.3,143.6,139.3,140.1,341,0
20100421,142.5,144,139.5,144,264,0
20100422,144,144.3,141.1,141.2,291,0
20100423,143,143,136,140,518,0
20100426,140,143.5,135.3,143.5,1659,0
20100427,143.5,146,141.8,146,1308,0
20100428,143.7,145.5,138,143.5,524,0
20100429,143.5,143.7,139.1,143.4,219,0
20100430,143.7,143.7,139,142.9,259,0
20100504,144,144,139.2,139.8,321,0
20100505,139.7,139.7,135.5,138.7,135,0
20100506,136.5,138,136,137.4,312,0
20100507,133,135,130.1,134,785,0
20100510,134,140,134,136,1122,0
20100511,133,137.5,130,131.9,493,0
20100512,133.9,134,129,132.9,883,0
20100513,134.8,135,131.8,134,396,0
20100514,133,135,130.2,135,800,0
20100517,130.1,133,130.1,132.9,114,0
20100518,129.5,131.9,129.5,130,511,0
20100519,128,128,123.5,125,674,0
20100520,124.8,124.8,123,124,1965,0
20100521,122,129.9,122,129,3623,0
20100524,129,137.7,129,136.2,263,0
20100525,135.8,137.7,132,137.7,3230,0
20100526,139,144.7,139,143.5,498,0
20100527,144.9,144.9,136.4,142.8,405,0
20100528,143.8,143.8,142.8,143.3,226,0
20100531,143.9,143.9,135.1,142,542,0
20100601,142.9,142.9,139.9,140.5,152,0
20100602,139.9,140,139.4,139.4,132,0
20100604,139.4,140.5,136.5,139,145,0
20100607,132.1,135.1,132.1,135,97,0
20100608,135,136,134.9,136,132,0
20100609,136,136,132,135.5,57,0
20100610,130.6,132.5,130.6,132.5,4,0
20100611,133.1,133.1,132.5,132.5,39,0
20100614,131.1,132,128.6,132,132,0
20100615,132,132,129,130,67,0
20100616,130,130,126,127.9,221,0
20100617,126,126,122.3,122.3,317,0
20100618,122.3,123,115,122.5,309,0
20100621,119.1,126,119.1,125.5,465,0
20100622,126,129.8,126,129.8,2091,0
20100623,131.9,131.9,124,124,1489,0
20100624,126,126,124,126,167,0
20100625,129.6,129.6,125.1,129,100,0
20100628,129.6,129.6,128.9,128.9,26,0
20100629,128,128.8,120.1,128,140,0
20100630,126,126,121,124,45,0
20100701,120.1,122.5,120,120.3,399,0
20100702,123,135.8,120.4,132.3,1314,0
20100705,133,133,128.1,130.4,319,0
20100706,131,133,128.6,130,107,0
20100707,133,133,132.4,132.4,25,0
20100708,132.4,139,128.5,136.5,368,0
20100709,136,138,136,137.5,80,0
20100712,138.7,138.9,137.5,138.9,991,0
20100713,139,141.5,138.5,139,250,0
20100714,140,145,140,140.7,712,0
20100715,142.7,144,141,141.2,270,0
20100716,143.6,143.7,143.6,143.6,65,0
20100719,143,143,140,140,174,0
20100720,139.2,140,139.2,140,31,0
20100721,140,143.5,138.5,140.2,879,0
20100722,143.4,143.4,139.5,143,247,0
20100723,143.4,152,143.4,147.1,2160,0
20100726,150,153,149.9,153,513,0
20100727,155,169.9,155,167.5,1983,0
20100728,170,171.5,164.1,171,1256,0
20100729,170.5,171,167,170,590,0
20100730,170.7,174,169,169,603,0
20100802,169,173,167.2,170.1,276,0
20100803,170,170,162.5,164,275,0
20100804,164,165.5,159.6,165.5,349,0
20100805,167.3,171.1,167.3,170,330,0
20100806,168,180.5,168,178,1651,0
20100809,180,183,176.2,182.5,1135,0
20100810,182.5,182.5,178.8,181.5,322,0
20100811,176.1,179.5,176,177.8,868,0
20100812,172.2,175.5,172.2,173,599,0
20100813,173,180,173,173.4,199,0
20100816,178,181.9,174,181.5,6694,0
20100817,181.9,189.9,181.9,189.9,668,0
20100818,189.9,190,186.5,189.9,685,0
20100819,188,189.5,186.6,186.6,2127,0
20100820,182.1,187.4,182.1,182.3,720,0
20100823,187,187,184.5,185.9,247,0
20100824,186,194.8,185,185,1272,0
20100825,183.3,189,183.2,188,3379,0
20100826,189.8,191.5,185.8,191.5,469,0
20100827,191.4,195,188,194,700,0
20100830,190.5,197.5,189.9,194.8,409,0
20100831,192.5,194.9,188,193,3098,0
20100901,189.5,192,183,190,4223,0
20100902,193,194.8,188.5,194.4,1939,0
20100903,194.4,199,194.4,199,623,0
20100906,201,208,200,203.5,415,0
20100907,204,207.8,203.5,205.2,201,0
20100908,205,209.5,200.2,209.5,10998,0
20100909,210,210,200.1,207.5,405,0
20100910,202,204.9,201.5,204.9,157,0
20100913,201,209.7,201,208.5,1502,0
20100914,209.7,210,201.3,204.5,211,0
20100915,209.9,210,204.5,207.5,14387,0
20100916,209,224.9,209,224.9,1066,0
20100917,224.7,224.7,217.1,218.8,807,0
20100920,224.4,224.4,213.2,219.9,467,0
20100921,221.8,221.8,206.2,214,643,0
20100922,214,214,200.6,206.9,724,0
20100923,201.6,204.8,201.1,204,340,0
20100924,200.1,208.6,200.1,208.6,456,0
20100927,209,214.9,202.5,214.5,271,0
20100928,207.2,213,207.2,211.8,284,0
20100929,211.9,211.9,205.8,210.8,2297,0
20100930,212,213,206.3,207.4,794,0
20101001,207.6,214,207.6,214,986,0
20101004,214.9,215.8,211.1,215.7,144,0
20101005,216,216,208.1,216,316,0
20101006,218.4,220,215,220,652,0
20101007,219.5,220,215.6,220,377,0
20101008,220,220,218,218.5,447,0
20101011,218.3,220,217,219.3,731,0
20101012,219.3,219.3,212.1,218,811,0
20101013,218,228,214,228,1059,0
20101014,230,230,227,228,2290,0
20101015,229,235.1,228.1,235.1,977,0
20101018,239.1,261,239.1,250,1526,0
20101019,249.9,250.5,243.1,248,903,0
20101020,249,250,248,249.4,1433,0
20101021,249.8,250,244.1,248.7,1484,0
20101022,244.2,255,244.2,249.5,1307,0
20101025,248,254,246.5,246.5,1877,0
20101026,246.5,246.5,243.1,245,815,0
20101027,243,248,240.2,248,910,0
20101028,249,252.5,247.2,252.5,881,0
20101029,252.5,256.5,252.5,252.5,1627,0
20101102,252.5,257,252.5,255.5,1920,0
20101103,255.5,256.5,253.6,255.5,1836,0
20101104,257.5,259.5,255.5,259,705,0
20101105,259.9,259.9,257,259.8,343,0
20101108,259.8,259.8,258,258.5,219,0
20101109,258.5,258.5,248.2,249.3,546,0
20101110,249.5,249.5,240.4,240.4,517,0
20101112,241,244,241,243.5,352,0
20101115,241,241,231.3,233.6,345,0
20101116,210,210,200,202.5,4597,0
20101117,201.5,201.5,186.9,194.5,1605,0
20101118,198.9,199,195,196.1,515,0
20101119,197.5,203.7,197,198,331,0
20101122,198,202.9,198,199,777,0
20101123,199.9,199.9,180,182.8,810,0
20101124,180,180,162.3,165.8,3388,0
20101125,165.6,169.8,161.2,164,956,0
20101126,159,159.5,152.5,152.8,1131,0
20101129,155,159.4,151,156,696,0
20101130,158.5,176,156,168.6,2002,0
20101201,173.9,174.7,167,169,1018,0
20101202,171,171.8,169,170.9,376,0
20101203,171,176.8,169,176.5,630,0
20101206,177,186,176,178.9,835,0
20101207,179.5,179.5,172.5,174.8,472,0
20101208,178.9,178.9,168.4,172.1,170,0
20101209,172.1,172.5,169.1,169.1,169,0
20101210,169.5,172,164,168.5,351,0
20101213,168.6,168.6,162,164,227,0
20101214,164,166,159.1,160.5,675,0
20101215,162.7,165.6,157.5,159.9,567,0
20101216,158,160.4,155.5,159.1,426,0
20101217,155.5,160.4,155.5,158,502,0
20101220,158,158,152,152.5,296,0
20101221,153,160,152.5,159.6,340,0
20101222,152.5,165,152.5,161,235,0
20101223,161,161,160,161,64,0
20101227,160,160,152.5,158.3,245,0
20101228,159.3,159.3,153.2,156,103,0
20101229,156,156,152.7,153.5,310,0
20101230,153.3,155,152.8,155,146,0
20101231,153,153,150.1,150.1,215,0
20110103,150.1,153.7,150,153.4,135,0
20110104,150.1,154.9,150.1,153,388,0
20110105,153,153,139.5,144.9,1317,0
20110107,145,145,141,141,476,0
20110110,141,141.8,137,140,571,0
20110111,140,143,136,143,635,0
20110112,143,147,142.9,147,677,0
20110113,147,154,147,153,776,0
20110114,154.9,154.9,145,150.5,775,0
20110117,151.5,151.5,150,150,147,0
20110118,151.4,151.4,146.5,146.5,149,0
20110119,146,146.8,140,142,484,0
20110120,140,145.2,140,145.2,228,0
20110121,143,144.5,140.9,144.1,520,0
20110124,141,143.8,141,142.9,9,0
20110125,141.5,141.5,137,139.8,188,0
20110126,139.9,139.9,133,137.4,385,0
20110127,139.7,139.9,131,134,340,0
20110128,134,134,127.8,129.3,591,0
20110131,128.9,130,128.2,130,235,0
20110201,130,137.7,130,132,497,0
20110202,135.1,135.1,128.4,132,532,0
20110203,132,143,132,142.5,499,0
20110204,145,145.5,142.1,142.3,530,0
20110207,145,146.5,142.5,146.5,326,0
20110208,146.3,148,145,146.5,133,0
20110209,148,148,142.9,144,234,0
20110210,144.9,145,142.5,145,210,0
20110211,142.5,142.5,137.5,142,177,0
20110214,141.8,147.9,141.8,147.9,18,0
20110215,147.5,147.5,146.5,147,56,0
20110216,146.5,146.5,142.1,145,33,0
20110217,146.5,146.5,142,143,65,0
20110218,141,141,135,135,300,0
20110221,138,138.8,131.8,135,198,0
20110222,132,135,125,133.9,287,0
20110223,134.5,134.5,129,130,85,0
20110224,130,130,129,129,55,0
20110225,132,137,128,133.5,366,0
20110228,130.4,138,130,136,354,0
20110301,138,138,130,132,560,0
20110302,132,132,128,128.5,129,0
20110303,128.6,134,127.5,132.9,236,0
20110304,132.9,132.9,127,128,635,0
20110307,128,130.7,127.7,130,333,0
20110308,130,130,126.3,129.9,233,0
20110309,129.9,129.9,126.3,128,247,0
20110310,125.5,128,125,126.5,336,0
20110311,126,128,123,128,96,0
20110314,128.4,129.8,123,129,85,0
20110315,123.1,125.9,121.6,121.6,328,0
20110316,121.5,124,121.5,124,191,0
20110317,125,125,121.9,125,121,0
20110318,122,122.5,117.6,122,518,0
20110321,124,124,117.9,122,247,0
20110322,124,124,120,122.5,135,0
20110323,122.5,127,120.5,124.9,299,0
20110324,122.1,127,122.1,122.3,22,0
20110325,122.1,126.8,122.1,125,419,0
20110328,126.5,126.5,123.1,124,373,0
20110329,125.5,133.3,125.5,133,1134,0
20110330,133.2,141.8,133.2,136.9,991,0
20110331,137.9,140.9,137,139.9,636,0
20110401,141,143,141,142.7,844,0
20110404,143,147.2,143,147.2,862,0
20110405,147.2,147.2,140.5,143.4,508,0
20110406,141.5,143,134.9,140.5,563,0
20110407,135.9,144.5,135.9,141.6,118,0
20110408,141.2,141.2,137.5,138.5,51,0
20110411,140,140,133.5,135.5,341,0
20110412,135.4,135.4,132,135,81,0
20110413,132.6,134.5,131,132.9,303,0
20110414,134,134,128.1,130,226,0
20110415,130,132.3,128.3,132.2,75,0
20110418,134.5,134.5,132.2,132.5,23,0
20110419,134.4,134.4,130,131.1,97,0
20110420,131.1,133,130,132.4,275,0
20110421,132.4,132.5,131,132.5,53,0
20110426,132.1,133,132,133,158,0
20110427,132.6,143.1,132.6,140,723,0
20110428,140,145,140,144,790,0
20110429,145,151,144,146,1330,0
20110502,146,149.5,142,145.6,163,0
20110504,145.6,146,140.7,143.7,233,0
20110505,144,144,138,140,329,0
20110506,139,139,135.1,138,227,0
20110509,136.5,142,136.5,141.6,205,0
20110510,141.6,141.6,137.5,140,151,0
20110511,140,140,136.6,139.7,142,0
20110512,137,138.9,136.6,136.6,178,0
20110513,136.7,136.7,129.1,131.9,167,0
20110516,129.4,129.4,120,126.5,275,0
20110517,119,119.5,108.1,108.4,1827,0
20110518,106.5,113,105.8,105.8,1413,0
20110519,108.8,108.8,101,101.5,2578,0
20110520,101.4,101.8,98.2,98.2,969,0
20110523,98,99.9,90.5,92.5,1049,0
20110524,92.6,93,85.6,92.9,1635,0
20110525,93,95.2,92.5,92.8,1284,0
20110526,94.7,94.7,88,89.9,1047,0
20110527,88.5,93.9,88,88,957,0
20110530,89.2,91.2,89.1,89.4,270,0
20110531,91,92,89.3,89.5,2769,0
20110601,91.6,91.6,88,89.5,1390,0
20110602,88.8,90.1,88,90,1019,0
20110603,90,91.6,88.5,91.6,1685,0
20110606,92.2,92.2,89.5,90.9,567,0
20110607,90,90.9,89.5,90,198,0
20110608,91,91,88.5,90.4,548,0
20110609,88.7,90,88.5,90,109,0
20110610,90,90,88.5,90,434,0
20110613,90,92.5,89,91.8,500,0
20110614,91.9,92.9,90,91.8,448,0
20110615,92.5,92.8,89,89,470,0
20110616,89,89,87.1,88.5,332,0
20110617,87.1,87.1,85,87,1679,0
20110620,86,86,84,84,938,0
20110621,84.1,84.5,81.2,81.2,126,0
20110622,82,83,81.2,82.9,166,0
20110624,84.4,84.5,81.9,81.9,72,0
20110627,85,85.5,83,83,41,0
20110628,81.2,84.9,81,84.9,74,0
20110629,80.1,84.9,80.1,84.8,88,0
20110630,84,86.9,81.3,86.5,141,0
20110701,86,86,82.2,85.8,84,0
20110704,85.7,85.7,84.4,85.6,11,0
20110705,82,82.1,80,81.1,316,0
20110706,80.1,82.5,78.1,81.4,589,0
20110707,82.4,82.4,80.2,81.5,174,0
20110708,84.5,84.5,80,80,330,0
20110711,79,81.9,79,81.9,88,0
20110712,81.8,81.8,78,78.9,201,0
20110713,79.6,79.6,75,77.5,255,0
20110714,77.3,77.3,72.2,75.1,263,0
20110715,73.5,74,72.7,74,531,0
20110718,73,73,70,70.5,630,0
20110719,70.1,70.1,64.5,66.9,1673,0
20110720,66.5,66.5,63.1,64.5,408,0
20110721,67,67,61,64,1183,0
20110722,62,66.9,62,66,534,0
20110725,65.5,65.5,64,64,154,0
20110726,65,65,60.9,64.5,351,0
20110727,62.6,63.5,60.6,62.5,234,0
20110728,61.8,66.7,61.2,64.5,450,0
20110729,64.5,64.5,60.2,61.1,1043,0
20110801,61.1,63.8,61.1,62.5,727,0
20110802,61.8,61.8,60.5,60.5,731,0
20110803,60,60,56.5,58.6,819,0
20110804,58.1,58.1,53.3,54.8,389,0
20110805,44.8,53,44.8,52.6,1886,0
20110808,47.5,50,47.5,49,1015,0
20110809,49.5,50,48.1,49.4,1495,0
20110810,53.8,53.8,48.5,48.5,1731,0
20110811,47.6,49.6,46.4,49.6,489,0
20110812,50.1,52,49,51.9,1262,0
20110816,50.7,51,49.5,49.5,459,0
20110817,49.5,51.9,49.5,51.5,1126,0
20110818,52.5,52.5,49.7,50,979,0
20110819,49.7,50.5,49.7,50.5,5061,0
20110822,51.1,51.3,50.1,51,83,0
20110823,49.5,49.5,48.1,49.2,188,0
20110824,48.9,49.2,48.2,49.2,127,0
20110825,49.9,49.9,46.4,47.6,527,0
20110826,48,48,46.8,47.6,154,0
20110829,48,50,48,49.6,244,0
20110830,50,50,49.6,49.6,65,0
20110831,49.7,49.7,48,49.5,264,0
20110901,48,48,46,46.4,838,0
20110902,46.5,46.5,43.6,43.7,446,0
20110905,42,42,39.5,40,939,0
20110906,40.4,41.8,37,38,941,0
20110907,37,40,35.7,36.5,2354,0
20110908,36.4,36.4,35.9,36,111,0
20110909,35.9,36,32.4,34.8,682,0
20110912,32.7,34.3,31.4,32,789,0
20110913,31.3,32.8,30.5,30.9,655,0
20110914,31,31,27.5,27.5,2098,0
20110915,28.8,28.8,25.5,26.7,2881,0
20110916,27.7,29.3,26.6,27.6,4079,0
20110919,27.4,27.4,25.5,26,2515,0
20110920,26,26,24.5,25,2210,0
20110921,24.6,28.7,24.6,27.3,1641,0
20110922,26.6,28.8,26,27,2219,0
20110923,28,28.9,26.2,28,990,0
20110926,28.5,30.8,28,30.8,1636,0
20110927,32.2,36.1,31.9,33,5085,0
20110928,33.8,33.8,29.2,29.2,2823,0
20110929,29,29.2,26.3,27.9,4184,0
20110930,27.8,28.4,27.3,28.4,481,0
20111003,28,28.2,25.6,25.7,4297,0
20111004,25.8,28,25.5,26.9,2280,0
20111005,28.9,29.3,27.3,28.5,3315,0
20111006,29.5,30.9,28.5,29.5,5012,0
20111007,30.7,31.4,27.8,29.6,6920,0
20111010,30,30.7,29.6,30.5,3183,0
20111011,30.7,31,29.6,30,1084,0
20111012,31.2,31.2,30,30.2,1268,0
20111013,30.6,31.1,30,30.3,3017,0
20111014,31,31,29.9,30.9,3494,0
20111017,31.2,31.2,29.9,30,1468,0
20111018,29.7,29.8,28.8,29.5,3032,0
20111019,30.3,30.3,29.5,29.5,197,0
20111020,29.8,29.8,29,29.5,235,0
20111021,29.1,30,28.7,29.9,1408,0
20111024,30.9,30.9,29.9,30.5,1264,0
20111025,30.3,30.3,29.6,30,601,0
20111026,29.5,31.9,29.5,30.1,2667,0
20111027,31.9,31.9,29.6,30,8701,0
20111028,30.4,30.4,29.6,30,1630,0
20111031,29,29.8,29,29.3,688,0
20111102,28.7,29.4,27.6,29,955,0
20111103,28.4,29.3,28,29,1310,0
20111104,29.3,30.2,28.9,29,2631,0
20111107,29.1,29.8,29,29.8,391,0
20111108,29.8,30.6,29.4,30.4,747,0
20111109,30.9,31,28.4,29,1594,0
20111110,29,29,26.5,27,5109,0
20111114,26.9,26.9,19.6,19.6,28864,0
20111115,20,20.3,16,16.2,47122,0
20111116,16.9,17.3,16.3,17.3,13481,0
20111117,17.4,18.3,16.9,16.9,20776,0
20111118,17.3,17.3,16.4,17.2,9887,0
20111121,17.2,17.2,15.3,15.3,11872,0
20111122,15.9,16.7,15.7,16.6,6280,0
20111123,16.8,16.8,15.4,16.1,2137,0
20111124,16.3,16.3,15,15.4,4096,0
20111125,15.4,15.9,15.1,15.3,4875,0
20111128,15.8,16.2,15.6,16,3357,0
20111129,16.3,16.4,15.3,16,2275,0
20111130,15.9,16,15.5,15.9,1840,0
20111201,15.3,15.7,14.9,15.4,2566,0
20111202,15.5,15.6,15,15.5,1142,0
20111205,15.4,16.2,14.9,16.2,3512,0
20111206,16.1,20.4,16.1,20.4,45071,0
20111207,20.6,22,18.9,19.1,28085,0
20111208,19.9,20,18.2,19.3,10082,0
20111209,18.6,19.5,18.5,19.1,5743,0
20111212,19,19.1,17.2,17.2,10286,0
20111213,17.8,17.8,16.3,16.6,4937,0
20111214,16.5,16.5,15.6,16.3,2089,0
20111215,16.4,16.5,15.6,15.9,2995,0
20111216,15.8,17,15.8,16.4,3898,0
20111219,16.6,17.5,16,17.2,3720,0
20111220,17.5,18.3,17.1,18.3,5493,0
20111221,18,18.5,17.2,17.2,3099,0
20111222,17.9,18.1,16.4,16.9,3944,0
20111223,16.5,17.4,16.5,16.8,1712,0
20111227,16.5,17.3,16,17,4009,0
20111228,17,17.2,16.3,16.7,1237,0
20111229,16.5,17.1,16.3,16.9,2368,0
20111230,17,17,15.5,16,8925,0
20120102,15.7,17,15.7,17,16776,0
20120103,17,17.5,16.4,17,9734,0
20120104,17,17,16.4,16.4,2929,0
20120105,16.7,16.7,16,16.4,2884,0
20120109,16.1,16.9,16,16.5,2538,0
20120110,16.7,18.4,16.6,18.1,11269,0
20120111,18.2,19.6,18,18.4,6518,0
20120112,18.4,19.2,18.4,19.1,3436,0
20120113,19.5,21.8,19.2,21.8,20796,0
20120116,21.7,25.4,21,24.6,39808,0
20120117,27.6,27.8,25.6,27,53017,0
20120118,28,28,25.2,25.5,25819,0
20120119,25.4,26.4,24.5,26.2,9039,0
20120120,26.5,26.9,25,25.7,7303,0
20120123,25.7,25.7,23.2,23.7,12992,0
20120124,23.5,23.5,22,22.4,6645,0
20120125,22.6,25.4,22.5,24.2,11961,0
20120126,24.2,25.1,23.1,23.3,5977,0
20120127,24.7,24.8,23.1,23.6,1876,0
20120130,23.9,23.9,22.5,22.6,6198,0
20120131,23.2,24.5,22.1,23.5,9518,0
20120201,23.8,24.5,23.6,23.6,5280,0
20120202,24,24.5,23.6,24.5,3550,0
20120203,24.7,26.8,24.7,26.3,12967,0
20120206,27.1,28.8,26.8,28,14316,0
20120207,28.2,28.5,26,26.8,8033,0
20120208,28.5,28.5,27.4,28,10214,0
20120209,28.4,28.4,26.7,26.7,7085,0
20120210,26.7,26.8,25.3,25.6,4824,0
20120213,25.6,27.4,25.6,26.7,4809,0
20120214,27,27,26,26.5,5083,0
20120215,27,27.4,26.2,26.9,2743,0
20120216,26.6,26.6,25.9,26,7054,0
20120217,26,26.9,25.7,26.8,3923,0
20120220,27.3,27.4,26.1,26.2,3017,0
20120221,26.7,27,26.2,26.9,2747,0
20120222,26.3,26.7,25.6,25.8,4281,0
20120223,25.9,26.5,25.5,26,1663,0
20120224,26.3,26.6,25.7,26.5,2966,0
20120227,26.3,26.3,25.5,26.2,1046,0
20120228,26.2,27.2,26.2,26.6,2971,0
20120229,26.7,26.7,24.6,24.6,5392,0
20120301,24.5,24.8,23.2,23.4,4996,0
20120302,23.2,24.3,23.2,24.3,999,0
20120305,23.8,23.8,23,23.1,5689,0
20120306,22.7,22.7,20.9,21.3,8514,0
20120307,20,23.5,19.3,23,16380,0
20120308,23.6,23.8,22.5,23,4602,0
20120309,23.5,23.9,22.8,22.8,3665,0
20120312,23.3,23.3,21.3,22.3,1178,0
20120313,21.5,23.3,21.3,23,6489,0
20120314,23,23.1,22.2,22.4,1254,0
20120315,23.1,23.1,22.1,22.5,1495,0
20120316,22.4,22.7,22.2,22.3,2688,0
20120319,22.3,23.1,21.6,23.1,10804,0
20120320,23.9,24.9,22.4,22.5,12700,0
20120321,22.2,22.4,20.8,21,7070,0
20120322,21,21,18.9,19.6,10824,0
20120323,19.5,20.1,19.1,19.9,1951,0
20120326,20.4,21.8,19.9,21.7,3003,0
20120327,22,25.9,21.7,25.6,15975,0
20120328,25.9,31.2,25.7,31.2,60428,0
20120329,32.4,39.3,31.7,39.2,54597,0
20120330,45,47.5,32,32,104433,0
20120402,31.5,34.6,29.5,30.2,41824,0
20120403,30.5,34.9,29.2,33.9,51373,0
20120404,33.9,33.9,30.6,30.7,21256,0
20120405,31.1,31.1,29.5,30,6779,0
20120410,30,30.5,27.6,28,9954,0
20120411,27.6,28.8,26.5,28,10439,0
20120412,28,28.7,27,27.4,5681,0
20120413,27.5,29.5,26.9,28.5,8891,0
20120416,27.9,29.3,27.4,28.5,2838,0
20120417,28,28.3,27.3,27.5,2835,0
20120418,27.4,28.2,26,26.1,5578,0
20120419,26.6,26.6,23.6,24.6,7978,0
20120420,23.9,24.4,22.5,24.3,4346,0
20120423,24.2,24.2,20.2,21,8615,0
20120424,20.8,25,20.8,25,13228,0
20120425,26.1,26.3,23.1,23.5,14727,0
20120426,23.5,28.3,23.1,28.3,24741,0
20120427,29.9,31.5,27.3,28,31110,0
20120430,28.4,29.2,25.6,27,7022,0
20120502,27.1,27.8,25.5,25.7,4751,0
20120504,26,27.3,25.2,25.5,4771,0
20120507,25.5,25.9,24.1,24.5,4215,0
20120508,25.1,25.1,23,23,6219,0
20120509,23.3,24.3,22.2,24.3,7634,0
20120510,24.4,26,23.5,25,7503,0
20120511,24.5,25.5,23.6,24.6,1890,0
20120514,23.6,25.9,23.3,25.8,6791,0
20120515,25.9,26.8,25.5,25.6,2375,0
20120516,25.6,25.9,23.4,25.6,10611,0
20120517,24.8,25.2,23.5,23.9,2614,0
20120518,23.9,25,23.5,24.9,3996,0
20120521,24.8,25,23.4,23.7,2922,0
20120522,23.7,23.7,21.5,21.7,9154,0
20120523,21.8,21.8,19.7,20.2,4330,0
20120524,19.1,20.4,18.2,19.6,13115,0
20120525,20.2,20.5,19.3,19.5,2246,0
20120528,19.5,21,19.5,20.4,2162,0
20120529,20.5,20.5,19.5,20.4,748,0
20120530,19.1,19.9,19,19.1,1023,0
20120531,19.3,21,19.3,19.9,4179,0
20120601,20.4,21.6,19.5,21.4,4312,0
20120604,20.1,20.9,19.7,20.4,1991,0
20120605,19.7,20.1,18.4,18.4,2178,0
20120606,18.4,19.8,17.5,19.2,4626,0
20120608,18.1,19.5,17.9,18.3,1544,0
20120611,18.2,19.3,18.2,19,921,0
20120612,19.7,23.8,19.7,23.8,14265,0
20120613,22.6,23.7,20.6,20.7,9043,0
20120614,20.5,20.5,18.5,18.9,8889,0
20120615,18.9,20.6,18.9,20,2306,0
20120618,20,20,19.1,19.7,1949,0
20120619,19.8,19.9,19.3,19.9,2866,0
20120620,19.5,19.6,19,19.4,2526,0
20120621,19.1,20.1,19.1,19.3,2310,0
20120622,19.1,19.5,18.5,18.6,6057,0
20120625,17.8,18.4,14.5,15.9,35077,0
20120626,15.9,16,15.1,15.1,5579,0
20120627,15.3,15.3,14.3,14.9,5565,0
20120629,8.1,8.9,7.5,8.2,95711,0
20120702,8.3,8.5,7.5,7.9,13047,0
20120703,7.8,8.5,7.6,8.3,19254,0
20120704,8.5,8.5,7.3,7.8,13299,0
20120705,7.8,8.4,7.5,8,10398,0
20120706,7.9,7.9,7.3,7.6,8916,0
20120709,7.6,7.8,7.5,7.8,1736,0
20120710,7.8,7.8,7.1,7.1,5927,0
20120711,6.9,6.9,6.1,6.2,6266,0
20120712,6,6.5,5.9,6.5,6043,0
20120713,6.5,6.5,6,6.1,3034,0
20120716,6.1,6.1,5.8,5.9,2626,0
20120717,5.7,6.3,5.4,5.8,5882,0
20120718,5.8,5.8,5.1,5.4,10907,0
20120719,5.6,5.6,4.5,4.7,6160,0
20120720,4.9,5.9,4.8,5.8,10172,0
20120723,6.2,6.2,5.3,5.5,5274,0
20120724,5.5,5.5,4.7,5.3,6525,0
20120725,4.9,5,4.9,4.9,3718,0
20120726,4.9,5.1,4.7,5.1,4766,0
20120727,5.1,5.1,4.9,5,1793,0
20120730,6.1,6.7,6.1,6.6,12812,0
20120731,8,8.8,7.9,8.7,14896,0
20120801,9.3,10.2,7.2,7.2,52681,0
20120802,7,7.3,6,6.1,20666,0
20120803,6.1,7.3,5.6,6.7,27774,0
20120806,6.7,7.1,6.2,6.5,12400,0
20120807,6.3,6.5,6.1,6.3,4238,0
20120808,6.2,6.3,6.1,6.3,2419,0
20120809,6.2,6.7,3.6,3.7,44080,0
20120810,3.7,3.9,3.1,3.2,31379,0
20120813,3,3,2.8,2.9,12485,0
20120814,2.9,3.1,2.7,2.7,12402,0
20120816,2.9,2.9,2.5,2.5,8590,0
20120817,2.4,2.9,2.3,2.9,6459,0
20120820,2.8,2.8,2.5,2.6,2849,0
20120821,2.6,2.8,2.6,2.6,4944,0
20120822,2.7,2.8,2.4,2.8,3687,0
20120823,2.9,2.9,2.8,2.9,3256,0
20120824,2.9,2.9,2.7,2.7,1663,0
20120827,2.7,2.7,2.5,2.7,2329,0
20120828,2.7,2.8,2.6,2.8,6038,0
20120829,2.8,2.8,2.6,2.6,1360,0
20120830,2.6,2.8,2.5,2.6,4513,0
20120831,2.5,2.7,2.5,2.5,439,0
20120903,2.5,2.6,2.5,2.5,2979,0
20120904,2.4,2.5,2.4,2.5,2089,0
20120905,2.5,2.5,2.5,2.5,69,0
20120906,2.6,2.6,2.4,2.4,2573,0
20120907,2.5,2.6,2.5,2.6,1757,0
20120910,2.5,2.6,2.5,2.5,292,0
20120911,2.5,2.5,2.4,2.5,1084,0
20120912,2.6,2.6,2.2,2.3,5784,0
20120913,2.2,2.2,2,2,5799,0
20120914,2,2.1,1.5,1.7,15574,0
20120917,1.6,1.7,1.5,1.5,15197,0
20120918,1.4,1.4,1.1,1.1,22438,0
20120919,1.1,1.1,1.1,1.1,3904,0
20120920,1.1,1.2,1.1,1.2,949,0
20120921,1.4,1.4,1.2,1.2,5420,0
20120924,1.2,1.2,1.2,1.2,16,0
20120925,1.2,1.2,1.1,1.1,3028,0
20120926,1.1,1.2,1.1,1.2,1412,0
20120927,1.2,1.2,1.2,1.2,100,0
20120928,1.2,1.2,1.2,1.2,89,0
20121001,1.3,1.3,1.3,1.3,3322,0
20121002,1.2,1.3,1.2,1.3,813,0
20121003,1.2,1.3,1.2,1.3,810,0
20121004,1.3,1.3,1.3,1.3,101,0
20121005,1.2,1.2,1.2,1.2,99,0
20121008,1.2,1.2,1.2,1.2,12,0
20121009,1.3,1.3,1.3,1.3,477,0
20121010,1.2,1.2,1.2,1.2,541,0
20121011,1.2,1.2,1.2,1.2,60,0
20121012,1.4,1.4,1.4,1.4,24630,0
20121015,1.5,1.8,1.5,1.8,16208,0
20121016,2,2,2,2,21834,0
20121017,1.8,2,1.8,2,8152,0
20121018,1.8,1.8,1.7,1.7,6176,0
20121019,1.5,1.5,1.5,1.5,11355,0
20121022,1.6,1.6,1.6,1.6,14971,0
20121023,1.5,1.5,1.3,1.3,7443,0
20121024,1.6,1.6,1.6,1.6,1246,0
20121029,1.4,1.4,1.4,1.4,620,0
20121030,1.3,1.3,1.3,1.3,40,0
20121031,1.5,1.5,1.5,1.5,1023,0
20121102,1.6,1.6,1.4,1.4,12,0
20121105,1.5,1.5,1.5,1.5,1000,0
20121106,1.5,1.5,1.5,1.5,536,0
20121108,1.4,1.4,1.4,1.4,493,0
20121109,1.4,1.4,1.4,1.4,6,0
20121112,1.4,1.4,1.4,1.4,644,0
20121113,1.4,1.4,1.4,1.4,2307,0
20121114,1.4,1.4,1.4,1.4,3,0
20121115,1.4,1.4,1.4,1.4,6,0
20121116,1.3,1.3,1.3,1.3,386,0
20121119,1.3,1.3,1.3,1.3,35,0
20121120,1.3,1.3,1.3,1.3,10,0
20121121,1.3,1.3,1.3,1.3,235,0
20121122,1.2,1.3,1.2,1.3,2708,0
20121123,1.2,1.2,1.2,1.2,41,0
20121126,1.2,1.2,1.2,1.2,1516,0
20121127,1.1,1.1,1.1,1.1,4516,0
20121128,1.2,1.2,1.1,1.1,1264,0
20121129,1.2,1.2,1.2,1.2,1794,0
20121130,1.3,1.3,1.2,1.2,101,0
20121203,1.3,1.3,1.3,1.3,1001,0
20121204,1.3,1.3,1.3,1.3,500,0
20121205,1.3,1.3,1.3,1.3,1610,0
20121206,1.2,1.2,1.2,1.2,41,0
20121207,1.3,1.3,1.3,1.3,2000,0
20121210,1.3,1.3,1.3,1.3,1000,0
20121211,1.3,1.3,1.3,1.3,1317,0
20121212,1.3,1.3,1.3,1.3,1750,0
20121213,1.3,1.3,1.3,1.3,1085,0
20121214,1.2,1.2,1.2,1.2,857,0
20121217,1.2,1.2,1.2,1.2,446,0
20121218,1.2,1.2,1.2,1.2,34,0
20121219,1.2,1.2,1.1,1.1,1457,0
20121220,1.1,1.1,1.1,1.1,1270,0
20121227,1.4,1.4,1.4,1.4,4315,0
20121228,1.7,1.7,1.7,1.7,5798,0
20130102,1.4,1.4,1.4,1.4,3650,0
20130103,1.4,1.4,1.3,1.3,4556,0
20130104,1.2,1.2,1.1,1.1,7513,0
20130107,1.2,1.2,1.2,1.2,397,0
20130108,1.2,1.7,1.2,1.7,14853,0
20130109,3,3,3,3,23576,0
20130110,3.4,3.4,2.7,2.7,15046,0
20130111,2.4,2.4,2.2,2.2,6035,0
20130114,2.5,2.5,2.5,2.5,1629,0
20130115,2.7,2.8,2.7,2.8,5207,0
20130116,2.7,3,2.7,3,4011,0
20130117,2.8,2.8,2.8,2.8,2079,0
20130118,2.7,2.7,2.7,2.7,995,0
20130121,2.6,2.6,2.6,2.6,660,0
20130122,2.7,2.7,2.7,2.7,10,0
20130123,2.8,3,2.8,3,3825,0
20130124,2.7,2.7,2.7,2.7,667,0
20130125,3,3,2.8,2.8,2629,0
20130128,2.9,2.9,2.7,2.7,819,0
20130129,2.9,2.9,2.9,2.9,400,0
20130131,2.7,2.7,2.7,2.7,2315,0
20130201,2.4,2.7,2.4,2.7,720,0
20130204,2.6,2.6,2.4,2.4,3659,0
20130205,2.4,2.4,2.4,2.4,1006,0
20130208,2.7,2.7,2.2,2.2,3965,0
20130212,1.4,1.4,1.3,1.3,4155,0
20130213,1.3,1.3,1.3,1.3,6134,0
20130214,1.4,1.4,1.4,1.4,3168,0
20130215,1.3,1.4,1.3,1.4,3043,0
20130218,1.3,1.3,1.3,1.3,1061,0
20130219,1.3,1.3,1.3,1.3,3779,0
20130220,1.1,1.1,1.1,1.1,6420,0
20130221,1.3,1.3,1.3,1.3,741,0
20130222,1,1,1,1,2472,0
20130225,1,1,1,1,15334,0
20130226,1.2,1.2,1.2,1.2,6120,0
20130227,1.5,1.6,1.5,1.6,5401,0
20130228,1.6,1.6,1.5,1.5,3488,0
20130301,1.5,1.6,1.5,1.6,3302,0
20130304,1.6,1.7,1.6,1.7,3771,0
20130305,2.2,2.2,2.2,2.2,2642,0
20130306,2.8,2.8,2.8,2.8,8096,0
20130307,3.3,3.3,3.3,3.3,17154,0
20130308,5,5.5,5,5.5,26093,0
20130311,7,7,7,7,9878,0
20130312,7.9,7.9,6.5,6.5,16251,0
20130313,5.7,6.4,5.7,6.4,12174,0
20130314,6.2,6.2,6.2,6.2,1225,0
20130315,5.4,5.4,5.2,5.2,3405,0
20130318,5.2,5.3,5.2,5.3,1597,0
20130319,5.6,6,5.6,6,5773,0
20130320,5.8,5.8,5.7,5.7,570,0
20130321,5.8,5.8,5.7,5.7,1452,0
20130322,5.4,5.4,5.4,5.4,4040,0
20130325,5.5,5.5,4.8,4.8,1353,0
20130326,3.8,3.8,3.8,3.8,1144,0
20130327,3.4,3.4,3.3,3.3,2668,0
20130328,3.3,3.3,3.3,3.3,375,0
20130402,3.4,3.4,3.4,3.4,456,0
20130403,3.5,3.5,3.5,3.5,2070,0
20130404,4,4,4,4,2555,0
20130405,4.3,4.3,4.3,4.3,2106,0
20130408,4.3,4.3,3.5,3.5,1602,0
20130409,3.8,3.8,3.8,3.8,650,0
20130410,3.5,4.3,3.5,4.3,210,0
20130411,4.3,4.3,4.3,4.3,163,0
20130412,4.4,4.4,4.3,4.3,434,0
20130415,4.5,4.5,4.5,4.5,8,0
20130417,4.5,4.5,4.5,4.5,31,0
20130418,4.5,4.5,4.5,4.5,419,0
20130419,4.4,4.4,4.4,4.4,177,0
20130424,3.5,3.5,3.5,3.5,400,0
20130425,3.7,3.7,3.7,3.7,167,0
20130507,3.9,3.9,3.9,3.9,2,0
20130508,3.8,3.9,3.8,3.9,371,0
20130509,3.9,3.9,3.9,3.9,15,0
20130515,3.3,3.3,3.1,3.1,1550,0
20130517,3.4,3.4,3.4,3.4,50,0
20130520,3.1,3.1,3.1,3.1,500,0
20130523,3.1,3.1,2.8,2.8,792,0
20130527,2.8,2.8,2.8,2.8,153,0
20130528,2.9,2.9,2.9,2.9,427,0
20130529,3.5,3.5,3.5,3.5,103,0
20130531,3.4,3.4,3.4,3.4,345,0
20130603,3.4,3.5,3.4,3.5,1277,0
20130604,4.2,4.2,4.2,4.2,439,0
20130605,4.8,5.2,4.8,5.2,2980,0
20130607,6.2,6.2,6.2,6.2,2092,0
20130610,5.3,5.3,5.3,5.3,818,0
20130611,4.8,4.8,4.8,4.8,931,0
20130612,4.4,4.4,4.4,4.4,579,0
20130613,4.8,4.8,4.8,4.8,1020,0
20130614,5.3,5.7,5.3,5.7,2915,0
20130617,5.5,5.5,5.3,5.3,911,0
20130618,5.4,5.4,5.3,5.3,2513,0
20130619,4.8,4.8,4.8,4.8,40,0
20130620,4.8,4.8,4.8,4.8,130,0
20130621,5.1,5.1,5.1,5.1,5,0
20130624,5.1,5.1,5.1,5.1,1,0
20130625,4.5,4.5,4.5,4.5,140,0
20130626,4.4,4.4,4.4,4.4,1380,0
20130627,5,5,5,5,241,0
20130628,5,5,5,5,8,0
20130701,3.1,3.1,3.1,3.1,35,0
20130704,3.6,3.6,3.6,3.6,340,0
20130705,3.9,3.9,3.9,3.9,906,0
20130708,3.9,4.2,3.9,4.2,452,0
20130709,4.7,5,4.7,5,9,0
20130712,4.9,4.9,4,4,1353,0
20130715,3.9,3.9,3.9,3.9,280,0
20130716,3.9,3.9,3.9,3.9,160,0
20130722,3.9,3.9,3.9,3.9,100,0
20130723,4.5,4.5,4.5,4.5,5,0
20130725,4.4,4.4,4.3,4.3,109,0
20130726,3.7,3.7,3.7,3.7,400,0
20130729,3.7,3.7,3.7,3.7,2050,0
20130731,3.7,3.7,3.7,3.7,150,0
20130801,3.6,3.6,3.6,3.6,2158,0
20130802,3.7,3.7,3.7,3.7,421,0
20130805,4.1,4.1,4.1,4.1,473,0
20130806,4,4.1,4,4.1,89,0
20130808,4.1,4.1,4.1,4.1,291,0
20130809,3.7,3.7,3.7,3.7,303,0
20130812,3.7,3.7,3.7,3.7,10,0
20130813,3.7,4,3.7,4,585,0
20130821,3.6,3.6,3.6,3.6,950,0
20130822,3.6,3.6,3.6,3.6,500,0
20130823,3.4,3.4,3.4,3.4,50,0
20130826,3.5,3.5,3.5,3.5,495,0
20130827,3.9,3.9,3.9,3.9,170,0
20130828,3.6,3.6,3.5,3.5,405,0
20130829,3.5,3.5,3.5,3.5,50,0
20130902,3.5,3.5,3.5,3.5,100,0
20130903,3.2,3.2,3.2,3.2,1210,0
20130904,3.5,3.5,3.5,3.5,565,0
20130905,3.4,3.4,3.4,3.4,50,0
20130909,3.5,3.5,3.5,3.5,4,0
20130910,3.2,3.2,3.2,3.2,12,0
20130911,3.3,3.3,3.3,3.3,300,0
20130912,3.4,3.4,3.4,3.4,5,0
20130913,3.4,3.4,3.4,3.4,2875,0
20130917,3.5,3.5,3.5,3.5,391,0
20130918,3.7,3.7,3.7,3.7,5909,0
20130919,3.9,3.9,3.9,3.9,1160,0
20130920,3.9,3.9,3.9,3.9,1288,0
20130923,3.9,3.9,3.9,3.9,612,0
20130924,3.9,3.9,3.9,3.9,644,0
20130925,3.9,3.9,3.9,3.9,500,0
20130926,4,4,4,4,532,0
20130927,4.1,4.3,4.1,4.3,2336,0
20130930,4.3,4.3,4.3,4.3,1430,0
20131001,4.5,4.5,4.5,4.5,661,0
20131002,4.5,4.5,4.5,4.5,2642,0
20131008,4.5,4.5,4.5,4.5,20,0
20131011,4.1,4.1,4.1,4.1,125,0
20131014,4.1,4.1,4.1,4.1,1758,0
20131015,4.5,4.5,4.5,4.5,845,0
20131016,4.1,4.1,4.1,4.1,333,0
20131017,4.5,4.5,4.5,4.5,5,0
20131018,4.5,4.5,4.5,4.5,100,0
20131028,4.3,4.7,4.3,4.7,1020,0
20131029,4.7,5,4.7,5,885,0
20131030,4.8,5,4.8,5,311,0
20131031,5.1,5.1,5,5,214,0
20131104,5.1,5.1,5,5,154,0
20131105,4.8,4.8,4.8,4.8,331,0
20131106,5,5.1,5,5.1,218,0
20131107,5.4,5.4,5.4,5.4,827,0
20131108,5.5,6.2,5.5,6.2,1682,0
20131112,7.4,7.4,7.4,7.4,787,0
20131113,8.3,8.8,8.3,8.8,3482,0
20131114,9.8,10,9.8,10,8640,0
20131115,9.9,9.9,8.9,8.9,2754,0
20131118,7.9,7.9,7.9,7.9,871,0
20131119,8.2,8.7,8.2,8.7,296,0
20131120,8.7,8.7,8.7,8.7,538,0
20131121,8.7,8.7,8.7,8.7,11,0
20131122,9.4,9.4,9.4,9.4,138,0
20131125,9.9,9.9,9.8,9.8,1200,0
20131126,9.8,9.8,9.6,9.6,185,0
20131127,9.4,9.4,9.4,9.4,2,0
20131128,9,9,9,9,35,0
20131129,8.1,8.1,8.1,8.1,68,0
20131202,8.1,8.1,7.3,7.3,497,0
20131203,7.3,7.3,7.3,7.3,196,0
20131204,7.3,7.5,7.3,7.5,369,0
20131205,7.5,7.5,7.5,7.5,5,0
20131206,6.9,7,6.9,7,137,0
20131209,7.5,7.5,7.5,7.5,418,0
20131210,7,7,7,7,250,0
20131211,6.9,6.9,6.9,6.9,19,0
20131212,6.9,7,6.9,7,216,0
20131217,6.5,6.5,6.5,6.5,140,0
20131218,6.8,6.8,6.8,6.8,450,0
20131219,6.9,7.2,6.9,7.2,176,0
20131220,7.1,7.1,6.8,6.8,726,0
20131223,6.8,6.8,6.8,6.8,7,0
20131227,7.1,7.1,6.9,6.9,225,0
20131230,6.9,7,6.9,7,209,0
20140102,7,7,7,7,109,0
20140103,7.2,7.2,7,7,1449,0
20140107,6.9,6.9,6.9,6.9,45,0
20140108,7.1,7.1,7,7,160,0
20140109,7.5,7.5,6.9,6.9,1520,0
20140110,7.1,7.3,7.1,7.3,190,0
20140113,7.8,7.8,7.8,7.8,30,0
20140115,7.8,7.8,7.8,7.8,133,0
20140116,8,8,7.9,7.9,215,0
20140122,7,7,7,7,100,0
20140123,7,7,7,7,114,0
20140124,7.4,7.4,7.4,7.4,4,0
20140127,7.4,7.4,7.4,7.4,3,0
20140129,7.1,7.1,7.1,7.1,421,0
20140130,7,7,6.1,6.1,104,0
20140131,6.9,6.9,6.9,6.9,125,0
20140203,6.9,6.9,6.9,6.9,31,0
20140204,6,6,6,6,2373,0
20140205,6.6,6.6,6.6,6.6,7,0
20140206,6.8,6.8,6.8,6.8,3,0
20140207,6.1,6.2,6.1,6.2,500,0
20140210,6.7,6.7,6.7,6.7,200,0
20140212,6.7,6.7,6.7,6.7,15,0
20140213,7.3,7.3,7.2,7.2,2300,0
20140214,7.1,7.1,6.9,6.9,1387,0
20140217,6.7,6.7,6.7,6.7,280,0
20140218,6.7,6.7,6.7,6.7,1448,0
20140219,6.7,6.7,6.7,6.7,9,0
20140220,6.7,6.7,6.7,6.7,1,0
20140221,6.4,6.4,6.4,6.4,495,0
20140224,6.7,6.7,6.7,6.7,1254,0
20140225,6.8,6.8,6.8,6.8,201,0
20140303,6.5,6.5,6.4,6.4,195,0
20140304,6,6,5.9,5.9,61,0
20140305,5.9,6.7,5.9,6.7,474,0
20140306,7.1,7.1,7.1,7.1,10,0
20140307,6.8,6.8,6.8,6.8,100,0
20140312,6.1,6.1,6,6,600,0
20140313,6.5,6.5,6,6,70,0
20140314,6,6,6,6,238,0
20140317,6.5,6.5,6.5,6.5,30,0
20140321,6.5,7.1,6.5,7.1,971,0
20140324,7.3,7.3,7.3,7.3,19,0
20140325,7.2,7.2,7.2,7.2,10,0
20140327,7.4,7.7,7.4,7.7,943,0
20140328,8,8,8,8,297,0
20140331,8.4,8.4,8.4,8.4,455,0
20140401,8.3,8.3,8,8,468,0
20140402,8.1,8.1,8.1,8.1,10,0
20140407,7.5,7.5,7.5,7.5,173,0
20140408,8,8,8,8,3,0
20140410,6.7,6.7,6.7,6.7,193,0
20140411,7,7,7,7,7,0
20140414,7,7.6,7,7.6,866,0
20140417,7,7,7,7,157,0
20140422,7,7,7,7,120,0
20140425,7.1,7.1,7.1,7.1,1,0
20140428,7,7,7,7,2,0
20140430,7,7,7,7,15,0
20140505,7,7,7,7,300,0
20140506,7,7,7,7,335,0
20140508,6.9,6.9,6.9,6.9,9,0
20140515,6.9,6.9,6.9,6.9,541,0
20140521,5.2,5.2,5.2,5.2,98,0
20140522,5.2,5.2,5.2,5.2,33,0
20140523,5.3,5.3,5.3,5.3,120,0
20140526,5.3,5.3,5.3,5.3,10,0
20140527,6.4,6.4,6.2,6.2,164,0
20140528,6.2,6.2,6.2,6.2,2,0
20140602,5.4,5.4,5.4,5.4,971,0
20140603,5.5,5.5,5.5,5.5,50,0
20140604,5.4,5.9,5.4,5.9,145,0
20140605,6.2,6.2,6.2,6.2,10,0
20140609,5.4,5.4,5.4,5.4,390,0
20140610,6.4,6.4,6.4,6.4,36,0
20140611,6.4,6.4,6.4,6.4,23,0
20140617,5.5,5.5,5.5,5.5,21,0
20140618,5.6,5.6,5.6,5.6,47,0
20140620,5.6,5.7,5.6,5.7,540,0
20140623,5.6,5.7,5.6,5.7,124,0
20140624,5.9,5.9,5.9,5.9,73,0
20140625,5.9,5.9,5.9,5.9,36,0
20140627,6.5,6.5,6.5,6.5,10,0
20140701,6.5,6.5,6.5,6.5,10,0
20140703,5.9,5.9,5.9,5.9,36,0
20140707,5.9,5.9,5.9,5.9,300,0
20140708,6.3,6.3,6.3,6.3,57,0
20140709,5.9,5.9,5.9,5.9,500,0
20140714,6.2,6.2,6.2,6.2,89,0
20140715,6.2,6.2,6.2,6.2,6,0
20140721,6,6,5.3,5.3,710,0
20140722,5.3,5.3,5.3,5.3,175,0
20140723,5,5,5,5,720,0
20140724,5.2,5.2,5.2,5.2,1700,0
20140725,5,5,5,5,210,0
20140728,5,5,5,5,457,0
20140731,5,5,5,5,79,0
20140814,4.5,4.5,4.5,4.5,6,0
20140818,4.5,4.5,4.5,4.5,105,0
20140821,4.4,4.4,4.4,4.4,100,0
20140828,4,4,3.8,3.8,140,0
20140829,3,3,3,3,236,0
20140901,2.6,2.6,2.4,2.4,1592,0
20140902,2.4,2.4,2.4,2.4,116,0
20140904,2.4,2.4,2.4,2.4,15,0
20140908,2.5,2.5,2.5,2.5,2,0
20140911,2.6,2.6,2.6,2.6,141,0
20140917,3,3,3,3,5,0
20140922,3.4,3.4,3.4,3.4,5,0
20140923,3.9,3.9,3.9,3.9,300,0
20140926,3.9,3.9,3.9,3.9,131,0
20140930,3.9,3.9,3.9,3.9,4,0
20141001,4.2,4.2,4.2,4.2,200,0
20141002,4.3,4.7,4.3,4.7,460,0
20141003,5,5,5,5,40,0
20141006,5.4,5.4,5.4,5.4,136,0
20141007,5.4,5.4,5.4,5.4,32,0
20141017,4.5,4.5,4.5,4.5,18,0
20141029,4.2,4.2,4.2,4.2,20,0
20141104,4,4,4,4,3,0
20141106,4,4,4,4,370,0
20141119,3.8,3.8,3.8,3.8,10,0
20141121,3.8,3.8,3.2,3.2,95,0
20141125,2.9,2.9,2.9,2.9,36,0
20141126,2.7,2.7,2.7,2.7,525,0
20141127,2.7,2.7,2.7,2.7,72,0
20141203,2.7,2.7,2.6,2.6,195,0
20141204,2.9,2.9,2.9,2.9,86,0
20141205,3,3,3,3,20,0
20141208,3,3,3,3,13,0
20141209,2.6,2.6,2.6,2.6,33,0
20141210,3,3,3,3,15,0
20141216,3,3,3,3,70,0
20141217,2.8,2.8,2.8,2.8,639,0
20141219,2.5,2.5,2.5,2.5,90,0
20141222,2.5,2.5,2.5,2.5,12,0
20141229,2.5,2.5,2.5,2.5,365,0
20141230,2.5,2.5,2.5,2.5,273,0
20150102,2.8,2.8,2.8,2.8,27,0
20150105,3.2,3.2,3.2,3.2,100,0
20150107,3.2,3.5,3.2,3.5,1040,0
20150108,3.7,3.7,3.7,3.7,5,0
20150109,3.8,3.8,3.8,3.8,350,0
20150113,3.8,3.8,3.8,3.8,414,0
20150114,3.8,3.8,3.8,3.8,113,0
20150116,3,3,3,3,414,0
20150123,3,3,3,3,150,0
20150126,3,3.3,3,3.3,455,0
20150127,3.6,3.6,3.6,3.6,231,0
20150128,3.5,3.5,3.5,3.5,669,0
20150202,3.6,3.6,3.6,3.6,80,0
20150203,3.6,3.6,3.6,3.6,60,0
20150204,3.6,3.6,3.6,3.6,40,0
20150205,3.6,3.6,3.6,3.6,50,0
20150206,3.6,3.6,3.6,3.6,156,0
20150209,3.8,3.8,3.8,3.8,10,0
20150210,3.5,3.8,3.5,3.8,617,0
20150211,3.8,3.8,3.8,3.8,112,0
20150212,3.8,3.8,3.8,3.8,70,0
20150213,3.8,3.8,3.8,3.8,4,0
20150216,3.8,3.8,3.8,3.8,20,0
20150217,3.8,3.8,3.8,3.8,30,0
20150218,3.8,3.8,3.8,3.8,90,0
20150219,3.8,3.8,3.5,3.5,290,0
20150220,3.5,3.5,3.5,3.5,60,0
20150223,3.5,3.5,3.5,3.5,5,0
20150224,3.6,3.6,3.6,3.6,5,0
20150225,3.5,3.5,3.5,3.5,16,0
20150226,3.6,3.6,3.5,3.5,244,0
20150227,3.4,3.4,3.4,3.4,60,0
20150302,3.3,3.3,3.3,3.3,123,0
20150303,3.3,3.3,3.3,3.3,7,0
20150306,3.2,3.2,3.2,3.2,35,0
20150309,3.2,3.2,3.2,3.2,56,0
20150310,3.2,3.2,3.2,3.2,100,0
20150318,3.3,3.4,3.3,3.4,100,0
20150323,3.3,3.3,3.3,3.3,100,0
20150324,3.3,3.3,3.3,3.3,60,0
20150325,3.3,3.3,3.3,3.3,320,0
20150326,3.3,3.3,3.2,3.2,115,0
20150402,3.3,3.3,3.3,3.3,105,0
20150407,3,3,3,3,500,0
20150409,3,3,3,3,4,0
20150410,3.1,3.2,3.1,3.2,203,0
20150413,3.2,3.2,3.2,3.2,19,0
20150415,3,3,3,3,385,0
20150416,3,3.4,3,3.4,381,0
20150417,3.3,3.3,3.3,3.3,180,0
20150420,3.3,3.3,3.3,3.3,198,0
20150421,3.5,3.5,3.5,3.5,50,0
20150422,3.5,3.5,3.5,3.5,78,0
20150423,3.6,3.6,3.6,3.6,174,0
20150427,3.6,3.6,3.6,3.6,288,0
20150428,3.7,3.7,3.7,3.7,59,0
20150429,3.7,4,3.7,4,417,0
20150430,3.8,3.8,3.8,3.8,160,0
20150504,4.2,4.2,4.2,4.2,75,0
20150505,4.2,4.2,4.2,4.2,193,0
20150506,4.2,4.2,4.1,4.1,210,0
20150507,4.1,4.1,4.1,4.1,120,0
20150508,4.2,4.2,4.2,4.2,4,0
20150511,4.1,4.1,4,4,440,0
20150512,4.1,4.1,4.1,4.1,222,0
20150513,4.1,4.1,3.9,3.9,304,0
20150514,4.1,4.1,4.1,4.1,72,0
20150515,4.1,4.1,4.1,4.1,92,0
20150518,3.8,3.8,3.8,3.8,1830,0
20150519,3.8,3.8,3.8,3.8,103,0
20150520,3.8,3.8,3.8,3.8,204,0
20150521,3.8,3.8,3.8,3.8,0,0
20150525,3.9,3.9,3.9,3.9,0,0
20150526,3.8,3.8,3.7,3.7,87,0
20150528,3.7,3.7,3.7,3.7,120,0
20150601,3.7,3.7,3.7,3.7,102,0
20150602,3.7,3.7,3.7,3.7,62,0
20150603,3.9,3.9,3.9,3.9,250,0
20150608,3.9,3.9,3.9,3.9,5,0
20150609,3.8,3.8,3.8,3.8,17,0
20150611,3.8,3.8,3.8,3.8,114,0
20150615,3.7,3.7,3.7,3.7,50,0
20150616,3.7,3.7,3.5,3.5,310,0
20150617,3.6,3.6,3.5,3.5,60,0
20150618,3.6,3.6,3.6,3.6,2,0
20150619,3.6,3.6,3.6,3.6,8,0
20150622,3.8,3.8,3.8,3.8,290,0
20150623,3.8,3.8,3.8,3.8,5,0
20150624,3.8,3.8,3.8,3.8,3,0
20150625,3.8,3.8,3.8,3.8,5,0
20150626,3.8,3.8,3.8,3.8,3,0
20150629,3.9,3.9,3.9,3.9,0,0
20150630,3.9,3.9,3.9,3.9,26,0
20150702,3.8,3.8,3.8,3.8,115,0
20150703,3.8,3.9,3.8,3.9,351,0
20150706,3.6,3.6,3.6,3.6,135,0
20150707,3.7,3.7,3.7,3.7,120,0
20150708,3.4,3.4,3.4,3.4,343,0
20150709,3.7,3.7,3.7,3.7,1,0
20150710,3.4,3.4,3.4,3.4,120,0
20150714,3.9,3.9,3.8,3.8,1841,0
20150715,3.9,3.9,3.9,3.9,336,0
20150716,3.9,4,3.9,4,1290,0
20150717,4.2,4.4,4.2,4.4,1716,0
20150720,4.4,4.4,4.4,4.4,1385,0
20150721,4.4,4.9,4.4,4.9,760,0
20150722,4.6,5,4.6,5,600,0
20150723,5,5.5,5,5.5,1538,0
20150724,5.4,5.4,5.4,5.4,130,0
20150727,5.5,5.5,5,5,998,0
20150728,5.2,5.2,5.2,5.2,208,0
20150729,5.3,5.3,5.3,5.3,145,0
20150731,5.3,5.3,5.3,5.3,155,0
20150803,5.4,5.7,5.4,5.7,555,0
20150804,5.6,5.6,5.6,5.6,586,0
20150805,5.7,6,5.7,6,211,0
20150806,6,6.6,6,6.6,720,0
20150807,6.5,6.5,6.5,6.5,425,0
20150810,6,6,6,6,1427,0
20150811,6.2,6.2,6.2,6.2,482,0
20150812,6.1,6.1,6.1,6.1,600,0
20150813,6.1,6.1,6.1,6.1,867,0
20150814,6.1,6.1,5.9,5.9,150,0
20150817,6.1,6.1,6.1,6.1,825,0
20150818,6.3,6.3,6.3,6.3,169,0
20150819,6.5,6.5,6.5,6.5,843,0
20150820,6.6,6.7,6.6,6.7,104,0
20150821,6.5,6.5,6.5,6.5,153,0
20150824,6.5,6.5,6.3,6.3,420,0
20150825,6.4,6.4,6.4,6.4,35,0
20150826,6.7,6.7,6.4,6.4,199,0
20150827,6.4,6.4,6.4,6.4,10,0
20150828,6.4,6.4,6.4,6.4,25,0
20150831,6.3,6.3,6.2,6.2,130,0
20150901,6.2,6.2,6.2,6.2,457,0
20150902,6.3,6.3,6.3,6.3,100,0
20150903,6.3,6.3,6.3,6.3,2,0
20150904,6.1,6.1,6.1,6.1,638,0
20150907,6.2,6.2,6.2,6.2,450,0
20150908,6.2,6.2,6.2,6.2,108,0
20150909,6.2,6.2,6.2,6.2,200,0
20150910,6.1,6.1,6.1,6.1,404,0
20150911,6,6,6,6,237,0
20150914,6,6,6,6,442,0
20150915,6,6.2,6,6.2,171,0
20150916,6.2,6.2,6.2,6.2,20,0
20150917,6.2,6.2,6.2,6.2,30,0
20150918,6.2,6.2,6.2,6.2,2,0
20150921,6.2,6.2,6.2,6.2,20,0
20150922,6.2,6.2,6.2,6.2,35,0
20150923,6.2,6.2,6.2,6.2,250,0
20150924,6.2,6.2,6.2,6.2,130,0
20150925,6.1,6.1,6.1,6.1,108,0
20150928,6.1,6.1,6.1,6.1,200,0
20150929,6.1,6.1,6.1,6.1,30,0
20150930,6.1,6.1,6.1,6.1,224,0
20151001,6.1,6.3,6,6.1,1770,0
20151002,6.2,6.2,5.6,5.7,5023,0
20151005,5.7,6.2,5.6,5.8,3361,0
20151006,5.8,5.8,5.8,5.8,513,0
20151007,5.8,5.8,5.8,5.8,120,0
20151008,5.8,5.8,5.8,5.8,10,0
20151009,5.8,6,5.8,6,116,0
20151012,6,6,6,6,18,0
20151013,6,6,6,6,500,0
20151014,5.7,5.7,5.7,5.7,1385,0
20151015,5.7,5.7,5.7,5.7,150,0
20151016,5.8,5.8,5.8,5.8,728,0
20151019,5.6,5.6,5.6,5.6,54,0
20151020,5.6,5.8,5.5,5.8,44,0
20151021,5.5,5.8,5.5,5.8,55,0
20151023,6.3,6.3,5.5,5.5,121,0
20151027,5.5,5.5,5.5,5.5,41,0
20151028,5.5,5.5,5.5,5.5,21,0
20151029,5.5,5.5,5.5,5.5,3,0
20151030,5.5,5.5,5.5,5.5,40,0
20151102,5.4,5.5,5.4,5.5,1115,0
20151103,5.6,6,5.6,6,530,0
20151104,6,6,6,6,672,0
20151105,6,6,5.7,5.7,362,0
20151106,5.4,5.5,5.3,5.3,2506,0
20151109,5.2,5.7,5.1,5.7,75,0
20151110,5.7,5.7,5.7,5.7,33,0
20151112,5.5,5.5,5.5,5.5,20,0
20151116,5.4,5.4,5.4,5.4,4,0
20151117,5.4,5.6,5.4,5.6,335,0
20151118,5.6,5.6,5.6,5.6,5,0
20151120,5.5,5.5,5.5,5.5,11,0
20151123,5.5,5.5,5.3,5.3,120,0
20151124,5.3,5.3,5,5.2,1288,0
20151208,5,5.5,4.99,5.3,673,0
20151209,5.22,5.73,4.95,5,1543,0
20151211,4.86,4.94,4.6,4.94,71,0
20151214,4.6,4.85,4.6,4.84,89,0
20151215,4.84,4.84,4.84,4.84,9,0
20151216,4.8,4.8,4.8,4.8,49,0
20151217,4.1,4.3,4.1,4.1,1097,0
20151218,4.1,4.2,4.1,4.1,231,0
20151221,4,4.11,4,4,503,0
20151222,4.1,4.1,4.1,4.1,10,0
20151223,4.05,4.05,4,4.05,120,0
20151228,4.11,4.11,3.85,3.85,106,0
20151229,3.92,3.92,3.7,3.7,87,0
20151230,3.8,3.92,3.8,3.92,35,0
20160104,3.7,3.92,3.7,3.92,61,0
20160105,3.95,3.95,3.95,3.95,7,0
20160107,4,4,4,4,5,0
20160108,3.95,3.95,3.95,3.95,714,0
20160111,3.92,3.92,3.6,3.92,142,0
20160112,3.92,3.95,3.92,3.95,482,0
20160115,3.6,3.91,3.6,3.91,94,0
20160120,3.9,3.9,3.9,3.9,5,0
20160121,3.9,3.95,3.9,3.95,156,0
20160122,3.95,4,3.95,4,539,0
20160125,4.03,4.03,3.82,3.82,22,0
20160126,3.95,3.95,3.95,3.95,5,0
20160127,3.95,3.95,3.95,3.95,5,0
20160128,3.95,3.95,3.95,3.95,3,0
20160129,3.95,3.95,3.95,3.95,150,0
20160202,3.9,3.9,3.9,3.9,14,0
20160203,3.89,3.89,3.89,3.89,3,0
20160204,3.89,3.89,3.89,3.89,6,0
20160205,3.89,3.89,3.89,3.89,5,0
20160208,3.89,3.89,3.89,3.89,14,0
20160209,3.88,3.88,3.88,3.88,15,0
20160210,3.88,3.89,3.88,3.89,28,0
20160211,3.89,3.89,3.82,3.82,42,0
20160212,3.79,3.8,3.79,3.8,34,0
20160215,3.8,3.8,3.44,3.79,1275,0
20160216,3.6,3.65,3.3,3.35,2703,0
20160217,3.36,3.36,3.2,3.2,1020,0
20160218,3.36,3.36,3.2,3.2,4664,0
20160219,3.2,3.2,3.05,3.2,172,0
20160222,3.2,3.2,3.2,3.2,10,0
20160223,3.2,3.2,3.2,3.2,10,0
20160224,3.2,3.2,3.2,3.2,14,0
20160225,3.2,3.2,3.1,3.2,1147,0
20160226,3.2,3.2,3.2,3.2,1,0
20160229,3.03,3.15,3.03,3.03,278,0
20160301,3.03,3.15,2.9,3.03,769,0
20160302,3,3,3,3,65,0
20160303,3.08,3.2,3,3,976,0
20160304,3.04,3.04,2.8,3,304,0
20160307,3,3.3,3,3.3,883,0
20160308,3,3.2,3,3.2,376,0
20160309,3.2,3.52,3.2,3.48,621,0
20160310,3.5,3.5,3.15,3.48,2020,0
20160311,3.19,3.19,3.03,3.03,600,0
20160314,3.33,3.37,3.12,3.29,735,0
20160315,3.2,3.25,3.2,3.24,458,0
20160316,3.24,3.24,3.2,3.2,130,0
20160317,3.23,3.42,3.16,3.42,300,0
20160318,3.4,3.4,3.39,3.39,13,0
20160321,3.39,3.39,3.39,3.39,12,0
20160322,3.4,3.4,3.2,3.38,346,0
20160323,3.1,3.38,3.1,3.38,387,0
20160324,3.11,3.4,3.1,3.4,7129,0
20160329,3.3,3.3,3.3,3.3,3,0
20160330,3.15,3.15,3.15,3.15,50,0
20160331,3.14,3.2,3.05,3.05,1365,0
20160401,3.05,3.05,3.05,3.05,500,0
20160404,3,3.15,3,3.01,425,0
20160405,3.01,3.01,3.01,3.01,247,0
20160406,3.01,3.01,3.01,3.01,23,0
20160407,3.01,3.01,3.01,3.01,96,0
20160408,3,3,3,3,3,0
20160411,3.01,3.01,2.99,2.99,1004,0
20160412,3.05,3.05,2.99,3.03,152,0
20160413,3.01,3.03,2.84,3.03,2947,0
20160415,3,3.2,3,3.2,2661,0
20160418,3.2,3.2,3.02,3.2,532,0
20160420,3.2,3.2,3.2,3.2,5,0
20160421,3.2,3.2,3.12,3.19,2225,0
20160422,3.19,3.19,3.12,3.12,830,0
20160426,3.08,3.08,3.08,3.08,35,0
20160427,3.08,3.08,3.08,3.08,10,0
20160428,3.08,3.12,2.98,3.12,10203,0
20160506,3.17,3.3,3.17,3.3,1394,0
20160509,3.22,3.42,3.16,3.42,818,0
20160510,3.3,4.38,3.3,4.29,11697,0
20160511,4.4,5.5,4.4,5.5,2404,0
20160512,5.9,7.12,5.9,7.12,9092,0
20160513,7.8,8.55,7.66,8.55,12274,0
20160516,8.6,10.4,8.6,10.4,7131,0
20160517,11.4,12.55,11.4,12.55,7118,0
20160518,13,14,12.55,12.55,27442,0
20160519,12.55,13.15,12.55,12.89,4864,0
20160520,12.89,12.9,12.55,12.89,9968,0
20160523,12.45,12.5,12,12,2677,0
20160524,12,12,10,10.69,1702,0
20160525,10.2,10.2,9.18,10.19,3205,0
20160527,10.19,10.19,10.19,10.19,22,0
20160530,9.99,9.99,8.95,8.95,258,0
20160531,8.95,8.95,8,8,1912,0
20160601,8,8.6,7,7.2,2850,0
20160602,7.2,7.2,6.52,7.09,407,0
20160603,7.09,7.79,7.09,7.55,802,0
20160606,7.8,8.5,7.8,8.39,2376,0
20160607,8.39,8.39,7.56,7.99,546,0
20160608,7.47,7.95,7.45,7.45,1078,0
20160609,7.09,7.09,6.7,7.09,3624,0
20160610,7.09,7.65,7.09,7.65,21,0
20160613,7.7,8.45,7.7,7.7,1750,0
20160614,8.4,8.45,8.38,8.45,1959,0
20160615,8.45,8.45,8,8,718,0
20160616,8.2,8.45,8.2,8.45,228,0
20160617,8.45,8.45,7.9,8.45,323,0
20160620,8.45,8.45,7.9,8.45,481,0
20160621,8.5,9.2,8.49,9.2,2581,0
20160622,12.3,12.9,11.07,12.25,9317,0
20160623,12.7,12.7,10.5,11.8,5697,0
20160624,10.6,10.95,9.54,10.89,2607,0
20160627,10.93,11.49,10.03,10.64,2155,0
20160628,10.65,11.5,10.5,10.64,1724,0
20160629,11,11.2,10.1,10.64,811,0
20160630,11.19,11.19,10.7,11.13,42,0
20160701,11.3,11.4,10.5,11,1318,0
20160704,11,11.09,9.9,10.05,1134,0
20160705,9.9,10,9.7,10,639,0
20160706,10,10,10,10,1,0
20160707,10,10,9.69,9.7,132,0
20160708,9.71,9.9,9.62,9.9,200,0
20160711,9.9,10.89,9.9,10.02,1748,0
20160712,11,11.9,10.3,11.3,4438,0
20160713,11.3,11.3,10.81,11.28,388,0
20160714,11.29,11.48,11,11.26,1276,0
20160715,11.2,11.2,10.84,10.99,57,0
20160718,10.99,10.99,10.99,10.99,272,0
20160719,10.99,10.99,10.83,10.83,71,0
20160720,10.98,10.99,10.83,10.83,130,0
20160721,10.79,10.79,9.75,10.6,715,0
20160722,10.06,10.45,9.9,10.4,1803,0
20160725,10.45,10.45,9.82,10,883,0
20160726,10.01,10.44,9.6,10.44,1106,0
20160727,10.44,10.44,10.3,10.3,391,0
20160728,10,10.39,9.65,10.39,446,0
20160729,9.65,10,9.61,10,711,0
20160801,10.09,10.15,10.09,10.15,52,0
20160802,10.5,11.3,10.5,10.79,2269,0
20160803,10.79,11.3,10.31,11,473,0
20160804,10.99,11.3,10.07,10.69,1238,0
20160805,11.11,11.11,10,10,1468,0
20160808,10,10,10,10,521,0
20160809,10,10.59,9.71,10.59,742,0
20160810,10.59,10.59,9.81,10.59,90,0
20160811,10.59,10.59,10.59,10.59,15,0
20160812,10.59,10.59,9.82,10.55,251,0
20160817,10.49,10.49,10.49,10.49,2,0
20160818,10.49,10.49,10.49,10.49,1,0
20160819,10.49,10.49,10.49,10.49,11,0
20160822,10.49,10.49,10.49,10.49,5,0
20160823,9.85,9.85,9.7,9.8,840,0
20160824,9.7,10.4,9.7,10.4,57,0
20160825,10.4,10.4,10.39,10.4,110,0
20160826,10.3,10.3,10.3,10.3,21,0
20160829,10,10,9.1,9.7,1841,0
20160830,9.1,9.2,8.9,9.2,1807,0
20160831,9.1,9.15,9.1,9.15,42,0
20160901,9.01,9.01,9.01,9.01,10,0
20160902,9.64,9.64,9,9,762,0
20160905,9.2,10.47,9.01,10.35,433,0
20160906,10.4,10.99,10.4,10.99,2087,0
20160907,10.02,11.64,10.02,11.2,115,0
20160908,11,11,11,11,21,0
20160909,11,12.1,10.5,12.1,409,0
20160912,12.64,12.64,12,12.1,277,0
20160913,12.1,12.39,10.99,11,419,0
20160914,12,12.37,12,12.33,400,0
20160915,12.33,12.34,11.11,11.8,964,0
20160916,12.25,12.25,12,12,12,0
20160919,12.34,12.35,12,12,60,0
20160920,12,12,11.12,11.95,263,0
20160921,12.45,12.89,12.44,12.44,511,0
20160922,12.84,12.84,12.5,12.5,24,0
20160923,12.5,12.5,12.4,12.5,35,0
20160926,12.5,12.5,12.44,12.5,82,0
20160927,12.5,12.5,12,12,230,0
20160928,12.7,12.89,12.7,12.89,45,0
20160930,12.5,12.5,11.36,12.5,425,0
20161003,12.89,12.89,11.68,12.5,164,0
20161004,11.7,12,11.36,12,851,0
20161005,12.4,12.4,12.4,12.4,1,0
20161006,12,12,12,12,31,0
20161010,11,11.5,11,11,550,0
20161011,11.97,11.97,11.3,11.3,2,0
20161012,10.22,10.6,10.22,10.6,879,0
20161013,11,11,11,11,1,0
20161014,10.22,10.99,10.22,10.99,238,0
20161017,10.99,10.99,10.99,10.99,81,0
20161018,10.99,10.99,10.35,10.35,158,0
20161019,10.99,10.99,10.05,10.97,606,0
20161020,11.4,11.4,11.11,11.11,10,0
20161021,11,11,10.42,10.96,145,0
20161024,10.96,10.96,10.94,10.94,10,0
20161025,10.94,10.94,10.94,10.94,150,0
20161026,11.5,11.5,10.94,11.49,52,0
20161027,11.49,11.49,10.6,11.44,149,0
20161028,11.44,11.44,10.45,10.61,109,0
20161031,11.36,11.36,11.3,11.3,19,0
20161102,11.26,11.26,10.61,11,98,0
20161103,11,11,11,11,11,0
20161104,10.98,10.98,10.61,10.96,110,0
20161107,10.94,10.94,10.01,10.84,338,0
