Date,Open,High,Low,Close,Volume,OpenInt
20110811,11.314,13.985,11.314,13.916,48647,0
20110812,13.907,13.916,13.39,13.916,9108,0
20110816,13.573,13.916,13.573,13.916,1459,0
20110817,13.53,13.845,13.53,13.845,2371,0
20110818,13.573,13.825,13.53,13.825,2996,0
20110819,13.537,13.775,13.537,13.775,4407,0
20110822,13.635,13.635,13.635,13.635,2289,0
20110823,13.635,13.635,13.6,13.628,3575,0
20110824,13.6,13.712,13.6,13.712,10955,0
20110825,13.635,13.768,13.635,13.712,1222,0
20110826,13.614,13.74,13.614,13.74,1342,0
20110829,13.782,14.335,13.733,14.335,8063,0
20110830,13.916,14.335,13.916,14.335,1986,0
20110831,14.02,14.824,14.02,14.824,3618,0
20110901,13.811,15.173,13.811,15.173,3253,0
20110902,15.173,15.173,15.173,15.173,43,0
20110905,15.103,15.103,15.103,15.103,6,0
20110906,14.124,15.173,13.985,15.173,6052,0
20110909,14.684,15.103,14.272,15.103,870,0
20110912,14.684,15.167,14.166,15.167,1531,0
20110913,14.684,15.069,14.272,15.069,1196,0
20110914,14.272,15.069,14.272,15.069,643,0
20110915,14.286,15.069,14.286,15.069,2116,0
20110919,14.684,15.069,14.684,15.069,853,0
20110920,15.069,15.315,15.069,15.315,1052,0
20110921,14.691,15.173,14.691,15.173,831,0
20110922,14.551,14.551,14.509,14.509,2847,0
20110923,14.335,14.335,14.09,14.097,14315,0
20110926,13.992,14.544,13.985,14.195,9736,0
20110927,13.985,14.16,13.985,13.985,63476,0
20110928,14.614,14.614,13.985,14.509,29321,0
20110929,13.992,14.397,13.992,14.335,2463,0
20110930,13.982,13.982,13.952,13.952,61495,0
20111003,13.978,13.978,13.916,13.916,285,0
20111004,13.921,13.921,13.921,13.921,58,0
20111005,13.971,13.978,13.971,13.978,287,0
20111006,13.978,13.978,13.978,13.978,16,0
20111007,14.684,14.684,13.93,14.684,738,0
20111011,14.405,14.677,14.405,14.677,3432,0
20111012,14.006,14.65,14.006,14.65,2046,0
20111013,14.509,14.509,14.509,14.509,143,0
20111014,14.124,14.544,14.124,14.544,28654,0
20111017,14.124,14.58,14.124,14.58,17190,0
20111018,14.58,14.58,14.58,14.58,15,0
20111019,14.614,14.614,14.614,14.614,21,0
20111020,14.124,14.405,14.124,14.405,1373,0
20111021,14.138,14.684,14.138,14.684,1401,0
20111024,14.537,14.537,14.537,14.537,673,0
20111025,14.265,14.684,14.265,14.684,477,0
20111026,14.537,14.684,14.537,14.684,643,0
20111027,14.537,15.167,14.537,15.167,2988,0
20111028,14.691,15.034,14.684,15.026,3432,0
20111031,15.024,15.349,15.024,15.349,2557,0
20111102,14.684,14.824,14.614,14.614,3938,0
20111103,15.315,15.315,14.691,14.726,187058,0
20111104,14.831,14.998,14.754,14.998,730,0
20111107,15.103,15.243,14.698,15.243,2204,0
20111108,15.243,15.243,15.243,15.243,20,0
20111109,14.726,15.026,14.719,15.026,1879,0
20111114,14.789,15.02,14.789,15.02,285,0
20111115,14.824,15.034,14.824,15.034,429,0
20111116,14.719,15.012,14.719,15.012,57562,0
20111118,14.691,15.034,14.684,15.034,1157,0
20111121,15.026,15.034,15.026,15.034,285,0
20111122,14.684,15.132,14.684,15.132,157,0
20111125,15.097,15.097,15.097,15.097,258,0
20111130,14.953,15.38,14.759,15.241,4230,0
20111201,15.315,15.315,15.315,15.315,15,0
20111205,14.761,15.237,14.761,15.237,1931,0
20111208,15.034,15.034,14.754,14.754,998,0
20111209,14.754,14.984,14.684,14.984,1112,0
20111214,15.103,15.103,15.103,15.103,2,0
20111215,15.103,15.383,14.684,15.02,32764,0
20111216,14.691,15.02,14.551,15.02,15467,0
20111219,14.551,14.551,14.3,14.544,3211,0
20111220,14.265,14.335,14.265,14.335,4801,0
20111221,14.328,14.328,14.258,14.265,6484,0
20111222,14.265,14.265,14.265,14.265,322,0
20111223,14.503,15.523,14.503,15.523,258,0
20111227,15.516,15.516,14.265,14.265,3407,0
20111228,14.265,14.265,13.845,14.124,4822,0
20111229,13.845,13.985,13.845,13.985,697,0
20111230,14.192,14.192,13.982,13.982,720,0
20120102,15.383,15.383,15.026,15.383,722,0
20120103,14.684,14.684,14.684,14.684,258,0
20120104,14.335,15.006,14.335,15.006,444,0
20120113,14.342,15.006,14.133,15.006,2056,0
20120116,14.16,15.006,14.16,15.006,494,0
20120117,14.964,15.383,14.964,15.383,250,0
20120118,14.691,15.097,14.691,15.076,30540,0
20120119,15.083,15.243,15.069,15.243,274,0
20120120,15.383,15.383,15.383,15.383,4,0
20120126,14.998,14.998,14.998,14.998,40,0
20120127,14.998,15.02,14.998,15.02,1144,0
20120130,15.034,15.034,14.998,15.034,73,0
20120131,15.03,15.03,14.681,15,1033,0
20120202,14.684,15.034,14.684,15.034,1459,0
20120203,15.034,15.034,14.684,15.034,658,0
20120207,15.383,15.383,14.684,14.691,2524,0
20120208,14.684,14.684,14.684,14.684,396,0
20120210,14.684,14.956,14.684,14.956,314,0
20120213,14.65,14.964,14.65,14.964,314,0
20120214,14.684,14.88,14.544,14.88,300,0
20120215,14.684,14.684,14.684,14.684,200,0
20120217,14.894,15.315,14.894,15.315,121,0
20120220,15.237,15.237,15.173,15.173,16783,0
20120221,14.754,14.894,14.754,14.789,29460,0
20120224,15.103,15.943,15.103,15.377,1339,0
20120227,15.243,15.243,14.964,15.237,1289,0
20120228,15.727,15.727,15.315,15.642,3201,0
20120229,15.52,15.901,15.38,15.574,6327,0
20120301,15.523,15.523,15.383,15.496,677,0
20120302,15.932,15.932,15.38,15.932,10940,0
20120305,16.013,17.006,16.013,16.397,5767,0
20120306,16.428,17.337,16.359,16.638,9346,0
20120307,16.499,16.499,16.04,16.087,5233,0
20120308,16.428,16.786,15.435,16.428,3134,0
20120309,16.23,16.425,15.992,16.153,1592,0
20120312,16.349,16.349,15.496,16.062,3890,0
20120313,16.083,16.083,15.397,16.062,3616,0
20120314,15.999,16.006,15.699,15.699,1906,0
20120315,15.732,15.859,15.732,15.859,2845,0
20120316,15.943,15.943,15.685,15.943,6989,0
20120319,15.732,15.732,15.488,15.732,4009,0
20120320,16.349,16.349,15.111,15.474,3494,0
20120321,15.383,16.048,15.383,15.943,1228,0
20120322,15.873,16.076,15.732,15.859,2973,0
20120323,15.861,15.861,15.466,15.559,6006,0
20120326,15.809,15.809,15.537,15.559,14942,0
20120327,16.258,16.258,15.523,15.594,15820,0
20120328,15.732,16.908,15.488,16.781,19543,0
20120329,17.166,17.404,16.712,17.061,12183,0
20120330,17.05,17.057,16.786,16.996,6053,0
20120402,16.957,17.088,16.428,16.786,52744,0
20120403,16.786,17.12,16.715,16.786,11870,0
20120404,16.84,16.918,16.715,16.763,14657,0
20120405,16.786,16.926,16.715,16.747,12106,0
20120410,17.135,17.135,16.747,16.747,37045,0
20120411,16.305,17.003,15.567,17.003,9554,0
20120412,16.988,16.988,16.615,16.77,3726,0
20120413,16.918,16.988,16.886,16.957,4607,0
20120416,16.305,16.312,15.544,16.071,5967,0
20120417,16.064,16.46,16.009,16.305,8409,0
20120418,15.993,16.305,15.7,16.305,1201,0
20120419,15.738,16.289,15.722,16.289,9230,0
20120420,16.297,16.297,15.916,15.916,3831,0
20120423,15.761,15.993,14.752,15.529,10202,0
20120424,15.14,15.684,15.14,15.529,2428,0
20120425,15.7,15.916,15.7,15.916,3008,0
20120426,15.839,16.289,15.839,16.289,901,0
20120427,16.297,16.685,15.993,16.654,6120,0
20120430,16.685,16.763,16.685,16.763,2918,0
20120504,16.305,16.305,16.009,16.126,526,0
20120507,15.768,16.265,15.768,16.226,1399,0
20120508,15.535,16.11,15.535,15.987,1893,0
20120509,15.535,16.033,15.233,16.033,4533,0
20120510,15.598,15.832,15.598,15.832,727,0
20120511,15.832,15.901,15.529,15.901,1565,0
20120514,15.567,15.901,15.567,15.885,2367,0
20120515,15.622,15.901,15.567,15.901,1999,0
20120516,15.295,15.955,15.295,15.955,1496,0
20120517,15.349,15.877,15.349,15.877,2814,0
20120518,15.233,15.839,15.225,15.73,3064,0
20120521,15.832,15.832,15.645,15.722,1288,0
20120522,15.179,15.839,15.179,15.839,468,0
20120523,15.372,15.909,15.062,15.909,9941,0
20120524,15.411,16.693,15.411,16.693,9696,0
20120525,15.877,16.677,15.877,16.677,696,0
20120528,15.839,16.537,15.529,16.537,6499,0
20120530,16.297,16.615,15.529,16.305,22094,0
20120531,16.499,16.537,15.916,16.537,1185,0
20120601,16.615,16.615,16.615,16.615,48,0
20120605,15.613,16.577,15.613,16.577,2783,0
20120606,16.577,16.608,16.577,16.608,516,0
20120608,16.615,16.615,16.615,16.615,37,0
20120611,16.305,16.428,15.923,16.428,3308,0
20120612,16.305,16.305,16.305,16.305,64,0
20120613,15.932,15.932,15.923,15.923,322,0
20120614,16.18,16.188,16.18,16.18,1580,0
20120615,15.613,16.226,15.613,16.226,892,0
20120618,15.69,15.69,15.574,15.574,156,0
20120619,15.637,16.685,15.637,16.685,2346,0
20120620,16.577,16.577,15.916,16.537,759,0
20120622,15.955,16.53,15.7,16.53,20779,0
20120625,16.009,16.382,16.002,16.382,1707,0
20120627,16.305,16.7,16.305,16.693,16226,0
20120628,16.305,16.305,16.305,16.305,76,0
20120629,16.647,16.693,16.46,16.46,3192,0
20120703,16.452,16.452,16.452,16.452,283,0
20120704,16.422,16.422,16.422,16.422,29,0
20120705,16.422,16.693,16.422,16.693,1514,0
20120706,16.84,16.84,16.422,16.84,166,0
20120709,16.422,16.886,16.422,16.886,2663,0
20120710,16.886,16.926,16.693,16.926,1087,0
20120711,16.848,16.957,16.848,16.957,1168,0
20120712,16.926,17.159,16.545,17.159,11264,0
20120713,17.174,17.174,16.623,17.174,524,0
20120716,17.221,17.221,16.77,17.221,774,0
20120717,17.221,17.221,17.221,17.221,49,0
20120718,17.221,17.221,17.221,17.221,49,0
20120719,17.213,17.469,16.855,17.469,2780,0
20120720,17.198,17.624,17.198,17.624,556,0
20120723,17.205,17.586,17.205,17.546,1436,0
20120726,17.182,17.826,17.182,17.826,1410,0
20120727,17.826,18.323,17.741,18.168,3162,0
20120730,18.549,18.556,17.702,18.556,1968,0
20120731,18.634,18.789,18.246,18.782,2098,0
20120801,18.129,18.782,18.129,18.284,2403,0
20120802,18.091,18.284,18.091,18.284,2954,0
20120803,18.059,18.789,18.059,18.789,23907,0
20120806,18.789,18.789,18.284,18.711,11186,0
20120807,18.323,18.789,18.323,18.789,2302,0
20120808,18.634,18.634,18.634,18.634,1289,0
20120809,18.828,18.867,18.556,18.867,657,0
20120813,18.867,19.022,18.828,18.828,77692,0
20120814,18.634,18.634,18.323,18.323,263,0
20120816,18.284,18.634,18.284,18.634,792,0
20120817,18.65,18.782,18.65,18.782,226,0
20120820,18.672,18.672,18.672,18.672,193,0
20120821,18.681,18.681,18.681,18.681,734,0
20120822,18.681,18.867,18.634,18.634,220724,0
20120824,18.556,18.634,18.556,18.634,219,0
20120827,18.634,18.634,18.634,18.634,643,0
20120828,18.323,18.634,18.323,18.634,1072,0
20120829,18.634,18.634,18.634,18.634,516,0
20120830,18.02,18.02,18.02,18.02,206,0
20120831,18.013,18.634,18.013,18.634,491,0
20120903,18.619,18.634,18.619,18.634,277,0
20120905,18.634,18.634,18.634,18.634,4,0
20120906,18.02,18.634,18.02,18.634,296,0
20120911,18.828,18.859,18.634,18.634,219,0
20120914,18.013,18.479,17.702,18.479,498,0
20120917,18.711,18.711,17.896,18.082,1599,0
20120918,17.943,18.439,17.934,18.439,52604,0
20120919,18.091,18.237,18.091,18.237,702,0
20120920,18.588,18.588,18.588,18.588,128,0
20120925,17.857,18.533,17.857,17.934,1076,0
20120926,17.779,17.788,17.779,17.779,1585,0
20120927,17.081,18.246,17.081,18.246,60212,0
20120928,18.401,18.401,17.779,17.865,1336,0
20121001,17.779,18.323,17.779,18.323,119,0
20121003,18.246,18.246,18.246,18.246,14,0
20121004,18.097,18.097,18.097,18.097,64,0
20121009,18.097,18.105,17.865,17.865,1289,0
20121010,17.881,17.881,17.85,17.85,1160,0
20121011,17.857,17.857,17.857,17.857,274,0
20121012,17.857,17.857,17.857,17.857,22,0
20121015,17.857,17.857,17.857,17.857,964,0
20121016,17.857,17.857,17.624,17.624,2334,0
20121017,17.546,17.546,17.469,17.469,226,0
20121018,17.476,17.476,17.159,17.469,193,0
20121019,17.469,17.469,17.469,17.469,374,0
20121022,17.469,17.469,17.159,17.469,9280,0
20121023,18.237,18.237,18.237,18.237,128,0
20121029,17.546,17.546,17.546,17.546,147,0
20121031,17.779,17.779,17.702,17.702,15516,0
20121102,17.779,17.779,17.779,17.779,392,0
20121105,18.237,18.479,18.237,18.479,1449,0
20121106,18.401,18.401,18.401,18.401,54,0
20121107,18.479,18.479,18.479,18.479,387,0
20121108,18.501,18.501,18.501,18.501,15,0
20121112,18.013,18.433,18.013,18.433,64,0
20121113,18.246,18.246,17.624,17.624,259,0
20121115,17.624,18.246,17.624,18.246,92,0
20121120,18.246,18.246,18.184,18.206,1995,0
20121121,18.206,18.246,18.152,18.214,1912,0
20121122,18.175,18.284,17.857,18.206,1515,0
20121123,18.206,18.206,18.206,18.206,1501,0
20121126,18.206,18.246,18.206,18.246,1558,0
20121128,18.168,18.168,18.168,18.168,136,0
20121203,18.401,18.439,18.246,18.252,768,0
20121204,18.3,18.3,18.246,18.246,116,0
20121205,18.246,18.246,18.246,18.246,126,0
20121206,18.619,18.859,18.33,18.859,799,0
20121207,18.859,18.867,18.859,18.867,1302,0
20121210,18.789,18.867,18.479,18.789,664,0
20121211,18.789,18.867,18.789,18.867,658,0
20121213,18.828,18.867,18.828,18.867,516,0
20121214,18.867,18.944,18.867,18.944,715,0
20121217,18.944,18.944,18.789,18.944,1226,0
20121219,18.867,18.937,18.634,18.634,16693,0
20121220,18.944,19.022,18.75,18.75,901,0
20121221,18.634,19.022,18.634,19.022,82,0
20121227,18.983,18.983,18.983,18.983,128,0
20121228,19.022,19.022,19.022,19.022,128,0
20130102,18.246,18.944,18.246,18.944,1164,0
20130103,18.944,18.944,18.944,18.944,585,0
20130104,18.634,18.634,18.634,18.634,193,0
20130108,19.022,20.49,19.022,20.032,2451,0
20130109,20.109,20.109,20.032,20.109,632,0
20130110,20.109,20.109,20.109,20.109,33,0
20130111,20.412,20.412,20.412,20.412,33,0
20130114,20.49,20.497,20.459,20.459,212,0
20130115,20.31,20.497,20.263,20.497,397,0
20130116,20.263,20.505,20.263,20.497,312,0
20130117,20.49,20.497,20.49,20.497,354,0
20130118,20.497,20.497,20.49,20.49,53,0
20130121,20.341,20.341,20.303,20.303,194,0
20130122,19.954,19.954,19.954,19.954,65,0
20130123,19.954,19.954,19.799,19.876,1492,0
20130124,19.41,19.41,19.41,19.41,52,0
20130125,19.79,20.186,19.79,19.954,2168,0
20130128,20.341,21.234,20.341,20.8,3140,0
20130129,20.575,20.808,20.575,20.575,1069,0
20130130,20.575,20.575,20.186,20.186,1201,0
20130131,20.575,20.575,20.575,20.575,49,0
20130201,20.575,20.575,20.575,20.575,108,0
20130204,20.341,20.652,20.341,20.575,2984,0
20130205,20.963,21.352,20.575,20.575,932,0
20130206,21.352,21.352,20.575,20.575,1912,0
20130207,20.652,20.652,19.876,19.876,11639,0
20130208,20.109,20.263,20.109,20.148,724,0
20130211,19.954,20.963,19.954,20.963,15874,0
20130212,21.001,21.584,21.001,21.584,10315,0
20130213,21.661,22.105,21.352,22.043,33367,0
20130214,22.516,22.903,22.516,22.903,26616,0
20130215,22.903,23.254,22.903,23.214,1060,0
20130218,23.548,24.751,23.548,24.075,58231,0
20130219,24.069,24.069,23.285,23.68,16138,0
20130220,23.331,23.602,22.903,22.903,2209,0
20130221,22.182,23.059,22.182,23.059,13247,0
20130222,23.292,23.299,23.292,23.292,1056,0
20130225,23.214,23.447,23.137,23.137,223,0
20130227,23.137,23.137,22.903,23.137,333,0
20130228,23.294,23.294,22.906,22.906,101,0
20130301,22.671,23.285,22.671,22.903,39816,0
20130304,22.903,22.903,22.903,22.903,382,0
20130305,22.516,22.896,22.516,22.749,1201,0
20130306,23.292,23.292,22.516,22.903,65832,0
20130307,22.919,22.919,21.933,22.516,2777,0
20130308,22.787,22.896,22.516,22.826,29479,0
20130311,23.137,23.137,22.562,22.826,1748,0
20130312,22.903,23.059,22.903,22.903,1194,0
20130313,23.129,23.292,23.129,23.292,539,0
20130314,23.68,23.68,22.982,23.525,328,0
20130315,23.525,23.672,23.525,23.525,38463,0
20130318,23.525,23.718,23.518,23.518,35352,0
20130319,23.718,23.718,23.447,23.447,1607,0
20130320,23.214,23.214,22.709,22.826,526,0
20130321,22.919,23.292,22.919,23.292,234,0
20130322,22.903,23.098,22.709,22.749,851,0
20130325,22.765,22.903,22.709,22.903,3004,0
20130326,23.292,23.292,22.516,22.896,14340,0
20130327,22.438,22.881,21.568,22.881,4838,0
20130328,22.881,23.09,22.516,23.09,42702,0
20130402,22.911,23.245,22.228,23.245,1214,0
20130403,22.826,23.254,22.522,23.254,327,0
20130404,22.367,22.819,22.361,22.819,2037,0
20130405,22.299,22.741,22.299,22.741,1291,0
20130408,22.741,22.741,22.741,22.741,128,0
20130409,22.709,22.709,22.664,22.664,449,0
20130410,22.632,22.819,22.516,22.819,4544,0
20130411,22.787,22.896,22.787,22.826,2661,0
20130415,22.29,22.826,22.29,22.826,314,0
20130417,22.671,22.896,22.671,22.896,141,0
20130418,22.888,22.888,22.361,22.749,459,0
20130419,22.516,22.516,22.299,22.516,109,0
20130422,22.516,22.741,22.321,22.741,328,0
20130423,22.477,22.477,22.477,22.477,212,0
20130424,22.212,22.749,22.212,22.749,295,0
20130425,22.749,22.749,22.741,22.749,142,0
20130426,22.22,22.749,22.22,22.749,531,0
20130430,22.815,22.824,22.815,22.824,387,0
20130506,22.22,22.399,22.22,22.399,589,0
20130507,22.399,22.896,22.399,22.896,2832,0
20130508,22.378,22.897,22.378,22.897,452,0
20130509,22.923,24.077,22.609,24.07,48231,0
20130510,24.069,24.075,23.533,24.075,139458,0
20130513,24.838,24.838,24.301,24.301,1054,0
20130514,24.224,24.456,23.68,24.456,782,0
20130515,24.636,24.829,24.378,24.456,148,0
20130516,24.767,24.838,24.456,24.838,3537,0
20130517,24.465,24.754,24.465,24.465,510,0
20130520,24.829,24.838,24.729,24.838,1218,0
20130521,24.838,25.078,24.838,25.078,11774,0
20130522,25.233,25.544,24.961,25.388,13756,0
20130523,25.466,25.614,24.923,25.614,598,0
20130524,25.613,26.239,25.613,26.165,3486,0
20130527,26.164,27.478,26.164,26.476,8065,0
20130528,26.949,27.106,26.941,27.097,6202,0
20130529,27.097,27.8,26.487,27.378,7547,0
20130531,27.485,27.947,27.485,27.485,1786,0
20130603,27.873,27.873,27.562,27.795,4068,0
20130604,27.8,27.824,27.485,27.824,5379,0
20130605,27.8,27.816,27.8,27.8,1177,0
20130606,27.824,27.824,27.675,27.675,1958,0
20130607,27.675,27.8,27.559,27.75,1731,0
20130610,27.75,27.75,27.725,27.75,4082,0
20130611,27.725,27.75,26.57,27.155,2743,0
20130612,27.709,27.709,27.172,27.601,9071,0
20130613,28.798,28.798,27.643,28.789,676,0
20130614,28.467,28.467,28.063,28.063,374,0
20130617,28.055,28.55,27.981,28.467,994,0
20130618,28.055,28.063,27.311,27.311,955,0
20130619,27.311,27.311,26.001,26.305,2310,0
20130620,26.091,26.198,26.091,26.165,1729,0
20130621,26.075,26.405,26.075,26.405,285,0
20130625,26.446,26.446,26.075,26.116,795,0
20130626,26.075,26.091,26.075,26.091,530,0
20130627,26.075,26.158,26.075,26.158,363,0
20130628,26.363,26.363,26.363,26.363,24,0
20130701,26.075,26.075,26.075,26.075,34,0
20130702,26.355,26.405,26.075,26.405,468,0
20130703,26.405,26.487,26.322,26.322,819,0
20130704,26.405,26.405,26.082,26.082,76,0
20130705,26.396,26.396,26.396,26.396,24,0
20130708,26.396,26.396,26.396,26.396,18,0
20130709,26.082,26.396,26.075,26.158,277,0
20130710,26.158,26.198,26.158,26.158,92,0
20130711,26.389,26.396,26.075,26.075,255,0
20130716,26.075,26.075,26.075,26.075,275,0
20130717,26.239,26.239,26.075,26.075,199,0
20130718,26.075,26.487,23.525,26.487,3100,0
20130719,26.082,26.47,26.075,26.47,255,0
20130722,26.487,26.57,26.487,26.57,5170,0
20130723,26.578,27.304,26.578,27.304,3442,0
20130724,27.304,27.304,27.23,27.23,246,0
20130725,27.024,27.287,26.842,27.287,526,0
20130726,26.463,27.716,26.463,27.716,3945,0
20130729,27.716,28.055,27.643,28.055,4282,0
20130730,27.716,27.716,27.709,27.716,3659,0
20130731,27.709,27.716,27.709,27.716,1061,0
20130801,27.716,28.055,27.716,28.055,297,0
20130802,28.055,28.055,28.055,28.055,380,0
20130805,27.716,27.716,27.709,27.716,1981,0
20130806,28.055,28.063,27.972,28.063,849,0
20130807,28.063,28.063,28.063,28.063,647,0
20130808,28.063,28.138,28.055,28.138,3402,0
20130809,28.055,28.063,28.055,28.063,108,0
20130812,28.063,28.178,28.063,28.096,4439,0
20130813,28.112,28.219,28.112,28.219,1907,0
20130814,28.178,29.169,28.178,28.219,1859,0
20130816,28.385,28.632,28.385,28.632,1541,0
20130819,28.88,30.118,28.88,29.705,11102,0
20130820,30.118,30.448,29.375,29.375,1912,0
20130821,29.211,29.664,29.211,29.664,770,0
20130822,29.664,30.406,29.664,30.406,816,0
20130823,30.406,30.448,28.806,30.448,3145,0
20130826,29.829,30.365,29.416,30.365,358,0
20130827,29.705,30.365,29.705,29.738,1789,0
20130828,29.623,30.365,29.623,30.365,1727,0
20130829,30.365,30.943,30.283,30.943,874,0
20130830,30.984,30.984,30.984,30.984,178,0
20130902,30.984,31.851,30.167,31.851,2279,0
20130903,32.18,32.18,31.455,31.851,1469,0
20130904,32.18,32.18,31.355,32.065,1231,0
20130905,30.736,32.098,30.29,31.108,3415,0
20130906,30.365,31.422,30.283,31.322,7573,0
20130909,31.322,31.322,30.299,31.265,727,0
20130910,31.355,32.173,31.355,32.173,1784,0
20130911,32.18,34.986,32.173,34.986,1212,0
20130912,34.656,34.656,33.006,33.996,11504,0
20130913,33.996,33.996,33.418,33.872,278,0
20130916,32.964,33.781,32.964,33.781,1860,0
20130917,33.006,33.748,33.006,33.707,860,0
20130918,33.336,33.41,33.006,33.41,371,0
20130919,33.41,33.707,33.41,33.418,5462,0
20130920,32.519,33.418,32.519,32.84,300,0
20130924,33.006,33.006,33.006,33.006,84,0
20130926,33.006,33.006,32.18,33.006,485,0
20130927,33.006,33.014,33.006,33.006,658,0
20130930,32.99,32.99,32.18,32.18,808,0
20131001,33.781,33.781,32.98,32.997,471,0
20131002,33.006,33.006,33.006,33.006,121,0
20131003,32.997,32.997,32.354,32.593,1249,0
20131004,32.346,32.346,32.18,32.18,458,0
20131007,32.263,32.263,32.18,32.18,157,0
20131008,32.98,32.997,32.98,32.997,6,0
20131009,32.758,32.997,32.758,32.997,771,0
20131010,32.997,32.997,32.197,32.197,100,0
20131011,32.263,32.997,32.263,32.997,53,0
20131014,32.23,32.23,32.23,32.23,586,0
20131015,32.263,32.667,32.263,32.667,27,0
20131016,32.84,34.078,30.662,32.205,5206,0
20131017,33.674,33.683,32.808,32.808,1212,0
20131018,32.758,33.319,32.18,33.319,252,0
20131021,32.602,32.602,32.593,32.593,603,0
20131022,32.593,32.799,31.603,32.585,7334,0
20131023,32.676,32.676,32.676,32.676,18,0
20131024,32.676,33.295,32.18,32.684,1704,0
20131025,32.511,33.006,32.511,33.006,126,0
20131028,33.171,33.171,32.18,32.18,1208,0
20131029,32.18,32.18,31.875,31.891,665,0
20131030,31.891,31.933,30.984,30.993,925,0
20131031,31.355,32.899,31.355,32.833,226,0
20131104,32.593,32.84,32.511,32.593,1872,0
20131105,32.593,32.593,32.263,32.263,12847,0
20131106,31.282,33.006,31.282,32.676,517,0
20131107,32.189,33.171,32.189,32.593,3727,0
20131108,32.346,33.088,32.346,33.006,1363,0
20131112,32.849,33.253,32.849,33.211,1839,0
20131113,33.295,33.319,31.81,33.088,967,0
20131114,32.997,33.006,32.997,33.006,242,0
20131115,33.006,33.088,33.006,33.006,7659,0
20131118,33.006,33.006,31.858,32.173,4405,0
20131119,31.867,32.18,31.603,32.18,7972,0
20131120,31.405,32.173,31.405,32.04,6524,0
20131121,32.016,32.18,31.603,31.76,5751,0
20131122,31.768,32.173,31.768,32.173,2305,0
20131125,32.148,32.593,31.768,32.502,5272,0
20131126,32.163,32.163,31.686,31.768,1533,0
20131127,32.18,32.18,31.289,31.289,664,0
20131128,31.355,33.138,31.355,32.799,14389,0
20131129,32.816,34.244,32.799,34.078,9939,0
20131202,34.235,34.408,33.914,34.408,2916,0
20131203,34.367,34.408,33.418,33.831,3742,0
20131204,33.724,33.914,32.84,33.822,477,0
20131205,32.676,34.318,32.354,33.559,1470,0
20131206,32.279,34.821,32.271,34.673,19465,0
20131209,34.796,37.131,34.796,36.471,1371,0
20131210,36.471,37.123,35.646,37.032,340,0
20131211,37.296,37.536,35.151,36.059,2742,0
20131212,36.298,36.298,34.656,35.877,2492,0
20131213,35.877,37.503,35.877,36.719,1172,0
20131216,35.481,37.503,35.481,37.37,5652,0
20131217,37.445,37.503,36.727,37.379,3731,0
20131218,37.503,37.503,36.141,36.29,2596,0
20131219,36.306,36.95,35.663,36.678,945,0
20131220,36.306,37.131,36.306,36.405,2313,0
20131223,36.306,37.957,36.306,37.709,4139,0
20131227,37.816,38.163,37.808,37.957,12939,0
20131230,37.584,37.957,37.197,37.957,22704,0
20140102,38.32,38.328,37.957,38.13,2797,0
20140103,38.039,38.328,37.957,37.957,535,0
20140107,37.494,37.494,36.306,37.131,533,0
20140108,37.214,37.214,35.795,35.795,1487,0
20140109,35.803,35.803,33.972,34.904,478,0
20140110,33.839,34.656,33.839,34.656,1691,0
20140113,34.821,37.081,34.656,37,275,0
20140114,35.894,36.785,35.564,36.298,4998,0
20140115,36.719,36.719,36.306,36.306,3278,0
20140116,35.894,35.894,35.894,35.894,80,0
20140117,35.902,36.298,35.902,36.298,79,0
20140120,35.976,35.976,35.373,35.373,755,0
20140121,35.366,37.503,35.366,37.131,1403,0
20140122,37.131,37.288,36.224,37.28,3374,0
20140123,35.852,36.471,35.836,36.306,699,0
20140124,35.795,36.059,34.92,35.151,4109,0
20140127,35.068,35.968,34.326,35.373,272,0
20140128,35.646,35.646,34.417,35.646,467,0
20140129,34.656,35.068,34.656,34.986,1426,0
20140130,34.986,35.877,34.821,34.944,1983,0
20140131,35.44,36.257,35.234,36.1,3285,0
20140203,36.05,36.884,36.05,36.884,3090,0
20140204,36.884,36.884,35.894,35.894,1107,0
20140206,35.894,35.894,35.894,35.894,104,0
20140207,35.811,35.811,35.068,35.068,783,0
20140210,35.068,35.316,33.5,33.5,436,0
20140211,33.872,35.234,33.344,34.252,935,0
20140212,34.252,36.141,34.252,36.141,8799,0
20140213,36.141,36.141,34.408,35.811,10404,0
20140214,36.216,37.123,36.216,36.57,304,0
20140217,34.284,36.57,34.284,36.57,261,0
20140218,35.886,35.894,35.151,35.151,3208,0
20140219,34.548,35.151,34.548,34.557,414,0
20140220,34.598,34.598,33.624,33.624,194,0
20140221,34.656,34.656,34.656,34.656,302,0
20140224,35.877,36.257,35.877,36.257,66,0
20140225,35.976,36.264,35.398,36.264,363,0
20140226,34.664,36.141,34.656,34.821,632,0
20140227,35.159,36.224,35.151,36.224,48853,0
20140228,36.224,36.224,35.894,36.207,1035,0
20140303,35.077,35.11,33.946,34.863,6412,0
20140304,36.216,36.224,35.894,35.894,531,0
20140306,35.886,35.886,35.728,35.728,48,0
20140307,35.728,35.728,35.234,35.481,109,0
20140311,34.103,34.119,34.103,34.112,53,0
20140312,34.103,34.244,34.103,34.112,296,0
20140313,34.112,34.244,33.336,33.584,1797,0
20140314,33.03,33.253,31.776,33.006,1740,0
20140317,33.006,33.006,30.242,32.742,3662,0
20140318,31.908,33.006,31.908,32.436,115,0
20140319,32.428,32.436,32.428,32.436,14580,0
20140320,32.47,32.47,30.951,32.387,26101,0
20140321,32.75,32.758,32.75,32.758,131,0
20140324,32.758,32.758,32.758,32.758,5,0
20140325,31.776,32.18,31.76,32.18,3385,0
20140326,32.016,33.006,31.76,32.997,4525,0
20140327,33.006,33.006,31.858,31.858,571,0
20140328,32.75,32.75,31.776,31.776,373,0
20140331,31.785,31.785,31.355,31.364,798,0
20140401,31.768,31.768,31.768,31.768,40,0
20140402,31.768,31.768,31.52,31.52,308,0
20140403,31.52,31.768,31.52,31.768,1534,0
20140404,31.768,32.106,31.108,31.108,1372,0
20140407,31.686,32.693,31.686,32.693,302,0
20140409,32.676,32.923,31.768,32.923,1469,0
20140410,32.964,32.964,32.964,32.964,61,0
20140411,31.851,31.851,31.851,31.851,43,0
20140414,32.016,32.016,32.016,32.016,13,0
20140415,31.942,31.942,31.686,31.686,371,0
20140416,32.923,32.964,31.355,31.355,242,0
20140417,31.463,31.471,31.438,31.438,709,0
20140422,32.593,32.593,32.511,32.511,292,0
20140423,32.502,32.502,31.355,31.603,3810,0
20140425,32.18,32.18,31.768,31.768,302,0
20140428,32.527,32.527,31.603,31.603,32119,0
20140429,31.611,31.611,31.603,31.603,605,0
20140430,31.768,31.768,31.768,31.768,60,0
20140505,31.355,31.397,31.355,31.364,751,0
20140507,30.704,31.191,30.531,30.531,2302,0
20140508,30.531,30.547,30.448,30.448,4208,0
20140509,31.215,31.215,31.215,31.215,1,0
20140512,30.547,30.547,29.952,29.952,3870,0
20140513,29.871,30.035,29.871,29.871,997,0
20140514,32.18,32.18,32.18,32.18,311,0
20140515,31.272,32.593,31.272,32.593,1910,0
20140516,32.486,33.006,32.486,33.006,109,0
20140519,33.361,33.831,33.006,33.006,251,0
20140520,33.996,33.996,33.237,33.996,135,0
20140521,33.996,35.316,33.996,35.316,288,0
20140522,33.831,34.491,33.831,33.955,969,0
20140523,32.939,35.308,32.939,35.275,870,0
20140526,35.217,35.225,34.499,35.068,1076,0
20140527,34.656,34.656,34.656,34.656,115,0
20140528,34.375,35.044,34.375,34.656,1844,0
20140529,34.656,34.656,33.864,33.864,743,0
20140530,33.674,33.707,32.99,33.707,2808,0
20140602,33.707,33.707,32.18,32.18,1915,0
20140603,32.18,32.18,31.397,31.397,2714,0
20140604,31.355,31.891,31.355,31.891,17889,0
20140605,31.933,32.304,31.933,32.247,2692,0
20140606,32.593,32.626,32.585,32.602,2156,0
20140609,32.799,32.799,32.585,32.717,3172,0
20140610,32.799,33.211,32.792,33.171,1007,0
20140611,33.253,33.5,33.088,33.088,4616,0
20140612,33.499,33.499,30.646,33.001,2181,0
20140613,33.263,33.263,31.6,31.95,4233,0
20140616,31.95,33.22,31.95,33.167,285,0
20140617,34.129,34.129,34.129,34.129,273,0
20140618,32.913,33.001,32.913,32.913,146,0
20140620,32.738,32.738,32.038,32.125,366,0
20140623,31.959,31.959,31.521,31.556,2719,0
20140624,31.513,32.817,31.513,32.677,234,0
20140625,32.773,32.773,31.863,32.554,168,0
20140626,32.791,32.791,31.513,31.775,97,0
20140627,31.775,31.775,31.513,31.775,1830,0
20140630,31.592,31.592,31.592,31.592,2,0
20140701,31.592,31.784,31.592,31.784,124,0
20140702,31.784,31.863,31.153,31.425,5688,0
20140703,31.775,31.784,31.258,31.513,21013,0
20140704,31.513,31.592,31.513,31.592,753,0
20140708,31.513,32.782,31.513,32.782,85,0
20140709,30.908,31.075,30.9,31.075,184,0
20140711,31.513,31.513,31.513,31.513,22,0
20140714,31.39,31.39,31.381,31.381,3069,0
20140715,30.725,31.084,30.725,30.742,231,0
20140716,30.462,30.734,30.462,30.734,315,0
20140717,30.689,30.716,30.689,30.707,343,0
20140718,30.655,30.681,30.655,30.681,343,0
20140721,30.673,30.9,30.462,30.716,5664,0
20140722,31.933,31.933,30.462,30.462,1590,0
20140723,30.515,30.515,30.506,30.506,359,0
20140724,30.637,30.637,30.48,30.48,365,0
20140725,32.353,32.353,30.48,30.48,278,0
20140729,31.513,31.513,30.506,30.637,151,0
20140801,30.558,30.646,30.48,30.48,716,0
20140804,30.489,30.489,30.48,30.48,279,0
20140805,30.637,30.637,30.244,30.244,2325,0
20140806,30.199,30.199,28.65,28.65,2823,0
20140807,28.887,28.887,28.887,28.887,22,0
20140812,28.448,28.448,26.725,26.725,3784,0
20140813,27.136,27.136,26.278,26.409,10494,0
20140814,25.394,26.322,25.394,26.085,240,0
20140818,27.127,27.127,26.261,26.523,217,0
20140819,26.444,26.444,26.006,26.006,844,0
20140821,26.575,26.575,26.261,26.269,207,0
20140822,27.127,27.136,27.127,27.136,1311,0
20140825,28.002,28.002,27.573,27.573,58,0
20140826,27.573,28.011,27.573,28.011,718,0
20140828,27.582,27.582,25.394,25.403,432,0
20140829,26.243,27.661,26.243,27.661,1762,0
20140902,27.652,27.661,27.652,27.661,18,0
20140903,27.608,27.618,27.136,27.136,2737,0
20140904,27.127,27.136,27.127,27.136,14,0
20140905,27.136,27.705,27.136,27.705,66,0
20140908,27.573,29.316,27.573,29.316,8434,0
20140911,29.228,30.637,29.228,30.637,1097,0
20140915,29.859,30.637,29.859,30.637,1289,0
20140916,30.637,30.637,30.637,30.637,686,0
20140917,30.209,30.9,30.209,30.9,378,0
20140919,30.891,30.9,30.891,30.9,238,0
20140922,30.987,31.075,30.226,31.075,1961,0
20140923,30.637,30.637,30.147,30.637,616,0
20140924,30.628,30.637,30.628,30.637,17162,0
20140925,30.26,30.48,30.244,30.48,120,0
20140926,30.48,30.637,30.471,30.558,400,0
20140929,33.141,33.141,29.867,30.199,173,0
20140930,29.753,29.762,29.753,29.762,18,0
20141001,29.762,29.762,29.762,29.762,7782,0
20141003,29.167,29.675,29.167,29.675,285,0
20141007,29.587,29.718,29.587,29.718,135,0
20141010,29.665,29.665,29.324,29.324,51,0
20141013,28.108,28.142,28.108,28.142,73,0
20141014,28.011,28.23,27.618,28.23,56401,0
20141015,29.675,29.675,29.675,29.675,114,0
20141020,28.887,29.446,28.397,28.397,1277,0
20141021,28.887,28.887,28.659,28.659,63,0
20141023,28.851,28.887,28.851,28.887,243,0
20141028,28.799,28.887,28.799,28.887,119,0
20141030,28.877,29.061,28.108,28.108,6004,0
20141031,28.108,28.108,28.108,28.108,58,0
20141103,28.755,29.508,28.353,28.537,1631,0
20141104,29.061,29.149,28.466,29.14,1436,0
20141105,28.992,29.096,28.265,28.265,224,0
20141106,28.983,28.983,28.02,28.02,429,0
20141107,28.895,28.895,26.357,26.873,290,0
20141110,27.11,27.11,24.51,26.251,1073,0
20141112,26.261,27.994,25.822,26.173,1918,0
20141113,26.173,26.251,26.077,26.085,620,0
20141114,26.094,26.094,25.508,25.516,396,0
20141117,25.298,26.077,25.298,26.077,201,0
20141118,26.042,26.042,25.385,25.385,182,0
20141119,25.429,26.085,25.394,25.411,1652,0
20141120,25.919,25.919,25.201,25.201,1437,0
20141121,24.947,26.085,24.947,26.085,750,0
20141124,25.998,25.998,25.324,25.324,702,0
20141125,25.324,25.919,25.324,25.359,607,0
20141126,25.21,25.21,25.21,25.21,24,0
20141127,25.551,25.551,25.551,25.551,126,0
20141128,25.822,25.822,25.822,25.822,178,0
20141201,25.219,25.219,25.219,25.219,4,0
20141202,25.822,25.822,25.219,25.219,259,0
20141203,25.577,25.577,25.385,25.551,34564,0
20141204,25.56,25.56,25.385,25.56,784,0
20141205,25.56,25.56,25.56,25.56,42,0
20141208,25.822,25.822,24.571,24.571,306,0
20141209,25.376,25.385,25.376,25.385,3438,0
20141210,25.376,25.376,24.554,24.554,8511,0
20141211,24.597,24.597,24.554,24.597,12814,0
20141212,24.597,24.597,24.072,24.571,5988,0
20141215,22.846,24.781,22.846,23.792,23072,0
20141216,24.694,24.694,23.635,23.635,410,0
20141217,24.518,25.56,23.652,25.56,927,0
20141218,25.56,25.998,25.56,25.822,1493,0
20141219,25.822,25.822,25.131,25.131,571,0
20141222,25.822,25.998,25.822,25.998,60,0
20141223,25.079,25.131,24.528,24.528,35761,0
20141229,25.018,25.911,25.018,25.911,814,0
20150105,25.385,25.385,25.385,25.385,143,0
20150107,25.385,25.385,25.385,25.385,253,0
20150108,25.385,25.385,25.385,25.385,4683,0
20150109,25.385,25.385,24.571,24.571,301,0
20150112,25.569,25.569,25.368,25.368,80,0
20150113,25.368,25.368,23.949,25.359,129,0
20150114,25.569,25.569,24.545,25.359,153,0
20150115,25.385,25.482,24.632,24.632,126,0
20150116,24.615,24.615,24.51,24.51,192,0
20150119,25.21,25.21,25.21,25.21,1,0
20150121,23.635,24.51,23.635,24.072,820,0
20150122,24.081,24.081,24.081,24.081,4,0
20150123,24.16,24.16,24.16,24.16,80,0
20150126,24.947,25.385,24.947,25.123,6897,0
20150127,25.123,25.385,25.079,25.166,11835,0
20150128,25.376,26.698,25.342,26.523,1768,0
20150129,26.698,27.976,26.681,26.926,1683,0
20150130,26.873,26.873,26.567,26.873,192,0
20150202,26.873,26.882,26.391,26.873,252,0
20150203,26.698,27.118,26.261,27.049,341,0
20150204,27.136,27.136,27.049,27.136,485,0
20150205,27.136,27.136,27.136,27.136,1074,0
20150209,27.302,27.302,26.444,26.444,342,0
20150210,26.698,26.698,26.435,26.689,203,0
20150211,27.127,27.127,27.127,27.127,47,0
20150212,27.118,27.118,26.794,26.794,198,0
20150213,26.523,27.118,26.261,26.261,3020,0
20150216,26.567,27.101,26.567,26.62,540,0
20150217,27.154,27.154,26.838,26.838,676,0
20150218,26.856,27.556,26.786,27.556,648,0
20150219,27.223,27.486,26.96,26.96,326,0
20150220,26.96,27.136,26.96,27.136,171,0
20150223,27.565,27.565,27.136,27.311,687,0
20150224,27.355,27.407,27.355,27.407,128,0
20150225,27.573,27.661,27.399,27.407,1148,0
20150226,27.154,27.749,27.154,27.749,861,0
20150227,27.573,27.573,27.573,27.573,191,0
20150302,27.565,27.573,27.565,27.573,160,0
20150303,28.011,28.169,27.565,27.573,443,0
20150304,27.582,28.405,27.582,28.361,347,0
20150305,28.448,28.537,28.448,28.537,144,0
20150306,28.624,28.887,28.274,28.887,1183,0
20150309,28.887,28.887,28.711,28.711,472,0
20150310,28.475,28.475,28.011,28.011,1078,0
20150311,28.142,28.869,28.011,28.869,381,0
20150312,28.448,28.887,28.448,28.711,503,0
20150313,28.44,28.869,27.924,28.011,94733,0
20150316,27.582,28.624,27.582,28.624,26,0
20150317,28.432,28.79,28.011,28.79,40238,0
20150318,28.361,28.843,28.361,28.755,1353,0
20150319,28.239,28.851,28.239,28.537,111,0
20150320,28.869,28.877,28.448,28.448,558,0
20150323,28.877,28.887,28.537,28.58,353,0
20150324,28.493,28.799,28.493,28.799,309,0
20150325,28.887,29.324,28.887,29.324,2928,0
20150326,29.28,29.324,29.149,29.149,33263,0
20150327,29.324,29.499,29.106,29.106,2792,0
20150330,29.561,29.569,29.561,29.569,122,0
20150331,29.587,29.902,29.587,29.902,407,0
20150401,30.199,31.495,29.937,30.121,1514,0
20150402,31.075,31.075,30.637,30.637,190,0
20150407,30.199,31.031,30.199,30.856,3789,0
20150408,30.856,31.163,30.856,31.145,5916,0
20150409,31.075,31.513,31.075,31.513,1820,0
20150410,31.819,32.388,31.819,32.344,1988,0
20150413,31.513,32.344,31.513,32.256,2428,0
20150414,32.301,32.301,31.95,31.95,59,0
20150415,31.687,31.95,31.513,31.95,497,0
20150416,31.95,31.95,30.209,31.075,1394,0
20150417,30.987,30.987,30.637,30.637,509,0
20150420,30.637,30.637,30.628,30.628,183,0
20150421,30.628,30.628,30.628,30.628,114,0
20150422,30.628,30.681,30.628,30.681,1301,0
20150423,30.637,30.725,30.637,30.637,1028,0
20150424,30.637,30.637,30.637,30.637,686,0
20150427,30.199,30.637,30.199,30.199,684,0
20150428,30.199,30.199,30.199,30.199,131,0
20150429,30.191,30.199,30.156,30.156,268,0
20150504,30.199,31.381,30.199,31.381,1312,0
20150505,31.373,31.373,31.075,31.075,95,0
20150506,31.373,31.373,31.075,31.075,1501,0
20150507,30.681,31.381,30.681,31.381,56,0
20150511,31.075,31.075,31.075,31.075,114,0
20150512,30.812,30.812,30.812,30.812,212,0
20150513,30.637,30.637,30.628,30.628,428,0
20150514,30.558,30.558,30.55,30.55,534,0
20150515,30.296,30.637,30.296,30.637,158,0
20150518,30.637,30.637,30.637,30.637,406,0
20150519,30.637,30.637,30.637,30.637,318,0
20150520,30.637,30.637,30.637,30.637,34,0
20150521,30.628,30.637,29.893,29.893,485,0
20150522,29.946,31.075,29.946,31.075,453,0
20150526,29.981,31.075,29.981,31.075,101,0
20150527,30.637,30.637,30.637,30.637,22,0
20150528,30.637,30.637,30.637,30.637,285,0
20150529,30.637,31.031,30.637,30.812,240,0
20150601,30.812,30.812,28.825,30.786,628,0
20150602,29.412,30.199,29.412,30.199,281,0
20150603,29.762,30.191,29.762,30.191,1879,0
20150608,30.199,30.199,29.762,29.762,495,0
20150609,29.762,29.762,29.412,29.499,309,0
20150610,30.191,30.191,30.191,30.191,1,0
20150611,29.762,29.762,29.587,29.762,488,0
20150612,29.587,29.762,29.587,29.587,232,0
20150615,29.691,29.762,29.691,29.762,177,0
20150616,29.675,29.762,29.675,29.762,82,0
20150617,29.849,30.165,29.412,30.165,1353,0
20150619,29.412,30.094,27.267,29.587,1264,0
20150622,29.316,29.316,29.228,29.237,421,0
20150623,29.237,29.762,29.237,29.762,150,0
20150624,29.587,29.736,28.974,29.736,10691,0
20150625,29.736,29.736,29.736,29.736,115,0
20150626,29.736,29.762,29.499,29.499,1092,0
20150629,29.28,29.578,27.328,29.578,274,0
20150630,28.887,29.175,28.887,29.149,164,0
20150701,29.324,29.359,28.108,29.228,703,0
20150702,28.711,29.762,28.711,29.736,261,0
20150703,30.025,31.127,29.149,29.762,1795,0
20150706,29.583,29.649,29.105,29.649,268,0
20150707,29.621,29.621,28.194,28.194,113,0
20150708,28.213,28.213,27.114,28.072,490,0
20150710,27.696,28.072,27.133,28.072,2564,0
20150713,28.626,28.635,28.626,28.635,186,0
20150714,27.509,27.678,27.227,27.227,1037,0
20150715,27.227,27.79,27.227,27.509,249,0
20150716,27.509,29.837,27.509,29.799,69,0
20150717,29.668,29.668,28.166,28.635,347,0
20150721,28.635,29.565,27.903,27.903,978,0
20150722,29.086,29.086,29.086,29.086,23,0
20150724,28.635,29.105,28.635,29.105,316,0
20150727,29.095,29.095,27.33,29.001,177,0
20150728,27.884,27.884,27.884,27.884,73,0
20150729,28.795,28.795,28.767,28.776,107,0
20150730,28.541,28.541,28.541,28.541,5,0
20150731,27.978,27.978,27.978,27.978,274,0
20150803,28.26,28.307,28.26,28.26,240,0
20150804,28.635,28.729,28.635,28.729,96,0
20150805,28.26,28.26,28.26,28.26,112,0
20150806,28.26,28.26,27.884,27.884,408,0
20150807,28.26,28.26,28.166,28.166,261,0
20150810,28.166,28.166,28.166,28.166,240,0
20150811,28.119,28.119,28.119,28.119,44,0
20150812,28.119,28.119,28.119,28.119,53,0
20150819,27.696,27.696,27.556,27.556,131,0
20150820,27.227,27.227,26.288,26.288,331,0
20150821,26.476,26.476,26.382,26.382,164,0
20150824,26.382,26.382,23.8,25.349,1978,0
20150825,24.88,26.288,23.8,25.349,10855,0
20150827,25.349,25.819,25.349,25.819,194,0
20150828,26.851,27.227,26.851,27.227,2420,0
20150831,27.227,27.227,27.227,27.227,19,0
20150901,27.18,27.18,27.18,27.18,29,0
20150902,26.382,27.227,25.406,26.758,1721,0
20150903,27.227,27.227,26.523,27.227,258,0
20150904,26.523,26.523,26.523,26.523,9,0
20150907,27.509,27.509,27.509,27.509,11,0
20150908,27.509,27.696,27.509,27.556,133,0
20150910,27.602,27.602,27.227,27.227,857,0
20150911,27.227,27.227,27.227,27.227,561,0
20150914,26.945,26.945,26.945,26.945,321,0
20150915,26.945,27.227,26.945,27.227,426,0
20150916,27.227,27.649,25.969,26.57,1289,0
20150917,27.199,27.208,27.199,27.208,316,0
20150918,27.208,27.227,26.391,27.227,1482,0
20150921,27.227,27.227,27.227,27.227,213,0
20150922,27.743,27.743,27.227,27.227,274,0
20150923,27.227,27.227,27.227,27.227,692,0
20150928,27.696,27.696,27.696,27.696,277,0
20150929,27.227,27.227,27.227,27.227,533,0
20150930,27.227,27.696,27.227,27.602,251,0
20151001,27.696,27.696,27.227,27.227,2519,0
20151002,27.602,27.602,27.227,27.509,22456,0
20151005,26.758,27.696,26.758,27.696,198,0
20151006,27.696,27.696,27.696,27.696,88,0
20151007,27.696,28.635,27.696,28.166,720,0
20151008,28.166,28.166,27.649,27.649,692,0
20151009,28.635,28.635,27.659,28.532,107,0
20151012,28.917,28.917,28.673,28.673,102,0
20151013,28.579,28.588,28.579,28.588,51,0
20151014,27.668,29.001,27.668,29.001,32,0
20151015,29.001,29.105,29.001,29.105,553,0
20151016,29.386,29.386,28.917,28.917,369,0
20151019,28.635,28.917,28.635,28.917,543,0
20151020,28.823,29.105,28.823,28.823,2185,0
20151021,28.823,29.386,28.823,29.386,116,0
20151023,29.799,29.799,29.799,29.799,10,0
20151026,29.799,29.799,29.799,29.799,107,0
20151027,29.762,29.799,29.762,29.799,266,0
20151028,29.574,29.95,29.574,29.95,35,0
20151030,29.95,29.95,28.541,28.541,490,0
20151102,29.912,30.982,29.706,30.09,11449,0
20151103,30.982,30.982,30.513,30.513,1571,0
20151104,30.982,30.982,30.889,30.982,43317,0
20151105,30.184,31.133,30.184,31.133,543,0
20151106,30.184,31.133,30.184,31.133,334,0
20151109,30.935,30.935,30.1,30.1,1968,0
20151110,30.1,30.325,30.044,30.325,1216,0
20151112,30.325,30.513,30.044,30.513,47623,0
20151113,30.044,30.325,30.044,30.325,427,0
20151116,30.325,30.325,30.325,30.325,30,0
20151117,30.044,30.044,30.044,30.044,64,0
20151118,30.044,30.044,30.044,30.044,289,0
20151119,30.044,30.325,30.044,30.325,670,0
20151120,30.513,30.513,30.513,30.513,11,0
20151123,30.513,30.513,30.044,30.044,342,0
20151124,30.513,30.513,30.513,30.513,469,0
20151125,30.044,30.044,30.044,30.044,572,0
20151126,30.044,31.452,30.044,31.452,4806,0
20151127,30.513,31.358,30.513,31.358,382,0
20151130,30.044,31.358,30.044,31.358,330,0
20151201,30.044,30.044,30.044,30.044,107,0
20151202,30.973,30.973,30.973,30.973,1,0
20151203,30.184,30.325,30.044,30.044,365,0
20151204,30.044,30.044,30.044,30.044,1401,0
20151207,29.668,30.194,29.668,30.044,1733,0
20151208,30.137,30.973,30.044,30.325,538,0
20151209,30.044,30.044,30.044,30.044,30,0
20151211,30.044,30.044,29.668,29.668,291,0
20151214,29.574,29.574,29.574,29.574,43,0
20151215,28.175,29.48,28.175,29.48,309,0
20151216,29.48,29.48,28.307,28.307,839,0
20151217,27.884,27.978,27.79,27.79,684,0
20151218,27.725,27.725,27.415,27.415,7697,0
20151221,27.415,28.166,27.321,27.415,18418,0
20151223,27.236,27.415,27.227,27.227,3609,0
20151228,27.227,27.227,27.142,27.142,298,0
20151229,27.236,29.706,27.236,29.706,3957,0
20151230,28.466,29.715,28.466,29.715,133,0
20160104,29.715,29.715,29.715,29.715,69,0
20160107,29.574,29.574,28.842,28.842,266,0
20160108,29.715,29.715,29.339,29.339,1082,0
20160111,29.339,30.278,29.105,29.292,2692,0
20160112,29.48,30.044,29.386,30.044,2048,0
20160113,30.044,30.044,29.771,30.044,877,0
20160114,29.771,29.771,29.574,29.574,618,0
20160115,29.292,29.574,29.199,29.574,4512,0
20160118,29.574,29.574,28.072,28.072,1656,0
20160119,29.339,29.339,27.978,27.978,1565,0
20160120,28.119,28.119,28.072,28.072,107,0
20160121,28.072,29.011,28.072,28.588,17270,0
20160122,29.011,29.555,29.011,29.114,2228,0
20160125,29.114,29.114,28.635,28.635,1035,0
20160126,28.166,29.095,28.166,29.095,329,0
20160129,28.635,28.635,28.635,28.635,107,0
20160201,28.729,28.823,28.635,28.635,513,0
20160202,28.616,28.616,28.166,28.166,1897,0
20160203,28.072,28.166,28.072,28.166,390,0
20160204,28.494,28.823,27.884,27.884,1386,0
20160205,27.931,27.931,27.509,27.556,1574,0
20160208,27.696,27.696,27.696,27.696,89,0
20160209,27.696,27.706,27.602,27.602,1416,0
20160210,27.79,27.79,27.79,27.79,107,0
20160211,27.565,27.565,27.509,27.509,787,0
20160212,28.128,28.128,27.049,27.593,2644,0
20160215,27.593,27.602,27.593,27.602,285,0
20160216,27.509,27.696,27.509,27.696,85,0
20160217,27.602,28.156,27.602,28.156,1089,0
20160218,28.532,28.532,28.532,28.532,43,0
20160219,28.523,28.541,28.523,28.541,248,0
20160222,28.541,30.044,28.541,30.044,42232,0
20160223,30.231,31.452,30.044,30.513,2968,0
20160224,30.372,31.386,29.386,31.377,1821,0
20160225,29.959,32.015,29.959,32.015,2202,0
20160226,32.287,32.391,31.245,32.391,4420,0
20160229,31.518,33.33,30.795,30.795,2487,0
20160301,31.442,33.33,31.442,32.025,4940,0
20160302,32.278,32.766,30.044,32.766,29668,0
20160303,32.203,32.654,31.508,32.654,1424,0
20160304,32.203,32.86,31.64,32.86,128,0
20160307,32.86,33.038,31.893,32.86,445,0
20160308,32.391,32.86,32.391,32.86,116,0
20160309,33.029,33.038,32.306,32.992,1351,0
20160310,32.015,32.841,31.921,32.757,71,0
20160311,32.794,32.86,32.794,32.86,266,0
20160314,32.766,34.25,32.503,34.25,6668,0
20160315,34.25,34.25,33.001,33.142,524,0
20160316,33.611,33.611,33.142,33.283,459,0
20160317,33.001,34.203,33.001,33.151,2795,0
20160318,33.142,34.268,33.142,34.268,3584,0
20160321,34.268,35.019,34.268,35.019,6225,0
20160322,35.677,36.616,33.048,36.522,35127,0
20160323,37.085,37.461,36.381,36.381,7672,0
20160324,35.771,37.545,35.771,37.536,8293,0
20160329,37.536,37.536,36.202,36.963,1346,0
20160330,37.038,37.038,36.428,36.991,456,0
20160331,36.991,37.076,36.991,36.991,1018,0
20160401,36.616,36.616,36.616,36.616,31,0
20160404,36.991,36.991,36.991,36.991,11,0
20160405,36.897,37.085,36.897,37.085,381,0
20160406,36.991,37.085,36.616,36.616,839,0
20160407,36.522,36.522,36.522,36.522,21,0
20160408,36.146,36.146,33.818,35.536,1054,0
20160412,35.442,35.442,34.738,35.207,800,0
20160413,35.207,35.207,35.207,35.207,10,0
20160414,35.207,35.207,35.207,35.207,30,0
20160415,34.738,35.207,34.738,34.785,1980,0
20160418,34.832,35.019,34.738,35.001,1025,0
20160419,35.001,35.01,34.456,35.01,1906,0
20160420,35.583,35.677,35.019,35.677,5227,0
20160421,35.667,35.677,35.667,35.677,154,0
20160422,35.198,39.432,35.198,39.432,7954,0
20160425,39.432,39.432,38.165,39.338,3782,0
20160426,39.057,39.338,38.493,38.493,78753,0
20160427,38.531,38.935,38.324,38.935,36880,0
20160428,38.503,38.503,38.024,38.399,13757,0
20160429,38.4933,38.8594,38.0238,38.0238,6382,0
20160502,38.0238,38.5778,38.0238,38.39,3597,0
20160504,38,38.48,38,38.48,1564,0
20160505,38.48,38.8,38.4,38.65,2807,0
20160506,38.8,39.15,38.6,39.15,1370,0
20160509,38.6,39.45,38.6,39.15,1874,0
20160510,38.5,38.51,38.5,38.5,622,0
20160511,38.6,38.6,38.6,38.6,66,0
20160512,38.6,39.38,38.6,39.38,85,0
20160516,38.5,38.99,38.5,38.5,1851,0
20160517,38.51,39.37,38.5,39.37,4799,0
20160518,39.6,39.6,38.56,39.3,226,0
20160519,39.3,39.3,39.3,39.3,1039,0
20160520,39.2,39.3,39.2,39.3,640,0
20160524,38.55,38.55,38.01,38.5,568,0
20160525,38.8,39,38.7,38.7,49777,0
20160527,39.25,39.25,39.25,39.25,46,0
20160530,38.5,38.5,38.5,38.5,112,0
20160531,39.24,39.25,39.24,39.25,344,0
20160601,38.5,39.24,38.15,39.24,489,0
20160602,39,39,39,39,25,0
20160603,38.05,39.3,38.05,39.3,90,0
20160606,38,38.7,38,38.41,11188,0
20160607,38.5,38.65,38.5,38.55,7217,0
20160608,38.6,38.98,38.6,38.65,356,0
20160609,39,39,39,39,1000,0
20160610,39,39,39,39,66,0
20160613,38.7,38.71,38.65,38.65,429,0
20160614,38.65,38.65,38.65,38.65,10,0
20160615,38,38,38,38,329,0
20160616,38,38.65,38,38.65,486,0
20160621,38.01,38.01,38.01,38.01,80,0
20160622,38.02,38.02,38,38,79,0
20160623,38.01,38.01,38.01,38.01,2,0
20160624,38,38,36.06,37,1291,0
20160627,37.5,39,37.5,39,300,0
20160628,38.9,40.44,38.7,40.44,1448,0
20160629,39.99,40.1,39.9,40.1,568,0
20160630,39.01,40.1,39.01,40.1,424,0
20160701,40.09,40.09,40.09,40.09,13,0
20160704,40.09,40.09,39,39,30,0
20160705,39,39,39,39,3500,0
20160707,39,39,39,39,110,0
20160708,39,39,39,39,10,0
20160712,39,39,39,39,1,0
20160713,37.53,39,37.4,39,8003,0
20160718,38.04,38.04,38,38,325,0
20160719,38,38,38,38,10,0
20160720,38.01,39,38.01,39,26,0
20160722,38.9,39,38.9,39,4722,0
20160725,39.29,39.29,38.29,39.29,421,0
20160726,38.3,38.3,38.3,38.3,40,0
20160727,38.3,38.3,38.3,38.3,25,0
20160728,39,39,38.99,38.99,317,0
20160729,39,39,39,39,167,0
20160802,39,39,39,39,10,0
20160803,38.9,39.1,38.9,39,223,0
20160804,38.5,39,37.5,38.9,770,0
20160805,38.1,38.1,38.1,38.1,42,0
20160808,38.15,38.15,38,38,145,0
20160809,38,38.01,38,38,56,0
20160810,38,38.48,37.5,38.48,398,0
20160811,38.5,38.5,37.85,37.85,498,0
20160812,38.49,38.49,37,37.99,656,0
20160816,37.4,37.4,37.4,37.4,88,0
20160817,37.39,37.4,37.39,37.4,18528,0
20160818,37.4,37.5,37.4,37.5,807,0
20160819,37.52,38.89,37.52,38.89,18583,0
20160822,38.89,38.89,37.61,38.89,7,0
20160823,38.88,39,38.88,39,53478,0
20160824,39,40.6,38.99,40.45,11020,0
20160825,39,40.44,39,39.21,1697,0
20160826,39.99,40.4,39,39,1170,0
20160830,39.94,39.94,39.79,39.79,105,0
20160831,39.5,39.79,39.5,39.79,246,0
20160902,38.8,39.4,38.8,39.4,62,0
20160905,39.4,39.8,38.75,39.8,13526,0
20160906,39.99,39.99,39.99,39.99,145,0
20160907,39.5,39.5,39.5,39.5,49534,0
20160908,39,39,39,39,529,0
20160909,39.4,39.49,39.4,39.49,200,0
20160912,39.49,39.89,38.5,39.89,78,0
20160914,39.5,40,39.5,40,14078,0
20160915,39.5,40,39.11,40,10627,0
20160916,40,40.1,40,40.1,30375,0
20160919,40.4,40.4,40,40.2,2846,0
20160920,40.4,40.4,40.4,40.4,10,0
20160921,40,40,39.9,40,30025,0
20160922,39.9,39.9,39.9,39.9,110,0
20160923,39.95,40,39.3,40,260,0
20160926,40,40,40,40,410,0
20160928,39.9,40.2,39.5,40,698,0
20160929,39.9,39.9,39.8,39.8,20190,0
20160930,39.21,39.95,39.11,39.95,20241,0
20161003,39.11,39.95,39.11,39.85,514,0
20161004,40.4,40.4,39.5,39.5,137,0
20161005,39.5,39.5,38.53,39.49,177,0
20161007,39.49,39.49,39.49,39.49,10,0
20161010,39.49,39.49,39.49,39.49,8,0
20161012,39.5,39.5,37.01,38,1657,0
20161013,37.6,38.5,37.6,38.5,2951,0
20161014,38.5,38.5,38.5,38.5,150,0
20161017,38.5,38.55,38.5,38.55,270,0
20161018,38.55,38.55,38,38.5,438,0
20161019,38.5,38.55,38.5,38.55,757,0
20161020,38.5,38.55,38.5,38.55,352,0
20161021,38.5,38.5,38.5,38.5,312,0
20161024,38.5,38.8,38.5,38.8,70,0
20161025,38.8,38.8,38,38.3,495,0
20161026,38.2,38.2,37.8,37.8,356,0
20161027,38,38,38,38,100,0
20161028,38.49,38.49,38.49,38.49,3240,0
20161031,38.1,38.1,38.1,38.1,272,0
20161102,38.1,38.1,37.26,37.26,407,0
20161103,38.35,38.35,38.35,38.35,10,0
20161104,38.36,41.2,38.36,40.9,52019,0
20161107,40.8,44.8,40.1,43,10366,0
