Date,Open,High,Low,Close,Volume,OpenInt
20061010,13.469,15.635,13.229,14.604,1512172,0
20061011,15.155,15.155,14.722,15.155,295775,0
20061012,15.155,15.155,14.672,14.818,30429,0
20061013,14.811,14.818,13.964,13.964,13198,0
20061016,13.621,14.625,13.621,14.432,72270,0
20061017,14.481,14.722,14.198,14.426,56910,0
20061018,14.432,14.769,14.248,14.749,25795,0
20061019,14.432,14.715,14.432,14.432,26440,0
20061020,14.384,14.625,14.288,14.625,22906,0
20061023,14.432,14.528,14.281,14.288,7793,0
20061024,14.254,14.254,14.095,14.122,48512,0
20061025,14.095,14.232,13.593,14.232,26460,0
20061026,14.192,14.432,14.192,14.432,106941,0
20061027,14.192,14.818,14.192,14.432,22906,0
20061030,14.192,14.432,14.192,14.432,10248,0
20061031,14.432,14.432,14.192,14.192,18812,0
20061102,14.192,14.481,14.192,14.481,1162,0
20061103,14.481,14.481,14.192,14.192,12201,0
20061106,14.192,14.577,14.192,14.57,3991,0
20061107,14.625,14.625,14.144,14.528,11744,0
20061108,14.625,14.913,14.577,14.913,14800,0
20061109,14.913,15.134,14.769,15.134,3449,0
20061110,15.134,15.299,14.144,14.913,24465,0
20061113,14.913,14.913,14.672,14.913,2431,0
20061114,14.865,14.865,14.446,14.818,437,0
20061115,15.01,15.155,14.672,15.155,47098,0
20061116,15.106,15.155,15.106,15.147,4655,0
20061117,15.106,15.106,15.106,15.106,28538,0
20061120,15.147,15.443,15.147,15.443,52484,0
20061121,15.443,15.903,15.347,15.725,224171,0
20061122,15.877,16.736,15.828,16.736,73642,0
20061123,16.839,16.839,16.358,16.791,2827,0
20061124,16.839,16.839,16.549,16.839,8524,0
20061127,16.791,17.918,16.694,17.918,5903,0
20061128,17.897,18.187,17.629,18.187,6464,0
20061129,18.042,18.042,17.801,17.801,9314,0
20061130,18.234,18.764,18.187,18.764,3036,0
20061201,19.101,19.727,19.101,19.727,105214,0
20061204,19.966,20.016,18.62,19.245,18852,0
20061205,18.86,19.823,18.579,19.823,3888,0
20061206,20.016,20.016,18.579,19.727,31719,0
20061207,19.727,19.727,19.245,19.492,44337,0
20061208,19.679,19.727,19.679,19.727,2993,0
20061211,19.727,19.727,19.245,19.245,997,0
20061212,19.239,19.486,19.197,19.486,84721,0
20061213,19.533,20.208,19.533,20.208,33341,0
20061214,20.208,21.556,20.208,21.171,8272,0
20061215,20.786,22.085,19.149,22.085,29432,0
20061218,22.47,24.154,21.652,22.855,23841,0
20061219,23.357,23.357,22.505,22.848,4033,0
20061220,23.336,23.336,21.604,22.566,8189,0
20061221,22.181,22.181,22.085,22.133,5966,0
20061222,20.689,21.604,20.689,20.93,12970,0
20061227,20.834,20.834,19.727,20.689,10664,0
20061228,21.171,21.171,20.063,20.689,17148,0
20061229,20.689,20.93,19.294,19.727,155495,0
20070102,19.727,19.966,19.362,19.727,2597,0
20070103,19.823,19.823,19.823,19.823,42381,0
20070104,19.96,19.96,19.96,19.96,62,0
20070105,19.492,19.679,19.389,19.389,22719,0
20070108,19.343,19.343,19.053,19.053,373,0
20070109,19.053,19.954,19.053,19.603,20972,0
20070110,19.603,20.125,19.603,20.125,437,0
20070111,19.727,20.146,19.727,20.112,30451,0
20070112,20.112,20.112,20.105,20.112,7067,0
20070115,20.112,20.352,20.112,20.215,3013,0
20070116,20.449,20.592,20.174,20.174,16212,0
20070117,20.208,21.171,20.201,21.171,11702,0
20070118,21.171,21.989,21.171,21.989,7420,0
20070119,21.989,22.855,21.556,22.855,15276,0
20070122,22.855,23.048,22.855,22.855,2121,0
20070124,22.374,22.614,21.892,22.614,2349,0
20070125,22.614,22.614,22.278,22.278,291,0
20070126,21.989,21.989,20.641,20.641,1434,0
20070129,20.215,21.143,19.727,21.143,17273,0
20070130,21.266,21.652,20.449,21.652,1745,0
20070131,22.071,22.133,21.652,22.106,125231,0
20070201,22.339,22.339,21.652,22.12,310,0
20070202,22.133,22.133,22.085,22.133,70233,0
20070205,22.181,22.278,22.085,22.085,104508,0
20070206,21.652,22.278,20.979,21.989,65433,0
20070207,22.278,22.278,21.748,21.748,291,0
20070208,22.228,22.228,21.652,21.699,728,0
20070209,22.079,22.079,20.737,21.604,21222,0
20070212,22.079,22.079,22.079,22.079,62,0
20070213,22.071,22.071,21.652,21.652,2098,0
20070214,21.219,21.941,21.171,21.941,62625,0
20070215,21.652,21.652,21.508,21.652,3013,0
20070216,21.933,21.933,21.892,21.892,41634,0
20070219,21.652,21.892,21.652,21.892,17606,0
20070220,22.057,22.057,21.171,21.652,41736,0
20070222,22.071,22.071,21.699,21.892,56764,0
20070223,21.892,21.892,21.652,21.652,248,0
20070226,21.886,21.886,21.886,21.886,43,0
20070227,20.944,20.951,19.679,20.449,3304,0
20070228,20.689,20.689,20.449,20.662,17188,0
20070301,19.801,20.71,19.245,20.18,21741,0
20070302,19.582,20.401,19.582,20.401,1226,0
20070305,19.595,20.401,19.589,20.401,1705,0
20070306,19.733,20.201,19.679,20.201,2577,0
20070307,20.208,20.208,19.727,20.112,896,0
20070308,19.775,20.16,19.727,19.727,6402,0
20070309,19.582,19.631,19.417,19.631,790,0
20070312,20.112,20.112,19.424,20.105,810,0
20070313,20.056,20.056,19.727,19.954,687,0
20070314,19.727,19.727,19.424,19.727,271,0
20070315,19.492,19.699,19.411,19.699,831,0
20070316,19.809,19.918,19.748,19.823,86196,0
20070319,19.844,21.171,19.823,21.163,46101,0
20070320,21.171,21.171,20.689,21.171,14175,0
20070321,21.604,21.604,21.171,21.604,11016,0
20070322,21.652,21.844,21.652,21.789,166,0
20070323,22.12,22.374,21.171,22.374,21824,0
20070326,22.712,22.712,21.892,21.892,1018,0
20070327,21.652,22.47,21.556,21.844,373,0
20070328,21.652,21.892,21.652,21.892,228,0
20070329,21.343,22.47,21.343,21.556,14384,0
20070330,21.143,21.143,21.143,21.143,62,0
20070402,21.143,21.143,20.641,20.786,3222,0
20070403,20.689,21.411,20.689,21.411,1934,0
20070404,21.411,22.085,21.411,21.989,17794,0
20070405,21.989,22.154,21.989,22.12,35730,0
20070410,22.12,22.195,22.099,22.099,12996,0
20070411,22.58,22.58,22.099,22.099,13522,0
20070412,22.099,22.443,22.099,22.291,3040,0
20070413,22.092,22.195,21.453,22.189,39192,0
20070416,21.707,22.195,21.707,22.195,99061,0
20070417,22.395,23.378,22.195,23.378,216654,0
20070418,23.378,23.378,22.201,22.201,2413,0
20070419,22.195,22.195,22.195,22.195,307402,0
20070420,22.766,22.786,22.195,22.195,47847,0
20070423,22.883,22.883,21.804,21.804,1986,0
20070424,21.899,22.435,21.899,22.435,11962,0
20070425,22.347,22.347,22.347,22.347,406,0
20070426,21.699,22.195,21.699,22.195,204143,0
20070427,21.804,22.395,21.804,22.395,28851,0
20070430,22.395,22.395,22.395,22.395,304,0
20070502,22.395,22.69,22.395,22.69,81,0
20070504,22.587,22.587,22.587,22.587,344,0
20070507,22.786,23.109,22.739,23.109,609,0
20070508,23.034,23.034,22.195,22.195,217787,0
20070509,21.715,22.147,21.699,22.147,1013,0
20070511,21.309,21.804,20.718,21.804,1237,0
20070514,21.804,22.14,21.26,22.14,223,0
20070515,22.133,22.291,22.099,22.291,4745,0
20070516,22.291,22.443,22.291,22.443,811,0
20070517,22.443,23.233,22.443,23.129,49592,0
20070518,23.034,23.034,22.69,22.986,751,0
20070521,22.69,23.034,22.539,23.034,2474,0
20070522,23.034,23.034,23.034,23.034,567,0
20070523,22.938,22.938,22.587,22.587,1217,0
20070524,22.443,22.587,22.443,22.587,304,0
20070525,21.948,22.594,21.948,22.594,993,0
20070528,22.642,22.986,22.587,22.986,2230,0
20070529,22.834,23.625,22.834,23.625,13502,0
20070530,23.625,23.625,23.425,23.481,3365,0
20070531,23.625,23.674,23.186,23.625,4582,0
20070601,23.233,24.12,23.233,24.12,46449,0
20070604,24.216,24.216,23.873,24.169,7481,0
20070605,23.969,24.169,23.873,24.169,4075,0
20070606,24.56,24.56,23.281,23.425,43609,0
20070608,22.938,23.281,22.938,23.186,21168,0
20070611,23.577,23.68,23.577,23.674,4563,0
20070612,23.825,24.016,23.825,24.016,284,0
20070613,23.921,24.169,23.921,24.169,2028,0
20070614,24.169,24.56,23.674,24.464,53464,0
20070615,23.797,24.41,23.797,24.41,202,0
20070618,23.88,24.251,23.674,24.251,2047,0
20070619,24.12,24.264,24.12,24.264,304503,0
20070620,24.264,24.264,23.68,24.169,8393,0
20070625,23.288,24.161,23.288,24.161,7158,0
20070626,23.481,24.204,23.481,24.204,3467,0
20070628,23.481,23.674,23.186,23.674,13848,0
20070629,23.186,24.12,23.186,23.921,130122,0
20070703,23.233,24.072,23.233,24.072,61,0
20070709,24.065,24.065,23.186,23.186,142,0
20070710,23.378,23.378,23.378,23.378,202,0
20070711,22.841,22.841,21.699,22.195,1846,0
20070712,21.899,22.69,21.699,22.69,24451,0
20070716,22.195,22.883,22.195,22.883,12591,0
20070717,22.696,22.883,22.69,22.883,54782,0
20070718,22.712,23.921,22.69,23.921,21693,0
20070719,23.186,23.674,23.186,23.674,142184,0
20070720,23.034,23.674,22.938,23.674,142,0
20070723,23.674,23.674,23.674,23.674,20,0
20070724,23.674,23.674,23.425,23.425,304218,0
20070725,22.69,22.69,22.69,22.69,406,0
20070726,23.129,23.129,21.212,21.754,4054,0
20070727,21.405,22.587,21.26,22.195,2311,0
20070731,22.195,22.938,22.195,22.938,10400,0
20070801,21.851,22.93,21.851,22.93,122,0
20070802,22.69,22.938,22.69,22.938,547,0
20070803,22.201,22.443,22.195,22.443,468,0
20070806,22.201,22.69,22.195,22.69,24957,0
20070807,22.201,22.69,22.195,22.69,20741,0
20070808,22.244,23.186,22.244,23.186,21308,0
20070809,23.186,23.674,23.186,23.674,49084,0
20070810,23.186,23.625,22.69,23.178,19809,0
20070813,22.69,23.171,21.699,23.171,1480,0
20070816,22.195,22.195,19.727,22.147,30270,0
20070817,22.539,22.539,22.539,22.539,42,0
20070820,22.539,24.072,22.195,22.642,6448,0
20070821,22.195,22.195,21.699,22.195,1986,0
20070822,22.677,22.677,22.677,22.677,6284,0
20070823,22.195,22.443,21.948,22.443,3954,0
20070824,21.948,22.195,21.948,22.195,871,0
20070827,22.195,22.443,21.699,22.443,3487,0
20070828,22.635,22.635,21.754,21.754,81,0
20070829,21.754,22.443,21.754,22.443,32154,0
20070830,22.587,22.587,22.587,22.587,102,0
20070831,22.587,22.587,22.587,22.587,102,0
20070904,22.195,22.195,22.195,22.195,386,0
20070905,21.899,22.655,21.899,22.655,81,0
20070906,21.754,21.754,21.699,21.699,567,0
20070907,21.212,21.804,21.212,21.699,238652,0
20070910,21.508,22.195,21.508,22.195,1217,0
20070911,21.754,22.512,21.754,22.512,181,0
20070912,22.512,22.545,22.195,22.443,9042,0
20070913,22.587,22.587,22.443,22.443,3954,0
20070914,22.587,22.924,22.587,22.924,3711,0
20070917,23.164,23.164,23.164,23.164,42,0
20070918,23.151,23.151,23.151,23.151,42,0
20070919,23.157,23.157,23.157,23.157,102,0
20070920,23.157,23.157,23.157,23.157,406,0
20070921,22.739,23.178,22.539,23.178,730,0
20070926,23.178,23.178,23.178,23.178,202,0
20070928,23.225,23.225,23.225,23.225,468,0
20071001,23.315,23.315,23.315,23.315,81,0
20071002,23.281,23.281,23.281,23.281,81,0
20071003,23.275,23.275,23.254,23.254,202,0
20071004,23.254,23.268,22.903,23.268,366,0
20071005,23.186,23.186,23.186,23.186,81,0
20071008,22.69,22.69,22.69,22.69,223,0
20071009,22.195,22.683,22.195,22.683,102,0
20071010,22.93,22.93,22.93,22.93,102,0
20071011,22.45,22.821,22.443,22.821,43367,0
20071012,22.201,22.677,22.195,22.677,406,0
20071015,22.69,22.69,22.642,22.69,547,0
20071016,22.683,22.683,22.683,22.683,61,0
20071017,22.642,22.642,21.754,22.195,527,0
20071018,22.189,22.189,22.189,22.189,42,0
20071022,21.754,22.147,21.754,22.147,122,0
20071023,22.435,22.435,22.435,22.435,81,0
20071024,22.195,22.195,21.948,21.948,323,0
20071025,22.435,22.683,21.948,22.683,223,0
20071031,22.683,22.683,22.683,22.683,20,0
20071105,22.195,22.443,22.195,22.443,243,0
20071106,22.683,22.683,22.683,22.683,122,0
20071109,21.948,22.443,21.699,22.443,1217,0
20071112,22.195,22.428,21.604,22.428,323,0
20071114,22.443,22.443,21.81,22.443,96282,0
20071116,21.699,22.69,21.699,22.69,508,0
20071119,22.642,22.642,22.642,22.642,81,0
20071122,22.587,22.834,22.195,22.834,5495,0
20071126,22.938,22.938,22.739,22.938,527,0
20071128,22.986,23.186,22.986,23.186,284,0
20071129,22.69,23.178,22.443,23.178,628,0
20071203,23.082,23.082,22.69,23.082,262,0
20071204,23.082,23.082,23.082,23.082,202,0
20071205,23.082,23.082,23.082,23.082,102,0
20071206,23.013,23.013,23.013,23.013,102,0
20071207,23.171,23.171,23.129,23.129,81,0
20071210,23.129,23.129,23.129,23.129,851,0
20071211,23.082,23.082,23.082,23.082,163,0
20071217,22.195,22.683,22.195,22.683,426,0
20071218,21.707,22.677,21.707,22.677,42,0
20071219,21.954,23.075,21.699,23.075,102223,0
20071220,22.099,22.883,22.099,22.883,142,0
20071221,22.195,22.395,22.195,22.395,508,0
20071227,22.69,22.69,21.699,21.699,426,0
20071228,21.699,21.699,21.699,21.699,7399,0
20080102,21.699,22.147,21.699,22.147,344,0
20080104,21.212,21.453,21.212,21.453,202,0
20080107,20.718,20.737,20.62,20.62,628,0
20080108,19.727,19.727,19.727,19.727,406,0
20080110,19.486,19.486,18.647,18.647,2515,0
20080111,17.705,18.146,17.705,18.146,1115,0
20080114,18.035,18.2,17.361,17.361,670,0
20080115,18.228,18.228,18.228,18.228,1013,0
20080117,18.248,18.248,16.674,16.77,86713,0
20080118,18.248,18.248,16.529,16.529,5940,0
20080121,16.522,16.57,15.787,15.787,4967,0
20080122,15.484,15.484,15.435,15.435,284,0
20080123,15.539,15.539,15.539,15.539,20335,0
20080124,15.883,16.22,15.883,16.22,770,0
20080125,16.22,16.522,16.22,16.522,1785,0
20080128,16.22,16.667,16.22,16.667,386,0
20080129,17.003,17.265,17.003,17.265,6082,0
20080130,17.017,17.265,16.77,17.265,8697,0
20080131,17.555,18.991,17.555,18.991,2007,0
20080201,18.248,19.136,18.248,18.888,3932,0
20080204,19.094,19.286,19.094,19.286,6082,0
20080205,18.798,18.798,18.791,18.791,468,0
20080207,18.826,18.826,17.753,18.248,468,0
20080208,18.495,18.695,18.495,18.695,587,0
20080211,18.495,18.695,18.495,18.695,20396,0
20080212,18.991,18.991,18.743,18.743,689,0
20080213,18.743,18.743,18.647,18.647,21957,0
20080214,19.039,19.184,18.743,18.743,4075,0
20080215,19.239,19.239,19.239,19.239,2028,0
20080218,21.157,21.157,20.963,20.963,102,0
20080219,20.222,20.373,20.222,20.262,6204,0
20080220,19.486,20.174,19.486,20.174,122,0
20080221,19.975,20.174,19.975,19.975,2778,0
20080222,19.975,19.975,19.486,19.486,5981,0
20080225,19.631,20.125,19.631,19.975,4441,0
20080226,19.727,19.864,19.727,19.864,163,0
20080227,19.918,19.927,19.918,19.927,16563,0
20080228,19.918,19.927,19.349,19.912,4784,0
20080303,18.991,18.991,18.4,18.695,23417,0
20080304,19.136,19.376,18.743,18.743,5271,0
20080305,19.081,19.081,18.743,18.743,1136,0
20080306,18.743,19.081,18.743,19.081,243,0
20080310,18.495,18.558,18.495,18.558,527,0
20080311,18.743,18.743,18.743,18.743,406,0
20080312,18.743,18.743,18.743,18.743,447,0
20080313,18.736,18.743,18.592,18.743,10178,0
20080314,18.743,18.743,18.743,18.743,344,0
20080317,18.495,18.736,18.495,18.736,284,0
20080318,18.984,18.984,18.984,18.984,20,0
20080325,18.984,18.984,18.984,18.984,1621,0
20080326,18.743,18.978,18.743,18.978,102,0
20080327,18.97,18.97,18.888,18.97,1500,0
20080328,19.032,19.032,19.032,19.032,508,0
20080331,18.991,19.727,18.743,19.727,105710,0
20080401,19.823,19.829,19.823,19.829,670,0
20080402,19.727,20.215,19.727,20.215,468,0
20080403,20.62,20.662,20.62,20.662,972,0
20080404,20.222,20.62,20.222,20.62,61,0
20080408,20.146,20.146,19.975,20.146,831,0
20080409,20.511,20.511,20.511,20.511,102,0
20080411,19.975,20.476,19.975,20.476,547,0
20080414,19.733,19.878,19.727,19.871,1217,0
20080415,19.918,19.975,19.918,19.975,406,0
20080416,20.118,20.118,20.118,20.118,61,0
20080417,20.118,20.118,20.118,20.118,102,0
20080421,19.748,20.153,19.486,20.153,609,0
20080422,19.975,19.975,19.184,19.727,468,0
20080425,19.733,19.733,19.727,19.727,830,0
20080428,19.115,19.369,19.115,19.369,533,0
20080429,19.424,19.727,19.424,19.72,4015,0
20080430,19.672,20.174,19.672,20.174,9987,0
20080505,20.222,20.222,20.222,20.222,60,0
20080506,19.273,19.273,19.273,19.273,39,0
20080507,18.462,19.823,18.462,19.823,4092,0
20080508,19.918,20.228,19.829,20.228,42552,0
20080509,20.222,20.318,20.222,20.318,109,0
20080512,20.277,20.283,20.277,20.283,224,0
20080513,20.277,20.434,19.486,20.434,2125,0
20080514,20.277,20.277,20.277,20.277,276,0
20080515,19.727,19.727,19.727,19.727,921,0
20080516,20.166,20.166,19.343,19.72,3096,0
20080519,19.217,19.217,18.51,18.653,2273,0
20080520,18.434,18.462,17.698,18.103,9853,0
20080521,17.299,17.623,16.99,17.623,9994,0
20080523,17.698,17.698,16.687,16.687,13425,0
20080526,16.687,16.687,16.186,16.186,3631,0
20080527,16.186,16.186,15.677,16.164,5985,0
20080528,16.035,16.035,15.182,15.182,6116,0
20080529,15.815,16.186,15.815,16.131,1986,0
20080530,16.035,16.323,15.931,16.323,936,0
20080602,16.336,17.196,16.336,16.743,3004,0
20080603,16.743,16.743,16.488,16.743,147,0
20080604,16.687,16.687,16.591,16.591,90,0
20080605,15.808,15.931,15.402,15.402,3369,0
20080606,15.567,15.877,15.567,15.877,640,0
20080609,15.98,15.98,15.98,15.98,495,0
20080610,15.677,15.677,15.202,15.677,731,0
20080611,15.196,15.677,15.196,15.677,922,0
20080612,15.175,15.175,15.071,15.071,1147,0
20080613,15.416,15.416,15.374,15.409,238,0
20080616,14.672,15.367,14.672,15.367,133,0
20080618,15.175,15.423,15.175,15.423,631,0
20080619,15.326,15.423,14.921,15.374,1425338,0
20080620,15.629,15.629,15.629,15.629,101,0
20080623,15.423,15.478,15.423,15.423,721,0
20080624,15.374,15.478,15.175,15.478,47681,0
20080625,15.423,15.423,15.423,15.423,11,0
20080626,15.478,15.478,15.478,15.478,11,0
20080627,15.519,15.525,15.519,15.525,610,0
20080630,15.581,15.581,15.423,15.581,610,0
20080701,15.615,15.615,15.615,15.615,11,0
20080703,15.175,15.271,15.023,15.271,269,0
20080704,15.374,15.374,14.508,14.515,648,0
20080707,14.522,14.638,14.522,14.638,243,0
20080708,14.508,14.508,14.508,14.508,29,0
20080709,14.508,15.251,14.508,15.223,1561,0
20080711,14.26,14.384,14.26,14.384,263,0
20080714,13.861,14.543,13.861,14.543,650,0
20080715,13.854,13.861,13.854,13.854,672,0
20080721,13.854,13.854,13.854,13.854,791,0
20080722,13.854,14.412,13.854,14.412,280,0
20080723,14.412,15.12,14.412,15.12,952,0
20080725,14.543,14.543,13.683,13.958,1745,0
20080728,13.986,13.986,13.655,13.655,70,0
20080729,13.147,13.648,13.147,13.648,178,0
20080730,13.648,13.655,13.648,13.655,866,0
20080731,13.655,13.655,13.298,13.648,30248,0
20080801,13.655,13.696,13.655,13.696,336,0
20080804,13.964,13.964,13.696,13.958,152,0
20080805,13.703,13.807,13.655,13.807,168,0
20080806,14.068,14.068,13.408,14.068,149,0
20080807,14.102,15.175,14.02,15.175,101014,0
20080808,14.46,14.865,14.454,14.865,553,0
20080811,14.865,15.12,14.865,15.12,746,0
20080812,15.175,15.581,14.838,15.175,468,0
20080813,14.672,15.175,14.666,15.175,258,0
20080818,15.12,15.12,14.412,15.12,162,0
20080819,14.666,15.167,14.46,15.167,238,0
20080822,14.79,15.113,14.79,15.113,39555,0
20080825,15.113,15.113,14.466,15.113,228456,0
20080826,15.113,15.113,14.466,15.106,3813,0
20080828,14.466,15.12,14.466,15.12,838,0
20080829,14.466,15.12,14.466,15.12,357,0
20080901,14.466,15.071,14.466,15.071,369,0
20080902,15.155,15.155,14.666,15.155,789,0
20080903,15.347,15.629,15.023,15.629,1039,0
20080904,15.629,15.883,15.223,15.883,19919,0
20080905,16.131,16.131,15.271,15.423,19261,0
20080908,15.223,15.423,14.666,15.271,3801,0
20080909,15.423,15.423,14.693,15.319,5745,0
20080910,15.423,15.423,14.693,15.167,4124,0
20080911,15.161,15.491,15.023,15.491,2113,0
20080912,15.423,15.519,14.79,15.519,28,0
20080915,14.79,15.519,14.79,15.519,164,0
20080916,14.693,15.216,14.563,15.216,791,0
20080917,15.12,15.12,14.364,14.563,6144,0
20080918,14.412,14.515,14.412,14.515,472,0
20080919,14.618,14.618,14.212,14.364,1008,0
20080922,14.66,14.66,14.164,14.466,461,0
20080923,14.412,14.412,13.931,14.356,869,0
20080924,14.316,14.316,13.531,14.205,2200,0
20080925,14.005,14.005,14.005,14.005,111,0
20080926,14.336,14.336,13.353,14.005,6907,0
20080929,13.986,13.986,13.655,13.655,318,0
20080930,13.807,13.807,13.147,13.504,940,0
20081001,13.449,13.457,13.449,13.457,1791,0
20081002,13.531,13.628,13.208,13.628,9256,0
20081003,13.628,13.628,13.147,13.621,326,0
20081006,12.645,13.201,12.645,13.201,3416,0
20081007,13.538,13.703,12.651,13.147,26088,0
20081008,13.401,13.401,12.418,12.995,21361,0
20081009,13.277,13.277,12.246,12.576,2942,0
20081010,12.342,12.342,11.029,11.496,3341,0
20081013,11.682,11.682,10.836,11.125,11175,0
20081014,11.503,11.633,10.74,11.125,4916,0
20081015,11.469,11.469,10.87,10.87,991,0
20081016,11.978,11.978,10.52,10.52,1582,0
20081017,10.87,10.87,10.368,10.514,3068,0
20081020,10.623,10.623,9.86,9.86,11588,0
20081021,10.114,10.321,9.86,10.321,8916,0
20081022,10.218,10.218,9.736,10.204,379,0
20081023,10.114,10.114,9.613,10.114,1965,0
20081024,9.812,9.812,9.103,9.812,6544,0
20081027,9.812,9.812,9.103,9.103,10132,0
20081028,9.3919,9.3919,8.5123,9.3235,4120,0
20081029,9.55,10.114,8.6009,9.2065,7693,0
20081030,9.3586,9.55,9.103,9.103,5471,0
20081031,9.103,9.4477,9.0004,9.3649,3469,0
20081103,9.2893,9.3649,9.103,9.3586,6775,0
20081104,9.3514,9.509,9.3514,9.509,4623,0
20081105,9.4549,9.709,9.4063,9.709,5664,0
20081106,9.557,9.915,9.4612,9.915,1949,0
20081107,10.19,10.514,10.121,10.514,9898,0
20081110,10.795,11.833,10.795,11.38,38941,0
20081112,11.372,11.372,10.368,10.87,6640,0
20081113,10.114,10.623,10.114,10.623,60633,0
20081114,10.266,10.72,10.218,10.437,14367,0
20081117,10.836,10.836,10.836,10.836,71,0
20081118,10.437,10.885,10.114,10.857,34912,0
20081119,10.932,10.932,10.417,10.623,1542,0
20081120,10.211,10.919,10.114,10.919,40073,0
20081121,10.623,10.623,10.156,10.294,1756,0
20081124,10.72,10.72,10.294,10.72,1876,0
20081125,10.52,10.623,10.272,10.623,439,0
20081126,10.445,10.595,10.266,10.595,452,0
20081127,10.368,10.595,10.266,10.595,198,0
20081128,10.204,10.294,10.204,10.294,238,0
20081201,10.595,10.595,10.595,10.595,20,0
20081202,10.368,10.595,10.128,10.595,1431,0
20081203,10.568,10.568,10.568,10.568,575,0
20081204,10.595,10.595,10.128,10.128,2688,0
20081205,10.128,10.128,9.86,9.86,20600,0
20081208,9.888,10.238,9.764,9.764,27631,0
20081209,9.667,9.688,9.3586,9.3586,17366,0
20081210,9.4063,9.4063,9.1867,9.3586,4550,0
20081211,9.2065,9.2065,8.9041,8.9041,20719,0
20081212,8.7665,8.7665,8.2441,8.2441,30303,0
20081215,8.3957,8.3957,7.887,7.887,7587,0
20081216,8.0933,8.0933,7.7352,7.79,18694,0
20081217,7.9417,7.9417,7.5907,7.5975,15981,0
20081218,7.584,7.584,6.9033,7.0063,129016,0
20081219,6.9857,7.0201,6.9857,6.9857,13255,0
20081222,6.8552,6.8552,6.807,6.807,77143,0
20081223,6.9033,6.9033,6.6282,6.6351,1211,0
20081229,6.9033,6.9033,6.6282,6.6282,2425,0
20081230,6.6488,6.6626,6.6488,6.6488,14976,0
20081231,6.9239,6.9308,6.6282,6.6488,47195,0
20090105,6.8276,7.1026,6.8276,6.8414,129397,0
20090106,7.3023,7.9417,7.3023,7.9417,4752,0
20090107,8.0648,9.0967,7.9897,8.1413,9804,0
20090108,8.196,8.2441,8.1413,8.1682,4096,0
20090109,8.5188,8.5946,8.1202,8.1202,5376,0
20090112,8.1202,8.5946,8.1202,8.3957,42299,0
20090113,8.5946,8.8493,8.4992,8.8493,57890,0
20090114,8.9248,9.2551,8.6972,8.9248,20912,0
20090115,9.0283,9.0283,8.6972,8.8286,24404,0
20090116,8.7467,9.103,8.7467,9.0004,4717,0
20090119,9.1102,9.1102,8.9248,9.0967,22136,0
20090120,9.0139,9.076,8.8763,8.8763,7362,0
20090121,8.8493,8.8493,8.0933,8.5739,11804,0
20090122,8.8286,8.8286,8.2922,8.3329,1276,0
20090123,8.3476,8.3476,8.3476,8.3476,595,0
20090126,8.7044,9.076,8.6972,8.9527,6176,0
20090127,8.9527,9.076,8.9527,8.9527,5883,0
20090128,9.076,9.613,8.9527,8.9527,24627,0
20090129,9.103,9.1714,8.959,9.1714,8649,0
20090130,9.1102,9.2065,9.103,9.1867,42815,0
20090202,9.0688,9.0688,8.8286,8.8286,34113,0
20090203,9.0283,9.0283,8.0998,8.7188,982,0
20090204,8.816,8.816,8.3957,8.443,6022,0
20090205,8.1682,9.0004,8.1682,8.6846,4433,0
20090206,8.816,9.0967,8.6225,8.8493,1486,0
20090209,9.0004,9.0004,8.5739,8.8763,843,0
20090210,8.807,8.807,8.5739,8.6972,1041,0
20090211,8.5739,8.5739,8.3957,8.4992,2969,0
20090212,8.4992,8.4992,8.1413,8.2922,2515,0
20090213,8.0998,8.3199,8.0933,8.196,3364,0
20090216,8.0451,8.0451,7.9417,7.9897,3784,0
20090217,7.7352,8.3199,7.5356,7.5356,11631,0
20090218,8.0933,8.196,7.1923,8.0859,18843,0
20090219,8.5946,8.9041,8.1413,8.9041,20129,0
20090220,9.103,9.103,8.4226,8.9113,6699,0
20090223,9.0967,9.2407,9.0004,9.22,31079,0
20090224,9.2002,9.2002,9.0004,9.0553,79156,0
20090225,9.2002,9.2065,9.0067,9.0553,117430,0
20090226,9.1714,9.1714,8.4992,8.807,53945,0
20090227,8.8286,8.9527,8.8286,8.9455,3422,0
20090302,9.103,9.103,8.7386,8.7467,26036,0
20090303,9.0211,9.1588,8.7386,9.1588,15966,0
20090304,9.2065,10.06,9.2065,9.756,22617,0
20090305,10.087,10.087,9.613,9.764,7937,0
20090306,9.709,10.547,9.709,10.094,57036,0
20090309,10.162,10.162,9.839,10.1,34196,0
20090310,9.661,10.204,9.661,10.204,22306,0
20090311,10.589,10.589,10.266,10.485,14173,0
20090312,10.52,11.069,10.492,11.063,16471,0
20090313,11.118,11.276,10.726,11.125,13065,0
20090316,11.118,11.118,10.623,10.801,10917,0
20090317,10.801,11.022,10.72,10.912,7969,0
20090318,10.836,11.063,10.224,10.768,5544,0
20090319,10.334,10.664,10.334,10.636,2905,0
20090320,10.334,10.334,9.962,10.211,12262,0
20090323,10.224,10.664,9.544,10.664,20739,0
20090324,10.609,10.658,10.272,10.651,7491,0
20090325,10.72,10.72,10.245,10.664,14548,0
20090326,10.658,10.664,10.334,10.664,15900,0
20090327,10.664,10.774,10.389,10.774,16079,0
20090330,10.83,11.166,10.768,11.166,30555,0
20090331,11.173,11.531,10.947,11.531,12979,0
20090401,11.599,11.599,11.221,11.552,23255,0
20090402,11.531,11.559,11.393,11.476,3794,0
20090403,11.503,12.012,11.503,11.895,11511,0
20090406,11.895,12.334,11.895,12.334,6371,0
20090407,12.334,12.334,12.066,12.094,3791,0
20090408,12.012,12.177,11.73,12.122,9335,0
20090409,12.128,12.143,12.122,12.143,7371,0
20090414,12.177,12.404,12.177,12.35,9334,0
20090415,12.225,12.452,12.066,12.342,6764,0
20090416,12.35,12.899,12.35,12.899,12802,0
20090417,12.899,13.58,12.686,13.469,10509,0
20090420,13.469,13.635,13.023,13.435,17919,0
20090421,13.298,13.298,12.795,13.023,14153,0
20090422,13.023,13.079,12.802,12.864,11441,0
20090423,12.879,12.989,12.864,12.989,605,0
20090424,13.298,13.325,12.905,13.188,7091,0
20090427,13.188,13.359,11.867,12.232,32635,0
20090428,12.225,12.225,11.73,11.786,4555,0
20090429,11.895,12.287,11.848,12.246,35752,0
20090430,12.35,12.48,12.35,12.46,4904,0
20090504,12.568,13.201,12.287,12.686,6115,0
20090505,12.857,12.857,12.404,12.514,9946,0
20090506,12.521,12.789,12.521,12.528,3377,0
20090507,12.72,13.153,12.26,12.26,14836,0
20090508,12.404,12.611,11.036,11.723,18369,0
20090511,11.283,12.198,11.063,11.372,11996,0
20090512,11.421,11.771,11.221,11.771,13515,0
20090513,12.204,12.204,11.771,11.888,75295,0
20090514,11.723,12.033,11.565,12.033,3080,0
20090515,12.033,12.039,11.805,12.039,2694,0
20090518,12.066,12.066,11.592,11.813,6575,0
20090519,11.95,12.012,11.929,12.005,5063,0
20090520,12.005,12.122,11.867,11.95,7301,0
20090521,12.012,12.012,11.586,11.586,3987,0
20090522,11.778,11.778,11.337,11.675,4925,0
20090525,11.675,11.675,11.291,11.421,2105,0
20090526,11.421,11.675,11.166,11.228,2548,0
20090527,11.173,11.489,11.173,11.221,1599,0
20090528,11.462,11.469,10.947,10.974,11217,0
20090529,10.947,11.221,10.664,11.221,14943,0
20090601,11.393,11.476,11.221,11.365,1220,0
20090602,11.393,12.177,11.393,12.012,9924,0
20090603,12.177,12.851,11.792,12.686,4853,0
20090604,12.624,12.961,12.624,12.74,7870,0
20090605,12.795,12.795,12.35,12.377,7632,0
20090608,12.377,12.377,11.833,12.232,1764,0
20090609,12.17,12.514,12.17,12.514,1790,0
20090610,12.35,12.418,11.95,12.418,2470,0
20090612,12.418,12.418,12.039,12.225,2617,0
20090615,11.82,12.012,11.786,11.786,4241,0
20090616,11.675,11.895,11.337,11.895,1474,0
20090617,11.867,11.895,11.867,11.895,269,0
20090618,11.888,11.888,11.345,11.867,2453,0
20090619,11.985,11.985,11.51,11.923,2007,0
20090622,11.936,11.936,11.648,11.648,3747,0
20090623,11.648,12.15,11.221,12.066,4092,0
20090624,12.177,12.232,11.813,11.895,1319,0
20090625,11.95,12.15,11.895,12.15,332,0
20090626,12.012,12.012,11.827,11.827,718,0
20090629,12.122,12.624,12.122,12.624,2517,0
20090630,12.596,13.312,12.466,13.312,18308,0
20090701,13.304,13.711,13.304,13.663,3421,0
20090702,13.655,13.807,13.655,13.807,1616,0
20090703,13.359,13.415,12.961,13.401,155324,0
20090706,13.353,13.353,12.905,13.098,3601,0
20090707,12.905,13.125,12.851,13.125,35732,0
20090708,13.105,13.119,13.105,13.105,555,0
20090709,13.105,13.105,13.105,13.105,111,0
20090710,13.105,13.181,12.934,13.051,95056,0
20090714,12.879,13.463,12.879,13.387,180673,0
20090715,13.201,13.457,13.201,13.457,14804,0
20090716,13.469,13.469,13.222,13.222,45779,0
20090717,13.463,13.793,13.428,13.469,27692,0
20090720,13.745,13.807,13.69,13.807,3799,0
20090721,13.635,13.807,13.635,13.807,2357,0
20090722,13.807,13.807,13.807,13.807,179,0
20090723,13.469,13.807,13.243,13.752,8599,0
20090724,13.807,13.807,13.607,13.78,1551,0
20090727,13.944,13.944,13.497,13.69,76410,0
20090728,13.807,13.807,13.69,13.69,872,0
20090729,13.497,13.497,13.359,13.469,1630,0
20090730,13.69,13.69,13.188,13.518,781,0
20090731,13.359,14.254,12.967,14.027,10333,0
20090803,14.027,15.155,14.027,15.113,3377,0
20090804,15.236,15.236,14.604,14.872,2538,0
20090805,14.872,14.872,14.027,14.027,4520,0
20090806,14.027,14.302,13.916,14.027,1579,0
20090807,14.089,14.089,13.469,13.469,4707,0
20090810,13.469,14.364,13.215,14.302,10465,0
20090811,14.281,14.295,13.861,14.144,8308,0
20090812,14.275,14.59,13.752,14.59,3942,0
20090813,14.316,14.7,14.198,14.198,29941,0
20090814,14.583,14.583,14.027,14.027,1448,0
20090817,13.78,14.481,13.538,14.027,4105,0
20090818,13.889,14.248,13.889,14.248,808,0
20090819,13.861,14.027,13.861,13.861,7336,0
20090820,14.466,14.466,13.807,13.854,4084,0
20090821,13.882,14.364,13.58,14.364,37563,0
20090824,14.426,15.038,14.089,14.59,2862,0
20090825,14.583,15.038,14.309,15.01,3048,0
20090826,15.038,15.147,14.604,14.612,5255,0
20090827,14.872,14.928,14.612,14.612,45861,0
20090828,15.14,16.075,14.618,16.042,52794,0
20090831,15.712,16.042,15.491,15.937,3831,0
20090901,15.264,15.877,14.612,15.292,3106,0
20090902,14.818,14.872,14.535,14.535,9590,0
20090903,13.916,14.254,13.916,13.944,4787,0
20090904,13.607,14.144,13.58,14.144,971,0
20090907,14.144,16.075,13.752,15.429,11602,0
20090908,15.429,15.429,13.889,14.06,8734,0
20090909,14.577,14.577,14.426,14.577,97,0
20090910,14.116,14.364,14.089,14.364,3204,0
20090911,14.198,14.577,13.924,13.999,6909,0
20090914,13.752,13.752,13.525,13.635,1149,0
20090915,13.367,13.834,13.367,13.834,958,0
20090916,14.082,14.59,13.834,14.59,2255,0
20090917,14.59,14.934,14.59,14.934,1267,0
20090918,15.127,15.155,15.127,15.155,1782,0
20090921,14.872,15.155,14.872,15.155,2337,0
20090922,14.59,15.099,14.089,15.099,10049,0
20090923,15.099,15.099,14.983,15.099,5166,0
20090924,14.645,15.099,14.618,14.618,2287,0
20090925,14.59,14.872,14.481,14.872,9648,0
20090928,14.454,14.872,14.15,14.872,8576,0
20090929,14.487,14.872,14.487,14.872,6323,0
20090930,14.872,14.872,14.645,14.872,6827,0
20091001,14.487,16.103,14.487,16.103,39424,0
20091002,15.155,15.704,14.494,14.515,38766,0
20091005,14.59,14.59,14.095,14.095,6459,0
20091006,14.645,14.645,14.116,14.226,2549,0
20091007,14.309,14.666,14.254,14.254,5798,0
20091008,14.254,14.672,14.254,14.254,197,0
20091009,14.027,14.577,14.027,14.556,1450,0
20091012,14.68,14.68,14.15,14.638,981,0
20091013,14.116,14.309,13.916,14.309,421,0
20091014,13.861,14.027,13.463,13.463,9228,0
20091015,13.463,13.752,13.463,13.752,181821,0
20091016,13.937,13.937,13.298,13.401,183358,0
20091019,13.387,13.628,13.387,13.628,3497,0
20091020,13.469,13.628,13.269,13.628,18838,0
20091021,13.737,13.737,13.469,13.469,152,0
20091022,13.463,13.463,13.263,13.263,486,0
20091023,13.215,13.243,12.514,12.885,6893,0
20091026,12.651,13.105,12.651,13.105,107720,0
20091027,13.051,13.051,12.624,12.63,3173,0
20091028,12.651,13.03,12.611,12.899,600,0
20091029,12.775,12.775,12.541,12.624,465,0
20091030,12.775,12.795,12.624,12.795,364,0
20091102,12.768,12.851,12.686,12.686,936,0
20091103,13.195,13.752,13.174,13.174,9509,0
20091104,12.905,13.359,12.905,13.359,932,0
20091105,13.359,13.359,12.686,12.989,4533,0
20091106,12.74,12.795,12.74,12.768,6800,0
20091109,12.795,12.795,12.714,12.74,103684,0
20091110,13.257,13.257,13.243,13.257,842,0
20091112,13.298,13.553,13.298,13.298,19935,0
20091113,13.469,13.469,12.905,12.905,3992,0
20091116,12.961,13.181,12.927,13.079,1690,0
20091117,13.079,13.469,12.905,12.905,5544,0
20091118,12.905,13.105,12.905,13.105,213,0
20091119,12.905,12.905,12.795,12.795,2487,0
20091120,12.74,12.74,12.624,12.74,354,0
20091123,12.35,12.905,12.35,12.768,1043,0
20091124,12.404,12.514,11.421,11.786,1366805,0
20091125,11.854,11.909,11.778,11.778,142088,0
20091126,11.786,12.204,11.648,12.122,6043,0
20091127,11.786,12.06,11.71,11.786,1874,0
20091130,12.066,12.115,11.786,12.101,3059,0
20091201,12.066,12.066,11.827,12.066,9708,0
20091202,12.06,12.066,11.86,11.895,6200,0
20091203,11.95,11.95,11.895,11.95,2902,0
20091204,11.95,11.95,11.895,11.895,472,0
20091207,11.895,11.895,11.813,11.813,4859,0
20091208,11.895,11.895,11.648,11.648,28463,0
20091209,11.84,12.066,11.786,12.066,1153562,0
20091210,12.066,12.066,11.895,12.066,93438,0
20091211,12.191,12.46,11.813,12.35,32842,0
20091214,12.35,12.714,12.35,12.514,3005,0
20091215,12.35,12.638,12.35,12.514,7941,0
20091216,12.624,13.188,12.624,13.188,16835,0
20091217,13.208,13.325,13.03,13.325,19343,0
20091218,13.188,13.359,13.188,13.359,7392,0
20091221,13.298,13.298,12.356,13.298,10273,0
20091222,13.298,13.387,13.243,13.298,63594,0
20091223,13.298,13.325,13.195,13.298,13792,0
20091228,13.243,14.027,13.215,14.027,10745,0
20091229,13.525,14.027,13.469,14.027,7267,0
20091230,13.916,14.027,13.916,14.027,1549,0
20091231,13.944,14.027,13.635,13.635,1282,0
20100104,13.58,13.58,13.298,13.298,106,0
20100105,13.58,13.902,13.243,13.243,2028,0
20100106,13.69,13.69,13.325,13.635,1478,0
20100107,13.69,13.69,13.477,13.477,5909,0
20100108,13.359,13.752,13.359,13.752,81,0
20100111,13.848,13.848,13.469,13.752,1516,0
20100112,13.359,13.546,13.359,13.546,2098,0
20100113,13.394,13.531,13.38,13.518,830,0
20100114,13.737,13.78,13.58,13.58,1830,0
20100115,13.752,13.861,13.635,13.635,672,0
20100118,13.902,13.902,13.359,13.635,911,0
20100119,13.745,13.78,13.635,13.635,2925,0
20100120,13.635,13.889,13.635,13.807,36812,0
20100121,13.69,13.724,13.69,13.724,367,0
20100122,13.724,13.724,13.69,13.69,1008,0
20100125,13.635,13.635,13.497,13.497,256,0
20100126,13.359,13.359,13.133,13.188,2445,0
20100127,12.795,13.14,12.795,13.14,1457,0
20100128,13.243,13.243,13.243,13.243,68,0
20100201,13.737,13.807,12.802,13.807,1645,0
20100202,13.752,13.752,13.359,13.69,465,0
20100203,13.469,13.469,13.469,13.469,847,0
20100204,13.469,13.469,12.905,12.905,1259,0
20100205,12.927,13.359,12.541,12.568,20853,0
20100208,12.534,12.534,12.177,12.177,1339,0
20100209,12.012,12.012,12.012,12.012,179,0
20100210,12.322,12.438,12.012,12.266,1615,0
20100211,12.232,12.232,12.115,12.156,711,0
20100212,12.204,12.232,12.198,12.232,745,0
20100215,12.404,12.404,12.287,12.35,866,0
20100216,12.46,12.46,12.35,12.404,970,0
20100217,12.404,12.404,12.377,12.404,1939,0
20100218,12.404,12.404,12.232,12.232,3828,0
20100219,12.232,12.232,11.786,11.786,6403,0
20100222,12.012,12.35,12.012,12.35,1874,0
20100223,12.35,12.35,12.122,12.122,1179,0
20100224,12.342,12.35,12.232,12.35,3331,0
20100225,12.35,12.35,12.039,12.322,87553,0
20100226,12.122,12.35,12.122,12.35,5206,0
20100301,12.35,12.35,12.163,12.35,38570,0
20100302,12.514,12.514,12.35,12.35,899,0
20100303,12.15,12.35,12.15,12.35,1282,0
20100304,12.35,12.35,12.342,12.342,45811,0
20100305,12.35,12.624,12.35,12.466,8941,0
20100308,12.487,12.487,12.35,12.35,3465,0
20100309,12.35,12.35,12.272,12.35,4756,0
20100310,12.624,12.905,12.589,12.905,3070,0
20100311,12.905,13.188,12.905,13.188,4102,0
20100312,13.188,13.971,12.989,13.971,25679,0
20100315,13.971,14.35,13.752,14.35,30017,0
20100316,14.198,14.364,14.027,14.027,403386,0
20100317,14.089,14.309,13.477,14.309,7114,0
20100318,13.772,14.426,13.718,14.426,5223,0
20100319,14.309,14.88,14.309,14.872,6094,0
20100322,14.845,15.12,14.481,15.065,6272,0
20100323,14.872,14.872,14.344,14.604,7591,0
20100324,14.645,15.147,14.473,15.147,17164,0
20100325,14.618,15.429,14.618,15.409,30287,0
20100326,15.189,15.429,15.155,15.429,9274,0
20100329,15.519,15.993,15.326,15.712,11636,0
20100330,15.712,15.993,15.712,15.828,8991,0
20100331,15.883,15.98,15.491,15.877,13124,0
20100401,15.883,15.883,15.704,15.704,7396,0
20100406,15.656,15.656,15.367,15.395,2488,0
20100407,15.155,15.155,14.522,14.928,899,0
20100408,14.728,15.429,14.59,15.429,8068,0
20100409,15.429,15.491,15.161,15.182,458,0
20100412,15.155,15.402,15.155,15.402,1426,0
20100413,15.546,15.546,14.989,15.155,89951,0
20100414,15.155,15.155,14.454,14.59,4952,0
20100415,14.481,14.481,14.426,14.426,4215,0
20100419,14.426,14.426,13.971,13.971,1797,0
20100420,14.027,14.583,14.027,14.583,6905,0
20100421,14.329,14.783,14.254,14.783,2453,0
20100422,14.7,14.811,14.144,14.811,2683,0
20100423,14.818,14.845,14.59,14.831,609,0
20100426,14.59,14.845,14.59,14.845,1087,0
20100427,14.59,14.618,14.59,14.597,234,0
20100428,14.845,14.845,14.309,14.7,1512,0
20100429,14.59,14.872,14.309,14.872,4183,0
20100430,14.872,14.872,14.535,14.59,3495,0
20100504,14.426,14.426,14.426,14.426,417,0
20100505,14.426,14.426,14.027,14.027,758,0
20100506,13.807,14.116,13.752,13.752,5283,0
20100507,13.222,13.401,12.879,13.222,6338,0
20100510,13.655,14.859,13.648,14.288,4036,0
20100511,14.563,14.563,14.275,14.275,1017,0
20100512,14.275,14.556,14.212,14.556,2344,0
20100513,14.275,14.275,14.275,14.275,221,0
20100514,14.164,14.275,14.164,14.275,12729,0
20100518,14.275,14.845,14.219,14.845,15884,0
20100519,14.122,14.543,14.122,14.543,202,0
20100520,14.481,14.481,13.092,13.586,41726,0
20100521,13.312,13.312,13.257,13.257,560,0
20100524,13.793,13.807,13.105,13.112,3044,0
20100525,12.857,13.435,12.857,13.435,607,0
20100526,13.49,13.49,13.49,13.49,172,0
20100527,14.02,14.02,14.02,14.02,1019,0
20100528,14.02,14.02,14.02,14.02,11,0
20100531,13.69,13.752,13.663,13.663,321,0
20100601,13.401,13.408,13.401,13.408,1968,0
20100602,13.339,13.339,13.339,13.339,369,0
20100607,12.947,13.347,12.947,13.347,441,0
20100608,13.69,13.69,12.954,12.954,19,0
20100609,13.401,13.428,12.954,12.961,11042,0
20100610,13.331,13.339,13.331,13.339,1391,0
20100614,13.119,13.339,13.105,13.339,1418,0
20100615,13.112,13.125,13.105,13.125,1811,0
20100616,13.174,13.174,13.167,13.167,1588,0
20100617,13.14,13.401,13.125,13.401,1415,0
20100621,13.401,13.401,13.167,13.167,1592,0
20100622,13.195,13.195,13.167,13.167,1374,0
20100623,13.167,13.167,13.167,13.167,1302,0
20100624,13.167,13.167,13.167,13.167,2361,0
20100625,13.105,13.105,13.105,13.105,591,0
20100628,13.331,13.331,12.817,12.817,4769,0
20100629,13.105,13.105,12.06,12.06,1238,0
20100630,12.232,12.466,11.654,11.654,1869,0
20100701,11.944,11.944,11.944,11.944,258,0
20100702,11.998,12.088,11.537,11.854,180881,0
20100706,11.944,12.466,11.944,12.239,11450,0
20100707,12.528,12.528,12.294,12.294,11932,0
20100708,12.81,12.81,12.294,12.762,402,0
20100709,12.762,12.81,12.246,12.81,2209,0
20100712,12.762,12.762,12.762,12.762,131,0
20100714,12.699,12.899,12.699,12.899,172,0
20100716,12.845,12.845,12.817,12.817,582,0
20100719,12.892,12.892,12.892,12.892,36,0
20100720,12.418,12.418,12.411,12.411,172,0
20100722,12.411,12.411,12.411,12.411,17,0
20100723,12.418,12.699,12.418,12.699,248,0
20100727,12.81,12.989,12.81,12.817,33648,0
20100728,13.25,13.401,13.222,13.222,917,0
20100729,13.105,13.105,13.105,13.105,172,0
20100730,12.74,12.74,12.583,12.583,1629,0
20100802,12.974,12.974,12.81,12.81,800,0
20100803,12.645,12.817,12.583,12.583,11618,0
20100804,12.611,12.927,12.583,12.927,50373,0
20100805,12.83,12.927,12.583,12.927,46722,0
20100806,12.603,12.645,12.583,12.583,1545,0
20100809,12.596,12.596,12.583,12.583,189,0
20100810,12.35,12.899,12.35,12.899,96,0
20100811,12.528,12.528,12.528,12.528,258,0
20100812,12.35,12.35,12.35,12.35,778,0
20100813,12.734,12.734,12.521,12.521,94,0
20100816,12.521,12.699,12.521,12.699,583,0
20100817,12.528,12.824,12.528,12.824,10512,0
20100818,12.817,13.023,12.817,13.023,342,0
20100819,12.817,12.817,12.817,12.817,4292,0
20100820,12.817,13.752,12.817,13.484,9916,0
20100823,13.484,13.518,13.449,13.518,1811,0
20100825,13.401,13.518,13.401,13.518,3813,0
20100826,13.401,13.566,13.401,13.566,379,0
20100827,13.401,13.745,13.401,13.745,9031,0
20100830,13.737,13.841,13.737,13.841,779,0
20100831,13.49,14.122,13.49,14.041,19554,0
20100901,14.466,14.625,14.466,14.625,26774,0
20100902,14.625,14.769,14.419,14.769,143914,0
20100903,14.102,14.563,14.102,14.563,5106,0
20100906,14.543,14.563,13.986,14.508,295625,0
20100908,14.481,14.481,13.916,14.466,76,0
20100909,14.054,14.391,14.054,14.391,1049,0
20100913,13.821,14.275,13.821,14.02,4402,0
20100914,13.869,14.68,13.869,14.288,1918,0
20100915,14.563,14.563,14.281,14.281,1320,0
20100916,14.329,14.329,14.275,14.275,1029,0
20100917,14.212,14.248,13.869,13.986,270929,0
20100920,13.869,13.986,13.869,13.986,626806,0
20100921,14.275,14.275,14.275,14.275,2789,0
20100922,14.275,14.405,14.041,14.405,49119,0
20100923,14.501,14.501,14.054,14.054,271,0
20100924,14.439,14.439,14.439,14.439,1,0
20100927,14.068,14.068,14.054,14.054,1614,0
20100928,13.944,14.033,13.944,14.033,888,0
20100929,14.033,14.041,14.033,14.041,184,0
20100930,13.869,13.869,13.821,13.821,943,0
20101001,13.986,13.986,13.986,13.986,334,0
20101004,14.095,14.095,13.821,13.986,2343,0
20101005,14.095,14.095,13.841,13.841,1432,0
20101006,13.882,13.882,13.882,13.882,6867,0
20101007,13.869,13.869,13.869,13.869,9071,0
20101008,13.869,13.869,13.869,13.869,8582,0
20101011,13.718,13.724,13.718,13.724,68,0
20101012,13.724,13.752,13.724,13.752,1545,0
20101013,13.724,13.986,13.724,13.986,931,0
20101014,14.528,14.528,14.329,14.329,731,0
20101015,14.535,14.535,14.082,14.275,418,0
20101018,14.248,14.248,14.248,14.248,160,0
20101019,14.212,14.212,13.869,13.869,223,0
20101020,13.635,13.635,13.635,13.635,106,0
20101022,13.628,13.69,13.6,13.69,327,0
20101025,13.69,13.69,13.69,13.69,334,0
20101026,13.69,13.69,13.69,13.69,582,0
20101027,13.69,13.986,13.69,13.986,33500,0
20101028,13.69,13.69,13.69,13.69,418,0
20101029,13.69,13.69,13.69,13.69,5631,0
20101102,13.69,13.69,13.401,13.484,16432,0
20101103,13.408,13.408,13.401,13.401,66050,0
20101104,13.401,13.457,13.401,13.457,103,0
20101105,13.635,13.807,13.635,13.807,86080,0
20101108,13.807,13.807,13.428,13.428,2275,0
20101109,13.518,13.765,13.511,13.765,685,0
20101110,13.457,13.807,13.457,13.807,154,0
20101115,13.807,13.807,13.58,13.593,371,0
20101116,13.635,13.635,13.428,13.428,943,0
20101118,13.428,13.531,13.284,13.531,1651,0
20101119,13.531,13.531,13.167,13.167,20915,0
20101122,13.105,13.105,13.105,13.105,7,0
20101123,12.817,12.817,12.817,12.817,592,0
20101125,13.063,13.105,12.762,12.762,2220,0
20101129,13.063,13.401,13.063,13.401,2575,0
20101130,12.066,13.147,12.066,13.147,5331,0
20101201,12.851,12.934,12.845,12.934,575,0
20101202,13.14,13.14,12.934,12.934,2642,0
20101203,13.174,13.195,13.167,13.195,412,0
20101206,13.277,13.277,13.195,13.195,1217,0
20101207,13.284,13.284,13.284,13.284,154,0
20101208,13.676,13.676,13.484,13.655,6728,0
20101209,13.889,13.889,13.257,13.257,70185,0
20101210,13.284,13.284,13.284,13.284,172,0
20101216,13.284,13.284,13.263,13.284,1687,0
20101217,13.174,13.49,13.174,13.49,449,0
20101220,13.257,13.257,13.105,13.105,1820,0
20101222,13.105,13.105,12.802,12.802,94,0
20101223,12.817,12.817,12.817,12.817,34330,0
20101227,13.071,13.079,13.071,13.079,772,0
20101229,13.085,13.986,13.085,13.986,2578,0
20101230,14.041,14.563,14.041,14.556,17269,0
20101231,14.563,14.563,13.112,14.508,50086,0
20110103,14.446,14.446,13.986,13.986,2692,0
20110104,14.405,14.625,14.095,14.095,10316,0
20110105,14.528,14.528,13.986,13.986,609,0
20110111,13.78,13.78,13.711,13.711,172,0
20110112,13.711,13.711,13.69,13.69,68,0
20110114,13.696,13.696,13.69,13.69,248,0
20110117,13.457,13.457,13.401,13.401,816,0
20110118,13.174,13.174,13.174,13.174,247,0
20110119,13.222,13.222,13.112,13.112,146,0
20110120,13.511,13.518,13.511,13.518,164,0
20110121,13.518,13.518,13.312,13.312,1170,0
20110124,13.181,13.195,13.181,13.195,361,0
20110125,13.14,13.14,13.14,13.14,92,0
20110126,13.14,13.14,13.14,13.14,341,0
20110128,13.14,13.14,12.845,12.845,1285,0
20110201,13.222,13.222,13.222,13.222,68,0
20110203,13.167,13.167,13.167,13.167,154,0
20110204,13.167,13.167,13.167,13.167,68,0
20110207,12.851,13.222,12.845,12.845,3217,0
20110208,12.845,12.845,12.845,12.845,2,0
20110209,12.845,12.934,12.845,12.934,8702,0
20110210,12.845,12.845,12.845,12.845,4,0
20110211,12.817,12.817,12.817,12.817,86,0
20110214,12.845,12.845,12.845,12.845,34,0
20110215,12.817,13.051,12.817,13.051,56,0
20110216,12.817,12.817,12.817,12.817,231,0
20110217,12.845,12.845,12.672,12.672,373,0
20110218,12.645,12.645,12.611,12.611,831,0
20110221,12.534,12.995,12.534,12.995,21,0
20110222,12.534,12.954,12.534,12.954,118,0
20110223,12.528,13.105,12.528,12.989,2394,0
20110224,13.105,13.222,12.568,13.222,3935,0
20110225,13.051,13.222,13.051,13.222,2575,0
20110228,13.167,13.222,13.167,13.222,2575,0
20110301,13.222,13.222,12.967,13.222,3379,0
20110302,13.222,13.222,13.222,13.222,865,0
20110303,13.222,13.222,13.222,13.222,138,0
20110304,13.229,13.229,13.222,13.222,1349,0
20110307,13.208,13.222,13.208,13.222,945,0
20110308,13.222,13.284,13.222,13.284,2575,0
20110309,13.105,13.284,13.051,13.284,3260,0
20110310,12.989,13.401,12.989,13.401,2098,0
20110311,13.03,13.401,13.023,13.401,3089,0
20110314,12.989,13.401,12.817,13.401,21401,0
20110315,13.195,13.401,13.023,13.401,2516,0
20110316,13.339,13.401,12.817,13.401,60739,0
20110317,13.147,13.401,13.147,13.401,2531,0
20110318,13.401,13.518,13.401,13.518,14868,0
20110321,13.752,13.986,13.752,13.986,1888,0
20110322,13.924,14.535,13.752,14.535,2539,0
20110323,14.535,14.535,13.986,14.535,4496,0
20110324,14.391,14.556,14.391,14.556,3776,0
20110325,14.275,14.563,14.267,14.563,4275,0
20110328,14.281,14.549,14.275,14.522,8515,0
20110329,14.013,14.522,14.013,14.522,3126,0
20110330,14.515,14.556,14.515,14.556,2198,0
20110331,14.137,14.563,14.137,14.563,2121,0
20110401,14.625,14.859,14.625,14.859,2059,0
20110404,14.859,14.859,14.838,14.859,599,0
20110405,14.563,14.742,14.185,14.742,3665,0
20110406,14.742,14.742,14.275,14.68,3048,0
20110407,14.226,14.859,14.226,14.859,2117,0
20110408,15.003,15.003,14.419,14.865,17374,0
20110411,14.865,14.913,14.859,14.913,343324,0
20110412,15.057,15.057,14.824,14.824,221954,0
20110413,15.113,15.113,14.742,15.093,14413,0
20110414,14.755,15.147,14.755,15.147,58582,0
20110415,14.769,15.147,14.769,15.147,76,0
20110418,15.147,15.147,14.859,15.14,8877,0
20110419,15.14,15.731,15.14,15.731,25765,0
20110420,15.669,15.848,15.669,15.848,9544,0
20110421,15.381,15.848,15.381,15.731,2740,0
20110426,16.014,16.014,16.014,16.014,17,0
20110427,15.958,16.02,15.958,16.02,266439,0
20110428,15.877,16.02,15.877,16.02,86027,0
20110502,15.587,15.986,15.587,15.986,274,0
20110504,15.587,16.014,15.587,15.731,122322,0
20110505,15.731,15.931,15.731,15.931,9541,0
20110506,16.124,16.248,16.007,16.007,1166,0
20110509,16.426,16.426,15.946,15.946,303,0
20110510,15.877,16.248,15.842,15.877,601,0
20110511,15.842,16.248,15.78,16.248,161702,0
20110512,16.31,16.385,15.946,16.385,25343,0
20110513,16.399,16.399,15.731,15.731,248,0
20110516,15.731,15.731,15.731,15.731,59,0
20110518,15.773,15.773,15.642,15.65,82997,0
20110524,15.134,15.642,15.134,15.642,1412,0
20110525,15.642,16.02,15.642,15.677,929,0
20110526,15.677,15.828,15.642,15.828,906,0
20110527,15.677,15.828,15.677,15.828,167,0
20110530,15.642,15.828,15.161,15.161,769,0
20110531,15.161,15.347,15.161,15.161,392,0
20110602,14.742,14.742,14.742,14.742,516,0
20110606,14.275,14.275,14.11,14.11,353,0
20110607,13.902,14.344,13.69,14.344,2137,0
20110608,14.666,14.722,14.666,14.722,707,0
20110613,15.038,15.038,15.038,15.038,287,0
20110615,14.625,14.625,14.625,14.625,516,0
20110616,14.198,14.384,14.198,14.384,387,0
20110620,14.384,14.384,14.384,14.384,196,0
20110621,14.439,14.439,14.322,14.439,135713,0
20110622,14.384,14.384,14.198,14.198,1781,0
20110627,13.848,13.848,13.841,13.841,2410,0
20110628,13.78,13.78,13.298,13.298,1669,0
20110629,13.304,13.304,13.304,13.304,66,0
20110630,13.538,13.538,13.298,13.298,736,0
20110701,13.298,13.298,13.298,13.298,62,0
20110704,13.25,13.304,13.25,13.304,147,0
20110705,13.304,13.401,13.243,13.359,44418,0
20110706,13.401,13.401,13.401,13.401,108,0
20110708,13.359,13.359,13.359,13.359,199,0
20110711,13.236,13.236,13.236,13.236,13,0
20110714,13.236,13.428,13.236,13.428,953,0
20110715,13.421,13.703,13.421,13.703,8435,0
20110719,13.421,13.421,13.421,13.421,91,0
20110721,13.876,13.876,13.876,13.876,1,0
20110722,13.236,13.236,13.236,13.236,28,0
20110725,13.236,13.236,13.236,13.236,108,0
20110729,13.683,13.683,13.628,13.663,885,0
20110801,13.663,13.663,13.538,13.538,2199,0
20110804,13.538,13.538,13.063,13.063,121792,0
20110805,12.645,13.236,12.645,13.236,1866,0
20110808,13.236,13.236,12.638,12.638,5709,0
20110809,12.638,12.638,12.334,12.334,14689,0
20110810,12.672,12.672,12.638,12.638,26580,0
20110811,12.638,12.638,12.156,12.638,40796,0
20110812,12.706,12.706,12.706,12.706,665,0
20110816,13.119,13.119,12.755,12.755,17625,0
20110817,12.755,13.085,12.638,13.085,115940,0
20110823,12.989,13.085,12.699,12.699,1355,0
20110829,12.947,12.947,12.947,12.947,1945,0
20110901,12.603,12.603,12.603,12.603,91,0
20110902,12.638,12.638,12.638,12.638,67,0
20110905,12.699,12.699,12.589,12.589,830,0
20110908,12.576,12.576,12.576,12.576,5598,0
20110909,12.514,12.514,12.487,12.487,3901,0
20110912,12.218,12.218,12.218,12.218,82,0
20110913,12.033,12.033,12.033,12.033,956,0
20110914,12.294,12.301,12.294,12.301,638,0
20110915,12.218,12.218,12.218,12.218,26,0
20110922,12.218,12.218,12.163,12.163,2310,0
20110928,12.156,12.156,12.156,12.156,10,0
20110929,12.184,12.46,12.184,12.46,3020,0
20111004,12.156,12.156,12.156,12.156,532,0
20111005,12.487,12.487,12.487,12.487,26,0
20111006,12.033,12.033,11.916,11.916,439,0
20111010,12.487,12.487,12.487,12.487,607,0
20111014,12.487,12.487,12.487,12.487,164,0
20111017,12.795,12.795,12.514,12.514,8808,0
20111018,12.362,12.362,12.362,12.362,101,0
20111019,12.514,12.514,12.514,12.514,1,0
20111021,12.334,12.334,12.334,12.334,46980,0
20111024,12.334,12.334,11.702,11.702,16519,0
20111025,12.033,12.033,11.311,11.311,19087,0
20111027,11.434,11.476,11.434,11.434,83750,0
20111028,11.434,11.434,11.372,11.372,35897,0
20111031,11.221,11.255,11.194,11.194,34097,0
20111102,11.255,11.255,10.953,10.981,33089,0
20111103,10.981,10.981,10.981,10.981,91,0
20111107,10.981,10.981,10.83,10.891,20196,0
20111109,11.291,11.291,11.291,11.291,138,0
20111110,11.291,11.291,10.83,10.83,9684,0
20111117,10.898,10.919,10.891,10.919,16666,0
20111118,11.132,11.132,10.919,10.919,16619,0
20111121,10.891,10.891,10.891,10.891,850,0
20111122,10.891,10.891,10.83,10.83,18284,0
20111123,10.83,10.83,10.83,10.83,14957,0
20111124,10.781,10.781,10.768,10.768,8308,0
20111125,10.768,10.768,10.768,10.768,453,0
20111130,10.83,10.83,10.83,10.83,665,0
20111205,10.939,10.939,10.939,10.939,32,0
20111206,10.83,10.83,10.83,10.83,15361,0
20111207,10.83,10.83,10.83,10.83,166,0
20111212,10.83,10.932,10.83,10.932,852,0
20111213,10.713,10.713,10.713,10.713,26135,0
20111214,10.713,10.713,10.713,10.713,1207,0
20111215,10.83,10.83,10.83,10.83,67,0
20111219,10.5,10.5,10.5,10.5,302,0
20111228,10.527,10.527,10.527,10.527,406,0
20111229,10.527,10.63,10.527,10.63,917,0
20111230,10.527,10.527,10.472,10.472,1109,0
20120103,10.383,10.383,10.383,10.383,82,0
20120109,10.286,10.286,10.286,10.286,499,0
20120112,10.245,10.245,10.245,10.245,26,0
20120113,10.286,10.286,10.286,10.286,150,0
20120117,10.286,10.974,10.286,10.974,1732,0
20120118,10.527,10.651,10.527,10.651,997,0
20120120,10.651,10.83,10.651,10.83,1412,0
20120123,10.472,11.194,10.472,11.194,1866,0
20120124,11.434,11.614,11.434,11.614,945,0
20120127,11.956,11.956,11.956,11.956,82,0
20120130,11.909,12.012,11.909,12.012,1988,0
20120131,12.033,12.033,12.033,12.033,3157,0
20120201,12.033,12.033,12.033,12.033,7976,0
20120202,12.232,12.63,12.232,12.63,2375,0
20120206,12.232,12.576,12.232,12.576,272,0
20120207,12.334,12.334,12.334,12.334,143,0
20120208,12.218,12.218,12.218,12.218,143,0
20120209,12.514,12.514,12.514,12.514,16,0
20120210,12.514,12.514,12.514,12.514,18701,0
20120213,12.342,12.342,12.033,12.033,49856,0
20120214,12.033,12.487,12.033,12.487,169438,0
20120215,12.487,12.864,12.487,12.864,5251,0
20120216,13.889,14.439,13.841,13.841,1262,0
20120217,13.841,14.384,13.841,13.841,13272,0
20120220,14.377,14.384,14.377,14.384,901,0
20120221,14.405,14.405,14.384,14.384,231,0
20120222,14.26,14.432,14.26,14.432,248,0
20120223,14.432,14.432,13.841,13.841,70,0
20120224,13.848,13.848,13.841,13.841,5180,0
20120227,13.477,14.129,13.477,14.129,94,0
20120301,13.477,14.082,13.477,14.082,12,0
20120302,14.129,14.129,14.129,14.129,3,0
20120305,14.129,14.129,14.129,14.129,16,0
20120306,13.841,13.841,13.841,13.841,142,0
20120307,13.6,14.129,13.6,14.129,156,0
20120308,14.248,14.248,14.248,14.248,7,0
20120309,13.6,13.876,13.538,13.876,5549,0
20120312,13.876,13.876,13.49,13.49,4582,0
20120313,13.298,13.298,13.298,13.298,1662,0
20120315,12.885,12.885,12.727,12.727,1126,0
20120316,12.727,12.727,12.727,12.727,1829,0
20120319,12.699,12.699,12.699,12.699,232,0
20120327,13.112,13.119,12.817,12.817,32813,0
20120329,13.298,13.304,13.236,13.236,967,0
20120330,13.243,13.243,13.243,13.243,660,0
20120402,13.477,13.834,13.477,13.78,956,0
20120403,13.951,13.951,13.49,13.49,2054,0
20120404,13.497,13.497,13.421,13.421,1419,0
20120410,13.421,13.421,13.421,13.421,830,0
20120411,13.236,13.236,13.236,13.236,340,0
20120412,13.236,13.236,12.218,13.208,2050,0
20120413,13.208,13.208,12.94,12.94,2327,0
20120416,13.119,13.119,13.119,13.119,3,0
20120417,13.119,13.201,13.119,13.201,246,0
20120418,13.236,13.435,13.222,13.222,2795,0
20120419,13.229,13.325,13.208,13.325,5504,0
20120420,15.236,15.299,15.236,15.299,2455,0
20120423,15.264,15.47,15.196,15.47,2129,0
20120424,15.47,15.491,15.333,15.463,1988,0
20120425,15.127,15.127,13.931,13.937,3264,0
20120426,13.786,15.057,13.786,14.543,1276,0
20120427,14.164,14.164,14.164,14.164,224,0
20120507,13.992,14.095,13.992,14.095,232,0
20120508,14.439,14.439,14.439,14.439,2,0
20120509,14.439,14.439,14.439,14.439,13,0
20120510,14.095,14.164,14.095,14.164,15178,0
20120511,14.027,14.027,14.027,14.027,7272,0
20120514,13.924,13.924,13.889,13.889,698,0
20120515,14.054,14.054,13.683,13.683,65757,0
20120516,13.442,13.442,13.339,13.367,1555,0
20120517,13.799,13.958,13.477,13.477,23649,0
20120518,13.14,13.201,13.14,13.201,116302,0
20120521,13.133,13.133,13.133,13.133,44,0
20120522,13.133,13.133,13.133,13.133,1027,0
20120524,12.927,13.044,12.377,13.044,2210,0
20120525,12.768,13.367,12.762,12.768,749,0
20120528,13.469,13.546,13.469,13.546,611,0
20120529,13.546,13.91,13.546,13.91,552,0
20120601,14.344,14.625,14.095,14.625,132023,0
20120611,14.625,14.625,14.625,14.625,387,0
20120618,14.095,14.129,14.095,14.129,26,0
20120622,14.129,14.129,14.095,14.095,681,0
20120626,13.758,13.758,13.683,13.683,645,0
20120628,13.91,13.91,13.91,13.91,20,0
20120629,13.696,13.91,13.696,13.91,728,0
20120717,14.122,14.122,14.122,14.122,146,0
20120723,13.615,13.615,13.615,13.615,412,0
20120730,13.889,13.889,13.889,13.889,655,0
20120731,13.821,13.821,13.615,13.615,276,0
20120802,13.477,13.477,13.477,13.477,223,0
20120806,13.477,13.477,13.339,13.339,131,0
20120817,13.745,13.834,13.745,13.834,670,0
20120820,13.834,13.834,13.821,13.821,1102,0
20120822,13.889,14.989,13.889,14.989,1591,0
20120823,14.715,14.989,14.645,14.645,3043,0
20120824,15.127,15.127,15.127,15.127,66,0
20120827,15.127,15.127,15.127,15.127,66,0
20120829,15.127,15.127,15.127,15.127,87,0
20120830,14.543,14.543,14.543,14.543,517,0
20120904,15.127,15.127,15.127,15.127,2378,0
20120905,15.47,15.47,15.47,15.47,54,0
20120907,15.47,15.47,15.47,15.47,2136,0
20120910,15.127,15.127,15.127,15.127,44,0
20120912,15.127,15.127,15.127,15.127,2960,0
20120913,14.921,14.921,14.439,14.439,30539,0
20120919,14.522,14.522,14.522,14.522,218,0
20120920,14.522,14.522,14.522,14.522,134,0
20121001,14.508,14.508,14.508,14.508,50,0
20121005,14.921,14.921,14.921,14.921,174,0
20121008,14.508,14.508,14.508,14.508,400,0
20121009,14.439,14.439,14.232,14.232,1051,0
20121010,14.232,14.232,14.232,14.232,485,0
20121015,13.821,13.821,13.821,13.821,546,0
20121016,13.821,13.821,13.821,13.821,24652,0
20121018,14.054,14.439,14.054,14.439,3179,0
20121024,14.095,14.095,14.095,14.095,350,0
20121025,13.752,13.752,13.752,13.752,790,0
20121030,13.752,13.979,13.752,13.979,179,0
20121105,14.122,14.122,14.122,14.122,7,0
20121106,13.484,13.484,13.484,13.484,7,0
20121108,13.615,13.615,13.477,13.477,631,0
20121109,13.408,13.408,13.408,13.408,147,0
20121113,13.079,13.133,13.063,13.063,3461,0
20121114,13.063,13.063,13.063,13.063,154,0
20121115,13.201,13.752,12.651,13.752,8930,0
20121119,13.477,13.821,13.477,13.821,218,0
20121120,13.951,13.951,13.408,13.408,1018,0
20121121,13.408,13.408,13.408,13.408,11,0
20121122,13.477,13.477,13.105,13.105,1946,0
20121123,13.201,13.538,13.201,13.538,2905,0
20121126,12.927,13.821,12.927,13.821,4678,0
20121128,13.408,13.408,13.408,13.408,63,0
20121129,13.408,13.752,13.408,13.752,221,0
20121130,13.752,14.054,13.477,13.477,300,0
20121205,13.484,13.484,13.408,13.408,640,0
20121207,13.69,13.69,13.69,13.69,14,0
20121211,13.69,13.69,13.69,13.69,7,0
20121212,13.69,13.999,13.69,13.752,1341,0
20121214,13.752,13.854,13.752,13.854,126,0
20121217,13.854,13.854,13.854,13.854,4,0
20121220,13.69,13.69,13.69,13.69,552,0
20121227,13.415,13.415,13.415,13.415,291,0
20130102,13.415,13.415,13.415,13.415,126,0
20130104,13.442,13.442,13.442,13.442,457,0
20130107,13.421,13.421,13.421,13.421,116,0
20130109,13.834,13.834,13.834,13.834,1722,0
20130110,13.546,13.546,13.546,13.546,146,0
20130111,13.553,13.752,13.553,13.752,451,0
20130114,13.553,14.192,13.553,14.192,1026,0
20130118,14.192,14.192,14.192,14.192,2,0
20130128,13.752,14.06,13.752,14.06,117,0
20130129,13.553,13.553,13.553,13.553,26,0
20130131,13.683,13.683,13.683,13.683,555,0
20130201,14.06,14.06,14.06,14.06,17,0
20130205,14.06,14.06,14.06,14.06,44,0
20130206,14.06,14.198,14.06,14.198,246,0
20130207,13.696,13.696,13.696,13.696,63,0
20130208,14.198,14.198,14.198,14.198,291,0
20130212,13.696,13.696,13.696,13.696,241,0
20130221,13.718,13.718,13.718,13.718,291,0
20130222,14.198,14.198,14.198,14.198,537,0
20130228,14.218,14.232,14.218,14.232,126,0
20130304,14.439,14.439,14.432,14.439,871,0
20130305,14.439,14.439,14.254,14.254,640,0
20130312,14.432,14.769,14.432,14.769,777,0
20130314,14.783,14.831,14.783,14.831,131,0
20130322,14.955,14.955,14.955,14.955,327,0
20130326,14.955,14.955,14.955,14.955,36,0
20130327,14.955,15.196,14.955,15.196,32,0
20130328,15.196,15.196,15.196,15.196,36,0
20130403,15.883,15.883,15.883,15.883,98,0
20130409,15.313,15.313,15.313,15.313,20,0
20130410,15.461,15.468,15.461,15.468,160,0
20130412,15.882,15.882,15.468,15.468,97,0
20130415,15.468,15.468,15.264,15.264,267,0
20130417,16.017,16.017,16.017,16.017,131,0
20130419,15.324,15.324,15.324,15.324,1,0
20130422,15.324,15.324,14.76,14.76,573,0
20130425,14.76,15.392,14.76,15.392,94,0
20130426,15.392,15.392,15.392,15.392,331,0
20130429,15.656,15.656,15.656,15.656,47,0
20130506,15.656,15.656,15.656,15.656,12,0
20130507,15.656,15.656,15.023,15.023,170,0
20130508,15.747,15.747,15.747,15.747,2,0
20130513,15.513,15.513,15.513,15.513,3,0
20130517,15.03,15.03,15.03,15.03,80,0
20130520,15.747,15.747,15.023,15.023,114,0
20130521,15.663,15.663,15.663,15.663,33,0
20130529,15.649,15.649,15.649,15.649,39,0
20130531,15.649,15.663,15.649,15.663,371,0
20130607,15.663,15.663,15.437,15.437,279,0
20130612,15.437,15.437,15.437,15.437,19,0
20130614,15.663,15.663,15.663,15.663,1660,0
20130621,15.747,15.747,15.747,15.747,13,0
20130626,15.437,15.437,15.437,15.437,28,0
20130628,15.437,15.437,15.437,15.437,7,0
20130709,15.038,15.038,15.023,15.023,649,0
20130715,15.023,15.023,15.023,15.023,149,0
20130722,15.218,15.964,15.218,15.964,319,0
20130723,15.392,15.392,15.392,15.392,133,0
20130729,14.88,14.88,14.88,14.88,1,0
20130802,14.903,14.903,14.903,14.903,74,0
20130805,14.797,14.797,14.684,14.684,251,0
20130809,14.692,14.692,14.692,14.692,209,0
20130812,15.392,15.392,15.392,15.392,199,0
20130816,15.211,15.211,15.061,15.061,141,0
20130820,15.437,15.437,15.061,15.061,279,0
20130821,15.068,15.068,15.068,15.068,31,0
20130823,15.068,15.068,15.068,15.068,59,0
20130903,15.437,15.437,15.437,15.437,7,0
20130906,15.068,15.068,15.068,15.068,43,0
20130910,15.437,15.437,15.437,15.437,3,0
20130916,15.437,15.437,15.437,15.437,11,0
20130924,15.068,15.068,13.563,13.563,2154,0
20130925,14.203,15.287,13.893,13.909,1089,0
20130926,14.542,15.437,14.542,15.437,2623,0
20130927,15.309,16.537,15.309,16.537,1626,0
20130930,16.944,16.944,16.944,16.944,114,0
20131001,16.935,16.935,16.935,16.935,19,0
20131003,16.935,16.966,16.935,16.966,481,0
20131004,16.966,16.966,16.966,16.966,91,0
20131007,16.966,16.966,16.966,16.966,140,0
20131008,16.974,16.974,16.974,16.974,7,0
20131011,17.245,17.32,17.245,17.32,86,0
20131025,16.875,16.875,16.868,16.868,446,0
20131031,17.282,17.282,17.282,17.282,7,0
20131104,16.492,16.529,16.492,16.529,83,0
20131105,16.492,16.492,16.492,16.492,458,0
20131106,15.964,15.964,15.964,15.964,21,0
20131112,16.093,16.093,16.093,16.093,70,0
20131113,15.964,15.964,15.964,15.964,465,0
20131114,15.964,15.964,15.4,15.4,663,0
20131115,15.437,15.437,15.437,15.437,127,0
20131118,15.437,15.437,15.437,15.437,663,0
20131119,15.03,15.03,15.03,15.03,47,0
20131121,15.287,15.287,15.287,15.287,110,0
20131122,15.279,15.279,15.068,15.068,687,0
20131125,15.663,15.663,14.842,14.842,1126,0
20131126,14.842,14.842,14.647,14.647,2600,0
20131127,14.383,14.383,13.856,14.044,2298,0
20131128,14.203,14.361,13.969,13.969,718,0
20131129,14.639,14.639,14.639,14.639,518,0
20131202,14.639,14.639,14.082,14.082,2224,0
20131203,14.602,14.602,14.534,14.534,99,0
20131204,14.594,14.594,14.594,14.594,68,0
20131205,14.082,14.594,13.969,14.594,537,0
20131206,14.518,14.518,13.939,14.511,589,0
20131209,14.489,14.489,14.489,14.489,1355,0
20131210,14.511,14.511,14.511,14.511,399,0
20131211,14.158,14.158,13.939,13.939,84,0
20131213,14.218,14.218,14.218,14.218,319,0
20131216,14.232,14.232,14.218,14.218,232,0
20131217,14.232,14.232,14.232,14.232,416,0
20131218,14.232,14.895,14.218,14.895,3353,0
20131219,14.872,14.925,14.308,14.925,2083,0
20131223,14.925,15.354,14.925,15.354,80,0
20140102,14.925,14.925,14.684,14.684,198,0
20140103,14.73,15.663,14.699,15.437,1582,0
20140107,14.91,14.91,14.91,14.91,33,0
20140108,14.91,14.91,14.91,14.91,52,0
20140109,15.249,15.249,14.76,14.76,79,0
20140110,14.699,14.91,14.699,14.91,280,0
20140113,15.362,15.362,15.362,15.362,39,0
20140114,15.211,15.211,15.211,15.211,535,0
20140115,15.211,15.407,15.211,15.407,146,0
20140116,15.407,15.407,15.211,15.211,331,0
20140122,15.227,15.227,15.211,15.211,38,0
20140123,15.211,15.211,14.699,14.699,673,0
20140124,14.91,14.949,14.91,14.918,598,0
20140127,14.932,14.932,14.932,14.932,12,0
20140129,14.542,14.542,14.534,14.534,2,0
20140130,14.556,14.556,14.534,14.534,160,0
20140131,14.534,14.534,14.534,14.534,91,0
20140203,14.647,14.647,14.534,14.534,690,0
20140205,14.534,14.534,14.534,14.534,188,0
20140207,14.677,14.677,14.677,14.677,267,0
20140211,14.542,14.542,14.534,14.534,930,0
20140212,14.684,14.722,14.684,14.684,107,0
20140213,14.918,14.918,14.308,14.88,849,0
20140214,14.421,14.458,14.014,14.014,2693,0
20140217,14.03,14.383,14.03,14.383,531,0
20140218,14.421,14.421,14.421,14.421,33,0
20140219,14.195,14.232,14.195,14.232,187,0
20140224,14.444,14.458,14.444,14.458,73,0
20140225,14.458,14.458,14.458,14.458,34,0
20140226,14.451,14.451,14.451,14.451,67,0
20140228,14.421,14.421,14.232,14.232,575,0
20140303,14.232,14.232,14.232,14.232,798,0
20140304,14.232,14.232,14.232,14.232,7,0
20140305,14.232,14.232,14.195,14.195,174,0
20140306,14.097,14.097,13.893,13.893,99,0
20140307,13.902,14.458,13.893,14.458,4346,0
20140310,14.458,14.511,14.398,14.482,5731,0
20140311,14.496,14.978,14.489,14.97,4832,0
20140312,14.994,15.061,14.985,15.061,4085,0
20140313,15.061,15.196,14.94,15.061,1192,0
20140314,15.061,15.061,14.872,14.91,4202,0
20140317,15.061,15.34,14.985,14.985,3826,0
20140318,15.061,15.061,14.985,15.061,319,0
20140319,15.076,15.076,15.061,15.061,3409,0
20140320,15.061,15.061,14.949,14.949,669,0
20140321,15.061,15.061,15.061,15.061,921,0
20140324,14.985,14.985,14.985,14.985,107,0
20140325,14.985,15.061,14.985,15.061,1973,0
20140326,15.061,15.061,15.061,15.061,6630,0
20140327,15.068,15.084,15.061,15.061,2417,0
20140328,15.256,15.256,15.076,15.256,669,0
20140331,15.287,15.384,15.242,15.242,4256,0
20140401,15.392,15.392,15.235,15.235,2387,0
20140402,15.218,15.218,15.218,15.218,179,0
20140403,14.985,15.204,14.91,15.068,5249,0
20140407,15.076,15.076,14.684,14.684,5551,0
20140409,15.061,15.166,15.061,15.166,1009,0
20140410,15.189,15.279,15.189,15.279,2625,0
20140411,15.309,15.626,15.264,15.618,12012,0
20140414,15.618,15.618,15.309,15.309,16379,0
20140415,15.488,15.937,15.261,15.799,1040,0
20140416,15.245,15.693,14.633,15.163,2737,0
20140417,15.155,15.155,15,15,562,0
20140422,14.185,14.592,14.185,14.592,2980,0
20140423,14.307,14.592,14.046,14.592,3363,0
20140424,14.241,14.241,13.459,14.144,4121,0
20140425,14.103,14.307,13.655,14.062,3423,0
20140428,14.307,14.307,14.266,14.266,234,0
20140429,14.266,14.266,14.266,14.266,385,0
20140430,13.94,14.086,13.671,13.671,2316,0
20140502,13.63,13.63,13.223,13.426,2673,0
20140505,13.842,13.932,13.287,13.655,3017,0
20140506,13.532,13.532,13.239,13.239,3398,0
20140507,13.239,13.655,13.239,13.279,2057,0
20140508,13.279,13.279,13.125,13.125,2147,0
20140509,13.247,13.646,13.247,13.646,221,0
20140512,13.655,13.655,13.655,13.655,37,0
20140513,13.369,13.655,13.369,13.377,3773,0
20140514,13.165,13.646,13.165,13.63,1219,0
20140515,13.451,13.646,13.329,13.345,1006,0
20140519,13.451,13.451,13.451,13.451,101,0
20140521,13.59,13.59,13.59,13.59,27,0
20140522,13.606,13.606,12.799,13.1,3936,0
20140523,13.002,13.002,12.962,12.962,709,0
20140526,13.223,13.223,12.962,12.962,950,0
20140527,12.962,13.223,12.962,13.214,147,0
20140528,13.223,13.337,12.514,13.337,4441,0
20140529,13.287,13.287,13.287,13.287,37,0
20140530,13.287,13.287,12.888,13.287,293,0
20140602,13.287,13.287,13.044,13.044,312,0
20140603,12.823,13.247,12.823,13.247,613,0
20140604,13.247,13.247,12.717,13.044,1987,0
20140605,13.035,13.035,13.035,13.035,47,0
20140606,13.116,13.116,12.88,12.88,366,0
20140609,13.044,13.044,13.044,13.044,11,0
20140610,12.823,12.88,12.823,12.88,186,0
20140611,12.823,12.823,12.733,12.733,566,0
20140612,12.733,13.044,12.717,12.717,552,0
20140613,12.717,12.717,12.717,12.717,67,0
20140616,12.717,12.717,12.717,12.717,172,0
20140617,12.717,13.044,12.717,13.044,158,0
20140618,13.044,13.044,13.002,13.002,380,0
20140624,12.799,12.921,12.799,12.921,202,0
20140625,12.839,13.108,12.839,13.108,262,0
20140626,12.799,12.799,12.799,12.799,307,0
20140630,13.084,13.59,13.044,13.084,3497,0
20140701,13.084,13.084,13.084,13.084,116,0
20140702,13.125,13.532,13.044,13.369,798,0
20140703,13.084,13.442,13.084,13.442,283,0
20140704,13.149,13.287,13.149,13.287,169,0
20140708,13.002,13.451,13.002,13.451,6781,0
20140709,13.451,13.451,13.451,13.451,566,0
20140714,13.777,13.834,13.206,13.206,307,0
20140718,13.206,13.614,13.084,13.149,221,0
20140721,13.606,13.606,13.606,13.606,181,0
20140722,13.052,13.052,13.052,13.052,214,0
20140723,13.052,13.556,13.052,13.556,151,0
20140725,13.06,13.06,13.06,13.06,160,0
20140728,13.556,13.556,13.556,13.556,73,0
20140731,13.108,13.41,13.06,13.06,309,0
20140801,13.052,13.41,13.052,13.206,300,0
20140804,13.052,13.052,13.052,13.052,61,0
20140805,13.508,13.516,12.783,12.783,10338,0
20140806,12.994,12.994,12.799,12.799,992,0
20140807,12.839,12.839,12.799,12.799,457,0
20140808,12.994,12.994,12.791,12.864,16539,0
20140811,13.239,13.239,13.239,13.239,61,0
20140814,13.044,13.044,12.799,12.799,277,0
20140818,13.239,13.516,13.239,13.516,736,0
20140819,13.133,13.133,13.133,13.133,59,0
20140820,13.133,13.451,13.133,13.451,98,0
20140821,13.206,13.206,13.206,13.206,117,0
20140825,13.475,13.475,13.451,13.475,209,0
20140902,13.475,13.484,12.749,13.484,1664,0
20140903,13.068,13.484,13.068,13.484,613,0
20140904,13.459,13.459,13.459,13.459,162,0
20140905,13.459,13.484,13.459,13.484,615,0
20140908,13.484,13.484,13.484,13.484,501,0
20140909,13.442,13.442,13.044,13.442,540,0
20140910,13.052,13.052,13.044,13.044,122,0
20140912,13.044,13.044,13.044,13.044,681,0
20140915,13.044,13.239,12.88,13.239,671,0
20140917,12.937,13.206,12.921,13.206,458,0
20140918,12.921,13.044,12.921,13.044,676,0
20140919,12.888,12.888,12.847,12.847,925,0
20140922,13.182,13.182,13.182,13.182,86,0
20140924,13.182,13.182,13.182,13.182,24,0
20140925,13.165,13.165,13.165,13.165,453,0
20140926,13.19,13.19,13.165,13.165,246,0
20140929,13.206,13.206,13.206,13.206,333,0
20140930,13.206,13.206,13.206,13.206,12,0
20141001,13.337,13.337,13.337,13.337,61,0
20141002,13.337,13.337,13.337,13.337,133,0
20141006,13.044,13.337,13.044,13.329,1104,0
20141008,13.287,13.337,13.044,13.337,3208,0
20141009,13.329,13.329,12.962,12.962,491,0
20141010,13.337,13.337,13.044,13.044,224,0
20141013,13.044,13.044,13.044,13.044,144,0
20141015,13.044,13.044,13.044,13.044,1676,0
20141016,13.044,13.044,13.035,13.035,446,0
20141017,13.035,13.035,12.962,13.035,708,0
20141020,13.035,13.044,13.035,13.044,246,0
20141021,13.044,13.044,13.044,13.044,491,0
20141022,13.044,13.313,13.044,13.06,1614,0
20141023,13.198,13.198,13.198,13.198,7,0
20141024,13.279,13.279,13.044,13.044,4561,0
20141027,13.287,13.287,13.044,13.044,1280,0
20141028,13.044,13.313,13.044,13.313,68,0
20141029,13.044,13.044,13.002,13.044,1227,0
20141030,13.002,13.044,13.002,13.044,356,0
20141031,13.206,13.206,12.815,13.044,1232,0
20141103,13.263,13.263,12.88,13.263,106,0
20141105,13.084,13.084,13.084,13.084,150,0
20141106,13.263,13.263,13.263,13.263,12,0
20141107,13.084,13.263,13.084,13.263,134,0
20141110,13.206,13.206,13.206,13.206,246,0
20141112,13.337,13.337,13.329,13.329,247,0
20141113,13.329,13.329,13.052,13.052,119,0
20141114,13.337,13.337,12.921,13.247,648,0
20141117,13.271,13.271,13.271,13.271,7,0
20141118,13.271,13.271,13.271,13.271,122,0
20141119,13.271,13.271,13.271,13.271,57,0
20141120,13.044,13.044,12.554,12.554,6164,0
20141121,12.986,12.986,12.774,12.978,309,0
20141124,12.978,13.239,12.391,12.799,6341,0
20141125,12.799,12.799,12.799,12.799,12,0
20141126,12.799,12.799,12.799,12.799,184,0
20141127,12.351,12.799,12.351,12.799,184,0
20141128,12.799,12.799,12.799,12.799,133,0
20141201,12.554,12.799,12.554,12.799,122,0
20141202,12.636,12.774,12.636,12.774,368,0
20141203,12.62,12.774,12.62,12.636,775,0
20141204,12.636,12.774,12.636,12.774,294,0
20141205,12.636,12.774,12.636,12.774,331,0
20141209,12.701,12.799,12.701,12.799,709,0
20141211,12.799,12.799,12.799,12.799,12,0
20141212,12.799,12.799,12.725,12.725,73,0
20141215,12.774,12.783,12.725,12.783,519,0
20141217,12.774,12.774,12.228,12.391,1938,0
20141218,12.154,12.481,12.154,12.391,1370,0
20141219,12.733,12.733,12.391,12.472,852,0
20141222,12.399,12.636,12.309,12.636,835,0
20141223,12.636,12.636,12.309,12.351,558,0
20141229,12.309,13.01,12.309,12.562,282,0
20141230,12.733,12.733,12.733,12.733,61,0
20150105,12.733,13.01,12.733,13.01,730,0
20150107,12.391,12.391,12.391,12.391,522,0
20150108,12.636,12.636,12.636,12.636,184,0
20150109,12.962,12.962,12.962,12.962,42,0
20150112,12.962,12.962,12.554,12.962,71,0
20150113,12.962,13.068,12.554,13.068,354,0
20150115,13.002,13.002,13.002,13.002,184,0
20150116,13.002,13.026,12.986,13.026,209,0
20150119,13.002,13.002,12.962,12.962,466,0
20150120,12.636,12.676,12.636,12.676,206,0
20150121,13.06,13.06,12.684,12.684,163,0
20150122,13.06,13.06,13.06,13.06,3,0
20150123,13.06,13.06,13.06,13.06,12,0
20150126,13.06,13.06,13.06,13.06,13,0
20150127,12.693,12.717,12.562,12.562,2151,0
20150128,12.586,12.823,12.586,12.586,1184,0
20150202,12.88,12.962,12.88,12.962,122,0
20150203,12.962,12.962,12.962,12.962,222,0
20150204,13.044,13.044,13.044,13.044,84,0
20150205,12.807,13.035,12.717,13.035,367,0
20150206,13.035,13.044,13.035,13.035,4940,0
20150211,13.035,13.035,12.962,12.962,222,0
20150213,12.921,12.954,12.921,12.954,137,0
20150217,13.018,13.018,13.018,13.018,158,0
20150219,12.807,13.002,12.636,13.002,682,0
20150223,13.002,13.092,13.002,13.092,1198,0
20150224,13.239,13.239,13.084,13.084,6174,0
20150225,13.41,14.673,13.108,14.673,10892,0
20150226,14.779,15.488,14.779,15.13,7054,0
20150227,15.407,15.546,15.163,15.179,4170,0
20150302,15.187,15.407,15.179,15.407,2004,0
20150303,15.407,15.407,15.285,15.285,4852,0
20150304,15.285,15.366,15.253,15.366,6205,0
20150305,15.391,15.758,15.269,15.758,3662,0
20150306,15.758,16.304,15.758,16.296,6627,0
20150309,16.296,16.304,16.223,16.296,3442,0
20150310,16.223,16.345,16.223,16.304,940,0
20150311,16.345,16.63,16.223,16.304,2139,0
20150312,16.223,16.304,16.223,16.223,1361,0
20150313,16.223,16.255,16.223,16.223,465,0
20150316,16.181,16.181,15.815,15.896,919,0
20150317,16.1,16.165,16.1,16.165,699,0
20150318,16.215,16.223,16.141,16.223,548,0
20150319,16.296,16.296,16.215,16.279,3976,0
20150320,16.279,16.426,16.279,16.304,5844,0
20150323,16.386,16.655,16.304,16.655,3786,0
20150324,16.655,16.655,16.402,16.402,1716,0
20150325,16.402,16.63,16.394,16.63,870,0
20150326,16.508,16.508,16.394,16.394,371,0
20150327,16.508,16.638,16.508,16.638,1859,0
20150330,16.467,16.655,16.304,16.622,4809,0
20150331,16.63,16.646,16.622,16.622,5246,0
20150401,16.622,16.63,16.622,16.63,3316,0
20150402,16.223,16.63,16.223,16.548,5609,0
20150407,16.539,16.539,15.487,16.468,3585,0
20150408,16.557,16.557,15.838,15.838,900,0
20150409,15.838,15.838,15.478,15.478,1271,0
20150410,15.478,15.478,15.343,15.343,2099,0
20150413,15.343,15.343,15.316,15.343,437,0
20150414,15.343,15.469,15.343,15.469,3547,0
20150415,15.469,15.469,15.298,15.469,2635,0
20150416,15.316,15.469,15.316,15.343,2855,0
20150417,15.748,15.748,15.748,15.748,1722,0
20150420,15.343,15.739,15.307,15.46,2477,0
20150421,15.307,15.433,15.298,15.388,3917,0
20150422,15.208,15.253,15.208,15.253,1535,0
20150423,15.343,15.343,15.343,15.343,1076,0
20150428,15.433,15.433,15.388,15.388,130,0
20150429,15.478,15.523,15.478,15.487,841,0
20150430,15.658,15.658,15.568,15.568,81,0
20150504,15.748,15.748,15.478,15.478,485,0
20150505,15.748,15.748,15.73,15.73,655,0
20150506,15.739,15.748,15.739,15.748,1468,0
20150507,15.298,15.748,15.298,15.748,111,0
20150508,15.73,15.865,15.73,15.865,112,0
20150511,15.874,15.874,15.748,15.748,426,0
20150512,15.748,15.748,15.748,15.748,121,0
20150513,15.748,15.838,15.568,15.568,314,0
20150514,15.523,15.523,15.298,15.298,6882,0
20150518,15.118,15.658,15.118,15.658,403,0
20150519,15.568,15.568,15.298,15.298,1758,0
20150520,15.298,15.559,14.956,15.559,612,0
20150521,15.55,15.55,15.55,15.55,33,0
20150522,15.163,15.163,15.163,15.163,200,0
20150525,15.163,15.559,15.163,15.559,706,0
20150528,15.208,15.487,14.983,15.037,928,0
20150529,15.091,15.091,14.848,14.848,933,0
20150601,14.848,15.253,14.848,14.857,667,0
20150605,15.28,15.28,15.28,15.28,11,0
20150608,15.28,15.28,15.28,15.28,94,0
20150609,15.226,15.226,15.226,15.226,44,0
20150610,15.388,15.55,15.388,15.55,492,0
20150611,15.55,15.55,15.55,15.55,30,0
20150612,15.577,15.856,15.577,15.658,3257,0
20150615,15.703,15.703,15.703,15.703,156,0
20150616,15.712,15.712,15.298,15.298,2860,0
20150617,15.298,15.658,15.118,15.658,956,0
20150619,15.658,15.658,15.658,15.658,100,0
20150624,15.568,15.613,15.307,15.307,244,0
20150625,15.613,15.91,15.343,15.343,2511,0
20150626,15.316,15.325,15.316,15.325,639,0
20150629,15.325,15.748,15.325,15.748,700,0
20150630,15.325,15.334,15.316,15.316,122,0
20150701,15.316,15.316,15.316,15.316,78,0
20150703,14.857,15.901,14.857,15.901,68,0
20150707,15.901,15.901,15.901,15.901,2,0
20150708,15.298,15.334,15.298,15.334,1856,0
20150709,15.343,15.343,15.298,15.298,4582,0
20150710,15.307,15.307,15.298,15.298,3108,0
20150713,15.298,15.298,15.298,15.298,5334,0
20150714,15.298,15.298,15.298,15.298,2713,0
20150715,15.73,15.73,15.73,15.73,111,0
20150716,15.298,15.361,15.298,15.298,7446,0
20150717,15.298,15.298,15.298,15.298,5135,0
20150720,15.316,15.316,15.208,15.208,3112,0
20150721,15.37,15.37,14.857,15.298,739,0
20150722,15.379,15.379,15.379,15.379,10,0
20150724,15.379,15.379,15.379,15.379,301,0
20150727,15.388,15.388,15.388,15.388,556,0
20150728,15.406,15.568,15.406,15.568,720,0
20150730,15.568,15.568,15.298,15.298,106,0
20150731,15.568,15.568,15.568,15.568,10,0
20150804,15.568,15.928,15.568,15.928,6303,0
20150806,15.748,15.748,15.388,15.739,1460,0
20150810,15.388,15.73,15.361,15.73,290,0
20150812,15.73,15.73,15.73,15.73,222,0
20150813,15.82,15.82,15.82,15.82,1,0
20150817,15.883,15.883,15.415,15.568,2235,0
20150818,15.388,15.388,15.388,15.388,78,0
20150819,15.82,15.82,15.82,15.82,17,0
20150820,15.82,15.838,15.82,15.838,1967,0
20150821,15.478,15.838,15.478,15.838,895,0
20150824,15.478,15.496,15.442,15.496,25167,0
20150825,15.397,15.397,15.388,15.397,611,0
20150826,15.397,15.397,15.307,15.388,56202,0
20150827,15.388,15.658,15.388,15.658,5893,0
20150828,15.658,15.658,15.415,15.658,5833,0
20150831,15.397,15.397,15.397,15.397,632,0
20150901,15.478,15.478,15.478,15.478,306,0
20150902,15.388,15.388,15.388,15.388,326,0
20150903,15.388,15.892,15.388,15.892,1022,0
20150904,15.892,15.892,15.892,15.892,132,0
20150907,15.496,16.018,15.496,16.018,905,0
20150908,15.658,15.658,15.658,15.658,445,0
20150909,15.748,15.748,15.748,15.748,143,0
20150911,15.766,15.766,15.748,15.748,556,0
20150923,16.009,16.009,16.009,16.009,56,0
20150928,15.748,15.748,15.748,15.748,361,0
20150929,15.748,15.748,15.748,15.748,63,0
20150930,15.748,15.748,15.748,15.748,23,0
20151005,15.748,16.171,15.748,16.171,522,0
20151006,15.775,15.775,15.775,15.775,11,0
20151007,15.775,15.775,15.766,15.766,111,0
20151009,16.171,16.171,16.171,16.171,467,0
20151012,16.153,16.153,16.153,16.153,22,0
20151015,16.045,16.045,16.036,16.036,267,0
20151021,16.018,16.018,16.018,16.018,56,0
20151022,16.063,16.198,16.063,16.198,250,0
20151023,16.117,16.153,15.748,16.126,1957,0
20151026,16,16,16,16,36,0
20151028,15.874,15.874,15.874,15.874,278,0
20151029,15.748,15.748,15.748,15.748,702,0
20151030,15.478,15.748,15.478,15.748,1322,0
20151102,16.063,16.063,16.063,16.063,94,0
20151103,15.397,15.478,15.397,15.478,44,0
20151104,15.478,15.478,15.478,15.478,13,0
20151106,15.478,15.478,15.478,15.478,6,0
20151109,16.018,16.018,16.018,16.018,13,0
20151110,16.018,16.018,16.018,16.018,18,0
20151112,15.901,15.901,15.901,15.901,308,0
20151116,15.505,15.505,15.487,15.487,440,0
20151117,15.838,16.072,15.748,16.045,2193,0
20151118,15.658,15.658,15.658,15.658,370,0
20151119,16.045,16.045,16.045,16.045,472,0
20151124,16.135,16.135,16.135,16.135,189,0
20151125,15.748,15.748,15.748,15.748,756,0
20151126,15.496,15.676,15.496,15.658,1771,0
20151130,15.658,15.658,15.658,15.658,1,0
20151201,15.658,15.658,15.658,15.658,33,0
20151203,15.658,15.658,15.658,15.658,111,0
20151204,15.523,15.838,15.46,15.829,905,0
20151207,15.46,15.829,15.46,15.829,164,0
20151209,16.045,16.045,16.045,16.045,87,0
20151215,15.991,15.991,15.919,15.991,9223,0
20151216,15.883,16.144,15.883,16.144,1225,0
20151217,15.991,16.018,15.991,16.018,2237,0
20151218,15.568,15.568,15.496,15.496,332,0
20151221,16.018,16.018,15.658,15.658,31,0
20151223,15.676,15.676,15.658,15.658,511,0
20151228,16.018,16.018,15.505,15.505,304,0
20151229,15.505,15.658,15.505,15.658,426,0
20151230,16.135,16.135,16.135,16.135,1,0
20160104,16.198,16.198,16.198,16.198,167,0
20160108,16.198,16.234,16.198,16.216,835,0
20160111,16.234,16.737,15.982,16.737,383,0
20160112,15.991,15.991,15.991,15.991,3,0
20160114,16.692,16.692,16.692,16.692,44,0
20160118,16.692,16.692,15.991,15.991,722,0
20160119,16.396,16.396,16.396,16.396,461,0
20160120,16.027,16.027,16.027,16.027,22,0
20160121,16.423,16.423,16.423,16.423,291,0
20160122,16.692,16.692,16.692,16.692,22,0
20160126,16.737,16.746,16.692,16.692,410,0
20160128,16.692,16.692,16.692,16.692,17,0
20160129,16.665,16.737,16.665,16.737,1317,0
20160202,16.647,16.737,16.647,16.737,10049,0
20160203,16.737,16.737,16.737,16.737,111,0
20160204,16.737,16.746,16.737,16.746,1489,0
20160205,16.746,16.746,16.746,16.746,111,0
20160208,16.746,16.755,16.746,16.755,144,0
20160209,16.755,16.755,16.755,16.755,178,0
20160210,16.827,16.827,16.827,16.827,222,0
20160212,16.809,16.809,16.737,16.737,222,0
20160215,16.737,16.737,16.737,16.737,706,0
20160216,16.737,16.737,16.737,16.737,386,0
20160217,16.827,16.863,16.827,16.863,1270,0
20160218,16.872,17.088,16.872,17.088,692,0
20160219,17.088,17.313,17.088,17.106,304,0
20160222,17.277,17.817,17.106,17.727,7289,0
20160223,17.907,18.447,17.907,18.267,4062,0
20160224,18.267,18.312,18.177,18.222,2009,0
20160225,18.222,18.357,18.222,18.267,1085,0
20160226,18.357,18.447,18.357,18.447,1522,0
20160229,18.528,18.528,18.528,18.528,228,0
20160301,18.519,18.537,18.267,18.267,2029,0
20160302,18.447,18.447,18.177,18.177,716,0
20160303,18.267,18.447,18.267,18.447,350,0
20160304,18.312,18.447,18.267,18.267,698,0
20160307,18.303,18.303,18.267,18.267,435,0
20160308,18.348,18.348,18.267,18.267,344,0
20160309,18.348,18.348,18.348,18.348,83,0
20160310,18.267,18.267,18.177,18.249,911,0
20160311,18.249,18.249,18.096,18.096,587,0
20160314,18.249,18.249,18.249,18.249,273,0
20160315,18.249,18.312,18.249,18.249,395,0
20160316,18.258,18.258,18.141,18.141,352,0
20160317,18.258,18.258,18.087,18.087,555,0
20160318,18.087,18.258,18.087,18.258,196,0
20160321,18.258,18.312,18.24,18.24,777,0
20160322,18.312,18.312,18.312,18.312,164,0
20160323,18.312,18.357,18.312,18.357,34,0
20160324,18.357,18.438,18.357,18.375,1167,0
20160329,18.4922,18.8971,18.4922,18.8971,5291,0
20160330,18.8971,19.4371,18.8072,19.3291,5032,0
20160331,19.4191,19.95,19.3291,19.95,11473,0
20160401,19.95,20.1929,19.617,19.77,6754,0
20160404,19.73,19.73,18.8,19.18,3290,0
20160405,18.52,18.98,18.5,18.6,1334,0
20160406,18.6,18.6,18.6,18.6,176,0
20160407,18.61,18.63,18.6,18.63,376,0
20160408,18.7,18.9,18.7,18.76,912,0
20160411,18.81,18.81,18.8,18.8,195,0
20160412,19,19.5,19,19.5,3898,0
20160413,19.5,19.52,19.5,19.52,1773,0
20160414,19.52,19.52,19.51,19.51,741,0
20160415,19.51,19.55,19.5,19.5,3454,0
20160418,19.5,19.55,19.5,19.55,1150,0
20160419,19.63,19.73,19.61,19.73,440,0
20160420,19.77,19.77,19.22,19.76,1377,0
20160421,19.7,19.7,19.55,19.55,80,0
20160422,19.56,19.75,19.56,19.75,221,0
20160425,19.9,19.9,19.6,19.87,916,0
20160426,19.87,19.87,19.61,19.61,105,0
20160429,19.61,19.61,19.11,19.6,10316,0
20160502,19.3,19.91,19.3,19.91,84,0
20160504,19.85,19.85,19.69,19.69,461,0
20160505,19.69,19.69,19.5,19.5,2329,0
20160506,19.62,19.62,19.31,19.31,122,0
20160509,19.59,19.59,19.59,19.59,50,0
20160511,19.53,19.53,19.53,19.53,40,0
20160512,19.21,19.21,19.1,19.2,390,0
20160513,19.2,19.5,19.2,19.5,731,0
20160516,19.5,19.5,19.5,19.5,1398,0
20160517,19.49,19.5,19.49,19.5,4524,0
20160518,19.58,19.58,19.51,19.51,200,0
20160519,19.58,19.58,19.5,19.53,268,0
20160520,19.5,19.51,19.5,19.51,275,0
20160523,19.51,19.51,19,19,125,0
20160524,19,19,19,19,205,0
20160527,19.2,19.45,19.2,19.45,298,0
20160530,19.5,19.5,19.5,19.5,1377,0
20160531,19.5,19.5,19.21,19.5,260,0
20160601,19.54,19.54,19.54,19.54,50,0
20160602,19.06,19.06,19.06,19.06,140,0
20160603,19.5,19.5,19.5,19.5,10,0
20160606,19.2,19.5,19.2,19.5,748,0
20160607,19.5,19.5,19.5,19.5,317,0
20160608,19.4,19.4,19.4,19.4,100,0
20160610,19.3,19.3,19.23,19.23,157,0
20160613,19.3,19.3,19,19,2672,0
20160615,19.3,19.3,18.7,18.7,591,0
20160620,18.7,18.7,18.7,18.7,110,0
20160621,18.51,18.65,18.51,18.65,402,0
20160622,18.6,18.6,18.53,18.53,177,0
20160623,18.6,18.65,18.6,18.65,500,0
20160624,18.5,18.5,18,18,540,0
20160627,18.34,18.34,18.34,18.34,237,0
20160628,18.65,18.65,18.65,18.65,130,0
20160629,18.65,18.65,18.21,18.21,9,0
20160630,18.21,18.91,18.21,18.91,200,0
20160701,18.91,18.95,18.91,18.95,170,0
20160704,18.95,18.95,18.95,18.95,10,0
20160705,18.95,19.14,18.95,19.14,270,0
20160708,19.21,19.21,19.21,19.21,10,0
20160711,19.49,19.7,19.49,19.5,2288,0
20160712,19.5,19.5,19.5,19.5,10,0
20160714,19.11,19.11,19.1,19.1,322,0
20160715,19.5,19.5,19.5,19.5,6,0
20160718,19.5,19.8,19.05,19.05,3412,0
20160720,19.14,19.14,19.14,19.14,48,0
20160721,19.6,19.6,19.5,19.5,315,0
20160722,19.6,19.6,19.3,19.3,319,0
20160725,19.55,19.55,19.4,19.4,680,0
20160726,19.4,19.4,19.4,19.4,240,0
20160728,19.52,19.52,19.52,19.52,70,0
20160729,19.52,19.52,19.52,19.52,190,0
20160801,19.52,19.52,19.52,19.52,283,0
20160802,19.52,19.52,19.52,19.52,2,0
20160803,19.52,19.52,19.52,19.52,124,0
20160804,19.54,19.95,19.54,19.95,1781,0
20160805,20,20.2,20,20,840,0
20160808,20,20.2,20,20.2,160,0
20160809,20.98,20.98,20.9,20.9,85,0
20160810,21,21.1,21,21,2085,0
20160811,23,23,21.1,21.7,1573,0
20160812,21.5,21.5,20.7,21.2,319,0
20160816,21.2,21.2,21.2,21.2,1000,0
20160817,21.2,21.5,21.2,21.5,1770,0
20160818,21.55,22.23,21.55,22.23,1983,0
20160819,22.26,22.5,22.26,22.5,4558,0
20160822,22.45,22.95,22.45,22.73,3665,0
20160823,22.5,22.75,22.5,22.6,3010,0
20160824,22.6,22.6,22.49,22.55,1078,0
20160825,22.8,22.8,22.7,22.8,947,0
20160826,22.6,23,22.6,23,900,0
20160829,22.9,24.09,22.9,24.05,4150,0
20160830,23.99,25,23.99,25,3549,0
20160831,25,25,25,25,26,0
20160901,24.99,25,24.9,25,91,0
20160902,24.9,25,24.5,24.5,361,0
20160905,25.24,25.24,24.47,24.5,140,0
20160906,25.2,25.2,24.6,24.7,103,0
20160907,25,25,24.85,24.85,701,0
20160908,24.89,24.89,24.89,24.89,1,0
20160909,24.8,24.91,24.16,24.2,734,0
20160912,23,24,23,23.7,3484,0
20160913,23,23.89,22.82,22.82,1007,0
20160914,23,23.47,23,23.47,477,0
20160916,22.4,22.4,22.4,22.4,73,0
20160919,23.45,23.45,21.57,22.58,548,0
20160920,22.5,22.58,22.5,22.58,472,0
20160921,22.58,23,22.58,23,100,0
20160922,22.97,23.27,22.95,23.27,619,0
20160923,23.5,23.8,23.5,23.8,140,0
20160926,23.81,23.81,23.8,23.8,60,0
20160927,22.8,23.27,22.8,22.95,1176,0
20160928,23.85,23.85,23.85,23.85,2,0
20160929,23.85,23.85,23.4,23.4,221,0
20160930,23.5,23.5,23.5,23.5,16,0
20161003,23.5,23.87,23.5,23.8,452,0
20161004,23.79,24,23.79,24,2909,0
20161005,24.5,24.5,24.1,24.5,3297,0
20161006,24.5,24.86,24.5,24.86,854,0
20161007,24.9,24.91,24.86,24.9,696,0
20161010,24.9,24.91,24.9,24.91,910,0
20161011,24.91,24.91,24.9,24.9,705,0
20161012,24.91,24.91,24.91,24.91,990,0
20161013,24.91,25,24.91,25,2550,0
20161014,25.19,25.46,25.01,25.46,323,0
20161017,25.38,25.39,25.17,25.2,961,0
20161018,25.3,25.39,25.3,25.31,443,0
20161019,25.35,25.38,25.3,25.3,920,0
20161020,25.3,25.4,25.3,25.4,300,0
20161021,25.45,25.45,25.45,25.45,13,0
20161024,25.45,26.2,25.45,26,1113,0
20161025,24.79,24.79,22.9,23.85,33412,0
20161026,23.9,23.9,23.5,23.85,2264,0
20161027,23.4,24,23.4,24,5127,0
20161028,23.9,23.9,23.8,23.8,289,0
20161031,24,24,23.6,24,22226,0
20161102,24,24,24,24,2,0
20161103,23.98,24,23.98,24,4226,0
20161104,24,24,24,24,4087,0
20161107,24,24,23.9,24,9074,0
