Date,Open,High,Low,Close,Volume,OpenInt
20140711,9.37,9.55,9.37,9.5,445376,0
20140714,9.54,9.54,9.4,9.44,37452,0
20140715,9.44,9.44,8.81,9,110496,0
20140716,9,9,8.73,8.73,33501,0
20140717,8.8,9.36,8.77,9.34,96403,0
20140718,9.24,9.34,9.13,9.34,20213,0
20140721,9.13,9.3,9.13,9.2,11091,0
20140722,9.2,9.34,8.86,9.34,52844,0
20140723,9.34,9.34,9.13,9.3,14098,0
20140724,9.29,9.45,9.29,9.3,39444,0
20140725,9.01,9.42,9.01,9.36,40844,0
20140728,9.15,9.38,9.15,9.17,89676,0
20140729,9.18,9.3,9.14,9.3,31748,0
20140730,9.21,9.26,9.1,9.2,12554,0
20140731,9.15,9.15,8.96,9.08,30925,0
20140801,9.08,9.1,8.92,9.1,25511,0
20140804,9.06,9.06,8.9,8.97,13962,0
20140805,8.97,9.08,8.9,9.08,32756,0
20140806,8.95,9.07,8.53,8.97,4908,0
20140807,8.85,8.85,8.5,8.6,14676,0
20140808,8.61,8.75,8.6,8.75,450,0
20140811,8.75,8.95,8.69,8.95,1400,0
20140812,8.6,8.94,8.6,8.65,21283,0
20140813,8.8,8.89,8.57,8.57,14345,0
20140814,8.25,8.61,8.13,8.44,4236,0
20140818,8.5,8.61,8.5,8.5,4185,0
20140819,8.61,8.84,8.4,8.7,6809,0
20140820,9,9.15,8.61,9.08,294,0
20140821,8.51,9.07,8.51,8.99,702,0
20140822,8.81,8.99,8.54,8.98,1857,0
20140825,8.99,8.99,8.56,8.95,236,0
20140826,8.9,8.93,8.8,8.93,6110,0
20140827,8.71,8.93,8.5,8.69,6635,0
20140828,8.93,8.93,8.51,8.85,1302,0
20140829,8.51,8.88,8.51,8.83,1400,0
20140901,8.5,8.6,8.4,8.55,4103,0
20140902,8.5,8.75,8.42,8.49,5475,0
20140903,8.55,8.58,8.3,8.58,8984,0
20140904,8.41,8.89,8.41,8.89,3015,0
20140905,8.75,8.88,8.65,8.74,2417,0
20140908,8.74,8.87,8.7,8.8,8286,0
20140909,8.86,8.95,8.7,8.8,54782,0
20140910,8.75,8.95,8.75,8.95,2042,0
20140911,8.94,8.94,8.74,8.9,4403,0
20140912,8.89,8.89,8.8,8.89,3405,0
20140915,8.77,8.87,8.75,8.86,1959,0
20140916,8.8,8.85,8.71,8.85,30658,0
20140917,8.85,8.9,8.85,8.9,203,0
20140918,8.85,9.09,8.75,9.09,4505,0
20140919,9,9.12,8.8,9.12,932,0
20140922,9,9.2,9,9.19,667,0
20140923,9.18,9.19,9.02,9.19,744,0
20140924,9.19,9.19,8.87,9.18,1751,0
20140925,9.17,9.26,9,9.18,17573,0
20140926,9.29,9.29,9.05,9.2,858,0
20140929,9.23,9.25,9.23,9.24,327,0
20140930,9.24,9.28,9.08,9.19,52913,0
20141001,9.2,9.22,9.02,9.18,7144,0
20141002,9.15,9.29,9.01,9.28,863,0
20141003,9.29,9.29,9.28,9.28,1021,0
20141006,9.29,9.29,9.29,9.29,44,0
20141007,9.29,9.29,9.15,9.28,473,0
20141008,9.2,9.28,9.15,9.28,667,0
20141009,9.28,9.28,9.05,9.27,878,0
20141010,9.26,9.26,9.2,9.26,262,0
20141013,9.2,9.26,9.07,9.2,2301,0
20141014,9.25,9.25,9.1,9.18,3720,0
20141015,9.09,9.15,9.05,9.15,1049,0
20141016,9.24,9.24,9.14,9.15,1789,0
20141017,9.15,9.15,9.05,9.14,1140,0
20141020,9.1,9.2,9.1,9.17,30528,0
20141021,9.25,9.25,9.1,9.19,383,0
20141022,9.22,9.25,9.1,9.25,21111,0
20141023,9.25,9.26,9.1,9.26,9889,0
20141024,9.25,9.25,9.25,9.25,12,0
20141027,9.2,9.2,9.1,9.2,55502,0
20141028,9.24,9.26,9.24,9.26,1195,0
20141029,9.23,9.23,8.91,9.09,23831,0
20141030,9.26,9.26,8.95,9.01,24495,0
20141031,8.95,9.25,8.95,9.15,18321,0
20141103,9.13,9.13,9.13,9.13,10,0
20141104,9.13,9.24,8.95,9.23,3574,0
20141105,9.13,9.24,9.13,9.24,308,0
20141106,9,9.48,9,9.45,12024,0
20141107,9.48,9.48,9.48,9.48,15,0
20141110,9.35,9.45,9.35,9.44,771,0
20141112,9.4,9.44,9.4,9.4,1551,0
20141113,9.4,9.4,9.39,9.39,168,0
20141114,9.4,9.4,9.25,9.25,1618,0
20141117,9.39,9.39,9.09,9.2,571,0
20141118,9.36,9.37,9.25,9.37,124,0
20141119,9.25,9.37,9.25,9.35,381,0
20141120,9.35,9.35,9.2,9.29,46,0
20141121,9.3,9.3,9.07,9.07,1862,0
20141124,9.2,9.3,9.1,9.3,399,0
20141125,9.2,9.2,9.2,9.2,200,0
20141126,9.1,9.29,9,9,14659,0
20141127,9.1,9.36,9.01,9.36,2241,0
20141128,9.3,9.37,9.3,9.36,3460,0
20141201,9.35,9.35,9.13,9.2,43939,0
20141202,9.19,9.36,9.18,9.35,17364,0
20141203,9.35,9.35,9.25,9.29,5147,0
20141204,9.29,9.29,9.14,9.2,208536,0
20141205,9.06,9.3,9.06,9.3,33322,0
20141208,9.29,9.29,9.2,9.29,2067,0
20141209,9.19,9.28,9.15,9.28,5278,0
20141210,9.15,9.28,9.15,9.28,351,0
20141211,9.2,9.28,9.16,9.28,3822,0
20141212,9.27,9.27,9.25,9.27,1140,0
20141215,9.25,9.25,9.17,9.2,120038,0
20141216,9.17,9.17,9.05,9.17,28375,0
20141217,9.12,9.26,9.12,9.26,2350,0
20141218,9.12,9.24,9.1,9.22,1571,0
20141219,9.21,9.21,9.12,9.18,9275,0
20141222,9.11,9.19,9.11,9.16,5716,0
20141223,9.1,9.23,9.1,9.14,13975,0
20141229,9.14,9.23,9.14,9.23,1104,0
20141230,9.15,9.25,9.15,9.25,1088,0
20150102,9.2,9.25,9.2,9.25,1072,0
20150105,9.27,9.43,9.24,9.43,1559,0
20150107,9.16,9.4,9.16,9.39,515,0
20150108,9.37,9.37,9.16,9.37,2295,0
20150109,9.35,9.35,9.22,9.3,3207,0
20150112,9.3,9.3,9.16,9.23,2754,0
20150113,9.23,9.25,9.1,9.24,74241,0
20150114,9.12,9.2,9.05,9.19,9379,0
20150115,9.2,9.2,9.1,9.18,69733,0
20150116,9.12,9.19,8.79,8.8,207733,0
20150119,8.98,9.08,8.83,9.08,8292,0
20150120,9.08,9.29,9.02,9.1,129569,0
20150121,9.12,9.16,9,9,232624,0
20150122,9,9.19,9,9.1,117048,0
20150123,9.1,9.19,9,9.1,8284,0
20150126,9.1,9.13,9.1,9.11,3387,0
20150127,9.15,9.19,9.13,9.18,677,0
20150128,9.2,9.23,9.12,9.12,20778,0
20150129,9.1,9.1,9.04,9.1,2863,0
20150130,9.1,9.19,9.1,9.19,2118,0
20150202,9.24,9.6,9.21,9.31,234740,0
20150203,9.4,9.5,9.4,9.42,922,0
20150204,9.42,9.48,9.36,9.44,3665,0
20150205,9.42,9.51,9.42,9.5,12598,0
20150206,9.45,9.5,9.45,9.5,35229,0
20150209,9.5,9.59,9.5,9.52,9244,0
20150210,9.59,9.7,9.5,9.6,536653,0
20150211,9.59,9.64,9.54,9.62,6829,0
20150212,9.62,9.65,9.62,9.65,3625,0
20150213,9.65,9.94,9.65,9.94,334643,0
20150216,9.97,9.98,9.81,9.9,12568,0
20150217,9.85,9.86,9.75,9.79,10506,0
20150218,9.79,9.89,9.68,9.85,26228,0
20150219,9.88,9.97,9.88,9.88,5086,0
20150220,9.86,9.94,9.8,9.88,1029703,0
20150223,9.92,9.92,9.87,9.9,3379,0
20150224,9.95,9.97,9.9,9.94,38699,0
20150225,9.97,10.2,9.9,10.18,120936,0
20150226,10.14,10.33,10.08,10.25,106616,0
20150227,10.27,10.65,10.24,10.6,103319,0
20150302,10.65,11.03,10.64,10.64,117163,0
20150303,10.68,10.76,10.64,10.64,59261,0
20150304,10.64,10.85,10.49,10.85,475831,0
20150305,10.85,10.85,10.75,10.75,36908,0
20150306,10.75,10.8,10.6,10.6,8574,0
20150309,10.6,10.7,10.25,10.4,13989,0
20150310,10.43,10.48,10.29,10.29,415854,0
20150311,10.32,10.32,10.19,10.3,15289,0
20150312,10.3,10.5,10.25,10.5,210838,0
20150313,10.5,10.65,10.44,10.44,17830,0
20150316,10.54,10.89,10.5,10.85,82798,0
20150317,10.89,10.89,10.77,10.8,14673,0
20150318,10.71,10.88,10.71,10.86,43317,0
20150319,10.88,11.13,10.85,11.1,68615,0
20150320,11.11,11.15,11.02,11.1,65555,0
20150323,11.12,11.65,11.12,11.3,168673,0
20150324,11.32,11.58,11.2,11.29,22391,0
20150325,11.27,11.48,11.15,11.35,19137,0
20150326,11.35,11.44,11.34,11.35,11047,0
20150327,11.22,11.25,11.16,11.21,6003,0
20150330,11.15,11.25,11.05,11.25,2647,0
20150331,11.11,11.29,11.1,11.1,9494,0
20150401,11.39,11.39,10.76,11,9473,0
20150402,11,11.2,10.92,11.09,3854,0
20150407,11.09,11.3,11.09,11.3,70134,0
20150408,11.25,11.4,11.16,11.34,19923,0
20150409,11.44,11.6,11.4,11.5,51456,0
20150410,11.51,11.69,11.5,11.68,27319,0
20150413,11.71,11.71,11.55,11.7,26847,0
20150414,11.7,11.7,11.41,11.6,21990,0
20150415,11.6,11.64,11.5,11.64,38474,0
20150416,11.7,11.71,11.5,11.55,23604,0
20150417,11.55,11.8,11.4,11.4,22073,0
20150420,11.49,12.09,11.49,11.95,41436,0
20150421,11.97,12.22,11.95,12,20942,0
20150422,12,12.17,11.7,11.85,10081,0
20150423,11.91,11.95,11.8,11.85,7305,0
20150424,11.9,12.28,11.82,12.28,58379,0
20150427,12.33,12.46,12.17,12.43,69115,0
20150428,12.47,12.48,12.3,12.4,7869,0
20150429,12.35,12.4,11.35,12.4,169130,0
20150430,12.4,12.4,11.93,12.18,66237,0
20150504,12.19,12.45,12.19,12.41,17960,0
20150505,12.38,12.78,12.13,12.74,64111,0
20150506,12.72,12.72,12.5,12.62,41646,0
20150507,12.7,12.74,12.61,12.7,24426,0
20150508,12.7,12.7,12.65,12.7,38096,0
20150511,12.65,12.89,12.65,12.87,17241,0
20150512,12.88,12.88,12.78,12.8,17509,0
20150513,12.87,12.87,12.33,12.47,15968,0
20150514,12.16,12.48,12.16,12.47,3261,0
20150515,12.35,12.53,12.35,12.45,25552,0
20150518,12.33,12.33,11.44,12.14,32219,0
20150519,12.01,12.1,11.82,12,51243,0
20150520,11.9,12.2,11.9,12.18,5406,0
20150521,12.19,12.19,12,12.15,12818,0
20150522,12.19,12.2,12.18,12.19,1184,0
20150525,12.1,12.11,12,12,42206,0
20150526,12,12.09,11.84,12,7753,0
20150527,11.95,11.95,11.85,11.86,26310,0
20150528,11.89,11.9,11.87,11.9,895,0
20150529,11.9,12,11.85,12,23235,0
20150601,11.91,12.14,11.91,12.05,16573,0
20150602,12.05,12.05,11.92,11.94,2809,0
20150603,11.92,12.2,11.92,12.2,6228,0
20150605,12.15,12.15,11.9,11.9,6660,0
20150608,11.85,11.9,11.64,11.9,16386,0
20150609,11.7,11.74,11.62,11.72,23684,0
20150610,11.75,11.8,11.55,11.72,8187,0
20150611,11.53,11.72,11.53,11.72,3747,0
20150612,11.73,11.73,11.43,11.72,15639,0
20150615,11.4,11.65,11.4,11.45,9114,0
20150616,11.36,11.37,11.15,11.37,23062,0
20150617,11.2,11.26,11.01,11.26,20576,0
20150618,11.04,11.2,11.02,11.2,8680,0
20150619,11.1,11.32,11.1,11.21,3210,0
20150622,11.03,11.37,11.03,11.37,4924,0
20150623,11.35,11.36,11.35,11.36,140,0
20150624,11.49,12.04,11.49,11.67,20896,0
20150625,11.67,11.85,11.62,11.83,4327,0
20150626,11.8,11.8,11.8,11.8,820,0
20150629,10.83,11.43,10.81,11.43,42990,0
20150630,11.3,11.4,11.13,11.4,8087,0
20150701,11.5,11.5,11.31,11.39,4218,0
20150702,11.35,11.43,11.25,11.4,38787,0
20150703,11.35,11.39,11.28,11.33,4441,0
20150706,11.08,11.17,10.82,11.17,4358,0
20150707,11.06,11.06,10.76,10.79,26683,0
20150708,10.94,10.94,10.58,10.64,4621,0
20150709,10.7,10.7,10.03,10.3,56461,0
20150710,10.51,10.64,10.5,10.63,2977,0
20150713,10.64,11.28,10.64,11.11,40142,0
20150714,11.11,11.11,10.88,10.88,1799,0
20150715,10.9,11.07,10.7,10.7,5967,0
20150716,11.04,11.2,10.88,11.19,31550,0
20150717,11.2,11.4,10.99,11,9064,0
20150720,11.19,11.19,10.99,11.03,3222,0
20150721,11.14,11.27,11.02,11.15,1658,0
20150722,11.02,11.04,10.91,11.04,5872,0
20150723,11.02,11.26,10.99,11.26,6026,0
20150724,11.25,11.36,10.88,11.35,4855,0
20150727,11.04,11.2,11,11,34551,0
20150728,11.05,11.3,11.05,11.19,39756,0
20150729,11.06,11.1,11.03,11.1,1408,0
20150730,11.06,11.06,11,11,40354,0
20150803,10.89,11,10.85,11,5745,0
20150804,10.88,10.9,10.7,10.9,23418,0
20150805,10.7,10.8,10.7,10.8,7536,0
20150806,10.75,10.75,10.52,10.69,3165,0
20150807,10.43,10.61,10.4,10.6,7250,0
20150810,10.49,10.68,10.49,10.6,80455,0
20150811,10.65,10.68,10.51,10.6,2048,0
20150812,10.57,10.57,10.56,10.57,484,0
20150813,10.6,10.68,10.6,10.68,28185,0
20150814,10.68,10.68,10.6,10.68,513,0
20150817,10.6,10.68,10.6,10.6,17107,0
20150818,10.51,10.69,10.5,10.69,12371,0
20150819,10.65,10.74,10.6,10.74,1422,0
20150820,10.8,10.8,10.6,10.7,26039,0
20150821,10.7,10.7,10.5,10.6,3797,0
20150824,10.4,10.4,9.23,9.75,32686,0
20150825,9.31,9.68,9.31,9.42,4030,0
20150826,9.49,9.6,9.49,9.6,7151,0
20150827,9.72,9.72,9.61,9.7,19147,0
20150828,9.75,9.99,9.73,9.98,22564,0
20150831,10,10.11,10,10,4945,0
20150901,9.99,9.99,9.82,9.98,2975,0
20150902,9.83,9.9,9.78,9.78,278,0
20150903,9.8,10.1,9.8,10,2610,0
20150904,9.84,9.99,9.84,9.99,3706,0
20150907,9.95,10,9.95,10,999,0
20150908,10.1,10.1,9.95,10,5005,0
20150909,10.1,10.29,10.1,10.2,20783,0
20150910,10.15,10.17,10.15,10.17,4774,0
20150911,10.17,10.28,10.16,10.16,31456,0
20150914,10.75,11.45,10.75,11.19,91553,0
20150915,11.38,11.8,11.38,11.59,35062,0
20150916,11.58,11.58,11.05,11.18,19955,0
20150917,11.1,11.1,10.82,10.98,8070,0
20150918,10.98,10.98,10.85,10.95,3984,0
20150921,10.95,10.98,10.87,10.98,1692,0
20150922,11,11.42,10.54,10.94,51145,0
20150923,10.88,10.9,10.75,10.89,8147,0
20150924,10.91,10.93,10.64,10.93,1040,0
20150925,10.85,10.92,10.85,10.91,820,0
20150928,10.67,10.77,10.63,10.75,4982,0
20150929,10.71,10.9,10.62,10.9,7338,0
20150930,10.86,10.9,10.67,10.9,2915,0
20151001,10.85,10.87,10.2,10.48,19018,0
20151002,10.35,10.48,10.22,10.4,1947,0
20151005,10.27,10.39,10.27,10.39,2709,0
20151006,10.31,10.39,10.22,10.39,3218,0
20151007,10.38,10.7,10.27,10.68,13508,0
20151008,10.69,10.69,10.58,10.6,1581,0
20151009,10.62,10.89,10.58,10.81,15331,0
20151012,10.66,10.9,10.66,10.9,10841,0
20151013,10.9,10.9,10.75,10.8,2069,0
20151014,10.8,10.87,10.64,10.69,22197,0
20151015,10.89,10.89,10.55,10.88,1735,0
20151016,10.9,10.95,10.76,10.76,3068,0
20151019,10.72,10.8,10.72,10.75,291,0
20151020,10.7,10.7,10.55,10.56,4175,0
20151021,10.56,10.7,10.56,10.7,1660,0
20151022,10.62,11.2,10.62,11.15,23203,0
20151023,11.05,11.15,10.98,11,26814,0
20151026,11,11.17,11,11.15,8962,0
20151027,11.15,11.35,11.15,11.2,8672,0
20151028,11.21,11.28,11.2,11.21,5343,0
20151029,11.2,11.21,11,11.2,25619,0
20151030,11.2,11.28,11.03,11.27,11890,0
20151102,11.06,11.23,11.06,11.17,4393,0
20151103,11.3,11.33,11.05,11.05,54948,0
20151104,10.91,11.1,10.91,11.05,4460,0
20151105,11.12,11.12,10.88,11.09,6090,0
20151106,10.92,11.08,10.9,10.91,7540,0
20151109,10.93,11.1,10.92,10.94,1724,0
20151110,10.95,12,10.95,11.4,35576,0
20151112,11.52,11.92,11.06,11.08,13999,0
20151113,11.34,11.34,10.95,10.95,2400,0
20151116,10.91,10.91,10.45,10.7,120298,0
20151117,10.7,10.94,10.7,10.88,5555,0
20151118,10.88,10.99,10.88,10.99,1850,0
20151119,10.9,10.9,10.71,10.74,5854,0
20151120,10.71,10.8,10.6,10.66,13680,0
20151123,10.66,10.66,10.5,10.52,14005,0
20151124,10.52,10.52,10.29,10.31,16405,0
20151125,10.3,10.49,10.3,10.49,3750,0
20151126,10.49,10.78,10.49,10.78,4731,0
20151127,11.2,11.2,10.6,10.6,1101,0
20151130,10.6,10.99,10.6,10.99,2114,0
20151201,10.98,10.98,10.61,10.62,2183,0
20151202,10.63,10.63,10.59,10.6,7560,0
20151203,10.52,10.61,10.52,10.61,16060,0
20151204,10.96,10.96,10.44,10.8,2250,0
20151208,10.78,10.86,10.62,10.62,15088,0
20151209,10.47,10.47,10.42,10.42,1136,0
20151210,10,10.57,9.1,10.57,12835,0
20151211,10.7,10.7,10.2,10.3,37634,0
20151214,10.01,10.3,10,10.25,46302,0
20151217,10.24,10.25,10.2,10.2,1390,0
20151218,10.25,10.49,10.25,10.49,877,0
20151221,10.39,10.39,9.37,10.13,12625,0
20151222,10.1,10.6,9.83,10.3,4269,0
20151223,10.45,10.6,10.3,10.6,258064,0
20151228,10.59,10.6,10.32,10.6,3048,0
20151229,10.59,11.08,10.51,11.08,22466,0
20151230,11,11.4,11,11.4,23628,0
20160104,11.02,11.15,10.95,11,521,0
20160105,10.95,11.19,10.9,10.95,542,0
20160107,10.5,10.7,10.19,10.19,41587,0
20160108,10.22,10.47,10.02,10.08,6845,0
20160111,10.01,10.45,10,10,17334,0
20160112,10.3,10.3,10,10.03,102522,0
20160113,10.06,10.06,10,10,245825,0
20160114,10,10,9.72,9.79,8619,0
20160115,9.75,10.28,9.75,10.28,461,0
20160118,9.84,9.96,9.81,9.9,5176,0
20160119,10.15,10.15,9.9,10.15,173,0
20160120,9.99,9.99,9.2,9.82,14463,0
20160121,9.81,9.91,9.69,9.8,2068,0
20160122,9.9,9.9,9.8,9.8,1121,0
20160125,9.97,9.97,9.8,9.97,401,0
20160127,9.71,9.71,9.67,9.67,21600,0
20160128,9.89,10.25,9.7,10.01,13315,0
20160129,9.82,9.95,9.82,9.95,15339,0
20160201,9.86,9.9,9.81,9.81,2781,0
20160202,9.85,9.85,9.85,9.85,6576,0
20160203,9.76,9.77,9.76,9.77,221,0
20160204,9.8,9.88,9.78,9.83,68888,0
20160205,9.83,9.83,9.83,9.83,12863,0
20160208,9.83,9.9,9.81,9.9,73849,0
20160209,9.96,10.22,9.95,10.22,2313,0
20160210,10.01,10.19,10,10.19,12647,0
20160211,10.18,10.18,10.03,10.15,6079,0
20160212,10.07,10.2,10.02,10.19,15601,0
20160215,10.18,10.19,10,10.19,26662,0
20160216,10.01,10.16,10.01,10.16,3243,0
20160217,10.02,10.16,10.02,10.09,24317,0
20160218,10.03,10.29,10.03,10.29,506,0
20160219,10.2,10.4,10.2,10.4,7685,0
20160222,10.53,10.91,10.53,10.91,4686,0
20160223,10.99,10.99,10.4,10.96,1103,0
20160225,10.94,10.99,10.8,10.9,32465,0
20160226,10.95,11.17,10.9,11.14,5793,0
20160229,11.17,11.4,11.07,11.18,103935,0
20160301,11.37,11.37,11.01,11.3,12917,0
20160302,11.38,11.5,11.23,11.4,38912,0
20160303,11.4,11.51,11.4,11.5,1789,0
20160304,11.5,11.59,11.42,11.59,10889,0
20160307,11.6,11.77,11.5,11.66,48509,0
20160308,11.68,11.95,11.62,11.77,193678,0
20160309,11.77,11.77,11.62,11.65,458,0
20160310,11.65,11.74,11.61,11.62,3488,0
20160311,11.62,11.8,11.62,11.8,1973,0
20160314,11.9,11.99,11.8,11.99,26511,0
20160315,11.86,12,11.8,12,22590,0
20160316,11.83,11.9,11.83,11.83,1662,0
20160317,11.83,11.9,11.83,11.9,995,0
20160318,12.4,12.49,12.09,12.3,33680,0
20160321,12.1,12.55,12.1,12.2,14251,0
20160322,12.1,12.15,11.98,12.1,2490,0
20160323,12.2,12.25,11.8,12.16,12469,0
20160324,12.17,12.17,12,12,3628,0
20160329,12,12.39,11.86,12.39,3866,0
20160330,12.4,12.6,12.23,12.5,34585,0
20160331,12.25,12.6,12.25,12.6,12701,0
20160401,12.6,12.8,12.15,12.8,20393,0
20160404,12.87,13.2,12.79,13.2,18076,0
20160405,13.1,13.4,13.01,13.2,8002,0
20160406,13.2,13.3,13.05,13.3,68581,0
20160407,13.4,13.76,13.35,13.65,30849,0
20160408,13.59,13.65,13.41,13.41,5578,0
20160411,13.3,13.65,13.29,13.58,55272,0
20160412,13.65,13.65,13.57,13.57,8662,0
20160413,13.65,13.65,13.56,13.56,3677,0
20160414,13.6,13.6,13.42,13.54,8448,0
20160415,13.54,13.57,13.32,13.55,8939,0
20160418,13.6,13.7,13.6,13.63,40753,0
20160419,13.61,13.69,13.61,13.68,3306,0
20160420,13.66,13.66,13.5,13.53,7657,0
20160421,13.53,13.65,13.53,13.61,7200,0
20160422,13.65,13.69,13.6,13.69,20875,0
20160425,13.67,14.25,13.67,13.96,39558,0
20160426,13.99,14.25,13.99,14.08,26915,0
20160427,14.11,14.24,13.95,14.1,30203,0
20160428,14.1,14.2,14,14.1,6471,0
20160429,14.18,14.28,14.1,14.23,77484,0
20160502,14.3,14.4,14.2,14.4,1329,0
20160504,14.4,14.49,14.35,14.44,9859,0
20160505,14.4,14.4,13.78,14.1,76048,0
20160506,13.95,14.47,13.8,13.82,20233,0
20160509,13.99,13.99,13.6,13.6,58856,0
20160510,13.56,13.6,13.32,13.42,33973,0
20160511,13.27,13.55,13.27,13.55,6414,0
20160512,13.88,13.88,13.8,13.86,743,0
20160513,13.85,14.3,13.85,14.3,9784,0
20160516,14.25,14.25,13.9,14.15,6578,0
20160517,14.15,14.17,14,14.17,5998,0
20160518,14.17,14.17,14,14,23676,0
20160519,14.03,14.09,13.87,13.87,946,0
20160520,13.96,13.96,13.96,13.96,215,0
20160523,13.95,14,13.95,13.99,2758,0
20160524,13.75,13.99,13.75,13.99,1528,0
20160525,13.99,14.5,13.99,14.41,30173,0
20160527,14.4,14.7,14.4,14.45,18662,0
20160530,14.45,14.75,14.45,14.69,123694,0
20160531,14.75,14.8,14.55,14.74,56720,0
20160601,14.74,14.74,14.17,14.4,12909,0
20160602,14.4,14.4,14.03,14.3,10291,0
20160603,14.4,14.65,14.4,14.62,28836,0
20160606,14.82,15,14.6,14.73,82945,0
20160607,14.99,14.99,14.7,14.89,24705,0
20160608,14.76,14.94,14.76,14.82,2437,0
20160609,14.85,14.86,14.7,14.77,36274,0
20160610,14.69,14.69,14.3,14.3,4757,0
20160613,14.3,14.31,14,14.14,21278,0
20160614,14.09,14.14,13.84,14.1,8454,0
20160615,14.1,14.3,14.1,14.27,27278,0
20160616,14.16,14.17,13.43,13.54,7291,0
20160617,13.53,14.15,13.53,14,5053,0
20160620,14,14.27,14,14,3901,0
20160621,14.01,14.39,14.01,14.39,2869,0
20160622,14.37,14.37,14.12,14.23,836,0
20160623,14.38,14.38,14.02,14.3,1623,0
20160624,13.02,13.77,12.55,13.7,54761,0
20160627,13.8,13.8,13.43,13.5,5275,0
20160628,13.5,13.88,13.28,13.4,13963,0
20160629,13.4,13.98,13.4,13.98,9376,0
20160630,14.44,14.44,13.99,14.1,41623,0
20160701,14.15,14.2,14.11,14.2,491,0
20160704,13.9,14.08,13.85,14.06,2374,0
20160705,13.98,14.01,13.94,13.94,1568,0
20160706,13.93,13.99,13.85,13.94,8114,0
20160707,14,14,13.85,13.9,4742,0
20160708,13.87,14,13.87,14,5200,0
20160711,14.07,14.07,13.87,14,6300,0
20160712,13.9,14.82,13.9,14.82,2973,0
20160713,14.83,14.83,14.2,14.3,594,0
20160714,14.79,14.79,14.1,14.5,10533,0
20160715,14.5,14.69,14.21,14.49,2911,0
20160718,14.69,14.69,14.42,14.46,5215,0
20160719,14.46,14.68,14.4,14.41,2110,0
20160720,14.48,14.69,14.48,14.68,4898,0
20160721,14.69,14.7,14.55,14.6,14890,0
20160722,14.6,14.77,14.6,14.77,2188,0
20160725,14.77,14.85,14.77,14.85,5470,0
20160726,14.97,15.95,14.95,15.7,157555,0
20160727,15.85,15.85,15.42,15.42,2425,0
20160728,15.51,15.67,15.51,15.59,1768,0
20160729,15.7,15.7,15.15,15.45,11231,0
20160801,15.45,15.48,15.08,15.08,44773,0
20160802,15.15,15.5,15.11,15.5,3232,0
20160803,15.45,15.46,15.1,15.39,3067,0
20160804,15.14,15.22,15.12,15.22,2232,0
20160805,15.33,15.35,15.23,15.35,14657,0
20160808,15.25,15.65,15.25,15.45,17973,0
20160809,15.44,15.44,15.35,15.4,35456,0
20160810,15.27,15.4,15.25,15.25,29311,0
20160811,15.32,15.32,15.05,15.05,8038,0
20160812,15.03,15.03,14.54,14.7,22888,0
20160816,14.69,14.89,14.55,14.68,5440,0
20160817,14.55,14.71,14.34,14.5,33932,0
20160818,14.41,14.5,14.41,14.47,2974,0
20160819,14.59,14.59,14.4,14.48,13547,0
20160822,14.49,14.87,14.49,14.87,1889,0
20160823,14.53,14.78,14.53,14.77,8791,0
20160824,14.74,14.74,14.6,14.6,3284,0
20160825,14.51,14.79,14.51,14.55,1986,0
20160826,14.51,14.78,14.49,14.78,11671,0
20160829,14.81,15.19,14.81,14.83,35194,0
20160830,14.94,14.94,14.75,14.88,38434,0
20160831,14.94,15.2,14.9,15.1,59430,0
20160901,15.25,15.25,14.94,14.94,5132,0
20160902,15,15.25,15,15.19,15431,0
20160905,15.19,15.2,15.15,15.15,4822,0
20160906,15.34,15.34,15.1,15.24,2155,0
20160907,15.2,15.24,15,15.24,52561,0
20160908,15.22,15.22,15.06,15.2,5733,0
20160909,15.15,15.17,15.13,15.13,1402,0
20160912,15,15.25,15,15.24,43269,0
20160913,15.29,15.29,15.29,15.29,701,0
20160914,15.27,15.35,15.27,15.35,4691,0
20160915,15.34,15.34,15.2,15.25,800,0
20160916,15.15,15.15,15.12,15.12,1820,0
20160919,15.15,15.15,15.12,15.12,4682,0
20160920,15.19,15.19,14.73,15.12,7649,0
20160921,15,15,15,15,2940,0
20160922,14.97,15,14.85,15,9729,0
20160923,14.97,14.97,14.97,14.97,200,0
20160926,14.85,14.96,14.73,14.96,10210,0
20160927,14.81,14.89,14.74,14.89,2161,0
20160928,14.73,14.88,14.73,14.88,1700,0
20160929,14.75,14.9,14.73,14.89,2409,0
20160930,14.7,14.71,14.68,14.7,15110,0
20161003,14.69,14.87,14.69,14.85,2559,0
20161004,14.84,14.95,14.84,14.95,7242,0
20161005,14.78,14.78,14.78,14.78,198,0
20161006,14.79,14.79,14.79,14.79,1126,0
20161007,14.78,14.79,14.75,14.75,3093,0
20161011,14.76,14.94,14.75,14.94,5628,0
20161012,14.85,14.94,14.85,14.9,312,0
20161013,14.81,14.9,14.75,14.9,6995,0
20161014,14.9,14.94,14.76,14.9,2876,0
20161017,15,15.1,15,15.04,40751,0
20161018,15.04,15.1,15.01,15.1,4650,0
20161019,15,15.09,15,15.09,1896,0
20161020,15.1,15.22,15.1,15.22,1000,0
20161021,15.1,15.21,15.1,15.21,1546,0
20161024,15.2,15.22,15.2,15.21,577,0
20161025,15.01,15.19,15.01,15.18,106827,0
20161026,15.21,15.29,15.21,15.29,5362,0
20161027,15.08,15.38,15.08,15.35,6895,0
20161028,15.35,15.35,15.15,15.15,14630,0
20161031,15.11,15.19,15.11,15.19,3320,0
20161102,15,15,14,14.55,59047,0
20161103,14.2,14.3,14.11,14.11,36911,0
20161104,14,15.05,14,15.05,48886,0
20161107,15.4,15.76,15.1,15.68,19823,0
