Date,Open,High,Low,Close,Volume,OpenInt
20080509,2.212,2.4265,2.1093,2.1466,201749,0
20080512,2.1466,2.1466,2.1,2.1,16910,0
20080513,2.1186,2.1279,2.0627,2.0627,16801,0
20080514,2.0906,2.1466,2.0906,2.1466,21121,0
20080515,2.1466,2.212,2.1466,2.1839,22635,0
20080516,2.2212,2.2306,2.2026,2.2026,3472,0
20080519,2.1932,2.1932,2.1932,2.1932,8533,0
20080520,2.1932,2.1932,2.1932,2.1932,3642,0
20080521,2.1932,2.1932,2.1932,2.1932,9405,0
20080523,2.1932,2.1932,2.1652,2.1652,3268,0
20080526,2.2306,2.2306,2.1839,2.1932,4127,0
20080527,2.1932,2.1932,2.1932,2.1932,8572,0
20080528,2.1932,2.212,2.1932,2.2026,6252,0
20080529,2.2026,2.212,2.2026,2.2026,12080,0
20080530,2.1932,2.2026,2.1932,2.2026,10970,0
20080602,2.2026,2.2026,2.2026,2.2026,535,0
20080603,2.2026,2.2212,2.2026,2.2026,4087,0
20080604,2.2026,2.2026,2.1932,2.1932,19328,0
20080605,2.212,2.212,2.1932,2.212,8036,0
20080606,2.212,2.2212,2.1466,2.2212,6359,0
20080609,2.2399,2.2399,2.2399,2.2399,20,0
20080610,2.2493,2.2493,2.2493,2.2493,201,0
20080611,2.2493,2.2493,2.212,2.2212,1225,0
20080612,2.2212,2.2212,2.2212,2.2212,42,0
20080613,2.2306,2.2306,2.2306,2.2306,493,0
20080616,2.2306,2.2493,2.2306,2.2399,633,0
20080617,2.2399,2.2399,2.2306,2.2306,907,0
20080618,2.2306,2.2306,2.2306,2.2306,1032,0
20080619,2.212,2.212,2.212,2.212,5900,0
20080620,2.212,2.212,2.212,2.212,10,0
20080623,2.212,2.212,2.212,2.212,4396,0
20080624,2.212,2.212,2.212,2.212,225,0
20080625,2.212,2.212,2.212,2.212,10,0
20080626,2.212,2.212,2.212,2.212,1071,0
20080627,2.212,2.212,2.212,2.212,118,0
20080630,2.212,2.2493,2.212,2.2493,3519,0
20080701,2.2493,2.2586,2.2493,2.2586,4541,0
20080702,2.2773,2.3426,2.2773,2.3426,12506,0
20080703,2.3426,2.3426,2.2865,2.2865,1177,0
20080704,2.2865,2.2865,2.2212,2.2212,3750,0
20080708,2.2306,2.2306,2.212,2.212,4462,0
20080709,2.2679,2.2679,2.2679,2.2679,535,0
20080710,2.3333,2.3333,2.212,2.212,1177,0
20080715,2.3799,2.3799,2.3799,2.3799,108,0
20080717,2.3613,2.3613,2.3613,2.3613,64,0
20080718,2.3613,2.3613,2.3613,2.3613,696,0
20080721,2.3519,2.3519,2.2399,2.2399,887,0
20080723,2.2399,2.3239,2.2399,2.3239,6371,0
20080724,2.3706,2.3799,2.3613,2.3613,2917,0
20080725,2.3333,2.3613,2.2865,2.3613,4160,0
20080728,2.3706,2.3706,2.2773,2.2773,7499,0
20080729,2.2773,2.2773,2.2773,2.2773,1618,0
20080730,2.2865,2.2865,2.2865,2.2865,10,0
20080801,2.3426,2.3426,2.3426,2.3426,15,0
20080804,2.3426,2.3426,2.3426,2.3426,860,0
20080805,2.3519,2.3519,2.3519,2.3519,653,0
20080806,2.3519,2.3519,2.3519,2.3519,21,0
20080807,2.3519,2.3519,2.3519,2.3519,10,0
20080808,2.3613,2.3613,2.3613,2.3613,10,0
20080811,2.3706,2.3706,2.3333,2.3333,359,0
20080812,2.3706,2.3799,2.2679,2.3799,964,0
20080813,2.3799,2.3799,2.3799,2.3799,220,0
20080814,2.3799,2.3799,2.3799,2.3799,10,0
20080818,2.3799,2.3799,2.3799,2.3799,10,0
20080819,2.3706,2.3706,2.2773,2.2773,706,0
20080820,2.2399,2.3239,2.2399,2.2865,7800,0
20080821,2.2865,2.2865,2.2865,2.2865,10,0
20080822,2.3239,2.3239,2.3239,2.3239,398,0
20080825,2.3333,2.3333,2.3333,2.3333,426,0
20080826,2.3613,2.3799,2.3613,2.3799,1278,0
20080827,2.3706,2.3706,2.3706,2.3706,673,0
20080828,2.3799,2.3799,2.3799,2.3799,10,0
20080829,2.3799,2.3799,2.3799,2.3799,709,0
20080901,2.3799,2.3799,2.3799,2.3799,72,0
20080902,2.3799,2.3799,2.3799,2.3799,51,0
20080903,2.3799,2.3799,2.3799,2.3799,41,0
20080904,2.3799,2.3799,2.1466,2.3333,5253,0
20080905,2.3426,2.3426,2.3239,2.3239,3412,0
20080908,2.2026,2.3239,2.2026,2.3239,3238,0
20080909,2.3333,2.3333,2.3239,2.3239,3424,0
20080910,2.3333,2.3333,2.3333,2.3333,6,0
20080911,2.3239,2.3239,2.3239,2.3239,10,0
20080912,2.3239,2.3239,2.3239,2.3239,171,0
20080915,2.3239,2.3239,2.2212,2.2865,4904,0
20080916,2.2865,2.2865,2.2865,2.2865,108,0
20080917,2.2865,2.2865,2.2865,2.2865,12906,0
20080918,2.2865,2.2865,2.2865,2.2865,1503,0
20080919,2.2865,2.2865,2.2865,2.2865,643,0
20080922,2.2865,2.2865,2.2865,2.2865,321,0
20080923,2.2865,2.2865,2.2865,2.2865,225,0
20080924,2.2865,2.2865,2.2865,2.2865,4924,0
20080925,2.2399,2.2865,2.2399,2.2865,418,0
20080926,2.2865,2.2865,2.2865,2.2865,3187,0
20080929,2.2865,2.3333,2.2865,2.3333,2164,0
20080930,2.3333,2.3333,2.3333,2.3333,666,0
20081001,2.3146,2.3146,2.2865,2.2865,2645,0
20081002,2.2865,2.2865,2.2865,2.2865,7180,0
20081003,2.2865,2.2865,2.2865,2.2865,313,0
20081006,2.3333,2.3706,2.3333,2.3706,2395,0
20081007,2.2865,2.3706,2.2865,2.2865,1916,0
20081008,2.2865,2.2865,2.2865,2.2865,3760,0
20081009,2.2865,2.2865,2.2865,2.2865,10,0
20081010,2.2865,2.2865,2.2865,2.2865,22503,0
20081013,2.2865,2.3799,2.2865,2.3799,524,0
20081014,2.3799,2.3799,2.3799,2.3799,652,0
20081015,2.3799,2.3799,2.3799,2.3799,160,0
20081016,2.3799,2.3799,2.2865,2.2865,2883,0
20081017,2.2865,2.2865,2.2865,2.2865,32156,0
20081020,2.2865,2.3053,2.2865,2.3053,730,0
20081021,2.3053,2.3053,2.3053,2.3053,10,0
20081022,2.2865,2.3146,2.2865,2.2865,8345,0
20081023,2.2865,2.2865,2.2865,2.2865,1240,0
20081024,2.2865,2.2865,2.2865,2.2865,48080,0
20081027,2.2865,2.2865,2.2865,2.2865,118,0
20081028,2.2865,2.2865,2.2865,2.2865,10,0
20081029,2.2865,2.2865,2.1466,2.2865,17477,0
20081030,2.2865,2.2865,2.2865,2.2865,10,0
20081031,2.2865,2.2865,2.2865,2.2865,10,0
20081103,2.1932,2.1932,2.1932,2.1932,119,0
20081104,2.1932,2.2865,2.1932,2.2865,21,0
20081105,2.1466,2.2865,2.1466,2.2865,405,0
20081106,2.2865,2.3333,2.2865,2.3333,2078,0
20081107,2.3333,2.3333,2.3333,2.3333,246,0
20081110,2.3333,2.3333,2.3333,2.3333,247,0
20081112,2.3333,2.3333,2.3333,2.3333,5,0
20081113,2.3426,2.3426,2.3426,2.3426,108,0
20081114,2.3426,2.3426,2.3426,2.3426,401,0
20081117,2.3426,2.3426,2.2865,2.2865,11819,0
20081118,2.2865,2.2865,2.2865,2.2865,10,0
20081119,2.2865,2.3333,2.2865,2.3333,118,0
20081120,2.3333,2.3333,2.3333,2.3333,10,0
20081121,2.3333,2.3333,2.3333,2.3333,10,0
20081124,2.3333,2.3333,2.2865,2.2865,3125,0
20081125,2.2865,2.2865,2.2865,2.2865,215,0
20081126,2.2865,2.2865,2.2865,2.2865,71,0
20081127,2.3333,2.3333,2.2865,2.2865,6332,0
20081128,2.2865,2.2865,2.2865,2.2865,10,0
20081201,2.2865,2.2865,2.2865,2.2865,41,0
20081202,2.2865,2.2865,2.2865,2.2865,292,0
20081203,2.2865,2.2865,2.2865,2.2865,31,0
20081204,2.2865,2.2865,2.2865,2.2865,30,0
20081205,2.2865,2.2865,2.2865,2.2865,21,0
20081208,2.3239,2.3239,2.3239,2.3239,21,0
20081209,2.3239,2.3239,2.2399,2.2865,375,0
20081210,2.2865,2.2865,2.2865,2.2865,87,0
20081211,2.2865,2.3239,2.2865,2.3239,48,0
20081212,2.2865,2.2865,2.2865,2.2865,31,0
20081215,2.2865,2.2865,2.2865,2.2865,51,0
20081216,2.3239,2.3239,2.3239,2.3239,10,0
20081217,2.3239,2.3239,2.3239,2.3239,5,0
20081218,2.3239,2.3239,2.3239,2.3239,10,0
20081219,2.1746,2.2865,2.1746,2.2865,418,0
20081222,2.2865,2.2865,2.2865,2.2865,817,0
20081223,2.2865,2.2865,2.2865,2.2865,5,0
20081229,2.3239,2.3239,2.3239,2.3239,10,0
20081230,2.3239,2.3239,2.3239,2.3239,118,0
20081231,2.3239,2.3239,2.3239,2.3239,10,0
20090105,2.2865,2.2865,2.2865,2.2865,5,0
20090106,2.2865,2.2865,2.2865,2.2865,21,0
20090107,2.2865,2.2865,2.2865,2.2865,31,0
20090108,2.3333,2.3333,2.3333,2.3333,10,0
20090109,2.2865,2.2865,2.2865,2.2865,31,0
20090112,2.3333,2.3333,2.2399,2.2865,696,0
20090113,2.2865,2.2865,2.2865,2.2865,108,0
20090114,2.2865,2.2865,2.2865,2.2865,98,0
20090116,2.1932,2.2865,2.1466,2.2865,1824,0
20090119,2.2865,2.2865,2.2865,2.2865,643,0
20090121,2.2865,2.2865,2.2865,2.2865,108,0
20090123,2.2212,2.2212,2.2212,2.2212,10,0
20090126,2.1932,2.1932,2.1932,2.1932,10,0
20090127,2.2399,2.2399,2.2399,2.2399,21,0
20090128,2.2399,2.3239,2.2399,2.2399,4521,0
20090129,2.2399,2.2399,2.2399,2.2399,10,0
20090202,2.2399,2.2399,2.2399,2.2399,10,0
20090203,2.2399,2.2399,2.2399,2.2399,10,0
20090204,2.2399,2.2399,2.2399,2.2399,10,0
20090205,2.2399,2.2399,2.2399,2.2399,10,0
20090206,2.1932,2.2399,2.1932,2.2399,1126,0
20090209,2.2399,2.2399,2.2399,2.2399,10,0
20090210,2.2399,2.2399,2.2399,2.2399,10,0
20090211,2.2399,2.2399,2.2399,2.2399,10,0
20090212,2.2399,2.2399,2.2399,2.2399,10,0
20090213,2.2399,2.2399,2.2399,2.2399,10,0
20090216,2.2399,2.2399,2.2399,2.2399,60,0
20090217,2.2399,2.2399,2.2399,2.2399,10,0
20090218,2.2399,2.2399,2.2399,2.2399,10,0
20090219,2.2399,2.2399,2.2399,2.2399,10,0
20090220,2.2399,2.2399,2.2399,2.2399,10,0
20090223,2.2399,2.2399,2.2399,2.2399,10,0
20090224,2.2399,2.2399,2.2399,2.2399,10,0
20090225,2.2399,2.2399,2.2399,2.2399,1063,0
20090226,2.2399,2.2399,2.0252,2.2399,2335,0
20090227,2.2399,2.2399,2.2399,2.2399,10,0
20090303,2.2399,2.2399,2.2399,2.2399,31,0
20090305,2.2399,2.2399,2.2399,2.2399,10,0
20090310,2.2865,2.2865,2.2865,2.2865,10,0
20090311,2.2865,2.2865,2.2865,2.2865,10,0
20090312,2.2865,2.2865,2.2865,2.2865,15,0
20090313,2.2865,2.2865,2.2865,2.2865,10,0
20090316,2.2399,2.2399,2.2399,2.2399,10,0
20090317,2.2865,2.2865,2.2865,2.2865,10,0
20090318,2.2865,2.2865,2.2865,2.2865,21,0
20090319,2.2865,2.2865,2.2865,2.2865,10,0
20090320,2.2865,2.2865,2.2865,2.2865,15,0
20090323,2.2865,2.2865,2.2865,2.2865,10,0
20090324,2.2865,2.2865,2.2865,2.2865,537,0
20090325,2.2865,2.2865,2.2399,2.2399,81,0
20090326,2.2399,2.2399,2.2399,2.2399,21,0
20090327,2.2399,2.2399,2.2399,2.2399,21,0
20090330,2.2399,2.2399,2.2399,2.2399,490,0
20090331,2.2865,2.2865,2.2865,2.2865,149,0
20090402,2.1839,2.1839,2.1839,2.1839,108,0
20090403,2.2399,2.2399,2.2399,2.2399,2368,0
20090407,2.3146,2.3146,2.3146,2.3146,147,0
20090408,2.3146,2.3146,2.3146,2.3146,21,0
20090409,2.3333,2.3333,2.3333,2.3333,21,0
20090414,2.4265,2.4265,2.4265,2.4265,21,0
20090415,2.4265,2.4265,2.4265,2.4265,21,0
20090416,2.4265,2.4265,2.4265,2.4265,21,0
20090417,2.4265,2.4265,2.4265,2.4265,26,0
20090420,2.4265,2.4265,2.3799,2.3799,118,0
20090421,2.3799,2.3799,2.3799,2.3799,31,0
20090422,2.3799,2.3799,2.3333,2.3333,21,0
20090423,2.3333,2.3333,2.3333,2.3333,15,0
20090424,2.3333,2.3799,2.3333,2.3799,268,0
20090427,2.3799,2.3799,2.3799,2.3799,21,0
20090428,2.3799,2.3799,2.3239,2.3239,21,0
20090429,2.3239,2.3239,2.2865,2.2865,354,0
20090430,2.2399,2.2399,2.2399,2.2399,282,0
20090504,2.2399,2.2399,2.2399,2.2399,339,0
20090505,2.2399,2.2399,2.2399,2.2399,108,0
20090506,2.2399,2.2399,2.2399,2.2399,108,0
20090507,2.2399,2.2399,2.2399,2.2399,108,0
20090508,2.2399,2.2399,2.2399,2.2399,108,0
20090511,2.2399,2.2399,2.2306,2.2306,108,0
20090512,2.2399,2.2399,2.2399,2.2399,2746,0
20090513,2.2212,2.2399,2.2212,2.2399,108,0
20090514,2.2399,2.2399,2.2399,2.2399,51,0
20090515,2.2399,2.2399,2.2399,2.2399,41,0
20090518,2.2399,2.2399,2.2399,2.2399,129,0
20090519,2.2399,2.2399,2.2399,2.2399,41,0
20090520,2.2399,2.2399,2.2399,2.2399,4285,0
20090521,2.2399,2.2399,2.2399,2.2399,31,0
20090522,2.2399,2.2399,2.2399,2.2399,31,0
20090525,2.2399,2.2399,2.2399,2.2399,64,0
20090526,2.2399,2.2399,2.2399,2.2399,21,0
20090527,2.2399,2.2399,2.2399,2.2399,41,0
20090528,2.2399,2.2399,2.2399,2.2399,41,0
20090529,2.2399,2.2399,2.2399,2.2399,31,0
20090601,2.2399,2.2399,2.2399,2.2399,41,0
20090602,2.2399,2.2399,2.2399,2.2399,41,0
20090603,2.2399,2.2399,2.2399,2.2399,31,0
20090604,2.2399,2.2399,2.2399,2.2399,41,0
20090605,2.2399,2.2399,2.2399,2.2399,545,0
20090608,2.2399,2.2399,2.2399,2.2399,31,0
20090609,2.2399,2.2399,2.2399,2.2399,87,0
20090610,2.2399,2.2399,2.2212,2.2399,333,0
20090612,2.2399,2.2399,2.2399,2.2399,87,0
20090615,2.2399,2.2399,2.1746,2.2399,966,0
20090616,2.2399,2.2399,2.2399,2.2399,76,0
20090617,2.2399,2.2399,2.2399,2.2399,98,0
20090618,2.2399,2.2399,2.2399,2.2399,475,0
20090619,2.2399,2.2399,2.2399,2.2399,364,0
20090622,2.2399,2.2399,2.2399,2.2399,64,0
20090623,2.2399,2.2399,2.2399,2.2399,118,0
20090624,2.2399,2.2399,2.212,2.2399,1976,0
20090625,2.1466,2.2399,2.1466,2.2399,71,0
20090626,2.2399,2.2399,2.2399,2.2399,76,0
20090629,2.2865,2.2865,2.2865,2.2865,149,0
20090630,2.2865,2.2865,2.2865,2.2865,121,0
20090701,2.1466,2.3333,2.1,2.2865,418,0
20090702,2.3333,2.3333,2.3333,2.3333,129,0
20090703,2.3333,2.3333,2.3333,2.3333,64,0
20090706,2.3333,2.3333,2.3333,2.3333,51,0
20090707,2.3333,2.3333,2.3333,2.3333,41,0
20090708,2.3333,2.3333,2.3333,2.3333,51,0
20090709,2.3333,2.3333,2.3333,2.3333,1083,0
20090710,2.3333,2.3333,2.3333,2.3333,51,0
20090713,2.3333,2.3333,2.3333,2.3333,87,0
20090714,2.3333,2.3333,2.3333,2.3333,482,0
20090715,2.3706,2.3706,2.3706,2.3706,98,0
20090716,2.3706,2.3706,2.3706,2.3706,81,0
20090717,2.3706,2.3706,2.3706,2.3706,64,0
20090720,2.3706,2.3706,2.3706,2.3706,108,0
20090721,2.3706,2.8932,2.3706,2.8932,5569,0
20090722,2.8932,3.4999,2.8932,3.4999,4467,0
20090723,4.3398,4.3398,4.1998,4.3398,30898,0
20090724,4.7692,5.2452,4.6665,5.2452,39408,0
20090727,6.5798,6.8131,5.7024,6.8131,157437,0
20090728,7.4662,8.5864,7.0931,8.5864,316218,0
20090729,8.8663,11.2,8.8663,11.2,187678,0
20090730,14,14,8.633,8.633,248520,0
20090731,7.8865,8.6704,6.7011,6.7011,290953,0
20090803,6.449,7.8024,6.2999,7.8024,166725,0
20090804,8.5398,9.2489,7.9331,9.2489,401962,0
20090805,9.52,10.265,8.7636,8.8477,325938,0
20090806,8.8477,9.706,8.409,8.7543,119734,0
20090807,8.9783,8.9783,8.2318,8.4931,73882,0
20090810,8.4931,8.4931,7.9331,7.9516,59072,0
20090811,8.1103,8.4838,7.8677,7.8772,73658,0
20090812,7.793,7.793,7.0931,7.3451,51714,0
20090813,7.2797,7.2797,6.5985,6.6731,109059,0
20090814,6.9251,8.3718,6.7197,8.2224,218584,0
20090817,7.9331,8.6796,7.9331,8.0729,148046,0
20090818,8.0452,8.3997,7.6716,7.6998,34243,0
20090819,7.9984,7.9984,7.4662,7.5598,32285,0
20090820,7.6811,8.3062,7.6811,7.9798,47775,0
20090821,8.2597,8.2597,7.849,7.9331,40013,0
20090824,8.2037,8.2037,7.6064,7.9798,30449,0
20090825,8.0263,8.0263,7.6904,7.8583,38966,0
20090826,7.849,8.6704,7.849,8.2318,205293,0
20090827,8.3997,8.409,7.8398,7.9331,41064,0
20090828,8.0729,8.1011,7.8117,7.8209,26660,0
20090831,7.7277,7.9331,7.2797,7.8024,25730,0
20090901,7.6064,7.7464,7.3451,7.4196,30999,0
20090902,7.3731,7.3731,6.8598,6.8598,25007,0
20090903,6.8598,7.5411,6.8598,7.4477,16550,0
20090904,7.765,7.765,7.1864,7.2891,12513,0
20090907,7.3731,7.5598,7.2237,7.4011,10293,0
20090908,7.457,7.6531,7.3731,7.3731,12265,0
20090909,7.3637,7.3731,6.9998,7.1864,11135,0
20090910,7.1864,7.2144,6.9998,7.0465,5622,0
20090911,7.3451,7.3451,6.8318,6.9064,9583,0
20090914,6.8598,6.981,6.7197,6.9064,6652,0
20090915,6.9064,7.0931,6.8131,6.9998,4047,0
20090916,7.177,7.177,6.8503,7.0182,3670,0
20090917,6.8598,7.177,6.8503,6.8691,13502,0
20090918,6.8691,6.8691,6.3465,6.6731,29482,0
20090921,6.5892,7.1864,6.3465,6.7383,38798,0
20090922,6.8877,8.5864,6.8784,8.5864,220494,0
20090923,8.577,8.577,7.6064,7.6064,124957,0
20090924,7.4662,7.9143,7.233,7.8772,39929,0
20090925,7.9891,8.1196,7.3825,7.6811,42273,0
20090928,7.7464,7.7464,7.3731,7.513,17144,0
20090929,7.5598,7.5598,7.2797,7.3264,17135,0
20090930,7.457,7.6998,7.3264,7.3264,10661,0
20091001,7.6064,7.6064,7.2797,7.3357,2917,0
20091002,7.513,7.513,7.1584,7.2797,7671,0
20091005,7.457,7.457,7.1677,7.3731,3976,0
20091006,7.4477,7.5598,7.1398,7.3637,9298,0
20091007,7.4385,7.4385,7.0931,7.205,8449,0
20091008,6.9531,7.3731,6.9531,7.2611,12003,0
20091009,7.2611,7.4196,7.1398,7.3264,2569,0
20091012,7.0557,7.3264,7.0557,7.2797,11052,0
20091013,7.1864,7.1864,6.9158,6.9718,17199,0
20091014,7.121,7.121,6.8131,7.065,8336,0
20091015,6.8598,7.1864,6.7291,6.9158,15927,0
20091016,6.9998,7.177,6.8318,7.0745,5418,0
20091019,6.9998,7.2797,6.8411,6.9531,9239,0
20091020,7.2237,7.2237,6.8598,6.9531,5040,0
20091021,6.9531,6.9998,6.8038,6.9438,6089,0
20091022,6.9531,6.9531,6.6824,6.9064,4497,0
20091023,6.9064,6.9064,6.8131,6.8598,5426,0
20091026,7.1117,7.1117,6.533,6.9438,5839,0
20091027,6.9438,7.0372,6.533,6.9998,14569,0
20091028,6.9998,7.1024,6.8131,7.0372,5407,0
20091029,6.9718,7.0372,6.9531,6.9905,9799,0
20091030,6.9905,7.1024,6.9905,6.9905,11541,0
20091102,6.9531,6.9905,6.7291,6.8598,6166,0
20091103,6.7383,6.8598,6.533,6.7291,5345,0
20091104,6.7104,6.8784,6.7104,6.8784,7503,0
20091105,6.8877,6.8877,6.6264,6.8691,5072,0
20091106,6.8598,6.8598,6.6452,6.7197,1847,0
20091109,6.8598,6.8598,6.6358,6.8131,4342,0
20091110,6.8131,6.8318,6.6452,6.6452,5435,0
20091112,6.6264,6.7664,6.6264,6.6731,8496,0
20091113,6.6264,6.8318,6.5892,6.8318,12003,0
20091116,6.8318,6.8318,6.6731,6.8038,6321,0
20091117,6.8131,6.9064,6.8131,6.8971,7468,0
20091118,6.9905,6.9998,6.7757,6.9064,8639,0
20091119,6.9064,6.981,6.7197,6.8877,3282,0
20091120,6.8877,7.8865,6.7291,7.0557,58149,0
20091123,7.0557,7.2797,6.9251,7.0557,12376,0
20091124,7.0557,7.1304,6.7664,6.8318,5890,0
20091125,6.7757,7.0465,6.6637,6.9623,5071,0
20091126,6.9718,7.0931,6.7383,6.9531,3510,0
20091127,6.7383,6.9438,6.5518,6.8131,8669,0
20091130,6.6544,6.8131,6.6077,6.6077,2745,0
20091201,6.7944,6.8411,6.5985,6.6358,9152,0
20091202,6.6731,6.8598,6.6358,6.7664,2099,0
20091203,6.7571,6.8318,6.6358,6.8038,5243,0
20091204,6.7944,6.7944,6.6731,6.7757,609,0
20091207,6.7664,6.8131,6.7197,6.8038,4564,0
20091208,6.8038,6.9438,6.6824,6.6824,14282,0
20091209,6.8411,6.9158,6.6918,6.7757,6112,0
20091210,6.7757,6.9064,6.7757,6.8131,2032,0
20091211,6.8503,6.8971,6.8131,6.8877,1471,0
20091214,6.8411,6.8971,6.7197,6.7944,4244,0
20091215,6.7197,6.8131,6.6824,6.7197,4697,0
20091216,6.7197,6.7757,6.5424,6.6731,10096,0
20091217,6.7011,6.7011,6.5424,6.6358,1197,0
20091218,6.5424,6.6731,6.5424,6.6358,610,0
20091221,6.5798,6.5798,6.2531,6.5704,16445,0
20091222,6.5611,6.5611,6.2999,6.2999,8173,0
20091223,6.2999,6.2999,5.8331,6.0665,10838,0
20091228,5.8331,6.0665,5.7398,5.7585,26169,0
20091229,5.7398,5.9544,5.6838,5.8797,6009,0
20091230,5.9732,5.9732,5.8331,5.9264,5521,0
20091231,5.9264,5.9358,5.9264,5.9264,511,0
20100104,5.9264,6.393,5.9264,6.393,9362,0
20100105,6.4679,7.4944,6.4117,6.7011,58004,0
20100106,6.7011,6.7197,6.2251,6.393,26065,0
20100107,6.533,6.533,6.2999,6.4397,10403,0
20100108,6.3465,6.5144,6.3091,6.5051,4003,0
20100111,6.533,6.6077,6.3185,6.3185,9773,0
20100112,6.3465,6.4397,6.0851,6.4117,22405,0
20100113,6.3185,6.3465,6.1878,6.3465,2856,0
20100114,6.3465,6.4024,6.3185,6.3465,4552,0
20100115,6.3465,6.4024,6.2999,6.393,3172,0
20100118,6.3465,6.393,6.1878,6.2064,8321,0
20100119,6.2064,6.2251,6.1131,6.1598,10898,0
20100120,6.1505,6.3371,6.0759,6.1598,11064,0
20100121,6.3371,6.3371,6.0759,6.2064,3358,0
20100122,6.1972,6.1972,6.0199,6.1972,4532,0
20100125,6.1878,6.1878,6.0103,6.0103,1521,0
20100126,6.0199,6.1318,5.9825,6.1039,2662,0
20100127,6.1131,6.1131,5.8797,6.0944,995,0
20100128,6.0851,6.1039,5.9264,6.1039,1423,0
20100129,6.0665,6.1972,6.0665,6.1505,2975,0
20100201,6.1598,6.1598,5.7398,5.9732,11710,0
20100202,6.0199,6.0199,5.7958,5.8331,3376,0
20100203,5.7864,5.9638,5.7864,5.9078,3485,0
20100204,5.9078,5.9078,5.7771,5.7771,4823,0
20100205,5.7678,5.7678,5.5064,5.5624,11303,0
20100208,5.4225,5.5251,5.3198,5.4599,10224,0
20100209,5.4599,5.5064,5.3292,5.5064,2971,0
20100210,5.553,5.7398,5.4225,5.6091,4083,0
20100211,5.5064,5.6464,5.5064,5.5064,1454,0
20100212,5.553,5.7024,5.4599,5.5064,643,0
20100215,5.5064,5.5997,5.5064,5.5251,414,0
20100216,5.5345,5.5719,5.4599,5.5345,415,0
20100217,5.5438,5.5438,5.4225,5.4971,3115,0
20100218,5.553,5.553,5.4133,5.4599,3412,0
20100219,5.4133,5.4504,5.3198,5.3943,958,0
20100222,5.4038,5.4038,5.3292,5.3666,2004,0
20100223,5.3571,5.3759,5.2265,5.2358,2190,0
20100224,5.2265,5.3198,4.9186,5.2172,12685,0
20100225,5.2077,5.3384,5.1145,5.1799,5273,0
20100226,5.1332,5.1799,5.1145,5.1332,2732,0
20100301,5.1799,5.3666,5.1332,5.3666,8822,0
20100302,5.3198,5.3571,5.1517,5.3198,9231,0
20100303,5.3571,5.7864,5.2265,5.2265,21045,0
20100304,5.2265,5.3384,5.1705,5.2077,3908,0
20100305,5.4133,5.4504,4.9557,5.1799,10251,0
20100308,5.3759,6.3091,5.3666,6.2811,112232,0
20100309,6.4305,7.065,6.2064,6.4397,150843,0
20100310,6.4397,6.4397,5.9732,6.2158,25379,0
20100311,6.1411,6.1411,5.7678,5.9917,52876,0
20100312,5.8984,6.3371,5.7864,6.1411,47354,0
20100315,6.1131,6.1878,5.9264,6.0759,12805,0
20100316,6.1131,6.1878,5.9264,6.0665,11023,0
20100317,5.9917,6.7571,5.9825,6.4771,62436,0
20100318,6.5518,6.5518,6.2811,6.3185,11342,0
20100319,6.3465,6.4397,6.1598,6.1598,4483,0
20100322,6.2343,6.2343,5.9358,6.0665,16066,0
20100323,6.0665,6.1972,6.0571,6.1598,3898,0
20100324,6.0759,6.2531,6.0665,6.0665,7729,0
20100325,6.0759,6.2531,5.9917,6.1784,14640,0
20100326,6.1598,6.3465,6.1131,6.2903,3747,0
20100329,6.1505,6.6077,6.1505,6.393,32551,0
20100330,6.393,6.5518,6.365,6.393,5894,0
20100331,6.4771,6.5424,6.2064,6.2064,21709,0
20100401,6.1598,6.2251,6.0759,6.1691,9408,0
20100406,6.1224,6.1598,6.0665,6.1224,15908,0
20100407,6.1598,6.1598,6.0571,6.0665,4298,0
20100408,6.0665,6.1411,5.9917,5.9917,4888,0
20100409,5.9825,6.0665,5.9825,6.0665,3818,0
20100412,6.0665,6.1131,5.9917,6.1131,1238,0
20100413,6.0944,6.2999,6.0292,6.1505,4792,0
20100414,6.1131,6.3745,6.1131,6.3745,8485,0
20100415,6.4117,6.4397,6.2624,6.3838,14368,0
20100416,6.3091,6.3465,6.2064,6.3091,4001,0
20100419,6.1691,6.1878,6.0665,6.1411,3950,0
20100420,6.1131,6.1131,6.0011,6.0199,1959,0
20100421,6.0199,6.1131,6.0199,6.1131,1811,0
20100422,6.1039,6.1411,6.0292,6.0665,804,0
20100423,6.0944,6.1505,6.0476,6.0665,2071,0
20100426,6.0759,6.1131,6.0011,6.0011,1645,0
20100427,6.0011,6.1598,5.9638,6.0665,5135,0
20100428,6.1224,6.1224,5.8797,5.9264,5290,0
20100429,5.9358,6.0199,5.9358,5.9358,2807,0
20100430,5.9732,6.0199,5.9732,5.9732,2260,0
20100504,5.9732,5.9732,5.9264,5.9264,327,0
20100505,5.9264,5.9264,5.7678,5.8238,672,0
20100506,5.8238,5.8238,5.6091,5.7211,6916,0
20100507,5.7398,5.7398,5.4599,5.553,6936,0
20100510,5.6464,5.7585,5.553,5.6931,3265,0
20100511,5.6558,5.9264,5.6558,5.8051,4261,0
20100512,5.8051,5.8797,5.8051,5.8797,5250,0
20100513,5.8797,5.8797,5.7024,5.7024,1570,0
20100514,5.6464,5.7864,5.6464,5.7864,673,0
20100517,5.7864,5.7864,5.6931,5.7864,1178,0
20100518,5.7864,5.7864,5.6558,5.7398,2038,0
20100519,5.7398,5.7398,5.5997,5.5997,2428,0
20100520,5.5997,5.6931,5.5064,5.5064,8403,0
20100521,5.4879,5.5997,5.4879,5.5904,2105,0
20100524,5.5904,5.8519,5.5904,5.6745,3741,0
20100525,5.6279,5.6931,5.4599,5.4599,732,0
20100526,5.4599,5.6931,5.4599,5.6931,1405,0
20100527,5.4784,5.6745,5.4784,5.6464,2791,0
20100528,5.6745,5.6931,5.6371,5.6745,782,0
20100531,5.6745,5.6931,5.5345,5.6745,937,0
20100601,5.6652,5.6652,5.5064,5.6558,1379,0
20100602,5.6652,5.6652,5.5159,5.553,2126,0
20100604,5.4879,5.553,5.3198,5.3198,2238,0
20100607,5.2265,5.4599,5.1332,5.2265,6096,0
20100608,5.3198,5.4599,5.105,5.4599,2912,0
20100609,5.4133,5.4971,5.3198,5.4971,1500,0
20100610,5.3759,5.553,5.3759,5.553,2135,0
20100611,5.5251,5.5719,5.2732,5.2732,1999,0
20100614,5.5064,5.5064,5.2732,5.4133,522,0
20100615,5.2732,5.4038,5.0491,5.3943,8751,0
20100616,5.3943,5.4599,5.2918,5.3666,1968,0
20100617,5.2452,5.3198,5.1799,5.2732,1159,0
20100618,5.2265,5.3666,5.1332,5.1799,3745,0
20100621,5.1332,5.2265,5.1332,5.1799,1083,0
20100622,5.2265,5.3011,5.2265,5.3011,1311,0
20100623,5.2918,5.2918,5.1332,5.2732,1308,0
20100624,5.2824,5.2824,5.1239,5.2265,2580,0
20100625,5.1332,5.2172,5.1332,5.2172,1931,0
20100628,5.2172,5.2172,5.1892,5.1892,81,0
20100629,5.1892,5.2172,5.105,5.1799,803,0
20100630,5.1332,5.1799,5.1332,5.1705,123,0
20100701,5.1705,5.3384,5.1705,5.2638,2829,0
20100702,5.1799,5.2638,5.1799,5.2452,289,0
20100705,5.1799,5.4599,5.1612,5.4599,1449,0
20100706,5.4225,5.441,5.3198,5.4133,2756,0
20100707,5.4318,5.4318,5.3198,5.4225,403,0
20100708,5.3666,5.441,5.3666,5.4133,614,0
20100709,5.4133,5.4133,5.2452,5.2452,417,0
20100712,5.4225,5.4225,5.2265,5.2265,1359,0
20100713,5.2265,5.4133,5.2265,5.4038,1940,0
20100714,5.4038,5.4038,5.2638,5.3943,811,0
20100715,5.2824,5.4038,5.2824,5.4038,318,0
20100716,5.4038,5.4599,5.2732,5.441,6034,0
20100719,5.4133,6.2999,5.4133,5.9638,151940,0
20100720,5.9732,5.9732,5.6279,5.7118,42908,0
20100721,5.7118,5.7211,5.6279,5.6464,6701,0
20100722,5.6464,5.6652,5.6464,5.6464,8115,0
20100723,5.6745,5.7024,5.441,5.6745,14128,0
20100726,5.7398,5.9172,5.6558,5.7585,5472,0
20100727,5.7398,5.7398,5.5345,5.6464,6532,0
20100728,5.6279,5.6279,5.4692,5.5997,5486,0
20100729,5.5904,5.6091,5.3198,5.4879,20956,0
20100730,5.4599,5.4784,5.4599,5.4784,856,0
20100802,5.4599,5.4971,5.4038,5.4784,4911,0
20100803,5.3943,5.7864,5.3198,5.4784,16712,0
20100804,5.3666,5.6652,5.3666,5.553,9205,0
20100805,5.553,5.6371,5.4599,5.5997,6901,0
20100806,5.5997,5.7678,5.5997,5.7678,5387,0
20100809,5.8051,5.8051,5.6558,5.6558,5413,0
20100810,5.7958,5.7958,5.5624,5.5719,1399,0
20100811,5.5064,5.5997,5.4784,5.553,3566,0
20100812,5.553,5.553,5.4971,5.5438,1131,0
20100813,5.4971,5.5997,5.4599,5.5997,8248,0
20100816,5.5997,5.6464,5.5064,5.6279,667,0
20100817,5.5997,5.5997,5.5159,5.5904,1879,0
20100818,5.5997,5.5997,5.5064,5.5719,682,0
20100819,5.5159,5.8051,5.5064,5.5064,13396,0
20100820,5.5624,5.7305,5.4692,5.7305,8371,0
20100823,5.7585,5.7585,5.5997,5.6464,1679,0
20100824,5.6745,5.6745,5.5159,5.6371,2679,0
20100825,5.6371,5.6371,5.4692,5.5812,3195,0
20100826,5.4879,5.5719,5.4318,5.5345,3152,0
20100827,5.5345,5.5812,5.4599,5.5812,3361,0
20100830,5.5812,5.5997,5.553,5.5904,2266,0
20100831,5.4879,5.5904,5.4784,5.5904,3505,0
20100901,5.5904,5.5904,5.4784,5.5624,1604,0
20100902,5.5812,5.5812,5.4504,5.5719,6690,0
20100903,5.5719,5.5719,5.5064,5.5719,7568,0
20100906,5.5719,5.5719,5.4879,5.5624,4292,0
20100907,5.5719,5.5719,5.4879,5.5624,4844,0
20100908,5.5624,5.5812,5.4504,5.5812,5602,0
20100909,5.553,5.5997,5.4784,5.5345,12613,0
20100910,5.4971,5.5438,5.4504,5.5064,4176,0
20100913,5.5438,5.5438,5.441,5.5064,5293,0
20100914,5.4504,5.5345,5.4318,5.4318,2577,0
20100915,5.4318,5.5064,5.4133,5.5064,3040,0
20100916,5.4318,5.4971,5.3851,5.4599,4671,0
20100917,5.3851,5.4879,5.3666,5.4599,4723,0
20100920,5.4133,5.4133,5.3384,5.3759,2740,0
20100921,5.3759,5.4504,5.3292,5.4133,2124,0
20100922,5.3571,5.4879,5.3571,5.4784,2132,0
20100923,5.4692,5.4692,5.3571,5.4599,1392,0
20100924,5.4599,5.4599,5.3571,5.4133,1751,0
20100927,5.4133,5.4599,5.3477,5.4599,7141,0
20100928,5.4692,5.4784,5.3571,5.3943,1504,0
20100929,5.4599,5.4599,5.3943,5.4504,1137,0
20100930,5.4133,5.5064,5.3759,5.5064,4606,0
20101001,5.5438,5.5624,5.5064,5.553,9636,0
20101004,5.553,5.553,5.5251,5.5438,2570,0
20101005,5.5438,5.553,5.4784,5.5064,1863,0
20101006,5.4879,5.5438,5.441,5.5064,2564,0
20101007,5.5251,5.5251,5.4318,5.5064,3024,0
20101008,5.4318,5.4879,5.4133,5.4599,1913,0
20101011,5.4599,5.4599,5.2265,5.4133,2741,0
20101012,5.3384,5.4133,5.3198,5.4133,1597,0
20101013,5.3198,5.4038,5.3198,5.3943,7054,0
20101014,5.3851,5.3943,5.2918,5.3759,5331,0
20101015,5.4133,5.4599,5.2918,5.4599,4411,0
20101018,5.4599,5.5904,5.4225,5.5345,11372,0
20101019,5.5251,5.5438,5.4504,5.5064,2750,0
20101020,5.4599,5.5159,5.4133,5.5159,3529,0
20101021,5.4971,5.5345,5.4133,5.4784,4251,0
20101022,5.441,5.4784,5.4133,5.4692,4234,0
20101025,5.4784,5.5064,5.3666,5.4133,3171,0
20101026,5.3851,5.4038,5.1517,5.2638,18156,0
20101027,5.3198,5.3198,5.1799,5.3198,2793,0
20101028,5.2265,5.3011,5.2265,5.3011,1532,0
20101029,5.2358,5.3011,5.2265,5.3011,1795,0
20101102,5.2358,5.2732,4.9464,5.2172,10363,0
20101103,5.1799,5.2265,4.9557,5.0305,10775,0
20101104,4.993,5.1332,4.8998,4.993,11719,0
20101105,4.9464,5.1332,4.7131,4.8531,12189,0
20101108,5.0397,5.0397,4.7879,4.8719,4262,0
20101109,4.8344,4.8531,4.7319,4.8531,12290,0
20101110,4.8159,4.8531,4.8065,4.8344,5897,0
20101112,4.8439,5.1332,4.8439,5.0771,10086,0
20101115,5.1145,5.1145,4.8998,4.9464,7431,0
20101116,5.0397,5.0397,4.8998,5.0212,2920,0
20101117,5.0119,5.0119,4.8065,4.8998,5710,0
20101118,4.8998,4.9279,4.8159,4.9091,3770,0
20101119,4.9186,4.9186,4.8252,4.9091,2153,0
20101122,4.8159,4.8998,4.7225,4.8344,3935,0
20101123,4.8719,4.8719,4.6759,4.7504,2401,0
20101124,4.7599,4.7599,4.7131,4.7504,989,0
20101125,4.7131,4.8719,4.7131,4.8344,2220,0
20101126,4.8252,4.8252,4.7038,4.7599,1177,0
20101129,4.7599,4.7599,4.6665,4.6665,2142,0
20101130,4.7038,4.7225,4.6199,4.7131,1946,0
20101201,4.7131,4.7225,4.6292,4.7038,1740,0
20101202,4.7038,4.7225,4.6385,4.7131,6276,0
20101203,4.7225,4.8812,4.6478,4.8812,4021,0
20101206,4.8624,4.8624,4.6852,4.8065,1317,0
20101207,4.7971,4.8065,4.6945,4.8065,2347,0
20101208,4.7971,4.7971,4.7131,4.7599,672,0
20101209,4.7599,4.8065,4.6665,4.6945,4677,0
20101210,4.6945,4.8065,4.6665,4.7504,2943,0
20101213,4.7504,4.7784,4.6665,4.7504,2839,0
20101214,4.7131,4.7225,4.6665,4.7131,1646,0
20101215,4.6665,4.7131,4.6665,4.7038,2336,0
20101216,4.7038,4.7504,4.7038,4.7038,2280,0
20101217,4.6945,4.6945,4.6665,4.6665,9452,0
20101220,4.6478,4.6852,4.5733,4.6572,3335,0
20101221,4.5733,4.6665,4.5544,4.6478,1557,0
20101222,4.6478,4.6478,4.5173,4.5451,1367,0
20101223,4.5266,4.5544,4.4238,4.5544,1986,0
20101227,4.5266,4.5544,4.3491,4.4612,11126,0
20101228,4.3865,4.4425,4.032,4.0599,32414,0
20101229,4.0692,4.2931,4.0692,4.2839,13081,0
20101230,4.2931,4.3398,4.2651,4.3118,3921,0
20101231,4.3212,4.3212,4.1998,4.3118,3613,0
20110103,4.2931,4.4705,4.2931,4.4518,3139,0
20110104,4.4705,4.5358,4.2931,4.3865,4999,0
20110105,4.3959,4.3959,4.2931,4.3865,1628,0
20110107,4.3865,4.5639,4.3398,4.4053,3137,0
20110110,4.4053,4.5266,4.2931,4.3771,3865,0
20110111,4.3771,4.3771,4.2931,4.3678,393,0
20110112,4.3586,4.3586,4.1812,4.3491,2651,0
20110113,4.3771,4.4238,4.2931,4.2931,4218,0
20110114,4.3212,4.4425,4.3118,4.4425,9106,0
20110117,4.4425,4.4425,4.3865,4.3959,4084,0
20110118,4.3398,4.3865,4.2931,4.3865,3545,0
20110119,4.2931,4.3865,4.2931,4.3865,1809,0
20110120,4.3865,4.3865,4.3865,4.3865,446,0
20110121,4.3771,4.3771,4.2931,4.3491,1201,0
20110124,4.2465,4.3212,4.2465,4.3212,1216,0
20110125,4.3398,4.3491,4.2839,4.2839,1832,0
20110126,4.2839,4.3398,4.2746,4.3398,2153,0
20110127,4.2279,4.2746,4.1998,4.2746,2928,0
20110128,4.1998,4.2465,4.1159,4.2465,4612,0
20110131,4.2372,4.2372,4.1812,4.1812,7617,0
20110201,4.1812,4.1905,4.1159,4.1159,7315,0
20110202,4.0599,4.2092,4.0599,4.1064,3743,0
20110203,4.1532,4.1532,4.0692,4.1253,1291,0
20110204,4.1345,4.1345,4.0971,4.1253,539,0
20110207,4.0879,4.1253,4.0879,4.0971,2336,0
20110208,4.0879,4.0971,4.0879,4.0971,1382,0
20110209,4.0786,4.1438,4.0786,4.1064,1251,0
20110210,4.1438,4.1438,4.0599,4.1064,1159,0
20110211,4.1064,4.1064,3.9292,4.1064,2373,0
20110214,4.1253,4.1253,4.0599,4.1064,951,0
20110215,4.1064,4.2465,4.1064,4.1438,3350,0
20110216,4.1532,4.2372,4.1064,4.2279,1983,0
20110217,4.2279,4.2279,4.2185,4.2185,461,0
20110218,4.2279,4.2279,4.1064,4.1719,1680,0
20110221,4.1719,4.2092,4.1719,4.1998,645,0
20110222,4.2092,4.2092,4.1064,4.1812,2030,0
20110223,4.1812,4.1812,4.1064,4.1624,710,0
20110224,4.1159,4.1624,4.1159,4.1624,296,0
20110225,4.1812,4.1812,4.1719,4.1812,344,0
20110228,4.1812,4.1998,4.1812,4.1905,1109,0
20110301,4.2092,4.2092,4.1159,4.1905,443,0
20110302,4.1345,4.1345,4.0224,4.0971,2484,0
20110303,4.1064,4.1719,4.032,4.1624,2057,0
20110304,4.1624,4.1624,4.0412,4.0504,512,0
20110307,4.0971,4.0971,4.0224,4.0224,1806,0
20110308,4.0971,4.0971,3.9198,4.0132,4708,0
20110309,4.004,4.004,3.9198,4.004,4054,0
20110310,4.004,4.0132,3.9198,4.004,237,0
20110311,3.9292,4.004,3.9198,3.9573,4361,0
20110314,3.9665,3.9665,3.8545,3.8638,2184,0
20110315,3.8545,3.8638,3.6399,3.7612,7964,0
20110316,3.7333,3.7612,3.6585,3.6585,7362,0
20110317,3.6399,3.7333,3.6399,3.6585,4214,0
20110318,3.7239,3.8265,3.6585,3.8172,2331,0
20110321,3.8359,3.9665,3.8172,3.9198,3854,0
20110322,3.9198,3.9198,3.8732,3.9198,1651,0
20110323,3.8359,3.9198,3.8359,3.9198,224,0
20110324,3.9198,3.9198,3.7893,3.8732,2438,0
20110325,3.8265,3.9384,3.7799,3.9384,3535,0
20110328,3.9384,3.9384,3.8265,3.9013,865,0
20110329,3.9198,3.9198,3.8545,3.9013,400,0
20110330,3.9013,3.9198,3.7985,3.9106,1345,0
20110331,3.9198,3.9198,3.8359,3.9106,746,0
20110401,3.9384,3.9573,3.8359,3.9198,594,0
20110404,3.9198,3.9573,3.8452,3.8452,4360,0
20110405,3.8732,3.8918,3.8452,3.8825,807,0
20110406,3.8918,3.9384,3.8545,3.9013,4991,0
20110407,3.9106,3.9384,3.5652,3.8638,8448,0
20110408,3.8545,3.9292,3.7333,3.8172,7962,0
20110411,3.8078,3.8078,3.6399,3.6866,2829,0
20110412,3.7145,3.7145,3.6026,3.6771,11180,0
20110413,3.6306,3.6866,3.5932,3.6866,2008,0
20110414,3.6866,3.6866,3.5932,3.6585,6305,0
20110415,3.6399,3.6866,3.5932,3.6492,3871,0
20110418,3.6585,3.7519,3.6306,3.6399,4426,0
20110419,3.6306,3.6866,3.5932,3.6679,6512,0
20110420,3.6679,3.7893,3.6399,3.7893,6456,0
20110421,3.7612,3.9665,3.7612,3.8732,16219,0
20110426,3.8265,3.8545,3.7705,3.8545,2276,0
20110427,3.8452,3.9665,3.7612,3.9573,6340,0
20110428,3.7145,3.9198,3.7145,3.7333,23620,0
20110429,3.8265,3.8638,3.7425,3.7519,18405,0
20110502,3.7425,3.8078,3.7052,3.7799,4413,0
20110504,3.7612,3.7612,3.6585,3.7239,3383,0
20110505,3.7239,3.7239,3.6399,3.6866,1443,0
20110506,3.6585,3.6866,3.4999,3.6306,12239,0
20110509,3.6306,3.7145,3.556,3.5652,6420,0
20110510,3.5371,3.5839,3.5093,3.5371,1879,0
20110511,3.5186,3.5186,3.4719,3.5093,7940,0
20110512,3.5093,3.5093,3.4532,3.5093,3260,0
20110513,3.4905,3.4905,3.2665,3.3691,7424,0
20110516,3.3132,3.3691,3.0986,3.108,20509,0
20110517,3.108,3.1918,3.0986,3.1918,10455,0
20110518,3.1918,3.3691,3.1732,3.22,13607,0
20110519,3.2853,3.2853,3.2013,3.2853,2883,0
20110520,3.22,3.2945,3.1732,3.2945,1346,0
20110523,3.2853,3.388,3.2572,3.2945,7333,0
20110524,3.304,3.3506,3.304,3.3506,2012,0
20110525,3.3413,3.4065,3.3132,3.4065,5636,0
20110526,3.3132,3.4159,3.3132,3.4159,1758,0
20110527,3.4159,3.4905,3.4065,3.4439,4268,0
20110530,3.4532,3.4905,3.4065,3.4065,3083,0
20110531,3.4999,3.5932,3.4999,3.5745,11379,0
20110601,3.6399,3.8918,3.5932,3.8918,18175,0
20110602,3.8732,3.8732,3.5839,3.8359,15039,0
20110603,3.7333,3.8732,3.7333,3.7519,14544,0
20110606,3.7519,3.8545,3.7519,3.7985,8379,0
20110607,3.7985,3.7985,3.7333,3.7799,6578,0
20110608,3.7893,3.7893,3.7239,3.7893,432,0
20110609,3.6958,3.7799,3.6866,3.6866,1857,0
20110610,3.7239,3.7239,3.6026,3.6771,3449,0
20110614,3.7333,3.7333,3.556,3.6866,1218,0
20110615,3.6866,3.6866,3.4999,3.6211,5772,0
20110616,3.6211,3.6866,3.6211,3.6771,2971,0
20110617,3.6211,3.6211,3.5652,3.6119,505,0
20110620,3.5932,3.6119,3.5839,3.6119,1630,0
20110621,3.5839,3.5839,3.5186,3.556,1773,0
20110622,3.5652,3.5652,3.4532,3.5278,670,0
20110624,3.5278,3.5278,3.3691,3.4999,3476,0
20110627,3.5371,3.5371,3.1265,3.1265,4781,0
20110628,3.1265,3.3132,2.9865,3.0798,7935,0
20110629,3.0798,3.2665,3.0798,3.2665,3311,0
20110630,3.2292,3.2665,3.22,3.2665,2868,0
20110701,3.2665,3.2945,3.22,3.2945,894,0
20110704,3.2386,3.304,3.2013,3.2945,3026,0
20110705,3.2665,3.2665,3.2572,3.2665,982,0
20110706,3.2665,3.2665,3.1173,3.1825,3122,0
20110707,3.1265,3.1918,3.0892,3.1918,2707,0
20110708,3.22,3.22,3.1732,3.1732,620,0
20110711,3.1732,3.1732,3.1452,3.1452,741,0
20110712,3.0798,3.1639,3.0798,3.0798,1353,0
20110713,3.1546,3.2013,3.108,3.1732,1339,0
20110714,3.1918,3.22,3.0986,3.22,2636,0
20110715,3.2386,3.2386,3.22,3.22,400,0
20110718,3.2292,3.2292,3.1546,3.2013,1245,0
20110719,3.1358,3.2292,2.9211,3.1546,13658,0
20110720,3.1546,3.1546,3.1452,3.1546,2937,0
20110721,3.1546,3.1546,3.0053,3.1452,448,0
20110722,3.1546,3.22,3.0798,3.1732,2699,0
20110725,3.1639,3.1639,3.1546,3.1546,344,0
20110726,3.1452,3.1546,2.9865,2.9865,2023,0
20110727,3.0613,3.1173,3.0145,3.1173,2293,0
20110728,3.1173,3.1173,3.0613,3.0706,1336,0
20110729,3.0706,3.1173,3.0519,3.1173,1198,0
20110801,3.1173,3.1173,3.0519,3.108,351,0
20110802,3.0986,3.0986,3.0519,3.0986,391,0
20110803,2.856,3.0613,2.6319,2.8467,12986,0
20110804,2.9305,2.9305,2.7533,2.7533,2726,0
20110805,2.8467,2.8467,2.5665,2.7345,7924,0
20110808,2.6133,2.6973,2.5199,2.6226,5299,0
20110809,2.6133,2.6133,2.1093,2.3333,15948,0
20110810,2.4265,2.604,2.3986,2.4732,17963,0
20110811,2.4732,2.604,2.2865,2.4547,20466,0
20110812,2.4732,2.4732,2.4547,2.4732,10162,0
20110816,2.4732,2.4732,2.4265,2.4639,6610,0
20110817,2.4639,2.4732,2.3706,2.4547,6436,0
20110818,2.4732,2.4732,2.3519,2.3799,4569,0
20110819,2.3799,2.4547,2.3706,2.4547,3239,0
20110822,2.4732,2.4732,2.4732,2.4732,475,0
20110823,2.4454,2.4732,2.4079,2.4265,917,0
20110824,2.4732,2.4732,2.3799,2.4265,10717,0
20110825,2.4639,2.4732,2.4265,2.4639,2423,0
20110826,2.4732,2.4732,2.3892,2.4639,1740,0
20110829,2.4732,2.4732,2.4265,2.4732,3517,0
20110830,2.2865,2.4732,2.2865,2.4732,3796,0
20110831,2.4732,2.4732,2.3986,2.3986,1849,0
20110901,2.4824,2.4824,2.3986,2.4547,1201,0
20110902,2.4547,2.4547,2.3799,2.4173,2700,0
20110905,2.3799,2.4547,2.3053,2.4454,9767,0
20110906,2.4732,2.5014,2.4265,2.4732,3517,0
20110907,2.492,2.5014,2.4265,2.492,1258,0
20110908,2.4639,2.5014,2.3892,2.4547,994,0
20110909,2.4358,2.4824,2.3892,2.4265,1689,0
20110912,2.4265,2.4639,2.3892,2.3892,5556,0
20110913,2.4639,2.4639,2.3519,2.4358,2869,0
20110914,2.4547,2.4547,2.4547,2.4547,108,0
20110915,2.4358,2.5665,2.4265,2.5665,7190,0
20110919,2.492,2.5199,2.4454,2.5199,3135,0
20110920,2.5665,2.5665,2.4824,2.5385,290,0
20110921,2.5385,2.5385,2.4732,2.5199,1227,0
20110922,2.5014,2.5014,2.3333,2.3333,2438,0
20110923,2.4824,2.4824,2.3333,2.3333,4858,0
20110926,2.4639,2.4639,2.3333,2.4079,1580,0
20110927,2.3613,2.3986,2.3053,2.3986,5261,0
20110928,2.3799,2.5199,2.3799,2.5199,6128,0
20110929,2.4265,2.5199,2.3799,2.5014,2471,0
20110930,2.5106,2.5106,2.5106,2.5106,305,0
20111003,2.5014,2.5014,2.4173,2.492,1145,0
20111004,2.492,2.492,2.3146,2.4079,4822,0
20111005,2.4079,2.4173,2.4079,2.4173,118,0
20111006,2.3799,2.4454,2.3333,2.4358,1988,0
20111007,2.4358,2.4358,2.3986,2.4358,1453,0
20111010,2.4732,2.4732,2.4358,2.4358,2008,0
20111011,2.4358,2.4358,2.3333,2.4265,2101,0
20111012,2.4265,2.4732,2.4265,2.4454,1680,0
20111013,2.4732,2.4732,2.3519,2.3519,5886,0
20111014,2.3613,2.5291,2.3613,2.4639,4919,0
20111017,2.4639,2.4639,2.3706,2.4454,2669,0
20111018,2.4454,2.4547,2.3519,2.4173,3127,0
20111019,2.4173,2.4173,2.4173,2.4173,108,0
20111020,2.4173,2.4547,2.3799,2.4173,2316,0
20111021,2.4547,2.4547,2.3799,2.4547,1989,0
20111024,2.3799,2.4358,2.3239,2.4265,10674,0
20111025,2.3333,2.4358,2.3333,2.4173,2564,0
20111026,2.4265,2.4265,2.3239,2.4265,4027,0
20111027,2.4173,2.4265,2.3613,2.4265,2146,0
20111028,2.4265,2.4265,2.3799,2.3892,4497,0
20111031,2.3706,2.4173,2.3239,2.4173,2905,0
20111102,2.3799,2.4079,2.3333,2.4079,2177,0
20111103,2.4079,2.4173,2.3519,2.4079,1557,0
20111104,2.4265,2.4265,2.4079,2.4079,597,0
20111107,2.4173,2.5106,2.3799,2.5014,15668,0
20111108,2.4824,3.1358,2.4265,3.1358,96471,0
20111109,3.4532,3.6399,2.8745,2.9865,159399,0
20111110,2.8092,3.0613,2.8092,2.9678,19045,0
20111114,3.0053,3.2665,2.7533,2.7533,22206,0
20111115,3.0239,3.0798,2.8,2.9865,31496,0
20111116,3.0239,3.1825,2.9027,2.9678,43257,0
20111117,2.9119,2.9678,2.856,2.9211,8561,0
20111118,2.9678,2.996,2.9493,2.9678,6468,0
20111121,2.996,2.996,2.9678,2.9773,2412,0
20111122,2.9773,2.9773,2.7345,2.9027,7217,0
20111123,2.9305,2.9305,2.6785,2.9119,1665,0
20111124,2.9027,2.9119,2.8,2.9119,3740,0
20111125,2.7533,2.8932,2.66,2.7906,7014,0
20111128,2.6878,2.8,2.5199,2.7906,8545,0
20111129,2.7065,2.7906,2.6505,2.744,4148,0
20111130,2.7065,2.8,2.6878,2.8,16118,0
20111201,2.8,2.8838,2.8,2.8745,9296,0
20111202,2.8652,2.8652,2.8652,2.8652,51,0
20111205,2.8652,2.8652,2.8371,2.8652,377,0
20111206,2.8467,2.8467,2.8,2.8279,1102,0
20111207,2.8279,2.8652,2.8279,2.8652,520,0
20111208,2.8371,2.8652,2.8371,2.8652,278,0
20111209,2.856,2.8652,2.6785,2.8467,6953,0
20111212,2.856,2.856,2.6693,2.8371,2825,0
20111213,2.8371,2.8371,2.6693,2.6693,5530,0
20111214,2.7906,2.7906,2.6319,2.7533,2765,0
20111215,2.7533,2.7533,2.6505,2.716,847,0
20111216,2.7252,2.7252,2.6319,2.66,1481,0
20111219,2.66,2.66,2.66,2.66,535,0
20111220,2.6785,2.6878,2.6319,2.6785,1277,0
20111221,2.6785,2.7719,2.6785,2.7719,3683,0
20111222,2.7719,2.7719,2.7533,2.7533,146,0
20111223,2.7533,2.8838,2.6693,2.856,5832,0
20111227,2.7812,2.8467,2.6878,2.7906,3773,0
20111228,2.6878,2.7906,2.6785,2.7533,2881,0
20111229,2.744,2.744,2.7345,2.7345,104,0
20111230,2.6962,2.7056,2.6492,2.6492,1425,0
20120102,2.7065,2.7345,2.5199,2.7252,7607,0
20120103,2.7065,2.7626,2.7065,2.7626,2214,0
20120104,2.7533,2.7533,2.6319,2.66,4152,0
20120105,2.6133,2.6878,2.5759,2.6878,2629,0
20120109,2.6878,2.6878,2.5385,2.6693,1599,0
20120110,2.6693,2.6693,2.66,2.66,953,0
20120111,2.6785,2.6878,2.6226,2.66,8447,0
20120112,2.66,2.7533,2.5199,2.7533,24376,0
20120113,2.7533,2.8186,2.66,2.8186,7202,0
20120116,2.7065,2.7906,2.6693,2.7719,1220,0
20120117,2.7719,2.7906,2.7065,2.7906,7605,0
20120118,2.7906,2.7906,2.744,2.7812,777,0
20120119,2.7065,2.7812,2.6878,2.7533,4082,0
20120120,2.7812,2.7906,2.6785,2.6785,4732,0
20120123,2.7906,2.7906,2.744,2.7906,3733,0
20120124,2.7906,2.7906,2.7065,2.7719,1311,0
20120125,2.7533,2.7719,2.6878,2.7345,7058,0
20120126,2.7065,2.9773,2.6973,2.94,52380,0
20120127,2.9773,2.9773,2.8186,2.94,8256,0
20120130,2.9211,2.9211,2.8092,2.856,7980,0
20120131,2.8183,2.856,2.7337,2.8089,7912,0
20120201,2.8186,2.94,2.7719,2.9211,13763,0
20120202,2.94,3.1358,2.8932,3.1265,36126,0
20120203,3.1265,3.248,3.0613,3.1265,26697,0
20120206,3.1265,3.22,3.0332,3.0425,7794,0
20120207,3.0425,3.1452,2.9586,2.9586,10213,0
20120208,3.1173,3.1173,2.9586,3.1173,23741,0
20120209,3.1358,3.3506,3.1358,3.22,57781,0
20120210,3.22,3.3132,3.1546,3.3132,10395,0
20120213,3.304,3.304,3.1918,3.1918,15466,0
20120214,3.2665,3.3132,3.2013,3.3132,5963,0
20120215,3.3132,3.3319,3.2292,3.3319,19489,0
20120216,3.3319,3.4252,3.2386,3.4252,15614,0
20120217,3.4252,3.4999,3.3784,3.3784,8388,0
20120220,3.3784,3.3784,3.3132,3.3599,2269,0
20120221,3.4159,3.4159,3.2665,3.2759,3368,0
20120222,3.4159,3.4159,3.1265,3.1825,8184,0
20120223,3.1265,3.2572,3.108,3.108,5394,0
20120224,3.1732,3.22,3.1732,3.1732,638,0
20120227,3.22,3.22,3.1173,3.1173,3262,0
20120228,3.1265,3.2853,3.1265,3.2853,4135,0
20120229,3.2693,3.2693,3.1565,3.2693,2488,0
20120301,3.2665,3.2665,3.1732,3.1732,1730,0
20120302,3.2572,3.2572,2.9865,3.1452,3582,0
20120305,3.0798,3.1452,2.8467,3.0332,11339,0
20120306,2.9865,3.0332,2.9305,3.0239,5959,0
20120307,3.0239,3.108,2.8467,2.9865,8075,0
20120308,2.9865,3.0332,2.9119,3.0332,6635,0
20120309,3.0332,3.0332,3.0332,3.0332,1157,0
20120312,2.9493,3.0798,2.94,3.0798,5141,0
20120313,3.0798,3.0798,3.0332,3.0706,1369,0
20120314,2.9678,3.0706,2.9678,3.0613,560,0
20120315,3.0613,3.0613,2.9865,3.0332,5140,0
20120316,3.0332,3.0332,3.0332,3.0332,321,0
20120319,3.0239,3.0239,2.9119,2.9119,6503,0
20120320,2.9119,3.0239,2.9119,3.0239,875,0
20120321,3.0239,3.0239,2.9211,2.9211,1331,0
20120322,2.8932,2.9586,2.8932,2.9586,2462,0
20120323,2.9586,2.9586,2.8652,2.9586,236,0
20120326,2.9586,2.996,2.9586,2.9865,1341,0
20120327,2.9865,2.996,2.7345,2.996,6745,0
20120328,2.996,3.0706,2.9678,2.9865,4470,0
20120329,2.9586,2.9678,2.7533,2.9678,4054,0
20120330,2.9686,2.9874,2.9686,2.978,1779,0
20120402,2.9773,2.9773,2.9773,2.9773,268,0
20120403,2.9773,2.9865,2.94,2.94,533,0
20120404,2.9493,2.9865,2.8932,2.8932,3151,0
20120405,2.8932,2.8932,2.8186,2.856,3415,0
20120410,2.856,2.856,2.856,2.856,51,0
20120411,2.8467,2.94,2.8467,2.94,1433,0
20120412,2.94,2.94,2.856,2.9119,764,0
20120413,2.9119,2.9119,2.9119,2.9119,172,0
20120416,2.9119,2.9119,2.9119,2.9119,108,0
20120417,2.9119,2.9119,2.7626,2.8279,7307,0
20120418,2.8279,2.856,2.8,2.8,2373,0
20120419,2.8,2.8467,2.8,2.8467,900,0
20120420,2.8371,2.8371,2.8,2.8,551,0
20120423,2.8,2.8,2.6133,2.6133,10084,0
20120424,2.6133,2.7065,2.4732,2.6133,7553,0
20120425,2.6319,2.7626,2.6133,2.7626,4703,0
20120426,2.7906,2.8,2.6319,2.6411,12136,0
20120427,2.6411,2.7533,2.5199,2.716,4888,0
20120430,2.7056,2.7056,2.5929,2.5929,5225,0
20120502,2.6133,2.6133,2.5759,2.5759,5510,0
20120504,2.5759,2.5759,2.5665,2.5665,2067,0
20120507,2.5199,2.6319,2.5199,2.5665,2004,0
20120508,2.5665,2.6785,2.5573,2.5573,3179,0
20120509,2.6785,2.6785,2.5291,2.5291,196,0
20120510,2.5291,2.5665,2.5291,2.5385,1109,0
20120511,2.5291,2.66,2.5291,2.66,5663,0
20120514,2.6411,2.6411,2.5665,2.6411,1030,0
20120515,2.6411,2.6411,2.6411,2.6411,26,0
20120516,2.6411,2.66,2.6411,2.66,273,0
20120517,2.6505,2.6505,2.5199,2.5946,7823,0
20120518,2.5199,2.6133,2.5199,2.6133,2889,0
20120521,2.6133,2.6133,2.6133,2.6133,71,0
20120522,2.6226,2.6226,2.5014,2.604,1282,0
20120523,2.6133,2.6226,2.5014,2.6226,6794,0
20120524,2.6133,2.6133,2.604,2.6133,7409,0
20120525,2.6133,2.7065,2.6133,2.6226,81,0
20120528,2.6226,2.66,2.6226,2.66,1551,0
20120529,2.7065,3.0892,2.7065,2.8745,15464,0
20120530,2.9865,2.9865,2.8652,2.8652,3203,0
20120531,2.8466,2.8466,2.6869,2.6869,3974,0
20120601,2.6878,2.7906,2.6133,2.66,1127,0
20120604,2.66,2.7065,2.5759,2.7065,7531,0
20120605,2.7056,2.7526,2.574,2.7056,2589,0
20120606,2.6586,2.7056,2.6116,2.7056,5868,0
20120608,2.6962,2.6962,2.6962,2.6962,64,0
20120611,2.6878,2.6878,2.6878,2.6878,3541,0
20120612,2.6973,2.9119,2.6973,2.8932,10109,0
20120613,2.8,2.8,2.8,2.8,1177,0
20120615,2.8277,2.8466,2.8277,2.8466,535,0
20120618,2.8745,2.8745,2.8279,2.8371,3590,0
20120619,2.7906,2.7906,2.7719,2.7719,403,0
20120621,2.7996,2.7996,2.7996,2.7996,139,0
20120625,2.7996,2.856,2.7996,2.856,1277,0
20120626,2.856,2.856,2.856,2.856,1940,0
20120627,2.8466,2.856,2.837,2.856,6754,0
20120628,2.8277,3.1001,2.8277,2.8277,1794,0
20120629,2.95,2.95,2.9403,2.9403,1405,0
20120702,2.95,2.95,2.884,2.9309,2651,0
20120703,2.884,2.903,2.884,2.903,630,0
20120704,2.9123,2.9123,2.8089,2.8089,1436,0
20120705,2.8089,2.8183,2.8089,2.8183,1732,0
20120706,2.8183,2.8183,2.8183,2.8183,41,0
20120709,2.8183,2.8183,2.7526,2.8183,128,0
20120710,2.8183,2.8183,2.8183,2.8183,117,0
20120711,2.8183,2.8183,2.8183,2.8183,3027,0
20120712,2.8183,2.8183,2.6962,2.7244,5658,0
20120713,2.6774,2.6774,2.6303,2.6303,41,0
20120716,2.6303,2.7056,2.5929,2.6303,1584,0
20120717,2.6303,2.6774,2.5929,2.5929,2223,0
20120718,2.5929,2.6962,2.5929,2.6962,1352,0
20120720,2.6962,2.6962,2.6869,2.6869,240,0
20120723,2.6869,2.6869,2.6869,2.6869,78,0
20120724,2.6869,2.6869,2.6869,2.6869,122,0
20120725,2.6869,2.6869,2.6303,2.6869,119,0
20120726,2.5929,2.5929,2.5929,2.5929,1982,0
20120727,2.6399,2.6399,2.5929,2.5929,13335,0
20120730,2.6023,2.6774,2.6023,2.6774,2890,0
20120731,2.6962,2.7432,2.6962,2.7432,97,0
20120801,2.7432,2.7619,2.6399,2.6399,1121,0
20120806,2.6303,2.6303,2.527,2.5366,4034,0
20120807,2.5929,2.5929,2.5176,2.5176,138,0
20120808,2.546,2.574,2.546,2.574,356,0
20120809,2.574,2.574,2.5553,2.574,3135,0
20120810,2.574,2.574,2.574,2.574,191,0
20120813,2.574,2.574,2.527,2.574,2037,0
20120814,2.574,2.574,2.5366,2.574,787,0
20120816,2.574,2.5929,2.5366,2.5366,4226,0
20120817,2.5366,2.5646,2.5366,2.5646,229,0
20120820,2.6023,2.621,2.5553,2.5835,894,0
20120821,2.5929,2.6492,2.5835,2.6492,1112,0
20120822,2.6492,2.6492,2.6492,2.6492,175,0
20120823,2.6399,2.6492,2.6399,2.6492,117,0
20120824,2.6492,2.6492,2.6492,2.6492,138,0
20120828,2.6586,2.6774,2.6586,2.6774,138,0
20120831,2.6492,2.6774,2.6303,2.6303,1001,0
20120903,2.6303,2.6869,2.6303,2.6869,3299,0
20120904,2.6869,2.7619,2.6492,2.6492,4469,0
20120905,2.6774,2.9123,2.6774,2.715,7690,0
20120906,2.715,2.8089,2.715,2.7244,599,0
20120907,2.7901,2.7901,2.7526,2.7526,122,0
20120910,2.7526,2.8089,2.7526,2.7996,3193,0
20120911,2.8089,2.8183,2.7996,2.7996,2424,0
20120912,2.7996,2.7996,2.7996,2.7996,121,0
20120913,2.7996,2.7996,2.7996,2.7996,27,0
20120914,2.7996,2.7996,2.7056,2.7714,915,0
20120917,2.7714,2.7714,2.7244,2.7244,40,0
20120918,2.7714,2.8089,2.7714,2.7996,988,0
20120919,2.8089,2.8089,2.7996,2.8089,469,0
20120920,2.8089,2.8089,2.7996,2.8089,219,0
20120921,2.8089,2.8089,2.8089,2.8089,611,0
20120924,2.8089,2.8089,2.8089,2.8089,10,0
20120925,2.8089,2.8089,2.7432,2.8089,1195,0
20120926,2.8089,2.8089,2.8089,2.8089,1394,0
20120927,2.8089,2.8089,2.7807,2.7807,542,0
20120928,2.8089,2.8089,2.8089,2.8089,5,0
20121001,2.8089,2.8089,2.8089,2.8089,2081,0
20121002,2.8089,2.8089,2.7432,2.7432,1198,0
20121003,2.7337,2.7337,2.6303,2.6303,15930,0
20121004,2.6303,2.6774,2.6303,2.6774,46,0
20121005,2.6774,2.7619,2.6774,2.7619,1129,0
20121008,2.7807,2.7807,2.6586,2.6586,3396,0
20121009,2.6586,2.6869,2.6399,2.6869,1043,0
20121010,2.6774,2.7056,2.668,2.7056,624,0
20121011,2.6962,2.6962,2.6962,2.6962,16,0
20121012,2.6962,2.6962,2.6303,2.6303,2978,0
20121015,2.6492,2.6869,2.6492,2.6869,1966,0
20121016,2.6869,2.6869,2.6586,2.6869,648,0
20121017,2.6492,2.6774,2.6492,2.6774,532,0
20121018,2.6869,2.6869,2.621,2.6774,2179,0
20121019,2.6774,2.6774,2.6774,2.6774,651,0
20121022,2.6774,2.6774,2.6774,2.6774,74,0
20121023,2.6774,2.6774,2.6586,2.6586,395,0
20121024,2.6774,2.6774,2.621,2.6492,1458,0
20121025,2.621,2.6303,2.621,2.621,3518,0
20121026,2.621,2.6399,2.6116,2.6399,44326,0
20121029,2.6399,2.6586,2.6303,2.6586,532,0
20121030,2.668,2.6869,2.6303,2.6869,1778,0
20121031,2.6869,2.6869,2.6869,2.6869,41,0
20121102,2.6869,2.6869,2.668,2.6869,678,0
20121105,2.6869,2.6869,2.6116,2.6492,4149,0
20121106,2.6586,2.7056,2.6586,2.7056,208,0
20121107,2.715,2.715,2.621,2.621,1119,0
20121108,2.621,2.668,2.621,2.668,16,0
20121109,2.6869,2.6869,2.6869,2.6869,214,0
20121112,2.6962,2.6962,2.6869,2.6869,383,0
20121113,2.6774,2.6774,2.6492,2.6492,2046,0
20121114,2.6492,2.6869,2.6492,2.6492,553,0
20121115,2.6869,2.6869,2.6492,2.6492,2919,0
20121116,2.6492,2.6774,2.6492,2.6774,31,0
20121119,2.668,2.668,2.6116,2.6116,8297,0
20121120,2.6116,2.6492,2.6116,2.6399,5440,0
20121121,2.6399,2.6492,2.6116,2.621,1718,0
20121122,2.6303,2.6303,2.6303,2.6303,545,0
20121123,2.6116,2.6399,2.6116,2.6399,1574,0
20121126,2.6303,2.6399,2.6303,2.6399,1299,0
20121127,2.6399,2.6586,2.6399,2.6492,5701,0
20121128,2.6492,2.6586,2.6399,2.6492,1530,0
20121129,2.6399,2.6586,2.6399,2.6586,549,0
20121130,2.6399,2.6586,2.6399,2.6586,676,0
20121203,2.6399,2.6586,2.6399,2.6399,834,0
20121204,2.6586,2.7244,2.6586,2.7244,6393,0
20121205,2.7337,2.8277,2.7337,2.7714,2060,0
20121206,2.7714,2.7714,2.7526,2.7526,158,0
20121207,2.7526,2.7526,2.7337,2.7432,122,0
20121210,2.7526,2.7526,2.7337,2.7337,331,0
20121211,2.7526,2.7526,2.715,2.7526,292,0
20121212,2.7526,2.7526,2.715,2.7432,223,0
20121213,2.7432,2.7526,2.6962,2.7526,271,0
20121214,2.6869,2.7337,2.6774,2.715,759,0
20121217,2.715,2.715,2.6303,2.668,2277,0
20121218,2.6774,2.6869,2.668,2.6774,1279,0
20121219,2.668,2.6774,2.668,2.668,796,0
20121220,2.6962,2.6962,2.6774,2.6774,963,0
20121221,2.6774,2.7714,2.6774,2.7714,2348,0
20121227,2.7807,2.7807,2.7244,2.7714,139,0
20121228,2.7714,2.7714,2.7244,2.7244,64,0
20130102,2.7714,2.7714,2.7619,2.7714,858,0
20130103,2.7714,2.7714,2.7714,2.7714,71,0
20130104,2.7714,2.7714,2.7619,2.7714,64,0
20130107,2.7714,2.7714,2.7714,2.7714,190,0
20130108,2.7714,2.7714,2.7056,2.7432,291,0
20130109,2.7432,2.7432,2.7244,2.7244,162,0
20130110,2.7244,2.7244,2.7244,2.7244,76,0
20130111,2.7244,2.7432,2.7056,2.7056,569,0
20130114,2.7526,2.7619,2.7244,2.7244,1213,0
20130115,2.7337,2.7337,2.6962,2.7337,64,0
20130116,2.7619,2.7619,2.7526,2.7619,686,0
20130117,2.7619,2.7619,2.7526,2.7619,786,0
20130118,2.7619,2.7619,2.7526,2.7619,1160,0
20130121,2.7619,2.7619,2.7056,2.7056,281,0
20130122,2.7056,2.7432,2.6869,2.7432,399,0
20130123,2.7337,2.7432,2.5929,2.7432,10145,0
20130124,2.7337,2.7337,2.6586,2.668,1774,0
20130125,2.668,2.668,2.668,2.668,351,0
20130128,2.668,2.6962,2.6116,2.6962,1935,0
20130129,2.6869,2.6869,2.668,2.668,40,0
20130130,2.668,2.668,2.668,2.668,287,0
20130131,2.671,2.671,2.6426,2.671,119,0
20130201,2.668,2.668,2.668,2.668,146,0
20130204,2.6492,2.6774,2.6492,2.6774,1004,0
20130205,2.6774,2.6774,2.6774,2.6774,9,0
20130206,2.6774,2.6774,2.6774,2.6774,29,0
20130207,2.6774,2.6962,2.6774,2.6869,327,0
20130208,2.6869,2.715,2.6492,2.6492,1714,0
20130211,2.6869,2.6962,2.6303,2.6962,1126,0
20130212,2.6492,2.6774,2.6303,2.6586,1305,0
20130213,2.6774,2.6869,2.6303,2.6303,869,0
20130214,2.6774,2.6774,2.6399,2.6399,356,0
20130215,2.621,2.6586,2.621,2.6586,640,0
20130218,2.6586,2.668,2.6586,2.668,266,0
20130219,2.6774,2.6774,2.5929,2.621,3241,0
20130220,2.621,2.6303,2.6116,2.6303,236,0
20130221,2.6116,2.6399,2.6116,2.6116,4224,0
20130222,2.6399,2.6399,2.6023,2.6023,298,0
20130225,2.6399,2.6492,2.6116,2.6492,530,0
20130226,2.6492,2.6586,2.6116,2.6116,766,0
20130227,2.6492,2.6492,2.6116,2.621,803,0
20130228,2.6142,2.6236,2.6142,2.6236,298,0
20130301,2.621,2.621,2.621,2.621,229,0
20130304,2.621,2.621,2.621,2.621,118,0
20130305,2.621,2.6586,2.621,2.6586,2639,0
20130306,2.6615,2.6994,2.6615,2.6994,1599,0
20130307,2.6962,2.7714,2.6962,2.7714,7112,0
20130308,2.7619,2.7714,2.6869,2.7714,5161,0
20130311,2.7714,2.7714,2.6774,2.7714,6544,0
20130312,2.7619,2.7619,2.7619,2.7619,1529,0
20130313,2.7714,2.7714,2.6774,2.7337,5419,0
20130314,2.7337,2.7337,2.621,2.6962,2485,0
20130315,2.7337,2.7337,2.6962,2.6962,676,0
20130318,2.6962,2.6962,2.6869,2.6869,107,0
20130319,2.6869,2.6869,2.6399,2.6869,240,0
20130320,2.6869,2.6962,2.668,2.6962,1156,0
20130321,2.6962,2.6962,2.6962,2.6962,10,0
20130322,2.6962,2.6962,2.6399,2.6399,1884,0
20130325,2.6399,2.6586,2.6399,2.6586,490,0
20130326,2.6303,2.6586,2.574,2.5835,3312,0
20130327,2.5835,2.6303,2.5366,2.6303,1366,0
20130328,2.5646,2.5646,2.5366,2.5646,4797,0
20130402,2.5574,2.5574,2.5574,2.5574,15,0
20130403,2.5366,2.5646,2.5366,2.5646,369,0
20130404,2.51,2.5763,2.5006,2.5763,430,0
20130405,2.5668,2.6521,2.5384,2.5384,3923,0
20130408,2.5929,2.6399,2.5835,2.5835,119,0
20130409,2.5835,2.5835,2.4426,2.4426,1433,0
20130410,2.4438,2.4912,2.3869,2.3869,5696,0
20130411,2.4049,2.4426,2.2829,2.4049,16503,0
20130412,2.3016,2.3395,2.3016,2.3301,2034,0
20130415,2.3301,2.349,2.3111,2.3205,3201,0
20130417,2.3016,2.3111,2.2543,2.3016,364,0
20130418,2.4626,2.4626,2.4626,2.4626,13,0
20130419,2.4626,2.4626,2.4626,2.4626,157,0
20130422,2.4532,2.4626,2.4532,2.4532,533,0
20130423,2.4438,2.4626,2.3584,2.3869,1490,0
20130424,2.3869,2.4058,2.3679,2.3869,860,0
20130425,2.4058,2.4058,2.3679,2.3869,100,0
20130426,2.4058,2.4626,2.4058,2.4438,2598,0
20130429,2.4438,2.4438,2.4438,2.4438,139,0
20130430,2.4626,2.4626,2.4152,2.4438,152,0
20130502,2.4626,2.4626,2.4626,2.4626,80,0
20130506,2.4626,2.472,2.4626,2.472,223,0
20130507,2.4626,2.4912,2.4626,2.4912,638,0
20130508,2.4912,2.4912,2.4247,2.4438,504,0
20130509,2.2448,2.3205,2.2448,2.2637,7206,0
20130510,2.3205,2.4438,2.3205,2.4247,2355,0
20130513,2.4438,2.4532,2.4247,2.4247,512,0
20130514,2.4152,2.4532,2.3869,2.3869,2410,0
20130515,2.3679,2.6521,2.3679,2.6521,24463,0
20130516,2.6521,2.6521,2.4626,2.5289,3565,0
20130520,2.472,2.5194,2.4626,2.5194,566,0
20130521,2.472,2.4912,2.3301,2.3301,3156,0
20130522,2.4912,2.4912,2.4532,2.4532,129,0
20130523,2.4532,2.472,2.4532,2.472,1775,0
20130524,2.472,2.472,2.472,2.472,101,0
20130527,2.4815,2.4912,2.4815,2.4912,186,0
20130528,2.4912,2.5574,2.4152,2.548,2374,0
20130529,2.5384,2.5574,2.5384,2.5574,2090,0
20130531,2.4815,2.6047,2.4815,2.5574,692,0
20130603,2.6047,2.6047,2.5574,2.5574,897,0
20130604,2.5384,2.5384,2.4815,2.5384,1371,0
20130605,2.5384,2.5574,2.4815,2.5194,2715,0
20130606,2.5006,2.5194,2.5006,2.5194,2176,0
20130607,2.51,2.51,2.4058,2.4343,6314,0
20130610,2.4343,2.472,2.2448,2.3205,6495,0
20130611,2.2827,2.4152,2.2827,2.3964,6961,0
20130612,2.3679,2.4247,2.3395,2.4247,4818,0
20130613,2.3395,2.4247,2.3301,2.4152,3098,0
20130614,2.4152,2.4152,2.4058,2.4058,801,0
20130617,2.3775,2.4438,2.3775,2.4343,1290,0
20130618,2.4152,2.4532,2.4152,2.4343,862,0
20130619,2.4532,2.4532,2.4343,2.4343,1941,0
20130620,2.4532,2.4532,2.4532,2.4532,21,0
20130621,2.4152,2.4438,2.349,2.3964,1256,0
20130624,2.3679,2.3679,2.3679,2.3679,10,0
20130625,2.349,2.349,2.3205,2.3205,580,0
20130626,2.4152,2.4247,2.3679,2.4152,3948,0
20130627,2.3679,2.3679,2.3679,2.3679,51,0
20130628,2.2732,2.4058,2.2732,2.3205,2001,0
20130701,2.3205,2.4152,2.3205,2.3964,1304,0
20130702,2.3964,2.3964,2.3964,2.3964,106,0
20130703,2.3964,2.3964,2.3775,2.3775,58,0
20130704,2.3775,2.3775,2.3775,2.3775,83,0
20130705,2.3775,2.3775,2.3775,2.3775,36,0
20130708,2.3775,2.3964,2.3775,2.3964,968,0
20130709,2.3964,2.4152,2.3205,2.3964,3529,0
20130710,2.3964,2.3964,2.3964,2.3964,31,0
20130711,2.3964,2.3964,2.3869,2.3964,1077,0
20130712,2.3964,2.3964,2.3964,2.3964,5,0
20130715,2.3964,2.3964,2.349,2.3964,66,0
20130716,2.3964,2.3964,2.3111,2.3869,215,0
20130717,2.3869,2.3869,2.3869,2.3869,41,0
20130718,2.3869,2.3869,2.3584,2.3584,217,0
20130719,2.349,2.4438,2.2732,2.4438,8421,0
20130722,2.4438,2.51,2.4438,2.51,2130,0
20130723,2.472,2.472,2.472,2.472,269,0
20130724,2.51,2.548,2.51,2.51,280,0
20130725,2.51,2.51,2.4438,2.5006,264,0
20130726,2.4626,2.4626,2.3679,2.3679,330,0
20130729,2.4152,2.4438,2.3205,2.4438,291,0
20130730,2.4532,2.4532,2.3679,2.3679,58,0
20130731,2.4438,2.4626,2.3301,2.4626,5165,0
20130801,2.3964,2.3964,2.3395,2.3775,115,0
20130802,2.3205,2.4152,2.3205,2.4152,1121,0
20130805,2.3775,2.4152,2.3205,2.3205,2450,0
20130806,2.3679,2.3869,2.3679,2.3869,212,0
20130807,2.3775,2.3775,2.3205,2.3205,2531,0
20130808,2.3205,2.4152,2.3205,2.4058,5771,0
20130809,2.4058,2.4058,2.3964,2.3964,132,0
20130812,2.3964,2.4058,2.3964,2.3964,750,0
20130813,2.4058,2.4058,2.3301,2.3775,3170,0
20130814,2.3301,2.3301,2.2827,2.3205,5522,0
20130816,2.3205,2.3205,2.3016,2.3111,1834,0
20130819,2.3111,2.4152,2.3111,2.3679,6683,0
20130820,2.3205,2.3301,2.3205,2.3301,137,0
20130821,2.3205,2.3205,2.3205,2.3205,2787,0
20130822,2.3205,2.3679,2.3016,2.3679,3741,0
20130826,2.3679,2.3679,2.3205,2.349,884,0
20130827,2.3301,2.349,2.3205,2.349,2604,0
20130828,2.349,2.349,2.349,2.349,70,0
20130829,2.349,2.349,2.2448,2.2732,7236,0
20130830,2.2637,2.51,2.2637,2.51,17501,0
20130902,2.51,2.51,2.4343,2.472,5531,0
20130903,2.4058,2.4152,2.3679,2.4058,9562,0
20130904,2.3488,2.4061,2.3488,2.4061,180,0
20130905,2.3298,2.4061,2.2725,2.3679,2752,0
20130906,2.3679,2.3679,2.3679,2.3679,1171,0
20130909,2.3205,2.3679,2.3205,2.3679,323,0
20130910,2.3679,2.4152,2.3205,2.3205,6643,0
20130911,2.3205,2.4343,2.3205,2.4343,4541,0
20130912,2.4247,2.4247,2.3111,2.3869,4149,0
20130913,2.3869,2.3869,2.2921,2.3775,6738,0
20130916,2.3775,2.3775,2.2637,2.3205,7348,0
20130917,2.2827,2.3205,2.2827,2.3205,15,0
20130918,2.3016,2.3584,2.3016,2.3016,3421,0
20130919,2.3205,2.3395,2.3205,2.3395,4126,0
20130920,2.3775,2.3775,2.3775,2.3775,1710,0
20130923,2.3679,2.3775,2.3205,2.3205,746,0
20130924,2.3205,2.3775,2.2827,2.3679,2961,0
20130925,2.3679,2.3679,2.3679,2.3679,745,0
20130926,2.3679,2.3775,2.3679,2.3775,1315,0
20130927,2.3775,2.4348,2.3202,2.3966,4133,0
20130930,2.3964,2.3964,2.3679,2.3679,1267,0
20131001,2.3869,2.3869,2.3869,2.3869,5,0
20131002,2.2732,2.3869,2.2732,2.3775,401,0
20131003,2.3775,2.3775,2.3775,2.3775,202,0
20131004,2.3775,2.3775,2.3298,2.3775,121,0
20131007,2.3679,2.3679,2.2732,2.2827,7438,0
20131008,2.2827,2.3584,2.2827,2.3584,1150,0
20131009,2.3584,2.3869,2.3584,2.3584,322,0
20131010,2.3584,2.3964,2.2827,2.3869,1129,0
20131011,2.3869,2.3964,2.3205,2.3301,1686,0
20131014,2.3393,2.3871,2.3393,2.3871,684,0
20131015,2.3871,2.3871,2.3679,2.3679,339,0
20131016,2.3202,2.4348,2.3202,2.4348,376,0
20131017,2.4348,2.4348,2.3775,2.3775,1682,0
20131018,2.3679,2.4061,2.3393,2.3871,3046,0
20131021,2.3775,2.3775,2.3775,2.3775,105,0
20131022,2.3775,2.3775,2.282,2.3202,6891,0
20131023,2.3202,2.3202,2.3202,2.3202,15,0
20131024,2.3202,2.3298,2.2725,2.3298,3440,0
20131025,2.3393,2.3488,2.2629,2.3298,2308,0
20131028,2.2915,2.3488,2.2915,2.3298,1233,0
20131029,2.3488,2.3488,2.2915,2.3298,4952,0
20131030,2.3298,2.3298,2.2915,2.3106,6061,0
20131031,2.2915,2.3298,2.2915,2.3298,2414,0
20131104,2.2915,2.3393,2.2915,2.3393,26,0
20131105,2.2915,2.3393,2.2915,2.3393,69,0
20131106,2.3393,2.3393,2.3393,2.3393,206,0
20131107,2.3393,2.3393,2.282,2.3393,5314,0
20131108,2.3298,2.3298,2.3298,2.3298,31,0
20131112,2.3298,2.3298,2.3106,2.3106,1555,0
20131113,2.3106,2.3393,2.3011,2.3011,3487,0
20131114,2.3011,2.3393,2.282,2.3393,4020,0
20131115,2.3393,2.3393,2.2915,2.3298,1392,0
20131118,2.3393,2.3393,2.2915,2.3393,1729,0
20131119,2.3298,2.3298,2.3298,2.3298,1060,0
20131120,2.3011,2.3393,2.2629,2.3298,8994,0
20131121,2.3202,2.3202,2.2438,2.2915,1518,0
20131122,2.282,2.282,2.282,2.282,36,0
20131125,2.3393,2.3393,2.2533,2.3298,3270,0
20131126,2.3298,2.3298,2.3298,2.3298,64,0
20131127,2.3298,2.3298,2.2725,2.3298,4894,0
20131128,2.2915,2.3106,2.2343,2.3106,4039,0
20131129,2.2915,2.2915,2.2343,2.2915,635,0
20131202,2.2915,2.3106,2.2915,2.3011,10283,0
20131203,2.3106,2.3106,2.2438,2.2438,539,0
20131204,2.196,2.2725,2.196,2.2725,1905,0
20131205,2.2725,2.3011,2.2725,2.2915,189,0
20131206,2.2915,2.4348,2.2915,2.4348,22990,0
20131209,2.4348,2.6258,2.4348,2.6258,21120,0
20131210,2.6162,2.6543,2.6066,2.6543,25827,0
20131211,2.6543,2.7212,2.597,2.7212,28907,0
20131212,2.7212,2.7594,2.6926,2.7403,2378,0
20131213,2.7403,2.7498,2.5397,2.7498,15391,0
20131216,2.7594,2.7594,2.6448,2.7498,3150,0
20131217,2.7498,2.7498,2.7498,2.7498,211,0
20131218,2.7403,2.8071,2.7021,2.8071,17999,0
20131219,2.7976,2.8358,2.7308,2.8358,9918,0
20131220,2.8358,2.8358,2.8071,2.8167,4294,0
20131223,2.8262,2.8262,2.6926,2.7308,10369,0
20131227,2.7689,2.8167,2.7403,2.8167,4550,0
20131230,2.7976,2.8167,2.7976,2.8167,13351,0
20140102,2.8262,3.1986,2.8262,2.9885,18966,0
20140103,2.979,2.979,2.9122,2.9122,2764,0
20140107,2.9122,2.9122,2.6735,2.6735,6303,0
20140108,2.6735,2.7212,2.6639,2.7212,4357,0
20140109,2.7594,2.7594,2.683,2.7116,1006,0
20140110,2.6926,2.7308,2.683,2.7212,739,0
20140113,2.6735,2.7308,2.6735,2.7308,781,0
20140114,2.7308,2.7594,2.683,2.7308,617,0
20140115,2.7308,2.7308,2.6543,2.7308,5971,0
20140116,2.6735,2.6735,2.6353,2.6353,761,0
20140117,2.6735,2.8167,2.6735,2.7785,72511,0
20140120,2.7976,2.7976,2.7785,2.7785,786,0
20140121,2.7881,2.7881,2.7785,2.7785,24,0
20140122,2.7881,2.7881,2.7498,2.7689,2410,0
20140123,2.7881,2.7881,2.7881,2.7881,1830,0
20140124,2.7881,2.7881,2.7689,2.7689,1553,0
20140127,2.7689,2.7689,2.7403,2.7498,1068,0
20140128,2.7498,2.7498,2.7021,2.7021,261,0
20140129,2.7021,2.7021,2.6735,2.7021,7574,0
20140130,2.7498,2.7498,2.6735,2.6735,231,0
20140131,2.683,2.7021,2.683,2.683,5004,0
20140203,2.7403,2.7785,2.7403,2.7785,2776,0
20140204,2.7689,2.7689,2.7308,2.7689,271,0
20140205,2.7308,2.7689,2.7308,2.7689,712,0
20140206,2.7689,2.7689,2.7308,2.7498,1096,0
20140207,2.7308,2.7594,2.7308,2.7498,722,0
20140210,2.7308,2.7403,2.7308,2.7403,50,0
20140211,2.7498,2.7689,2.7498,2.7498,977,0
20140212,2.7594,2.7689,2.7594,2.7689,1439,0
20140213,2.7689,2.7689,2.7689,2.7689,105,0
20140214,2.7594,2.7594,2.7594,2.7594,131,0
20140217,2.7594,2.7689,2.7594,2.7594,434,0
20140218,2.7689,2.7689,2.7308,2.7308,644,0
20140219,2.7308,2.7403,2.7308,2.7308,1741,0
20140220,2.7308,2.7403,2.7308,2.7403,576,0
20140221,2.7689,2.7689,2.7308,2.7308,33,0
20140224,2.7689,2.7689,2.7689,2.7689,26,0
20140225,2.7498,2.7594,2.7308,2.7403,2947,0
20140226,2.7308,2.7594,2.7308,2.7594,71838,0
20140227,2.7308,2.7689,2.7308,2.7689,21507,0
20140228,2.7403,2.7594,2.7403,2.7594,106,0
20140303,2.7403,2.7689,2.597,2.683,6457,0
20140304,2.683,2.7689,2.6353,2.6353,5207,0
20140305,2.6353,2.683,2.6353,2.683,683,0
20140306,2.7021,2.7498,2.7021,2.7498,237,0
20140307,2.7498,2.7498,2.7116,2.7498,363,0
20140310,2.6926,2.7498,2.6735,2.6735,4095,0
20140311,2.7498,2.7498,2.5397,2.7021,9469,0
20140312,2.7021,2.7021,2.7021,2.7021,220,0
20140313,2.6258,2.6258,2.559,2.559,2277,0
20140314,2.5493,2.5493,2.5493,2.5493,48,0
20140317,2.3011,2.5302,2.2915,2.4824,2927,0
20140318,2.4824,2.578,2.4824,2.5017,1287,0
20140319,2.5017,2.5017,2.5017,2.5017,2,0
20140320,2.5017,2.5017,2.5017,2.5017,2,0
20140324,2.492,2.492,2.492,2.492,31,0
20140325,2.492,2.492,2.492,2.492,64,0
20140326,2.4444,2.5017,2.4156,2.4156,1286,0
20140327,2.4824,2.4824,2.3966,2.4061,1051,0
20140328,2.4061,2.4539,2.3393,2.3775,4087,0
20140331,2.3775,2.3871,2.3106,2.3871,3749,0
20140401,2.3871,2.3871,2.3775,2.3871,1058,0
20140402,2.3679,2.3871,2.3583,2.3775,473,0
20140403,2.3583,2.3775,2.3298,2.3775,3116,0
20140404,2.3775,2.3775,2.3011,2.3011,574,0
20140407,2.3202,2.3202,2.2725,2.2915,6907,0
20140408,2.2915,2.3106,2.2915,2.2915,6238,0
20140409,2.2915,2.3106,2.2915,2.2915,1320,0
20140410,2.2915,2.3106,2.2915,2.3106,4687,0
20140411,2.3298,2.3583,2.3202,2.3298,744,0
20140414,2.3106,2.3488,2.3106,2.3393,1328,0
20140415,2.3488,2.3488,2.3202,2.3202,419,0
20140416,2.3202,2.3202,2.3202,2.3202,84,0
20140417,2.3202,2.3202,2.3202,2.3202,492,0
20140422,2.3202,2.4729,2.3202,2.4634,6520,0
20140423,2.4251,2.4251,2.3202,2.3202,694,0
20140424,2.4156,2.4156,2.3488,2.3488,1602,0
20140425,2.3679,2.3679,2.3106,2.3679,5399,0
20140428,2.3583,2.3583,2.2915,2.2915,6494,0
20140429,2.3298,2.3298,2.3202,2.3202,273,0
20140430,2.2533,2.3202,2.2533,2.3202,488,0
20140502,2.3106,2.3106,2.3106,2.3106,29,0
20140505,2.2533,2.3106,2.2533,2.2533,1124,0
20140506,2.2533,2.3298,2.2533,2.2533,538,0
20140507,2.2438,2.2725,2.2438,2.2725,311,0
20140508,2.2725,2.2915,2.2725,2.2915,614,0
20140509,2.2915,2.2915,2.2915,2.2915,21,0
20140512,2.3106,2.3106,2.2343,2.2343,863,0
20140513,2.2343,2.2629,2.2343,2.2343,4572,0
20140514,2.2343,2.2725,2.2343,2.2725,21,0
20140515,2.2725,2.282,2.2725,2.282,1063,0
20140516,2.282,2.282,2.2725,2.282,613,0
20140519,2.2915,2.2915,2.2915,2.2915,2165,0
20140520,2.2915,2.2915,2.2438,2.2438,78,0
20140521,2.2438,2.2915,2.2438,2.2915,70,0
20140522,2.282,2.282,2.2438,2.2438,4806,0
20140523,2.2438,2.3011,2.2438,2.3011,753,0
20140526,2.3011,2.3011,2.2343,2.3011,70,0
20140527,2.2915,2.2915,2.2915,2.2915,39,0
20140528,2.2915,2.2915,2.2915,2.2915,115,0
20140529,2.3397,2.3397,2.253,2.253,45,0
20140530,2.253,2.253,2.253,2.253,36,0
20140602,2.253,2.253,2.2434,2.2434,624,0
20140603,2.2915,2.3012,2.2915,2.3012,277,0
20140604,2.3012,2.3012,2.2434,2.2915,857,0
20140605,2.3012,2.3012,2.3012,2.3012,78,0
20140606,2.3012,2.3012,2.3012,2.3012,21,0
20140609,2.3012,2.3012,2.2915,2.3012,457,0
20140610,2.3012,2.3012,2.2434,2.2434,561,0
20140611,2.2434,2.2434,2.2434,2.2434,27,0
20140612,2.3012,2.3012,2.3012,2.3012,36,0
20140613,2.3012,2.3012,2.2145,2.2145,119,0
20140616,2.2819,2.2819,2.2819,2.2819,78,0
20140617,2.2819,2.2819,2.2049,2.2819,1175,0
20140618,2.2819,2.2819,2.2819,2.2819,50,0
20140620,2.2627,2.2627,2.1856,2.1856,107,0
20140623,2.2627,2.2627,2.2241,2.2241,270,0
20140624,2.2241,2.2627,2.2241,2.2627,48,0
20140625,2.2627,2.2819,2.2241,2.2241,366,0
20140701,2.2338,2.2338,2.2338,2.2338,28,0
20140702,2.2434,2.2434,2.1375,2.1375,4541,0
20140703,2.2241,2.2241,2.2241,2.2241,4,0
20140704,2.2241,2.2241,2.2241,2.2241,192,0
20140707,2.2241,2.2241,2.2241,2.2241,99,0
20140708,2.2145,2.2241,2.2145,2.2241,27,0
20140709,2.2145,2.2241,2.2145,2.2145,3947,0
20140710,2.2145,2.2145,2.2145,2.2145,2830,0
20140711,2.2145,2.3686,2.2145,2.3686,4695,0
20140714,2.3686,2.3686,2.3686,2.3686,394,0
20140715,2.3686,2.3686,2.3686,2.3686,36,0
20140716,2.3589,2.3589,2.3589,2.3589,46,0
20140717,2.3589,2.3589,2.3301,2.3301,112,0
20140718,2.3493,2.3493,2.3012,2.3012,58,0
20140721,2.3493,2.3493,2.2434,2.2434,746,0
20140722,2.2434,2.2434,2.2434,2.2434,976,0
20140723,2.2145,2.3397,2.2145,2.2145,8202,0
20140724,2.2145,2.2145,2.2145,2.2145,41,0
20140725,2.2145,2.2627,2.2145,2.2145,6891,0
20140728,2.2145,2.2145,2.2145,2.2145,767,0
20140729,2.2145,2.2241,2.2145,2.2145,1226,0
20140730,2.2338,2.2338,2.2145,2.2145,3175,0
20140731,2.2145,2.2241,2.2145,2.2145,1476,0
20140801,2.2145,2.2627,2.2145,2.2627,630,0
20140804,2.2627,2.2627,2.2145,2.2145,596,0
20140805,2.2145,2.2145,2.2145,2.2145,26,0
20140806,2.2145,2.2145,2.2145,2.2145,104,0
20140807,2.2145,2.2145,2.2145,2.2145,21,0
20140808,2.2145,2.2145,2.1471,2.1471,1804,0
20140811,2.1567,2.1567,2.1182,2.1182,1152,0
20140813,2.1182,2.1182,2.1182,2.1182,71,0
20140818,2.253,2.253,2.253,2.253,4167,0
20140819,2.1953,2.253,2.1856,2.2145,11515,0
20140821,2.2145,2.2338,2.2145,2.2338,95,0
20140822,2.2338,2.2338,2.2338,2.2338,347,0
20140825,2.2338,2.2338,2.2338,2.2338,19,0
20140826,2.253,2.2627,2.253,2.2627,2389,0
20140827,2.2627,2.2627,2.2627,2.2627,10,0
20140828,2.2627,2.2627,2.2145,2.2145,218,0
20140829,2.2145,2.2145,2.2145,2.2145,271,0
20140901,1.9931,2.1664,1.9931,2.1664,3613,0
20140902,2.1182,2.1182,2.1182,2.1182,1038,0
20140903,2.1471,2.1471,2.1182,2.1182,366,0
20140904,2.1182,2.1182,2.1182,2.1182,36,0
20140905,2.099,2.099,2.0701,2.0701,355,0
20140908,2.0701,2.0701,2.0701,2.0701,3651,0
20140909,2.0701,2.0701,2.0701,2.0701,182,0
20140910,2.0701,2.0893,2.0219,2.0219,1593,0
20140911,1.9738,1.9738,1.9738,1.9738,151,0
20140912,1.9738,2.099,1.9257,2.099,9460,0
20140915,2.099,2.099,2.0219,2.0219,64,0
20140916,2.0123,2.0219,1.9738,1.9738,390,0
20140917,1.9738,2.0123,1.9738,2.0123,812,0
20140918,2.0123,2.0123,1.8872,2.0123,1503,0
20140919,2.0123,2.0123,2.0123,2.0123,12,0
20140922,2.0123,2.0123,2.0123,2.0123,31,0
20140923,2.0123,2.0219,2.0123,2.0219,30,0
20140924,2.0219,2.0219,1.9449,1.9449,1511,0
20140925,1.9834,1.9834,1.9834,1.9834,1754,0
20140926,1.9738,1.9738,1.9545,1.9545,333,0
20140929,1.9834,1.9834,1.9834,1.9834,446,0
20140930,1.9353,1.9834,1.9353,1.9834,51,0
20141001,1.9834,1.9834,1.9834,1.9834,5,0
20141002,1.916,1.916,1.7812,1.7812,3799,0
20141003,1.7812,1.8968,1.7812,1.8775,681,0
20141007,1.8968,1.8968,1.7812,1.7812,1436,0
20141008,1.7331,1.7331,1.7331,1.7331,13,0
20141009,1.8486,1.8486,1.8486,1.8486,49,0
20141010,1.8486,1.8486,1.7716,1.8486,1210,0
20141013,1.839,1.839,1.839,1.839,26,0
20141014,1.839,1.839,1.839,1.839,26,0
20141015,1.839,1.839,1.839,1.839,47,0
20141016,1.8294,1.8294,1.8294,1.8294,16,0
20141017,1.7812,1.8486,1.7812,1.8486,3502,0
20141020,1.8486,1.8486,1.8486,1.8486,10,0
20141021,1.8486,1.8486,1.6946,1.8486,17891,0
20141022,1.8486,1.8486,1.7716,1.8486,758,0
20141023,1.8486,1.8486,1.839,1.839,27007,0
20141024,1.8294,1.8486,1.8294,1.8486,25826,0
20141027,1.8486,1.8486,1.8486,1.8486,8,0
20141028,1.7909,1.8486,1.7909,1.8486,44,0
20141029,1.8486,1.8486,1.8486,1.8486,5,0
20141030,1.8486,1.8486,1.8486,1.8486,2729,0
20141031,1.8486,1.8486,1.8486,1.8486,10,0
20141103,1.8486,1.8486,1.7909,1.839,151,0
20141104,1.8872,1.8872,1.8872,1.8872,5,0
20141105,1.8872,1.8872,1.8872,1.8872,6,0
20141106,1.916,1.916,1.8294,1.916,4447,0
20141107,1.8775,1.8775,1.8775,1.8775,6,0
20141112,1.9064,1.9064,1.8775,1.8775,107,0
20141113,1.9257,1.9257,1.8294,1.9257,112,0
20141114,1.9257,1.9257,1.9257,1.9257,10,0
20141117,1.8294,1.9064,1.8294,1.8294,211,0
20141118,1.9257,1.9257,1.8486,1.9257,203,0
20141119,1.916,1.916,1.916,1.916,41,0
20141120,1.916,1.916,1.916,1.916,135,0
20141121,1.916,1.916,1.916,1.916,10,0
20141124,1.9257,1.9257,1.9257,1.9257,9,0
20141125,1.916,1.916,1.916,1.916,8,0
20141126,1.916,1.916,1.916,1.916,21,0
20141127,1.916,1.9449,1.916,1.9449,5298,0
20141128,1.8775,1.9353,1.8486,1.9353,4160,0
20141201,1.8775,1.8775,1.762,1.8486,1983,0
20141202,1.8294,1.839,1.8294,1.839,820,0
20141208,1.8294,1.8294,1.8294,1.8294,9,0
20141209,1.8005,1.8005,1.7427,1.7427,1811,0
20141210,1.7524,1.7524,1.7524,1.7524,931,0
20141211,1.7812,1.7812,1.6657,1.7235,7000,0
20141212,1.7331,1.7331,1.6368,1.7138,322,0
20141215,1.6368,1.685,1.5405,1.6368,2865,0
20141216,1.6368,1.6368,1.6176,1.6176,383,0
20141217,1.6272,1.6272,1.5405,1.6176,337,0
20141218,1.6079,1.685,1.6079,1.685,11946,0
20141219,1.6946,1.6946,1.6368,1.685,635,0
20141222,1.6946,1.7427,1.6368,1.7235,3494,0
20141223,1.7427,1.7427,1.6368,1.685,1165,0
20141229,1.6753,1.6753,1.6368,1.6368,831,0
20141230,1.6368,1.7331,1.6079,1.7235,1145,0
20150102,1.6561,1.762,1.6561,1.7331,2897,0
20150105,1.7331,1.8198,1.7331,1.7331,966,0
20150107,1.7331,1.7524,1.7331,1.7524,1443,0
20150108,1.7909,1.7909,1.7909,1.7909,489,0
20150109,1.7909,1.8005,1.7909,1.8005,836,0
20150112,1.8005,1.8679,1.8005,1.8679,1189,0
20150113,1.8775,1.8775,1.8775,1.8775,514,0
20150114,1.8968,1.9257,1.8294,1.9257,2324,0
20150115,1.916,1.9353,1.916,1.9353,872,0
20150116,1.9353,1.9353,1.9353,1.9353,526,0
20150119,1.916,1.9545,1.916,1.9545,1093,0
20150120,1.8775,1.9545,1.8775,1.9545,1789,0
20150121,1.9545,1.9545,1.7524,1.762,14140,0
20150122,1.7427,1.7427,1.7427,1.7427,109,0
20150130,1.7427,1.7427,1.7427,1.7427,228,0
20150202,1.7331,1.7331,1.7331,1.7331,21,0
20150203,1.7524,1.7524,1.7331,1.7331,1506,0
20150204,1.7331,1.7812,1.7331,1.7812,1170,0
20150206,1.7812,1.7812,1.7812,1.7812,40,0
20150209,1.7812,1.7812,1.7716,1.7716,350,0
20150210,1.7716,1.7716,1.7716,1.7716,135,0
20150211,1.7716,1.7716,1.7716,1.7716,107,0
20150212,1.7427,1.7427,1.7427,1.7427,208,0
20150216,1.7235,1.7235,1.7235,1.7235,675,0
20150217,1.7235,1.7235,1.7235,1.7235,15,0
20150218,1.7235,1.7235,1.7235,1.7235,15,0
20150219,1.7235,1.7235,1.7235,1.7235,5,0
20150220,1.7235,1.7235,1.7235,1.7235,10,0
20150223,1.7235,1.7235,1.7235,1.7235,37,0
20150224,1.7235,1.7235,1.7235,1.7235,27,0
20150225,1.7235,1.7235,1.7235,1.7235,97,0
20150226,1.7235,1.7235,1.7235,1.7235,23,0
20150227,1.7235,1.7235,1.7235,1.7235,49,0
20150302,1.7235,1.7235,1.7235,1.7235,17,0
20150303,1.7235,1.7235,1.7235,1.7235,102,0
20150304,1.7235,1.7524,1.7235,1.7235,136,0
20150305,1.7235,1.7235,1.6561,1.6561,4959,0
20150306,1.6561,1.7042,1.6464,1.7042,6795,0
20150309,1.685,1.685,1.685,1.685,213,0
20150310,1.6561,1.6753,1.6464,1.6753,5215,0
20150311,1.6753,1.6753,1.6753,1.6753,520,0
20150312,1.6753,1.6753,1.6753,1.6753,218,0
20150313,1.6753,1.6753,1.6753,1.6753,621,0
20150316,1.6753,1.6753,1.6753,1.6753,68,0
20150317,1.6753,1.6753,1.6657,1.6753,1178,0
20150318,1.6657,1.6657,1.6368,1.6368,3975,0
20150319,1.6368,1.6368,1.579,1.579,2406,0
20150320,1.579,1.6176,1.5405,1.6176,12289,0
20150323,1.5405,1.5887,1.5405,1.579,2895,0
20150324,1.579,1.579,1.5213,1.5405,5588,0
20150325,1.5405,1.5694,1.5213,1.5694,741,0
20150326,1.579,1.579,1.4828,1.5405,1714,0
20150327,1.4442,1.5502,1.4442,1.4539,5020,0
20150330,1.4346,1.4346,1.3961,1.4346,3557,0
20150331,1.4346,1.4539,1.3768,1.3768,7773,0
20150401,1.3865,1.4828,1.3865,1.4828,2639,0
20150402,1.4442,1.4442,1.3961,1.4442,3849,0
20150407,1.4442,1.4442,1.4154,1.4442,1191,0
20150408,1.4442,1.4828,1.4442,1.4828,858,0
20150409,1.4442,1.4828,1.4442,1.4828,1653,0
20150410,1.4828,1.4828,1.4828,1.4828,1773,0
20150413,1.4828,1.5213,1.425,1.5213,3591,0
20150414,1.4924,1.4924,1.4924,1.4924,10,0
20150415,1.4635,1.579,1.4635,1.4924,2347,0
20150416,1.502,1.5887,1.4924,1.502,11690,0
20150417,1.5213,1.5213,1.4346,1.4924,2685,0
20150420,1.502,1.5213,1.4442,1.4442,3041,0
20150421,1.4635,1.4635,1.4154,1.4154,1044,0
20150422,1.4154,1.4442,1.4154,1.4442,858,0
20150423,1.4442,1.4442,1.4442,1.4442,297,0
20150424,1.4442,1.4442,1.4442,1.4442,73,0
20150427,1.4442,1.4635,1.4442,1.4442,2067,0
20150428,1.4924,1.4924,1.4442,1.4442,1969,0
20150429,1.4635,1.4924,1.4442,1.4442,902,0
20150430,1.4442,1.4442,1.4442,1.4442,26,0
20150504,1.4442,1.4442,1.4442,1.4442,1366,0
20150505,1.4635,1.4635,1.4635,1.4635,145,0
20150506,1.4635,1.4635,1.4635,1.4635,51,0
20150507,1.4731,1.4731,1.4731,1.4731,10,0
20150508,1.4731,1.4924,1.4731,1.4924,130,0
20150511,1.4924,1.502,1.4924,1.502,4897,0
20150512,1.4924,1.4924,1.4924,1.4924,63,0
20150513,1.4924,1.5213,1.4924,1.5213,182,0
20150514,1.5213,1.5694,1.5213,1.5694,653,0
20150515,1.5694,1.5887,1.5694,1.5887,579,0
20150518,1.5983,1.5983,1.5213,1.5213,286,0
20150520,1.579,1.579,1.5213,1.5213,8045,0
20150521,1.4924,1.5405,1.4924,1.5405,934,0
20150522,1.5405,1.5405,1.5405,1.5405,55,0
20150525,1.4924,1.5213,1.4924,1.5213,416,0
20150526,1.5213,1.5213,1.4924,1.4924,3430,0
20150527,1.502,1.5213,1.502,1.5213,854,0
20150528,1.5405,1.5887,1.5405,1.5405,6457,0
20150529,1.5405,1.5405,1.5405,1.5405,1176,0
20150601,1.5116,1.5405,1.5116,1.5405,587,0
20150602,1.5405,1.5405,1.5405,1.5405,138,0
20150603,1.5405,1.5405,1.5116,1.5405,4031,0
20150605,1.5116,1.5405,1.5116,1.5405,1711,0
20150608,1.5405,1.5405,1.5405,1.5405,156,0
20150609,1.5598,1.5598,1.4442,1.4635,6386,0
20150610,1.425,1.4635,1.425,1.425,590,0
20150611,1.425,1.4635,1.425,1.425,259,0
20150612,1.425,1.425,1.3961,1.3961,852,0
20150615,1.3961,1.3961,1.3961,1.3961,21,0
20150616,1.3672,1.3672,1.3576,1.3576,95,0
20150617,1.3672,1.3865,1.3384,1.3384,1147,0
20150618,1.3672,1.3865,1.3287,1.3865,151,0
20150619,1.4154,1.4154,1.4154,1.4154,46,0
20150622,1.4154,1.4442,1.4154,1.4442,1390,0
20150623,1.4442,1.4442,1.4442,1.4442,21,0
20150624,1.4442,1.4442,1.4442,1.4442,624,0
20150625,1.4442,1.4731,1.4442,1.4731,732,0
20150629,1.4635,1.4635,1.4442,1.4442,1563,0
20150630,1.4635,1.4635,1.4635,1.4635,365,0
20150701,1.4635,1.4731,1.4635,1.4731,818,0
20150703,1.4731,1.4731,1.3768,1.3768,6771,0
20150706,1.3768,1.4154,1.3768,1.4154,3881,0
20150707,1.3865,1.3865,1.3865,1.3865,34,0
20150708,1.3865,1.3865,1.3191,1.3191,2176,0
20150709,1.3576,1.4539,1.3576,1.4539,8526,0
20150710,1.3961,1.3961,1.3576,1.3865,8412,0
20150716,1.3865,1.3865,1.3865,1.3865,104,0
20150717,1.3865,1.3865,1.3865,1.3865,104,0
20150723,1.3865,1.3865,1.3865,1.3865,21,0
20150724,1.348,1.348,1.3384,1.348,177,0
20150727,1.3678,1.3876,1.3678,1.3678,691,0
20150728,1.3678,1.3777,1.3678,1.3777,40,0
20150729,1.3777,1.3777,1.3678,1.3678,35,0
20150730,1.3678,1.3678,1.3678,1.3678,18,0
20150731,1.3678,1.4273,1.3678,1.4273,1029,0
20150803,1.4273,1.4273,1.4273,1.4273,284,0
20150804,1.4273,1.4273,1.4273,1.4273,14,0
20150805,1.4273,1.4273,1.4273,1.4273,12,0
20150806,1.4273,1.4273,1.4273,1.4273,18,0
20150807,1.4273,1.4273,1.4273,1.4273,10,0
20150810,1.4273,1.4867,1.4273,1.4867,5831,0
20150811,1.4867,1.4867,1.4867,1.4867,1202,0
20150812,1.3975,1.4273,1.3975,1.3975,8817,0
20150813,1.3975,1.4669,1.3975,1.4669,1113,0
20150818,1.4273,1.4273,1.3876,1.3876,2292,0
20150819,1.3975,1.3975,1.3975,1.3975,61,0
20150820,1.4173,1.4173,1.4173,1.4173,1033,0
20150825,1.4768,1.5858,1.4768,1.5858,3118,0
20150826,1.5858,1.5858,1.5363,1.5363,1564,0
20150827,1.5858,1.5858,1.5858,1.5858,200,0
20150828,1.5858,1.5858,1.5759,1.5759,198,0
20150831,1.5858,1.5858,1.5858,1.5858,64,0
20150901,1.5858,1.5858,1.5065,1.5858,270,0
20150902,1.5858,1.5858,1.5858,1.5858,237,0
20150903,1.5858,1.5858,1.5759,1.5759,34,0
20150904,1.5759,1.5759,1.5759,1.5759,24,0
20150907,1.5759,1.5759,1.5759,1.5759,38,0
20150908,1.5363,1.5363,1.5363,1.5363,308,0
20150910,1.5363,1.5363,1.5363,1.5363,18,0
20150914,1.5363,1.5363,1.5363,1.5363,3,0
20150915,1.5363,1.5858,1.4074,1.4867,3392,0
20150916,1.4669,1.5561,1.4273,1.5561,1019,0
20150917,1.5264,1.5264,1.5264,1.5264,12,0
20150918,1.5561,1.5858,1.5561,1.5858,1155,0
20150921,1.5858,1.5858,1.5858,1.5858,16,0
20150923,1.5858,1.5858,1.5759,1.5759,58,0
20150924,1.566,1.566,1.5363,1.5363,1406,0
20150925,1.5462,1.5858,1.5264,1.5264,530,0
20150928,1.5264,1.5858,1.5264,1.5858,66,0
20150929,1.5759,1.5759,1.5759,1.5759,15,0
20150930,1.5759,1.5759,1.5759,1.5759,461,0
20151001,1.5759,1.5759,1.5759,1.5759,65,0
20151002,1.5759,1.5759,1.5759,1.5759,50,0
20151005,1.5759,1.5759,1.5759,1.5759,22,0
20151006,1.5759,1.5759,1.5759,1.5759,45,0
20151007,1.5759,1.5759,1.5759,1.5759,24,0
20151008,1.5759,1.5759,1.5759,1.5759,162,0
20151009,1.5759,1.5759,1.5759,1.5759,54,0
20151012,1.5858,1.5858,1.5858,1.5858,22,0
20151013,1.5858,1.5858,1.5264,1.5759,320,0
20151014,1.5759,1.5759,1.5759,1.5759,374,0
20151015,1.5759,1.5759,1.5759,1.5759,43,0
20151016,1.5858,1.5858,1.5858,1.5858,81,0
20151019,1.5858,1.5858,1.5858,1.5858,10,0
20151020,1.566,1.5858,1.566,1.5858,3912,0
20151021,1.5958,1.6354,1.5958,1.6354,1890,0
20151022,1.6552,1.6552,1.5858,1.5858,824,0
20151023,1.5858,1.5858,1.5858,1.5858,655,0
20151026,1.6552,1.6552,1.6354,1.6552,3445,0
20151027,1.6354,1.685,1.6354,1.685,1791,0
20151028,1.6156,1.6354,1.6156,1.6354,2172,0
20151029,1.6255,1.6552,1.6156,1.6453,4742,0
20151030,1.6453,1.6453,1.6354,1.6354,1211,0
20151102,1.6552,1.7841,1.6552,1.7841,14100,0
20151103,1.7841,1.8832,1.7642,1.8634,7784,0
20151104,1.8634,1.9228,1.8634,1.9129,5171,0
20151105,1.9129,1.9129,1.8832,1.8832,3128,0
20151106,1.8832,1.9129,1.8832,1.8832,2129,0
20151109,1.8832,1.9129,1.8832,1.9129,5067,0
20151110,1.9327,1.9327,1.8634,1.8634,5242,0
20151112,1.8832,1.8832,1.794,1.8039,1399,0
20151113,1.8138,1.8138,1.7345,1.7345,11643,0
20151116,1.7147,1.7543,1.685,1.7543,21874,0
20151117,1.7543,1.9228,1.7543,1.8733,3294,0
20151118,1.8733,2.0319,1.8138,1.8138,11898,0
20151119,1.9327,1.9327,1.9327,1.9327,3652,0
20151120,1.9228,1.9228,1.8336,1.9228,1831,0
20151123,1.9228,1.9228,1.8733,1.8733,730,0
20151124,1.8535,1.9129,1.8336,1.9129,1714,0
20151125,1.9129,1.9129,1.7345,1.7345,230,0
20151126,1.9129,1.9228,1.9129,1.9129,355,0
20151127,1.8733,1.8733,1.8733,1.8733,101,0
20151130,1.8733,1.9129,1.8634,1.9129,1211,0
20151201,1.9129,1.9129,1.903,1.9129,94,0
20151202,1.9129,1.9129,1.903,1.9129,192,0
20151203,1.9129,1.9129,1.9129,1.9129,20,0
20151204,1.8832,1.8832,1.7345,1.7444,3683,0
20151207,1.8733,1.9228,1.8733,1.9228,809,0
20151208,1.9228,2.0319,1.9228,1.9922,2965,0
20151209,2.0021,2.0021,1.8832,1.8832,3677,0
20151210,1.8832,1.8832,1.8832,1.8832,297,0
20151211,1.8931,1.9228,1.8832,1.9228,310,0
20151214,1.9129,1.9129,1.8535,1.9129,2580,0
20151215,1.903,1.903,1.8535,1.8733,2211,0
20151216,1.8733,1.8733,1.8733,1.8733,605,0
20151217,1.8733,1.8733,1.8733,1.8733,1444,0
20151218,1.8336,1.8336,1.7841,1.7841,1784,0
20151221,1.8138,1.8138,1.8138,1.8138,3027,0
20151222,1.794,1.8336,1.794,1.8336,1813,0
20151228,1.8634,1.8634,1.8336,1.8336,12,0
20151229,1.8039,1.8832,1.8039,1.8634,102,0
20151230,1.8832,1.8832,1.8535,1.8535,841,0
20160104,1.9724,2.0715,1.7841,2.0715,10735,0
20160105,1.9427,1.9823,1.8336,1.8832,5216,0
20160107,1.9625,2.012,1.9625,2.012,252,0
20160108,1.8832,1.8832,1.8832,1.8832,495,0
20160111,1.9129,1.9129,1.9129,1.9129,1009,0
20160112,1.9129,1.9129,1.8535,1.8535,432,0
20160113,1.8535,1.9129,1.8535,1.8832,760,0
20160114,1.8832,1.8832,1.8535,1.8535,504,0
20160115,1.8535,1.8535,1.8435,1.8435,2026,0
20160118,1.8435,1.9327,1.8435,1.9327,2542,0
20160119,1.9625,1.9625,1.9625,1.9625,3,0
20160120,1.9625,1.9625,1.9625,1.9625,5,0
20160121,1.9625,1.9625,1.903,1.903,106,0
20160125,1.9129,1.9129,1.9129,1.9129,101,0
20160128,1.8634,1.8634,1.8039,1.8634,2072,0
20160203,1.8336,1.8336,1.8336,1.8336,805,0
20160204,1.8336,1.8336,1.8138,1.8138,497,0
20160205,1.8138,1.8138,1.7841,1.7841,2831,0
20160208,1.7841,1.7841,1.7841,1.7841,706,0
20160209,1.8039,1.8039,1.8039,1.8039,14,0
20160211,1.8039,1.8039,1.8039,1.8039,14,0
20160212,1.8039,1.8039,1.8039,1.8039,11,0
20160218,1.8237,1.8237,1.8237,1.8237,1009,0
20160219,1.8237,1.8237,1.7345,1.7345,1418,0
20160222,1.7345,1.8237,1.7345,1.8237,1211,0
20160225,1.8237,1.8237,1.8237,1.8237,47,0
20160226,1.8237,1.8237,1.8237,1.8237,17,0
20160229,1.8237,1.8832,1.8237,1.8832,5408,0
20160301,1.8634,1.8634,1.7742,1.7742,4475,0
20160307,1.7742,1.7742,1.685,1.685,1056,0
20160308,1.6354,1.6354,1.5958,1.5958,472,0
20160309,1.5958,1.5958,1.5958,1.5958,5149,0
20160310,1.5858,1.5858,1.5858,1.5858,33,0
20160311,1.5858,1.5858,1.4273,1.4273,1130,0
20160314,1.3579,1.4074,1.3381,1.4074,3425,0
20160315,1.3975,1.3975,1.2885,1.3876,442,0
20160316,1.348,1.3876,1.3381,1.3876,1661,0
20160317,1.2885,1.3678,1.2885,1.3678,250,0
20160318,1.3579,1.3579,1.3579,1.3579,209,0
20160321,1.2885,1.3876,1.2885,1.3777,2333,0
20160322,1.3678,1.3678,1.3678,1.3678,151,0
20160323,1.3876,1.3876,1.3876,1.3876,1059,0
20160324,1.3876,1.3876,1.3876,1.3876,721,0
20160330,1.3381,1.3381,1.3381,1.3381,303,0
20160331,1.348,1.348,1.2191,1.2885,6885,0
20160401,1.2687,1.5264,1.2687,1.5264,2582,0
20160404,1.4273,1.4372,1.4273,1.4273,7164,0
20160405,1.4273,1.4273,1.4273,1.4273,4228,0
20160406,1.5165,1.5165,1.4966,1.4966,178,0
20160407,1.4966,1.4966,1.4372,1.4372,223,0
20160408,1.4372,1.4372,1.4372,1.4372,10,0
20160411,1.4867,1.4867,1.4867,1.4867,342,0
20160412,1.4867,1.4867,1.4768,1.4867,620,0
20160413,1.4867,1.4867,1.4867,1.4867,15,0
20160414,1.4867,1.4867,1.4768,1.4867,419,0
20160415,1.4867,1.4867,1.4867,1.4867,25,0
20160418,1.4867,1.4966,1.4867,1.4966,269,0
20160419,1.4966,1.4966,1.4966,1.4966,12,0
20160420,1.4966,1.4966,1.4966,1.4966,10,0
20160421,1.4966,1.4966,1.4966,1.4966,10,0
20160422,1.4966,1.4966,1.4966,1.4966,24,0
20160425,1.4966,1.4966,1.4966,1.4966,10,0
20160426,1.4966,1.4966,1.4074,1.4273,1209,0
20160504,1.4867,1.4867,1.4867,1.4867,239,0
20160505,1.4867,1.4867,1.4867,1.4867,28,0
20160506,1.4273,1.5363,1.4273,1.5363,6050,0
20160509,1.5858,1.5958,1.5858,1.5958,252,0
20160510,1.5958,1.5958,1.5958,1.5958,10,0
20160511,1.5958,1.5958,1.5958,1.5958,14,0
20160512,1.5858,1.5858,1.5858,1.5858,8,0
20160513,1.5858,1.5858,1.5858,1.5858,30,0
20160516,1.5363,1.5363,1.348,1.348,6247,0
20160517,1.348,1.348,1.348,1.348,10,0
20160518,1.348,1.348,1.348,1.348,10,0
20160519,1.348,1.348,1.3182,1.3182,8262,0
20160520,1.2885,1.3381,1.2885,1.3381,70,0
20160523,1.3381,1.3381,1.3381,1.3381,7,0
20160524,1.3381,1.3381,1.3381,1.3381,13,0
20160525,1.3381,1.3381,1.3381,1.3381,15,0
20160527,1.3381,1.3381,1.3381,1.3381,10,0
20160530,1.3281,1.3281,1.3281,1.3281,22,0
20160531,1.3281,1.3281,1.2885,1.2885,579,0
20160601,1.2786,1.348,1.2786,1.348,216,0
20160607,1.348,1.348,1.348,1.348,202,0
20160610,1.3083,1.3083,1.3083,1.3083,1,0
20160613,1.348,1.348,1.348,1.348,24,0
20160614,1.3381,1.3381,1.3381,1.3381,251,0
20160615,1.348,1.348,1.2786,1.2885,2370,0
20160617,1.2687,1.2687,1.229,1.229,1816,0
20160620,1.2389,1.3281,1.2389,1.3281,504,0
20160621,1.3281,1.348,1.3281,1.348,186,0
20160622,1.2885,1.2885,1.2488,1.2885,4556,0
20160627,1.2786,1.2786,1.2786,1.2786,10,0
20160628,1.2786,1.2786,1.2786,1.2786,20,0
20160629,1.1894,1.2786,1.1894,1.2786,453,0
20160630,1.2389,1.2786,1.1993,1.2786,118,0
20160701,1.1993,1.2588,1.1993,1.2092,74,0
20160704,1.2687,1.2687,1.1696,1.2092,1832,0
20160705,1.2092,1.2092,1.1398,1.2092,383,0
20160706,1.2092,1.2092,1.1002,1.2092,7729,0
20160707,1.1993,1.1993,1.1002,1.1894,67,0
20160708,1.1894,1.1993,1.1894,1.1894,1275,0
20160711,1.1894,1.1894,1.1894,1.1894,6,0
20160712,1.1894,1.1894,1.1497,1.1497,66,0
20160713,1.1894,1.1894,1.12,1.12,1135,0
20160714,1.1002,1.1101,1.1002,1.1101,41,0
20160715,1.1002,1.1398,1.1002,1.1299,4197,0
20160718,1.1398,1.1398,1.1398,1.1398,8,0
20160719,1.1398,1.1398,1.0903,1.1299,148,0
20160720,1.0903,1.0903,1.0903,1.0903,31,0
20160721,1.0903,1.0903,1.0903,1.0903,24,0
20160722,1.0903,1.0903,1.0903,1.0903,20,0
20160725,1.0903,1.0903,1.0308,1.0804,3956,0
20160726,0.9912,1.0506,0.9912,1.0506,1616,0
20160727,1.0704,1.0704,1.0704,1.0704,907,0
20160728,0.9912,1.0804,0.9912,1.0011,1009,0
20160729,1.0704,1.0704,1.0011,1.0506,1013,0
20160801,1.0605,1.0704,1.0605,1.0704,315,0
20160802,1.0011,1.0011,1.0011,1.0011,116,0
20160803,1.0011,1.0011,1.0011,1.0011,15,0
20160804,1.0605,1.0605,1.0209,1.0209,990,0
20160805,1.0704,1.0804,1.0407,1.0407,3951,0
20160808,1.0407,1.0407,1.0407,1.0407,709,0
20160809,1.0407,1.0804,1.0407,1.0804,116,0
20160810,1.0804,1.1101,1.0804,1.1101,1382,0
20160812,1.12991,1.13982,1.11009,1.13982,10123,0
20160816,1.13982,1.13982,1.12,1.12,113,0
20160817,1.12,1.12,1.12,1.12,1805,0
20160822,1.11,1.11,1.11,1.11,13,0
20160823,1.11,1.11,1.09,1.09,3500,0
20160824,1.14,1.14,1.14,1.14,14,0
20160825,1.14,1.14,1.05,1.05,154,0
20160826,1.05,1.05,1.05,1.05,50,0
20160829,1.05,1.05,1.05,1.05,10,0
20160830,1.05,1.05,1.05,1.05,12,0
20160831,1.05,1.05,1.05,1.05,15,0
20160901,1.05,1.09,1.05,1.09,80,0
20160906,1.09,1.09,1.09,1.09,260,0
20160907,1.15,1.15,1.15,1.15,104,0
20160908,1.15,1.15,1.15,1.15,36,0
20160909,1.15,1.15,1.15,1.15,36,0
20160912,1.15,1.15,1.15,1.15,56,0
20160913,1.11,1.15,1.11,1.15,249,0
20160914,1.15,1.15,1.12,1.12,68,0
20160915,1.08,1.15,1.08,1.15,80,0
20160916,1.15,1.15,1.15,1.15,11,0
20160919,1.15,1.15,1.15,1.15,12,0
20160920,1.15,1.15,1.05,1.05,4724,0
20160921,1.03,1.03,1.03,1.03,132,0
20160922,1.03,1.03,1.03,1.03,10,0
20160923,1.03,1.03,1.03,1.03,15,0
20160926,1.03,1.03,1.02,1.02,335,0
20160927,1.02,1.02,1.02,1.02,100,0
20160928,1.02,1.02,1.02,1.02,25,0
20160929,1.02,1.02,1.02,1.02,12,0
20160930,1.05,1.05,1.02,1.02,141,0
20161003,1.02,1.05,1.02,1.02,815,0
20161004,1.02,1.02,1.02,1.02,10,0
20161005,1.02,1.02,1.02,1.02,159,0
20161006,1.02,1.05,0.99,1.05,2676,0
20161007,1.09,1.09,1.09,1.09,100,0
20161010,1.09,1.09,1.09,1.09,100,0
20161012,1.09,1.09,1.09,1.09,1,0
20161013,1.02,1.06,0.99,1.06,8050,0
20161019,1.02,1.06,0.96,0.96,4026,0
20161020,0.98,1.02,0.93,1.02,3515,0
20161021,1.02,1.02,1.02,1.02,14,0
20161026,1,1,0.96,0.96,592,0
20161027,0.96,1.03,0.96,1.03,115,0
20161028,0.93,0.93,0.93,0.93,830,0
20161031,0.96,1.1,0.96,1.1,8857,0
20161102,1.13,1.13,1.04,1.13,2406,0
20161103,1.15,1.15,1.15,1.15,10,0
20161104,1.15,1.15,1.15,1.15,5,0
20161107,1.15,1.15,1.15,1.15,15,0
