Date,Open,High,Low,Close,Volume,OpenInt
20090525,6.4698,6.4698,5.9103,6.0006,244288,0
20090526,6.2261,6.2261,5.6215,5.7569,47707,0
20090527,5.766,5.766,5.3238,5.4141,38829,0
20090528,5.4231,5.4231,5.2245,5.2787,20359,0
20090529,5.2335,5.5945,5.0981,5.4412,35967,0
20090601,5.6306,5.6306,5.4141,5.5223,8772,0
20090602,5.4141,5.5855,5.3418,5.5674,24601,0
20090603,5.5494,5.5494,5.4141,5.4952,3774,0
20090604,5.4952,5.6215,5.4682,5.4682,6922,0
20090605,5.4682,5.5223,5.4412,5.5223,1470,0
20090608,5.5132,5.5494,5.4141,5.5223,6387,0
20090609,5.5223,5.5223,5.4321,5.5042,2027,0
20090610,5.5042,5.6125,5.5042,5.5494,7689,0
20090612,5.5403,5.6035,5.5313,5.5313,2636,0
20090615,5.4862,5.6396,5.4862,5.6396,1067,0
20090616,5.4862,5.5945,5.4592,5.5945,1950,0
20090617,5.5765,5.6035,5.5494,5.5494,7571,0
20090618,5.4862,5.5674,5.4862,5.5674,324,0
20090619,5.4862,5.5945,5.4772,5.5042,3281,0
20090622,5.4501,5.5494,5.3418,5.4141,11119,0
20090623,5.4141,5.4772,5.3418,5.4772,397,0
20090624,5.5494,5.5494,5.5403,5.5494,4434,0
20090625,5.5674,5.5674,5.4141,5.4141,2080,0
20090626,5.5223,5.5223,5.4141,5.4141,194,0
20090629,5.4772,5.4772,5.4772,5.4772,223,0
20090630,5.4321,5.4321,5.4321,5.4321,777,0
20090701,5.351,5.4682,5.2516,5.4141,4662,0
20090702,5.4682,5.5042,5.3238,5.3238,11840,0
20090703,5.396,5.396,5.396,5.396,332,0
20090706,5.4141,5.4141,5.4141,5.4141,1662,0
20090707,5.369,5.4141,5.369,5.4141,730,0
20090709,5.3058,5.405,5.2335,5.2335,9702,0
20090710,5.2335,5.405,5.2335,5.405,2530,0
20090713,5.405,5.405,5.2335,5.405,1401,0
20090715,5.405,5.405,5.1614,5.3238,1975,0
20090716,5.36,5.36,5.2787,5.36,3855,0
20090717,5.2877,5.405,5.2877,5.405,462,0
20090720,5.2426,5.2426,5.2426,5.2426,1448,0
20090721,5.3058,5.405,5.3058,5.3147,2796,0
20090722,5.3147,5.4952,5.3147,5.4952,462,0
20090723,5.4592,5.4772,5.4592,5.4592,2217,0
20090724,5.4952,5.5583,5.4592,5.4592,4062,0
20090727,5.4952,5.4952,5.378,5.378,2024,0
20090728,5.378,5.4231,5.378,5.4231,208,0
20090729,5.378,5.4141,5.369,5.378,1858,0
20090730,5.4501,5.4862,5.378,5.387,7379,0
20090731,5.4592,5.4592,5.396,5.4141,3353,0
20090803,5.4141,5.4592,5.396,5.4501,1264,0
20090804,5.4231,5.4412,5.4141,5.4231,5588,0
20090805,5.4231,5.4592,5.387,5.4412,9931,0
20090806,5.4412,5.4412,5.3329,5.4141,907,0
20090807,5.4682,5.4682,5.2335,5.4231,7303,0
20090810,5.405,5.405,5.2787,5.2787,1080,0
20090811,5.2967,5.2967,5.2787,5.2787,720,0
20090812,5.2426,5.7299,5.2335,5.6937,37891,0
20090813,5.748,5.9013,5.6937,5.8381,22036,0
20090814,5.8381,5.9464,5.784,5.9284,7853,0
20090817,5.8201,5.9464,5.5583,5.9284,15478,0
20090818,5.9464,6.2081,5.9464,6.181,23417,0
20090819,6.1901,6.4969,6.0096,6.4969,24073,0
20090820,6.3254,6.9841,6.3254,6.9841,15708,0
20090821,6.7134,7.1465,6.4066,7.1465,13590,0
20090824,7.2097,7.8684,7.0923,7.7601,27141,0
20090825,7.706,7.8413,7.2187,7.6699,25592,0
20090826,7.6247,7.6247,6.9932,7.5798,16518,0
20090827,7.5526,7.6247,7.318,7.5798,8624,0
20090828,7.5798,7.9405,7.5798,7.6699,16467,0
20090831,7.1285,7.3089,6.903,7.2187,18768,0
20090901,6.912,7.2187,6.7134,7.1826,8643,0
20090902,6.7224,6.7224,6.515,6.515,2712,0
20090903,6.4517,6.7585,6.0006,6.0006,14630,0
20090904,6.0096,6.6321,6.0096,6.6231,1280,0
20090907,6.6772,6.6772,6.3344,6.6772,390,0
20090908,6.587,6.587,6.136,6.4066,691,0
20090909,6.1991,6.4787,6.0457,6.4698,10485,0
20090910,6.2713,6.2713,6.0186,6.2713,2250,0
20090914,6.4337,6.4337,6.4337,6.4337,10,0
20090915,6.0096,6.4878,5.9554,6.4878,217,0
20090916,6.136,6.4337,6.0636,6.3074,8554,0
20090917,6.3164,6.3164,6.3164,6.3164,156,0
20090918,6.0006,6.136,5.7299,6.0907,1286,0
20090921,6.0907,6.0907,6.0907,6.0907,2252,0
20090922,6.0457,6.2171,5.8651,5.8651,1939,0
20090923,5.9103,6.0817,5.8651,6.0817,774,0
20090924,6.0907,6.136,5.8201,6.0457,2279,0
20090928,5.8651,5.8651,5.8562,5.8562,919,0
20090929,5.8651,5.8651,5.8651,5.8651,2483,0
20090930,5.8651,5.8651,5.4231,5.8471,6813,0
20091001,5.4772,5.775,5.4772,5.775,6745,0
20091002,5.4862,5.4862,5.4862,5.4862,2217,0
20091005,5.4231,5.4231,5.4141,5.4141,2494,0
20091006,5.4592,5.6757,5.4231,5.6757,4210,0
20091007,5.4321,5.6667,5.405,5.6667,2345,0
20091008,5.4862,5.6396,5.4141,5.4231,1927,0
20091009,5.4412,5.4412,5.4231,5.4231,2438,0
20091012,5.4231,5.4592,5.4231,5.4231,2366,0
20091013,5.4321,5.4321,5.4141,5.4231,704,0
20091014,5.4321,5.4321,5.4231,5.4231,2217,0
20091015,5.4141,5.4231,5.0531,5.4141,3903,0
20091016,5.4141,5.6667,5.4141,5.6035,16191,0
20091019,5.6035,5.766,5.5945,5.6577,5939,0
20091020,5.5494,5.6577,5.5494,5.6577,1720,0
20091021,5.5583,5.5583,5.5042,5.5042,512,0
20091022,5.5042,5.5403,5.5042,5.5403,277,0
20091023,5.5583,5.5583,5.5494,5.5494,1008,0
20091026,5.5042,5.5042,5.5042,5.5042,1108,0
20091027,5.4772,5.4772,5.4772,5.4772,417,0
20091029,5.4772,5.5494,5.4772,5.5494,282,0
20091030,5.5223,5.5223,5.5223,5.5223,241,0
20091103,5.5494,5.6306,5.4141,5.5494,620,0
20091105,5.4141,5.5494,5.4141,5.5494,319,0
20091106,5.4321,5.4321,5.4321,5.4321,602,0
20091109,5.5494,5.5494,5.4141,5.4141,1308,0
20091110,5.4141,5.4321,5.369,5.369,1937,0
20091112,5.4592,5.6847,5.4592,5.6847,3549,0
20091113,5.5765,5.766,5.5313,5.748,2899,0
20091116,5.766,5.766,5.766,5.766,1,0
20091117,5.8201,6.3164,5.5674,5.8742,7486,0
20091118,6.0907,6.0907,5.7027,5.739,3202,0
20091119,5.775,5.775,5.6847,5.6847,387,0
20091120,5.6847,5.8201,5.6485,5.8201,939,0
20091124,5.8201,5.8201,5.8201,5.8201,113,0
20091125,5.7299,5.775,5.7299,5.775,3343,0
20091127,5.6035,5.7299,5.6035,5.7299,190,0
20091130,5.6847,5.8201,5.5132,5.8201,3108,0
20091201,6.1719,6.1719,5.8651,6.136,3991,0
20091202,6.0006,6.1269,6.0006,6.1269,749,0
20091203,5.9554,6.0457,5.9554,6.0366,1656,0
20091204,6.1269,6.3164,6.0457,6.3164,9759,0
20091207,6.3254,6.3254,6.154,6.3254,5006,0
20091208,6.3164,6.3164,6.2171,6.2171,4225,0
20091209,6.2261,6.524,6.136,6.515,1352,0
20091210,6.3164,6.4878,6.3164,6.4787,4628,0
20091211,6.3164,6.3164,6.3164,6.3164,1630,0
20091214,6.3164,6.3164,6.3164,6.3164,1692,0
20091215,6.3164,6.3164,6.1901,6.3164,2581,0
20091216,6.3164,6.3164,6.3164,6.3164,710,0
20091217,6.3164,6.3164,6.3164,6.3164,949,0
20091218,6.4337,6.4337,6.1449,6.3164,556,0
20091221,6.2983,6.3164,6.2261,6.2261,14477,0
20091222,6.1449,6.1449,6.136,6.136,1108,0
20091223,6.1449,6.1449,6.0997,6.1449,413,0
20091228,6.0997,6.2261,6.0997,6.2261,166,0
20091229,6.1449,6.1991,6.1449,6.1991,2479,0
20091230,6.2261,6.3796,6.2261,6.2261,112,0
20091231,6.1991,6.1991,6.1901,6.1901,414,0
20100104,6.0907,6.1901,6.0006,6.0006,1828,0
20100105,6.1901,6.4878,6.0096,6.0186,1746,0
20100106,5.7027,6.2713,5.7027,5.9554,4603,0
20100107,5.9646,6.0457,5.7299,6.0457,1948,0
20100108,5.6396,6.0006,5.6396,6.0006,469,0
20100111,6.0186,6.4969,6.0186,6.4969,23172,0
20100112,6.515,6.542,6.3615,6.542,8497,0
20100113,6.587,7.0744,6.4517,7.0744,11088,0
20100114,7.1285,7.2006,6.8578,6.8578,1080,0
20100118,7.1103,7.1103,6.5599,6.903,4671,0
20100119,7.0112,7.4895,7.0112,7.273,26805,0
20100120,7.327,7.4804,7.3089,7.3089,6737,0
20100121,7.1285,7.327,7.1285,7.327,53,0
20100122,7.318,7.318,7.0383,7.1555,2391,0
20100125,7.1555,7.1555,6.948,7.0563,3755,0
20100128,6.5961,7.0383,6.5961,7.0383,175,0
20100129,6.7585,6.8127,6.7585,6.8127,919,0
20100201,6.8127,6.8127,6.8127,6.8127,277,0
20100202,6.8127,6.8127,6.4969,6.7044,9405,0
20100203,6.524,6.7044,6.515,6.6501,956,0
20100204,6.506,6.587,6.4066,6.587,1642,0
20100205,6.1991,6.4878,6.1991,6.4878,1881,0
20100208,6.3254,6.5781,6.0006,6.5781,2590,0
20100209,6.3254,6.587,6.3164,6.587,4949,0
20100212,6.6321,7.0383,6.4969,7.0383,10213,0
20100215,6.948,7.2097,6.939,7.2097,5426,0
20100216,7.0383,7.2097,6.957,7.2097,1260,0
20100218,7.1195,7.1735,7.0383,7.1735,14249,0
20100219,7.0383,7.2006,7.0383,7.2006,3430,0
20100225,7.1917,7.1917,6.8578,7.1826,10167,0
20100226,7.2006,7.8955,7.2006,7.8052,9931,0
20100301,7.5887,7.8052,7.5798,7.8052,6342,0
20100302,7.8142,7.8955,7.8142,7.8955,3758,0
20100303,7.6699,7.8955,7.6699,7.8955,947,0
20100304,7.6337,7.8504,7.6247,7.8504,2898,0
20100305,7.6699,7.8504,7.4443,7.8504,3910,0
20100308,8.1121,8.1121,8.1121,8.1121,100,0
20100309,7.715,8.0218,7.4895,8.0218,17000,0
20100310,7.9405,8.1121,7.9405,8.1121,3546,0
20100312,8.094,8.094,8.094,8.094,8498,0
20100317,7.9405,8.076,7.8504,8.076,5077,0
20100318,7.7781,8.067,7.7781,8.067,1230,0
20100322,7.8052,8.0307,7.8052,8.0307,877,0
20100323,7.6699,7.9857,7.6247,7.9677,9689,0
20100325,7.7691,7.7781,7.7511,7.7601,2625,0
20100326,7.7601,7.7601,7.7601,7.7601,713,0
20100329,7.7601,7.7601,7.7601,7.7601,3587,0
20100330,7.5798,7.8504,7.5706,7.8504,3646,0
20100331,7.5346,7.6699,7.4533,7.6699,5119,0
20100401,7.5798,7.8504,7.5798,7.8504,3823,0
20100406,7.5798,7.9496,7.5798,7.9496,1110,0
20100407,7.706,8.0218,7.706,8.0218,1994,0
20100408,7.6699,7.6699,7.6699,7.6699,997,0
20100409,7.6699,7.8233,7.4895,7.8233,4433,0
20100412,7.5436,7.8413,7.5255,7.7871,5457,0
20100413,7.8052,7.8052,7.3991,7.5616,6202,0
20100414,7.291,7.4895,7.291,7.4895,1330,0
20100415,7.5346,7.5346,6.9932,7.4533,7498,0
20100419,7.0383,7.3812,6.7765,7.1375,7216,0
20100420,7.2187,7.2547,7.1375,7.1375,1574,0
20100421,7.1375,7.3721,6.587,7.3721,15397,0
20100422,7.0383,7.2187,7.0383,7.2187,1713,0
20100426,6.912,7.2187,6.912,7.2187,2150,0
20100427,6.7946,7.2187,6.7946,7.2187,3546,0
20100428,6.948,6.948,6.948,6.948,1166,0
20100430,6.948,6.9662,6.948,6.9662,1853,0
20100504,7.0923,7.0923,7.0923,7.0923,554,0
20100505,6.9932,6.9932,6.7765,6.7765,587,0
20100506,6.912,7.1555,6.912,7.0383,3099,0
20100507,7.0383,7.0383,6.8578,6.8578,1608,0
20100510,7.0923,7.1014,7.0923,7.1014,1334,0
20100511,6.8578,6.948,6.8127,6.948,1470,0
20100512,6.9662,6.9662,6.9662,6.9662,922,0
20100513,7.2097,7.2097,7.0383,7.2097,248,0
20100514,7.1285,7.1285,7.1285,7.1285,554,0
20100517,7.1917,7.2006,7.1917,7.2006,1050,0
20100518,7.2006,7.4895,7.2006,7.4895,1819,0
20100519,7.3541,7.4804,7.3541,7.4804,1794,0
20100520,7.4353,7.6699,7.0833,7.6699,2062,0
20100521,7.9948,7.9948,7.2006,7.8955,8392,0
20100525,7.1917,7.9767,7.1917,7.8955,2200,0
20100527,7.9316,7.9316,7.9316,7.9316,10,0
20100531,7.5798,7.8504,7.5798,7.8504,2099,0
20100601,7.8504,7.8955,7.8504,7.8955,1663,0
20100602,7.715,7.8865,7.3991,7.715,4349,0
20100604,7.7601,7.7601,7.3991,7.3991,49,0
20100607,7.3541,7.4353,7.0833,7.4353,2716,0
20100608,7.6247,7.6247,7.6247,7.6247,428,0
20100609,7.3991,7.3991,7.3991,7.3991,12,0
20100610,7.3991,7.6247,7.3991,7.6247,1331,0
20100614,7.3991,7.6699,7.3991,7.6699,728,0
20100615,7.3991,7.4895,6.9932,7.4895,1800,0
20100616,7.715,7.715,7.715,7.715,975,0
20100618,7.6699,7.6699,7.6699,7.6699,821,0
20100621,7.715,7.9405,7.6247,7.9405,9373,0
20100622,7.6969,8.0307,7.6969,8.0307,5431,0
20100623,7.9405,7.9405,7.9405,7.9405,1108,0
20100624,7.715,8.094,7.715,8.094,3921,0
20100625,7.7601,8.094,7.3089,8.094,5012,0
20100628,8.1211,8.1211,8.1211,8.1211,863,0
20100629,8.1932,8.1932,7.8504,7.8504,2298,0
20100630,8.3015,8.3015,8.3015,8.3015,2217,0
20100701,7.9677,7.9677,7.9677,7.9677,902,0
20100702,8.3015,8.3015,8.1301,8.1301,279,0
20100705,8.2384,8.2384,8.2384,8.2384,133,0
20100708,8.2113,8.2113,7.9857,8.2113,558,0
20100712,8.3285,8.3285,8.3015,8.3015,299,0
20100713,8.3015,8.5541,8.0307,8.5541,6650,0
20100714,8.6535,9.3388,8.482,8.5271,16707,0
20100715,8.5722,8.5722,8.3105,8.5182,905,0
20100716,8.5271,8.5271,8.5271,8.5271,90,0
20100719,8.3917,8.3917,8.3917,8.3917,115,0
20100720,8.3917,8.3917,8.3467,8.3467,874,0
20100721,8.3015,8.5271,8.2835,8.5271,1554,0
20100722,8.3015,8.5271,8.3015,8.5271,1552,0
20100723,8.3196,8.5271,8.3196,8.5271,1491,0
20100726,8.5271,8.5271,8.5271,8.5271,110,0
20100727,8.5271,8.5271,8.5182,8.5182,468,0
20100728,8.1661,8.464,8.058,8.455,5000,0
20100729,8.4279,8.455,8.2113,8.455,867,0
20100730,8.2292,8.5091,8.2292,8.5091,1494,0
20100802,8.5091,8.5091,8.5001,8.5091,1346,0
20100803,8.482,8.482,8.482,8.482,363,0
20100805,8.482,8.482,8.482,8.482,636,0
20100806,8.5271,8.5271,8.2745,8.2745,317,0
20100809,8.2835,8.2835,8.2835,8.2835,219,0
20100811,8.482,8.482,8.3917,8.473,572,0
20100812,8.437,8.437,8.437,8.437,20,0
20100813,8.1301,8.4279,8.0399,8.4279,3666,0
20100816,8.2113,8.2113,8.2113,8.2113,424,0
20100818,8.3015,8.3015,8.3015,8.3015,530,0
20100820,8.3917,8.3917,8.3917,8.3917,161,0
20100823,8.1932,8.3917,8.1932,8.3917,566,0
20100824,8.7165,8.7165,8.3917,8.437,1053,0
20100825,8.5361,8.5993,8.3285,8.5722,1766,0
20100826,8.5722,8.6535,8.5722,8.6535,1800,0
20100827,8.5722,8.5722,8.5091,8.5091,5994,0
20100830,8.5722,8.5722,8.482,8.482,1927,0
20100831,8.3467,8.437,8.3467,8.437,144,0
20100901,8.2564,8.2564,8.2564,8.2564,2217,0
20100902,8.3917,8.6173,8.2564,8.2564,6319,0
20100903,8.3467,8.3467,8.3467,8.3467,337,0
20100906,8.455,8.482,8.455,8.482,1420,0
20100907,8.437,8.482,8.437,8.437,804,0
20100908,8.437,8.437,8.2113,8.437,1512,0
20100909,8.2564,8.473,8.2564,8.3105,161825,0
20100910,8.473,8.482,8.473,8.482,283,0
20100913,8.437,8.482,8.437,8.482,802,0
20100915,8.482,8.482,8.482,8.482,233,0
20100916,8.3015,8.473,8.3015,8.3015,6600,0
20100917,8.3015,8.3015,8.3015,8.3015,1407,0
20100920,8.3015,8.473,8.3015,8.464,864,0
20100924,8.3467,8.3467,8.3467,8.3467,129841,0
20100927,8.5541,8.5541,8.2113,8.2113,764,0
20100928,8.2113,8.3827,8.2113,8.3827,736,0
20100929,8.3827,8.3827,8.1211,8.1211,4940,0
20100930,8.3375,8.3375,8.3375,8.3375,238,0
20101001,8.3015,9.3936,8.1211,8.482,13688,0
20101004,8.473,8.482,8.2202,8.2202,2595,0
20101005,8.3015,8.3015,8.2384,8.2384,54137,0
20101006,8.2292,8.2292,8.2202,8.2202,128,0
20101008,8.473,8.473,8.2202,8.2202,1520,0
20101011,8.2202,8.2202,8.076,8.1211,1549,0
20101012,8.076,8.1211,8.076,8.1211,943,0
20101013,8.1211,8.1211,7.8774,7.9405,287,0
20101014,7.8774,7.8774,7.7691,7.7691,1508,0
20101015,7.7691,7.9948,7.7691,7.9948,1164,0
20101018,7.8504,7.8955,7.8504,7.8955,276,0
20101019,7.9405,7.9948,7.8594,7.9948,632,0
20101021,7.9948,8.2113,7.9948,8.2113,4125,0
20101022,8.0307,8.0307,8.0307,8.0307,89,0
20101025,8.0128,8.1571,8.0128,8.1211,2197,0
20101026,8.1211,8.1211,8.0307,8.0307,3318,0
20101027,8.2113,8.3285,8.2113,8.3285,1126,0
20101029,7.9677,8.3917,7.9677,8.3917,1366,0
20101102,8.2564,8.482,8.2292,8.482,811,0
20101103,8.2292,8.2564,8.2292,8.2292,204,0
20101104,8.3917,8.3917,8.3917,8.3917,1718,0
20101105,8.437,8.5271,8.437,8.5271,2623,0
20101108,8.5541,8.7255,8.3917,8.3917,6477,0
20101109,8.6444,8.6444,8.3015,8.3105,1378,0
20101110,8.482,8.482,8.482,8.482,91,0
20101115,8.2745,8.437,8.139,8.437,2108,0
20101117,8.1751,8.2564,8.1661,8.1841,1993,0
20101118,8.1211,8.3015,8.1211,8.3015,245717,0
20101119,8.3015,8.3015,8.1211,8.3015,1922,0
20101122,8.1211,8.1211,8.1211,8.1211,222,0
20101124,8.1211,8.1211,8.1211,8.1211,541,0
20101125,8.2113,8.2113,8.2113,8.2113,144,0
20101129,7.7691,8.1211,7.7691,8.1211,1405,0
20101130,8.1932,8.1932,8.049,8.049,299,0
20101201,8.1211,8.2113,8.1211,8.2113,2835,0
20101202,8.2113,8.2113,8.0307,8.0307,44211,0
20101203,8.0307,8.0307,7.6247,7.6427,8679,0
20101206,7.9405,7.9405,7.8504,7.9405,443,0
20101207,7.7691,8.049,7.7601,8.049,1950,0
20101209,7.8774,8.1571,7.8684,8.1571,682,0
20101210,8.1121,8.1121,8.1121,8.1121,168,0
20101213,8.085,8.094,7.8955,8.085,1792,0
20101214,7.9496,7.9496,7.9405,7.9405,1247,0
20101215,7.9405,7.9405,7.8594,7.8594,671,0
20101216,7.8594,8.1121,7.8594,8.1121,1427,0
20101217,8.0307,8.0307,7.8413,7.8413,1342,0
20101220,7.6969,8.0307,7.6789,8.0307,1116,0
20101222,7.7421,8.076,7.7421,8.076,888,0
20101223,8.0128,8.0307,7.8504,8.0218,1375,0
20101228,7.9496,7.9496,7.8504,7.8504,133,0
20101229,7.9316,7.9405,7.9316,7.9405,859,0
20101230,7.9405,7.9405,7.9405,7.9405,554,0
20110104,7.9135,8.0307,7.9135,8.0307,210,0
20110105,7.9496,8.1571,7.9135,8.1571,3478,0
20110107,8.1932,8.2384,8.1932,8.2384,2143,0
20110110,8.2113,8.2113,7.9767,7.9767,1971,0
20110112,8.2022,8.2022,7.8955,7.8955,4245,0
20110113,7.8684,7.8684,7.8684,7.8684,84,0
20110114,7.8684,7.8684,7.8684,7.8684,112,0
20110117,7.8774,7.8774,7.8504,7.8504,3308,0
20110118,7.7871,7.7871,7.7781,7.7781,3878,0
20110119,7.7421,8.0037,7.7421,8.0037,2721,0
20110121,7.8052,7.9405,7.8052,7.9405,226,0
20110124,7.9405,8.058,7.9405,8.058,141,0
20110125,7.9405,7.9405,7.9405,7.9405,6985,0
20110126,7.8322,7.8594,7.8322,7.8594,74693,0
20110127,7.7781,7.7781,7.7781,7.7781,550,0
20110128,8.0218,8.0218,8.0218,8.0218,18,0
20110131,8.0307,8.0307,8.0307,8.0307,332,0
20110201,8.085,8.094,8.085,8.094,332,0
20110202,8.094,8.2113,8.094,8.2113,5038,0
20110203,8.1211,8.2113,8.1211,8.2113,526,0
20110204,8.0307,8.076,8.0307,8.076,443,0
20110207,8.076,8.076,8.076,8.076,78,0
20110208,8.076,8.076,7.9767,8.076,875,0
20110209,7.9767,7.9767,7.8504,7.8504,4397,0
20110210,7.9316,7.9316,7.8594,7.8594,466,0
20110211,7.8504,7.8594,7.8504,7.8594,1651,0
20110215,7.9496,8.1571,7.9496,8.1571,333,0
20110216,8.1571,8.1571,8.1571,8.1571,144,0
20110217,7.8684,7.8684,7.8684,7.8684,332,0
20110218,7.9405,7.9405,7.9405,7.9405,126349,0
20110221,8.1211,8.1211,8.1211,8.1211,1053,0
20110222,7.9405,7.9405,7.9405,7.9405,664,0
20110223,8.1211,8.3917,8.1211,8.3917,7738,0
20110224,8.3827,8.5722,8.3015,8.5722,59287,0
20110225,8.6083,8.6083,8.5722,8.5722,362,0
20110228,8.3015,8.5722,8.3015,8.5722,699,0
20110301,8.5632,9.2039,8.5632,9.2039,7585,0
20110302,8.9335,9.916,8.9335,9.4661,42156,0
20110303,9.3839,9.519,9.2039,9.519,2102,0
20110304,9.916,9.916,9.3672,9.791,891,0
20110307,9.836,9.836,9.3839,9.736,2188,0
20110308,9.519,9.836,9.4289,9.836,5103,0
20110309,9.294,9.926,9.294,9.826,1531,0
20110310,9.826,9.826,9.564,9.564,412,0
20110314,9.249,9.556,9.249,9.249,1190,0
20110315,9.4739,9.4739,8.9335,8.9335,3569,0
20110316,9.2394,9.2394,9.2394,9.2394,1108,0
20110318,9.2394,9.971,9.2394,9.971,7855,0
20110321,9.745,9.926,9.745,9.926,3530,0
20110322,9.916,10.341,9.655,9.926,85685,0
20110323,9.926,9.926,9.4739,9.926,70294,0
20110324,9.926,9.926,9.926,9.926,19828,0
20110325,9.926,9.926,9.926,9.926,11082,0
20110328,9.574,9.674,9.564,9.564,652,0
20110329,9.4837,9.502,9.4837,9.502,795,0
20110330,9.745,9.745,9.564,9.564,764,0
20110331,9.4739,9.547,9.249,9.547,1279,0
20110401,9.3839,9.3839,9.2039,9.2039,2549,0
20110404,9.2039,9.294,9.2039,9.294,1556,0
20110405,9.2844,9.2844,8.9786,8.9786,2781,0
20110406,8.9607,8.9607,8.8881,8.9151,715,0
20110407,8.9786,9.2222,8.9241,8.9241,1019,0
20110408,8.9241,9.2039,8.9241,9.2039,269,0
20110411,9.2758,9.2758,9.2758,9.2758,20,0
20110412,8.8068,8.8068,8.8068,8.8068,3253,0
20110413,9.0866,9.0866,9.0866,9.0866,20,0
20110414,9.0688,9.0688,9.0688,9.0688,55,0
20110415,9.0772,9.0772,9.0772,9.0772,449,0
20110418,9.0866,9.2222,9.0866,9.2222,397,0
20110419,9.2672,9.2672,9.2672,9.2672,25,0
20110420,9.1408,9.1408,8.8971,8.8971,2251,0
20110421,8.8971,9.2672,8.8881,9.2672,1229,0
20110426,8.9335,8.9335,8.9335,8.9335,17,0
20110427,9.0237,9.0237,9.0237,9.0237,179,0
20110428,9.0143,9.0143,8.8971,8.8971,387,0
20110429,9.2672,9.538,9.0772,9.4925,27194,0
20110502,9.3124,9.564,9.249,9.564,3192,0
20110504,9.556,9.564,9.519,9.519,1483,0
20110505,9.519,9.556,9.519,9.519,987,0
20110506,9.519,9.519,9.249,9.4739,3776,0
20110509,9.4739,9.4739,9.0237,9.0237,225,0
20110511,9.1408,9.2308,8.7526,8.879,5025,0
20110512,8.7977,9.0143,8.7977,9.0143,556,0
20110513,9.0143,9.1589,9.0143,9.1589,659,0
20110518,9.1408,9.1494,9.114,9.1494,781,0
20110525,9.0237,9.0237,8.843,8.843,257,0
20110527,8.8158,8.9692,8.8068,8.9692,714,0
20110530,9.1312,9.1312,9.0237,9.0237,627,0
20110531,8.852,8.9335,8.8068,8.9335,17287,0
20110603,8.843,8.9335,8.7526,8.7526,2827,0
20110606,8.6173,8.7526,8.5722,8.5722,1901,0
20110607,8.5722,8.5722,8.5722,8.5722,486,0
20110610,8.5722,8.5722,8.5722,8.5722,554,0
20110613,8.5271,8.5271,8.3917,8.3917,2360,0
20110614,8.4098,8.5271,8.4098,8.5271,110,0
20110616,8.455,8.455,8.455,8.455,55,0
20110617,8.5271,8.5271,8.5271,8.5271,210,0
20110620,8.5271,8.5722,8.5271,8.5722,1662,0
20110622,8.482,8.5632,7.715,8.5632,40579,0
20110624,7.7871,7.9405,7.715,7.7601,24548,0
20110627,7.8052,7.8052,7.7962,7.8052,2474,0
20110628,7.9948,8.1211,7.9948,8.1211,6755,0
20110629,8.1301,8.3285,8.1211,8.3285,1618,0
20110630,8.3015,8.482,8.058,8.473,17922,0
20110704,8.2113,8.3917,8.2113,8.3917,610,0
20110705,8.3375,8.3375,8.3375,8.3375,31,0
20110707,7.9677,7.9677,7.9677,7.9677,332,0
20110708,7.9587,7.9587,7.9587,7.9587,222,0
20110711,7.4985,7.8955,7.4985,7.8955,981,0
20110712,7.8955,7.8955,7.8955,7.8955,2469,0
20110714,7.9046,7.9046,7.9046,7.9046,65,0
20110718,7.9857,7.9857,7.8955,7.8955,3103,0
20110720,7.8504,7.8504,7.8052,7.8504,77876,0
20110727,7.7601,8.1211,7.7511,7.7511,1719,0
20110729,7.4895,7.4895,7.4895,7.4895,1008,0
20110801,7.4895,7.4895,7.2277,7.2277,173,0
20110802,7.2367,7.2367,7.1195,7.1195,1457,0
20110803,6.6321,7.1103,6.4156,7.1103,7383,0
20110804,7.1103,7.1103,7.1103,7.1103,100,0
20110805,6.4517,6.7676,6.4517,6.7676,228,0
20110808,6.4608,7.0292,6.136,6.3976,4169,0
20110809,7.0833,7.0833,6.0186,6.515,3311,0
20110810,7.0744,7.0744,6.4066,6.587,1644,0
20110811,6.3164,6.4969,6.3164,6.4969,2451,0
20110812,6.4969,6.4969,6.4969,6.4969,274,0
20110816,6.7224,6.7224,6.4969,6.4969,2433,0
20110817,6.7224,6.7224,6.4156,6.4517,1208,0
20110818,6.4969,6.4969,6.4337,6.4337,1067,0
20110819,6.4608,6.4608,6.4608,6.4608,55,0
20110822,6.4787,6.4787,6.4787,6.4787,1395,0
20110823,6.587,6.6682,6.569,6.6593,23892,0
20110824,6.6772,6.6772,6.6321,6.6321,1717,0
20110826,6.6772,6.6772,6.6321,6.6321,4211,0
20110829,6.8578,6.8578,6.6321,6.7585,5219,0
20110830,6.7676,6.7676,6.7676,6.7676,119,0
20110831,6.7676,6.7676,6.6501,6.7676,1330,0
20110901,6.6501,6.6501,6.6501,6.6501,8,0
20110905,6.6501,6.6501,6.3885,6.542,2038,0
20110906,6.5781,6.5781,6.5781,6.5781,659,0
20110913,6.2713,6.2713,6.2713,6.2713,1330,0
20110914,6.2983,6.5781,6.2983,6.5781,1483,0
20110915,6.2531,6.2531,6.2531,6.2531,10,0
20110919,6.2713,6.3164,6.2713,6.3164,1272,0
20110920,6.3615,6.3615,6.3615,6.3615,189,0
20110922,6.2531,6.2531,6.2531,6.2531,1220,0
20110923,6.2531,6.2531,6.2081,6.2081,1496,0
20110928,6.3254,6.3254,6.3254,6.3254,170,0
20110930,6.2983,6.2983,6.2983,6.2983,332,0
20111003,6.3885,6.3885,6.3885,6.3885,4,0
20111005,6.2983,6.6321,6.2983,6.6321,3075,0
20111006,6.6772,6.6772,6.6772,6.6772,159,0
20111011,6.6682,6.8397,6.6682,6.6772,10544,0
20111012,6.6863,6.6863,6.6863,6.6863,59,0
20111013,6.4517,6.4517,6.4517,6.4517,720,0
20111014,6.4608,6.4608,6.3615,6.3615,1946,0
20111017,6.4156,6.4156,6.3615,6.3615,2874,0
20111018,6.2713,6.2983,6.2261,6.2261,2682,0
20111019,6.2893,6.2893,6.136,6.136,2471,0
20111021,6.0006,6.2442,5.9554,6.0457,6375,0
20111024,6.0457,6.1991,6.0457,6.0457,379,0
20111026,6.2442,6.6321,6.2442,6.6321,1491,0
20111027,6.7224,6.7224,6.7134,6.7224,2587,0
20111028,6.7224,7.0744,6.7224,7.0744,527,0
20111031,7.2187,7.2187,7.2187,7.2187,1,0
20111107,6.7676,6.8487,6.542,6.7676,3837,0
20111108,7.2187,7.3991,6.8307,7.1285,8806,0
20111109,6.948,7.3451,6.948,7.0383,3373,0
20111110,7.2187,7.3991,7.2187,7.3991,4076,0
20111114,7.5798,7.9857,7.0833,7.327,10530,0
20111115,7.6699,7.6699,7.1375,7.4353,4522,0
20111116,7.1375,7.4804,7.1375,7.4263,4078,0
20111117,7.3991,7.4353,7.3991,7.4353,323,0
20111122,7.2637,7.4171,7.2637,7.4171,134608,0
20111124,7.3901,7.3901,7.3901,7.3901,5,0
20111125,7.2187,7.2547,7.1375,7.1375,2801,0
20111128,7.2006,7.2006,7.2006,7.2006,35463,0
20111129,7.2006,7.2457,7.1465,7.1465,241660,0
20111130,7.2151,7.4737,7.2151,7.4737,76,0
20111201,7.1465,7.1465,7.1465,7.1465,659,0
20111202,7.4533,7.4533,7.4443,7.4443,456,0
20111205,7.1375,7.3901,7.1375,7.3901,144,0
20111207,7.1735,7.1735,7.1735,7.1735,16623,0
20111208,7.1375,7.1375,7.0383,7.0383,78,0
20111209,7.0383,7.3089,7.0383,7.3089,105,0
20111212,7.1285,7.1285,6.7676,6.7676,2579,0
20111213,7.3901,7.3901,7.3901,7.3901,3,0
20111215,6.7765,7.0383,6.7765,6.7855,154,0
20111219,6.7855,6.7855,6.7855,6.7855,1108,0
20111220,6.7676,7.0383,6.7676,7.0383,443,0
20111221,6.8578,6.8578,6.7585,6.7585,762,0
20111222,6.542,6.8578,6.542,6.6411,202,0
20111223,7.0112,7.0112,7.0112,7.0112,3,0
20111227,6.948,6.948,6.515,6.93,669,0
20111229,6.7585,6.7676,6.7585,6.7585,1853,0
20120102,6.7224,7.0112,6.7224,7.0112,60,0
20120104,6.8578,6.8578,6.6863,6.8578,387,0
20120105,6.8487,6.8487,6.8487,6.8487,27,0
20120109,6.8487,6.8487,6.8487,6.8487,225,0
20120112,6.8397,7.6699,6.8397,7.3901,11711,0
20120113,7.3901,7.6609,7.318,7.4714,3395,0
20120116,7.5798,7.9405,7.2187,7.6699,106436,0
20120117,7.4985,8.1211,7.4985,7.715,15698,0
20120118,7.9135,7.9948,7.6699,7.7601,141371,0
20120119,7.8052,7.8052,7.4171,7.7331,5631,0
20120120,7.5798,7.7962,7.4985,7.7962,1564,0
20120123,7.6699,7.6699,7.4895,7.4985,737,0
20120124,7.5798,7.5798,7.4985,7.4985,275,0
20120125,7.6247,7.7511,7.6247,7.7511,832,0
20120126,7.7511,7.7601,7.7511,7.7601,178,0
20120131,7.8987,7.9448,7.8987,7.9448,1153,0
20120201,7.9405,7.9405,7.9405,7.9405,222,0
20120202,7.9405,7.9405,7.8052,7.8052,277,0
20120203,7.8052,7.8052,7.8052,7.8052,199,0
20120208,7.6789,7.6789,7.5887,7.6699,573,0
20120209,7.8504,7.8504,7.8504,7.8504,59,0
20120210,7.8504,7.8955,7.8504,7.8504,862,0
20120213,7.8413,7.9496,7.8413,7.9135,5221,0
20120214,7.8955,7.9046,7.8413,7.8413,432,0
20120215,7.8322,8.1121,7.8142,8.1121,19600,0
20120216,8.1121,8.1121,8.0307,8.0307,1164,0
20120217,8.0307,8.2113,8.0307,8.2113,3593,0
20120220,8.437,8.437,8.1211,8.1301,5411,0
20120221,8.1211,8.1211,8.1211,8.1211,5304,0
20120223,8.1211,8.1211,7.8955,8.1211,9602,0
20120224,8.1301,8.1301,8.1301,8.1301,15,0
20120227,8.1301,8.1301,8.1301,8.1301,123,0
20120228,8.1301,8.1301,8.1301,8.1301,25,0
20120229,8.1205,8.1205,7.3074,7.3998,36570,0
20120301,7.4895,8.0307,7.4895,7.9857,16859,0
20120302,7.9857,8.3467,7.9405,8.3467,616,0
20120305,8.3467,8.3467,8.0307,8.3375,821,0
20120306,8.3467,8.3467,7.9767,8.0307,624,0
20120307,7.8052,8.2113,7.7601,8.2113,473,0
20120308,8.3467,8.3467,8.3467,8.3467,65,0
20120309,8.1211,8.1211,8.049,8.1121,22980,0
20120312,8.0307,8.3467,8.0307,8.3467,3083,0
20120313,8.2925,8.2925,7.9405,7.9405,57720,0
20120314,7.8052,8.1211,7.8052,8.0307,6410,0
20120315,8.1571,8.2564,7.9405,8.085,6004,0
20120316,8.2564,8.2564,8.1211,8.2113,43697,0
20120319,8.2113,8.2384,8.1211,8.2384,586,0
20120320,8.2292,8.2292,8.2113,8.2113,3142,0
20120321,8.2292,8.3827,8.2292,8.3467,6482,0
20120322,8.3467,8.3467,7.7601,8.3375,4210,0
20120323,8.3375,8.3737,8.3375,8.3737,41,0
20120326,8.3015,8.3917,8.3015,8.3917,7979,0
20120327,8.3737,8.6895,8.3015,8.6895,5086,0
20120328,8.5903,8.7255,8.5903,8.7075,1859,0
20120329,8.8339,8.8339,8.4459,8.464,1394,0
20120330,8.841,8.841,8.4344,8.7208,3471,0
20120402,8.7165,8.843,8.7165,8.843,1790,0
20120403,8.843,8.8881,8.843,8.879,1651,0
20120404,8.6624,8.879,8.3917,8.3917,972,0
20120405,8.8339,8.8339,8.8339,8.8339,294,0
20120410,8.8339,8.843,8.437,8.437,456,0
20120411,8.843,8.843,8.6624,8.8339,92,0
20120412,8.843,8.843,8.825,8.8339,4028,0
20120413,8.8339,8.87,8.8339,8.87,4812,0
20120416,8.843,8.843,8.825,8.843,5017,0
20120417,8.87,9.3839,8.5993,9.3839,6343,0
20120418,9.3839,9.3839,9.2844,9.2844,1320,0
20120419,9.2039,9.2039,8.9786,8.9786,2244,0
20120420,8.9786,8.9786,8.7526,8.7526,92,0
20120423,8.843,8.843,8.1211,8.1211,2662,0
20120424,7.9225,8.482,7.9225,8.3015,7497,0
20120425,8.482,8.843,8.437,8.843,13792,0
20120426,9.294,9.294,9.1857,9.1857,503,0
20120427,9.0237,9.1945,8.987,9.1945,2638,0
20120502,8.852,8.8609,8.852,8.852,898,0
20120504,8.5993,8.843,8.5993,8.843,564,0
20120507,8.852,9.0058,8.5813,9.0058,2111,0
20120508,8.9335,9.1044,8.9335,8.9335,62381,0
20120509,8.7671,9.2749,8.7671,8.841,4810,0
20120510,9.0255,9.0255,8.6562,9.0161,219809,0
20120511,9.2586,9.294,9.0143,9.0143,393,0
20120514,9.1226,9.1226,8.7347,9.0237,20748,0
20120515,9.114,9.114,9.0772,9.0772,52,0
20120516,8.9335,9.114,8.9335,9.0237,7348,0
20120517,9.1494,9.1589,9.0237,9.0237,1211,0
20120518,8.6624,9.0237,8.6624,9.0237,1233,0
20120521,9.0237,9.1226,8.7165,9.0237,44001,0
20120522,8.6895,9.114,8.482,9.114,6715,0
20120523,9.0688,9.1044,8.87,9.096,2372,0
20120524,8.6624,9.1044,8.6624,8.9335,224505,0
20120525,8.9429,9.0255,8.9429,9.0255,609,0
20120528,9.1494,9.1494,9.1494,9.1494,18,0
20120529,9.1494,9.1494,9.0237,9.0237,123,0
20120530,9.1494,9.2844,9.114,9.1312,5131,0
20120531,9.1274,9.2011,9.0443,9.1274,19438,0
20120601,9.3858,9.3858,9.1187,9.1187,6586,0
20120604,8.8609,8.9786,8.8609,8.9786,289,0
20120605,9.1187,9.3858,9.0537,9.3858,60543,0
20120606,9.3858,9.608,9.3858,9.608,416,0
20120608,9.839,9.839,9.3956,9.4778,1160,0
20120611,9.4778,9.7,9.4778,9.7,1119,0
20120612,9.7,9.7,9.2662,9.7,110,0
20120613,9.7,9.7,9.7,9.7,37,0
20120614,9.931,9.931,9.931,9.931,31,0
20120615,9.931,9.978,9.839,9.839,334,0
20120618,9.931,9.931,9.515,9.904,504,0
20120619,9.885,9.885,9.581,9.581,16034,0
20120620,9.7,9.839,9.7,9.819,1188,0
20120621,9.783,9.783,9.765,9.765,43333,0
20120622,9.515,9.7,9.468,9.7,347,0
20120625,9.691,9.691,9.691,9.691,37,0
20120626,9.608,9.728,9.4514,9.691,398,0
20120627,9.765,9.765,9.682,9.682,168,0
20120628,9.682,9.682,9.525,9.673,1674,0
20120629,9.691,9.691,9.608,9.608,5000,0
20120702,9.7,9.7,9.2749,9.7,2506,0
20120703,9.7,9.7,9.3398,9.7,3086,0
20120704,9.3496,9.552,9.33,9.33,5132,0
20120705,9.468,9.468,9.3398,9.468,737,0
20120706,9.468,9.654,9.468,9.654,2201,0
20120709,9.654,9.654,9.422,9.654,122,0
20120710,9.654,9.654,9.33,9.644,3005,0
20120711,9.654,9.654,9.33,9.33,4353,0
20120712,9.636,9.636,9.3398,9.562,2983,0
20120713,9.636,9.636,9.3956,9.589,171,0
20120716,9.33,9.562,8.6839,9.0443,5774,0
20120717,8.7763,9.33,8.7763,9.33,20669,0
20120718,9.4778,9.608,9.3858,9.608,24528,0
20120719,9.608,9.608,9.2385,9.608,25718,0
20120720,9.3682,9.858,9.3682,9.839,11136,0
20120723,9.811,9.811,9.608,9.608,4011,0
20120724,9.608,9.608,9.376,9.515,737,0
20120725,9.0996,9.422,9.0996,9.422,49,0
20120726,9.1455,9.598,9.1455,9.598,1230,0
20120727,9.562,9.598,9.562,9.598,3556,0
20120730,9.608,9.608,9.608,9.608,179,0
20120731,9.608,10.06,9.608,10.024,13897,0
20120801,10.135,10.135,9.562,9.562,126,0
20120802,9.885,9.885,9.885,9.885,6497,0
20120803,9.885,9.885,9.793,9.875,664,0
20120806,10.096,10.096,9.875,10.096,16801,0
20120807,10.106,10.135,9.895,10.06,573,0
20120808,10.05,10.05,9.608,9.608,570,0
20120809,10.116,10.116,9.608,9.865,4342,0
20120810,9.422,9.875,9.422,9.7,12177,0
20120813,9.644,10.014,9.608,10.014,758,0
20120814,10.034,10.162,10.034,10.162,3096,0
20120816,10.532,10.532,9.858,10.152,22011,0
20120817,10.605,10.605,10.116,10.55,327,0
20120820,9.987,10.467,9.849,10.393,15718,0
20120821,10.393,10.578,10.208,10.578,6225,0
20120822,9.987,10.532,9.987,10.522,1727,0
20120823,10.578,10.578,10.255,10.393,1820,0
20120824,10.568,10.568,10.375,10.458,269,0
20120827,10.624,10.669,10.162,10.162,12952,0
20120828,10.439,10.55,10.208,10.476,16553,0
20120829,10.265,10.43,10.255,10.43,4468,0
20120830,10.55,10.55,10.347,10.347,628,0
20120831,10.301,10.347,10.255,10.347,13183,0
20120903,10.486,10.947,10.476,10.762,4044,0
20120904,10.947,10.947,10.855,10.938,14798,0
20120905,10.947,12.01,10.947,11.798,5666,0
20120906,11.779,11.982,11.363,11.373,25906,0
20120907,11.788,11.788,11.327,11.492,1160,0
20120910,11.899,11.899,11.289,11.289,99,0
20120911,11.769,11.769,11.456,11.63,4236,0
20120912,11.594,11.64,11.584,11.64,20417,0
20120913,11.64,11.825,11.64,11.64,249,0
20120914,11.926,11.926,11.086,11.086,6820,0
20120917,11.751,11.751,11.169,11.567,1181,0
20120918,11.502,11.834,11.502,11.723,2267,0
20120919,11.834,11.834,11.548,11.64,38773,0
20120920,11.806,11.844,11.465,11.825,38320,0
20120921,11.825,11.871,11.65,11.871,261,0
20120924,11.871,12.01,11.825,12.01,8907,0
20120925,12.01,12.01,11.825,12.01,50262,0
20120926,11.964,12.001,11.604,12.001,9130,0
20120927,11.964,12.01,11.363,11.733,110442,0
20120928,11.917,12.425,11.917,12.01,16452,0
20121001,12.13,12.241,11.871,12.14,2414,0
20121002,12.047,12.047,11.964,11.964,8720,0
20121003,12.241,12.241,12.01,12.01,2899,0
20121004,12.01,12.232,12.01,12.232,1159,0
20121005,12.232,12.232,12.019,12.047,5519,0
20121008,12.13,12.13,12.01,12.01,1235,0
20121009,12.01,12.01,11.779,11.779,2348,0
20121010,11.779,11.982,11.548,11.945,3979,0
20121011,11.955,11.991,11.917,11.917,14476,0
20121012,11.64,12.001,11.594,12.001,45126,0
20121015,12.001,12.001,11.714,11.991,520,0
20121016,12.01,12.01,11.558,11.558,4156,0
20121017,11.815,11.917,11.567,11.853,13779,0
20121018,11.964,11.991,11.844,11.991,18055,0
20121019,11.991,12.001,11.917,11.917,766,0
20121022,11.844,11.917,11.844,11.844,1769,0
20121023,11.456,12.001,11.456,12.001,64,0
20121024,11.909,11.909,11.456,11.88,320,0
20121025,11.474,11.88,11.456,11.456,1091,0
20121026,11.363,11.917,11.261,11.482,59660,0
20121029,11.492,11.548,11.482,11.548,266,0
20121030,11.482,11.733,11.482,11.714,1369,0
20121031,11.548,11.548,11.548,11.548,31849,0
20121102,11.482,11.502,11.482,11.502,1095,0
20121105,11.696,11.696,11.482,11.528,631,0
20121106,11.696,11.696,11.482,11.622,5268,0
20121107,11.482,11.63,11.482,11.63,964,0
20121108,11.723,11.733,11.705,11.733,518,0
20121109,11.548,12.453,11.548,12.453,88006,0
20121112,12.453,13.026,12.453,12.868,2775,0
20121113,12.868,12.897,12.815,12.841,1277,0
20121114,12.887,12.887,12.841,12.841,305,0
20121115,12.241,12.841,12.241,12.831,2610,0
20121116,12.656,12.656,12.656,12.656,27,0
20121119,12.841,12.841,12.333,12.656,2479,0
20121120,12.656,12.739,12.232,12.472,9418,0
20121121,12.841,12.841,12.157,12.831,409,0
20121122,12.831,12.831,12.379,12.425,1749,0
20121123,12.425,12.564,12.425,12.482,492,0
20121126,12.785,12.805,12.472,12.805,6997,0
20121127,12.795,12.795,12.749,12.775,340,0
20121128,12.749,12.821,12.61,12.821,6828,0
20121129,12.795,12.821,12.795,12.821,9936,0
20121130,12.749,12.831,12.749,12.821,8018,0
20121203,12.592,12.821,12.361,12.821,4049,0
20121204,12.656,12.887,12.592,12.887,3349,0
20121205,12.878,13.1,12.775,13.091,17418,0
20121206,13.091,13.1,13.091,13.1,1231,0
20121207,13.072,13.072,13.072,13.072,37,0
20121210,13.082,13.082,13.082,13.082,46,0
20121211,13.082,13.082,12.795,13.062,428,0
20121212,13.082,13.082,12.749,13.045,185,0
20121213,13.026,13.045,12.703,13.045,16800,0
20121214,12.795,12.841,12.795,12.841,248,0
20121217,12.831,12.831,12.821,12.821,27170,0
20121218,12.703,12.785,12.195,12.785,56050,0
20121219,12.821,12.924,12.821,12.868,33874,0
20121220,12.924,12.924,12.887,12.924,2039,0
20121221,12.887,12.924,12.887,12.924,26631,0
20121227,12.924,12.924,12.924,12.924,197,0
20121228,13.303,13.479,12.961,13.387,2792,0
20130102,13.45,13.479,13.303,13.442,1045,0
20130103,13.442,13.442,13.442,13.442,418,0
20130104,13.479,13.479,13.072,13.072,2159,0
20130107,13.294,13.294,13.294,13.294,326,0
20130108,13.294,13.561,12.887,12.934,4732,0
20130109,12.528,13.1,12.528,12.693,3606,0
20130110,12.841,12.841,12.831,12.831,410,0
20130111,12.574,12.915,12.574,12.915,43739,0
20130114,12.795,12.795,12.564,12.666,337,0
20130115,12.61,12.831,12.61,12.815,473,0
20130116,12.795,12.795,12.749,12.749,68,0
20130117,12.815,13.026,12.775,13.026,522,0
20130118,13.072,13.072,12.934,13.053,12007,0
20130121,13.026,13.118,13.026,13.036,5422,0
20130122,13.007,13.062,12.683,13.036,725,0
20130123,12.693,13.036,12.693,12.934,12505,0
20130124,13.026,13.026,12.749,13.026,12637,0
20130125,13.007,13.072,12.998,13.072,31885,0
20130128,13.072,13.072,12.943,13.072,706,0
20130129,13.072,13.571,13.072,13.571,2786,0
20130130,13.016,13.571,13.016,13.561,433,0
20130131,13.211,13.543,13.164,13.488,2841,0
20130201,13.469,13.469,13.016,13.303,2189,0
20130204,13.202,13.202,13.202,13.202,40,0
20130205,13.192,13.192,13.026,13.146,193,0
20130206,13.349,13.349,12.693,13.091,26274,0
20130207,13.072,13.072,13.016,13.016,144,0
20130208,13.007,13.072,12.574,13.072,1105,0
20130211,13.118,13.118,12.722,13.072,2618,0
20130212,13.211,13.442,13.211,13.442,9906,0
20130213,13.479,13.599,13.284,13.599,5037,0
20130214,13.765,14.69,13.534,14.634,4925,0
20130215,14.569,16.075,14.569,15.686,4747,0
20130218,16.056,16.075,15.27,15.862,1635,0
20130219,15.862,16.813,15.843,16.803,28382,0
20130220,16.803,16.803,16.343,16.351,2955,0
20130221,15.751,16.343,15.52,15.751,6266,0
20130222,16.121,16.351,15.853,16.075,18843,0
20130225,16.803,16.803,15.937,16.056,2770,0
20130226,16.287,16.665,15.696,16.065,6495,0
20130227,16.083,16.083,15.335,15.937,979,0
20130228,15.861,15.937,15.392,15.889,1896,0
20130301,15.899,15.899,15.705,15.705,1438,0
20130304,15.447,15.917,15.447,15.705,743,0
20130305,15.705,15.862,15.705,15.825,11741,0
20130306,15.881,16.075,15.705,15.937,421,0
20130307,15.937,15.946,15.668,15.686,854,0
20130308,15.686,15.686,15.243,15.668,1054,0
20130311,15.668,15.668,15.464,15.51,11533,0
20130312,15.612,15.937,15.612,15.927,5926,0
20130313,15.946,15.946,15.678,15.946,2543,0
20130314,15.946,15.946,15.612,15.612,2590,0
20130315,15.428,15.946,15.428,15.937,1185,0
20130318,15.797,15.917,15.705,15.705,4195,0
20130319,15.715,15.715,15.612,15.612,652,0
20130320,15.705,15.797,15.705,15.797,61,0
20130321,15.659,15.659,15.243,15.243,1400,0
20130322,15.243,15.705,14.412,15.012,4738,0
20130325,14.818,15.612,14.782,15.428,5189,0
20130326,15.659,15.659,15.428,15.566,288,0
20130327,15.263,15.335,15.263,15.335,63,0
20130328,15.068,15.335,14.966,14.966,919,0
20130402,15.686,15.686,15.51,15.51,46,0
20130403,15.428,15.428,14.873,15.299,1113,0
20130404,15.207,15.207,14.79,15.039,8458,0
20130405,15.104,15.104,14.782,14.782,3193,0
20130408,15.104,15.104,14.421,14.504,717,0
20130409,14.957,14.957,14.319,14.716,459,0
20130410,14.412,14.661,14.412,14.661,231,0
20130411,14.634,14.634,14.208,14.605,1822,0
20130412,14.605,14.605,14.108,14.541,988,0
20130415,14.237,14.237,14.227,14.227,512,0
20130417,14.227,14.227,14.134,14.134,1279,0
20130418,14.134,14.134,14.134,14.134,1855,0
20130419,14.134,14.134,13.404,13.442,5911,0
20130422,13.442,13.488,12.943,13.488,483,0
20130423,13.847,13.847,13.396,13.396,44,0
20130424,13.847,13.847,13.719,13.719,408,0
20130425,13.83,13.857,13.719,13.857,963,0
20130426,13.673,13.857,13.673,13.857,580,0
20130430,13.861,13.861,13.833,13.833,21807,0
20130506,13.072,14.032,13.072,14.006,556,0
20130507,15.207,15.224,14.596,14.744,24792,0
20130508,14.476,14.782,14.412,14.643,23677,0
20130509,14.393,14.69,14.144,14.309,2641,0
20130510,14.144,14.154,14.006,14.006,991,0
20130513,14.088,14.088,13.691,13.857,1520,0
20130514,13.847,13.847,13.847,13.847,704,0
20130515,13.857,13.857,13.396,13.737,16732,0
20130516,13.737,13.857,13.737,13.746,989,0
20130517,13.857,13.857,13.847,13.847,178,0
20130520,13.488,13.847,13.488,13.488,1329,0
20130521,13.488,13.543,13.488,13.534,452,0
20130522,13.534,13.746,13.534,13.746,516,0
20130523,13.58,13.839,13.534,13.811,852,0
20130524,13.811,13.811,13.553,13.811,877,0
20130527,13.857,13.95,13.811,13.95,3857,0
20130528,14.039,14.753,14.029,14.499,11453,0
20130529,14.415,14.415,14.396,14.396,582,0
20130531,14.368,14.415,14.358,14.415,309,0
20130603,14.458,14.68,14.458,14.458,1263,0
20130604,14.462,14.782,14.462,14.782,5796,0
20130605,14.688,14.772,14.462,14.462,2459,0
20130606,14.415,14.772,14.321,14.321,2921,0
20130607,14.321,14.762,14.293,14.331,1809,0
20130610,14.338,14.661,14.338,14.365,365,0
20130611,14.594,14.641,14.368,14.594,327,0
20130612,14.556,14.556,14.499,14.556,210,0
20130613,14.565,14.594,14.565,14.574,867,0
20130614,14.574,14.574,14.499,14.499,86,0
20130617,14.499,14.875,14.462,14.875,9655,0
20130618,14.875,14.875,14.829,14.875,1230,0
20130619,14.866,15.044,14.782,14.782,1786,0
20130620,15.12,15.682,15.026,15.12,6209,0
20130621,15.026,15.073,15.016,15.016,4761,0
20130624,15.007,15.007,14.368,14.837,1089,0
20130625,14.837,14.837,14.65,14.837,821,0
20130626,14.527,15.007,14.527,15.007,1313,0
20130627,15.016,15.016,14.34,14.34,1110,0
20130628,14.34,14.65,14.302,14.65,292,0
20130701,14.65,14.762,14.65,14.762,1071,0
20130702,14.311,14.378,14.143,14.378,476,0
20130703,14.378,14.378,14.378,14.378,106,0
20130704,14.387,14.743,14.2,14.743,483,0
20130708,14.603,14.603,14.603,14.603,46,0
20130709,14.743,14.743,14.65,14.65,37,0
20130710,14.556,14.556,14.227,14.509,249,0
20130711,14.735,14.762,14.603,14.603,484,0
20130712,14.556,14.556,14.086,14.19,1719,0
20130715,14.293,14.396,14.086,14.396,733,0
20130716,14.405,14.405,14.368,14.368,56,0
20130717,14.396,14.396,14.086,14.358,158,0
20130718,14.358,14.368,14.358,14.368,819,0
20130722,14.368,14.368,14.274,14.368,452,0
20130723,14.368,14.368,14.368,14.368,36,0
20130724,14.133,14.18,14.133,14.18,499,0
20130725,14.462,14.462,14.462,14.462,138,0
20130726,14.086,14.086,14.086,14.086,373,0
20130729,13.992,13.992,13.588,13.617,885,0
20130730,13.617,14.17,12.678,14.17,5325,0
20130731,13.992,14.556,13.992,14.556,3450,0
20130801,14.556,14.913,14.547,14.913,25341,0
20130802,14.913,14.913,14.913,14.913,2,0
20130805,14.302,14.556,14.302,14.556,460,0
20130806,14.884,14.884,14.884,14.884,49,0
20130807,14.866,14.866,14.79,14.79,116,0
20130808,14.556,14.79,14.556,14.565,1437,0
20130809,14.565,14.79,14.34,14.79,594,0
20130812,14.743,14.743,14.743,14.743,652,0
20130813,14.556,14.913,14.415,14.556,1191,0
20130814,14.913,15.449,14.913,15.12,2981,0
20130816,15.476,16.799,15.456,15.955,4640,0
20130819,15.964,15.964,15.231,15.241,402,0
20130820,15.449,15.449,14.978,14.978,1922,0
20130821,15.016,15.016,14.556,14.659,1234,0
20130822,15.016,15.016,14.922,14.978,2115,0
20130823,15.026,15.026,14.735,15.026,15076,0
20130826,15.073,15.974,15.073,15.87,13792,0
20130827,15.964,16.34,15.87,15.984,17762,0
20130828,15.598,16.434,15.598,16.406,3498,0
20130829,16.396,16.903,16.396,16.809,18398,0
20130830,16.528,16.809,16.528,16.809,181,0
20130902,16.762,16.903,16.762,16.847,3164,0
20130903,16.809,18.491,16.809,18.031,11181,0
20130904,18.031,18.031,16.913,17.448,1210,0
20130905,17.448,17.749,16.903,17.091,2493,0
20130906,16.903,18.031,16.903,18.031,1584,0
20130909,18.875,18.875,18.219,18.593,1949,0
20130910,18.875,18.875,18.64,18.875,1131,0
20130911,18.781,18.781,18.687,18.781,157,0
20130912,18.781,18.866,18.219,18.219,1465,0
20130913,18.772,18.772,17.796,18.219,13829,0
20130916,18.219,18.801,17.843,18.801,466,0
20130917,18.678,18.678,18.678,18.678,54,0
20130918,18.678,18.678,18.593,18.593,213,0
20130919,18.678,18.687,17.843,18.678,795,0
20130920,18.593,18.593,18.593,18.593,58,0
20130923,18.678,18.687,18.593,18.687,181,0
20130924,18.687,18.687,17.861,18.687,575,0
20130926,18.678,18.678,17.861,18.669,468,0
20130927,18.875,19.721,18.875,19.251,2931,0
20130930,19.251,19.251,18.219,18.969,923,0
20131001,18.96,18.969,18.96,18.969,877,0
20131002,18.969,18.969,18.969,18.969,75,0
20131003,18.969,18.969,18.781,18.781,828,0
20131004,18.781,18.969,18.781,18.969,190,0
20131007,18.781,18.781,18.546,18.734,378,0
20131008,18.734,19.016,18.734,19.007,282,0
20131009,19.007,19.007,19.007,19.007,694,0
20131010,19.007,19.007,18.969,18.969,53,0
20131011,18.828,18.828,18.546,18.781,3606,0
20131014,18.5,18.687,18.321,18.687,1099,0
20131015,18.687,18.687,18.687,18.687,1597,0
20131016,18.969,18.969,18.969,18.969,10,0
20131017,18.969,19.711,18.969,19.711,6893,0
20131018,19.721,20.556,19.721,20.472,2736,0
20131021,20.547,21.551,20.547,21.551,1242,0
20131022,21.598,22.059,21.598,22.059,193,0
20131023,21.551,21.551,20.153,21.045,1876,0
20131024,21.42,21.42,21.42,21.42,2323,0
20131025,19.956,21.13,19.956,21.036,280,0
20131028,19.815,21.551,19.815,21.551,6833,0
20131029,21.036,21.551,21.026,21.551,514,0
20131030,21.261,21.261,20.378,20.754,2872,0
20131031,20.754,20.754,19.824,19.862,6352,0
20131104,18.951,19.899,18.36,18.593,4330,0
20131105,17.758,18.303,17.195,17.937,10152,0
20131106,17.937,18.593,17.917,18.593,621,0
20131107,18.781,19.167,18.781,18.969,345,0
20131108,18.125,19.016,17.89,19.016,4434,0
20131112,18.228,18.875,17.843,18.875,2726,0
20131113,18.781,18.781,18.125,18.152,254,0
20131114,18.313,18.313,18.313,18.313,53,0
20131115,18.313,18.313,17.843,17.843,364,0
20131118,18.725,18.725,18.313,18.313,204,0
20131119,17.89,18.293,17.806,18.219,649,0
20131120,18.172,18.734,17.833,18.734,2528,0
20131121,18.781,19.157,18.781,18.875,3434,0
20131122,19.147,19.147,18.781,18.781,63,0
20131125,18.5,18.687,18.5,18.5,370,0
20131126,18.5,18.772,18.5,18.764,1064,0
20131127,18.65,18.65,18.313,18.313,763,0
20131128,17.843,18.593,17.843,18.566,1033,0
20131129,18.669,18.669,18.669,18.669,58,0
20131202,17.853,18.593,17.853,18.585,446,0
20131203,18.453,18.453,17.843,18.397,484,0
20131204,17.749,17.749,17.749,17.749,15,0
20131205,17.138,18.237,17.138,18.031,4064,0
20131206,18.237,18.266,17.289,17.843,396,0
20131209,18.313,18.313,18.313,18.313,10,0
20131211,18.266,18.266,17.843,18.219,184,0
20131212,18.078,18.125,17.843,17.843,45,0
20131213,17.843,18.115,17.185,17.335,1164,0
20131216,17.514,17.514,17.327,17.335,1200,0
20131217,16.651,17.176,16.434,17.166,864,0
20131218,17.148,17.157,16.715,17.138,44170,0
20131219,16.621,18.125,16.621,18.125,3258,0
20131220,18.021,18.021,18.021,18.021,47,0
20131223,18.021,18.021,17.091,17.655,2442,0
20131227,17.025,17.749,17.025,17.636,101,0
20131230,17.655,17.655,17.185,17.185,685,0
20140102,16.631,17.636,16.631,17.636,1669,0
20140103,17.73,18.313,17.091,17.091,762,0
20140107,17.101,18.266,16.537,18.078,595,0
20140108,17.017,17.843,17.017,17.739,527,0
20140109,18.031,18.031,16.574,16.809,961,0
20140110,17.327,17.327,16.34,16.799,693,0
20140113,16.752,17.223,16.752,16.885,3053,0
20140114,16.256,16.528,16.133,16.518,1807,0
20140115,16.434,17.843,16.434,17.101,5465,0
20140116,16.913,17.824,16.903,16.913,229,0
20140117,16.903,17.589,16.903,17.589,18478,0
20140120,17.608,17.608,16.725,16.809,769,0
20140121,17.26,17.26,16.396,17.091,1033,0
20140122,17.082,17.082,17.082,17.082,36,0
20140123,17.091,17.091,17.091,17.091,153,0
20140124,17.091,17.354,16.246,17.354,999,0
20140127,17.091,17.091,16.978,16.978,141,0
20140128,16.903,17.327,16.894,17.327,1900,0
20140129,17.327,17.327,17.298,17.298,101,0
20140130,17.091,17.091,16.856,16.997,269,0
20140131,17.091,17.091,17.044,17.044,183,0
20140203,17.091,17.091,17.091,17.091,49,0
20140204,17.091,17.091,17.091,17.091,37,0
20140205,17.091,17.091,17.091,17.091,20,0
20140206,16.434,17.091,16.303,16.49,105,0
20140207,16.49,16.49,15.026,15.786,3815,0
20140210,15.57,16.396,15.57,16.321,591,0
20140211,16.321,16.594,15.964,15.964,1268,0
20140212,16.424,16.424,16.115,16.115,186,0
20140213,16.885,16.885,16.885,16.885,41,0
20140214,16.885,16.885,16.809,16.885,203,0
20140217,16.903,16.903,16.894,16.903,1791,0
20140218,17.129,17.138,17.11,17.138,7388,0
20140219,17.129,17.129,16.162,16.856,434,0
20140220,16.809,16.809,16.809,16.809,5,0
20140221,16.434,16.791,16.434,16.791,160,0
20140224,16.772,16.772,16.715,16.762,5493,0
20140225,17.072,17.072,16.274,17.072,338,0
20140226,16.293,17.044,16.293,16.894,129,0
20140227,16.885,16.885,16.078,16.078,561,0
20140228,16.068,16.876,16.068,16.752,607,0
20140303,15.12,16.377,15.063,15.288,11540,0
20140304,14.743,15.964,14.706,15.167,2155,0
20140305,15.861,16.209,15.308,16.209,532,0
20140306,16.218,16.434,15.964,16.434,1119,0
20140307,16.518,16.518,15.842,15.842,139,0
20140310,15.842,15.908,15.035,15.861,654,0
20140311,15.496,15.496,15.167,15.449,342,0
20140312,15.026,15.449,14.65,15.1,799,0
20140313,15.1,15.1,15.091,15.091,33,0
20140314,14.368,14.368,13.147,13.185,5167,0
20140317,12.678,13.945,12.678,13.935,446,0
20140318,14.819,14.819,13.945,13.945,1259,0
20140319,13.945,13.945,13.147,13.147,7799,0
20140320,13.513,13.513,12.104,12.104,11662,0
20140321,12.255,12.255,12.104,12.114,9044,0
20140324,11.457,12.584,11.457,11.467,4659,0
20140325,11.729,12.208,11.729,12.208,8607,0
20140326,13.044,13.833,12.696,12.726,4673,0
20140327,12.772,12.865,12.726,12.865,5201,0
20140328,12.865,13.138,12.349,12.753,4264,0
20140331,12.753,13.476,12.686,12.686,119,0
20140401,13.419,13.588,13.147,13.204,464,0
20140402,13.335,13.579,13.157,13.194,936,0
20140403,13.194,13.326,13.194,13.222,1555,0
20140404,13.335,13.71,13.335,13.71,160,0
20140407,13.71,13.71,13.241,13.241,225,0
20140408,13.335,13.607,13.335,13.598,275,0
20140409,13.335,13.429,13.335,13.335,232,0
20140410,13.326,13.326,13.147,13.298,760,0
20140411,13.241,13.241,13.241,13.241,37,0
20140414,12.772,13.194,12.772,12.772,418,0
20140415,12.818,12.818,12.818,12.818,30,0
20140416,12.218,12.818,12.218,12.818,5440,0
20140417,13.138,13.138,12.772,12.772,777,0
20140422,12.208,12.678,12.208,12.678,32,0
20140423,12.678,12.678,12.584,12.584,32,0
20140424,12.575,12.772,11.983,12.772,432,0
20140425,12.706,12.706,12.659,12.659,327,0
20140428,12.669,12.669,12.575,12.584,87,0
20140429,12.584,12.584,12.02,12.565,379,0
20140430,12.396,12.396,11.945,11.945,1245,0
20140502,11.531,11.531,11.531,11.531,532,0
20140505,11.664,12.198,11.664,12.104,3731,0
20140506,12.161,12.161,12.086,12.086,22,0
20140507,12.057,12.057,11.973,11.973,49,0
20140508,11.973,12.114,11.973,12.114,486,0
20140509,12.104,12.104,11.748,12.057,79,0
20140512,12.049,12.049,11.748,11.983,4268,0
20140513,11.879,12.002,11.739,11.973,276,0
20140514,11.654,12.086,11.654,12.077,923,0
20140515,12.057,12.067,12.049,12.049,52,0
20140516,12.049,12.049,11.645,11.645,133,0
20140519,11.992,12.198,11.654,12.198,66,0
20140520,12.198,12.198,11.739,12.124,35192,0
20140521,11.936,12.114,11.926,12.114,3146,0
20140522,11.832,12.114,11.786,12.114,15901,0
20140523,12.198,12.198,11.739,12.104,714,0
20140526,12.189,12.189,12.104,12.151,36,0
20140527,12.18,12.189,12.133,12.133,466,0
20140528,12.198,13.147,12.198,12.49,2829,0
20140529,12.49,13.382,12.49,13.382,5401,0
20140530,13.532,13.532,13.053,13.053,612,0
20140602,13.532,13.757,13.523,13.523,121,0
20140603,13.006,13.523,12.79,13.523,888,0
20140604,13.523,13.523,13.429,13.429,196,0
20140605,13.429,13.429,12.227,12.678,2894,0
20140606,12.818,13.006,12.387,12.988,1111,0
20140609,13.316,13.316,13.119,13.119,57,0
20140610,13.326,13.326,12.763,12.772,229,0
20140611,12.518,13.053,12.358,12.904,1246,0
20140612,12.669,12.669,12.499,12.499,82,0
20140613,12.499,12.669,12.443,12.669,279,0
20140616,12.396,12.631,12.086,12.086,1845,0
20140617,12.471,12.471,12.02,12.02,973,0
20140618,12.471,12.471,12.434,12.434,32,0
20140620,12.452,12.452,12.396,12.452,86,0
20140623,12.461,13.119,12.461,12.49,1233,0
20140624,12.49,12.49,12.396,12.396,557,0
20140625,12.49,12.49,12.49,12.49,472,0
20140627,12.302,12.302,12.114,12.114,1225,0
20140630,12.133,12.49,11.739,12.49,1821,0
20140701,12.481,12.481,12.481,12.481,76,0
20140702,12.481,12.481,12.481,12.481,17,0
20140703,12.461,12.461,12.414,12.414,32,0
20140704,12.114,12.461,12.114,12.461,130,0
20140707,12.471,12.471,12.03,12.461,96,0
20140708,13.592,13.592,13.592,13.592,5,0
20140709,13.017,13.305,12.471,12.547,88,0
20140710,12.452,12.452,11.887,11.887,2069,0
20140711,11.925,11.925,11.302,11.81,1406,0
20140714,11.983,11.983,11.523,11.523,909,0
20140715,11.504,11.504,11.111,11.111,18433,0
20140716,10.728,11.264,10.728,10.738,1748,0
20140717,10.728,11.264,10.325,11.264,23806,0
20140718,11.206,11.206,10.45,10.45,1768,0
20140721,10.536,11.398,10.536,11.398,10641,0
20140722,11.858,12.433,11.858,12.309,12945,0
20140723,12.309,13.266,12.309,13.218,4130,0
20140724,13.218,13.362,12.289,12.404,1041,0
20140725,12.825,12.825,11.992,12.079,725,0
20140728,12.807,12.807,12.079,12.079,37,0
20140729,12.739,12.739,12.739,12.739,39,0
20140730,12.739,12.739,12.739,12.739,27,0
20140731,11.504,12.251,11.504,12.251,756,0
20140801,12.777,12.777,11.743,11.973,4398,0
20140804,11.983,12.309,11.983,12.309,220,0
20140805,12.021,12.069,11.514,11.59,12,0
20140806,12.261,12.261,11.638,11.973,65099,0
20140807,11.973,11.973,11.896,11.896,109,0
20140808,11.696,11.696,11.696,11.696,1,0
20140811,11.696,12.787,11.532,12.165,1492,0
20140812,12.165,12.165,12.165,12.165,1096,0
20140813,11.782,12.165,11.696,12.165,36803,0
20140814,11.877,12.165,11.514,12.165,3,0
20140818,12.165,12.165,11.973,11.973,1216,0
20140819,12.069,12.069,12.069,12.069,1,0
20140820,12.165,12.625,12.165,12.625,680,0
20140821,12.625,12.787,12.461,12.461,265,0
20140822,12.461,13.171,12.461,13.171,292,0
20140825,13.218,13.218,13.027,13.171,283,0
20140826,13.189,13.189,13.027,13.027,244,0
20140827,13.209,13.209,12.711,12.711,2498,0
20140828,12.739,12.739,11.839,11.839,3165,0
20140829,11.858,12.309,11.858,12.261,921,0
20140901,11.868,12.413,11.868,12.069,12,0
20140902,12.413,12.595,12.069,12.069,2089,0
20140903,11.954,12.873,11.954,12.873,2111,0
20140904,12.673,13.209,12.673,13.209,1540,0
20140905,13.209,13.209,13.027,13.123,441,0
20140908,13.171,13.171,13.171,13.171,2,0
20140909,13.123,13.123,13.123,13.123,316,0
20140910,13.199,13.199,12.691,12.835,1327,0
20140911,13.18,13.18,12.835,12.835,446,0
20140912,13.18,13.18,13.18,13.18,1,0
20140915,13.142,13.142,12.461,12.461,1767,0
20140916,12.835,12.835,12.835,12.835,2,0
20140917,12.931,12.931,12.452,12.452,429,0
20140918,12.643,12.643,12.309,12.452,137,0
20140919,12.921,12.921,12.337,12.337,6,0
20140922,12.921,12.921,12.921,12.921,4,0
20140923,12.921,12.921,12.691,12.691,15,0
20140924,12.921,12.921,12.921,12.921,4,0
20140925,12.921,12.921,12.921,12.921,5,0
20140926,12.921,13.113,12.452,13.075,1133,0
20140929,13.113,13.113,12.691,12.931,503,0
20140930,12.921,12.921,12.921,12.921,11,0
20141001,12.911,12.911,12.911,12.911,4,0
20141002,12.911,12.911,12.366,12.452,518,0
20141003,12.643,12.883,12.643,12.883,336,0
20141006,12.911,12.921,12.404,12.921,13571,0
20141007,13.123,13.123,13.123,13.123,2,0
20141008,13.027,13.027,12.443,12.452,3190,0
20141009,12.5,12.739,12.5,12.739,271,0
20141010,12.787,13.113,12.739,13.113,1477,0
20141013,13.132,13.381,12.835,12.835,7758,0
20141014,12.739,12.835,12.739,12.739,1983,0
20141015,12.739,12.931,12.739,12.903,1916,0
20141016,12.931,12.931,11.782,12.443,3878,0
20141017,12.443,12.931,12.433,12.931,1625,0
20141020,12.921,12.921,12.921,12.921,69,0
20141021,12.921,12.921,12.921,12.921,266,0
20141022,12.921,12.921,12.643,12.643,678,0
20141023,12.739,12.911,12.653,12.653,574,0
20141024,12.653,12.931,12.653,12.931,838,0
20141027,13.123,13.123,12.653,12.663,266,0
20141028,12.663,13.055,12.663,13.055,371,0
20141029,13.075,13.075,12.739,12.739,284,0
20141030,12.787,12.787,12.673,12.673,19,0
20141031,12.673,12.673,12.673,12.673,133,0
20141103,12.673,12.673,12.673,12.673,4,0
20141104,12.673,12.673,12.673,12.673,2,0
20141105,12.691,12.835,12.691,12.835,312,0
20141106,12.835,12.835,12.691,12.691,917,0
20141107,12.691,12.691,12.643,12.643,815,0
20141110,12.931,12.931,12.931,12.931,1,0
20141112,12.931,12.931,12.835,12.931,398,0
20141113,12.931,12.931,12.931,12.931,2,0
20141114,12.931,12.931,12.547,12.547,57,0
20141117,12.461,12.931,12.461,12.931,11,0
20141118,12.931,12.931,12.547,12.883,1942,0
20141119,12.931,12.931,12.931,12.931,5,0
20141120,12.931,12.931,12.739,12.739,121,0
20141121,12.739,12.739,12.452,12.595,934,0
20141124,12.595,12.595,12.261,12.261,109,0
20141125,12.595,12.595,11.782,11.782,2492,0
20141126,11.782,11.791,11.782,11.782,359,0
20141127,12.059,12.059,11.791,12.05,252,0
20141128,12.05,12.069,12.05,12.059,394,0
20141201,11.83,12.213,11.83,12.059,785,0
20141202,12.059,12.059,12.059,12.059,5,0
20141203,12.059,12.213,11.973,11.973,283,0
20141204,12.261,12.261,12.261,12.261,10,0
20141205,12.251,12.251,11.762,12.184,727,0
20141208,12.184,12.184,12.184,12.184,51,0
20141209,12.213,12.213,12.213,12.213,5,0
20141210,11.925,12.117,11.762,11.973,11004,0
20141211,11.762,11.877,11.734,11.877,32031,0
20141215,11.877,11.877,11.877,11.877,83521,0
20141216,11.734,11.743,11.734,11.734,1545,0
20141217,11.734,11.734,11.734,11.734,5,0
20141218,11.734,11.734,11.734,11.734,174,0
20141219,11.504,11.504,11.494,11.494,282,0
20141222,11.302,11.302,11.016,11.264,964,0
20141229,11.016,11.016,11.016,11.016,4,0
20141230,11.016,11.322,11.016,11.322,356,0
20150102,11.494,11.494,11.494,11.494,7,0
20150107,11.159,11.36,11.159,11.36,111,0
20150108,11.168,11.973,11.168,11.973,898,0
20150109,11.906,11.906,11.542,11.858,1565,0
20150112,11.686,11.791,11.686,11.791,225,0
20150113,11.868,11.868,11.734,11.839,1097,0
20150114,11.858,11.858,11.858,11.858,1,0
20150115,11.858,11.858,11.686,11.686,64,0
20150116,11.676,11.676,11.418,11.418,297,0
20150119,11.494,11.686,11.35,11.35,242,0
20150120,11.782,11.782,11.782,11.782,1,0
20150121,11.782,11.782,11.782,11.782,1,0
20150122,11.782,11.782,11.782,11.782,47,0
20150123,11.772,11.772,11.772,11.772,68,0
20150126,11.772,11.772,11.772,11.772,2,0
20150127,11.772,11.772,11.772,11.772,2,0
20150128,11.782,12.145,11.494,11.571,3016,0
20150129,11.571,11.571,11.571,11.571,2,0
20150130,11.523,11.523,11.514,11.514,301,0
20150202,11.514,11.514,11.514,11.514,110,0
20150203,11.916,11.944,11.59,11.59,829,0
20150204,11.59,11.916,11.59,11.59,130,0
20150205,11.59,11.59,11.59,11.59,10,0
20150206,11.59,11.59,11.514,11.59,927,0
20150209,11.59,11.628,11.494,11.504,1164,0
20150210,11.504,11.504,11.206,11.206,58,0
20150211,11.236,11.236,11.236,11.236,136,0
20150212,11.236,11.236,11.206,11.206,1007,0
20150213,11.216,11.59,11.216,11.542,546,0
20150216,11.59,11.6,11.484,11.494,2872,0
20150217,11.743,11.743,11.743,11.743,522,0
20150218,11.782,12.088,11.782,12.088,4597,0
20150219,12.088,12.088,11.82,12.069,578,0
20150220,12.261,12.327,12.251,12.261,4619,0
20150223,12.404,12.404,11.983,12.356,9879,0
20150224,12.404,12.404,12.404,12.404,1,0
20150225,12.404,12.643,11.877,12.452,7364,0
20150226,12.452,12.903,12.452,12.903,290,0
20150227,12.911,12.911,12.643,12.643,319,0
20150302,12.911,12.911,12.911,12.911,11,0
20150303,12.911,12.911,12.911,12.911,142,0
20150304,12.883,12.979,12.873,12.883,9978,0
20150305,12.893,12.893,12.232,12.279,4385,0
20150306,12.404,12.721,12.279,12.279,6121,0
20150309,12.279,12.452,12.279,12.452,18900,0
20150310,12.452,12.452,12.241,12.241,1159,0
20150311,12.673,12.673,12.547,12.547,224,0
20150312,12.547,12.547,12.261,12.261,284,0
20150313,12.289,12.337,12.289,12.337,1160,0
20150316,12.547,12.547,12.547,12.547,1740,0
20150317,12.557,12.567,12.557,12.567,261,0
20150318,12.681,12.681,12.557,12.557,203,0
20150319,12.577,12.605,12.577,12.605,418,0
20150320,12.605,12.797,12.605,12.739,38063,0
20150323,12.883,12.883,12.883,12.883,5,0
20150324,12.835,12.835,12.835,12.835,22,0
20150325,12.883,12.883,12.883,12.883,57,0
20150326,12.835,12.835,12.643,12.643,156,0
20150327,12.643,12.883,12.643,12.873,1069,0
20150330,12.643,12.931,12.643,12.931,3541,0
20150331,12.931,12.931,12.643,12.739,4452,0
20150401,12.835,12.835,12.567,12.739,559,0
20150402,12.835,12.835,12.835,12.835,20,0
20150407,12.835,12.835,12.835,12.835,11,0
20150408,12.835,12.835,12.835,12.835,1,0
20150409,12.547,12.547,12.107,12.547,3073,0
20150410,12.547,12.777,12.547,12.739,513,0
20150413,12.739,12.739,12.739,12.739,3,0
20150414,12.777,12.777,12.729,12.729,83,0
20150415,12.729,12.729,12.729,12.729,4,0
20150416,12.729,12.739,12.729,12.729,446,0
20150417,12.739,12.739,12.739,12.739,1030,0
20150420,12.739,12.787,12.739,12.787,3,0
20150421,12.787,12.787,12.739,12.787,891,0
20150422,12.787,12.787,12.787,12.787,2,0
20150423,12.787,12.787,12.787,12.787,222,0
20150424,12.787,12.787,12.595,12.595,415,0
20150427,12.777,12.777,12.777,12.777,11,0
20150428,12.777,12.777,12.595,12.739,242,0
20150429,12.777,12.777,12.739,12.739,325,0
20150430,12.729,12.729,12.356,12.356,391,0
20150504,12.643,12.643,12.117,12.117,627,0
20150505,12.117,12.117,12.117,12.117,48,0
20150506,12.117,12.193,12.117,12.193,143,0
20150507,12.165,12.643,12.165,12.643,152,0
20150508,12.663,12.739,12.165,12.739,12445,0
20150511,12.739,12.739,12.729,12.729,83,0
20150512,12.653,12.653,12.595,12.595,315,0
20150513,12.595,12.595,12.595,12.595,601,0
20150514,12.595,12.595,12.595,12.595,89,0
20150518,12.452,12.595,12.452,12.595,1047,0
20150519,12.595,12.595,12.27,12.443,1055,0
20150520,12.443,12.452,12.443,12.443,2500,0
20150521,12.452,12.452,12.309,12.309,10,0
20150522,12.309,12.309,12.309,12.309,1,0
20150525,12.327,12.327,12.327,12.327,2,0
20150526,12.327,12.337,12.327,12.337,2,0
20150527,12.452,12.595,12.452,12.452,2851,0
20150528,12.595,12.595,12.452,12.452,345,0
20150529,12.595,12.595,12.356,12.356,43,0
20150601,12.595,12.595,12.547,12.547,34,0
20150602,12.547,12.547,12.547,12.547,1,0
20150603,12.595,12.595,12.452,12.452,63,0
20150608,12.174,12.184,12.174,12.184,763,0
20150609,12.452,12.452,12.184,12.184,18114,0
20150610,12.222,12.232,12.222,12.232,2,0
20150611,12.222,12.452,12.174,12.174,879,0
20150612,12.174,12.174,12.174,12.174,1,0
20150615,12.059,12.174,12.059,12.174,156,0
20150616,12.174,12.174,12.174,12.174,1,0
20150617,12.174,12.595,12.174,12.595,528,0
20150618,12.595,12.595,12.595,12.595,1,0
20150619,12.595,12.595,12.356,12.356,115,0
20150622,12.587,12.587,12.587,12.587,1,0
20150623,12.587,12.587,12.165,12.587,284,0
20150624,12.587,12.587,12.587,12.587,1,0
20150625,12.547,12.547,12.547,12.547,3,0
20150626,12.547,12.547,12.547,12.547,1,0
20150629,12.547,12.547,12.547,12.547,1,0
20150630,12.404,12.404,12.404,12.404,114,0
20150703,12.165,12.165,12.165,12.165,32,0
20150706,12.165,12.165,11.877,11.877,1382,0
20150707,11.877,12.471,11.877,12.471,836,0
20150708,12.547,12.547,12.547,12.547,2,0
20150709,12.547,12.547,12.174,12.547,419,0
20150710,12.547,12.547,12.547,12.547,2,0
20150713,12.547,12.547,12.165,12.452,793,0
20150714,12.547,12.547,12.174,12.547,502,0
20150715,12.769,12.769,12.769,12.769,20,0
20150716,12.739,12.739,12.739,12.739,1,0
20150717,12.5,12.5,12.5,12.5,1,0
20150720,12.452,12.452,12.452,12.452,104,0
20150721,12.739,12.739,12.739,12.739,1,0
20150722,12.739,12.739,12.739,12.739,1,0
20150723,12.739,12.739,12.739,12.739,1,0
20150724,12.452,12.452,12.452,12.452,1,0
20150727,12.452,12.452,12.452,12.452,1,0
20150728,12.452,12.452,12.452,12.452,1,0
20150729,12.174,12.739,12.165,12.739,197,0
20150730,12.835,12.835,12.835,12.835,1,0
20150731,12.835,12.835,12.356,12.356,53,0
20150803,12.356,12.356,12.356,12.356,559,0
20150804,12.835,12.835,12.835,12.835,104,0
20150805,12.835,12.835,12.835,12.835,1,0
20150806,12.835,12.835,12.835,12.835,1,0
20150807,12.835,12.835,12.452,12.452,53,0
20150810,12.452,12.452,12.452,12.452,1,0
20150811,12.825,12.825,12.452,12.825,204,0
20150812,12.825,12.825,12.825,12.825,84,0
20150813,12.835,13.602,12.835,13.544,4308,0
20150814,13.506,13.506,13.171,13.171,237,0
20150817,13.171,13.171,12.835,12.845,871,0
20150818,12.845,13.419,12.845,13.419,345,0
20150819,13.419,13.419,13.419,13.419,188,0
20150821,13.224,13.224,13.224,13.224,127,0
20150824,13.185,13.185,12.627,12.627,509,0
20150825,12.235,12.431,12.235,12.333,2924,0
20150826,12.235,12.725,12.235,12.431,37451,0
20150827,12.235,12.725,12.235,12.725,2,0
20150828,12.715,12.715,12.715,12.715,613,0
20150831,12.725,12.725,12.725,12.725,1,0
20150901,12.725,12.725,12.245,12.725,3,0
20150902,12.773,12.773,12.431,12.725,514,0
20150903,12.725,12.725,12.431,12.725,2354,0
20150904,12.725,12.725,12.725,12.725,1,0
20150907,12.725,12.725,12.725,12.725,1,0
20150908,12.725,12.725,12.725,12.725,1,0
20150909,12.725,12.725,12.725,12.725,1,0
20150910,12.725,12.725,12.725,12.725,1,0
20150911,12.725,12.725,12.725,12.725,1,0
20150914,12.725,12.725,12.725,12.725,1,0
20150915,12.715,12.715,12.715,12.715,1,0
20150916,12.676,12.676,12.431,12.431,2039,0
20150917,12.676,12.676,12.431,12.431,3417,0
20150918,12.676,12.676,12.676,12.676,1,0
20150921,12.676,12.676,12.676,12.676,2,0
20150922,12.529,12.676,12.431,12.676,34469,0
20150923,12.676,12.676,12.676,12.676,1,0
20150924,12.578,12.578,12.431,12.431,3414,0
20150925,12.48,12.48,12.48,12.48,102,0
20150928,12.48,12.48,12.48,12.48,1,0
20150929,12.48,12.48,12.48,12.48,1,0
20150930,12.48,12.48,12.48,12.48,1,0
20151001,12.47,12.47,12.47,12.47,1,0
20151002,12.45,12.45,12.45,12.45,1,0
20151005,12.45,12.45,12.45,12.45,1,0
20151006,12.45,12.45,12.186,12.186,188,0
20151007,12.441,12.441,12.431,12.431,50,0
20151008,12.45,12.45,12.45,12.45,1,0
20151009,12.45,12.45,12.382,12.382,883,0
20151012,12.48,12.48,12.48,12.48,227,0
20151013,12.48,12.48,12.48,12.48,1,0
20151014,12.48,12.48,12.48,12.48,1,0
20151015,12.48,12.48,12.48,12.48,1,0
20151016,12.48,12.48,12.48,12.48,1278,0
20151019,12.48,12.48,12.48,12.48,163,0
20151020,12.48,12.48,12.48,12.48,1,0
20151021,12.431,12.431,12.431,12.431,1,0
20151022,12.48,12.48,11.941,11.941,41,0
20151023,11.922,12.039,11.922,12.039,102,0
20151027,12.039,12.235,12.039,12.235,12395,0
20151028,12.059,12.842,12.059,12.842,7,0
20151029,13.028,13.028,12.842,12.842,3,0
20151030,12.822,12.822,12.822,12.822,1,0
20151102,12.852,12.852,12.852,12.852,1,0
20151103,12.852,12.852,12.852,12.852,1,0
20151104,12.333,12.333,12.333,12.333,51,0
20151105,12.333,12.333,12.333,12.333,1,0
20151106,12.333,12.333,12.333,12.333,144,0
20151109,12.333,12.333,12.039,12.039,617,0
20151110,12.039,12.539,11.99,12.539,16413,0
20151113,12.529,12.529,12.529,12.529,1,0
20151116,12.529,12.529,11.951,11.981,7,0
20151117,12.441,12.441,11.981,12.441,44284,0
20151118,12.48,12.48,11.941,12.48,3,0
20151119,12.48,12.48,12.48,12.48,1,0
20151120,12.48,12.539,12.382,12.539,2156,0
20151123,12.725,12.822,12.431,12.431,6339,0
20151124,12.431,12.431,12.225,12.362,570,0
20151125,12.431,12.529,12.157,12.529,701,0
20151126,12.529,12.529,12.529,12.529,1,0
20151127,12.529,12.636,12.333,12.333,20849,0
20151130,12.636,13.018,12.636,13.018,376,0
20151201,13.018,13.018,12.529,12.529,724,0
20151202,12.636,12.636,12.636,12.636,1,0
20151203,12.627,12.627,12.627,12.627,1,0
20151204,12.529,12.529,12.049,12.529,206,0
20151207,12.627,12.627,12.627,12.627,54,0
20151208,12.627,12.627,12.627,12.627,1,0
20151209,12.627,12.627,12.137,12.578,53,0
20151210,12.568,12.568,12.529,12.529,1023,0
20151211,12.509,12.509,12.509,12.509,1,0
20151214,12.509,12.509,12.509,12.509,1,0
20151215,12.509,12.509,12.509,12.509,1,0
20151216,12.509,12.509,12.509,12.509,1,0
20151217,12.578,12.578,12.578,12.578,1,0
20151218,12.578,12.578,12.578,12.578,1,0
20151221,12.627,12.627,12.627,12.627,1,0
20151222,12.147,12.382,12.039,12.039,92,0
20151223,12.627,12.627,12.627,12.627,1,0
20151228,12.715,12.715,11.941,12.539,53,0
20151229,12.48,12.48,12.48,12.48,69,0
20151230,12.421,12.529,12.421,12.529,3,0
20160104,12.529,12.529,12.48,12.48,605,0
20160105,12.48,12.48,12.333,12.431,20445,0
20160107,12.431,12.431,12.431,12.431,1,0
20160108,12.382,12.382,12.382,12.382,59,0
20160111,12.48,12.48,12.48,12.48,1,0
20160112,12.47,12.47,12.47,12.47,2,0
20160113,12.47,12.47,12.47,12.47,1,0
20160114,12.47,12.47,12.47,12.47,1,0
20160115,12.46,12.46,11.941,12.313,452,0
20160118,12.46,12.46,12.284,12.284,9196,0
20160119,12.274,12.274,12.274,12.274,2,0
20160120,12.274,12.274,12.274,12.274,1,0
20160121,12.274,12.274,12.274,12.274,1,0
20160122,12.274,12.274,12.274,12.274,1,0
20160125,12.274,12.274,12.274,12.274,1,0
20160126,12.274,12.313,12.039,12.049,175,0
20160127,12.049,12.313,12.039,12.049,330,0
20160128,12.46,12.46,11.736,12.216,186,0
20160129,12.039,12.039,11.941,11.941,173,0
20160201,11.941,12.02,11.941,12.02,2,0
20160202,11.941,11.961,11.941,11.961,4,0
20160203,12.02,12.02,11.99,11.99,1006,0
20160204,11.99,11.99,11.99,11.99,2,0
20160205,11.99,11.99,11.99,11.99,52,0
20160208,12.284,12.284,12.284,12.284,1,0
20160209,11.99,11.99,11.746,11.746,397,0
20160210,11.941,11.941,11.941,11.941,665,0
20160211,11.922,11.922,11.922,11.922,205,0
20160212,11.893,11.893,11.746,11.746,2,0
20160215,11.756,11.932,11.756,11.932,509,0
20160216,11.932,11.932,11.932,11.932,1,0
20160217,11.932,11.932,11.902,11.902,207,0
20160218,11.922,11.922,11.756,11.922,1024,0
20160219,11.922,11.922,11.922,11.922,1,0
20160222,11.883,11.883,11.883,11.883,1,0
20160223,11.775,11.775,11.756,11.775,195,0
20160224,11.922,11.922,11.922,11.922,1,0
20160225,11.912,11.912,11.746,11.912,282,0
20160226,11.922,11.922,11.746,11.746,1048,0
20160229,11.55,11.746,11.55,11.746,353,0
20160301,11.893,11.893,11.893,11.893,1,0
20160302,11.893,11.893,11.893,11.893,1,0
20160303,11.746,11.893,11.452,11.893,792,0
20160304,12.039,12.039,11.746,11.922,329,0
20160307,11.893,11.893,11.746,11.893,281,0
20160308,11.844,11.844,11.844,11.844,205,0
20160309,11.746,11.922,11.746,11.922,596,0
20160310,11.99,11.99,11.746,11.746,340,0
20160311,11.99,11.99,11.99,11.99,2,0
20160314,11.922,11.922,11.648,11.697,718,0
20160315,12.039,12.039,11.844,12.02,54,0
20160316,12.039,12.039,12.02,12.02,125,0
20160317,12.01,12.01,12.01,12.01,163,0
20160318,11.941,12.039,11.941,12.039,275,0
20160321,12.039,12.039,11.746,11.746,406,0
20160322,12.039,12.039,12.039,12.039,1,0
20160323,12.039,12.039,12.039,12.039,1,0
20160324,11.687,11.922,11.55,11.922,333,0
20160329,11.746,11.746,11.746,11.746,1,0
20160330,11.746,11.912,11.746,11.912,2,0
20160331,11.912,11.912,11.912,11.912,1,0
20160401,11.912,11.912,11.912,11.912,1,0
20160404,11.844,11.844,11.599,11.844,186,0
20160405,11.746,11.746,11.609,11.746,104,0
20160406,11.736,11.746,11.736,11.746,789,0
20160407,11.844,11.844,11.589,11.844,1168,0
20160408,11.844,11.844,11.844,11.844,1,0
20160411,11.844,11.844,11.648,11.648,170,0
20160412,11.844,11.844,11.648,11.746,645,0
20160413,11.844,11.844,11.746,11.746,1023,0
20160414,11.844,12.079,11.844,11.932,21673,0
20160415,12.02,12.02,12.02,12.02,1,0
20160418,12.039,12.039,11.687,11.746,1275,0
20160419,12.079,12.079,12.079,12.079,1,0
20160420,12.079,12.079,11.677,11.677,245,0
20160421,11.677,11.677,11.677,11.677,1,0
20160422,11.677,12.059,11.677,12.059,2,0
20160425,12.059,12.059,12.03,12.03,3,0
20160426,12.039,12.079,11.844,12.079,1531,0
20160427,11.932,11.932,11.844,11.844,89,0
20160428,11.932,11.932,11.932,11.932,2,0
20160429,11.932,11.932,11.932,11.932,22,0
20160502,11.932,11.932,11.932,11.932,2,0
20160504,11.99,11.99,11.844,11.99,994,0
20160505,11.99,11.99,11.99,11.99,2,0
20160506,11.99,11.99,11.707,11.99,837,0
20160509,11.981,12.48,11.981,12.431,858,0
20160510,12.48,13.4,12.47,12.48,11956,0
20160511,12.49,12.92,12.49,12.822,220,0
20160512,12.725,12.725,12.539,12.539,655,0
20160513,12.48,12.48,12.353,12.353,697,0
20160516,12.216,12.617,12.216,12.235,1740,0
20160517,11.795,12.235,11.795,11.853,174,0
20160518,11.853,12.421,11.853,12.421,144,0
20160519,12.411,12.411,11.893,12.225,341,0
20160520,12.225,12.225,11.893,12.127,342,0
20160523,12.127,12.48,11.951,12.333,26,0
20160524,12.519,13.576,12.45,12.822,11738,0
20160525,12.822,13.096,12.529,12.529,597,0
20160527,13.087,13.087,12.48,12.725,120,0
20160530,12.725,12.725,12.725,12.725,161,0
20160531,12.705,12.705,12.627,12.705,2052,0
20160601,12.705,12.705,12.039,12.627,634,0
20160602,12.627,12.627,12.627,12.627,63,0
20160603,12.627,12.627,12.627,12.627,3,0
20160606,12.617,12.617,12.617,12.617,2,0
20160607,12.617,12.617,12.039,12.333,1003,0
20160608,12.323,12.323,12.323,12.323,4,0
20160609,12.323,12.323,12.235,12.235,2150,0
20160610,12.235,12.323,11.932,12.323,1249,0
20160613,12.304,12.304,12.304,12.304,3,0
20160614,12.294,12.294,12.294,12.294,3,0
20160615,12.323,12.323,12.304,12.304,35,0
20160616,12.313,12.313,12.313,12.313,3,0
20160617,12.313,12.313,12.313,12.313,2,0
20160620,12.304,12.304,11.99,11.99,922,0
20160621,11.981,11.981,11.746,11.922,820,0
20160622,11.922,11.922,11.893,11.922,104,0
20160623,11.922,12.176,11.266,12.176,5361,0
20160624,11.736,11.736,11.511,11.697,1139,0
20160627,11.2563,12.0198,11.2563,12.0198,12,0
20160628,12.01,12.01,12.01,12.01,135,0
20160629,11.9904,11.9904,11.9904,11.9904,2,0
20160630,11.9904,11.9904,11.6478,11.6478,63,0
20160701,11.9415,11.9415,11.9415,11.9415,2,0
20160704,11.9415,11.9415,11.9121,11.9121,309,0
20160705,11.8925,12.01,11.8925,12.01,130,0
20160706,12.01,12.01,12.01,12.01,82,0
20160707,12.59,12.59,12.59,12.59,10,0
20160708,12.59,12.59,12.59,12.59,2,0
20160711,12.59,12.59,12.59,12.59,2,0
20160712,12.5,12.5,12.5,12.5,2,0
20160713,12.59,12.59,12.01,12.09,140,0
20160714,12.1,12.53,12.1,12.53,11,0
20160715,12.53,12.53,12.53,12.53,2,0
20160718,12.53,12.53,12.53,12.53,2,0
20160719,12.51,12.51,12.51,12.51,2,0
20160720,12.51,12.51,12.51,12.51,2,0
20160721,12.3,12.5,12.3,12.49,633,0
20160722,12.49,12.49,12.49,12.49,12,0
20160725,12.49,12.49,12.49,12.49,2,0
20160726,12.49,12.49,12.49,12.49,30,0
20160727,12.48,12.48,11.7,12.28,1095,0
20160728,12.48,12.48,12.48,12.48,2,0
20160729,12.47,12.47,12.28,12.28,211,0
20160801,12.47,12.47,12.01,12.01,110,0
20160802,12.2,12.2,12.2,12.2,2,0
20160803,12.11,12.28,12.11,12.28,92,0
20160804,12.47,12.47,12.47,12.47,16,0
20160805,12.47,12.47,12.28,12.28,82,0
20160808,12.47,12.47,12.47,12.47,31,0
20160809,12.47,12.47,12.28,12.28,142,0
20160810,12.47,12.47,12.47,12.47,3,0
20160811,12.4,12.4,12.3,12.3,125,0
20160812,12.3,12.3,12.3,12.3,2,0
20160816,12.3,12.3,12.3,12.3,2,0
20160817,12.3,12.59,12.3,12.59,4016,0
20160818,12.59,12.59,12.4,12.59,430,0
20160819,12.67,12.67,12.3,12.3,618,0
20160822,12.1,12.1,11.81,12.1,540,0
20160823,12.1,12.48,12,12.48,12969,0
20160824,12.48,12.5,12,12.5,2486,0
20160825,12.46,12.46,12.46,12.46,2,0
20160826,12.5,12.5,12.23,12.5,353,0
20160829,12.43,12.43,12.2,12.2,902,0
20160830,12.3,12.3,12,12,827,0
20160831,11.9,12,11.9,12,286,0
20160901,12,12.45,12,12.3,1260,0
20160902,12.5,12.5,12.5,12.5,2,0
20160905,12.5,12.5,12.5,12.5,2,0
20160906,12.5,12.5,12,12.4,83,0
20160907,12.39,12.39,12.39,12.39,2,0
20160908,12.39,12.5,12.39,12.5,11,0
20160909,12.5,12.5,12.5,12.5,2,0
20160912,12,12.5,12,12.49,103,0
20160913,12.49,12.49,12.49,12.49,2,0
20160914,12.49,12.49,12,12.4,203,0
20160915,12.49,12.5,12.49,12.5,216,0
20160916,12.5,12.5,12.5,12.5,2,0
20160919,12.5,12.5,12.5,12.5,140,0
20160920,12.45,12.45,12.45,12.45,2,0
20160921,12.45,12.45,12.05,12.3,307,0
20160922,12.2,12.3,12,12,221,0
20160923,12.3,12.45,12,12.45,891,0
20160926,12.45,12.45,12,12.45,168,0
20160927,12.44,12.44,12.44,12.44,2,0
20160928,12.4,12.4,12.4,12.4,2,0
20160929,12.19,12.3,12.1,12.3,264,0
20160930,12.45,12.45,12.2,12.2,32,0
20161003,12.45,12.45,12.45,12.45,2,0
20161004,12.45,12.45,12.45,12.45,223,0
20161005,12.45,12.45,12.2,12.45,1293,0
20161006,12.45,12.45,12.3,12.45,57,0
20161007,12.45,12.45,12.45,12.45,2,0
20161010,12.45,12.45,12.45,12.45,2,0
20161011,12.45,12.45,12.45,12.45,382,0
20161012,12.45,12.5,12.11,12.5,6181,0
20161013,12.5,12.5,12.5,12.5,2,0
20161014,12.5,12.5,12.5,12.5,2,0
20161017,12.5,12.5,12.5,12.5,2,0
20161018,12.48,12.48,12.48,12.48,2,0
20161019,12.48,12.48,12.48,12.48,2,0
20161020,12.48,12.48,12.48,12.48,2,0
20161021,12.47,12.47,12.47,12.47,2,0
20161024,12.47,12.47,12.47,12.47,2,0
20161025,12.35,12.35,12.35,12.35,2,0
20161026,12.35,12.35,12.35,12.35,148,0
20161027,12.47,12.47,12.47,12.47,3,0
20161028,12.4,12.4,12.2,12.3,281,0
20161031,12.4,12.4,12.2,12.2,162,0
20161102,12.3,12.4,12,12.4,582,0
20161103,12.2,12.2,12,12,172,0
20161104,12.2,12.2,12.2,12.2,2,0
20161107,12.2,12.3,12.19,12.3,1848,0
