Date,Open,High,Low,Close,Volume,OpenInt
20120528,2.0249,2.0249,1.5818,1.6582,127102,0
20120529,1.6582,1.7194,1.345,1.5283,21933,0
20120530,1.4519,1.4825,1.4138,1.4825,141251,0
20120531,1.4246,1.4485,1.2244,1.3365,358336,0
20120601,1.3679,1.3679,1.3068,1.3068,64391,0
20120604,1.2915,1.2915,1.1769,1.2684,245197,0
20120605,1.2244,1.2965,1.1445,1.1604,77379,0
20120606,1.1365,1.2244,1.1365,1.1845,35838,0
20120608,1.1539,1.1539,1.0699,1.0699,31799,0
20120611,1.0774,1.0774,1.0317,1.0699,417999,0
20120612,1.0699,1.0851,1.0317,1.0699,456438,0
20120613,1.0851,1.0851,1.0393,1.0622,68441,0
20120614,1.0699,1.0699,1.0393,1.0393,141724,0
20120615,1.0724,1.0884,1.0484,1.0884,123569,0
20120618,1.1081,1.1309,1.0928,1.1005,291097,0
20120619,1.1232,1.1232,1.1156,1.1156,31015,0
20120620,1.1463,1.1845,1.1463,1.1463,13455,0
20120621,1.1845,1.215,1.1845,1.1997,168867,0
20120622,1.2244,1.2244,1.1445,1.2165,417960,0
20120625,1.2531,1.2531,1.1539,1.1539,121845,0
20120626,1.1386,1.2379,1.1386,1.1463,62206,0
20120627,1.1285,1.1445,1.1044,1.1044,244189,0
20120628,1.1445,1.1764,1.1044,1.1764,12437,0
20120629,1.2084,1.2084,1.2084,1.2084,47791,0
20120703,1.1365,1.2165,1.1365,1.1445,2944,0
20120704,1.1445,1.1845,1.1445,1.1845,92417,0
20120705,1.1523,1.2244,1.1285,1.2005,457191,0
20120706,1.1925,1.2005,1.1845,1.1845,28544,0
20120709,1.2005,1.2005,1.1925,1.2005,3604,0
20120710,1.1925,1.1925,1.1204,1.1204,2601,0
20120711,1.1285,1.1604,1.1204,1.1523,8619,0
20120712,1.1523,1.1523,1.1285,1.1285,1502,0
20120713,1.1285,1.1285,1.1285,1.1285,2747,0
20120716,1.1285,1.1285,1.1285,1.1285,1123,0
20120717,1.1285,1.1285,1.0724,1.0724,394272,0
20120718,1.0884,1.0884,1.0884,1.0884,2000,0
20120719,1.0565,1.0565,1.0565,1.0565,1,0
20120720,1.0804,1.0804,1.0644,1.0644,32537,0
20120723,1.0565,1.0565,1.0565,1.0565,7211,0
20120724,1.0404,1.0964,1.0404,1.0964,181703,0
20120725,1.0565,1.0804,1.0565,1.0804,249910,0
20120726,1.1044,1.1044,1.0404,1.0804,10460,0
20120727,1.0884,1.1044,1.0884,1.1044,7747,0
20120730,1.1044,1.1044,1.1044,1.1044,20405,0
20120731,1.0804,1.1204,1.0804,1.1204,11439,0
20120801,1.0884,1.1365,1.0884,1.1365,243234,0
20120802,1.1445,1.2485,1.1445,1.2485,97919,0
20120803,1.2725,1.2725,1.2405,1.2565,1500,0
20120808,1.2324,1.2324,1.1604,1.2005,29593,0
20120809,1.2485,1.2485,1.2005,1.2005,137,0
20120810,1.1925,1.1925,1.1925,1.1925,1,0
20120813,1.1125,1.1125,1.1125,1.1125,276,0
20120814,1.1044,1.1925,1.1044,1.1925,500,0
20120816,1.1044,1.1845,1.1044,1.1845,7107,0
20120817,1.1204,1.1764,1.1204,1.1764,563,0
20120820,1.1044,1.1044,1.0644,1.0644,7247,0
20120821,1.0644,1.1604,1.0644,1.1604,89,0
20120822,1.1445,1.1445,1.1365,1.1365,14,0
20120823,1.1523,1.1523,1.1523,1.1523,63,0
20120824,1.1523,1.1523,1.1204,1.1523,6396,0
20120827,1.1523,1.1604,1.1523,1.1604,126,0
20120828,1.0804,1.1604,1.0804,1.1604,653,0
20120829,1.0804,1.1604,1.0804,1.1523,4309,0
20120831,1.1204,1.1204,1.1204,1.1204,63,0
20120903,1.0804,1.1125,1.0804,1.1125,10059,0
20120904,1.0804,1.0804,1.0484,1.0804,26929,0
20120905,1.0484,1.0804,1.0484,1.0804,17305,0
20120907,1.0404,1.0804,1.0004,1.0724,15120,0
20120910,1.1125,1.1204,1.1125,1.1204,1249,0
20120911,1.0004,1.1044,1.0004,1.0644,21741,0
20120912,1.0084,1.0404,1.0004,1.0404,9553,0
20120913,1.0404,1.0404,0.9683,1.0404,21617,0
20120914,1.0243,1.0804,1.0243,1.0804,28814,0
20120917,0.9764,1.0804,0.9764,1.0644,32134,0
20120918,0.9924,1.0404,0.9764,1.0404,3673,0
20120919,1.0004,1.0404,1.0004,1.0404,6986,0
20120920,1.0164,1.0324,1.0164,1.0324,2749,0
20120921,1.0164,1.0644,1.0164,1.0644,554,0
20120924,1.0404,1.0404,1.0004,1.0004,12587,0
20120925,1.0004,1.0324,1.0004,1.0324,7418,0
20120927,1.0004,1.0324,1.0004,1.0243,3444,0
20120928,1.0004,1.0243,0.9764,1.0243,8765,0
20121001,0.9603,1.0004,0.9603,0.9924,57922,0
20121002,0.9924,0.9924,0.9204,0.9363,88027,0
20121003,0.9204,0.9283,0.9043,0.9204,33784,0
20121004,0.9444,0.9444,0.9444,0.9444,624,0
20121005,0.9283,0.9363,0.9124,0.9283,102462,0
20121008,0.9204,0.9283,0.9204,0.9283,41504,0
20121009,0.9283,0.9283,0.9124,0.9283,146871,0
20121011,0.9204,0.9283,0.9204,0.9283,87593,0
20121012,0.9204,0.9363,0.9124,0.9283,65002,0
20121015,0.9204,0.9363,0.9204,0.9363,14512,0
20121016,0.9363,0.9524,0.9363,0.9363,53666,0
20121017,0.9524,0.9524,0.9524,0.9524,2812,0
20121018,0.9524,0.9603,0.9524,0.9524,136684,0
20121019,0.9363,0.9603,0.9283,0.9524,29218,0
20121022,0.9283,0.9524,0.9283,0.9524,3991,0
20121023,0.9283,0.9283,0.9283,0.9283,2643,0
20121024,0.9283,0.9283,0.9124,0.9124,7231,0
20121025,0.9124,0.9283,0.9124,0.9283,4195,0
20121026,0.9363,0.9363,0.9283,0.9363,1807,0
20121029,0.9363,0.9444,0.8563,0.9283,27478,0
20121105,0.8563,0.8724,0.8563,0.8643,3064,0
20121106,0.8643,0.9043,0.8643,0.9043,441,0
20121107,0.9043,0.9124,0.9043,0.9124,2135,0
20121109,0.8563,0.9124,0.8563,0.9043,1472,0
20121112,0.8563,0.8963,0.8563,0.8563,2163,0
20121113,0.8963,0.9043,0.8963,0.9043,2005,0
20121114,0.8803,0.8803,0.8563,0.8803,6672,0
20121115,0.8563,0.8724,0.8324,0.8724,42812,0
20121119,0.8483,0.8643,0.8483,0.8643,1261,0
20121120,0.8483,0.8643,0.8403,0.8643,19367,0
20121121,0.8483,0.8643,0.8483,0.8643,10321,0
20121122,0.8643,0.8803,0.8563,0.8803,12329,0
20121123,0.8803,0.9283,0.8324,0.9283,23961,0
20121127,0.8803,0.9124,0.8803,0.8803,2499,0
20121128,0.9204,0.9204,0.8803,0.9204,2507,0
20121129,0.9204,0.9363,0.9204,0.9363,8747,0
20121130,0.9363,0.9444,0.9283,0.9444,62356,0
20121203,0.9603,1.0004,0.9444,1.0004,4767,0
20121204,0.9043,0.9603,0.9043,0.9603,3961,0
20121207,0.8803,0.9204,0.8803,0.9204,13745,0
20121210,0.8884,0.9204,0.8884,0.9204,2606,0
20121211,0.8884,0.9204,0.8803,0.9204,1313,0
20121213,0.8803,0.9043,0.8803,0.9043,24400,0
20121214,0.8724,0.9043,0.8724,0.9043,33550,0
20121217,0.8643,0.9204,0.8643,0.9204,24734,0
20121218,0.8803,0.9444,0.8803,0.9444,7149,0
20121219,0.9204,0.9844,0.8884,0.8884,31405,0
20121220,0.8884,0.9363,0.8884,0.9043,31598,0
20121221,0.9603,0.9603,0.9204,0.9603,5379,0
20121227,0.9524,0.9844,0.9524,0.9844,20390,0
20121228,0.9204,0.9844,0.9204,0.9844,387,0
20130102,0.9603,1.0004,0.9603,1.0004,32544,0
20130103,1.0004,1.0164,1.0004,1.0164,10746,0
20130104,1.0164,1.0164,0.9603,1.0004,40731,0
20130107,1.0004,1.0804,1.0004,1.0724,50507,0
20130108,1.0565,1.0804,1.0324,1.0804,44807,0
20130109,1.0804,1.1125,1.0804,1.1125,18801,0
20130110,1.1125,1.1523,1.1044,1.1523,24026,0
20130111,1.1523,1.1925,1.0964,1.1925,54243,0
20130114,1.1925,1.3044,1.1925,1.3044,57312,0
20130115,1.3044,1.3044,1.2244,1.2965,12977,0
20130116,1.2324,1.2965,1.2244,1.2885,9853,0
20130117,1.2324,1.2805,1.2005,1.2805,23507,0
20130118,1.2805,1.2805,1.1685,1.2805,2873,0
20130121,1.2805,1.2805,1.2165,1.2805,15745,0
20130122,1.2725,1.2805,1.2084,1.2645,9209,0
20130123,1.2165,1.2405,1.1845,1.2405,16744,0
20130124,1.2405,1.2885,1.2084,1.2244,46359,0
20130125,1.2405,1.2805,1.2244,1.2725,18888,0
20130128,1.2165,1.2885,1.2165,1.2805,6311,0
20130129,1.2725,1.2885,1.2725,1.2805,43047,0
20130130,1.2805,1.2805,1.2725,1.2805,14919,0
20130131,1.2405,1.2805,1.2324,1.2805,7571,0
20130201,1.2805,1.2805,1.2405,1.2725,73376,0
20130204,1.2725,1.2725,1.2725,1.2725,874,0
20130205,1.2565,1.3605,1.2565,1.3445,30247,0
20130206,1.3445,1.3445,1.2565,1.2565,18571,0
20130207,1.2405,1.3125,1.2005,1.3125,5372,0
20130208,1.2805,1.3125,1.2805,1.3125,474,0
20130211,1.2485,1.2805,1.2485,1.2805,2311,0
20130212,1.2485,1.2485,1.2244,1.2485,63671,0
20130213,1.2485,1.2485,1.2165,1.2165,39946,0
20130214,1.2165,1.2405,1.2165,1.2405,9890,0
20130215,1.2405,1.2485,1.2405,1.2485,84410,0
20130219,1.1685,1.1685,1.1685,1.1685,250,0
20130220,1.1764,1.2084,1.1685,1.2084,15131,0
20130221,1.1685,1.1685,1.1604,1.1685,7997,0
20130222,1.1685,1.2084,1.1685,1.2084,1034,0
20130225,1.1365,1.2084,1.1365,1.2084,126,0
20130226,1.1365,1.1925,1.1365,1.1925,3787,0
20130227,1.1925,1.2485,1.1845,1.2485,25712,0
20130301,1.2965,1.3526,1.2965,1.3205,90923,0
20130304,1.3125,1.3205,1.3044,1.3205,12361,0
20130305,1.3205,1.4005,1.3205,1.3924,261122,0
20130306,1.4246,1.4246,1.3205,1.3765,490143,0
20130307,1.3845,1.4246,1.3445,1.4005,60781,0
20130308,1.4086,1.5126,1.4086,1.5126,122053,0
20130311,1.5526,1.5526,1.4725,1.5046,36580,0
20130312,1.5126,1.5126,1.4086,1.4086,40471,0
20130313,1.3285,1.4886,1.3285,1.4485,230110,0
20130314,1.4485,1.4485,1.4485,1.4485,5632,0
20130315,1.4806,1.5205,1.4406,1.4886,23686,0
20130318,1.4005,1.5366,1.4005,1.4806,2061,0
20130319,1.4005,1.4326,1.4005,1.4326,22493,0
20130320,1.3605,1.4005,1.3205,1.3205,436944,0
20130321,1.3285,1.3285,1.3044,1.3205,8189,0
20130322,1.2805,1.2805,1.2645,1.2725,90078,0
20130325,1.2565,1.2565,1.2005,1.2485,17715,0
20130326,1.1845,1.2485,1.1604,1.2485,39985,0
20130327,1.2324,1.2324,1.1445,1.1445,141015,0
20130328,1.1365,1.2005,1.1365,1.2005,133124,0
20130402,1.2005,1.2005,1.1285,1.2005,124272,0
20130403,1.2005,1.2005,1.1365,1.1445,25849,0
20130404,1.1365,1.1925,1.1365,1.1925,30864,0
20130405,1.1445,1.1445,1.1365,1.1445,12806,0
20130408,1.1044,1.1845,1.1044,1.1125,14443,0
20130409,1.1204,1.1604,1.1204,1.1604,64600,0
20130410,1.1204,1.1604,1.1204,1.1604,40747,0
20130411,1.2005,1.2805,1.2005,1.2805,22831,0
20130412,1.2805,1.2805,1.2165,1.2725,118631,0
20130415,1.2645,1.2645,1.1604,1.2405,189293,0
20130417,1.2005,1.2565,1.1845,1.2565,101166,0
20130418,1.2165,1.2405,1.1845,1.2405,7247,0
20130422,1.1685,1.2405,1.0565,1.0565,87272,0
20130423,1.0565,1.0565,0.9844,1.0565,94545,0
20130424,1.0804,1.0804,1.0804,1.0804,24,0
20130425,1.0404,1.0804,1.0404,1.0804,5498,0
20130426,1.0804,1.1365,1.0404,1.0404,61266,0
20130429,1.0804,1.1204,1.0404,1.0404,12284,0
20130430,1.1324,1.1578,1.1324,1.1578,1600,0
20130506,1.0484,1.1365,1.0484,1.1365,36861,0
20130507,1.0724,1.1604,1.0565,1.1604,16059,0
20130508,1.2005,1.2005,1.2005,1.2005,3748,0
20130509,1.1365,1.1604,1.1365,1.1604,7268,0
20130510,1.1604,1.1845,1.1204,1.1845,4327,0
20130513,1.1204,1.1925,1.1204,1.1925,4999,0
20130514,1.1925,1.1925,1.1925,1.1925,1874,0
20130515,1.1845,1.1845,1.1845,1.1845,24990,0
20130516,1.1204,1.1523,1.0565,1.1523,146745,0
20130517,1.0884,1.1925,1.0884,1.1845,97724,0
20130520,1.1604,1.2005,1.1604,1.2005,125050,0
20130521,1.1285,1.2005,1.1285,1.2005,9622,0
20130522,1.1925,1.1925,1.1925,1.1925,1249,0
20130524,1.1925,1.2405,1.1925,1.2405,117374,0
20130527,1.2485,1.2485,1.2084,1.2084,2055,0
20130528,1.2084,1.2485,1.2005,1.2485,158847,0
20130529,1.2254,1.2591,1.2254,1.2508,98168,0
20130531,1.2,1.2676,1.2,1.2676,374,0
20130603,1.2405,1.2405,1.2405,1.2405,18046,0
20130604,1.2565,1.2565,1.2405,1.2485,26328,0
20130605,1.2645,1.2645,1.2405,1.2565,79133,0
20130606,1.2324,1.2324,1.2324,1.2324,499,0
20130607,1.2324,1.2405,1.2244,1.2405,96645,0
20130610,1.2405,1.2405,1.2244,1.2244,5687,0
20130611,1.2405,1.2405,1.2405,1.2405,14,0
20130612,1.2405,1.2405,1.2405,1.2405,9151,0
20130613,1.2324,1.2324,1.2165,1.2244,200518,0
20130614,1.2244,1.2324,1.2165,1.2324,18767,0
20130618,1.2165,1.2165,1.2005,1.2005,11235,0
20130619,1.2324,1.2324,1.2244,1.2244,4203,0
20130620,1.1685,1.2165,1.1685,1.2165,887,0
20130625,1.2169,1.2169,1.1578,1.1578,9735,0
20130626,1.1604,1.1925,1.1445,1.1685,75976,0
20130627,1.1685,1.2165,1.1685,1.2165,20038,0
20130702,1.2,1.2169,1.2,1.2169,1347,0
20130703,1.2508,1.2508,1.2422,1.2422,21393,0
20130704,1.2591,1.2591,1.2591,1.2591,14,0
20130705,1.2422,1.2591,1.2169,1.2591,11483,0
20130709,1.2591,1.2591,1.2591,1.2591,1249,0
20130711,1.2338,1.2591,1.2338,1.2591,2927,0
20130712,1.2591,1.2591,1.2,1.2084,229701,0
20130715,1.1408,1.2338,1.1408,1.2338,2289,0
20130716,1.1915,1.2169,1.1915,1.2169,13677,0
20130717,1.2,1.2169,1.1662,1.2169,3314,0
20130718,1.1832,1.2169,1.1493,1.2,24673,0
20130719,1.1578,1.2169,1.1578,1.2169,4165,0
20130722,1.1493,1.1915,1.1493,1.1662,5217,0
20130724,1.1662,1.2254,1.1662,1.2254,576,0
20130726,1.2254,1.2254,1.2254,1.2254,3794,0
20130730,1.1832,1.1832,1.1408,1.1408,1633,0
20130731,1.1408,1.1408,1.1155,1.1155,30383,0
20130801,1.1746,1.2084,1.1746,1.2084,6396,0
20130802,1.2254,1.2254,1.2254,1.2254,59,0
20130805,1.1408,1.2169,1.1408,1.2169,679,0
20130807,1.1832,1.1832,1.1832,1.1832,396,0
20130808,1.2,1.2169,1.2,1.2169,1243,0
20130812,1.2169,1.2676,1.2169,1.2676,17159,0
20130813,1.2676,1.2676,1.2676,1.2676,95,0
20130816,1.2254,1.2254,1.2254,1.2254,1184,0
20130820,1.2422,1.2761,1.2422,1.2761,9239,0
20130821,1.2761,1.3521,1.2761,1.3521,15354,0
20130822,1.3521,1.4789,1.3267,1.4789,101301,0
20130823,1.4789,1.5633,1.4789,1.5633,29201,0
20130826,1.538,1.538,1.4789,1.4789,25917,0
20130827,1.4535,1.4789,1.3606,1.4789,13797,0
20130828,1.3859,1.462,1.3859,1.462,7703,0
20130829,1.3775,1.3775,1.3775,1.3775,119,0
20130830,1.4113,1.4366,1.3775,1.4197,33641,0
20130902,1.4535,1.4535,1.3521,1.4451,2337,0
20130903,1.3521,1.4197,1.3352,1.4197,23759,0
20130904,1.3521,1.3521,1.3521,1.3521,1091,0
20130905,1.3521,1.3521,1.2254,1.3184,7736,0
20130906,1.3099,1.4197,1.2676,1.4197,90899,0
20130909,1.3859,1.3859,1.3184,1.3184,2863,0
20130910,1.3775,1.4789,1.369,1.4789,63381,0
20130911,1.3944,1.4704,1.3944,1.3944,52159,0
20130912,1.4366,1.4704,1.4366,1.4366,37157,0
20130913,1.4451,1.4451,1.4451,1.4451,2722,0
20130916,1.4113,1.4366,1.4113,1.4366,178,0
20130917,1.4366,1.462,1.4366,1.4535,52164,0
20130918,1.4535,1.4957,1.4197,1.4874,21073,0
20130919,1.5043,1.5043,1.4451,1.5043,18850,0
20130920,1.4366,1.4874,1.4197,1.4874,4429,0
20130923,1.5126,1.5126,1.4366,1.4789,19312,0
20130924,1.4366,1.5126,1.4366,1.5126,1077,0
20130925,1.5043,1.5043,1.5043,1.5043,8283,0
20130926,1.4957,1.5043,1.4957,1.5043,213354,0
20130927,1.4957,1.4957,1.4957,1.4957,12,0
20130930,1.4957,1.4957,1.4451,1.4451,556,0
20131001,1.4535,1.5043,1.3352,1.3859,9609,0
20131002,1.4366,1.4957,1.4366,1.4874,54722,0
20131003,1.462,1.462,1.4281,1.4281,13620,0
20131004,1.4789,1.4789,1.4789,1.4789,1184,0
20131007,1.4789,1.4957,1.4704,1.4704,15099,0
20131008,1.4366,1.5211,1.4366,1.5126,34451,0
20131009,1.5465,1.5887,1.4957,1.5633,80917,0
20131010,1.5465,1.6987,1.5211,1.6817,203861,0
20131011,1.6057,2.1127,1.6057,2.0198,184497,0
20131014,2.0281,2.0281,1.8254,2.0198,38316,0
20131015,2.1803,2.3747,2.1464,2.2479,407434,0
20131016,2.2818,2.2818,2.0704,2.1127,339735,0
20131017,2.1803,2.1803,2.0451,2.1127,113137,0
20131018,2.1127,2.1212,1.9775,2.1127,155686,0
20131021,2.1634,2.1634,2.0874,2.1127,85509,0
20131022,2.1127,2.1127,2.0451,2.0535,156071,0
20131023,2.062,2.0958,2.0198,2.0366,299303,0
20131024,2.0281,2.0788,2.0198,2.0535,90323,0
20131025,2.0704,2.1042,2.0281,2.0281,63001,0
20131028,2.0366,2.1042,2.0366,2.0958,18002,0
20131029,2.0535,2.1212,2.0535,2.1212,16419,0
20131030,2.1127,2.155,2.1127,2.138,16284,0
20131031,2.1464,2.2986,2.1127,2.2564,128970,0
20131104,2.2479,2.2479,2.1464,2.2225,15085,0
20131105,2.231,2.231,2.155,2.155,10936,0
20131106,2.1972,2.2225,2.1634,2.2142,6776,0
20131107,2.2142,2.231,2.138,2.1464,13566,0
20131108,2.1972,2.1972,2.155,2.1972,43047,0
20131112,2.3577,2.4085,2.2818,2.4,293357,0
20131113,2.4,2.4423,2.3408,2.3831,74452,0
20131114,2.4254,2.5775,2.4254,2.4761,351586,0
20131115,2.5184,2.5352,2.4676,2.4676,342619,0
20131118,2.5267,2.5267,2.4761,2.5013,92687,0
20131119,2.5184,2.7043,2.4761,2.7043,231004,0
20131120,2.6873,2.8986,2.6873,2.8986,534294,0
20131121,2.8986,2.8986,2.7887,2.8225,97571,0
20131122,2.831,2.8732,2.6704,2.6789,88767,0
20131125,2.6789,2.738,2.6197,2.6197,101244,0
20131126,2.6281,2.7043,2.4761,2.6029,64801,0
20131127,2.6197,2.7043,2.6197,2.6704,24296,0
20131128,2.7043,2.7043,2.569,2.5859,36568,0
20131129,2.5859,2.6704,2.5859,2.6619,31010,0
20131202,2.6619,2.6789,2.5775,2.5775,20705,0
20131203,2.5775,2.6197,2.5352,2.5606,68480,0
20131204,2.5606,2.6451,2.4338,2.4845,106932,0
20131205,2.5099,2.5352,2.4338,2.5352,59031,0
20131206,2.5352,2.5859,2.4507,2.493,4056,0
20131209,2.4761,2.5775,2.4761,2.5775,12693,0
20131210,2.5775,2.5775,2.493,2.5521,20601,0
20131211,2.5013,2.5352,2.4254,2.4254,35491,0
20131212,2.4338,2.4676,2.4085,2.4085,48920,0
20131213,2.4085,2.4591,2.4085,2.4169,10973,0
20131216,2.4254,2.6535,2.4169,2.5775,158550,0
20131217,2.6451,2.6535,2.5606,2.6197,25103,0
20131218,2.5521,2.6535,2.5521,2.6197,489222,0
20131219,2.6451,2.6451,2.6197,2.6197,30783,0
20131220,2.5859,2.5859,2.5267,2.5267,21256,0
20131223,2.4676,2.6535,2.4676,2.6451,36257,0
20131227,2.6451,2.6957,2.6113,2.6535,34427,0
20131230,2.7043,2.7043,2.5859,2.6367,31789,0
20140102,2.6873,2.8732,2.6873,2.7719,56897,0
20140103,2.7973,2.7973,2.7127,2.7719,33921,0
20140107,2.7719,2.7719,2.6789,2.6789,28638,0
20140108,2.6619,2.6619,2.5775,2.6619,23897,0
20140109,2.6619,2.6619,2.5606,2.6113,16926,0
20140110,2.5775,2.6113,2.5775,2.6029,4343,0
20140113,2.6029,2.6281,2.569,2.5943,7994,0
20140114,2.5775,2.6197,2.5606,2.5943,11621,0
20140115,2.5943,2.6281,2.5436,2.5436,20681,0
20140116,2.5436,2.6873,2.5436,2.6873,17348,0
20140117,2.7043,2.7549,2.5859,2.5859,82593,0
20140120,2.5775,2.6619,2.5775,2.6367,1593,0
20140121,2.6367,2.7887,2.5859,2.7887,217253,0
20140122,2.7887,2.8225,2.7634,2.8225,85648,0
20140123,2.8225,3.2112,2.7973,3.1436,504720,0
20140124,3.2112,3.2535,3.0168,3.0168,218927,0
20140127,3.0254,3.0845,2.924,2.9662,31195,0
20140128,2.9662,3.1014,2.9662,3.0085,44734,0
20140129,3.1014,3.2451,3.0761,3.2451,266134,0
20140130,3.2112,3.3296,3.2112,3.2789,129488,0
20140131,3.2957,3.3296,3.1268,3.2198,79350,0
20140203,3.2957,3.3296,3.2789,3.3211,58295,0
20140204,3.3211,3.3718,3.2957,3.3634,57341,0
20140205,3.3803,3.3972,3.3042,3.3042,95941,0
20140206,3.3296,3.3634,3.0507,3.338,91794,0
20140207,3.3634,3.3634,3.1436,3.3127,36712,0
20140210,3.3042,3.3042,3.2198,3.2198,9472,0
20140211,3.1859,3.3042,3.1436,3.3042,67280,0
20140212,3.2957,3.2957,3.2366,3.2957,1267,0
20140213,3.2957,3.2957,3.1944,3.2874,29035,0
20140214,3.2198,3.2281,3.2198,3.2198,3288,0
20140217,3.2957,3.2957,3.1522,3.2112,22426,0
20140218,3.2112,3.2112,3.0845,3.1268,126576,0
20140219,3.1268,3.1774,3.093,3.1774,11482,0
20140221,3.1944,3.2112,3.169,3.169,4794,0
20140224,3.1606,3.338,3.1522,3.3296,71884,0
20140225,3.3127,3.3296,3.2535,3.2957,2928,0
20140226,3.3211,3.3211,3.1606,3.1606,9664,0
20140227,3.1606,3.2451,3.1184,3.1184,12931,0
20140228,3.1944,3.2535,3.1436,3.2535,45779,0
20140303,3.2789,3.2874,3.0845,3.2874,313497,0
20140304,3.3296,3.3718,3.2789,3.338,49096,0
20140305,3.3634,3.3634,3.0676,3.2957,290428,0
20140306,3.2535,3.4647,3.2198,3.4141,563355,0
20140307,3.431,3.4479,3.3042,3.3042,78256,0
20140310,3.3042,3.338,3.2112,3.2874,54937,0
20140311,3.2281,3.2535,3.1268,3.2535,39969,0
20140312,3.3127,3.3127,3.0761,3.0761,95812,0
20140313,3.0168,3.0168,2.7973,2.7973,357913,0
20140314,2.7211,2.9578,2.6619,2.7887,114632,0
20140317,2.6873,3.0339,2.6873,3.0168,841924,0
20140318,2.9916,3.169,2.9916,3.0761,80305,0
20140319,3.0845,3.1184,3.0422,3.0761,99686,0
20140320,3.1098,3.1184,3.0422,3.1184,12583,0
20140321,3.1098,3.1606,3.0845,3.1606,9763,0
20140324,3.1859,3.1859,3.093,3.1774,51497,0
20140325,3.1774,3.1774,3.1268,3.1606,18481,0
20140326,3.1268,3.1522,3,3.093,32059,0
20140327,3.0422,3.1606,3.0422,3.1014,17079,0
20140328,3.0507,3.0845,3,3.0845,12350,0
20140331,3.0761,3.0761,2.9916,3.0676,17749,0
20140401,3.0339,3.2028,3.0339,3.2028,51000,0
20140402,3.1859,3.2535,3.1774,3.2366,23255,0
20140403,3.2535,3.2535,3.1774,3.2281,6971,0
20140404,3.1944,3.1944,3.0085,3.1859,23621,0
20140407,3.1859,3.1859,3.0592,3.1436,12232,0
20140408,3.1436,3.169,3.0676,3.0676,21005,0
20140409,3.1606,3.1606,3.0676,3.1268,9285,0
20140410,3.1268,3.1268,3.0085,3.0761,26000,0
20140411,3.0592,3.0845,2.8901,3.0168,16240,0
20140414,2.9916,2.9916,2.8986,2.9324,33278,0
20140415,2.8986,3,2.8986,2.9324,13633,0
20140416,2.8817,3.0761,2.8817,3.0761,23694,0
20140417,3.0422,3.1268,3.0422,3.1268,100757,0
20140422,3.1268,3.1774,3.0422,3.1184,84405,0
20140423,2.9493,3.1184,2.8648,3.0592,54265,0
20140424,2.9662,3.093,2.9662,3.0168,9362,0
20140425,2.9746,3,2.9578,3,2078,0
20140428,3,3,2.9578,2.9578,10378,0
20140429,2.9578,2.9578,2.8648,2.8648,47922,0
20140430,2.8395,2.907,2.7465,2.7802,86052,0
20140502,2.7465,2.8648,2.7465,2.7887,36098,0
20140505,2.7465,2.831,2.5775,2.7043,26588,0
20140506,2.6535,2.6957,2.6281,2.6281,120950,0
20140507,2.6281,2.7296,2.5859,2.6113,43903,0
20140508,2.6197,2.7634,2.5775,2.6957,14900,0
20140509,2.6197,2.6197,2.5352,2.5352,147322,0
20140512,2.5352,2.6704,2.4676,2.6367,30517,0
20140513,2.6535,2.7802,2.5521,2.569,41140,0
20140514,2.569,2.6535,2.569,2.6367,150936,0
20140515,2.6789,2.831,2.6789,2.6957,44041,0
20140516,2.6957,2.7211,2.5352,2.6535,22336,0
20140519,2.5943,2.6873,2.5352,2.6451,127520,0
20140520,2.6451,2.7887,2.569,2.7211,161523,0
20140521,2.7211,2.7465,2.6789,2.7043,140244,0
20140522,2.7802,2.8479,2.7465,2.8479,20160,0
20140523,2.8395,2.9662,2.8395,2.9409,382794,0
20140526,2.9409,3.0085,2.9409,2.9746,37610,0
20140527,2.9578,3.1352,2.9578,3.1352,197834,0
20140528,3.169,3.2198,3.1268,3.2198,74076,0
20140529,3.1944,3.2112,3.1944,3.2112,381363,0
20140530,3.2028,3.2281,3.2028,3.2281,42722,0
20140602,3.2281,3.2281,3.1436,3.1859,9646,0
20140603,3.1944,3.1944,2.9831,3.0845,16305,0
20140604,3.0507,3.0507,2.9831,3.0168,14164,0
20140605,3.0422,3.0422,2.9746,2.9746,42868,0
20140606,2.9916,2.9916,2.9831,2.9831,3113,0
20140609,2.9831,2.9916,2.9578,2.9746,47057,0
20140610,2.8986,2.9746,2.8901,2.9746,18120,0
20140611,2.9746,3.0507,2.9746,3.0507,27157,0
20140612,3.0845,3.1352,3.0845,3.1352,8116,0
20140613,3.1436,3.1606,3.1436,3.1606,13383,0
20140616,3.1606,3.1606,3.0085,3.1352,4188,0
20140617,3.1436,3.2028,3.0339,3.2028,14977,0
20140618,3.093,3.1184,3.0676,3.0676,22904,0
20140620,3.1606,3.1606,3.1522,3.1522,48,0
20140623,3.0761,3.1522,3.0761,3.1436,5141,0
20140625,3.0845,3.1606,3.0761,3.1522,4410,0
20140626,3.0761,3.2535,3.0254,3.2281,144397,0
20140627,3.2112,3.2112,3.0254,3.0254,18002,0
20140630,3.0254,3.0339,2.7887,2.9746,102210,0
20140701,2.9578,3.0422,2.9155,3.0422,74178,0
20140702,3.0422,3.0592,3,3.0339,116306,0
20140703,3.0422,3.0422,2.9155,2.9155,4677,0
20140704,2.924,3.0085,2.924,2.9324,10513,0
20140707,2.9493,2.9493,2.8648,2.9493,28293,0
20140708,3,3,2.9831,2.9831,738,0
20140709,2.9916,2.9916,2.907,2.907,2510,0
20140710,2.9954,2.9954,2.9247,2.9247,11809,0
20140711,2.8452,3.1191,2.8452,3.0661,973,0
20140714,3.0484,3.0926,2.9689,2.9689,2414,0
20140715,3.0484,3.1014,3.0484,3.1014,5552,0
20140716,3.1014,3.1014,3.0042,3.0749,80696,0
20140717,3.0661,3.0661,2.9424,2.9424,8002,0
20140718,2.9159,2.9866,2.748,2.7833,62913,0
20140721,2.8894,2.8894,2.801,2.8629,7365,0
20140722,2.8629,2.9689,2.8629,2.9689,18989,0
20140723,2.9336,3.0396,2.9336,3.0396,3881,0
20140724,2.9601,3.0307,2.9424,2.9512,20512,0
20140725,3.0307,3.0307,2.9512,3.0307,4646,0
20140728,3.0396,3.0396,2.9424,3.0219,7412,0
20140729,3.0131,3.0219,3.0131,3.0219,38,0
20140731,2.9247,3.0042,2.9247,3.0042,286,0
20140801,2.9954,3.0042,2.9954,2.9954,3524,0
20140804,2.9954,3.0396,2.9777,2.9777,36572,0
20140805,2.9601,3.0219,2.9601,3.0219,18144,0
20140806,3.0131,3.0396,3.0042,3.0307,7947,0
20140807,3.0396,3.0396,2.9159,2.9159,17855,0
20140808,2.8894,2.8982,2.8187,2.8717,34131,0
20140811,2.8717,2.8805,2.8452,2.8629,23656,0
20140812,2.8629,2.9954,2.8629,2.8982,29518,0
20140813,2.9247,2.9247,2.854,2.854,17993,0
20140814,2.8629,2.9601,2.854,2.8717,10652,0
20140818,2.9424,3.0219,2.9424,3.0219,12670,0
20140819,3.0307,3.0307,2.9777,3.0307,13104,0
20140820,3.0131,3.0219,3.0131,3.0219,1984,0
20140821,2.9512,3.0219,2.9247,2.9601,5837,0
20140822,2.9601,3.0219,2.9512,2.9512,6153,0
20140825,2.9601,3.0042,2.9601,2.9777,27913,0
20140826,2.9601,3.0131,2.9601,3.0131,149,0
20140827,3.0131,3.0307,2.9954,3.0042,55814,0
20140828,2.9689,3.0042,2.8717,2.9954,36685,0
20140829,2.9866,3.0042,2.9866,3.0042,1517,0
20140901,2.7833,2.7833,2.5094,2.5183,137719,0
20140902,2.5271,2.642,2.5271,2.6155,56310,0
20140903,2.5978,2.8452,2.5978,2.7657,80886,0
20140904,2.7215,2.8364,2.7215,2.8098,232073,0
20140905,2.8187,2.9689,2.8187,2.9601,240294,0
20140908,2.907,2.9336,2.907,2.9336,6589,0
20140909,2.9159,2.9159,2.8629,2.8629,11767,0
20140910,2.854,2.854,2.7215,2.801,38907,0
20140911,2.7657,2.9866,2.7568,2.9866,140167,0
20140912,2.9601,3.1368,2.9601,3.1014,44536,0
20140915,3.0396,3.181,3.0396,3.181,111311,0
20140916,3.181,3.181,3.0926,3.0926,7543,0
20140917,3.1633,3.1721,3.0926,3.0926,721,0
20140918,3.0926,3.1191,2.9512,3.0307,28483,0
20140919,3.0396,3.1191,3.0396,3.0838,282,0
20140922,2.9159,3.2163,2.9159,3.2163,89803,0
20140923,3.2251,3.2516,3.0307,3.0838,15313,0
20140924,3.0838,3.1279,3.0661,3.0926,4452,0
20140925,3.0926,3.0926,3.0838,3.0926,914,0
20140926,2.9601,3.0396,2.9601,3.0396,7760,0
20140929,3.0484,3.0484,3.0307,3.0307,2007,0
20140930,3.0307,3.0307,3.0042,3.0042,10432,0
20141001,2.9954,2.9954,2.9866,2.9866,19,0
20141002,2.9954,2.9954,2.7127,2.8982,30324,0
20141003,2.6243,2.8717,2.3857,2.8717,48091,0
20141006,2.8364,2.907,2.8275,2.8275,14207,0
20141007,2.8275,2.907,2.8275,2.8629,7357,0
20141008,2.8098,2.8982,2.8098,2.8982,19438,0
20141009,2.8982,2.907,2.8982,2.8982,4224,0
20141010,2.8275,2.8275,2.7922,2.7922,35214,0
20141013,2.7922,2.7922,2.7215,2.7215,1334,0
20141014,2.7215,2.907,2.7215,2.801,12607,0
20141015,2.8098,2.8717,2.8098,2.8717,34,0
20141016,2.8982,2.8982,2.8982,2.8982,11,0
20141017,2.7833,2.7833,2.7833,2.7833,441,0
20141020,2.7833,2.8982,2.7833,2.8982,248,0
20141021,2.8894,2.8894,2.7833,2.7922,8126,0
20141022,2.7922,2.8452,2.7922,2.8452,407,0
20141023,2.8452,2.8452,2.7833,2.7833,7234,0
20141024,2.7922,2.8894,2.7922,2.8894,2427,0
20141027,2.8982,2.8982,2.8275,2.8275,1359,0
20141028,2.8629,2.907,2.8629,2.907,3995,0
20141029,2.907,2.907,2.907,2.907,4539,0
20141030,2.907,2.907,2.907,2.907,162,0
20141031,2.907,2.907,2.907,2.907,1,0
20141103,2.907,2.907,2.907,2.907,3,0
20141104,2.907,2.907,2.8452,2.854,1860,0
20141105,2.8982,2.8982,2.801,2.801,1952,0
20141106,2.8982,2.8982,2.7922,2.7922,1431,0
20141107,2.7922,2.801,2.7392,2.7833,21848,0
20141110,2.8452,2.8452,2.7657,2.7833,1614,0
20141112,2.7833,2.7833,2.7127,2.7127,3080,0
20141113,2.7038,2.7127,2.695,2.695,3393,0
20141114,2.6773,2.695,2.5978,2.6155,354628,0
20141117,2.6508,2.6508,2.6155,2.6155,29273,0
20141118,2.642,2.642,2.5359,2.5448,14659,0
20141119,2.5448,2.5624,2.4034,2.4034,18038,0
20141120,2.4299,2.4741,2.3239,2.3327,23580,0
20141121,2.3327,2.3946,2.3062,2.3062,32728,0
20141124,2.315,2.3946,2.2709,2.2709,17778,0
20141125,2.2974,2.2974,2.0058,2.0058,123514,0
20141126,2.0146,2.0411,1.9881,2.0323,33706,0
20141127,2.0411,2.103,1.9969,2.0676,149343,0
20141128,2.0765,2.1295,2.0676,2.1118,20251,0
20141201,2.1471,2.2443,2.1471,2.1737,14905,0
20141202,2.2267,2.2267,2.1825,2.2002,14517,0
20141203,2.2002,2.2002,2.1737,2.2002,8168,0
20141204,2.2002,2.2002,2.1825,2.2002,2746,0
20141205,2.2002,2.2002,2.1471,2.2002,5363,0
20141208,2.2002,2.2002,2.1737,2.1737,3789,0
20141209,2.2002,2.2002,2.156,2.1737,9702,0
20141210,2.1825,2.2178,2.1737,2.209,9807,0
20141211,2.2443,2.2443,2.2002,2.2443,6251,0
20141212,2.2797,2.2797,2.2267,2.2443,3434,0
20141215,2.2443,2.2443,2.209,2.209,2696,0
20141216,2.1825,2.1825,2.156,2.156,4344,0
20141217,2.156,2.209,2.156,2.209,23068,0
20141218,2.262,2.2709,2.209,2.209,68734,0
20141219,2.209,2.209,2.156,2.156,9633,0
20141222,2.1648,2.1648,2.1295,2.1648,10259,0
20141223,2.103,2.1471,2.103,2.1206,32424,0
20141229,2.1206,2.1206,2.0941,2.1206,69720,0
20141230,2.1737,2.1737,2.0765,2.0765,120338,0
20150102,2.1913,2.1913,2.1206,2.1206,22,0
20150105,2.1206,2.1206,2.0323,2.0765,1801,0
20150107,2.0765,2.0853,2.0323,2.0323,9517,0
20150108,2.0411,2.1737,2.0411,2.1648,15200,0
20150109,2.1737,2.1913,2.1471,2.1913,19260,0
20150112,2.209,2.2797,2.1471,2.1471,40901,0
20150113,2.1471,2.2178,2.1471,2.2002,9507,0
20150114,2.2002,2.209,2.1471,2.209,8255,0
20150115,2.209,2.209,2.156,2.156,2602,0
20150116,2.1648,2.1648,2.156,2.156,17,0
20150119,2.1737,2.1737,2.156,2.156,12432,0
20150120,2.1648,2.1648,2.0588,2.1471,9612,0
20150121,2.1471,2.1471,2.1295,2.1383,1920,0
20150122,2.2002,2.209,2.2002,2.209,3814,0
20150123,2.209,2.209,2.1471,2.156,2212,0
20150126,2.156,2.156,2.156,2.156,591,0
20150127,2.209,2.209,2.1471,2.1648,56254,0
20150129,2.2002,2.2002,2.2002,2.2002,24,0
20150130,2.1737,2.1737,2.103,2.1648,7135,0
20150202,2.156,2.1737,2.156,2.1648,9056,0
20150203,2.1737,2.2002,2.1648,2.2002,2376,0
20150204,2.2002,2.209,2.1295,2.1295,15752,0
20150205,2.1295,2.1913,1.9174,2.1206,43890,0
20150206,2.2002,2.2002,2.2002,2.2002,623,0
20150209,2.1295,2.1471,2.103,2.1471,5411,0
20150210,2.1383,2.1383,2.1383,2.1383,1314,0
20150211,2.1383,2.1383,2.0676,2.1206,1366,0
20150212,2.1383,2.1737,2.0323,2.0323,11136,0
20150213,2.05,2.05,1.9881,2.0323,85416,0
20150216,2.0323,2.1206,2.0323,2.1206,3663,0
20150217,2.1206,2.1206,1.9793,2.0676,12596,0
20150218,2.0676,2.0765,2.0323,2.0676,31333,0
20150219,2.05,2.1206,2.0411,2.1206,7544,0
20150220,2.1206,2.1206,2.1118,2.1118,14,0
20150223,2.1206,2.1206,2.0411,2.05,1465,0
20150224,2.05,2.0941,2.0323,2.0323,22081,0
20150225,2.0323,2.103,2.0323,2.103,23596,0
20150226,2.1383,2.3504,2.1383,2.2443,39088,0
20150227,2.209,2.209,2.1118,2.1648,21149,0
20150302,2.209,2.2885,2.209,2.209,115036,0
20150303,2.262,2.262,2.1648,2.209,26721,0
20150304,2.2002,2.209,2.1206,2.1737,7547,0
20150305,2.1737,2.1737,2.0765,2.1295,8161,0
20150306,2.1383,2.1383,2.1295,2.1383,1845,0
20150309,2.1471,2.1825,2.1383,2.1825,3657,0
20150310,2.1825,2.2178,2.1825,2.2002,6646,0
20150311,2.2002,2.2002,2.1383,2.1825,5704,0
20150312,2.1825,2.1913,2.1206,2.156,19651,0
20150313,2.1648,2.1648,2.103,2.1471,7379,0
20150316,2.1383,2.1648,2.1206,2.1648,8334,0
20150317,2.1648,2.1648,2.1206,2.1648,2318,0
20150318,2.1648,2.1913,2.1295,2.1913,8178,0
20150319,2.1825,2.1825,2.1383,2.1825,437,0
20150320,2.1913,2.2532,2.1737,2.1913,11500,0
20150323,2.1913,2.1913,2.1206,2.1206,14721,0
20150324,2.1825,2.3946,2.1825,2.2797,325185,0
20150325,2.3857,2.4034,2.3062,2.315,252920,0
20150326,2.3857,2.3857,2.2974,2.3239,21262,0
20150327,2.3415,2.3415,2.3062,2.3062,4455,0
20150330,2.3946,2.3946,2.315,2.3946,3935,0
20150331,2.3946,2.4299,2.3327,2.3857,45054,0
20150401,2.3857,2.3946,2.3327,2.3592,122379,0
20150402,2.4211,2.4211,2.3592,2.368,56968,0
20150407,2.3592,2.4211,2.3504,2.4034,25488,0
20150408,2.4122,2.5889,2.4122,2.4299,74943,0
20150409,2.4299,2.4918,2.4299,2.4741,3901,0
20150410,2.4741,2.5271,2.4299,2.4652,163886,0
20150413,2.4829,2.5271,2.4476,2.5006,27745,0
20150414,2.4918,2.5006,2.4387,2.4918,141262,0
20150415,2.4918,2.4918,2.4299,2.4918,35376,0
20150416,2.4211,2.4741,2.4122,2.4741,10036,0
20150417,2.4122,2.4387,2.3946,2.4299,17017,0
20150420,2.4299,2.4299,2.3592,2.3769,59416,0
20150421,2.3946,2.3946,2.3504,2.3769,4883,0
20150422,2.3857,2.4741,2.3327,2.3857,31801,0
20150423,2.3769,2.3857,2.3504,2.3857,49684,0
20150424,2.3857,2.3857,2.3327,2.3504,37468,0
20150427,2.3857,2.3857,2.3415,2.3769,31577,0
20150428,2.3769,2.3769,2.3062,2.3504,22578,0
20150429,2.3062,2.3769,2.2797,2.368,24853,0
20150430,2.3592,2.4122,2.2974,2.2974,98929,0
20150504,2.2974,2.3592,2.2797,2.2974,34641,0
20150505,2.315,2.3415,2.2974,2.3415,36414,0
20150506,2.315,2.3327,2.2974,2.3062,47761,0
20150507,2.3062,2.4476,2.3062,2.4476,156203,0
20150508,2.4564,2.5271,2.4564,2.4741,35827,0
20150511,2.4918,2.4918,2.3857,2.4652,8190,0
20150512,2.3592,2.4741,2.3592,2.4652,29002,0
20150513,2.4741,2.4741,2.4476,2.4476,1113,0
20150514,2.3769,2.4476,2.2178,2.4476,129354,0
20150515,2.4476,2.4476,2.3415,2.4122,59373,0
20150518,2.4122,2.4122,2.2709,2.2709,137390,0
20150519,2.3327,2.3327,2.2355,2.2355,34729,0
20150520,2.2532,2.2974,2.1825,2.1825,62395,0
20150521,2.209,2.2443,2.1206,2.2443,55419,0
20150522,2.2443,2.2443,2.209,2.209,15536,0
20150525,2.209,2.262,2.209,2.2532,1493,0
20150526,2.2532,2.2532,2.209,2.209,1365,0
20150527,2.2443,2.2443,2.1913,2.1913,8924,0
20150528,2.1913,2.2709,2.1913,2.209,6221,0
20150529,2.2532,2.2885,2.2178,2.2885,12901,0
20150601,2.3239,2.3239,2.2267,2.2532,14200,0
20150602,2.3327,2.3327,2.2532,2.2797,8784,0
20150603,2.2709,2.2709,2.2709,2.2709,2467,0
20150605,2.2532,2.2532,2.209,2.209,14237,0
20150608,2.1526,2.2372,2.1526,2.2372,58368,0
20150609,2.2372,2.2372,2.1714,2.1714,2951,0
20150610,2.1902,2.3218,2.1902,2.3218,42417,0
20150611,2.303,2.3312,2.303,2.3312,8521,0
20150612,2.2748,2.2842,2.2748,2.2842,5718,0
20150615,2.3218,2.3218,2.3218,2.3218,1064,0
20150616,2.3218,2.3312,2.2936,2.3312,3191,0
20150617,2.2748,2.3312,2.2748,2.3312,4271,0
20150618,2.2936,2.3312,2.2936,2.3312,14473,0
20150619,2.3312,2.3312,2.2936,2.2936,299485,0
20150622,2.2654,2.3312,2.2654,2.3218,19628,0
20150623,2.303,2.303,2.2466,2.2466,213,0
20150624,2.2936,2.2936,2.2936,2.2936,21,0
20150625,2.303,2.303,2.162,2.2842,15172,0
20150626,2.2936,2.303,2.0868,2.2466,28367,0
20150629,2.162,2.2936,2.162,2.1714,12574,0
20150630,2.1714,2.2936,2.115,2.209,91640,0
20150701,2.2184,2.2748,2.209,2.256,45543,0
20150702,2.2466,2.256,2.2466,2.256,73803,0
20150703,2.256,2.303,2.256,2.2748,16101,0
20150706,2.2654,2.2936,2.2372,2.2466,37678,0
20150707,2.2748,2.444,2.2748,2.3594,73361,0
20150708,2.3688,2.4252,2.256,2.2842,29772,0
20150709,2.2842,2.35,2.2842,2.35,4647,0
20150710,2.4064,2.4064,2.3406,2.35,4856,0
20150713,2.4064,2.4064,2.3688,2.3688,6201,0
20150714,2.3688,2.4252,2.3688,2.4252,5740,0
20150715,2.4346,2.4346,2.3124,2.3406,12787,0
20150716,2.3406,2.4064,2.3406,2.4064,4820,0
20150717,2.397,2.4346,2.35,2.4346,12862,0
20150720,2.4346,2.491,2.4346,2.4816,25820,0
20150721,2.491,2.491,2.491,2.491,3578,0
20150722,2.491,2.491,2.444,2.444,4621,0
20150723,2.444,2.444,2.4346,2.4346,539,0
20150724,2.4346,2.4346,2.3406,2.3406,8012,0
20150727,2.3876,2.3876,2.35,2.3876,5128,0
20150729,2.3876,2.3876,2.3876,2.3876,1,0
20150730,2.4346,2.4346,2.35,2.4158,15321,0
20150731,2.4158,2.4158,2.3124,2.3688,6895,0
20150803,2.3876,2.4064,2.35,2.3782,160,0
20150804,2.397,2.397,2.397,2.397,2,0
20150805,2.4252,2.4252,2.4252,2.4252,32,0
20150806,2.4158,2.4158,2.35,2.3594,6139,0
20150807,2.4158,2.4158,2.3406,2.35,9097,0
20150810,2.35,2.35,2.303,2.3312,1779,0
20150811,2.2936,2.2936,2.2372,2.2372,20339,0
20150812,2.1996,2.2372,2.1902,2.2372,7223,0
20150813,2.209,2.2466,2.209,2.2466,4453,0
20150814,2.2372,2.2372,2.2372,2.2372,746,0
20150817,2.2372,2.2372,2.1808,2.1808,2995,0
20150818,2.2278,2.4346,2.2278,2.3406,48580,0
20150819,2.35,2.3594,2.303,2.3406,3089,0
20150820,2.35,2.35,2.2748,2.2748,4829,0
20150821,2.2184,2.2936,2.2184,2.2278,851,0
20150824,2.2278,2.2278,2.1056,2.162,4968,0
20150825,2.0962,2.162,2.0962,2.162,16388,0
20150826,2.162,2.162,2.115,2.162,1282,0
20150827,2.1808,2.1808,2.1808,2.1808,1639,0
20150828,2.1808,2.2748,2.1808,2.2748,15339,0
20150831,2.303,2.303,2.2184,2.2372,9711,0
20150901,2.162,2.162,2.0492,2.0774,62013,0
20150902,2.1432,2.397,2.1432,2.3594,121499,0
20150903,2.3594,2.3876,2.3218,2.3594,22839,0
20150904,2.3782,2.3876,2.3124,2.3124,773932,0
20150907,2.3124,2.3688,2.2842,2.3594,3885,0
20150908,2.2748,2.3124,2.2748,2.3124,4691,0
20150909,2.2842,2.3312,2.2842,2.3312,37,0
20150910,2.35,2.35,2.3312,2.35,1279,0
20150911,2.35,2.35,2.3218,2.35,1235,0
20150914,2.3312,2.3312,2.3312,2.3312,1,0
20150915,2.35,2.35,2.303,2.35,2681,0
20150916,2.35,2.35,2.303,2.303,5457,0
20150917,2.303,2.3594,2.303,2.3594,4829,0
20150918,2.3594,2.4534,2.35,2.4534,16212,0
20150921,2.4534,2.4722,2.3782,2.4722,2990,0
20150922,2.4722,2.4722,2.3688,2.444,11370,0
20150923,2.3688,2.4346,2.3688,2.4346,711,0
20150924,2.4064,2.4064,2.4064,2.4064,1,0
20150925,2.4064,2.4064,2.4064,2.4064,11,0
20150928,2.3782,2.3782,2.35,2.35,1221,0
20150929,2.35,2.3688,2.35,2.35,8217,0
20150930,2.3312,2.3782,2.3312,2.3782,27174,0
20151001,2.3688,2.3782,2.3688,2.3782,4183,0
20151002,2.4252,2.444,2.3782,2.4252,4581,0
20151005,2.4252,2.4252,2.3782,2.3782,852,0
20151006,2.3782,2.4252,2.3782,2.4252,12,0
20151007,2.3782,2.397,2.3782,2.397,2293,0
20151008,2.3876,2.4252,2.3876,2.4252,12,0
20151009,2.4252,2.4628,2.3876,2.4628,5372,0
20151012,2.4628,2.4628,2.3876,2.4628,2101,0
20151013,2.4628,2.4628,2.3782,2.444,3222,0
20151014,2.4628,2.4628,2.3782,2.3876,7406,0
20151015,2.4252,2.5192,2.3782,2.5192,18673,0
20151016,2.5098,2.5098,2.491,2.491,5994,0
20151019,2.5098,2.679,2.5098,2.632,35603,0
20151020,2.632,2.632,2.585,2.6132,7117,0
20151021,2.6132,2.6132,2.6132,2.6132,1064,0
20151022,2.585,2.585,2.5474,2.5474,7229,0
20151023,2.5474,2.5756,2.5474,2.5756,4544,0
20151026,2.6132,2.6132,2.585,2.6132,404,0
20151027,2.6414,2.6414,2.5568,2.6226,2405,0
20151028,2.632,2.632,2.5944,2.5944,809,0
20151029,2.5944,2.6414,2.538,2.5474,8493,0
20151030,2.5756,2.5756,2.5756,2.5756,1,0
20151102,2.5756,2.5756,2.5756,2.5756,1,0
20151103,2.5568,2.5756,2.538,2.538,6744,0
20151104,2.538,2.585,2.538,2.5756,6297,0
20151105,2.5756,2.5756,2.5004,2.5474,6578,0
20151106,2.5004,2.5568,2.5004,2.5568,5159,0
20151109,2.5568,2.5568,2.491,2.491,4017,0
20151110,2.491,2.5004,2.491,2.5004,4,0
20151112,2.4158,2.491,2.4158,2.4722,3556,0
20151113,2.4722,2.4722,2.3782,2.3782,6850,0
20151116,2.3782,2.4534,2.3782,2.4534,880,0
20151117,2.4534,2.5474,2.444,2.5474,128661,0
20151118,2.5568,2.5756,2.5474,2.5756,5983,0
20151119,2.4722,2.5286,2.4722,2.4816,13948,0
20151120,2.4816,2.6602,2.4534,2.6414,76256,0
20151123,2.632,2.632,2.5756,2.6226,2522,0
20151124,2.632,2.632,2.5568,2.6132,18145,0
20151125,2.632,2.632,2.6132,2.632,11351,0
20151126,2.6414,2.6696,2.5004,2.632,81734,0
20151127,2.632,2.7072,2.585,2.5944,189437,0
20151130,2.6414,2.6884,2.6132,2.6132,14778,0
20151201,2.6414,2.6602,2.6038,2.6038,28811,0
20151202,2.6038,2.6602,2.5944,2.5944,26361,0
20151203,2.5944,2.5944,2.5944,2.5944,2730,0
20151204,2.5944,2.5944,2.538,2.5756,6363,0
20151207,2.6226,2.6226,2.5474,2.6132,5803,0
20151208,2.6132,2.6132,2.538,2.538,2129,0
20151209,2.538,2.5662,2.5098,2.5662,7002,0
20151210,2.5662,2.5662,2.3688,2.444,63412,0
20151211,2.4252,2.5568,2.4252,2.5568,10255,0
20151214,2.5568,2.5568,2.4534,2.5286,8603,0
20151215,2.4534,2.5286,2.4534,2.5286,25948,0
20151216,2.4628,2.6038,2.4628,2.6038,5770,0
20151217,2.6602,2.6602,2.6602,2.6602,1,0
20151218,2.6226,2.6226,2.5474,2.6226,1691,0
20151221,2.6226,2.6226,2.5286,2.538,96206,0
20151222,2.538,2.5756,2.491,2.491,136335,0
20151223,2.538,2.5756,2.4722,2.5286,59583,0
20151228,2.5286,2.5944,2.4722,2.4722,104486,0
20151229,2.4722,2.5568,2.4722,2.5286,1689,0
20151230,2.5286,2.585,2.5286,2.5286,9670,0
20160104,2.5286,2.5286,2.4628,2.5286,895,0
20160105,2.538,2.538,2.4628,2.5098,14503,0
20160107,2.4534,2.5286,2.3876,2.444,10271,0
20160108,2.444,2.5098,2.3782,2.444,50233,0
20160111,2.4816,2.4816,2.3876,2.444,16698,0
20160112,2.444,2.4722,2.3782,2.444,60549,0
20160113,2.4346,2.4346,2.4064,2.4064,1810,0
20160114,2.4064,2.4816,2.4064,2.4816,11232,0
20160115,2.4816,2.4816,2.35,2.3782,30646,0
20160118,2.397,2.4816,2.397,2.4534,23790,0
20160119,2.4252,2.4628,2.4252,2.4628,6273,0
20160120,2.4628,2.4628,2.4252,2.4534,15848,0
20160121,2.4628,2.4628,2.3876,2.3876,2099,0
20160122,2.3688,2.4534,2.3688,2.4534,6150,0
20160125,2.4534,2.6132,2.444,2.6132,21549,0
20160126,2.6132,2.6132,2.5474,2.585,4000,0
20160127,2.5474,2.5568,2.538,2.538,8371,0
20160128,2.538,2.585,2.538,2.585,733,0
20160129,2.585,2.585,2.5286,2.585,9155,0
20160201,2.5098,2.5756,2.5098,2.5098,18894,0
20160202,2.491,2.5756,2.491,2.5756,18657,0
20160203,2.5756,2.5756,2.491,2.491,3689,0
20160204,2.491,2.5756,2.491,2.5756,850,0
20160205,2.5662,2.5756,2.5662,2.5756,267,0
20160208,2.5756,2.585,2.5756,2.585,45910,0
20160209,2.585,2.5944,2.5568,2.5944,5104,0
20160210,2.6038,2.6038,2.6038,2.6038,5,0
20160211,2.585,2.585,2.538,2.538,2313,0
20160212,2.5756,2.5756,2.5192,2.5192,6502,0
20160215,2.5662,2.585,2.538,2.585,813,0
20160216,2.585,2.585,2.5192,2.5192,1828,0
20160217,2.585,2.6132,2.5192,2.6132,13161,0
20160218,2.6132,2.6132,2.5662,2.6132,1018,0
20160219,2.6132,2.632,2.5756,2.5756,4893,0
20160222,2.6414,2.6508,2.5662,2.585,6788,0
20160223,2.5756,2.632,2.5756,2.632,76794,0
20160224,2.5944,2.5944,2.5662,2.5662,5160,0
20160225,2.585,2.585,2.585,2.585,214,0
20160226,2.5756,2.6132,2.5474,2.6132,7843,0
20160229,2.632,2.632,2.5192,2.5756,7016,0
20160301,2.5756,2.6132,2.5098,2.6132,7022,0
20160302,2.6132,2.6132,2.5568,2.6132,503,0
20160303,2.6132,2.6132,2.585,2.6132,2379,0
20160304,2.6132,2.8482,2.6132,2.8482,106664,0
20160307,2.8482,2.9986,2.8482,2.9892,30567,0
20160308,2.9986,2.9986,2.961,2.9892,4826,0
20160309,2.9892,2.9892,2.8482,2.8482,6045,0
20160310,2.8482,2.9234,2.8482,2.914,1726,0
20160311,2.914,2.914,2.7542,2.82,23221,0
20160314,2.82,2.82,2.6602,2.726,24299,0
20160315,2.7636,2.7636,2.7166,2.7166,3017,0
20160316,2.7636,2.7636,2.6978,2.7354,3194,0
20160317,2.7636,2.7636,2.679,2.726,2906,0
20160318,2.7636,2.7636,2.7072,2.7448,3335,0
20160321,2.7636,2.7636,2.7072,2.7448,189,0
20160322,2.7636,2.9328,2.7636,2.8576,25501,0
20160323,2.8482,2.8482,2.7824,2.8388,10314,0
20160324,2.8388,2.8388,2.7824,2.8012,1695,0
20160329,2.8012,2.8482,2.8012,2.8482,11550,0
20160330,2.8482,2.8764,2.8388,2.867,7390,0
20160331,2.8576,2.9328,2.8576,2.9328,24613,0
20160401,2.9328,2.9704,2.9046,2.9046,21446,0
20160404,2.9046,2.9046,2.9046,2.9046,4873,0
20160405,2.9046,2.9046,2.8764,2.8952,13619,0
20160406,2.8952,2.8952,2.8576,2.8952,1468,0
20160407,2.8952,2.8952,2.8576,2.8952,2139,0
20160408,2.8952,2.8952,2.8858,2.8858,299,0
20160411,2.8482,2.9516,2.8482,2.9516,1583,0
20160412,2.9516,2.9516,2.867,2.914,3244,0
20160413,2.9046,2.9046,2.9046,2.9046,1,0
20160414,2.9046,2.9046,2.8576,2.8576,2752,0
20160415,2.867,2.9046,2.867,2.9046,2702,0
20160418,2.914,2.9516,2.914,2.9516,1926,0
20160419,2.9422,2.9422,2.9234,2.9328,2480,0
20160420,2.9328,2.9798,2.9328,2.961,9863,0
20160421,2.961,2.961,2.961,2.961,760,0
20160422,2.9798,2.9798,2.9234,2.9798,1012,0
20160425,2.9798,2.9798,2.914,2.9704,2715,0
20160426,2.9798,2.9798,2.8952,2.8952,4500,0
20160427,2.9704,2.9798,2.9234,2.961,12204,0
20160428,2.961,2.961,2.8858,2.9328,122798,0
20160429,2.961,2.961,2.961,2.961,3,0
20160502,2.961,2.961,2.961,2.961,5,0
20160504,2.961,2.961,2.961,2.961,3,0
20160505,2.961,2.961,2.9328,2.961,736,0
20160506,2.9516,2.9516,2.9516,2.9516,222,0
20160509,2.961,2.961,2.9516,2.9516,162,0
20160510,2.9422,2.9422,2.8576,2.8764,31277,0
20160511,2.8764,2.914,2.8576,2.8576,6379,0
20160512,2.9046,2.9046,2.8388,2.8952,3291,0
20160513,2.8952,2.8952,2.867,2.8952,3195,0
20160516,2.8858,2.8858,2.8482,2.8482,4194,0
20160517,2.773,2.8106,2.632,2.8106,112032,0
20160518,2.8012,2.8012,2.7354,2.7448,4455,0
20160519,2.7448,2.7636,2.7166,2.7166,5956,0
20160520,2.726,2.7448,2.726,2.7448,1564,0
20160523,2.7448,2.773,2.7448,2.7542,729,0
20160524,2.7542,2.7542,2.726,2.7542,1084,0
20160525,2.7542,2.7542,2.7166,2.7166,2189,0
20160527,2.5944,2.773,2.5944,2.773,8377,0
20160530,2.773,2.773,2.7166,2.773,2224,0
20160531,2.773,2.8106,2.773,2.8106,21311,0
20160601,2.8012,2.8012,2.7448,2.7918,3165,0
20160602,2.8012,2.8388,2.7448,2.773,12994,0
20160603,2.82,2.8576,2.82,2.8294,7396,0
20160606,2.9046,2.9046,2.8482,2.8482,3580,0
20160607,2.8576,2.9046,2.8482,2.9046,5179,0
20160608,2.8858,2.9892,2.8858,2.9704,35990,0
20160609,2.9422,3.0362,2.9422,3.008,48036,0
20160610,3.008,3.008,3.008,3.008,2,0
20160613,2.9986,2.9986,2.82,2.82,7388,0
20160614,2.9892,2.9892,2.8294,2.961,16073,0
20160615,2.9328,2.9328,2.8952,2.9328,3232,0
20160616,2.9328,2.9328,2.7542,2.867,15856,0
20160617,2.7918,2.8764,2.7918,2.8764,1074,0
20160620,2.867,2.867,2.8482,2.8482,28830,0
20160621,2.8482,2.8482,2.8106,2.8482,806,0
20160622,2.8482,2.8858,2.8012,2.8858,20554,0
20160623,2.914,2.914,2.867,2.914,18866,0
20160624,2.82,2.82,2.7636,2.82,22797,0
20160627,2.86,2.88,2.82,2.85,24491,0
20160628,2.88,2.88,2.62,2.81,23656,0
20160629,2.88,2.88,2.79,2.83,8829,0
20160630,2.88,2.88,2.76,2.8,5056,0
20160701,2.83,2.83,2.8,2.83,1995,0
20160704,2.83,2.83,2.8,2.83,7920,0
20160705,2.75,2.83,2.75,2.83,1069,0
20160706,2.82,2.82,2.75,2.75,19977,0
20160707,2.8,2.8,2.76,2.78,4855,0
20160708,2.78,2.78,2.67,2.75,3297,0
20160711,2.76,2.76,2.76,2.76,4,0
20160712,2.75,2.75,2.7,2.7,371,0
20160713,2.74,2.74,2.74,2.74,20,0
20160714,2.74,2.74,2.69,2.7,506,0
20160715,2.74,2.74,2.74,2.74,51,0
20160718,2.74,2.74,2.61,2.65,9919,0
20160719,2.61,2.7,2.56,2.7,9539,0
20160720,2.7,2.7,2.6,2.62,45626,0
20160721,2.62,2.62,2.61,2.62,289696,0
20160722,2.61,2.62,2.61,2.62,771,0
20160725,2.62,2.62,2.61,2.62,25063,0
20160726,2.62,2.73,2.62,2.72,13083,0
20160727,2.7,2.7,2.65,2.7,21061,0
20160728,2.7,2.7,2.65,2.65,859,0
20160729,2.66,2.66,2.59,2.62,4844,0
20160801,2.62,2.62,2.62,2.62,171,0
20160802,2.58,2.61,2.56,2.61,3002,0
20160803,2.62,2.62,2.56,2.6,853,0
20160804,2.6,2.6,2.37,2.56,18436,0
20160805,2.6,2.6,2.48,2.54,3854,0
20160808,2.6,2.6,2.48,2.48,1002,0
20160809,2.49,2.6,2.49,2.6,11748,0
20160810,2.59,2.73,2.59,2.65,6355,0
20160811,2.65,2.65,2.59,2.59,20005,0
20160812,2.59,2.65,2.59,2.65,45,0
20160816,2.65,2.65,2.6,2.6,56,0
20160817,2.7,2.73,2.65,2.65,4726,0
20160818,2.7,2.73,2.7,2.73,1843,0
20160819,2.73,2.73,2.65,2.65,9463,0
20160822,2.71,2.71,2.71,2.71,820,0
20160823,2.73,2.73,2.7,2.7,8,0
20160824,2.71,2.71,2.64,2.64,21634,0
20160825,2.65,2.65,2.6,2.6,10988,0
20160826,2.65,2.65,2.54,2.6,4643,0
20160829,2.6,2.65,2.6,2.65,2620,0
20160830,2.64,2.73,2.61,2.73,27649,0
20160831,2.73,2.73,2.69,2.73,15899,0
20160901,2.95,2.95,2.8,2.8,120754,0
20160902,2.8,3.12,2.8,3.12,509708,0
20160905,3.1,3.1,2.98,3.1,17349,0
20160906,3.1,3.1,3,3.1,17716,0
20160907,3.1,3.18,3.1,3.17,35993,0
20160908,3.18,3.18,3.09,3.15,10633,0
20160909,3.14,3.14,3.12,3.12,8653,0
20160912,3.02,3.15,3.02,3.05,13200,0
20160913,2.84,3.05,2.84,3.05,2558,0
20160914,3.09,3.09,3.03,3.09,650,0
20160915,3.09,3.09,3.09,3.09,2,0
20160916,3.08,3.08,3.07,3.07,3782,0
20160919,3.08,3.08,3.07,3.07,500,0
20160920,3.08,3.08,3.01,3.01,1906,0
20160921,3.01,3.1,3.01,3.1,53768,0
20160922,3.12,3.33,3.12,3.32,120189,0
20160923,3.33,3.33,3.25,3.3,19182,0
20160926,3.31,3.31,3.22,3.29,159,0
20160927,3.29,3.29,3.2,3.27,13032,0
20160928,3.27,3.28,3.14,3.28,72755,0
20160929,3.27,3.27,3.27,3.27,16,0
20160930,3.27,3.31,3.27,3.3,19254,0
20161003,3.25,3.3,3.25,3.3,1958,0
20161004,3.3,3.3,3.3,3.3,4793,0
20161005,3.3,3.3,3.26,3.3,802,0
20161006,3.33,3.33,3.3,3.33,5324,0
20161007,3.33,3.38,3.3,3.33,13086,0
20161010,3.34,3.6,3.34,3.6,132079,0
20161011,3.57,3.6,3.45,3.6,273680,0
20161012,3.6,3.65,3.44,3.65,3130,0
20161013,3.65,4,3.57,3.81,42722,0
20161014,3.73,3.85,3.72,3.8,16223,0
20161017,3.75,3.8,3.73,3.74,75881,0
20161018,3.72,3.79,3.72,3.76,22,0
20161019,3.76,3.76,3.45,3.76,26887,0
20161020,3.75,3.75,3.51,3.75,434,0
20161021,3.75,3.76,3.75,3.75,2964,0
20161024,3.75,3.75,3.68,3.72,32614,0
20161025,3.77,3.77,3.6,3.7,1656,0
20161026,3.7,3.7,3.7,3.7,139,0
20161027,3.7,3.7,3.61,3.7,1514,0
20161028,3.7,3.7,3.61,3.7,49454,0
20161031,3.7,3.88,3.6,3.88,7958,0
20161102,3.89,3.89,3.78,3.85,1270,0
20161103,3.85,3.85,3.75,3.75,2970,0
20161104,3.75,3.75,3.62,3.62,23421,0
20161107,3.65,3.65,3.6,3.64,5811,0
