Date,Open,High,Low,Close,Volume,OpenInt
20110630,10.2,10.5,9.7,10.2,11585,0
20110701,10.49,10.9,10,10.45,3561,0
20110704,10.65,10.65,10.2,10.49,2053,0
20110705,10.55,10.55,10.2,10.51,1523,0
20110706,10.52,10.52,10,10.43,1462,0
20110707,10.43,10.5,10.43,10.5,296,0
20110708,10.4,10.5,10.4,10.5,201,0
20110711,10.5,10.5,10.5,10.5,209,0
20110712,10.5,10.5,10.5,10.5,200,0
20110713,10.2,10.2,10.2,10.2,1,0
20110714,10.2,10.2,10.2,10.2,2,0
20110715,10.2,10.2,10.2,10.2,2,0
20110718,10.2,10.2,10.2,10.2,2,0
20110719,10.2,10.3,10.2,10.3,169,0
20110720,10.2,10.2,10.2,10.2,298,0
20110721,10.2,10.2,10.2,10.2,2,0
20110722,10.2,10.2,10.2,10.2,602,0
20110725,10.2,10.2,10.2,10.2,2,0
20110726,10.2,10.2,10.2,10.2,2,0
20110727,10.2,10.2,10.2,10.2,69,0
20110728,10.2,10.2,10.2,10.2,2,0
20110808,10.1,10.1,10.1,10.1,100,0
20110816,10,10,10,10,1,0
20110817,9.99,9.99,9.91,9.91,261,0
20110819,9.7,9.7,9.7,9.7,52,0
20110822,9.7,9.7,9.45,9.45,728,0
20110824,9.4,9.4,9.4,9.4,1,0
20110825,9.4,9.4,9.4,9.4,2,0
20110826,9.4,9.4,9.4,9.4,2,0
20110829,9.4,9.4,9.35,9.35,14251,0
20110830,9.4,9.5,9.35,9.5,3884,0
20110831,9.5,9.5,9.5,9.5,2,0
20110901,9.5,9.5,9.5,9.5,2,0
20110902,9.5,9.5,9.5,9.5,2,0
20110905,9.5,9.5,9.35,9.5,15348,0
20110906,9.5,9.5,9.35,9.5,4906,0
20110907,9.5,9.5,9.35,9.5,2338,0
20110908,9.35,9.35,9.35,9.35,6076,0
20110909,9.5,9.5,9.5,9.5,1,0
20110912,9.5,9.5,9.5,9.5,2,0
20110913,9.5,9.5,9.5,9.5,2,0
20110914,9.5,9.5,9.5,9.5,2,0
20110915,9.5,9.5,9.5,9.5,2,0
20110916,9.5,9.5,9.5,9.5,1,0
20110919,9.5,9.5,9.5,9.5,2,0
20110920,9.5,9.5,9.5,9.5,1,0
20110921,9.5,9.5,9.5,9.5,2,0
20110922,9.5,9.5,9.5,9.5,2,0
20110923,9.5,9.5,9.5,9.5,2,0
20110926,9.5,9.5,9.5,9.5,2,0
20110927,9.5,9.5,9.5,9.5,2,0
20110928,9.5,9.5,9.5,9.5,2,0
20110929,9.5,9.5,9.5,9.5,12,0
20110930,9.5,9.5,9.5,9.5,2,0
20111004,9.5,9.5,9.5,9.5,2,0
20111005,9.5,9.5,9.5,9.5,2,0
20111006,9.5,9.5,9.5,9.5,2,0
20111007,9.5,9.5,9.25,9.5,292,0
20111010,9.5,9.5,9.1,9.1,291,0
20111028,9.2,9.2,9.2,9.2,2,0
20111031,9.2,9.2,9.2,9.2,2,0
20111102,9.2,9.2,9.2,9.2,2,0
20111103,9.2,9.2,9.2,9.2,2,0
20111104,9.2,9.2,9.2,9.2,2,0
20111107,9.2,9.2,9.2,9.2,2,0
20111108,9.2,9.5,9.2,9.5,303,0
20111109,9.5,9.5,9.5,9.5,2,0
20111110,9.5,9.5,9.5,9.5,2,0
20111114,9.5,9.5,9.5,9.5,2,0
20111115,9.5,9.6,9.5,9.6,975,0
20111116,9.6,9.6,9.6,9.6,541,0
20111117,9.7,9.7,9.7,9.7,502,0
20111124,9.9,9.9,9.55,9.55,271,0
20111206,9.85,9.85,9.45,9.85,282,0
20111212,9.8,9.8,9.8,9.8,1,0
20111213,9.85,9.85,9.85,9.85,1,0
20111214,9.85,9.85,9.1,9.85,648,0
20111215,9.35,9.85,9.35,9.85,376,0
20111216,8.95,9.25,8.95,9.25,301,0
20111220,9.85,9.85,9.85,9.85,1,0
20111221,9.85,9.85,9.85,9.85,1,0
20111222,8.95,9.85,8.8,8.8,728,0
20111227,9.2,9.2,9.2,9.2,1,0
20111228,9.2,9.2,8.7,9.09,417,0
20111229,9.85,9.85,8.97,9.4,2428,0
20111230,9.02,9.85,8.85,9.85,372,0
20120102,8.6,9.25,8.6,9.25,301,0
20120103,9.25,9.25,9.25,9.25,1,0
20120104,9.25,9.25,9.25,9.25,1,0
20120105,9.25,9.25,8.6,9.25,341,0
20120109,9.25,9.25,9.25,9.25,1,0
20120110,9.25,9.25,8.22,8.22,321,0
20120112,7.83,7.83,7.83,7.83,136,0
20120113,7.83,7.83,7.83,7.83,225,0
20120116,8.59,8.59,8.59,8.59,1,0
20120117,8.59,8.59,7.65,8.59,1424,0
20120118,8,8.39,8,8.39,1112,0
20120119,8,8.59,8,8.59,1052,0
20120120,7.97,8.59,7.97,8.59,1010,0
20120123,8.59,8.59,7.94,8.59,1002,0
20120124,8.59,8.59,7.94,8.59,1002,0
20120125,8.59,8.59,8,8.59,1002,0
20120127,7.65,7.75,7.65,7.75,740,0
20120130,7.75,7.75,7.75,7.75,533,0
20120131,7.84,7.84,7.84,7.84,350,0
20120201,7.8,7.8,7.79,7.79,591,0
20120202,7.94,7.94,7.9,7.94,355,0
20120203,7.75,7.88,7.75,7.79,940,0
20120206,7.94,8.38,7.93,8.24,11034,0
20120207,8.24,8.48,8.23,8.48,5004,0
20120208,8.48,9.1,8.48,8.62,3726,0
20120209,8.45,8.8,8.45,8.8,2397,0
20120210,8.8,8.9,8.5,8.9,5825,0
20120213,8.9,8.9,8.4,8.9,242,0
20120214,8.4,8.9,8.4,8.9,1866,0
20120215,8.45,8.45,8.45,8.45,501,0
20120216,8.45,8.45,7.78,8.38,1576,0
20120217,8.45,8.45,7.3,7.39,3600,0
20120220,7.49,7.49,7.49,7.49,1084,0
20120221,7.49,7.5,7.49,7.49,1851,0
20120222,7.58,7.58,6.9,7.19,1633,0
20120223,7.19,7.19,6.95,6.95,1228,0
20120224,7.18,7.18,6.87,7.18,1357,0
20120227,6.68,6.95,6.58,6.79,2053,0
20120228,6.85,6.85,6.85,6.85,1,0
20120229,6.85,6.95,6.58,6.95,2878,0
20120301,6.65,6.95,6.65,6.95,1302,0
20120302,6.6,6.78,6.46,6.78,1656,0
20120305,6.6,6.95,6.58,6.58,702,0
20120306,6.58,6.58,6.58,6.58,1014,0
20120307,6.58,6.58,6.58,6.58,735,0
20120308,6.62,6.64,6.6,6.64,1001,0
20120309,6.69,6.69,6.5,6.59,1303,0
20120312,6.6,6.6,6.59,6.59,1096,0
20120313,6.58,6.58,6.58,6.58,602,0
20120314,6.58,6.58,6.35,6.35,411,0
20120315,6.34,6.34,6.33,6.34,678,0
20120316,6.33,6.54,6.32,6.54,1605,0
20120319,6.54,6.54,6.54,6.54,606,0
20120320,6.54,6.54,6.3,6.3,411,0
20120321,6.02,6.02,6.02,6.02,420,0
20120322,6,6,6,6,1028,0
20120323,6,6,6,6,523,0
20120326,6,6.01,6,6.01,752,0
20120327,6.01,6.01,6.01,6.01,470,0
20120328,6.01,6.01,6.01,6.01,1281,0
20120329,6.01,6.01,6.01,6.01,440,0
20120330,6.2,6.2,6.15,6.15,986,0
20120402,6.15,6.15,6.15,6.15,403,0
20120403,6.15,6.15,6,6,1085,0
20120404,6.15,6.15,5.79,5.79,1099,0
20120405,5.8,5.8,5.8,5.8,200,0
20120410,6.05,6.12,6.05,6.12,441,0
20120411,6.12,6.12,6.12,6.12,1048,0
20120412,6.12,6.15,6.12,6.12,493,0
20120413,6.15,6.23,6.15,6.23,775,0
20120416,6.23,6.24,6.2,6.24,660,0
20120417,6.24,6.24,6.24,6.24,670,0
20120418,6.24,6.24,6.24,6.24,346,0
20120419,6.24,6.24,6,6.24,1177,0
20120420,6.17,6.17,6.17,6.17,218,0
20120423,6.24,6.29,6.18,6.29,1536,0
20120424,6.29,6.35,6.29,6.35,1490,0
20120425,6.35,6.35,6.35,6.35,552,0
20120426,6.35,6.35,6.35,6.35,386,0
20120427,6.35,6.45,6.35,6.4,2173,0
20120430,6.45,6.45,6.45,6.45,26,0
20120502,6.45,6.5,6.35,6.5,1695,0
20120504,6.5,6.5,6.5,6.5,413,0
20120507,6.5,6.5,6.4,6.4,445,0
20120508,6.39,6.39,6.39,6.39,390,0
20120509,6.4,6.5,6.4,6.5,411,0
20120510,6.5,6.5,6.5,6.5,2,0
20120511,6.5,6.6,6.5,6.6,401,0
20120514,6.65,6.65,6.5,6.5,757,0
20120515,6.5,6.5,6.3,6.5,6983,0
20120516,6.48,6.6,6.47,6.6,13425,0
20120517,6.6,6.7,6.55,6.7,16058,0
20120518,6.69,6.9,6.4,6.9,15328,0
20120521,6.9,6.9,6.9,6.9,2578,0
20120522,6.96,7,6.9,7,1883,0
20120523,7,7,7,7,2070,0
20120524,7,7,7,7,1936,0
20120525,7,7.02,7,7.02,3228,0
20120528,7.02,7.09,7.02,7.09,1596,0
20120529,7.1,7.1,7,7,2536,0
20120530,7,7.15,7,7.1,2644,0
20120531,7.1,7.1,7,7,776,0
20120601,7.1,7.15,7.1,7.15,2399,0
20120604,7.15,7.15,7.08,7.08,2512,0
20120605,7.08,7.08,7.08,7.08,1949,0
20120606,7.09,7.09,7,7.08,1902,0
20120608,7.08,7.08,7,7.05,1926,0
20120611,7.05,7.05,7,7.05,2002,0
20120612,7.05,7.05,7.05,7.05,2002,0
20120613,7.05,7.08,7.05,7.08,1796,0
20120614,7.08,7.08,7.05,7.05,2022,0
20120615,7.05,7.05,7.05,7.05,2002,0
20120618,7.05,7.05,7.05,7.05,1202,0
20120619,7.05,7.05,7.05,7.05,1002,0
20120620,7.05,7.05,7.05,7.05,986,0
20120621,7.09,7.09,7.09,7.09,964,0
20120622,7.09,7.09,7.09,7.09,936,0
20120625,7.09,7.09,7.09,7.09,930,0
20120626,7.09,7.09,7.09,7.09,665,0
20120627,7.09,7.09,6.78,6.78,396,0
20120628,6.74,6.74,6.16,6.16,690,0
20120629,6.15,6.28,6.15,6.15,3000,0
20120702,6.15,6.15,6.15,6.15,305,0
20120703,6.14,6.14,6.14,6.14,302,0
20120704,6.14,6.14,6.14,6.14,301,0
20120705,6.14,6.14,6.14,6.14,302,0
20120706,6.14,6.14,6.14,6.14,302,0
20120709,6.14,6.14,5.92,5.92,302,0
20120710,5.92,5.92,5.92,5.92,1302,0
20120711,5.99,5.99,5.99,5.99,302,0
20120712,5.99,5.99,5.99,5.99,302,0
20120713,6.05,6.05,5.74,5.74,1919,0
20120716,5.85,5.98,5.85,5.98,581,0
20120717,5.98,5.98,5.8,5.8,552,0
20120718,5.94,5.94,5.94,5.94,302,0
20120719,5.94,5.98,5.94,5.98,302,0
20120720,5.98,5.98,5.98,5.98,302,0
20120723,6,6,5.99,5.99,183,0
20120724,6,6,5.99,5.99,302,0
20120725,6,6,5.9,5.99,1962,0
20120726,5.99,6.44,5.99,6.44,1802,0
20120727,6.44,6.44,6.3,6.38,3242,0
20120730,6.59,6.6,6.07,6.07,5935,0
20120731,6.08,6.6,6.08,6.6,330,0
20120801,6.48,6.48,6.3,6.3,42,0
20120802,6.48,6.48,6.24,6.24,302,0
20120803,6.24,6.5,6.24,6.5,361,0
20120806,6.49,6.49,6.24,6.24,302,0
20120807,6.24,6.24,6.24,6.24,302,0
20120808,6.25,6.5,6.24,6.24,741,0
20120809,6.24,6.24,6.24,6.24,2,0
20120810,6.24,6.5,6.24,6.5,401,0
20120813,6.48,6.48,6.25,6.4,552,0
20120814,6.19,6.19,6.19,6.19,302,0
20120816,6.18,6.18,6.18,6.18,302,0
20120817,6.18,6.18,6.18,6.18,301,0
20120820,6.14,6.14,6,6,802,0
20120821,6,6,6,6,302,0
20120822,6,6,5.99,5.99,302,0
20120823,5.99,5.99,5.98,5.99,302,0
20120824,5.99,5.99,5.98,5.99,302,0
20120827,5.96,5.96,5.95,5.95,387,0
20120828,5.95,5.95,5.9,5.9,401,0
20120829,5.9,5.9,5.9,5.9,176,0
20120830,5.9,5.9,5.79,5.8,2235,0
20120831,5.9,5.9,5.9,5.9,228,0
20120903,5.9,5.9,5.9,5.9,227,0
20120904,5.9,5.9,5.9,5.9,223,0
20120905,5.9,5.9,5.7,5.7,541,0
20120906,5.69,5.69,5.68,5.68,227,0
20120907,5.68,5.68,5.68,5.68,90,0
20120911,5.5,5.5,5.45,5.45,595,0
20120912,5.45,5.45,5.45,5.45,10,0
20120913,5.45,5.45,5.45,5.45,100,0
20120914,5.45,5.45,5.45,5.45,100,0
20120917,5.45,5.45,5.45,5.45,100,0
20120918,5.45,5.45,5.45,5.45,101,0
20120927,5.57,5.7,5.57,5.6,770,0
20120928,5.55,5.55,5.55,5.55,428,0
20121001,5.55,5.55,5.55,5.55,588,0
20121002,5.55,5.6,5.55,5.6,797,0
20121003,5.6,5.6,5.6,5.6,5,0
20121004,5.6,5.69,5.6,5.69,301,0
20121005,5.69,5.69,5.69,5.69,101,0
20121008,5.69,5.69,5.69,5.69,101,0
20121009,5.69,5.69,5.69,5.69,103,0
20121010,5.69,5.69,5.69,5.69,92,0
20121011,5.69,5.69,5.69,5.69,93,0
20121012,5.69,5.69,5.35,5.6,483,0
20121015,5.5,5.6,5.5,5.6,122,0
20121016,5.6,5.6,5.6,5.6,103,0
20121017,5.55,5.6,5.55,5.6,101,0
20121018,5.6,5.6,5.6,5.6,106,0
20121019,5.6,5.6,5.6,5.6,109,0
20121022,5.6,5.6,5.6,5.6,112,0
20121023,5.6,5.6,5.6,5.6,114,0
20121024,5.6,5.6,5.6,5.6,117,0
20121025,5.6,5.6,5.6,5.6,120,0
20121026,5.6,5.6,5.6,5.6,104,0
20121029,5.6,5.6,5.6,5.6,96,0
20121030,5.6,5.6,5.6,5.6,84,0
20121031,5.6,5.6,5.6,5.6,66,0
20121102,5.6,5.6,5.6,5.6,83,0
20121105,5.6,5.6,5.6,5.6,60,0
20121106,5.6,5.6,5.6,5.6,61,0
20121107,5.6,5.6,5.6,5.6,57,0
20121108,5.6,5.6,5.6,5.6,74,0
20121109,5.6,5.6,5.6,5.6,58,0
20121112,5.6,5.6,5.59,5.59,57,0
20121113,5.6,5.6,5.6,5.6,752,0
20121114,5.6,5.6,5.6,5.6,61,0
20121115,5.6,5.6,5.6,5.6,1,0
20121119,5.6,5.6,5.6,5.6,53,0
20121120,5.65,5.65,5.65,5.65,63,0
20121122,5.65,5.65,5.65,5.65,50,0
20121126,5.85,5.85,5.65,5.65,45,0
20121130,5.67,5.67,5.67,5.67,1,0
20121211,5.28,5.8,5.28,5.8,30,0
20121212,5.8,5.8,5.8,5.8,1,0
20121213,5.8,5.8,5.8,5.8,1,0
20121214,5.8,5.8,5.8,5.8,1,0
20121217,5.8,5.8,5.8,5.8,1,0
20121218,5.8,5.8,5.65,5.65,5,0
20121219,5.8,5.8,5.65,5.65,294,0
20121220,5.8,5.8,5.5,5.5,286,0
20121221,5.6,5.6,5.5,5.5,584,0
20130102,5.5,5.5,5.4,5.4,422,0
20130103,5.55,5.55,5.55,5.55,356,0
20130104,5.8,5.8,5.8,5.8,134,0
20130107,5.8,5.8,5.6,5.7,303,0
20130108,5.65,5.65,5.59,5.59,2,0
20130109,5.55,5.55,5.55,5.55,227,0
20130110,5.55,5.55,5.55,5.55,22,0
20130111,5.6,5.9,5.6,5.9,343,0
20130114,5.92,6.2,5.92,6.2,1210,0
20130115,6.2,6.58,6.2,6.53,5883,0
20130116,6.53,6.99,6.53,6.85,12316,0
20130117,6.9,7.13,6.85,6.9,6721,0
20130118,6.95,7.1,6.85,7.05,2380,0
20130121,7.05,7.05,6.8,7.02,807,0
20130122,7.02,7.02,6.85,6.9,2616,0
20130123,6.85,6.85,6.6,6.7,324,0
20130124,6.85,6.85,6.85,6.85,1,0
20130125,6.85,6.85,6.25,6.4,836,0
20130128,6.4,6.4,6.39,6.39,216,0
20130129,6.38,6.6,6.38,6.6,119,0
20130130,6.55,6.6,6.3,6.5,412,0
20130131,6.45,6.45,6.21,6.21,1445,0
20130201,6.21,6.28,6,6.25,2474,0
20130204,6.4,6.4,6.25,6.25,353,0
20130205,6.25,6.25,6.25,6.25,6,0
20130206,6.4,6.4,6.15,6.15,1767,0
20130207,6.15,6.25,6.15,6.25,1123,0
20130208,6.25,6.38,6.25,6.38,69,0
20130211,6.38,6.38,6.25,6.25,1427,0
20130212,6.25,6.25,6.25,6.25,579,0
20130213,6.4,6.4,6.4,6.4,1,0
20130214,6.38,6.38,6.38,6.38,5,0
20130215,6.4,6.4,6.25,6.25,326,0
20130218,6.38,6.38,6.25,6.25,375,0
20130219,6.25,6.25,6.1,6.2,942,0
20130220,6.2,6.25,6.2,6.25,322,0
20130221,6.25,6.25,6.25,6.25,322,0
20130222,6.25,6.25,6.25,6.25,2,0
20130225,6.25,6.25,6.01,6.25,279,0
20130226,6.25,6.25,6.25,6.25,310,0
20130227,6.28,6.28,6.28,6.28,1,0
20130228,6.27,6.27,6.25,6.25,304,0
20130301,6.25,6.25,6.25,6.25,276,0
20130304,6.25,6.25,6.15,6.25,421,0
20130305,6.25,6.25,6,6,2193,0
20130307,6,6,6,6,232,0
20130308,6,6.05,5.85,6.05,520,0
20130311,6.05,6.15,6,6.15,636,0
20130312,6.22,6.4,6.18,6.4,1106,0
20130313,6.45,6.45,6.29,6.45,132,0
20130314,6.45,6.45,6.2,6.44,250,0
20130315,6.45,6.5,6.45,6.5,16,0
20130318,6.49,6.5,6.3,6.5,71,0
20130319,6.5,6.5,6.5,6.5,2,0
20130320,6.5,6.5,6.2,6.38,675,0
20130321,6.3,6.3,6.3,6.3,1,0
20130322,6.25,6.25,6,6,2598,0
20130325,6,6,6,6,250,0
20130326,6,6,5.52,5.52,2799,0
20130327,5.52,5.52,5.52,5.52,694,0
20130328,5.53,5.53,5.53,5.53,1,0
20130402,5.6,5.76,5.6,5.6,1967,0
20130403,6,6,5.87,6,766,0
20130404,6,6,5.95,5.95,374,0
20130405,6,6,6,6,240,0
20130408,6,6,6,6,627,0
20130409,6,6,5.9,5.9,1742,0
20130410,6,6,5.99,6,374,0
20130411,6,6,6,6,368,0
20130417,5.99,5.99,5.99,5.99,1,0
20130418,5.98,5.98,5.79,5.79,351,0
20130419,5.9,5.9,5.9,5.9,1,0
20130422,5.9,5.9,5.9,5.9,1,0
20130423,5.9,5.9,5.53,5.55,1371,0
20130424,5.55,5.55,5.55,5.55,50,0
20130502,5.5,5.5,5.5,5.5,9,0
20130506,5.54,5.54,5.3,5.3,1550,0
20130507,5.35,5.35,5.35,5.35,2785,0
20130508,5.35,5.35,5.35,5.35,1,0
20130509,5.36,5.36,5.35,5.35,21,0
20130510,5.4,5.4,5.4,5.4,1,0
20130513,5.41,5.41,5.41,5.41,2,0
20130514,5.41,5.42,5.41,5.42,2,0
20130515,5.42,5.42,5.42,5.42,2,0
20130516,5.42,5.42,5.42,5.42,2,0
20130517,5.42,5.42,5.42,5.42,2,0
20130520,5.4,5.4,5.4,5.4,2,0
20130521,5.4,5.4,5.4,5.4,2,0
20130522,5.4,5.5,5.4,5.5,501,0
20130523,5.5,5.75,5.5,5.75,51,0
20130527,5.75,5.75,5.75,5.75,1,0
20130528,5.75,5.75,5.75,5.75,1,0
20130529,5.74,5.74,5.6,5.74,368,0
20130603,5.74,5.74,5.5,5.51,1051,0
20130604,5.51,5.51,5.51,5.51,2,0
20130605,5.51,5.7,5.51,5.7,12,0
20130606,5.7,5.7,5.5,5.5,701,0
20130611,5.51,5.51,5.51,5.51,52,0
20130612,5.51,5.51,5.51,5.51,2,0
20130613,5.51,5.51,5.51,5.51,402,0
20130614,5.51,5.51,5.51,5.51,2,0
20130617,5.5,5.5,5.5,5.5,500,0
20130618,5.5,5.52,5.5,5.52,2,0
20130619,5.66,5.66,5.52,5.52,58,0
20130620,5.52,5.52,5.52,5.52,475,0
20130625,5.52,5.52,5.4,5.4,245,0
20130627,5.45,5.45,5.45,5.45,261,0
20130628,5.55,5.55,5.55,5.55,1,0
20130703,5.55,5.55,5.55,5.55,2,0
20130704,5.55,5.55,5.55,5.55,2,0
20130705,5.55,5.55,5.55,5.55,2,0
20130708,5.55,5.55,5.55,5.55,1,0
20130709,5.55,5.55,5.55,5.55,1,0
20130710,5.49,5.49,5.48,5.48,3,0
20130711,5.48,5.48,5.48,5.48,2,0
20130712,5.48,5.48,5.31,5.31,1912,0
20130716,5.31,5.31,5.31,5.31,46,0
20130717,5.3,5.3,5.3,5.3,1,0
20130718,5.3,5.3,5.3,5.3,1,0
20130719,5.3,5.3,5.3,5.3,1,0
20130722,5.29,5.29,5.29,5.29,2,0
20130723,5.3,5.3,5.3,5.3,63,0
20130725,5.3,5.3,5.3,5.3,1,0
20130726,5.3,5.3,5.3,5.3,52,0
20130730,5.3,5.3,5.3,5.3,1,0
20130731,5.3,5.3,5.29,5.29,1816,0
20130801,5.29,5.29,5.29,5.29,1611,0
20130802,5.29,5.29,5.29,5.29,150,0
20130809,5.23,5.23,5.23,5.23,300,0
20130812,5.2,5.55,5.2,5.35,7404,0
20130813,5.37,5.6,5.35,5.6,6487,0
20130814,5.6,5.95,5.41,5.95,4968,0
20130816,5.94,6,5.94,5.99,2001,0
20130819,6,6,5.75,5.99,1880,0
20130820,5.99,5.99,5.99,5.99,301,0
20130821,5.99,6,5.99,6,320,0
20130822,5.99,5.99,5.99,5.99,302,0
20130823,6,6,6,6,802,0
20130826,6.15,6.15,6.15,6.15,302,0
20130827,6.15,6.15,5.9,6,1209,0
20130828,6,6,5.9,6,970,0
20130829,6,6.13,6,6.13,1600,0
20130830,6.2,6.23,6.2,6.2,1325,0
20130902,6.21,6.29,6,6.25,470,0
20130903,6.26,6.44,6.26,6.44,1919,0
20130904,6.46,6.7,6.3,6.3,2220,0
20130905,6.29,6.29,5.93,5.93,1551,0
20130906,6,6,5.9,5.9,2380,0
20130909,5.9,5.9,5.9,5.9,310,0
20130910,5.9,5.9,5.9,5.9,325,0
20130911,5.89,5.89,5.89,5.89,300,0
20130912,5.9,6,5.9,6,1111,0
20130913,6.08,6.08,5.8,5.8,170,0
20130916,5.81,6.08,5.81,6.08,10,0
20130917,6.08,6.08,6.08,6.08,10,0
20130919,6.08,6.08,6.08,6.08,300,0
20130920,6.08,6.08,6.08,6.08,301,0
20130923,6.08,6.08,6.08,6.08,252,0
20130924,6.08,6.08,6.08,6.08,302,0
20130925,6.08,6.08,6.08,6.08,301,0
20130926,6.08,6.18,5.9,6.18,666,0
20130927,6.17,6.17,6.17,6.17,300,0
20130930,6.18,6.7,6,6.7,3990,0
20131001,6.71,7.1,6.71,7,1520,0
20131002,7.05,7.05,6.68,6.8,425,0
20131004,6.79,6.79,6.25,6.25,1481,0
20131007,6.26,6.4,6.11,6.39,525,0
20131008,6.39,6.39,6.39,6.39,376,0
20131009,6.39,6.4,6.1,6.25,626,0
20131010,6.26,6.4,6.26,6.4,10,0
20131016,6.4,6.4,6.4,6.4,55,0
20131017,6.39,6.39,6.39,6.39,2,0
20131021,6.39,6.39,6.25,6.35,16,0
20131022,6.35,6.35,6.1,6.35,25,0
20131023,6.35,6.35,6.35,6.35,2,0
20131024,6.35,6.35,6.35,6.35,1,0
20131025,6.35,6.35,6.35,6.35,170,0
20131028,6.35,6.35,6.35,6.35,2,0
20131029,6.35,6.35,6.3,6.35,1615,0
20131030,6.35,6.35,6.35,6.35,151,0
20131031,6.35,6.35,6.35,6.35,2,0
20131104,6.35,6.35,6.35,6.35,2,0
20131105,6.35,6.35,6.35,6.35,2,0
20131106,6.35,6.35,6.35,6.35,2,0
20131107,6.28,6.39,6.28,6.39,385,0
20131108,6.39,6.5,6.39,6.5,3908,0
20131112,6.5,6.75,6.5,6.75,10082,0
20131113,6.75,6.75,6.51,6.74,750,0
20131114,6.69,6.69,6.5,6.6,5222,0
20131115,6.75,6.75,6.75,6.75,2,0
20131118,6.75,6.75,6.75,6.75,2,0
20131119,6.75,6.75,6.75,6.75,2,0
20131120,6.75,6.75,6.75,6.75,2,0
20131121,6.75,6.75,6.75,6.75,1,0
20131122,6.64,6.65,6.5,6.65,10001,0
20131125,6.65,6.65,6.37,6.65,2403,0
20131126,6.74,6.74,6.74,6.74,1,0
20131127,6.65,6.65,6.65,6.65,11,0
20131128,6.65,6.65,6.37,6.65,7332,0
20131129,6.74,6.74,6.6,6.6,262,0
20131202,6.55,6.55,6.55,6.55,911,0
20131203,6.57,6.65,6.57,6.65,20,0
20131204,6.65,6.75,6.65,6.65,1822,0
20131205,6.75,6.75,6.75,6.75,1079,0
20131206,6.75,6.75,6.75,6.75,2,0
20131209,6.75,6.75,6.75,6.75,646,0
20131210,6.75,6.75,6.75,6.75,221,0
20131211,6.75,6.75,6.75,6.75,1,0
20131213,6.8,6.8,6.61,6.75,630,0
20131216,6.8,6.8,6.7,6.75,636,0
20131217,6.75,6.75,6.75,6.75,1349,0
20131218,6.8,6.8,6.7,6.7,685,0
20131219,6.8,6.8,6.7,6.7,832,0
20131220,6.7,6.8,6.7,6.8,2663,0
20131223,6.8,7,6.8,7,6680,0
20131227,7.15,7.15,7,7.15,599,0
20131230,7.15,7.15,7.15,7.15,300,0
20140102,6.76,7.2,6.76,7.01,2260,0
20140103,7.2,7.35,7.2,7.2,4195,0
20140107,7.2,7.2,7.02,7.15,1758,0
20140108,7.2,7.2,7,7.2,4400,0
20140109,7.2,7.2,7.02,7.15,1505,0
20140110,7.2,7.2,7.02,7.02,670,0
20140113,7.02,7.03,7.02,7.02,499,0
20140114,7.02,7.02,7.02,7.02,2,0
20140115,7.19,7.19,7,7,2230,0
20140116,7,7,6.99,7,3276,0
20140117,7,7,7,7,1,0
20140120,7,7.1,7,7,2319,0
20140121,7.1,7.1,7,7.1,2078,0
20140122,7.1,7.1,6.9,7,1212,0
20140123,7,7,7,7,1,0
20140124,7,7,6.6,6.6,1401,0
20140127,6.43,6.43,6.1,6.1,276,0
20140128,6.1,6.39,6.1,6.1,1460,0
20140129,6.12,6.42,6.12,6.42,3804,0
20140130,6.42,6.42,6.4,6.4,1847,0
20140131,6.4,6.41,6.4,6.4,1200,0
20140203,6.4,6.4,6.4,6.4,2,0
20140204,6.4,6.6,6.35,6.6,4749,0
20140205,6.61,6.7,6.6,6.7,1901,0
20140206,6.85,6.85,6.66,6.66,2566,0
20140207,6.66,6.66,6.66,6.66,2,0
20140210,6.65,6.7,6.65,6.7,1343,0
20140211,6.65,6.95,6.65,6.95,2011,0
20140212,6.95,6.95,6.75,6.75,1454,0
20140213,6.76,6.9,6.75,6.9,2471,0
20140214,6.99,6.99,6.99,6.99,804,0
20140217,6.99,6.99,6.75,6.97,2107,0
20140218,6.97,6.99,6.97,6.99,819,0
20140219,6.99,6.99,6.99,6.99,2,0
20140220,6.99,6.99,6.99,6.99,564,0
20140221,6.99,7.1,6.76,7.1,3111,0
20140224,7.1,7.1,7.1,7.1,2,0
20140225,7.1,7.1,6.78,6.99,3527,0
20140226,6.99,6.99,6.7,6.7,2881,0
20140227,6.71,6.85,6.71,6.85,171,0
20140228,6.85,6.98,6.85,6.98,794,0
20140303,6.7,6.7,6.7,6.7,1912,0
20140304,6.7,6.8,6.7,6.8,1838,0
20140305,6.89,6.89,6.89,6.89,502,0
20140306,6.89,6.89,6.89,6.89,1,0
20140307,6.89,6.89,6.89,6.89,2,0
20140310,6.89,6.89,6.65,6.68,3773,0
20140311,6.7,6.7,6.4,6.7,466,0
20140313,6.69,6.69,6.4,6.4,1181,0
20140314,6.35,6.35,6.35,6.35,2,0
20140317,6.35,6.35,6.35,6.35,1055,0
20140319,6.36,6.4,6.36,6.4,361,0
20140320,6.55,6.55,6.55,6.55,1,0
20140321,6.1,6.1,5.92,6.09,1910,0
20140324,5.65,6.33,5.65,6.32,759,0
20140325,6.3,6.3,6.3,6.3,30,0
20140326,6.3,6.3,6.3,6.3,440,0
20140327,6.3,6.3,6.3,6.3,379,0
20140328,6.1,6.12,6.1,6.12,1536,0
20140331,6.12,6.12,6.12,6.12,132,0
20140401,6.13,6.49,6.13,6.49,1235,0
20140402,6.45,6.45,6.1,6.1,2169,0
20140403,6.2,6.2,6.19,6.19,386,0
20140404,6.2,6.2,6.19,6.19,198,0
20140407,6.2,6.2,5.58,5.73,4459,0
20140408,5.72,5.87,5.5,5.76,4450,0
20140409,5.76,5.86,5.76,5.86,402,0
20140410,5.86,5.86,5.86,5.86,1,0
20140411,5.84,5.84,5.6,5.71,1878,0
20140414,5.7,5.7,5.4,5.45,5178,0
20140415,5.45,5.5,5.45,5.5,787,0
20140416,5.49,5.49,5.49,5.49,1,0
20140417,5.49,5.5,5.49,5.5,26,0
20140422,5.5,5.5,5.3,5.35,3138,0
20140423,5.34,5.37,4.82,5.37,20249,0
20140424,5.37,5.37,5.36,5.37,752,0
20140425,5.37,5.37,5.37,5.37,252,0
20140428,5.37,5.37,5.15,5.37,1008,0
20140429,5.37,5.37,5.14,5.24,2026,0
20140430,5.23,5.23,5.23,5.23,1,0
20140502,5.24,5.44,5.24,5.44,1625,0
20140505,5.44,5.44,5.44,5.44,2,0
20140506,5.44,5.44,5.2,5.2,2551,0
20140507,5.2,5.2,4.97,4.97,2999,0
20140508,5,5,4.9,4.9,2356,0
20140509,4.91,5,4.91,5,1870,0
20140512,5,5,5,5,4217,0
20140513,4.99,5,4.96,4.96,3213,0
20140514,4.99,5,4.96,4.96,2701,0
20140515,5,5,4.57,4.7,5434,0
20140516,4.6,4.7,4.6,4.7,411,0
20140519,4.69,4.81,4.69,4.81,1472,0
20140520,4.81,4.81,4.81,4.81,749,0
20140521,4.81,4.81,4.81,4.81,1,0
20140522,4.81,5.05,4.81,4.82,1512,0
20140523,4.83,5.05,4.83,5,2213,0
20140526,5.12,5.12,4.9,5.05,4467,0
20140527,5.05,5.05,4.9,4.99,1427,0
20140528,4.99,4.99,4.85,4.99,2108,0
20140529,4.99,4.99,4.99,4.99,1472,0
20140530,4.99,4.99,4.99,4.99,2,0
20140602,4.99,4.99,4.99,4.99,2,0
20140603,4.99,4.99,4.75,4.85,3097,0
20140604,4.85,4.85,4.8,4.8,302,0
20140605,4.8,4.8,4.78,4.78,22,0
20140606,4.78,4.78,4.77,4.77,919,0
20140609,4.77,4.8,4.77,4.8,920,0
20140610,4.8,4.8,4.78,4.78,221,0
20140611,4.78,4.78,4.78,4.78,2,0
20140612,4.78,4.79,4.78,4.78,1240,0
20140613,4.78,4.78,4.78,4.78,2,0
20140616,4.78,4.78,4.78,4.78,555,0
20140617,4.78,4.79,4.78,4.79,25,0
20140618,4.79,4.79,4.79,4.79,712,0
20140620,4.78,4.79,4.78,4.79,743,0
20140623,4.78,4.78,4.78,4.78,2,0
20140624,4.78,4.78,4.77,4.77,346,0
20140625,4.78,4.78,4.5,4.57,2523,0
20140627,4.5,4.5,4.5,4.5,1,0
20140630,4.5,4.5,4.5,4.5,1,0
20140701,4.4,4.51,4.4,4.45,3735,0
20140702,4.45,4.45,4.45,4.45,1043,0
20140703,4.45,4.65,4.45,4.65,3700,0
20140704,4.67,4.67,4.45,4.46,12475,0
20140707,4.88,4.88,4.68,4.69,745,0
20140708,4.8,4.8,4.55,4.55,1180,0
20140709,4.8,4.8,4.52,4.66,3072,0
20140710,4.72,4.72,4.62,4.72,323,0
20140711,4.72,4.72,4.72,4.72,725,0
20140714,4.72,4.79,4.72,4.79,840,0
20140715,4.79,4.95,4.75,4.95,2372,0
20140716,4.98,5,4.98,5,7614,0
20140717,5.04,5.05,5.04,5.05,1828,0
20140718,5.05,5.05,4.82,4.93,2320,0
20140721,4.93,5.03,4.9,5.03,1172,0
20140722,5.03,5.04,5.03,5.04,1176,0
20140723,5.05,5.06,5.05,5.05,1197,0
20140724,5.05,5.11,5.05,5.11,519,0
20140725,5.11,5.11,5.11,5.11,1175,0
20140728,5.12,5.12,4.95,5.1,2179,0
20140729,5.12,5.18,5,5,2637,0
20140730,5.01,5.18,4.95,4.95,3527,0
20140731,5.15,5.15,5.01,5.01,1799,0
20140801,5.16,5.18,5.16,5.18,1342,0
20140804,5.18,5.35,5.18,5.35,1045,0
20140805,5.35,5.42,5.15,5.42,648,0
20140806,5.42,5.42,5.42,5.42,2,0
20140807,5.42,5.42,5.15,5.2,3784,0
20140808,5.2,5.2,5.1,5.1,3173,0
20140811,5.1,5.1,5.1,5.1,1033,0
20140812,5.14,5.2,5.14,5.2,2239,0
20140813,5.2,5.2,4.97,5.14,2771,0
20140814,5.13,5.13,4.9,4.9,2939,0
20140818,4.9,4.9,4.9,4.9,917,0
20140819,4.9,4.9,4.9,4.9,883,0
20140820,4.9,4.9,4.9,4.9,1841,0
20140821,4.9,4.9,4.9,4.9,893,0
20140822,4.85,4.85,4.85,4.85,889,0
20140825,4.9,4.9,4.69,4.69,2604,0
20140826,4.69,4.7,4.69,4.7,982,0
20140827,4.7,4.7,4.5,4.5,2562,0
20140828,4.5,4.5,4.35,4.5,9205,0
20140829,4.66,5,4.66,4.88,2973,0
20140901,4.88,5,4.88,5,1774,0
20140902,5,5.19,5,5.19,2640,0
20140903,5.19,5.2,5.02,5.2,2436,0
20140904,5.2,5.39,5.2,5.39,1475,0
20140905,5.49,5.99,5.45,5.5,24735,0
20140908,5.5,5.99,5.5,5.99,4217,0
20140909,5.99,5.99,5.6,5.92,5257,0
20140910,5.92,5.92,5.66,5.91,2067,0
20140911,5.91,5.92,5.9,5.92,1727,0
20140912,5.92,5.92,5.66,5.85,100,0
20140915,5.92,5.92,5.85,5.9,1756,0
20140916,5.9,6.3,5.9,6.3,6155,0
20140917,6.45,6.45,6.3,6.4,2099,0
20140918,6.45,6.45,6.45,6.45,1900,0
20140919,6.5,7,6.21,7,6727,0
20140922,7,7,6.5,6.94,5087,0
20140923,6.97,6.97,6.65,6.65,2928,0
20140924,6.97,6.97,6.65,6.65,1180,0
20140925,6.65,6.65,6.6,6.6,3408,0
20140926,6.6,6.8,6.6,6.8,1971,0
20140929,6.81,6.81,6.8,6.8,1992,0
20140930,6.8,6.8,6.8,6.8,2291,0
20141001,6.82,6.82,6.69,6.69,3130,0
20141002,6.69,6.69,6.65,6.69,2030,0
20141003,6.69,6.99,6.69,6.95,2075,0
20141006,6.98,6.99,6.97,6.99,651,0
20141007,6.99,7.08,6.99,7.08,1489,0
20141008,7.08,7.08,7,7.08,1292,0
20141009,7.08,7.08,7,7.07,1276,0
20141010,7.07,7.07,7,7,1264,0
20141013,7.07,7.07,7.07,7.07,1,0
20141014,7.07,7.07,7,7,1241,0
20141015,7.07,7.07,7,7,772,0
20141016,7.07,7.07,7,7,1069,0
20141017,7,7.08,7,7.08,1138,0
20141020,7.08,7.08,7,7,1088,0
20141021,7.08,7.08,7,7.08,802,0
20141022,7.08,7.08,6.78,6.78,501,0
20141023,6.78,7.08,6.78,7.07,857,0
20141024,7.07,7.07,6.78,7.07,695,0
20141027,7.08,7.08,7.08,7.08,643,0
20141028,7.08,7.08,7.08,7.08,609,0
20141029,7.1,7.18,7.08,7.18,2291,0
20141030,7.18,7.18,7.18,7.18,546,0
20141031,7.18,7.19,7.18,7.19,152,0
20141103,7.19,7.19,7.19,7.19,302,0
20141104,7.19,7.2,7.19,7.2,452,0
20141105,7.2,7.2,7.2,7.2,2,0
20141106,7.2,7.2,7.2,7.2,2,0
20141107,7.2,7.2,7.2,7.2,2,0
20141112,7.2,7.2,7.2,7.2,1,0
20141113,7.2,7.2,7.2,7.2,1,0
20141114,7.2,7.2,7.2,7.2,2,0
20141117,6.9,6.9,6.89,6.89,1335,0
20141118,6.89,6.9,6.59,6.71,2171,0
20141119,6.7,6.7,6.7,6.7,301,0
20141120,6.7,6.7,6.7,6.7,272,0
20141121,6.67,6.69,6.67,6.69,267,0
20141124,6.69,7.25,6.1,7.08,11660,0
20141125,7.08,7.08,6.79,6.79,3859,0
20141126,6.78,7.05,6.76,6.76,5925,0
20141127,6.77,6.99,6.68,6.7,6218,0
20141128,6.7,6.95,6.67,6.7,3771,0
20141201,6.71,6.95,6.69,6.69,4681,0
20141202,6.69,6.69,6.69,6.69,1031,0
20141203,6.7,6.7,6.7,6.7,2408,0
20141204,6.7,6.81,6.7,6.81,2261,0
20141205,6.81,6.82,6.5,6.82,3783,0
20141208,6.99,6.99,6.31,6.31,2404,0
20141209,6.3,6.6,6.3,6.55,1225,0
20141210,6.56,6.6,6.3,6.3,6730,0
20141211,6.3,6.3,6.3,6.3,792,0
20141212,6.3,6.93,6.3,6.3,4969,0
20141215,6.28,6.39,6,6.29,2809,0
20141216,6,6.27,6,6,3125,0
20141217,6,6.28,6,6,2997,0
20141218,6,6.29,6,6,3313,0
20141219,6,6.26,6,6,2907,0
20141222,6,6.28,6,6.27,2087,0
20141223,6.28,6.29,6.28,6.29,1326,0
20141229,6.29,6.71,6.29,6.71,1600,0
20141230,6.7,6.9,6.7,6.9,1671,0
20150102,7.41,7.41,7,7,40,0
20150105,7,7.28,7,7.28,200,0
20150107,7.19,7.19,7.19,7.19,26,0
20150108,7.19,7.19,7.19,7.19,105,0
20150109,7.19,7.19,7.19,7.19,1,0
20150112,7.19,7.19,7.19,7.19,2,0
20150113,7.19,7.19,7.19,7.19,2,0
20150114,7.19,7.19,7.19,7.19,2,0
20150115,7.19,7.19,7.19,7.19,1,0
20150116,7.19,7.19,7.19,7.19,2,0
20150119,7.19,7.19,7.19,7.19,1,0
20150120,6.99,7.19,6.87,7.19,167,0
20150121,7.19,7.19,7.19,7.19,1,0
20150122,7.19,7.19,7.19,7.19,1,0
20150123,7.18,7.18,7,7,262,0
20150126,7.19,7.19,7.19,7.19,1,0
20150127,7.05,7.05,7.05,7.05,2,0
20150128,7.05,7.05,7.05,7.05,2,0
20150129,7.05,7.05,6.65,6.65,1646,0
20150130,6.66,6.81,6.5,6.5,1225,0
20150203,6.49,6.49,6.49,6.49,10,0
20150204,6.49,6.5,6.21,6.5,135,0
20150205,6.75,6.75,6.75,6.75,10,0
20150206,6.75,6.75,6.75,6.75,10,0
20150209,6.75,6.75,6.75,6.75,6,0
20150210,6.75,6.75,6.75,6.75,4,0
20150211,6.75,6.75,6.75,6.75,5,0
20150212,6.75,6.75,6.75,6.75,5,0
20150213,6.75,6.75,6.75,6.75,5,0
20150218,6.4,6.4,6.4,6.4,81,0
20150219,6.49,6.49,6.49,6.49,10,0
20150220,6.49,6.49,6.49,6.49,9,0
20150223,6.49,6.49,6.49,6.49,4,0
20150224,6.49,6.49,6.49,6.49,2,0
20150225,6.49,6.49,6.49,6.49,4,0
20150226,6.49,6.49,6.11,6.13,1501,0
20150227,6.13,6.13,6.13,6.13,25,0
20150302,6.13,6.13,6.13,6.13,25,0
20150316,5.84,6.4,5.84,6.4,4775,0
20150317,6.3,6.4,6.3,6.4,1025,0
20150318,6.4,6.6,6.4,6.6,2315,0
20150319,6.6,6.6,6.6,6.6,2,0
20150320,6.6,6.6,6.5,6.5,1180,0
20150323,6.6,6.6,6.5,6.56,2426,0
20150324,6.6,6.6,6.28,6.6,600,0
20150325,6.6,6.6,6.5,6.6,1886,0
20150326,6.6,6.6,6.6,6.6,382,0
20150327,6.6,6.6,6.5,6.6,1671,0
20150330,6.61,6.71,6.61,6.71,441,0
20150331,6.71,6.9,6.71,6.82,438,0
20150401,6.82,6.87,6.82,6.87,577,0
20150402,6.87,6.92,6.87,6.92,482,0
20150407,6.9,6.9,6.9,6.9,556,0
20150408,7,7,6.92,7,401,0
20150409,7,7,7,7,480,0
20150410,7,7,7,7,491,0
20150413,6.99,6.99,6.72,6.73,3544,0
20150414,6.73,6.99,6.73,6.99,891,0
20150415,6.94,6.95,6.94,6.95,901,0
20150416,6.95,6.95,6.95,6.95,101,0
20150417,6.95,6.95,6.7,6.95,1464,0
20150420,6.95,6.95,6.95,6.95,474,0
20150421,6.98,7.25,6.97,7.25,3931,0
20150422,7.29,7.29,7.01,7.29,862,0
20150423,7.29,7.29,7.29,7.29,500,0
20150424,7.29,7.29,7,7.29,2782,0
20150427,7.29,7.29,6.9,7.24,2562,0
20150428,7.13,7.75,7,7.65,18317,0
20150429,7.65,7.9,7.5,7.85,8613,0
20150430,7.9,8.17,7.9,8.11,52023,0
20150504,8.11,8.17,8,8.16,3046,0
20150505,8.15,8.15,7.91,8.09,3244,0
20150506,8.09,8.17,8.06,8.17,1464,0
20150507,8.17,8.17,8.1,8.17,184,0
20150508,8.17,8.17,8.17,8.17,352,0
20150511,8.17,8.17,8.17,8.17,2,0
20150512,8.17,8.18,7.9,8.18,117,0
20150513,8.18,8.25,8.18,8.25,4209,0
20150514,8.25,8.48,8.25,8.48,4878,0
20150515,8.48,8.48,8.3,8.48,4801,0
20150518,8.48,8.48,8.45,8.45,101,0
20150519,8.45,8.45,8.45,8.45,25,0
20150520,8.45,8.45,8.45,8.45,25,0
20150521,8.45,8.45,8.45,8.45,25,0
20150522,8.45,8.45,8.31,8.44,756,0
20150525,8.44,8.44,8.44,8.44,500,0
20150526,8.47,8.47,8.47,8.47,250,0
20150527,8.47,8.47,8.47,8.47,502,0
20150528,8.47,8.47,8.47,8.47,2,0
20150529,8.47,8.47,8.47,8.47,2,0
20150601,8.49,8.5,8.49,8.5,52,0
20150602,8.5,8.5,8.31,8.31,916,0
20150603,8.31,8.39,8.3,8.39,1597,0
20150605,8.39,8.5,8.39,8.5,1500,0
20150608,8.5,8.5,8.5,8.5,30,0
20150610,8.5,8.5,8.5,8.5,1,0
20150611,8.5,8.5,8.38,8.4,219,0
20150612,8.5,8.5,8.5,8.5,1,0
20150615,8.5,8.5,8.5,8.5,2,0
20150616,8.5,8.5,8.11,8.48,1980,0
20150617,8.48,8.48,8.48,8.48,1,0
20150618,8.48,8.48,8.1,8.39,1053,0
20150619,8.38,8.38,8.38,8.38,1,0
20150622,8.38,8.38,8.38,8.38,1,0
20150623,8.38,8.38,8.38,8.38,32,0
20150624,8.38,8.38,8.38,8.38,1,0
20150625,8.38,8.38,8.38,8.38,1,0
20150626,8.29,8.29,8,8,945,0
20150629,7.99,8.47,7.63,8.47,2691,0
20150630,8.28,8.28,7.9,7.9,986,0
20150702,7.9,7.9,7.55,7.55,200,0
20150703,7.55,7.9,7.55,7.9,100,0
20150708,7.8,7.8,7.8,7.8,5,0
20150709,7.8,7.8,7.8,7.8,1,0
20150710,7.8,8.39,7.54,8.39,2251,0
20150713,8.39,8.47,7.91,8.47,2247,0
20150714,7.85,8.06,7.7,7.7,6465,0
20150715,7.71,8.05,7.71,8.05,50,0
20150716,8.02,8.02,8.02,8.02,1,0
20150717,8.04,8.06,8.04,8.06,251,0
20150720,8.06,8.07,8.05,8.07,451,0
20150721,8.24,8.24,8.24,8.24,5,0
20150723,8.24,8.24,8.24,8.24,1,0
20150724,8.24,8.24,8.24,8.24,1,0
20150728,8.24,8.24,8.24,8.24,1,0
20150729,8.24,8.24,8.24,8.24,1,0
20150730,8.24,8.24,8.24,8.24,1,0
20150731,8.24,8.24,8.24,8.24,1,0
20150803,8.24,8.24,8.24,8.24,1,0
20150804,8.24,8.24,8.24,8.24,1,0
20150805,8.24,8.24,8.07,8.23,983,0
20150806,8.21,8.21,8.21,8.21,1,0
20150807,8.21,8.21,8.21,8.21,1,0
20150810,8.21,8.21,8.21,8.21,251,0
20150811,8.21,8.21,8.21,8.21,1,0
20150812,8.21,8.21,8.21,8.21,1,0
20150813,8.21,8.21,8.21,8.21,1,0
20150814,8.21,8.21,8.21,8.21,1,0
20150817,8.21,8.21,8.2,8.2,251,0
20150818,8.21,8.21,8.21,8.21,1,0
20150819,8.18,8.6,8.18,8.6,5589,0
20150821,8.61,8.8,8.61,8.8,7100,0
20150824,8.8,8.8,8.59,8.59,876,0
20150825,8.58,8.65,8.31,8.65,352,0
20150826,8.65,8.65,8.65,8.65,25,0
20150827,8.64,8.64,8.64,8.64,1,0
20150828,8.64,8.64,8.64,8.64,1,0
20150831,8.4,8.4,8.4,8.4,99,0
20150901,8.56,8.56,8.56,8.56,10,0
20150902,8.24,8.24,8.24,8.24,916,0
20150904,8.4,8.4,8.05,8.05,410,0
20150908,7.8,7.8,7.8,7.8,962,0
20150909,7.8,7.8,7.8,7.8,10,0
20150910,7.8,7.8,7.2,7.2,1032,0
20150911,7.54,7.54,7.54,7.54,58,0
20150914,7.65,7.98,7.65,7.98,175,0
20150915,8,8,7.62,7.95,310,0
20150916,8,8,8,8,1,0
20150917,7.95,7.95,7.95,7.95,1,0
20150918,8,8,8,8,1,0
20150921,7.99,7.99,7.99,7.99,49,0
20150922,8,8,8,8,1,0
20150923,8,8,8,8,1,0
20150924,8,8,7.62,8,202,0
20150925,8,8,8,8,1,0
20150930,8,8,8,8,1,0
20151001,8,8,8,8,1,0
20151002,8,8,8,8,1,0
20151005,8,8,7.99,8,7001,0
20151006,8.2,8.2,7.9,7.91,1454,0
20151007,8,8,7.6,7.6,1001,0
20151009,7.7,7.7,7.7,7.7,975,0
20151012,7.98,7.98,7.98,7.98,1,0
20151013,7.98,7.98,7.61,7.61,961,0
20151020,7.6,7.6,7.6,7.6,1,0
20151021,7.7,7.7,7.7,7.7,50,0
20151022,7.6,7.6,7.34,7.34,1000,0
20151026,7.3,7.3,7,7,990,0
20151103,7,7,7,7,20,0
20151105,6.99,7,6.55,7,1621,0
20151109,6.6,6.6,6.6,6.6,230,0
20151110,6.5,6.5,6.13,6.13,3103,0
20151112,6.13,6.13,6.13,6.13,1810,0
20151113,6.14,6.88,6.14,6.88,3435,0
20151116,6.87,6.88,6.51,6.88,2241,0
20151117,6.81,6.81,6.4,6.55,973,0
20151118,6.45,6.45,6.45,6.45,150,0
20151119,6.54,6.54,6.54,6.54,1,0
20151120,6.54,6.54,6.54,6.54,1,0
20151123,6.54,6.54,6.54,6.54,1,0
20151124,6.54,6.54,6.54,6.54,1,0
20151125,6.54,6.54,6.45,6.45,101,0
20151126,6.54,6.54,6.54,6.54,1,0
20151127,6.54,6.54,6.54,6.54,1,0
20151130,6.54,6.54,6.54,6.54,1,0
20151201,6.54,6.54,6.54,6.54,1,0
20151202,6.53,6.53,6.53,6.53,100,0
20151203,6.54,6.54,6.54,6.54,1,0
20151204,6.54,6.54,6.54,6.54,1,0
20151207,6.54,6.72,6.54,6.72,1056,0
20151208,6.95,6.95,6.95,6.95,1,0
20151209,6.95,6.95,6.95,6.95,1,0
20151210,6.9,6.9,6.82,6.82,71,0
20151211,6.78,6.78,6.78,6.78,1,0
20151214,6.95,6.95,6.5,6.5,1061,0
20151215,6.5,6.5,6.4,6.4,304,0
20151216,6.41,6.72,6.41,6.72,75,0
20151217,6.95,6.95,6.95,6.95,1,0
20151218,6.95,6.95,6.95,6.95,1,0
20151221,6.95,6.95,6.4,6.4,1192,0
20151229,6.4,6.4,6.4,6.4,10000,0
20151230,6.4,6.4,6.4,6.4,156,0
20160104,6.4,6.4,6.4,6.4,204,0
20160107,6.4,6.4,6.1,6.1,1348,0
20160115,6.45,6.45,5.75,5.75,1306,0
20160118,5.5,5.75,5.5,5.75,102,0
20160120,6,6,5.45,5.45,1378,0
20160121,5.2,5.2,4.9,5.09,7552,0
20160122,5.09,5.46,5.09,5.46,27159,0
20160125,5.35,5.35,5.35,5.35,1000,0
20160126,5.35,5.35,5.14,5.14,2458,0
20160127,5.13,5.13,5.13,5.13,1,0
20160128,5.13,5.13,4.8,4.91,2604,0
20160129,4.92,4.92,4.92,4.92,1,0
20160201,4.91,4.91,4.91,4.91,6,0
20160202,4.92,4.92,4.92,4.92,296,0
20160203,4.92,4.92,4.92,4.92,1,0
20160204,4.92,5.25,4.77,4.95,15623,0
20160205,5.05,5.25,5.05,5.25,5261,0
20160208,5.3,5.49,5.25,5.49,6529,0
20160209,5.49,5.64,5.4,5.64,4549,0
20160210,5.64,5.64,5.3,5.64,5275,0
20160211,5.64,5.64,5.6,5.6,1442,0
20160212,5.55,5.6,5.33,5.55,3198,0
20160215,5.55,5.59,5.55,5.59,201,0
20160216,5.6,5.6,5.15,5.4,2460,0
20160217,5.6,5.6,5.14,5.25,5545,0
20160218,5.25,5.49,5,5.25,1372,0
20160219,5.4,5.4,5.01,5.25,674,0
20160222,5.4,5.4,5.1,5.3,1308,0
20160223,5.4,5.4,5.2,5.2,3,0
20160224,5.2,5.4,5.2,5.3,208,0
20160225,5.22,5.59,5.22,5.57,5397,0
20160226,5.58,5.58,5.35,5.51,455,0
20160229,5.58,5.58,5.58,5.58,1,0
20160301,5.58,5.58,5.4,5.4,81,0
20160302,5.5,5.5,5.4,5.5,251,0
20160303,5.5,5.5,5.24,5.3,1667,0
20160304,5.3,5.3,5.3,5.3,1,0
20160307,5.3,5.3,5.3,5.3,1244,0
20160308,5.3,5.31,5.3,5.31,899,0
20160309,5.45,5.46,5.4,5.4,111,0
20160310,5.4,5.58,5.22,5.58,6036,0
20160311,5.57,5.58,5.5,5.58,4205,0
20160314,5.58,5.64,5.58,5.61,2974,0
20160315,5.64,5.64,5.62,5.62,1711,0
20160316,5.64,5.64,5.63,5.63,1479,0
20160317,5.64,5.64,5.64,5.64,1,0
20160318,5.64,5.64,5.64,5.64,1,0
20160321,5.64,5.64,5.64,5.64,116,0
20160322,5.64,5.64,5.64,5.64,6,0
20160323,5.64,5.64,5.15,5.39,5821,0
20160324,5.37,5.37,5.16,5.33,65,0
20160329,5.31,5.32,5.16,5.31,417,0
20160330,5.31,5.31,5.16,5.16,84,0
20160331,5.31,5.4,5.25,5.4,978,0
20160401,5.39,5.4,5.26,5.4,675,0
20160404,5.41,5.41,5.26,5.4,1056,0
20160405,5.41,5.41,5.41,5.41,1,0
20160406,5.4,5.5,5.4,5.5,283,0
20160407,5.55,5.55,5.55,5.55,1,0
20160408,5.55,5.55,5.4,5.54,491,0
20160411,5.5,5.59,5.5,5.55,3188,0
20160412,5.59,5.59,5.59,5.59,151,0
20160413,5.59,5.59,5.59,5.59,201,0
20160414,5.58,5.58,5.4,5.58,526,0
20160415,5.58,5.61,5.58,5.61,561,0
20160418,5.61,5.61,5.61,5.61,251,0
20160419,5.61,5.61,5.58,5.58,489,0
20160420,5.61,5.61,5.61,5.61,1,0
20160421,5.6,5.6,5.6,5.6,1,0
20160422,5.61,5.61,5.57,5.57,74,0
20160425,5.56,5.56,5.36,5.36,2113,0
20160426,5.36,5.36,5.15,5.25,6477,0
20160427,5.34,5.34,5.34,5.34,152,0
20160428,5.34,5.34,5.3,5.3,1560,0
20160429,5.45,5.45,5.35,5.35,64,0
20160502,5.45,5.45,5.35,5.4,2549,0
20160504,5.4,5.4,5.4,5.4,2,0
20160505,5.4,5.4,5.4,5.4,2,0
20160506,5.4,5.4,5.4,5.4,2,0
20160509,5.4,5.4,5.13,5.13,758,0
20160510,5.24,5.45,5,5.1,4901,0
20160511,5.1,5.1,5.1,5.1,100,0
20160512,5.1,5.1,5.1,5.1,100,0
20160513,5.09,5.09,5.09,5.09,2,0
20160516,5.09,5.09,5.09,5.09,2,0
20160517,5.09,5.09,4.86,4.86,1502,0
20160518,5.05,5.05,4.9,4.9,1104,0
20160519,5.05,5.05,4.9,4.9,302,0
20160520,5.1,5.1,5.1,5.1,2,0
20160523,5.05,5.05,4.9,5.04,1643,0
20160524,5.04,5.04,5.04,5.04,22,0
20160525,5,5,5,5,2,0
20160527,5,5,5,5,2,0
20160530,5,5.05,5,5.05,1402,0
20160531,5.1,5.1,5.1,5.1,2,0
20160601,5.04,5.04,4.81,5,1780,0
20160602,5.04,5.04,4.83,5,20,0
20160603,5.04,5.04,5.04,5.04,2,0
20160606,5,5,4.8,4.8,3002,0
20160607,5,5,4.83,5,64,0
20160608,5.04,5.04,5.04,5.04,2,0
20160609,5.04,5.04,5.04,5.04,2,0
20160610,5.04,5.04,5.04,5.04,2,0
20160613,5.04,5.04,4.8,4.8,3002,0
20160614,5.04,5.04,5.04,5.04,2,0
20160615,5.04,5.04,4.83,4.83,3,0
20160616,5.04,5.04,5.04,5.04,2,0
20160617,5.04,5.04,4.6,4.62,2873,0
20160620,4.62,4.62,4.6,4.6,3228,0
20160622,4.6,4.6,3.72,3.72,36282,0
20160623,3.65,3.78,3.51,3.78,15491,0
20160624,3.6,3.76,3.51,3.76,4186,0
20160627,3.76,3.88,3.76,3.88,920,0
20160628,3.9,3.9,3.7,3.83,2152,0
20160629,3.9,3.9,3.83,3.83,382,0
20160630,3.8,3.8,3.65,3.65,998,0
20160701,3.66,3.67,3.6,3.67,3392,0
20160704,3.44,3.67,2.83,3,28962,0
20160705,3.1,3.15,3.01,3.15,2826,0
20160706,3.14,3.14,3.14,3.14,2,0
20160707,3.15,3.15,3.15,3.15,2,0
20160708,3.12,3.12,3.12,3.12,2,0
20160711,3,3.15,2.96,3.15,3190,0
20160712,3,3.15,2.88,3.03,9715,0
20160713,3,3,2.94,3,624,0
20160714,2.94,2.99,2.94,2.99,425,0
20160715,3,3,2.8,2.94,6164,0
20160718,2.82,2.9,2.56,2.77,32961,0
20160719,2.89,2.89,2.77,2.88,5388,0
20160720,2.88,2.94,2.8,2.93,13849,0
20160721,2.97,2.97,2.8,2.93,312,0
20160722,2.93,2.93,2.82,2.82,2688,0
20160725,2.9,2.93,2.78,2.92,18887,0
20160726,2.87,2.88,2.8,2.85,3791,0
20160727,2.82,2.82,2.6,2.7,10862,0
20160728,2.8,2.84,2.65,2.78,2265,0
20160729,2.77,2.77,2.66,2.68,2238,0
20160801,2.78,2.78,2.68,2.68,1991,0
20160802,2.66,2.74,2.51,2.51,5604,0
20160803,2.5,2.7,2.46,2.57,4467,0
20160804,2.57,2.57,2.37,2.57,12413,0
20160805,2.7,2.7,2.42,2.42,5071,0
20160808,2.35,2.5,2.35,2.35,1199,0
20160809,2.36,2.42,2.36,2.42,2685,0
20160810,2.42,2.52,2.42,2.52,1066,0
20160811,2.51,2.51,2.51,2.51,2,0
20160812,2.49,2.66,2.4,2.66,4640,0
20160816,2.52,3.05,2.42,3.05,103511,0
20160817,3.1,3.74,3.01,3.7,43178,0
20160818,3.7,3.93,3.6,3.7,23987,0
20160819,3.7,3.9,3.46,3.46,14411,0
20160822,3.48,3.48,3.17,3.39,28479,0
20160823,3.34,3.4,3.2,3.34,9702,0
20160824,3.34,3.67,3.34,3.56,4217,0
20160825,3.67,3.67,3.34,3.35,7532,0
20160826,3.48,3.48,3.24,3.41,9490,0
20160829,3.55,3.55,3.55,3.55,2,0
20160830,3.25,3.55,3.18,3.27,22951,0
20160831,3.27,3.4,3.2,3.39,846,0
20160901,3.2,3.3,3.2,3.3,28357,0
20160902,3.25,3.25,3.15,3.25,34311,0
20160905,3.25,3.52,3.2,3.52,13745,0
20160906,3.55,3.7,3.35,3.7,33803,0
20160907,3.65,3.69,3.57,3.69,14122,0
20160908,3.7,3.7,3.7,3.7,9963,0
20160909,3.7,3.7,3.69,3.7,10233,0
20160912,3.69,3.7,3.56,3.7,10940,0
20160913,3.7,3.9,3.7,3.9,12779,0
20160914,3.85,3.85,3.68,3.85,12396,0
20160915,3.87,3.9,3.71,3.71,10627,0
20160916,3.71,3.71,3.71,3.71,7774,0
20160919,3.7,3.7,3.65,3.7,602,0
20160920,3.69,3.69,3.69,3.69,2,0
20160921,3.68,3.69,3.56,3.56,1491,0
20160922,3.69,3.69,3.5,3.56,7607,0
20160923,3.67,3.67,3.43,3.43,840,0
20160926,3.45,3.45,3.45,3.45,272,0
20160927,3.57,3.57,3.43,3.57,1140,0
20160928,3.54,3.55,3.35,3.45,11552,0
20160929,3.44,3.44,3.3,3.44,300,0
20160930,3.44,3.45,3.29,3.45,2152,0
20161003,3.58,3.58,3.29,3.29,590,0
20161004,3.3,3.3,3.3,3.3,10,0
20161005,3.22,3.35,3.2,3.35,905,0
20161006,3.35,3.35,3.2,3.2,179,0
20161010,3.2,3.2,3.2,3.2,50,0
20161011,3.2,3.2,3.2,3.2,2649,0
20161013,3.19,3.19,3.19,3.19,5,0
20161021,3.2,3.2,3.2,3.2,1,0
20161024,3.2,3.2,3.05,3.2,2302,0
20161025,3.2,3.2,3.05,3.15,4041,0
20161026,3.2,3.2,3.2,3.2,1,0
20161027,3.2,3.2,3.2,3.2,2,0
20161028,3.2,3.2,3.15,3.15,704,0
20161031,3.64,3.9,3.4,3.59,139460,0
20161102,3.5,3.65,3.29,3.44,56150,0
20161103,3.4,3.4,3.06,3.25,42775,0
20161104,3.35,3.39,3.16,3.36,17593,0
20161107,3.2,3.39,3.14,3.15,12765,0
