Date,Open,High,Low,Close,Volume,OpenInt
20071204,2.9187,3.562,2.7531,3.3952,57792,0
20071205,3.9194,3.9194,3.0974,3.2762,15863,0
20071206,3.0974,3.2725,2.9784,3.1569,7208,0
20071207,3.1569,3.2165,2.877,3.0379,16323,0
20071210,3.0379,3.0379,2.8829,2.8829,9271,0
20071211,2.8711,2.9902,2.8711,2.8829,4656,0
20071212,2.8711,2.8829,2.7401,2.7996,7681,0
20071213,2.8567,2.8591,2.746,2.746,3198,0
20071214,2.9664,2.9664,2.9664,2.9664,75,0
20071217,3.1569,3.1569,2.8937,2.8937,3497,0
20071219,2.9426,2.9426,2.9426,2.9426,75,0
20071220,2.9485,2.9521,2.9485,2.9521,1729,0
20071221,3.1273,3.4548,3.1273,3.3345,9104,0
20071227,3.2165,3.3357,3.2165,3.3357,3065,0
20071228,3.2189,3.5728,3.2189,3.5728,939,0
20080102,3.5143,3.5143,3.5143,3.5143,2518,0
20080103,3.5132,3.5132,3.5132,3.5132,167,0
20080104,3.5132,3.5143,3.5132,3.5143,853,0
20080107,3.3477,3.3477,3.0414,3.0414,8816,0
20080108,3.0188,3.0188,3.0188,3.0188,2518,0
20080109,2.8711,2.9176,2.8711,2.9176,2685,0
20080110,2.9176,2.9176,2.9176,2.9176,40,0
20080111,2.8591,2.8591,2.8591,2.8591,415,0
20080114,2.8591,2.8591,2.8579,2.8591,3532,0
20080115,2.8591,2.8591,2.7996,2.7996,1694,0
20080117,2.8591,2.8591,2.8591,2.8591,40,0
20080118,2.8591,2.8591,2.8591,2.8591,40,0
20080121,2.8591,2.8591,2.7401,2.7401,4512,0
20080122,2.7401,2.7401,2.7401,2.7401,40,0
20080123,2.7519,2.7519,2.7519,2.7519,12,0
20080124,3.574,4.1696,2.9784,3.3357,30930,0
20080125,3.3715,3.3715,3.0974,3.0974,5036,0
20080128,3.0379,3.0974,3.0379,3.0379,3561,0
20080129,3.1569,3.1569,3.1212,3.1212,4183,0
20080130,3.2165,3.2774,3.1332,3.1332,1498,0
20080131,3.2762,3.2762,3.1569,3.1569,2737,0
20080201,3.0141,3.0141,3.0141,3.0141,12,0
20080204,3.1569,3.1569,3.1569,3.1569,1567,0
20080205,3.1545,3.1545,3.1545,3.1545,12,0
20080206,3.1545,3.1545,3.0068,3.0068,2524,0
20080207,2.9784,2.9784,2.9784,2.9784,2518,0
20080208,2.8829,2.8829,2.8829,2.8829,5203,0
20080211,2.8829,2.8829,2.8829,2.8829,3941,0
20080212,2.7519,2.7638,2.746,2.7472,2063,0
20080213,2.8591,2.8591,2.746,2.746,2950,0
20080214,2.7519,2.7519,2.7519,2.7519,472,0
20080215,2.7638,2.7638,2.7638,2.7638,6,0
20080218,2.8591,2.8591,2.8591,2.8591,2097,0
20080220,2.8579,2.8579,2.8579,2.8579,2518,0
20080222,2.8579,2.8579,2.8579,2.8579,6,0
20080225,2.8591,2.8591,2.8591,2.8591,1464,0
20080226,2.7401,2.8591,2.7401,2.8591,1245,0
20080227,2.8579,2.8579,2.8579,2.8579,6,0
20080228,2.7401,2.8591,2.7401,2.8591,12,0
20080229,2.7519,2.7519,2.7401,2.7401,9231,0
20080303,2.7401,2.7401,2.7401,2.7401,40,0
20080304,2.7401,2.7401,2.7401,2.7401,6,0
20080305,2.7401,2.7401,2.7401,2.7401,6,0
20080306,2.7401,2.7401,2.7401,2.7401,1026,0
20080307,2.7401,2.7401,2.7401,2.7401,75,0
20080310,2.7401,2.7401,2.7401,2.7401,40,0
20080311,2.7401,2.7401,2.7401,2.7401,40,0
20080312,2.6804,2.7401,2.6804,2.7401,956,0
20080313,2.7401,2.7401,2.6804,2.6804,225,0
20080314,2.7401,2.7519,2.6208,2.7519,1608,0
20080317,2.6269,2.7519,2.6208,2.7519,46,0
20080318,2.6208,2.7519,2.6208,2.7519,23,0
20080319,2.7519,2.7519,2.7519,2.7519,75,0
20080320,2.6448,2.777,2.6448,2.777,81,0
20080325,2.7758,2.7758,2.7758,2.7758,409,0
20080326,2.7758,2.777,2.6448,2.777,230,0
20080327,2.6448,2.7638,2.6448,2.7638,23,0
20080328,2.6328,2.6328,2.6328,2.6328,6,0
20080331,2.6448,2.6448,2.6448,2.6448,12,0
20080401,2.6448,2.6448,2.6448,2.6448,12,0
20080402,2.7638,2.889,2.7638,2.889,6707,0
20080403,2.8591,2.8591,2.8591,2.8591,2097,0
20080404,2.7425,4.247,2.7425,4.247,26764,0
20080407,4.247,4.2887,3.357,3.3595,60823,0
20080408,3.3536,3.3536,3.0296,3.251,27444,0
20080409,3.0974,3.1212,2.9794,2.9806,13621,0
20080410,2.9069,2.9069,2.8234,2.8234,15891,0
20080411,2.8234,2.8234,2.777,2.777,2045,0
20080414,2.8234,2.8234,2.6923,2.8234,3244,0
20080415,2.8234,2.8234,2.8234,2.8234,12,0
20080416,2.8234,2.8234,2.8234,2.8234,415,0
20080417,2.8222,2.8222,2.8222,2.8222,507,0
20080418,2.6948,2.8104,2.6923,2.8104,2518,0
20080421,2.8819,3.0021,2.6804,2.6899,35436,0
20080422,2.7151,2.7161,2.4959,2.4959,15338,0
20080423,2.5018,2.5018,2.5018,2.5018,4195,0
20080424,2.5018,2.5018,2.478,2.478,5053,0
20080425,2.5006,2.5006,2.5006,2.5006,40,0
20080428,2.3825,2.3825,2.2588,2.3766,14145,0
20080429,2.3588,2.3588,2.3588,2.3588,1590,0
20080430,2.3588,2.3588,2.3588,2.3588,3359,0
20080505,2.3766,2.3766,2.3766,2.3766,835,0
20080506,2.2933,2.3112,2.2647,2.3112,9836,0
20080507,2.2992,2.3313,2.2992,2.3313,2472,0
20080508,2.3112,2.3112,2.3112,2.3112,2097,0
20080509,2.3051,2.796,2.3051,2.6804,22397,0
20080512,2.6995,2.6995,2.6208,2.6208,2720,0
20080513,2.5851,2.6208,2.5851,2.6208,5462,0
20080514,2.6208,2.6208,2.6208,2.6208,1279,0
20080515,2.5755,2.5755,2.5755,2.5755,668,0
20080516,2.5755,2.5755,2.5755,2.5755,2760,0
20080519,2.5101,2.5101,2.5101,2.5101,3198,0
20080520,2.5018,2.5018,2.4374,2.4374,3365,0
20080521,2.372,2.372,2.372,2.372,2432,0
20080523,2.3374,2.4065,2.335,2.4065,6799,0
20080526,2.4065,2.4065,2.2789,2.2789,3809,0
20080527,2.2789,2.2789,2.2789,2.2789,835,0
20080528,2.2789,2.2789,2.2789,2.2789,472,0
20080529,2.2635,2.2635,2.2635,2.2635,58,0
20080602,2.2635,2.2635,2.2635,2.2635,6,0
20080603,2.2873,2.4898,2.2873,2.4898,12008,0
20080604,2.4171,2.4171,2.2873,2.323,26608,0
20080605,2.2992,2.2992,2.2635,2.2862,15448,0
20080606,2.2801,2.5387,2.2361,2.3338,43675,0
20080609,2.2361,2.2873,2.2361,2.2635,11939,0
20080610,2.2933,2.3183,2.2635,2.2635,3077,0
20080611,2.2873,2.2873,2.0847,2.2611,23987,0
20080612,2.1467,2.1467,2.0859,2.1444,7663,0
20080613,2.0847,2.1444,2.0847,2.0908,980,0
20080616,2.0967,2.1205,2.0967,2.1205,12,0
20080617,2.1456,2.1456,2.0908,2.0908,10078,0
20080618,2.0847,2.1444,2.0597,2.1444,13806,0
20080619,2.1444,2.1444,2.0252,2.0847,6304,0
20080620,2.0134,2.0847,2.0134,2.0847,1348,0
20080623,2.1087,2.1087,2.0252,2.1087,17078,0
20080624,2.0491,2.1075,2.0491,2.1075,12849,0
20080625,2.1075,2.1432,2.1075,2.1432,18144,0
20080626,2.1444,2.1444,2.117,2.117,8816,0
20080627,2.1682,2.1802,2.1682,2.1802,835,0
20080630,2.1092,2.1092,2.1092,2.1092,6,0
20080701,2.1682,2.1682,2.1682,2.1682,6,0
20080702,2.1682,2.1682,2.1682,2.1682,6,0
20080703,2.167,2.167,2.167,2.167,6,0
20080704,2.167,2.167,2.167,2.167,6,0
20080707,2.1682,2.1682,2.1682,2.1682,6,0
20080708,2.1682,2.1682,2.1682,2.1682,6,0
20080709,2.1682,2.1719,2.1682,2.1719,5163,0
20080710,2.1719,2.1719,2.1719,2.1719,4177,0
20080711,2.1682,2.1682,2.1682,2.1682,6,0
20080714,2.1682,2.1682,2.1682,2.1682,6,0
20080715,2.1682,2.1682,2.1682,2.1682,6,0
20080716,2.1682,2.1682,2.1682,2.1682,127,0
20080717,2.1682,2.1682,2.1682,2.1682,6,0
20080718,2.1682,2.1682,2.1682,2.1682,6,0
20080721,2.1515,2.1515,2.1109,2.1109,3780,0
20080722,2.0372,2.061,1.9657,2.061,4748,0
20080723,2.0491,2.0491,2.0491,2.0491,3780,0
20080724,2.1444,2.1444,2.1444,2.1444,40,0
20080725,2.1444,2.1444,2.1444,2.1444,507,0
20080729,2.2161,2.2161,2.2161,2.2161,507,0
20080731,2.2161,2.2161,2.2161,2.2161,6,0
20080801,2.2158,2.2158,2.2158,2.2158,6,0
20080804,2.2158,2.2158,2.2158,2.2158,6,0
20080805,2.2158,2.2158,2.2158,2.2158,173,0
20080807,2.2513,2.2513,2.2513,2.2513,916,0
20080808,2.2635,2.2635,2.2635,2.2635,6,0
20080812,2.2416,2.2416,2.1627,2.1627,974,0
20080813,2.187,2.187,2.187,2.187,6,0
20080814,2.187,2.187,2.187,2.187,4102,0
20080819,2.2683,2.2696,2.1505,2.1505,7012,0
20080825,2.0715,2.1019,2.0715,2.1019,1233,0
20080826,2.1019,2.1019,2.1019,2.1019,6,0
20080827,2.1019,2.1019,2.1019,2.1019,6,0
20080828,2.1019,2.1019,2.1019,2.1019,6,0
20080829,2.1019,2.1019,2.1019,2.1019,6,0
20080901,2.1019,2.1019,2.1019,2.1019,6,0
20080902,2.1019,2.1019,2.1019,2.1019,6,0
20080903,2.1019,2.1019,2.1019,2.1019,230,0
20080904,2.1323,2.1444,2.1019,2.1019,1769,0
20080905,2.1019,2.1019,2.1019,2.1019,6,0
20080908,2.1019,2.1019,2.1019,2.1019,6,0
20080910,2.1444,2.1444,2.1019,2.1019,12,0
20080912,2.1019,2.1019,2.1019,2.1019,6,0
20080916,2.1019,2.1019,2.1019,2.1019,242,0
20080917,2.1019,2.1019,2.1019,2.1019,6,0
20080918,2.1019,2.1019,2.1019,2.1019,6,0
20080919,2.1019,2.1019,2.1019,2.1019,6,0
20080923,2.1019,2.1019,2.1019,2.1019,956,0
20080924,2.0958,2.1444,1.9926,1.9926,12763,0
20080925,1.9136,1.9136,1.8225,1.8237,8044,0
20080926,1.899,1.9002,1.899,1.9002,3866,0
20080929,1.9318,1.9926,1.9318,1.9926,9161,0
20080930,1.9002,1.9926,1.9002,1.9926,824,0
20081001,2.0412,2.1299,2.0412,2.0715,9467,0
20081002,2.1299,2.1299,2.1299,2.1299,75,0
20081007,2.1262,2.1262,2.1262,2.1262,75,0
20081008,2.029,2.029,2.029,2.029,2910,0
20081010,1.944,1.944,1.944,1.944,818,0
20081013,2.0412,2.0412,2.0412,2.0412,818,0
20081015,2.0412,2.0412,2.0412,2.0412,818,0
20081020,2.0412,2.0412,1.944,1.944,5111,0
20081021,1.8516,1.944,1.8516,1.944,1233,0
20081023,1.944,1.944,1.9075,1.9075,1175,0
20081024,1.9075,1.9075,1.9075,1.9075,484,0
20081027,1.9075,1.9075,1.9075,1.9075,6,0
20081028,1.944,1.944,1.944,1.944,818,0
20081029,1.944,1.944,1.944,1.944,818,0
20081030,1.944,1.944,1.944,1.944,501,0
20081103,1.944,1.944,1.944,1.944,818,0
20081104,1.9075,1.944,1.9075,1.944,824,0
20081105,1.9075,1.944,1.9075,1.9075,824,0
20081106,1.9075,1.9075,1.9075,1.9075,179,0
20081107,1.9075,1.9075,1.9075,1.9075,6,0
20081110,1.9075,1.9075,1.9075,1.9075,6,0
20081114,1.9075,1.9075,1.9075,1.9075,6,0
20081117,1.9075,1.9075,1.9075,1.9075,6,0
20081118,1.9075,1.9075,1.9075,1.9075,501,0
20081120,1.9075,1.9075,1.8516,1.8516,4656,0
20081124,1.8516,1.8516,1.7642,1.7642,4068,0
20081125,1.7642,1.7642,1.7642,1.7642,4523,0
20081126,1.8225,1.8225,1.8225,1.8225,35,0
20081127,1.7642,1.8225,1.7642,1.8225,1642,0
20081128,1.8225,1.8225,1.8225,1.8225,6,0
20081201,1.8225,1.8225,1.8225,1.8225,6,0
20081202,1.8225,1.8225,1.8225,1.8225,75,0
20081203,1.8516,1.8516,1.8516,1.8516,818,0
20081204,1.8225,1.8516,1.8225,1.8516,824,0
20081205,1.8225,1.8516,1.8225,1.8516,824,0
20081208,1.8516,1.8516,1.8516,1.8516,818,0
20081209,1.8516,1.8516,1.8516,1.8516,818,0
20081210,1.8225,1.8516,1.8225,1.8516,657,0
20081212,1.8225,1.8225,1.8225,1.8225,6,0
20081216,1.8225,1.8225,1.8225,1.8225,6,0
20081218,1.8225,1.8225,1.8225,1.8225,109,0
20081219,1.8225,1.8225,1.7642,1.7642,2057,0
20081222,1.8225,1.8225,1.8225,1.8225,4114,0
20081223,1.8225,1.8225,1.8225,1.8225,3290,0
20081229,1.7982,1.7982,1.7982,1.7982,6,0
20081230,1.7982,1.7982,1.7982,1.7982,6,0
20081231,1.7982,1.7982,1.7982,1.7982,6,0
20090105,1.8225,1.8225,1.8225,1.8225,4765,0
20090116,1.8225,1.8225,1.8225,1.8225,167,0
20090216,1.9136,1.9136,1.9136,1.9136,75,0
20090220,1.9136,1.9136,1.9136,1.9136,248,0
20090319,1.8225,1.8225,1.8225,1.8225,409,0
20090330,1.8237,1.8237,1.8237,1.8237,6,0
20090402,1.9136,1.9136,1.9136,1.9136,3947,0
20090403,2.0084,2.0084,1.9136,1.9136,3290,0
20090406,1.9148,1.9148,1.9148,1.9148,2230,0
20090407,2.0071,2.2841,2.0071,2.2112,12290,0
20090408,2.4299,2.6729,2.187,2.6729,9087,0
20090409,2.9159,2.9159,2.4324,2.5514,10377,0
20090414,2.5514,2.5514,2.3145,2.4421,10971,0
20090415,2.4907,2.5514,2.4311,2.5514,835,0
20090416,2.4299,2.4299,2.4299,2.4299,1642,0
20090417,2.3692,2.3692,2.3084,2.3692,4621,0
20090420,2.3084,2.3084,2.3084,2.3084,1873,0
20090421,2.3084,2.3084,2.3084,2.3084,58,0
20090422,2.3692,2.3692,2.3692,2.3692,409,0
20090424,2.3084,2.3084,2.3084,2.3084,35,0
20090504,2.3084,2.3084,2.3084,2.3084,1417,0
20090507,2.3084,2.3084,2.3084,2.3084,409,0
20090508,2.3084,2.3692,2.3084,2.3692,743,0
20090515,2.3631,2.3631,2.2574,2.2574,340,0
20090518,2.2574,2.2574,2.2574,2.2574,2881,0
20090522,2.2526,2.2538,2.1469,2.1469,714,0
20090528,2.1469,2.1469,2.1469,2.1469,259,0
20090602,2.1469,2.1469,2.1469,2.1469,3497,0
20090608,2.0655,2.0655,2.0655,2.0655,1222,0
20090610,2.1444,2.1444,2.1444,2.1444,1642,0
20090612,2.1432,2.1432,2.1432,2.1432,282,0
20090618,2.1432,2.1432,2.1432,2.1432,6,0
20090622,2.0436,2.0436,2.0436,2.0436,916,0
20090623,2.0436,2.0436,2.0436,2.0436,818,0
20090625,2.0436,2.0436,2.0436,2.0436,167,0
20090703,2.1444,2.1444,2.1444,2.1444,161,0
20090707,2.1444,2.1444,2.1444,2.1444,472,0
20090716,2.0436,2.0655,1.944,2.0412,6799,0
20090722,2.0424,2.0424,2.0424,2.0424,398,0
20090727,2.0424,2.0424,2.0424,2.0424,1389,0
20090729,2.0424,2.47,2.0424,2.47,10037,0
20090731,2.9773,2.9773,2.7161,2.9016,17453,0
20090803,2.7944,2.7944,2.668,2.6741,4661,0
20090804,2.6686,2.6686,2.6686,2.6686,63,0
20090805,2.6686,2.6686,2.6552,2.6552,3618,0
20090806,2.6002,2.6002,2.6002,2.6002,46,0
20090810,2.721,3.1592,2.721,3.1592,42039,0
20090811,3.3409,4.2524,3.3409,4.2524,38997,0
20090812,4.6978,5.1676,4.4537,5.1676,55487,0
20090813,5.5581,6.1133,5.0029,5.1249,59947,0
20090814,4.7588,5.0882,3.9046,4.6245,66919,0
20090817,4.5148,4.6368,4.0266,4.4782,21964,0
20090818,4.5148,4.5148,4.1731,4.1913,10389,0
20090819,4.1927,5.0638,4.029,4.6844,40477,0
20090820,4.6783,5.1249,4.3329,4.8198,24021,0
20090821,4.8809,4.8942,4.6368,4.7955,14266,0
20090824,4.8685,4.8685,4.4904,4.4976,7750,0
20090825,4.4746,4.4746,4.1486,4.4489,8343,0
20090826,4.2194,4.2939,4.1486,4.2097,17303,0
20090827,4.2706,4.4537,4.0681,4.2585,7525,0
20090828,4.2706,4.2706,4.0681,4.0693,5462,0
20090831,4.0693,4.2585,3.9657,4.2548,4195,0
20090901,4.0681,4.0681,3.835,3.8376,6453,0
20090902,3.6606,3.6606,3.4166,3.4166,6482,0
20090903,3.2946,3.4166,3.2592,3.2592,6995,0
20090904,3.397,3.5849,3.2958,3.5849,8764,0
20090907,3.5386,4.4416,3.4971,4.4416,48688,0
20090908,4.4537,4.6672,4.0278,4.0511,32025,0
20090909,4.0511,4.0511,3.6727,4.0511,8626,0
20090910,3.7826,4.161,3.7826,3.868,5762,0
20090911,3.8071,4.0266,3.8071,3.9657,8735,0
20090914,3.6863,3.8558,3.6727,3.8558,3025,0
20090915,3.8498,4.1731,3.8498,4.1462,6131,0
20090916,4.0327,4.0999,3.8461,4.0999,6171,0
20090917,4.0999,4.0999,3.9046,3.9046,3319,0
20090918,3.9034,3.9046,3.7217,3.7217,1198,0
20090921,3.7949,3.7949,3.7094,3.7935,9663,0
20090922,3.8925,3.8925,3.6606,3.8925,19907,0
20090923,3.7826,4.2279,3.7826,3.9657,15004,0
20090924,3.9596,3.9596,3.7949,3.7949,2022,0
20090925,3.7826,3.7826,3.7571,3.7583,5030,0
20090928,3.7777,3.7777,3.5997,3.5997,634,0
20090929,3.5997,3.7777,3.4287,3.4837,5428,0
20090930,3.7193,3.7777,3.5386,3.5386,7300,0
20091001,3.5386,3.8338,3.5386,3.6118,13575,0
20091002,3.6118,3.8338,3.6118,3.8046,2057,0
20091005,3.801,3.801,3.801,3.801,375,0
20091006,3.8046,4.0632,3.8046,3.9936,5405,0
20091007,3.9095,3.9936,3.907,3.9083,2339,0
20091009,3.9083,3.9083,3.8046,3.8046,2547,0
20091012,3.8046,3.8046,3.624,3.624,3330,0
20091013,3.624,3.7154,3.5447,3.5447,2674,0
20091015,3.7033,4.1474,3.7033,3.9779,13396,0
20091016,4.3196,5.0334,4.3196,5.031,82799,0
20091019,5.253,6.3512,5.253,6.3512,29904,0
20091020,7.3212,8.0534,5.9423,6.9185,109476,0
20091021,6.4671,7.0163,6.3451,6.5891,35960,0
20091022,6.1011,6.2231,5.503,6.0522,13466,0
20091023,5.8106,5.9668,5.3934,5.4787,16825,0
20091026,5.6068,5.7228,5.3689,5.4312,12088,0
20091027,5.4909,5.5532,5.015,5.3677,18421,0
20091028,5.308,5.308,5.0577,5.0577,1700,0
20091029,4.6429,5.4909,4.6368,5.2347,66458,0
20091030,5.2347,5.4909,5.2347,5.3677,13350,0
20091102,5.3383,5.3383,5.1139,5.1249,1573,0
20091103,5.1249,5.1249,5.1249,5.1249,173,0
20091104,5.1249,5.4446,4.9541,5.3567,4356,0
20091105,5.3444,5.7349,5.0907,5.7228,9749,0
20091106,5.7094,5.7094,5.308,5.4909,5578,0
20091109,5.4909,5.4909,5.0907,5.0907,8793,0
20091110,5.2469,5.4909,5.0943,5.1394,18087,0
20091112,5.1858,5.4458,5.1858,5.43,9668,0
20091113,5.43,5.43,5.1981,5.4055,3901,0
20091116,5.4079,5.4079,5.1858,5.2469,6183,0
20091117,5.3677,5.3677,4.9272,5.0638,8816,0
20091118,5.0029,5.0029,4.8258,4.9418,2950,0
20091119,5.0638,5.0638,4.8809,4.9907,1095,0
20091120,4.9895,5.0577,4.8234,4.8234,4506,0
20091123,4.8198,4.8234,4.649,4.8234,2385,0
20091124,4.649,4.8198,4.649,4.8198,1181,0
20091125,4.6368,4.8234,4.3928,4.8234,1971,0
20091126,4.533,4.5757,4.5148,4.5757,2466,0
20091127,4.4305,4.5757,4.3928,4.5757,2328,0
20091130,4.4062,4.5757,4.3439,4.5757,21256,0
20091201,4.3586,4.5757,4.3317,4.4782,9703,0
20091202,4.4659,4.4843,4.4659,4.4843,1348,0
20091203,4.3928,4.3928,4.3805,4.3805,853,0
20091204,4.4843,4.4843,4.062,4.4537,17557,0
20091207,4.4843,4.8809,4.2951,4.4537,12423,0
20091208,4.3928,4.4843,4.3928,4.4537,3930,0
20091209,4.4843,4.8809,4.3928,4.7465,9738,0
20091210,4.6368,4.8685,4.6368,4.7588,3123,0
20091211,4.8198,4.8649,4.6368,4.7588,5059,0
20091214,4.7576,4.7576,4.533,4.7404,5284,0
20091215,4.6368,4.6368,4.3928,4.4232,8067,0
20091216,4.5306,4.5306,4.3208,4.322,2576,0
20091217,4.4904,4.527,4.1988,4.1988,7387,0
20091218,4.3317,4.3317,4.1365,4.3317,1976,0
20091221,4.161,4.3317,4.161,4.3317,248,0
20091222,4.167,4.167,3.8803,3.8803,54721,0
20091223,3.8803,3.8803,3.4166,3.4544,49506,0
20091228,3.5386,3.5386,3.1847,3.2946,87045,0
20091229,3.2946,3.38,3.2946,3.2946,56847,0
20091230,3.3189,3.441,3.1726,3.2737,82355,0
20091231,3.1481,3.2762,3.0603,3.2274,72110,0
20100104,3.0884,3.502,3.0884,3.3872,109269,0
20100105,3.4995,3.5374,3.386,3.4166,175790,0
20100106,3.4166,3.5008,3.2701,3.3543,110024,0
20100107,3.3555,3.4154,3.2774,3.4032,16254,0
20100108,3.4032,3.4032,3.2774,3.2897,25698,0
20100111,3.2774,3.2774,3.1481,3.1859,6108,0
20100112,3.1359,3.1481,3.0506,3.0688,49472,0
20100113,3.0688,3.0688,2.8919,2.9041,69396,0
20100114,2.9162,2.9992,2.9101,2.9895,9265,0
20100115,2.9591,2.9895,2.8919,2.9065,31875,0
20100118,2.9992,3.1457,2.9895,3.0394,33091,0
20100119,3.1238,3.3239,3.0884,3.258,75227,0
20100120,3.3897,3.3897,3.1726,3.2824,118344,0
20100121,3.1738,3.1835,3.0627,3.1139,44361,0
20100122,3.0139,3.1469,3.0139,3.0872,25422,0
20100125,3.0151,3.0151,2.92,2.9285,61128,0
20100126,2.9261,2.9895,2.9162,2.9895,8234,0
20100127,2.9943,3.0016,2.9285,2.9846,13944,0
20100128,2.9895,2.9943,2.9895,2.9895,1533,0
20100129,2.9945,2.9957,2.9315,2.9882,10567,0
20100201,2.9298,2.9882,2.9298,2.9846,1665,0
20100202,2.9773,2.9955,2.9041,2.9041,16957,0
20100203,2.9285,2.9285,2.9041,2.9041,3837,0
20100204,2.9162,2.9162,2.8078,2.8553,18363,0
20100205,2.8065,2.8065,2.7454,2.7979,39025,0
20100208,2.7515,2.7515,2.6259,2.7161,9288,0
20100209,2.6845,2.7161,2.5917,2.6113,5768,0
20100210,2.6125,2.721,2.6125,2.721,3555,0
20100211,2.7199,2.7199,2.6234,2.6234,2449,0
20100212,2.7173,2.7173,2.6234,2.6234,575897,0
20100215,2.6234,2.8859,2.6234,2.6967,25375,0
20100216,2.721,2.8675,2.721,2.8553,11074,0
20100217,2.9041,2.9456,2.8675,2.9456,17142,0
20100218,2.9882,2.9882,2.9285,2.9591,2973,0
20100219,2.8675,2.8675,2.7321,2.8553,4252,0
20100222,2.7527,2.8308,2.7454,2.8065,2553,0
20100223,2.8065,2.8065,2.7321,2.8041,4287,0
20100224,2.8065,2.8822,2.8065,2.8675,14791,0
20100225,2.8675,2.8675,2.8065,2.8675,16462,0
20100301,2.8675,2.8675,2.8675,2.8675,2213,0
20100302,2.8687,3.0993,2.8687,3.0506,33540,0
20100303,3.0382,3.0382,2.9285,2.9601,8216,0
20100304,2.9419,3.0249,2.9407,3.0249,182577,0
20100305,3.0334,3.1602,3.0309,3.1602,32624,0
20100308,3.1481,3.2335,3.1481,3.1908,40915,0
20100309,3.2031,3.2031,3.1299,3.1542,7537,0
20100310,3.1542,3.1908,3.1542,3.1847,7629,0
20100311,3.2031,3.2031,3.1542,3.1602,14727,0
20100312,3.153,3.3251,3.153,3.2921,52433,0
20100315,3.3067,3.3555,3.2665,3.3189,23658,0
20100316,3.3189,3.3189,3.1969,3.2092,48602,0
20100317,3.2092,3.2446,3.1602,3.2422,19809,0
20100318,3.2592,3.4081,3.2092,3.2946,98874,0
20100319,3.2946,3.2994,3.1616,3.1653,7692,0
20100322,3.1628,3.1628,3.0115,3.0297,11950,0
20100323,3.1115,3.1115,3.0506,3.0749,12284,0
20100324,3.1238,3.1616,3.1115,3.1238,7444,0
20100325,3.1238,3.1602,3.1238,3.1602,7761,0
20100326,3.1238,3.1359,3.109,3.1359,2743,0
20100329,3.0809,3.0809,3.0127,3.0749,2074,0
20100330,3.0809,3.0809,3.0358,3.0506,7738,0
20100331,3.1118,3.1613,3.0278,3.0278,70555,0
20100401,3.0506,3.1542,3.0506,3.1542,1383,0
20100406,3.1542,3.1616,3.153,3.1616,7877,0
20100407,3.2201,3.624,3.2201,3.4775,171653,0
20100408,3.4898,3.5386,3.1969,3.2213,44188,0
20100409,3.3543,3.3543,3.2347,3.258,26856,0
20100412,3.2604,3.3543,3.2592,3.2713,7462,0
20100413,3.3555,3.3555,3.258,3.33,10515,0
20100414,3.2701,3.2701,3.2104,3.2701,6707,0
20100415,3.3433,3.3433,3.2153,3.2335,13166,0
20100416,3.2335,3.2701,3.2335,3.2701,2541,0
20100419,3.2335,3.2335,3.0809,3.1359,20599,0
20100420,3.1115,3.1847,3.103,3.1847,4235,0
20100421,3.1847,3.1847,3.1847,3.1847,1227,0
20100422,3.1835,3.3189,3.1432,3.2689,9058,0
20100423,3.1613,3.2342,3.1599,3.2342,2455,0
20100426,3.2335,3.3067,3.1396,3.3067,10124,0
20100427,3.2946,3.3678,3.2335,3.3678,15609,0
20100428,3.3933,3.3933,3.2946,3.2946,13927,0
20100429,3.3189,3.3555,3.3189,3.3555,2074,0
20100430,3.3194,3.3947,3.3194,3.3947,2864,0
20100504,3.3567,3.3567,3.2335,3.2335,6586,0
20100505,3.1774,3.1786,3.0506,3.1726,105558,0
20100506,3.2031,3.2689,3.0809,3.0809,8516,0
20100507,3.0506,3.0506,2.9664,3.0506,14946,0
20100510,3.1115,3.2335,3.1078,3.2335,54940,0
20100511,3.258,3.258,3.2213,3.2335,4886,0
20100512,3.2335,3.2335,3.1713,3.1713,3895,0
20100513,3.2213,3.2213,3.2213,3.2213,167,0
20100517,3.2701,3.3933,3.2335,3.3433,17960,0
20100518,3.3433,3.3433,3.2335,3.2946,16554,0
20100519,3.2335,3.2701,3.1969,3.2701,15206,0
20100520,3.2458,3.2519,3.0627,3.2092,12377,0
20100521,3.1726,3.1969,3.1115,3.1969,6747,0
20100524,3.1127,3.2092,3.1115,3.1969,20391,0
20100525,3.0688,3.1847,3.0688,3.1847,536,0
20100526,3.1847,3.2946,3.1847,3.264,6171,0
20100527,3.2335,3.3006,3.1481,3.2458,19130,0
20100528,3.2934,3.3189,3.2934,3.3189,15298,0
20100531,3.3255,3.3255,3.2514,3.3255,4955,0
20100601,3.3251,3.3251,3.2458,3.3067,6378,0
20100602,3.2458,3.3067,3.2458,3.3067,882,0
20100604,3.2458,3.2458,3.2458,3.2458,2311,0
20100607,3.103,3.2458,3.092,3.2458,1492,0
20100608,3.2458,3.2458,3.2458,3.2458,6240,0
20100610,3.1238,3.2335,3.092,3.2335,16767,0
20100611,3.1969,3.1969,3.1115,3.1115,9501,0
20100614,3.1908,3.1908,3.1115,3.1726,2737,0
20100615,3.0872,3.1602,3.0457,3.1602,4886,0
20100616,3.1592,3.1908,3.1592,3.1908,2990,0
20100617,3.0636,3.1698,3.0636,3.1241,3791,0
20100618,3.0566,3.0566,3.0457,3.0506,4788,0
20100621,3.0506,3.0872,3.0457,3.0457,3843,0
20100622,3.0506,3.103,3.0506,3.0872,4604,0
20100623,3.0457,3.109,2.9541,3.103,12463,0
20100624,3.0749,3.1665,3.0457,3.0457,6108,0
20100625,2.9957,3.0575,2.9648,3.0563,42321,0
20100628,3.0563,3.1278,3.05,3.1167,28936,0
20100629,3.0506,3.1175,2.9773,3.1175,9870,0
20100630,3.05,3.1167,2.9771,3.05,876,0
20100701,2.9771,2.9771,2.9289,2.9289,6200,0
20100702,2.9289,3.1082,2.9289,2.9858,7934,0
20100705,3.0932,3.0932,2.9289,2.9289,5606,0
20100706,2.9895,3.0698,2.9895,3.0698,17620,0
20100707,3.087,3.087,2.9289,2.9289,17775,0
20100708,3.0254,3.0747,3.0254,3.0747,27697,0
20100709,3.0747,3.0747,2.9388,2.94,7611,0
20100712,2.9895,2.9895,2.9895,2.9895,81,0
20100713,2.9735,3.1007,2.9735,3.1007,13177,0
20100714,3.0884,3.113,3.0884,3.113,1417,0
20100716,3.1068,3.1068,3.0278,3.0278,167,0
20100719,3.0389,3.0884,3.0278,3.0884,4990,0
20100720,3.0278,3.1772,3.0266,3.0884,36421,0
20100721,3.1488,3.1811,3.1488,3.1772,11034,0
20100722,3.2217,3.3293,3.2118,3.3218,4621,0
20100723,3.3218,3.3281,3.3218,3.3281,1786,0
20100726,3.3281,3.3281,3.1847,3.1847,2115,0
20100727,3.2736,3.3354,3.2736,3.3281,2351,0
20100728,3.1811,3.323,3.1811,3.323,876,0
20100729,3.2118,3.2118,3.1772,3.1772,11754,0
20100730,3.1772,3.1772,3.1562,3.1562,2576,0
20100802,3.1625,3.3354,3.1625,3.2118,7358,0
20100803,3.2118,3.3602,3.2118,3.3588,12290,0
20100804,3.2736,3.3293,3.2267,3.3293,3624,0
20100805,3.2243,3.3354,3.2243,3.2378,812,0
20100806,3.3341,3.3354,3.2366,3.3354,3837,0
20100809,3.4589,4.0889,3.4589,3.8543,275943,0
20100810,3.8912,3.9444,3.6134,3.6911,91983,0
20100811,3.743,3.7554,3.5021,3.533,39630,0
20100812,3.5207,3.7061,3.4959,3.6875,22696,0
20100813,3.6851,3.6851,3.5454,3.5504,11541,0
20100816,3.5454,3.5825,3.5454,3.5528,4725,0
20100817,3.5516,3.5516,3.4898,3.5454,6764,0
20100818,3.491,3.491,3.4725,3.4725,7185,0
20100819,3.5454,3.5454,3.4836,3.5454,2270,0
20100820,3.5207,3.5207,3.5207,3.5207,1625,0
20100823,3.5207,3.5207,3.4712,3.4712,2939,0
20100824,3.4614,3.4712,3.4232,3.4232,14076,0
20100825,3.3971,3.5183,3.3971,3.5084,6522,0
20100826,3.5145,3.5454,3.5084,3.5454,5001,0
20100827,3.5825,3.6195,3.533,3.5825,12469,0
20100830,3.6257,3.6257,3.5084,3.6233,10429,0
20100831,3.5825,3.5825,3.4973,3.5825,4483,0
20100901,3.6936,3.8171,3.6936,3.8111,122965,0
20100902,3.8234,3.9272,3.7121,3.8432,60264,0
20100903,3.8456,3.9149,3.8432,3.9149,23480,0
20100906,3.953,4.0754,3.8666,4.0457,77279,0
20100907,4.0643,4.0643,3.953,4.0556,18231,0
20100908,4.1681,4.2989,4.1681,4.2014,74380,0
20100909,4.3781,4.3781,4.2632,4.3237,38766,0
20100910,4.3237,4.3237,4.2187,4.2248,15863,0
20100913,4.2125,4.3224,4.2125,4.2434,12717,0
20100914,4.1754,4.1754,3.9962,4.0766,39008,0
20100915,4.0766,4.1531,4.052,4.0827,452649,0
20100916,4.1012,4.1136,4.1012,4.1136,7969,0
20100917,4.1544,4.2594,4.1384,4.2594,13875,0
20100920,4.178,4.2311,4.1261,4.1261,20893,0
20100921,4.1261,4.2311,4.0778,4.0778,10850,0
20100922,4.0469,4.0469,3.8432,3.9902,15125,0
20100923,4.0631,4.0643,3.9581,3.9777,9254,0
20100924,4.0148,4.241,3.9902,4.1879,64435,0
20100927,4.0766,4.1852,4.0766,4.1754,7116,0
20100929,4.1816,4.1879,4.0766,4.1879,41970,0
20100930,4.1865,4.1865,4.0889,4.1816,4875,0
20101001,4.0889,4.1754,4.0889,4.1754,5825,0
20101004,4.1939,4.1939,4.1012,4.1261,11028,0
20101005,4.1754,4.2187,4.1012,4.2187,8038,0
20101006,4.2187,4.2224,4.1879,4.1879,7853,0
20101007,4.2002,4.2224,4.1879,4.2125,14301,0
20101008,4.2002,4.262,4.2002,4.262,7640,0
20101011,4.262,4.3224,4.262,4.3224,11414,0
20101012,4.325,4.682,4.3237,4.493,89021,0
20101013,4.4966,4.5386,4.4102,4.5324,12019,0
20101014,4.5336,4.5336,4.4237,4.4471,12256,0
20101015,4.4287,4.5324,4.4237,4.5324,7479,0
20101018,4.5251,4.5311,4.4867,4.5212,5831,0
20101019,4.5212,4.5212,4.3361,4.409,6494,0
20101020,4.3237,4.3237,4.2125,4.3237,10936,0
20101021,4.2866,4.4348,4.2866,4.4348,8021,0
20101022,4.4348,4.4744,4.4348,4.4744,1636,0
20101025,4.472,4.5386,4.472,4.5336,6920,0
20101026,4.5212,4.5212,4.409,4.409,32814,0
20101027,4.4843,4.4966,4.3854,4.4966,2328,0
20101028,4.4237,4.4471,4.4237,4.4471,1458,0
20101029,4.4961,4.4961,4.4961,4.4961,15863,0
20101102,4.5089,4.5584,4.4966,4.5584,3618,0
20101103,4.5572,4.5584,4.4522,4.5584,5001,0
20101104,4.4966,4.4966,4.3854,4.4954,59117,0
20101105,4.4954,4.6807,4.4904,4.6794,17482,0
20101108,4.6794,4.8054,4.6695,4.7561,24615,0
20101109,4.7807,4.9412,4.6943,4.9412,25254,0
20101110,5.0279,5.4355,5.0093,5.312,42379,0
20101112,5.2748,5.2748,5.1266,5.2366,15137,0
20101115,5.1884,5.2996,5.1266,5.1884,6355,0
20101116,5.1884,5.1884,4.7363,4.9412,117716,0
20101117,4.9412,4.9412,4.8179,4.9289,10827,0
20101118,4.9412,4.9412,4.6202,4.6202,34502,0
20101119,4.6103,4.6202,4.3361,4.4471,20351,0
20101122,4.4954,4.4966,4.4471,4.4471,6234,0
20101123,4.3298,4.4966,4.3237,4.4966,4500,0
20101124,4.4966,4.4966,4.4966,4.4966,115,0
20101125,4.4966,4.4966,4.4954,4.4966,1590,0
20101126,4.4471,4.4471,4.4471,4.4471,242,0
20101129,4.3298,4.4287,4.325,4.4287,6292,0
20101130,4.3298,4.4039,4.3237,4.4039,1147,0
20101201,4.4039,4.4039,4.2002,4.4039,9208,0
20101202,4.4954,4.4954,4.4138,4.4843,1798,0
20101203,4.4942,4.4954,4.3026,4.4459,3313,0
20101206,4.493,4.493,4.3237,4.4843,720,0
20101207,4.4471,4.4954,4.4471,4.4954,2166,0
20101208,4.4595,4.6931,4.4225,4.6325,16110,0
20101209,4.7807,4.7807,4.6571,4.7807,10982,0
20101210,4.7549,4.7549,4.5954,4.7437,85628,0
20101213,4.5856,4.682,4.5842,4.682,15465,0
20101214,4.6807,4.7561,4.6807,4.7561,88307,0
20101215,4.7437,4.7561,4.6361,4.6448,4540,0
20101216,4.6448,4.6511,4.6079,4.6079,2506,0
20101217,4.7399,4.7399,4.583,4.5905,4321,0
20101220,4.5842,4.6202,4.5842,4.6202,1331,0
20101221,4.6682,4.6695,4.6682,4.6695,89586,0
20101222,4.6695,4.6695,4.6214,4.6658,11581,0
20101223,4.6658,4.6658,4.6658,4.6658,547,0
20101227,4.667,4.667,4.5707,4.5707,4028,0
20101228,4.583,4.6325,4.5707,4.5731,11645,0
20101229,4.625,4.625,4.4978,4.4978,991,0
20101230,4.3361,4.4348,4.0889,4.2002,97728,0
20101231,4.138,4.2498,4.138,4.2498,1936,0
20110103,4.2509,4.2557,4.2371,4.2371,2466,0
20110104,4.2371,4.2371,4.1582,4.2002,3618,0
20110105,4.1642,4.1642,4.1261,4.1261,1757,0
20110107,4.2594,4.3224,4.2594,4.3224,812,0
20110110,4.3014,4.3014,4.3014,4.3014,478,0
20110112,4.2125,4.2125,4.1879,4.1879,2956,0
20110113,4.1186,4.1186,4.1186,4.1186,1625,0
20110114,4.1012,4.1012,3.8309,4.1012,255944,0
20110117,4.1754,4.2743,4.0766,4.2743,22950,0
20110118,4.2743,4.4348,4.2743,4.4348,416148,0
20110119,4.4348,4.5954,4.4348,4.5707,51050,0
20110121,4.5089,4.5336,4.3928,4.5089,10078,0
20110124,4.4471,4.5089,4.3607,4.5089,2455,0
20110125,4.3532,4.5089,4.3532,4.5089,922,0
20110126,4.3854,4.5461,4.3854,4.5461,6684,0
20110128,4.5449,4.5461,4.5449,4.5461,1792,0
20110131,4.3539,4.4832,4.1913,4.4832,7479,0
20110201,4.3545,4.4471,4.3545,4.4471,565,0
20110202,4.3545,4.4471,4.3532,4.4471,4235,0
20110203,4.3532,4.5461,4.3532,4.5461,9363,0
20110204,4.4471,4.5336,4.3607,4.5336,9432,0
20110207,4.367,4.367,4.2248,4.3237,4978,0
20110208,4.3237,4.3237,4.2014,4.2187,3492,0
20110209,4.262,4.262,4.262,4.262,2028,0
20110211,4.2002,4.3607,4.2002,4.3607,3768,0
20110214,4.3607,4.3607,4.3484,4.3607,5232,0
20110215,4.3619,4.5077,4.3619,4.5077,16404,0
20110216,4.3619,4.5089,4.3619,4.5089,41411,0
20110217,4.5089,4.5954,4.5089,4.5954,3688,0
20110218,4.5089,4.5089,4.5089,4.5089,714,0
20110221,4.3607,4.3607,4.2371,4.2384,2990,0
20110222,4.262,4.262,4.2521,4.2521,1706,0
20110223,4.2557,4.2557,4.2557,4.2557,2403,0
20110224,4.4039,4.4039,4.4039,4.4039,570,0
20110228,4.2038,4.3237,4.2038,4.3237,709,0
20110301,4.2137,4.2137,4.2137,4.2137,403,0
20110302,4.3607,4.3607,4.2002,4.2002,3722,0
20110303,4.2002,4.3607,4.2002,4.262,3417,0
20110304,4.262,4.262,4.262,4.262,1999,0
20110310,4.2002,4.4102,4.2002,4.409,2414,0
20110311,4.3979,4.3979,4.3854,4.3952,1394,0
20110314,4.3965,4.3965,4.262,4.262,1383,0
20110315,4.2125,4.2606,4.2002,4.2002,3826,0
20110316,4.1384,4.1384,4.0889,4.1384,1198,0
20110317,4.1174,4.2002,4.0889,4.2002,1262,0
20110318,4.2002,4.2002,4.2002,4.2002,138,0
20110321,4.2002,4.2002,4.2002,4.2002,138,0
20110322,4.0766,4.0766,3.953,3.968,6695,0
20110323,3.9777,3.9777,3.9777,3.9777,2230,0
20110324,4.0395,4.0506,4.0148,4.0382,85691,0
20110325,3.968,3.968,3.968,3.968,1112,0
20110328,4.0148,4.0148,3.9666,3.9666,3907,0
20110329,4.0754,4.0766,4.0742,4.0766,3250,0
20110330,4.1174,4.2002,4.1174,4.2002,3428,0
20110331,4.0162,4.2003,4.0009,4.2003,1936,0
20110401,4.1372,4.1372,4.052,4.052,1348,0
20110404,4.0766,4.0766,4.0013,4.0013,2720,0
20110405,4.1372,4.1939,3.848,3.848,6955,0
20110406,3.848,3.848,3.8135,3.8135,55769,0
20110407,3.8123,3.8123,3.7677,3.7802,2656,0
20110408,3.8171,3.8171,3.7677,3.7677,2103,0
20110411,3.7061,3.8258,3.7061,3.7061,1930,0
20110412,3.7061,3.7061,3.7061,3.7061,236,0
20110414,3.7727,3.7727,3.6443,3.6443,2812,0
20110418,3.4947,3.6443,3.4947,3.6443,7070,0
20110419,3.6417,3.6689,3.6417,3.6689,6672,0
20110420,3.5096,3.5825,3.5096,3.5108,3123,0
20110421,3.5195,3.5268,3.5183,3.5207,5595,0
20110426,3.4947,3.4947,3.3366,3.3378,15240,0
20110427,3.3477,3.5207,3.3477,3.5207,7537,0
20110428,3.5342,3.6443,3.5342,3.6071,3284,0
20110504,3.5861,3.5861,3.4959,3.4959,3428,0
20110505,3.4959,3.4985,3.4959,3.4959,1596,0
20110506,3.4947,3.6182,3.4947,3.4947,1873,0
20110510,3.506,3.5084,3.3614,3.3984,3544,0
20110511,3.3959,3.3959,3.2118,3.2748,15033,0
20110512,3.2118,3.2861,3.2118,3.2861,3693,0
20110513,3.2736,3.5825,3.2736,3.5825,7329,0
20110516,3.6318,3.7047,3.5837,3.7035,5180,0
20110517,3.743,3.743,3.5825,3.5886,7335,0
20110518,3.5318,3.5318,3.5306,3.5306,1821,0
20110519,3.5306,3.5454,3.5306,3.5306,3313,0
20110520,3.5306,3.5306,3.4589,3.4589,4546,0
20110525,3.4577,3.4577,3.3774,3.3786,2743,0
20110527,3.386,3.4565,3.3848,3.3848,1821,0
20110530,3.2861,3.4058,3.2861,3.4058,1066,0
20110606,3.2861,3.2861,3.2736,3.2736,2432,0
20110607,3.2482,3.2494,3.2482,3.2482,4581,0
20110608,3.2494,3.2494,3.2114,3.2114,8216,0
20110609,3.1137,3.2,2.9716,3.2,15603,0
20110610,3.1068,3.1068,3.1068,3.1068,3797,0
20110613,2.9709,2.9771,2.819,2.9586,14145,0
20110614,2.8425,2.8598,2.8425,2.8475,10487,0
20110615,2.8301,2.8734,2.819,2.819,5462,0
20110616,2.7189,2.7189,2.7177,2.7177,10458,0
20110617,2.7189,2.7189,2.7189,2.7189,484,0
20110620,2.7177,2.7177,2.6684,2.6684,14727,0
20110621,2.6684,2.6856,2.6684,2.6856,3757,0
20110622,2.6868,2.6868,2.6868,2.6868,1216,0
20110627,2.6868,2.6868,2.6856,2.6856,3803,0
20110630,2.818,2.903,2.818,2.903,4731,0
20110701,2.9601,3.1073,2.9601,3.0884,14324,0
20110704,2.9652,3.1073,2.9652,2.9754,9265,0
20110705,2.9652,2.9652,2.7798,2.8407,12359,0
20110706,2.7798,2.7798,2.7659,2.7659,2841,0
20110713,2.691,2.691,2.691,2.691,2045,0
20110714,2.6656,2.6656,2.6656,2.6656,161,0
20110715,2.6656,2.6656,2.5894,2.5894,5301,0
20110718,2.5209,2.5209,2.5209,2.5209,236,0
20110719,2.5209,2.5209,2.5209,2.5209,1481,0
20110720,2.5158,2.5158,2.4181,2.4181,6494,0
20110721,2.3496,2.3496,2.2619,2.2619,7877,0
20110722,2.2874,2.2874,2.2836,2.2848,4333,0
20110725,2.3204,2.3204,2.2848,2.2848,3400,0
20110727,2.2531,2.2531,2.2125,2.2125,7531,0
20110728,2.1071,2.1071,1.9915,1.9929,52900,0
20110729,1.9915,2.1071,1.9915,2.0944,16041,0
20110801,2.0944,2.0944,1.9929,2.0309,92438,0
20110802,2.0424,2.0424,1.9471,1.9471,7917,0
20110803,1.9471,1.9471,1.8673,1.9471,3365,0
20110804,1.8659,1.8659,1.8546,1.8546,8447,0
20110805,1.777,1.8393,1.7137,1.777,9507,0
20110808,1.5232,1.7708,1.5232,1.7696,5670,0
20110809,1.6133,1.6133,1.4356,1.5359,9496,0
20110810,1.5867,1.777,1.5867,1.5867,25491,0
20110811,1.664,1.6692,1.6045,1.6628,36680,0
20110812,1.6628,1.7072,1.6628,1.7072,129378,0
20110816,1.7263,1.7263,1.6692,1.701,163275,0
20110817,1.7137,1.7137,1.701,1.7072,25836,0
20110818,1.6375,1.6628,1.5879,1.5879,61560,0
20110819,1.5867,1.5867,1.4915,1.4915,24229,0
20110822,1.5486,1.5867,1.5486,1.5651,25923,0
20110823,1.5689,1.6184,1.5689,1.5778,83421,0
20110826,1.5803,1.593,1.5803,1.5867,93965,0
20110829,1.5613,1.5943,1.5613,1.5867,83576,0
20110830,1.5867,1.5867,1.5486,1.5486,24517,0
20110831,1.5803,1.5803,1.4509,1.4902,70797,0
20110901,1.4598,1.5219,1.4534,1.5219,17096,0
20110902,1.4737,1.5169,1.4344,1.5169,51800,0
20110905,1.428,1.428,1.3823,1.4052,43468,0
20110906,1.4039,1.4978,1.3963,1.4978,18398,0
20110907,1.4788,1.6476,1.4788,1.6476,21855,0
20110908,1.6476,1.6743,1.5727,1.5727,18340,0
20110909,1.5981,1.5981,1.5981,1.5981,23,0
20110912,1.5232,1.5968,1.5232,1.5968,4707,0
20110913,1.5232,1.5232,1.5232,1.5232,4725,0
20110914,1.5232,1.5981,1.5232,1.5613,10014,0
20110915,1.4915,1.4915,1.4877,1.4877,8983,0
20110916,1.4598,1.4788,1.3354,1.3354,63542,0
20110919,1.2833,1.3354,1.282,1.3354,3999,0
20110920,1.282,1.282,1.282,1.282,5906,0
20110922,1.282,1.3341,1.282,1.3341,7410,0
20110923,1.2808,1.282,1.2808,1.282,6620,0
20110927,1.282,1.282,1.164,1.1678,99070,0
20110928,1.2186,1.2186,1.0155,1.0155,58622,0
20110929,1.0662,1.0662,0.9546,0.9838,104728,0
20110930,0.9825,1.0155,0.8885,0.9596,237840,0
20111003,0.9609,0.9609,0.938,0.952,27617,0
20111004,0.9393,0.9393,0.938,0.9393,3734,0
20111005,0.9139,1.0155,0.8885,1.0079,91332,0
20111006,1.0536,1.0536,0.9672,0.9964,80851,0
20111007,1.0091,1.0091,0.966,1.0015,21452,0
20111010,1.0015,1.0015,0.9888,0.9888,39982,0
20111011,0.9888,0.9888,0.9672,0.985,27444,0
20111012,0.9812,0.985,0.9419,0.9419,1752,0
20111013,0.9685,1.032,0.9672,1.032,414269,0
20111014,1.0383,1.2567,1.0383,1.1323,254947,0
20111017,1.1424,1.1995,1.1386,1.1386,55827,0
20111018,1.1462,1.1488,1.117,1.1488,19320,0
20111019,1.1259,1.1678,1.1246,1.1678,11910,0
20111020,1.1437,1.1678,1.1412,1.1627,36098,0
20111021,1.1995,1.2186,1.1932,1.2186,13402,0
20111024,1.3176,1.3176,1.2122,1.2643,38282,0
20111025,1.2693,1.2693,1.2122,1.2439,19251,0
20111026,1.2186,1.2693,1.2122,1.2693,16421,0
20111027,1.2693,1.2693,1.2186,1.2655,1700,0
20111028,1.2567,1.2693,1.1564,1.2084,53972,0
20111031,1.2084,1.2084,1.1526,1.2084,12400,0
20111102,1.1551,1.2046,1.1551,1.1995,79751,0
20111103,1.1983,1.1995,1.1983,1.1995,1994,0
20111104,1.1932,1.1995,1.1932,1.1995,9749,0
20111108,1.1932,1.2528,1.1703,1.2478,10441,0
20111109,1.2528,1.263,1.2008,1.263,9547,0
20111110,1.263,1.263,1.1995,1.2021,16381,0
20111114,1.2579,1.2592,1.2084,1.2084,17603,0
20111115,1.2008,1.2008,1.2008,1.2008,536,0
20111116,1.2592,1.2592,1.2567,1.2592,4177,0
20111117,1.2592,1.2947,1.2592,1.2947,12129,0
20111121,1.3328,1.3328,1.2059,1.2186,11679,0
20111123,1.2059,1.2059,1.1551,1.1551,171976,0
20111124,1.1678,1.1678,1.1564,1.1564,3832,0
20111125,1.1348,1.1488,1.1348,1.1424,123334,0
20111128,1.1424,1.1424,1.1348,1.1348,2558,0
20111129,1.1424,1.1424,1.1424,1.1424,17349,0
20111202,1.1348,1.1348,1.1348,1.1348,4725,0
20111205,1.1361,1.1424,1.1246,1.1246,19418,0
20111206,1.1716,1.1716,1.1716,1.1716,1573,0
20111207,1.1741,1.1741,1.1741,1.1741,2045,0
20111216,1.1424,1.1906,1.1424,1.1805,23820,0
20111221,1.1437,1.1932,1.1424,1.1932,3907,0
20111222,1.1437,1.2186,1.1424,1.2186,31362,0
20111223,1.2199,1.2439,1.1995,1.2186,42719,0
20111227,1.1995,1.1995,1.1995,1.1995,3872,0
20111228,1.1995,1.1995,1.1995,1.1995,922,0
20111229,1.1437,1.1957,1.1437,1.1462,9087,0
20111230,1.1426,1.1455,1.1426,1.1455,824,0
20120102,1.1615,1.1615,1.1615,1.1615,6459,0
20120103,1.1906,1.2046,1.1906,1.2046,15586,0
20120104,1.2033,1.2693,1.2033,1.2122,81191,0
20120105,1.1868,1.1868,1.1805,1.1805,9634,0
20120111,1.183,1.183,1.183,1.183,4414,0
20120113,1.2376,1.2947,1.2376,1.2947,7127,0
20120116,1.2935,1.2935,1.2693,1.2693,9974,0
20120117,1.2135,1.2681,1.2135,1.2681,5877,0
20120118,1.2148,1.2148,1.2148,1.2148,634,0
20120119,1.2681,1.3201,1.2681,1.3201,12740,0
20120120,1.3493,1.4724,1.3493,1.4598,25416,0
20120123,1.4598,1.5867,1.4534,1.5867,33805,0
20120124,1.5245,1.7643,1.5245,1.6121,24540,0
20120125,1.6171,1.7123,1.6045,1.6362,18542,0
20120126,1.6045,1.6501,1.5245,1.6501,46994,0
20120127,1.6501,1.6501,1.5867,1.5867,3158,0
20120130,1.5994,1.6501,1.5994,1.6501,14670,0
20120131,1.6498,1.6498,1.6051,1.6051,16381,0
20120201,1.593,1.593,1.593,1.593,2311,0
20120202,1.5994,1.5994,1.4445,1.593,17499,0
20120203,1.6121,1.6146,1.5867,1.5867,12037,0
20120206,1.574,1.7619,1.5524,1.7619,34110,0
20120207,1.7593,1.7593,1.6514,1.7402,10861,0
20120208,1.7302,1.8976,1.7302,1.8976,73994,0
20120209,1.8914,1.9929,1.7581,1.9421,71724,0
20120210,1.9396,1.9409,1.777,1.7834,42459,0
20120213,1.8228,1.8279,1.8025,1.8253,13241,0
20120214,1.8267,1.9193,1.8267,1.9041,16865,0
20120215,1.8914,1.9193,1.8914,1.9193,9743,0
20120216,1.9193,1.9865,1.9193,1.9853,21440,0
20120217,1.9865,1.9865,1.9053,1.9676,21745,0
20120220,1.9865,1.9865,1.9041,1.9155,22131,0
20120221,1.9167,1.9167,1.8634,1.8862,2875,0
20120222,1.8279,1.8735,1.8279,1.8532,10688,0
20120223,1.7937,1.8494,1.7911,1.8405,5624,0
20120224,1.8494,1.8494,1.8494,1.8494,104,0
20120228,1.8405,1.8876,1.8202,1.8876,8182,0
20120229,1.8291,1.9992,1.7911,1.9041,80793,0
20120301,1.9929,1.9929,1.9041,1.9929,8205,0
20120302,1.9485,2.0056,1.9294,2.0056,32336,0
20120305,2.0056,2.0056,1.9929,2.0056,6989,0
20120306,1.9992,2.0309,1.9485,1.9497,13978,0
20120307,1.9497,1.9497,1.9485,1.9497,1665,0
20120308,1.9509,1.9509,1.9509,1.9509,3382,0
20120309,1.9523,1.9523,1.9523,1.9523,69,0
20120312,1.9523,1.9738,1.9523,1.9738,363,0
20120313,1.9738,1.9738,1.9523,1.9523,3417,0
20120314,1.9523,1.9523,1.9523,1.9523,893,0
20120316,1.9523,1.9523,1.9523,1.9523,242,0
20120319,1.9738,1.9738,1.9523,1.9612,3123,0
20120320,1.9853,1.9877,1.9853,1.9877,801,0
20120321,1.9789,1.9802,1.8787,1.8787,10527,0
20120322,1.8482,1.9041,1.7378,1.777,29973,0
20120323,1.777,1.932,1.777,1.932,17015,0
20120326,1.9306,1.9306,1.9306,1.9306,2282,0
20120327,1.8405,1.9294,1.8405,1.9294,2783,0
20120329,1.8405,1.9865,1.8405,1.9865,35090,0
20120330,2.0849,2.0849,1.987,1.987,7802,0
20120402,1.9865,2.0691,1.9865,1.9865,14266,0
20120403,1.8926,1.9865,1.8926,1.9865,6932,0
20120404,1.9877,1.9877,1.9877,1.9877,576,0
20120405,2.0309,2.0309,1.9865,1.9865,9369,0
20120410,1.9915,1.9915,1.9865,1.9865,1596,0
20120411,1.9929,2.0691,1.9929,2.0691,21054,0
20120412,2.0691,2.0856,2.0691,2.0856,1521,0
20120413,2.1706,2.1706,2.0691,2.0691,2587,0
20120417,2.0703,2.1706,2.0703,2.1706,4287,0
20120418,2.158,2.1719,2.158,2.1719,2483,0
20120423,2.158,2.158,1.8279,1.8787,32883,0
20120424,1.8025,1.8723,1.7834,1.7834,17447,0
20120425,1.8659,1.8659,1.8659,1.8659,6,0
20120427,1.8711,1.8711,1.8711,1.8711,6,0
20120430,1.8286,1.9164,1.8286,1.9164,10031,0
20120507,1.8546,1.8546,1.8546,1.8546,1227,0
20120511,1.8532,1.8532,1.7657,1.7657,6741,0
20120514,1.6882,1.6882,1.607,1.607,36358,0
20120515,1.5321,1.5968,1.4509,1.5968,46942,0
20120516,1.4509,1.4851,1.3823,1.428,763867,0
20120517,1.4293,1.4293,1.3201,1.3823,25831,0
20120518,1.3201,1.3709,1.282,1.329,14117,0
20120521,1.2693,1.3328,1.2693,1.2808,7537,0
20120522,1.2808,1.3328,1.2275,1.2808,163863,0
20120523,1.2287,1.2287,1.2287,1.2287,1654,0
20120528,1.282,1.282,1.2287,1.2287,3388,0
20120530,1.282,1.282,1.282,1.282,398,0
20120604,1.2668,1.2668,1.2211,1.2668,432,0
20120605,1.2665,1.2665,1.2665,1.2665,196,0
20120606,1.2665,1.2824,1.2665,1.2824,1809,0
20120611,1.282,1.282,1.282,1.282,403,0
20120612,1.282,1.409,1.2211,1.2313,129309,0
20120613,1.2439,1.2439,1.2439,1.2439,2126,0
20120614,1.282,1.282,1.2567,1.2567,21901,0
20120619,1.2693,1.2693,1.2693,1.2693,7819,0
20120621,1.2973,1.3062,1.2439,1.2439,13333,0
20120625,1.2439,1.282,1.2439,1.282,1763,0
20120626,1.282,1.3049,1.2439,1.2439,94138,0
20120627,1.2325,1.2325,1.2313,1.2313,17533,0
20120628,1.2313,1.2439,1.2224,1.2439,48965,0
20120629,1.2435,1.2435,1.2248,1.2435,24269,0
20120702,1.2706,1.2706,1.2681,1.2693,3981,0
20120703,1.2449,1.2507,1.2449,1.2507,3670,0
20120704,1.2507,1.2824,1.2507,1.2824,44989,0
20120705,1.2824,1.2824,1.2593,1.2636,53015,0
20120709,1.2636,1.2824,1.2636,1.2809,23831,0
20120710,1.2824,1.2824,1.2709,1.2809,29017,0
20120711,1.2709,1.2795,1.2694,1.2795,12296,0
20120712,1.4121,1.4121,1.2766,1.2766,13690,0
20120713,1.2536,1.2536,1.2536,1.2536,8902,0
20120716,1.2161,1.232,1.2161,1.2161,9795,0
20120717,1.2161,1.2161,1.2161,1.2161,1262,0
20120718,1.1959,1.1959,1.1743,1.1743,10636,0
20120719,1.1743,1.1743,1.1743,1.1743,472,0
20120720,1.1743,1.1743,1.1729,1.1729,9069,0
20120723,1.1743,1.1743,1.1268,1.1743,29155,0
20120724,1.1743,1.1743,1.1743,1.1743,4805,0
20120725,1.1527,1.1527,1.1095,1.1455,35493,0
20120726,1.098,1.098,1.0922,1.0951,57907,0
20120727,1.0951,1.0951,1.0086,1.0086,72854,0
20120730,0.9956,1.0259,0.987,1.023,233605,0
20120731,1.0418,1.072,0.987,1.072,99767,0
20120801,1.0734,1.1441,1.0734,1.1441,45807,0
20120802,1.1498,1.1959,1.1455,1.1959,6511,0
20120803,1.1959,1.1959,1.1959,1.1959,761,0
20120806,1.1959,1.2017,1.1959,1.2017,6315,0
20120807,1.2017,1.2017,1.1815,1.1815,7946,0
20120808,1.1844,1.1844,1.1758,1.1758,15891,0
20120809,1.1815,1.2103,1.1527,1.2089,10066,0
20120810,1.1729,1.1729,1.1729,1.1729,69,0
20120816,1.1729,1.1729,1.1599,1.1599,24747,0
20120820,1.1599,1.1599,1.1599,1.1599,1400,0
20120822,1.1599,1.2031,1.1599,1.2017,3019,0
20120830,1.1527,1.1527,1.1469,1.1469,738,0
20120831,1.2031,1.2248,1.2031,1.2248,7496,0
20120903,1.1959,1.1959,1.0518,1.059,128398,0
20120904,1.0879,1.157,1.059,1.0879,20155,0
20120906,1.0677,1.0677,1.0662,1.0662,9092,0
20120907,1.059,1.059,1.059,1.059,21878,0
20120910,1.0662,1.0662,1.0518,1.0518,4235,0
20120911,1.0533,1.0533,1.0518,1.0518,14261,0
20120913,1.0518,1.0518,1.0518,1.0518,11800,0
20120914,1.0518,1.0518,1.0518,1.0518,5554,0
20120917,1.0259,1.072,1.0259,1.072,3227,0
20120919,1.072,1.0734,1.072,1.0734,8003,0
20120921,1.1023,1.1527,1.1023,1.1527,24033,0
20120924,1.1671,1.1671,1.1095,1.1095,19948,0
20120925,1.1642,1.1642,1.1642,1.1642,265,0
20120928,1.1311,1.1311,1.1095,1.1109,64453,0
20121001,1.1037,1.1037,1.1037,1.1037,691,0
20121002,1.1037,1.134,1.1037,1.134,20397,0
20121003,1.1527,1.1527,1.1527,1.1527,13529,0
20121005,1.1714,1.2248,1.1714,1.2248,7865,0
20121008,1.2248,1.2248,1.1758,1.1758,19648,0
20121010,1.1743,1.1743,1.1743,1.1743,6741,0
20121011,1.1196,1.1743,1.1196,1.1743,784,0
20121012,1.1196,1.1196,1.1167,1.1167,22489,0
20121016,1.1167,1.1484,1.1167,1.1484,8620,0
20121023,1.1484,1.1484,1.0951,1.0951,21204,0
20121024,1.0965,1.1441,1.0389,1.0389,28452,0
20121025,1.0576,1.0576,1.0576,1.0576,8827,0
20121026,1.1527,1.1527,1.1527,1.1527,63,0
20121030,1.0677,1.1167,1.0677,1.1167,1158,0
20121031,1.0691,1.1095,1.0662,1.1095,3970,0
20121106,1.0807,1.1181,1.0807,1.1181,10925,0
20121107,1.1095,1.1095,1.1095,1.1095,2518,0
20121109,1.0879,1.0879,1.0879,1.0879,3590,0
20121112,1.1023,1.1023,1.1023,1.1023,905,0
20121113,1.0879,1.0879,1.0879,1.0879,645,0
20121115,1.0677,1.0691,1.0662,1.0662,3434,0
20121116,1.0662,1.0662,1.0662,1.0662,6557,0
20121119,1.0792,1.1311,1.0792,1.1296,11921,0
20121120,1.1239,1.134,1.1239,1.134,12060,0
20121121,1.1023,1.1023,1.0951,1.0951,2351,0
20121122,1.1181,1.1484,1.1181,1.1484,3330,0
20121123,1.1527,1.1772,1.1527,1.1772,4350,0
20121127,1.206,1.206,1.2031,1.2031,2449,0
20121129,1.2002,1.2002,1.1988,1.1988,553,0
20121130,1.1988,1.1988,1.1988,1.1988,553,0
20121203,1.2233,1.2233,1.2233,1.2233,657,0
20121204,1.2103,1.2103,1.2103,1.2103,703,0
20121205,1.2132,1.2939,1.2132,1.2939,17453,0
20121206,1.2939,1.3501,1.2939,1.3501,1296,0
20121207,1.304,1.3544,1.2968,1.3544,145932,0
20121210,1.3544,1.3544,1.3472,1.3544,93562,0
20121211,1.34,1.34,1.3371,1.3371,7692,0
20121212,1.34,1.3904,1.3299,1.3904,91061,0
20121213,1.4063,1.4466,1.3904,1.3976,107483,0
20121214,1.4409,1.4409,1.4337,1.4409,12451,0
20121217,1.4553,1.4567,1.4121,1.4121,76178,0
20121218,1.3976,1.438,1.3703,1.3991,49823,0
20121219,1.389,1.4294,1.3832,1.3991,68152,0
20121220,1.3847,1.4265,1.3847,1.4265,1942,0
20121228,1.3832,1.3832,1.2853,1.2968,26090,0
20130102,1.3112,1.3962,1.2896,1.3904,46879,0
20130103,1.389,1.3904,1.389,1.3904,29247,0
20130104,1.353,1.3904,1.353,1.3904,11270,0
20130107,1.3415,1.3948,1.3415,1.3948,7289,0
20130108,1.4049,1.4077,1.3415,1.4063,85512,0
20130109,1.3991,1.3991,1.3991,1.3991,1389,0
20130111,1.3976,1.3976,1.3976,1.3976,3469,0
20130114,1.3962,1.4077,1.3962,1.4077,691,0
20130116,1.3976,1.3976,1.3976,1.3976,277,0
20130121,1.4077,1.4077,1.3976,1.3976,1861,0
20130122,1.376,1.3962,1.376,1.3962,380,0
20130124,1.3962,1.3962,1.3962,1.3962,2501,0
20130125,1.3962,1.3962,1.3962,1.3962,2524,0
20130128,1.3962,1.3962,1.3962,1.3962,2080,0
20130129,1.3962,1.3962,1.3962,1.3962,2080,0
20130130,1.3703,1.3703,1.3126,1.3126,6880,0
20130201,1.3112,1.3616,1.2982,1.3616,2138,0
20130204,1.3544,1.3544,1.3544,1.3544,691,0
20130205,1.3443,1.3443,1.3443,1.3443,1389,0
20130207,1.2982,1.2982,1.232,1.232,27525,0
20130208,1.2392,1.2536,1.2392,1.2536,6234,0
20130213,1.2853,1.2853,1.1815,1.1815,13091,0
20130219,1.1873,1.2406,1.1873,1.2406,12377,0
20130220,1.2997,1.3011,1.2997,1.2997,13396,0
20130221,1.3083,1.3112,1.2997,1.3112,25992,0
20130301,1.3083,1.3083,1.3069,1.3069,27761,0
20130304,1.3155,1.3155,1.3126,1.3141,48815,0
20130305,1.3141,1.3804,1.3141,1.3804,21959,0
20130306,1.3789,1.3789,1.3789,1.3789,801,0
20130308,1.3688,1.3804,1.3688,1.376,17505,0
20130311,1.376,1.4178,1.3688,1.4178,19608,0
20130312,1.4265,1.4985,1.4265,1.4971,25445,0
20130313,1.4495,1.4971,1.4495,1.4971,1999,0
20130314,1.4495,1.4971,1.4495,1.4956,5099,0
20130315,1.4582,1.4582,1.4582,1.4582,1043,0
20130318,1.4582,1.4582,1.4481,1.4481,23710,0
20130319,1.4409,1.4409,1.4409,1.4409,691,0
20130320,1.4409,1.4409,1.4409,1.4409,4857,0
20130325,1.4121,1.4121,1.4121,1.4121,5203,0
20130326,1.4409,1.4438,1.4409,1.4438,42298,0
20130327,1.3976,1.4265,1.3976,1.4265,1803,0
20130328,1.425,1.4668,1.425,1.4265,68377,0
20130402,1.4899,1.5417,1.4697,1.4697,13690,0
20130403,1.4697,1.4697,1.4697,1.4697,5554,0
20130404,1.4697,1.4841,1.4697,1.4697,31062,0
20130408,1.4063,1.4063,1.4049,1.4049,6937,0
20130409,1.4164,1.4164,1.4049,1.4049,8764,0
20130411,1.3847,1.451,1.3847,1.451,12734,0
20130412,1.5273,1.5273,1.5273,1.5273,691,0
20130415,1.4553,1.4553,1.4553,1.4553,5157,0
20130417,1.4567,1.536,1.4409,1.4409,17119,0
20130418,1.451,1.451,1.4265,1.4265,25341,0
20130419,1.4135,1.4366,1.4121,1.4207,29345,0
20130423,1.451,1.5259,1.4121,1.4121,32526,0
20130424,1.4394,1.4409,1.4394,1.4409,21446,0
20130425,1.4668,1.4668,1.425,1.425,20092,0
20130506,1.3832,1.3832,1.3832,1.3832,1734,0
20130509,1.3544,1.4063,1.3544,1.4063,7329,0
20130513,1.4063,1.4063,1.3976,1.3991,15344,0
20130514,1.3991,1.3991,1.3991,1.3991,5370,0
20130520,1.4654,1.4654,1.4654,1.4654,6,0
20130521,1.4654,1.4654,1.4654,1.4654,127,0
20130524,1.4265,1.4265,1.4265,1.4265,1043,0
20130527,1.4567,1.4567,1.4567,1.4567,23,0
20130528,1.4567,1.4567,1.3976,1.3976,887,0
20130529,1.385,1.4492,1.385,1.4492,668,0
20130531,1.4492,1.5585,1.4492,1.5568,35223,0
20130603,1.5562,1.6571,1.5562,1.6571,6332,0
20130604,1.6592,1.8588,1.6592,1.7893,331897,0
20130605,1.8397,1.8397,1.6852,1.7338,184260,0
20130606,1.7286,1.746,1.6852,1.7008,41468,0
20130607,1.6743,1.6916,1.6138,1.6528,95239,0
20130610,1.6672,1.7867,1.6672,1.7348,49414,0
20130611,1.7348,1.7362,1.6715,1.6859,45847,0
20130612,1.6859,1.7362,1.6859,1.7291,17251,0
20130613,1.6743,1.7262,1.6715,1.7262,13736,0
20130614,1.7232,1.7579,1.7147,1.7362,35724,0
20130617,1.7276,1.7982,1.7147,1.7982,43105,0
20130618,1.798,1.798,1.7286,1.7581,14722,0
20130619,1.7435,1.7867,1.7435,1.7506,7640,0
20130620,1.7435,1.7435,1.7147,1.7147,45646,0
20130621,1.6609,1.7008,1.5845,1.5845,77884,0
20130624,1.5706,1.7147,1.5706,1.6859,9830,0
20130625,1.6852,1.6852,1.6158,1.6175,2483,0
20130626,1.6181,1.6196,1.5706,1.5706,28135,0
20130627,1.585,1.585,1.5706,1.5706,13598,0
20130628,1.5706,1.6095,1.5605,1.6095,27934,0
20130701,1.6095,1.6095,1.5562,1.5562,8879,0
20130702,1.5568,1.6106,1.5412,1.5845,39244,0
20130703,1.6488,1.6505,1.5707,1.6418,38795,0
20130704,1.6626,1.7234,1.6626,1.7217,25508,0
20130705,1.7147,1.7147,1.6106,1.6574,22984,0
20130708,1.6088,1.6106,1.5412,1.6002,46573,0
20130709,1.5967,1.6002,1.5568,1.6002,58529,0
20130710,1.5845,1.7147,1.5845,1.6974,91493,0
20130711,1.7963,1.7963,1.614,1.6227,27064,0
20130712,1.6314,1.6574,1.588,1.6488,24454,0
20130715,1.6488,1.805,1.5984,1.7702,84815,0
20130716,1.7147,1.7147,1.5446,1.5446,35660,0
20130717,1.5446,1.6054,1.5446,1.6054,17643,0
20130718,1.5464,1.5464,1.5464,1.5464,582,0
20130719,1.5464,1.621,1.5464,1.5637,1999,0
20130722,1.4231,1.4231,1.1628,1.1975,37654,0
20130723,1.0413,1.0587,0.9372,0.9459,88169,0
20130724,0.9459,0.9979,0.9459,0.991,10348,0
20130725,1.0309,1.1264,1.0083,1.0083,32042,0
20130726,1.0413,1.0413,1.0292,1.0292,1608,0
20130729,1.0153,1.0934,0.9545,1.0361,33638,0
20130730,1.0361,1.0743,1.0066,1.0274,63807,0
20130731,1.0292,1.0396,0.991,1.0292,7289,0
20130801,1.0274,1.0274,1.0274,1.0274,14722,0
20130802,1.0274,1.0934,0.9979,1.0465,46637,0
20130805,1.0101,1.1281,1.0101,1.1246,38714,0
20130806,1.1281,1.1559,1.0587,1.0934,65801,0
20130807,1.0691,1.1368,1.0691,1.0917,22189,0
20130808,1.1107,1.1107,1.0621,1.1021,3584,0
20130809,1.0934,1.0934,1.0847,1.0847,749,0
20130812,1.0847,1.0847,1.0587,1.0812,19170,0
20130813,1.1281,1.1281,1.076,1.1107,32872,0
20130814,1.109,1.1125,1.0674,1.1125,28481,0
20130816,1.1125,1.1142,1.1125,1.1142,2506,0
20130819,1.1107,1.1281,1.1107,1.1281,4379,0
20130820,1.1229,1.1229,1.1229,1.1229,1498,0
20130821,1.1281,1.1281,1.1229,1.1229,2103,0
20130822,1.1212,1.1316,1.1212,1.1316,8216,0
20130826,1.1229,1.1368,1.0552,1.0569,16496,0
20130827,1.0917,1.0917,1.0153,1.0483,36565,0
20130828,1.05,1.0535,1.05,1.0535,8885,0
20130829,1.0743,1.1107,1.0743,1.1107,3624,0
20130902,1.0587,1.1107,1.0587,1.0587,8989,0
20130903,1.0153,1.0309,0.9164,1.0309,448380,0
20130904,1.0101,1.1003,0.9372,1.0587,751116,0
20130905,1.0726,1.1038,1.0552,1.0934,119214,0
20130906,1.0934,1.0934,1.0448,1.0448,691,0
20130909,1.0708,1.0708,1.0448,1.0448,9219,0
20130910,1.0552,1.0917,1.0413,1.0917,8672,0
20130911,1.0899,1.0899,1.0899,1.0899,58,0
20130912,1.0917,1.0917,1.0674,1.0674,16485,0
20130913,1.0691,1.0691,1.0621,1.0621,14606,0
20130916,1.0621,1.0621,1.0136,1.0413,980,0
20130917,1.0431,1.0621,1.024,1.0621,1193,0
20130918,1.0604,1.109,1.0604,1.109,17943,0
20130919,1.0934,1.109,1.0934,1.109,490,0
20130923,1.109,1.1559,1.109,1.1559,8608,0
20130924,1.1559,1.3884,1.1559,1.345,71661,0
20130925,1.3988,1.4891,1.3832,1.4579,33315,0
20130926,1.4579,1.4579,1.4058,1.4509,9369,0
20130927,1.4405,1.4405,1.3971,1.3971,10648,0
20130930,1.3936,1.3936,1.3277,1.3815,5347,0
20131001,1.3277,1.3815,1.3277,1.3277,13782,0
20131002,1.326,1.3607,1.2149,1.2322,36934,0
20131003,1.2739,1.2739,1.2739,1.2739,12,0
20131004,1.2392,1.2392,1.2322,1.2322,4684,0
20131007,1.2409,1.2409,1.2149,1.2149,1354,0
20131009,1.2149,1.2808,1.2149,1.2808,8856,0
20131010,1.2548,1.2583,1.2183,1.2183,6194,0
20131011,1.2201,1.2739,1.2201,1.2739,2610,0
20131014,1.2739,1.2739,1.2704,1.2739,1371,0
20131016,1.2236,1.2236,1.2201,1.2218,4811,0
20131017,1.2183,1.2739,1.2166,1.2739,8643,0
20131018,1.2739,1.2791,1.2288,1.2791,2305,0
20131021,1.2669,1.2669,1.2669,1.2669,2305,0
20131022,1.2652,1.2843,1.2652,1.2843,2213,0
20131023,1.2496,1.3103,1.2496,1.3103,1487,0
20131024,1.3103,1.3971,1.3103,1.3971,16375,0
20131025,1.4006,1.4717,1.4006,1.4231,22108,0
20131028,1.3884,1.4561,1.3884,1.4561,4206,0
20131029,1.4561,1.4561,1.3884,1.4561,1521,0
20131030,1.3884,1.5255,1.2617,1.2617,49858,0
20131031,1.3277,1.3711,1.3277,1.3711,2403,0
20131105,1.3936,1.3936,1.3884,1.3884,3688,0
20131107,1.3884,1.3884,1.3277,1.3884,11524,0
20131112,1.3815,1.3815,1.3815,1.3815,52,0
20131113,1.3815,1.3815,1.3815,1.3815,29,0
20131114,1.319,1.3884,1.2357,1.3884,25929,0
20131115,1.3884,1.3884,1.3884,1.3884,29,0
20131118,1.3884,1.3884,1.3884,1.3884,2518,0
20131119,1.3867,1.3867,1.3364,1.3624,5704,0
20131120,1.2999,1.3884,1.2999,1.3884,2599,0
20131122,1.345,1.3867,1.319,1.319,13356,0
20131125,1.3138,1.3572,1.2964,1.3572,3797,0
20131128,1.3555,1.3555,1.3555,1.3555,150,0
20131129,1.4058,1.805,1.4058,1.6835,405454,0
20131202,1.7702,1.7702,1.6679,1.7008,99456,0
20131203,1.6835,1.6835,1.5655,1.6279,47795,0
20131204,1.6054,1.6418,1.5672,1.6401,26505,0
20131205,1.6488,1.6991,1.6488,1.6488,27507,0
20131206,1.6227,1.6227,1.5759,1.6071,9795,0
20131209,1.5793,1.5793,1.562,1.562,8896,0
20131210,1.562,1.562,1.5446,1.562,3083,0
20131211,1.562,1.6956,1.562,1.588,26776,0
20131212,1.6002,1.6002,1.5967,1.5967,2017,0
20131213,1.5273,1.562,1.4613,1.5151,18709,0
20131217,1.4474,1.4474,1.3798,1.4457,4074,0
20131218,1.3798,1.3798,1.319,1.319,7583,0
20131220,1.3155,1.3884,1.2843,1.2843,22477,0
20131223,1.319,1.444,1.319,1.345,64787,0
20131227,1.3468,1.3468,1.3051,1.345,3296,0
20131230,1.3832,1.5203,1.3832,1.5064,44695,0
20140102,1.5117,1.5117,1.4405,1.4405,2985,0
20140103,1.5064,1.654,1.5064,1.5828,20582,0
20140107,1.5273,1.5273,1.5273,1.5273,58,0
20140108,1.4579,1.4579,1.3711,1.3728,34318,0
20140109,1.3711,1.3711,1.3711,1.3711,3169,0
20140110,1.3798,1.3867,1.3798,1.3798,2299,0
20140113,1.3867,1.3867,1.3798,1.3798,1867,0
20140114,1.3815,1.3815,1.3364,1.3364,15010,0
20140115,1.3867,1.3867,1.3867,1.3867,939,0
20140116,1.3867,1.3884,1.326,1.326,7652,0
20140117,1.385,1.4023,1.385,1.4023,2339,0
20140120,1.3659,1.3659,1.3017,1.3017,2126,0
20140121,1.3017,1.3017,1.3017,1.3017,15321,0
20140122,1.2687,1.2687,1.2062,1.2166,28349,0
20140123,1.2166,1.2166,1.2149,1.2166,3561,0
20140124,1.2131,1.2149,1.2131,1.2149,2881,0
20140127,1.1715,1.2149,1.1715,1.2149,3532,0
20140128,1.175,1.2288,1.175,1.1784,980,0
20140129,1.2288,1.2288,1.1906,1.2288,3918,0
20140130,1.1906,1.194,1.1559,1.1559,10867,0
20140203,1.175,1.175,1.0812,1.0812,18058,0
20140204,1.0882,1.1281,1.0882,1.1281,346,0
20140205,1.1281,1.2392,1.1281,1.2149,18450,0
20140206,1.2426,1.2426,1.2305,1.2305,2852,0
20140207,1.2305,1.2426,1.2305,1.2426,375,0
20140210,1.1836,1.1836,1.1264,1.1715,44597,0
20140211,1.1732,1.1975,1.1281,1.1281,35753,0
20140212,1.1281,1.1281,1.1281,1.1281,10487,0
20140213,1.1385,1.1385,1.1385,1.1385,2881,0
20140214,1.1385,1.1385,1.1385,1.1385,4022,0
20140217,1.1385,1.175,1.1281,1.1281,23503,0
20140218,1.1281,1.1281,1.1281,1.1281,2881,0
20140219,1.1021,1.1281,1.1021,1.1038,3739,0
20140220,1.1038,1.1281,1.1038,1.1281,1268,0
20140221,1.1281,1.1281,1.1281,1.1281,3273,0
20140224,1.1281,1.1281,1.1281,1.1281,2432,0
20140225,1.1281,1.1281,1.1021,1.1021,13443,0
20140226,1.1003,1.1003,1.05,1.0552,10475,0
20140228,1.0535,1.0535,1.0535,1.0535,576,0
20140303,1.0535,1.0535,1.0066,1.0066,14151,0
20140304,0.9632,0.9806,0.9372,0.965,76893,0
20140305,0.965,1.0309,0.9302,0.9302,39832,0
20140306,0.9372,0.9459,0.9302,0.9302,9075,0
20140307,0.9302,0.9459,0.9302,0.9459,2420,0
20140310,0.9459,0.9459,0.9198,0.9198,33915,0
20140311,0.9198,0.965,0.9198,0.965,45767,0
20140312,1.0153,1.0396,0.9528,0.9545,32970,0
20140313,0.9198,0.9216,0.9198,0.9198,1585,0
20140314,0.9285,0.9285,0.9025,0.9025,5324,0
20140317,0.9459,0.9459,0.925,0.925,10677,0
20140318,0.9198,0.9216,0.9164,0.9216,6183,0
20140319,0.9216,0.9233,0.9146,0.9146,6050,0
20140321,0.958,0.9823,0.958,0.9823,5393,0
20140324,0.9545,0.9545,0.9164,0.9164,13097,0
20140325,0.9164,0.9545,0.9164,0.9545,4794,0
20140326,0.9528,0.9823,0.9528,0.9823,7346,0
20140327,1.0066,1.0066,0.9025,0.9372,124134,0
20140328,0.9372,0.9372,0.9372,0.9372,17,0
20140331,0.9372,0.9372,0.8695,0.9181,41509,0
20140401,0.8886,0.9285,0.8886,0.9285,11737,0
20140402,0.9268,0.9285,0.8903,0.8903,5474,0
20140403,0.9268,0.9268,0.9268,0.9268,1152,0
20140404,0.9198,0.9285,0.8331,0.8678,118033,0
20140407,0.8678,0.8764,0.781,0.7983,1027751,0
20140408,0.7619,0.7983,0.6855,0.6855,353810,0
20140409,0.7029,0.7376,0.7029,0.7098,35557,0
20140410,0.715,0.755,0.6769,0.6821,170155,0
20140411,0.6786,0.6786,0.6161,0.6404,286655,0
20140414,0.6179,0.6179,0.5016,0.604,559158,0
20140415,0.604,0.6907,0.604,0.6387,268591,0
20140416,0.6803,0.6803,0.6109,0.6109,71822,0
20140417,0.6369,0.6387,0.6109,0.6369,31552,0
20140422,0.6387,0.6699,0.6387,0.6421,33724,0
20140423,0.6352,0.6578,0.6213,0.6213,28925,0
20140424,0.6231,0.6404,0.6109,0.6109,8170,0
20140425,0.6109,0.6404,0.6109,0.6335,7577,0
20140428,0.6335,0.6595,0.6335,0.6595,10435,0
20140429,0.6578,0.6612,0.6578,0.6612,31569,0
20140430,0.6612,0.6612,0.6474,0.6526,10158,0
20140502,0.6474,0.6595,0.6335,0.6474,8522,0
20140505,0.6335,0.6352,0.6317,0.6317,20253,0
20140506,0.6265,0.6265,0.6161,0.6265,1302,0
20140507,0.6161,0.6161,0.5814,0.5988,35240,0
20140508,0.5814,0.6022,0.5814,0.5988,29559,0
20140512,0.6022,0.6022,0.597,0.597,21348,0
20140513,0.5797,0.6022,0.5797,0.6022,15563,0
20140514,0.6022,0.6526,0.6022,0.63,2172,0
20140515,0.6161,0.6161,0.5918,0.5918,18490,0
20140516,0.5988,0.6005,0.5988,0.6005,8245,0
20140519,0.5918,0.5918,0.5849,0.5849,4275,0
20140520,0.5849,0.6074,0.5814,0.6074,16911,0
20140522,0.5849,0.6092,0.5814,0.6074,10118,0
20140523,0.6074,0.6074,0.5745,0.5814,52796,0
20140526,0.5831,0.5918,0.5831,0.5918,9968,0
20140527,0.5936,0.597,0.5693,0.5814,7790,0
20140528,0.571,0.571,0.5328,0.5554,39688,0
20140529,0.5536,0.6057,0.5519,0.5797,17194,0
20140530,0.5571,0.5797,0.5554,0.5797,4022,0
20140603,0.5797,0.5988,0.5606,0.5988,15027,0
20140604,0.5988,0.6057,0.5779,0.5779,12578,0
20140605,0.5797,0.5797,0.5779,0.5779,3515,0
20140606,0.5779,0.5779,0.5554,0.5554,8412,0
20140609,0.564,0.5814,0.5554,0.5554,1815,0
20140611,0.5814,0.5814,0.5797,0.5797,9450,0
20140612,0.5797,0.5797,0.5415,0.5415,16220,0
20140616,0.538,0.538,0.5293,0.5311,20829,0
20140617,0.5241,0.5293,0.5068,0.5068,3601,0
20140618,0.5311,0.5536,0.5276,0.5276,34341,0
20140620,0.5293,0.5293,0.5276,0.5276,20703,0
20140623,0.5276,0.5276,0.5259,0.5276,6338,0
20140624,0.5033,0.512,0.5033,0.512,8821,0
20140625,0.5033,0.5033,0.48074,0.5016,58374,0
20140626,0.48074,0.5033,0.48074,0.49116,13126,0
20140630,0.47033,0.47033,0.45992,0.45992,13673,0
20140701,0.45992,0.45992,0.40785,0.42521,92582,0
20140702,0.41826,0.41826,0.41653,0.41653,4656,0
20140703,0.41653,0.41826,0.41653,0.41826,27156,0
20140704,0.43041,0.43215,0.43041,0.43041,9392,0
20140707,0.43215,0.45992,0.43215,0.45992,35568,0
20140708,0.4495,0.4495,0.4495,0.4495,161,0
20140709,0.4495,0.4495,0.41653,0.42174,47132,0
20140710,0.42174,0.42347,0.41132,0.41132,10291,0
20140711,0.41132,0.42347,0.41132,0.42347,3745,0
20140714,0.42347,0.42347,0.40438,0.40438,3832,0
20140716,0.40438,0.40438,0.40438,0.40438,4955,0
20140717,0.40091,0.41479,0.39917,0.41479,7254,0
20140721,0.39917,0.39917,0.39917,0.39917,18899,0
20140722,0.39917,0.39917,0.38529,0.39917,7594,0
20140723,0.39917,0.39917,0.3905,0.3905,11628,0
20140725,0.3905,0.3905,0.38529,0.38529,2990,0
20140728,0.38182,0.38182,0.38182,0.38182,14918,0
20140729,0.38182,0.38182,0.38008,0.38008,9692,0
20140730,0.36446,0.36446,0.36446,0.36446,5762,0
20140731,0.36446,0.36446,0.36446,0.36446,4033,0
20140801,0.34711,0.34884,0.34711,0.34884,2420,0
20140805,0.35579,0.36446,0.34884,0.36446,9323,0
20140806,0.36446,0.36446,0.35752,0.35752,14405,0
20140808,0.35579,0.35579,0.34711,0.34711,47991,0
20140811,0.34711,0.34711,0.34711,0.34711,3630,0
20140812,0.34364,0.34364,0.33843,0.33843,19072,0
20140814,0.33322,0.33322,0.3124,0.32975,52612,0
20140818,0.30893,0.30893,0.29504,0.29504,2311,0
20140819,0.29504,0.29504,0.27769,0.27769,24615,0
20140820,0.28636,0.29504,0.28636,0.29504,61854,0
20140821,0.29504,0.32455,0.29504,0.32455,81658,0
20140822,0.3419,0.37488,0.3419,0.37488,57389,0
20140825,0.39223,0.4686,0.39223,0.4686,92830,0
20140826,0.49463,0.5918,0.49463,0.5398,233720,0
20140827,0.545,0.5883,0.44256,0.45471,89851,0
20140828,0.45818,0.45992,0.38008,0.38008,53073,0
20140829,0.37488,0.40438,0.37314,0.40438,95676,0
20140901,0.38529,0.40438,0.35579,0.35579,67506,0
20140902,0.35579,0.43388,0.35058,0.43388,129124,0
20140903,0.45298,0.4738,0.40959,0.45818,82009,0
20140904,0.45818,0.45818,0.43215,0.43215,3146,0
20140905,0.43041,0.43041,0.43041,0.43041,1256,0
20140908,0.43041,0.43041,0.43041,0.43041,2069,0
20140909,0.43215,0.43215,0.43041,0.43041,11749,0
20140910,0.41306,0.41306,0.41306,0.41306,3054,0
20140911,0.41306,0.41306,0.41306,0.41306,11708,0
20140912,0.40785,0.45124,0.40785,0.45124,35234,0
20140915,0.45124,0.45124,0.45124,0.45124,4610,0
20140917,0.44603,0.44603,0.44603,0.44603,300,0
20140918,0.44256,0.44256,0.42521,0.42521,1746,0
20140919,0.44603,0.46339,0.4443,0.4443,34940,0
20140922,0.4443,0.4443,0.42347,0.42347,403,0
20140923,0.42347,0.4443,0.42347,0.4443,6747,0
20140924,0.42347,0.42347,0.39917,0.39917,25715,0
20140925,0.41826,0.41826,0.39917,0.39917,15672,0
20140926,0.39917,0.41826,0.39917,0.41826,16053,0
20140929,0.41826,0.41826,0.41826,0.41826,5762,0
20140930,0.42694,0.42694,0.42694,0.42694,588,0
20141001,0.41132,0.42694,0.41132,0.42694,7490,0
20141002,0.40785,0.40785,0.40785,0.40785,17493,0
20141003,0.3905,0.3905,0.3905,0.3905,576,0
20141006,0.3905,0.3905,0.3905,0.3905,576,0
20141008,0.3905,0.3905,0.3905,0.3905,6338,0
20141009,0.38529,0.38529,0.38529,0.38529,720,0
20141010,0.40959,0.40959,0.38529,0.38529,432,0
20141013,0.38702,0.38702,0.38529,0.38529,3803,0
20141014,0.38529,0.40785,0.38529,0.40785,870,0
20141015,0.40612,0.40612,0.40612,0.40612,161,0
20141020,0.40612,0.40612,0.40612,0.40612,467,0
20141021,0.40612,0.40612,0.40612,0.40612,576,0
20141022,0.40785,0.40959,0.40785,0.40959,9795,0
20141024,0.3905,0.3905,0.38529,0.38529,26390,0
20141027,0.38702,0.38702,0.37835,0.37835,5762,0
20141028,0.37835,0.37835,0.37835,0.37835,2887,0
20141029,0.38529,0.38529,0.37488,0.37488,3400,0
20141030,0.37661,0.37661,0.37314,0.37314,2535,0
20141031,0.38182,0.40785,0.38182,0.40785,23048,0
20141103,0.38182,0.38182,0.38182,0.38182,346,0
20141104,0.39917,0.39917,0.39917,0.39917,2881,0
20141105,0.39917,0.39917,0.39917,0.39917,2754,0
20141110,0.39917,0.39917,0.39917,0.39917,1729,0
20141112,0.39917,0.39917,0.39917,0.39917,156,0
20141114,0.38355,0.38355,0.38182,0.38182,8245,0
20141117,0.38182,0.38182,0.38182,0.38182,1498,0
20141120,0.39917,0.39917,0.39917,0.39917,749,0
20141124,0.38355,0.38355,0.38355,0.38355,5318,0
20141125,0.38355,0.39744,0.38182,0.39744,830,0
20141201,0.38529,0.38529,0.35579,0.35752,27657,0
20141202,0.35579,0.35579,0.35579,0.35579,1440,0
20141203,0.37314,0.37314,0.37314,0.37314,1613,0
20141204,0.35752,0.35752,0.35752,0.35752,3054,0
20141205,0.35926,0.35926,0.35231,0.35231,37487,0
20141208,0.3714,0.3714,0.33669,0.33669,11887,0
20141212,0.32975,0.32975,0.3124,0.3124,8067,0
20141215,0.3124,0.3124,0.30372,0.30372,17107,0
20141216,0.29504,0.29504,0.29504,0.29504,5866,0
20141217,0.29504,0.29504,0.28463,0.28463,13719,0
20141218,0.29504,0.29504,0.27769,0.29504,19383,0
20141219,0.29504,0.29504,0.27769,0.27769,1175,0
20141222,0.28636,0.28636,0.28636,0.28636,2881,0
20141223,0.27769,0.27769,0.27769,0.27769,3371,0
20141229,0.27942,0.27942,0.27942,0.27942,5186,0
20141230,0.26554,0.26554,0.2638,0.2638,23607,0
20150102,0.2638,0.2638,0.2638,0.2638,25168,0
20150105,0.28116,0.29851,0.28116,0.29504,39319,0
20150107,0.29504,0.32107,0.28636,0.32107,47818,0
20150108,0.32107,0.35231,0.32107,0.33843,110508,0
20150109,0.3419,0.3419,0.3419,0.3419,6,0
20150112,0.33843,0.33843,0.32455,0.32455,8942,0
20150113,0.32455,0.33669,0.32107,0.33669,52814,0
20150115,0.32975,0.32975,0.32975,0.32975,2368,0
20150116,0.32975,0.32975,0.31934,0.32107,43854,0
20150119,0.32107,0.33843,0.32107,0.33843,1152,0
20150120,0.32107,0.32107,0.31066,0.31587,40650,0
20150121,0.31587,0.31587,0.31587,0.31587,4033,0
20150123,0.29851,0.29851,0.29851,0.29851,4552,0
20150126,0.29851,0.29851,0.29851,0.29851,25116,0
20150205,0.2881,0.2881,0.2881,0.2881,3457,0
20150209,0.3176,0.3176,0.30372,0.30545,23065,0
20150210,0.30545,0.32455,0.30545,0.3176,13466,0
20150211,0.3176,0.3176,0.3176,0.3176,196,0
20150212,0.28983,0.3124,0.28983,0.29504,15770,0
20150213,0.3124,0.3124,0.3124,0.3124,40,0
20150216,0.3124,0.3124,0.3124,0.3124,29,0
20150217,0.3124,0.3124,0.30719,0.3124,1792,0
20150219,0.30719,0.30719,0.30545,0.30545,1279,0
20150224,0.28983,0.29851,0.2881,0.29851,8839,0
20150225,0.29851,0.30545,0.29851,0.30545,5992,0
20150226,0.30545,0.32628,0.30545,0.32628,18761,0
20150227,0.32455,0.32455,0.32455,0.32455,1734,0
20150302,0.30198,0.32107,0.30198,0.3124,9640,0
20150303,0.31066,0.31066,0.30719,0.30893,9334,0
20150305,0.30545,0.30545,0.30545,0.30545,4610,0
20150306,0.30545,0.30545,0.30545,0.30545,34571,0
20150309,0.28983,0.30198,0.28983,0.30198,3930,0
20150310,0.30893,0.30893,0.30893,0.30893,11524,0
20150312,0.30893,0.30893,0.30893,0.30893,5382,0
20150313,0.30719,0.30719,0.30719,0.30719,35,0
20150316,0.30545,0.30719,0.30372,0.30719,12601,0
20150319,0.29678,0.3176,0.29678,0.3176,8067,0
20150323,0.29504,0.29504,0.28116,0.28116,16998,0
20150324,0.28289,0.28289,0.28289,0.28289,3002,0
20150325,0.28289,0.28289,0.28289,0.28289,3284,0
20150327,0.29504,0.29504,0.29504,0.29504,5220,0
20150330,0.30372,0.30372,0.30372,0.30372,8643,0
20150402,0.27942,0.27942,0.27942,0.27942,5762,0
20150407,0.26554,0.26554,0.26554,0.26554,9219,0
20150409,0.31587,0.31587,0.31587,0.31587,1181,0
20150413,0.28636,0.28636,0.28636,0.28636,4898,0
20150414,0.28636,0.28636,0.28636,0.28636,2489,0
20150416,0.28636,0.28636,0.28636,0.28636,1429,0
20150420,0.26554,0.26554,0.2638,0.2638,20046,0
20150421,0.2638,0.2638,0.2638,0.2638,4149,0
20150424,0.2638,0.2638,0.2638,0.2638,1152,0
20150427,0.2638,0.2638,0.2638,0.2638,11005,0
20150429,0.26033,0.26033,0.26033,0.26033,795,0
20150430,0.25686,0.25686,0.25686,0.25686,4938,0
20150505,0.25686,0.25686,0.25686,0.25686,4033,0
20150511,0.23083,0.23083,0.23083,0.23083,11524,0
20150514,0.2343,0.2343,0.2343,0.2343,5762,0
20150520,0.23777,0.23777,0.23777,0.23777,351,0
20150529,0.26033,0.26033,0.26033,0.26033,2754,0
20150602,0.27769,0.27769,0.27769,0.27769,4160,0
20150603,0.27769,0.27769,0.27769,0.27769,305,0
20150610,0.27769,0.27769,0.27769,0.27769,709,0
20150611,0.27769,0.27769,0.27769,0.27769,6534,0
20150612,0.29331,0.29331,0.29331,0.29331,11437,0
20150615,0.30372,0.30372,0.30372,0.30372,3405,0
20150616,0.30198,0.30198,0.30198,0.30198,334,0
20150617,0.24298,0.24298,0.24298,0.24298,2132,0
20150618,0.24645,0.24645,0.24645,0.24645,6327,0
20150623,0.25165,0.25165,0.25165,0.25165,576,0
20150625,0.27595,0.27595,0.27595,0.27595,11178,0
20150626,0.30198,0.30198,0.30198,0.30198,1141,0
20150701,0.30198,0.30198,0.30198,0.30198,605,0
20150708,0.25165,0.25165,0.24645,0.24645,3411,0
20150709,0.2395,0.2395,0.23777,0.23777,20553,0
20150713,0.2343,0.2343,0.2343,0.2343,5428,0
20150720,0.22388,0.22388,0.22041,0.22041,7490,0
20150721,0.21868,0.21868,0.21868,0.21868,2622,0
20150722,0.22041,0.22041,0.22041,0.22041,9231,0
20150724,0.19091,0.19091,0.19091,0.19091,2973,0
20150804,0.19959,0.19959,0.19959,0.19959,3013,0
20150806,0.20826,0.20826,0.20826,0.20826,5762,0
20150807,0.20826,0.20826,0.20826,0.20826,9288,0
20150810,0.20826,0.20826,0.20826,0.20826,23048,0
20150814,0.19091,0.19091,0.19091,0.19091,7934,0
20150817,0.20826,0.20826,0.20826,0.20826,5301,0
20150819,0.21694,0.21694,0.21694,0.21694,2881,0
20150820,0.21694,0.21694,0.21694,0.21694,4955,0
20150824,0.21694,0.21694,0.21694,0.21694,1331,0
20150825,0.20653,0.20653,0.20653,0.20653,5762,0
20150826,0.19091,0.19091,0.19091,0.19091,5641,0
20150828,0.19264,0.19264,0.19264,0.19264,864,0
20150831,0.19264,0.19264,0.19264,0.19264,1037,0
20150907,0.21694,0.21694,0.21694,0.21694,1729,0
20150908,0.20826,0.20826,0.20826,0.20826,6,0
20150911,0.21694,0.21868,0.21694,0.21868,9651,0
20150914,0.22388,0.22388,0.22388,0.22388,4177,0
20150918,0.22215,0.22215,0.22215,0.22215,46095,0
20150921,0.24992,0.24992,0.24992,0.24992,5762,0
20150923,0.26033,0.26033,0.26033,0.26033,5405,0
20150924,0.26033,0.26033,0.26033,0.26033,576,0
20150925,0.21694,0.21694,0.21694,0.21694,5405,0
20150928,0.21694,0.21694,0.21694,0.21694,29322,0
20150930,0.21694,0.21694,0.21694,0.21694,5606,0
20151001,0.21694,0.21694,0.21694,0.21694,2881,0
20151006,0.21694,0.21694,0.21694,0.21694,1325,0
20151015,0.21694,0.21694,0.21694,0.21694,6280,0
20151016,0.22562,0.22562,0.22562,0.22562,5606,0
20151022,0.24298,0.24298,0.24298,0.24298,86,0
20151028,0.30893,0.30893,0.30893,0.30893,57619,0
20151029,0.25686,0.25686,0.25686,0.25686,6626,0
20151103,0.27769,0.30545,0.27769,0.30545,1988,0
20151104,0.30545,0.30545,0.30545,0.30545,16681,0
20151105,0.30372,0.30372,0.30372,0.30372,1152,0
20151109,0.31413,0.31413,0.31413,0.31413,1152,0
20151116,0.30198,0.30198,0.30198,0.30198,576,0
20151201,0.30025,0.30025,0.30025,0.30025,11178,0
20151202,0.27769,0.31413,0.27769,0.31413,1440,0
20151208,0.26901,0.26901,0.26901,0.26901,6914,0
20151210,0.26901,0.26901,0.26901,0.26901,1152,0
20151215,0.26727,0.26727,0.26727,0.26727,1440,0
20151216,0.21868,0.21868,0.21868,0.21868,6914,0
20151217,0.21868,0.2638,0.21868,0.2638,11380,0
20151218,0.2638,0.2638,0.2638,0.2638,1613,0
20151221,0.26727,0.28983,0.26727,0.28983,2305,0
20151228,0.22562,0.22562,0.22041,0.22041,8470,0
20151230,0.22215,0.22215,0.22215,0.22215,4126,0
20160104,0.22215,0.24298,0.22215,0.24298,45415,0
20160105,0.26727,0.26727,0.26727,0.26727,980,0
20160107,0.28636,0.31934,0.28636,0.31934,2362,0
20160108,0.32107,0.32107,0.31934,0.31934,3572,0
20160111,0.3176,0.3176,0.3176,0.3176,288,0
20160201,0.31066,0.31066,0.31066,0.31066,144,0
20160204,0.31066,0.31066,0.31066,0.31066,576,0
20160301,0.26033,0.29678,0.26033,0.29678,3457,0
20160307,0.26207,0.26207,0.26207,0.26207,2881,0
20160308,0.2586,0.2586,0.2586,0.2586,5647,0
20160311,0.25512,0.25512,0.25512,0.25512,519,0
20160318,0.25686,0.25686,0.25686,0.25686,7790,0
20160322,0.29678,0.29678,0.29678,0.29678,173,0
20160323,0.24992,0.24992,0.24992,0.24992,5762,0
20160324,0.25165,0.25165,0.25165,0.25165,144,0
20160330,0.27595,0.29504,0.27595,0.29504,893,0
20160331,0.29157,0.29157,0.29157,0.29157,75,0
20160407,0.29157,0.29157,0.29157,0.29157,1268,0
20160408,0.25339,0.25339,0.25339,0.25339,1268,0
20160411,0.25512,0.25512,0.25512,0.25512,7853,0
20160412,0.28983,0.28983,0.28983,0.28983,86,0
20160413,0.24992,0.24992,0.24992,0.24992,1613,0
20160414,0.24992,0.24992,0.24992,0.24992,6914,0
20160415,0.26033,0.2881,0.26033,0.2881,15096,0
20160419,0.25339,0.25339,0.25165,0.25165,110513,0
20160420,0.25165,0.25165,0.24992,0.24992,35683,0
20160421,0.2343,0.2343,0.2343,0.2343,576,0
20160426,0.2343,0.27595,0.2343,0.27595,922,0
20160502,0.22388,0.22388,0.22388,0.22388,2305,0
20160510,0.27074,0.27074,0.27074,0.27074,4321,0
20160512,0.26554,0.26554,0.25686,0.25686,10464,0
20160513,0.26033,0.26033,0.26033,0.26033,5762,0
20160516,0.26033,0.26033,0.26033,0.26033,5140,0
20160517,0.26207,0.26207,0.26207,0.26207,29,0
20160601,0.20653,0.20653,0.20653,0.20653,5762,0
20160602,0.20653,0.22562,0.20653,0.22562,1821,0
20160606,0.22562,0.22562,0.22562,0.22562,4949,0
20160607,0.26033,0.26033,0.26033,0.26033,576,0
20160610,0.24298,0.24298,0.24298,0.24298,812,0
20160613,0.24298,0.24298,0.24298,0.24298,288,0
20160614,0.20653,0.20653,0.20653,0.20653,5762,0
20160615,0.20479,0.20479,0.20479,0.20479,11051,0
20160616,0.19438,0.21347,0.19438,0.21347,19590,0
20160617,0.21347,0.2343,0.21347,0.2343,12503,0
20160620,0.24298,0.24298,0.24124,0.24124,5359,0
20160621,0.25165,0.25165,0.25165,0.25165,1181,0
20160622,0.22736,0.24992,0.22736,0.24992,3140,0
20160630,0.19438,0.19438,0.19438,0.19438,5762,0
20160701,0.2343,0.2343,0.2343,0.2343,2357,0
20160705,0.19785,0.19785,0.19785,0.19785,2045,0
20160706,0.20479,0.20479,0.20479,0.20479,1383,0
20160712,0.24992,0.24992,0.24992,0.24992,1152,0
20160714,0.22388,0.22388,0.22388,0.22388,1383,0
20160715,0.22388,0.22388,0.22388,0.22388,5376,0
20160722,0.22388,0.22388,0.22388,0.22388,294,0
20160726,0.24298,0.24298,0.24298,0.24298,1498,0
20160727,0.24298,0.24298,0.24298,0.24298,778,0
20160729,0.24124,0.24124,0.24124,0.24124,2305,0
20160801,0.24124,0.24124,0.24124,0.24124,58,0
20160816,0.20479,0.20479,0.20479,0.20479,5647,0
20160817,0.20479,0.20479,0.20479,0.20479,686,0
20160819,0.23603,0.23603,0.23603,0.23603,928,0
20160822,0.22562,0.22562,0.22562,0.22562,58,0
20160823,0.21694,0.21694,0.21694,0.21694,1268,0
20160824,0.21694,0.21694,0.21694,0.21694,1613,0
20160825,0.2343,0.2343,0.2343,0.2343,576,0
20160826,0.2343,0.2343,0.2343,0.2343,576,0
20160831,0.24645,0.24645,0.24645,0.24645,33736,0
20160901,0.24645,0.24645,0.24645,0.24645,3561,0
20160902,0.24645,0.24645,0.24645,0.24645,2564,0
20160906,0.22909,0.25165,0.22909,0.25165,15557,0
20160907,0.26033,0.26033,0.26033,0.26033,1187,0
20160908,0.2586,0.2586,0.2586,0.2586,11120,0
20160909,0.25686,0.25686,0.25686,0.25686,5762,0
20160914,0.25339,0.25339,0.25339,0.25339,230,0
20160919,0.25339,0.25339,0.25339,0.25339,1152,0
20160926,0.25339,0.25339,0.25339,0.25339,1671,0
20160930,0.6265,0.6265,0.6265,0.6265,392374,0
20161003,0.7272,0.7272,0.722,0.722,424428,0
20161004,0.6907,0.6907,0.6838,0.6838,194712,0
20161005,0.6526,0.6526,0.6369,0.6369,156528,0
20161006,0.63,0.63,0.63,0.63,256295,0
20161007,0.69,0.69,0.69,0.69,68951,0
20161011,0.82,0.86,0.82,0.86,27050,0
20161012,0.96,1.05,0.96,1.05,21266,0
20161017,1.45,1.45,1.45,1.45,12410,0
20161018,1.45,1.45,1.34,1.34,21255,0
20161019,1.27,1.27,1,1,15068,0
20161020,1.1,1.2,1.1,1.2,6312,0
20161021,1.3,1.3,1.3,1.3,15407,0
20161024,1.37,1.4,1.37,1.4,21612,0
20161025,1.44,1.44,1.44,1.44,15855,0
20161026,1.44,1.44,1.35,1.35,4252,0
20161027,1.25,1.25,1.2,1.2,694,0
20161028,1.1,1.1,1.1,1.1,15739,0
20161031,1.2,1.21,1.2,1.21,1850,0
20161102,1.2,1.2,1.2,1.2,1949,0
20161103,1.2,1.2,1.18,1.18,5241,0
20161104,1.21,1.21,1.21,1.21,1680,0
20161107,1.18,1.23,1.18,1.23,3755,0
