Date,Open,High,Low,Close,Volume,OpenInt
20110616,37,38,29.6,29.62,16080,0
20110617,30,31.3,26.5,26.5,2010,0
20110620,27.01,27.65,25,25.1,2620,0
20110621,25,27.3,22.9,26.5,1620,0
20110622,26,26.5,24.9,26.5,4050,0
20110624,26.99,27.5,25.5,27.5,1790,0
20110627,26,26,24.2,26,470,0
20110628,25.1,27.2,24,27.2,1070,0
20110629,27.2,27.2,24.31,24.31,1560,0
20110630,24.6,27.1,24.6,26.5,150,0
20110701,26.4,27.19,25,26.1,460,0
20110704,26.1,26.1,26.1,26.1,40,0
20110705,26.3,26.55,26.3,26.55,60,0
20110706,26.55,27.19,26.55,27.19,40,0
20110707,26.55,27.5,26.2,27.5,4800,0
20110708,27.5,27.5,27,27.49,3210,0
20110711,27.5,27.5,26,27,180,0
20110712,27,27,27,27,121,0
20110713,26.8,26.8,25,25.6,265,0
20110714,25.9,26.2,25.85,26.2,1095,0
20110715,26,26,25,26,154,0
20110718,25.7,26,24.9,26,805,0
20110719,26,26,26,26,1479,0
20110720,26,26.6,26,26,130,0
20110721,25.9,25.9,25,25,200,0
20110722,24.55,24.55,24.55,24.55,125,0
20110725,24.71,24.71,24.71,24.71,50,0
20110726,24.7,24.99,24.7,24.99,65,0
20110727,25.25,27,25.25,25.5,1060,0
20110728,26.7,26.7,26.5,26.5,50,0
20110802,26.9,26.9,24.7,24.7,115,0
20110803,24.7,24.71,24.7,24.71,52,0
20110804,24.7,25.1,24.5,24.5,850,0
20110805,24.5,24.5,22.9,24.5,3026,0
20110808,24.5,25.35,24.5,24.51,1104,0
20110809,25,27,25,27,406,0
20110810,27,27,27,27,25,0
20110812,26.9,26.9,26.8,26.8,4,0
20110816,26.6,26.6,26.6,26.6,2,0
20110817,26.5,26.5,26.5,26.5,5,0
20110818,26.5,26.5,24.5,24.5,53,0
20110819,24.5,24.51,24.5,24.51,4,0
20110822,25,25,25,25,2,0
20110824,25,26,25,26,4,0
20110825,26,27,26,27,67,0
20110826,27,27,27,27,3,0
20110829,27,27,26.9,27,15,0
20110830,27,27,26.6,27,70,0
20110831,27,27,26.6,27,15,0
20110901,27,27,27,27,2,0
20110902,27,27,27,27,3,0
20110906,26.6,28,26.6,26.6,35,0
20110915,26.1,26.1,25,25,21,0
20110916,25.5,25.5,25.5,25.5,100,0
20110919,25,25,25,25,25,0
20110920,24.3,24.3,24.3,24.3,580,0
20110921,24.3,24.3,24,24,105,0
20110922,23.5,23.5,23.1,23.1,48,0
20110923,23.2,23.35,23.2,23.3,90,0
20110926,23.3,23.35,22.25,22.25,1010,0
20110928,22.2,22.2,20.79,20.79,935,0
20110929,20.81,21,20.81,21,15,0
20110930,21.2,24.2,21.2,24.2,220,0
20111003,24.2,24.2,23.5,23.5,15,0
20111004,23.8,24.2,18,18,1995,0
20111005,18.5,19.99,17.1,17.8,580,0
20111007,17.5,17.5,14,15,570,0
20111010,15,18,15,17,441,0
20111011,17.5,20,17.5,19,50,0
20111012,19,21.5,19,20.2,952,0
20111013,20,20.3,20,20.3,45,0
20111017,20.3,21,20.3,21,40,0
20111018,21,21,21,21,10,0
20111019,21,23,21,23,65,0
20111020,22.5,22.5,22.5,22.5,10,0
20111024,22.25,22.25,22.25,22.25,10,0
20111025,22,22,17.3,20,463,0
20111026,19.8,20,19.8,20,16,0
20111027,19.9,21,16,16,4065,0
20111028,17,20,17,20,83,0
20111031,20,20,20,20,5,0
20111102,20,20,20,20,5,0
20111103,20,20,20,20,5,0
20111104,20,20,20,20,5,0
20111107,20,20,20,20,5,0
20111109,20,20,20,20,5,0
20111110,19.95,19.95,19.95,19.95,5,0
20111114,19.9,19.9,19.9,19.9,5,0
20111115,19.9,19.9,19.5,19.5,10,0
20111116,19.4,19.4,19.4,19.4,5,0
20111121,19.3,19.3,19.3,19.3,5,0
20111122,19.3,22,17,22,627,0
20111123,22,22,18.5,18.5,170,0
20111124,18.5,18.5,18.5,18.5,10,0
20111125,18.5,18.5,18.5,18.5,10,0
20111128,18.5,18.5,18.5,18.5,10,0
20111129,18.5,18.5,18.5,18.5,10,0
20111130,18.5,19,18.5,19,1271,0
20111205,18.5,18.55,18.5,18.5,40,0
20111206,18.5,18.51,18.5,18.5,130,0
20111207,18.5,18.51,18.5,18.5,649,0
20111208,18.5,18.5,18.5,18.5,20,0
20111209,18.5,18.5,18.5,18.5,20,0
20111212,18.5,18.5,18.5,18.5,10,0
20111213,18.5,18.5,18.5,18.5,10,0
20111214,18.5,19.5,18.5,19.5,50,0
20111215,19.5,19.75,19.5,19.75,20,0
20111216,20,24,20,24,270,0
20111219,24,29,24,26,147,0
20111220,27,28,27,28,6,0
20111221,28,28,28,28,5,0
20111222,27.5,27.5,27.5,27.5,5,0
20111223,26.95,27,26.95,27,7605,0
20111227,27,27,23.5,23.5,80,0
20111228,25,27,25,27,2952,0
20111229,27,27,26.9,27,189,0
20111230,27,32,26.5,32,805,0
20120102,32,32,32,32,10,0
20120103,31.9,31.9,31.9,31.9,5,0
20120104,31.75,31.75,31.75,31.75,5,0
20120105,31.9,31.9,31.9,31.9,14,0
20120109,31.9,31.9,31.9,31.9,5,0
20120110,31.9,31.95,31.9,31.95,25,0
20120111,31.95,31.95,31.95,31.95,5,0
20120112,31,31,31,31,5,0
20120113,31,31,31,31,5,0
20120117,30.3,30.3,30,30,10,0
20120118,30,30,30,30,5,0
20120119,30,30,30,30,5,0
20120120,30,30,30,30,5,0
20120126,28.6,28.6,27,27,7,0
20120130,28.5,28.5,28.5,28.5,1,0
20120201,28,28,28,28,5,0
20120202,28,28,28,28,5,0
20120203,28,28,28,28,5,0
20120206,28,28,28,28,5,0
20120207,28,28.3,27.99,28.3,38,0
20120209,28.6,30,28.6,29,110,0
20120210,29,29,29,29,5,0
20120213,29,29,29,29,2,0
20120215,29.5,30,29.5,30,234,0
20120216,30,30,29.5,29.5,105,0
20120217,29.6,30,29.6,30,70,0
20120220,30,30,30,30,165,0
20120221,30,30,29,30,118,0
20120222,29.9,29.95,29,29,155,0
20120223,28.8,30,28.8,29.9,361,0
20120224,29.9,34,28.5,34,584,0
20120227,33.99,33.99,30,30,164,0
20120228,30,31.6,29.3,31.6,225,0
20120229,30.1,31.6,29,29.9,652,0
20120301,29.9,29.9,29.2,29.7,107,0
20120302,29.3,29.9,29.3,29.3,174,0
20120305,29.4,29.6,29.4,29.4,33,0
20120306,29.45,29.65,29.4,29.65,60,0
20120307,29.65,29.65,29.2,29.2,5,0
20120308,29.65,29.65,29.3,29.4,10,0
20120309,29.65,29.65,29.3,29.4,15,0
20120312,29.4,29.4,29.4,29.4,185,0
20120313,29.4,29.4,29.4,29.4,2,0
20120314,29.4,30,29.4,30,552,0
20120315,30,30,29.3,29.3,110,0
20120316,29.3,29.3,29.3,29.3,2,0
20120320,29.3,29.3,29.3,29.3,2,0
20120321,29.3,29.3,29.3,29.3,3,0
20120322,29.3,29.3,29.3,29.3,4,0
20120323,29.3,29.3,29.3,29.3,5,0
20120326,29.3,29.3,29.3,29.3,5,0
20120328,29.3,29.3,29,29,64030,0
20120329,29.3,29.3,29,29,10,0
20120330,29,29,29,29,10006,0
20120402,29,29,28.9,28.9,1080,0
20120404,29.3,30.5,29.3,29.75,640,0
20120405,29.75,30.5,28,30.5,405,0
20120410,30.5,30.7,29,30.7,618,0
20120411,29.9,31.5,29,31.5,1451,0
20120412,31.5,32.5,30,32.5,1324,0
20120413,32.5,34,31,33,816,0
20120416,32.8,34,31.25,34,530,0
20120417,33.7,34,31.5,34,250,0
20120418,32.5,34.4,30,34.4,1235,0
20120419,34.4,34.5,31,34.5,621,0
20120420,34.5,34.5,29.5,34.5,1345,0
20120423,34,34,29.6,33.5,300,0
20120424,31.5,34.9,31.5,34.9,1850,0
20120425,34,38.5,33.5,34,5038,0
20120426,34,34,30,34,90,0
20120427,34,34,30,34,825,0
20120430,33.99,34,29.6,34,1085,0
20120502,34,34,34,34,5,0
20120504,34,34,34,34,5,0
20120507,34,34,34,34,10,0
20120508,34,40,34,34,172,0
20120509,34,34,34,34,40,0
20120510,34,34,32.5,33.5,100,0
20120511,32,33.25,31.45,32.9,415,0
20120514,32.9,32.9,32.9,32.9,4,0
20120515,32.9,32.9,31.45,31.45,90,0
20120516,31.6,32.9,31.6,32.9,93,0
20120517,32.9,32.9,30.5,32.8,455,0
20120518,32.9,32.9,31.3,32,106,0
20120521,31,31,31,31,5,0
20120522,30.9,30.9,30.9,30.9,3,0
20120523,30.9,30.9,30.9,30.9,2,0
20120524,30.9,30.9,30.9,30.9,2,0
20120525,30.7,30.7,30.7,30.7,1,0
20120528,30,30,29,29,99,0
20120605,29.4,29.4,29.4,29.4,2,0
20120608,31,31,31,31,1000,0
20120611,31,31,29,29,94,0
20120612,29.3,29.3,29.3,29.3,2,0
20120615,29,29.7,29,29.7,1730,0
20120622,29.6,29.6,29.6,29.6,2,0
20120625,29.59,29.59,29.59,29.59,85,0
20120627,28.7,29.6,28.5,29.6,288,0
20120628,29.1,29.5,28.6,29.5,178,0
20120629,29.5,29.5,29.45,29.45,53,0
20120702,28.5,28.5,27.97,28.41,148,0
20120713,28.2,28.2,28.2,28.2,100,0
20120719,28.2,28.2,28.2,28.2,4,0
20120720,28.2,28.2,28.2,28.2,2,0
20120723,28.2,28.2,28.2,28.2,2,0
20120724,28.2,28.2,28.2,28.2,2,0
20120725,28.2,28.2,28.2,28.2,2,0
20120726,28.2,28.2,28.19,28.2,25,0
20120727,28.2,28.2,26.46,28,191,0
20120730,28.2,28.2,26.35,26.5,157,0
20120731,26.5,27.9,26.5,27.85,108,0
20120801,27.9,27.9,27.9,27.9,2,0
20120802,27.9,27.9,27.9,27.9,2,0
20120803,27.9,27.9,27.9,27.9,2,0
20120806,27.9,27.9,27.9,27.9,2,0
20120807,25.91,27.9,25.91,27.9,130,0
20120808,27.9,27.9,27.9,27.9,2,0
20120809,27.9,27.9,27.9,27.9,2,0
20120810,27.9,27.9,27.9,27.9,2,0
20120813,27.3,27.3,26.1,26.1,123,0
20120820,26.18,27.9,26.18,27.9,130,0
20120822,27.9,27.9,27.9,27.9,2,0
20120823,27.9,27.9,26.06,27.9,131,0
20120824,27.9,27.9,27.9,27.9,2,0
20120827,27.85,27.85,27.85,27.85,34000,0
20120828,27.9,27.9,26.06,26.06,63,0
20120829,26,27.9,25.99,27.9,96,0
20120831,27.9,27.9,27.9,27.9,1,0
20120903,26,26.5,25.99,26.5,540,0
20120904,26.5,26.5,26.5,26.5,1,0
20120905,26.5,26.5,26.5,26.5,1,0
20120906,26.5,26.5,26.5,26.5,1,0
20120907,26.5,26.5,26.49,26.5,230,0
20120910,26.5,26.5,25,25,25,0
20120919,25.1,26.5,25.1,26.5,180,0
20120920,26.5,26.5,26.5,26.5,1,0
20120921,26.5,26.5,26.5,26.5,1,0
20120924,26.5,26.5,26.5,26.5,1,0
20120925,26.5,26.5,26.5,26.5,1,0
20120926,26.5,26.5,26.5,26.5,1,0
20120927,26.5,26.5,26.5,26.5,1,0
20121001,27.5,27.5,27.5,27.5,58,0
20121002,27.5,27.5,27.5,27.5,1,0
20121003,27.5,27.5,27.5,27.5,1,0
20121004,27.5,27.5,27.5,27.5,2,0
20121005,27.5,27.5,27.5,27.5,1,0
20121008,27.5,27.5,27.5,27.5,1,0
20121009,27.5,27.5,27.5,27.5,1,0
20121010,27.5,27.5,27.5,27.5,1,0
20121011,27.5,27.5,27.5,27.5,1,0
20121012,27.5,27.5,27.5,27.5,1,0
20121015,27.5,27.5,27.5,27.5,1,0
20121016,27.5,27.5,27.5,27.5,1,0
20121017,27.5,27.5,26.48,26.48,98,0
20121024,26,26,26,26,5,0
20121025,26,26,26,26,1,0
20121026,26,26,26,26,1,0
20121029,26,26,26,26,1,0
20121030,26,26,24.76,25.5,41,0
20121031,25.8,26,25.8,26,107,0
20121102,26,26,26,26,1,0
20121105,26,26,25.55,25.55,3,0
20121106,25.55,25.55,25.55,25.55,1,0
20121107,25.55,25.55,24.46,24.46,109,0
20121108,24.46,24.46,24.46,24.46,1,0
20121109,24.46,24.46,24.46,24.46,1,0
20121112,24.46,24.46,24.46,24.46,1,0
20121113,24.46,24.46,24,24,11,0
20121114,24,24,23.7,23.7,5,0
20121115,23.7,23.7,23.7,23.7,1,0
20121116,23.7,23.7,22.85,22.85,111,0
20121119,22.7,23,22,23,164,0
20121123,23,25.05,23,25.05,1392,0
20121129,25.05,30,25.05,28,138,0
20121130,29,32,29,29.9,4163,0
20121203,29.9,30,29.5,29.5,255,0
20121204,29.5,29.5,29.5,29.5,5,0
20121205,29.5,29.5,29.5,29.5,1,0
20121206,29.5,29.5,27.9,27.9,8,0
20121210,27.65,27.65,27.3,27.3,95,0
20121211,26.9,26.9,26.9,26.9,1,0
20121212,26.9,26.9,26.9,26.9,1,0
20121213,26.9,26.9,26.9,26.9,1,0
20121214,26.9,26.9,26.9,26.9,1,0
20121217,26.9,26.9,26.9,26.9,1,0
20121218,26.9,26.9,26.9,26.9,1,0
20121219,26.9,26.9,26.9,26.9,1,0
20121220,26.9,26.9,26.9,26.9,1,0
20121221,26.9,26.9,26.9,26.9,1,0
20130103,26.5,26.5,26,26,5,0
20130104,25.9,25.9,25.9,25.9,1,0
20130107,25.9,25.9,25.9,25.9,1,0
20130108,25,25,25,25,6,0
20130109,25,25,25,25,1,0
20130110,25,25,25,25,1,0
20130111,25,25,25,25,1,0
20130114,25,25,25,25,1,0
20130115,25,25,25,25,1,0
20130116,25,25,25,25,1,0
20130117,25,25,25,25,1,0
20130118,25,25,25,25,1,0
20130121,25,25,24.99,25,155,0
20130122,25,25,25,25,1,0
20130123,25,25,24.99,24.99,5,0
20130124,25,25,25,25,1,0
20130125,25,25,25,25,1,0
20130128,25,25,23.95,25,88,0
20130129,25,25,25,25,1,0
20130130,25,25,24.99,25,53,0
20130131,25,25,25,25,1,0
20130201,25.1,30,25.1,30,121,0
20130204,30,30,29.99,30,17,0
20130205,29.5,29.5,29.5,29.5,1,0
20130206,29.5,29.5,29.5,29.5,27,0
20130207,29.5,29.5,29.5,29.5,1,0
20130208,29.5,29.5,28.11,28.11,93,0
20130211,28.15,28.15,28.15,28.15,1,0
20130212,27,27,27,27,1,0
20130213,27,27,27,27,1,0
20130214,27,27,27,27,1,0
20130215,27,27,27,27,1,0
20130218,27,27,27,27,1,0
20130219,27,27,27,27,1,0
20130220,27,27,27,27,1,0
20130221,27,27,25.71,26.99,71,0
20130222,27,27,27,27,2,0
20130225,27,27,27,27,1,0
20130226,27,27,27,27,1,0
20130227,27,27,25.7,27,752,0
20130228,25,27,24.99,27,1706,0
20130301,27,27,27,27,1,0
20130304,27,27,27,27,1,0
20130305,27,27,27,27,1,0
20130306,27,27,27,27,1,0
20130307,27,27,25.5,26.9,40202,0
20130308,27,27,25.81,26.9,401,0
20130311,27,27,27,27,1,0
20130312,27,27,27,27,1,0
20130313,27,27,27,27,1,0
20130314,27,27,27,27,1,0
20130315,27,27,27,27,1,0
20130318,26.95,26.95,26.95,26.95,1,0
20130319,26.95,26.95,26.95,26.95,1,0
20130320,26.95,26.95,26.95,26.95,1,0
20130321,26.95,26.95,26.95,26.95,1,0
20130322,26.95,26.95,26.95,26.95,1,0
20130325,27,27,27,27,1,0
20130326,27,27,27,27,1,0
20130327,27,27,27,27,1,0
20130328,27,27,27,27,1,0
20130402,27,27,25.85,27,171,0
20130403,27,27,25.5,26.8,216,0
20130404,27,27,27,27,1,0
20130405,27,27,27,27,1,0
20130408,26.8,26.8,25.8,26.8,221,0
20130409,27,27,27,27,2,0
20130410,27,27,27,27,1,0
20130411,27,27,27,27,1,0
20130412,27,27,27,27,2,0
20130415,26.99,26.99,26.99,26.99,1,0
20130417,26.99,28.6,26.75,28.6,2307,0
20130418,29,29,27.4,28.6,106,0
20130419,28.29,28.56,28.29,28.56,2,0
20130422,28.56,28.56,27.2,28.5,97,0
20130423,28.5,28.5,28.1,28.1,2,0
20130424,27.82,28,27.75,28,648,0
20130425,27.82,27.82,27.82,27.82,2,0
20130426,27.81,27.81,27,27,3,0
20130429,27,27,27,27,1,0
20130430,27,27,27,27,1,0
20130502,27,27,27,27,1,0
20130506,27,27,27,27,3,0
20130507,26.99,27.19,26.99,27.19,2,0
20130508,27.18,27.4,27.18,27.4,4,0
20130509,27.39,27.4,27.39,27.4,2,0
20130510,27.35,27.4,27.35,27.4,2,0
20130513,27.45,27.51,27.45,27.51,2,0
20130514,27.5,28,27.5,28,193,0
20130515,28,30,27.5,27.5,2469,0
20130516,27.5,27.5,27.5,27.5,1,0
20130517,27.5,27.5,27.1,27.1,2,0
20130520,27.09,27.3,27.09,27.3,3,0
20130521,27.3,27.5,26,27.5,200,0
20130522,27.5,27.5,27.5,27.5,1,0
20130523,27.5,27.5,27.5,27.5,1,0
20130524,27.5,27.5,27.5,27.5,1,0
20130527,27.4,28.6,27.4,28.6,152,0
20130528,27.45,29.99,27.45,29.6,431,0
20130529,29.8,29.8,28.5,28.77,92,0
20130531,28.5,28.5,27.93,28.5,117,0
20130603,28.45,28.45,28.45,28.45,5,0
20130604,28.5,28.5,28.5,28.5,1,0
20130605,28.49,28.49,28.49,28.49,1,0
20130606,28.49,28.49,27.3,28.49,97,0
20130607,27.51,28.5,27.51,28.5,94,0
20130610,28.5,28.5,28,28,2,0
20130611,28,28,26.65,28,103,0
20130612,28,28,26.65,27.9,197,0
20130613,27.93,28,27.93,28,2,0
20130614,28,28,28,28,1,0
20130617,27.93,27.99,26,27.71,436,0
20130618,27.7,27.7,25.8,27.09,161,0
20130619,27.45,27.99,26.64,27.99,1075,0
20130620,28,28,26.85,27.99,148,0
20130621,27.99,27.99,27.9,27.99,3,0
20130624,27.99,27.99,27.95,27.95,1383,0
20130625,27.99,27.99,27.92,27.99,7,0
20130626,27.99,27.99,27.91,27.99,41,0
20130627,27.99,27.99,27.94,27.96,512,0
20130628,27.99,27.99,27.99,27.99,1,0
20130701,27.99,27.99,26.68,27.6,567,0
20130702,27.6,27.6,26.7,27,98,0
20130703,27.2,27.6,27.2,27.6,62,0
20130704,27.58,27.58,27.58,27.58,6,0
20130705,27.57,27.58,27.57,27.58,2,0
20130708,27.58,27.58,27.58,27.58,2,0
20130709,27.58,27.7,27.58,27.7,4,0
20130710,27.7,27.7,27.7,27.7,3,0
20130711,27.7,27.7,27.7,27.7,3,0
20130712,27.7,27.7,27.7,27.7,2,0
20130715,27.8,27.8,27.45,27.8,5,0
20130716,27.8,27.8,26.2,27,770,0
20130717,27.1,27.1,27.1,27.1,1,0
20130718,27.1,27.1,26.4,27.1,118,0
20130719,27.1,27.1,27.1,27.1,2,0
20130722,27.1,27.1,27.1,27.1,1,0
20130723,26.99,26.99,26.99,26.99,1,0
20130724,26.99,26.99,26.99,26.99,2,0
20130725,27.02,27.02,27.02,27.02,1,0
20130726,27.02,27.02,27.02,27.02,1,0
20130729,26.99,26.99,26.04,26.5,311,0
20130730,26.5,26.5,26.5,26.5,1,0
20130731,26.55,26.6,26.55,26.6,2,0
20130801,26.81,27.05,26,27.05,654,0
20130802,27.15,28,26,28,794,0
20130805,28,28,26.74,27,142,0
20130806,27.15,27.81,26.73,26.73,137,0
20130807,26.85,28,26.85,28,276,0
20130808,28,28,27,28,814,0
20130809,27.9,28,27.08,28,92,0
20130812,28,28,27,28,160,0
20130813,27.75,27.75,27.05,27.72,50,0
20130814,27.7,28.8,27.25,28.1,398,0
20130816,28.14,28.25,27.45,28.25,161,0
20130819,27.72,28,27.72,28,6,0
20130820,27.72,28,27.72,28,3,0
20130821,28,28.17,27.7,28.17,7,0
20130822,28.17,28.4,27.37,27.95,177,0
20130823,27.95,29.8,27.3,29.79,458,0
20130826,29.8,29.8,28.45,29.3,256,0
20130827,28,28,27.8,27.97,16,0
20130828,27.9,27.9,27.5,27.5,11,0
20130829,27.7,27.7,27.7,27.7,1,0
20130830,27.5,27.5,27.5,27.5,15,0
20130902,27.49,27.8,27.49,27.8,3,0
20130903,27.8,27.8,27.8,27.8,1,0
20130904,27.8,27.9,27.8,27.9,2,0
20130905,27.9,27.9,26.92,27.9,233,0
20130906,27.3,27.9,27.29,27.9,123,0
20130909,27.9,27.9,27.7,27.89,3,0
20130910,27.89,27.89,27.15,27.15,13,0
20130911,27.3,27.85,27.3,27.85,7,0
20130912,27.85,27.87,27.7,27.87,8,0
20130913,27.87,27.87,27.87,27.87,1,0
20130916,27.87,27.87,27.11,27.5,246,0
20130917,27.65,27.9,27.6,27.6,8,0
20130918,27.55,27.55,27.55,27.55,2,0
20130919,27.78,28,27.5,27.99,158,0
20130920,27.99,27.99,27.99,27.99,1,0
20130923,27.98,27.98,27.98,27.98,1,0
20130924,27.98,27.98,27.73,27.73,2,0
20130925,27.5,27.55,27.5,27.55,1359,0
20130926,27.55,27.55,27.55,27.55,1,0
20130927,27.5,27.94,27.5,27.85,14,0
20130930,27.85,27.99,27.35,27.99,169,0
20131001,27.8,27.99,27.7,27.99,9,0
20131002,27.79,27.79,27.79,27.79,5,0
20131003,27.78,27.99,27.75,27.89,10,0
20131004,27.89,27.89,27.89,27.89,1,0
20131007,27.6,27.9,27.2,27.9,53,0
20131008,28,28,28,28,1,0
20131009,28,28,28,28,1,0
20131010,28,28,28,28,3,0
20131011,28,28,28,28,1,0
20131014,28,28,28,28,1,0
20131015,28,28,28,28,2,0
20131016,28,28,27.99,27.99,2,0
20131017,27.99,27.99,27.99,27.99,1,0
20131018,28,28,27.6,27.8,3641,0
20131021,27.8,27.8,27.5,27.5,3,0
20131022,27.5,27.5,27.5,27.5,3,0
20131023,27.5,27.5,27.4,27.49,4194,0
20131024,27.5,27.5,27.5,27.5,1,0
20131025,27.5,27.5,27.5,27.5,2,0
20131028,27.5,27.5,27.5,27.5,1,0
20131029,27.5,27.5,27.5,27.5,2,0
20131030,27.5,27.5,27.5,27.5,1,0
20131031,27.5,27.5,27.5,27.5,1,0
20131104,28,28.02,28,28.02,65,0
20131105,27.9,27.9,27.5,27.5,114,0
20131106,27.5,27.5,27.2,27.2,69,0
20131107,27.1,27.1,27.1,27.1,1,0
20131108,27.5,27.5,27.5,27.5,2,0
20131112,27.49,27.49,27.49,27.49,2,0
20131113,27.49,27.49,27.49,27.49,1,0
20131114,27.5,27.5,27.5,27.5,1,0
20131115,27.5,27.5,27.5,27.5,2,0
20131118,27.49,27.49,27.49,27.49,1,0
20131120,27,27,27,27,3501,0
20131121,27,27,27,27,1,0
20131122,27,27,27,27,1,0
20131125,27,27,27,27,5,0
20131127,27,27,25,26.8,785,0
20131128,27,27,22.3,27,128,0
20131129,27,27,27,27,1,0
20131202,26.99,26.99,26.99,26.99,500,0
20131203,26.98,26.98,26.98,26.98,505,0
20131209,26.98,26.98,26.98,26.98,1,0
20131212,26.98,26.98,26.98,26.98,1,0
20131213,26.6,26.98,26.6,26.98,6,0
20131216,26.98,26.98,26.98,26.98,1,0
20131218,26.85,26.98,25.58,26.81,24953,0
20131219,26.97,26.97,26.97,26.97,1,0
20131220,25.54,26.97,25.54,26.97,95,0
20131227,26.82,26.97,25.55,26.82,109,0
20131230,26.97,26.97,26.97,26.97,1,0
20140102,26.95,26.95,26.95,26.95,1000,0
20140107,27.5,27.5,27.5,27.5,1,0
20140108,26.9,26.9,26.9,26.9,5,0
20140109,26.9,26.9,26.9,26.9,1,0
20140113,26,26,26,26,2,0
20140114,26,26,26,26,2,0
20140115,25.99,25.99,24.21,25.25,146,0
20140116,26,26,26,26,1,0
20140122,25.5,25.5,25.5,25.5,1,0
20140124,25.5,25.5,25.5,25.5,3,0
20140127,25.49,25.49,23.72,25.48,68,0
20140128,24.96,24.96,24.96,24.96,82,0
20140129,25.5,25.5,25.5,25.5,1,0
20140130,25,25,25,25,3,0
20140131,25,25,25,25,1,0
20140203,24.9,24.9,24.9,24.9,1,0
20140204,24.75,24.75,24.75,24.75,1,0
20140206,24.75,24.75,24.75,24.75,1,0
20140207,24.75,24.75,24.75,24.75,9,0
20140210,24.75,24.75,24.75,24.75,3,0
20140211,24.75,24.75,24.75,24.75,4,0
20140212,24.75,24.75,24.75,24.75,2,0
20140213,24.75,24.75,24.75,24.75,2,0
20140217,24,24,22.8,22.8,67,0
20140218,24,24,24,24,1,0
20140219,24,24,24,24,2,0
20140220,24,24,24,24,2,0
20140221,24,24,24,24,1,0
20140224,24,24,24,24,2,0
20140225,24,24,24,24,3,0
20140226,24,24,22.23,22.23,51,0
20140227,22.5,22.5,20.02,22.35,83,0
20140228,22.05,22.35,20.02,22.35,18,0
20140303,22.35,22.35,22.35,22.35,2,0
20140304,22.35,22.35,22.35,22.35,2,0
20140305,22.35,22.35,22.35,22.35,2,0
20140306,22.35,22.35,22.35,22.35,2,0
20140307,22.35,22.35,22.35,22.35,2,0
20140310,22.35,22.35,22.35,22.35,1,0
20140311,22.35,22.35,22.35,22.35,4,0
20140312,22.35,22.35,22.35,22.35,1,0
20140313,22.35,22.35,22.35,22.35,3,0
20140314,22.35,22.35,22.35,22.35,2,0
20140317,22.35,22.35,22.35,22.35,2,0
20140318,22.35,22.35,22.35,22.35,2,0
20140319,22.35,22.35,22.35,22.35,2,0
20140320,22.35,22.35,22.35,22.35,3,0
20140321,22.34,22.5,22.34,22.5,51,0
20140324,22.5,22.5,21.5,22.5,2767,0
20140325,22.49,22.49,20.34,21.91,28,0
20140326,22.49,22.5,22.49,22.5,3,0
20140327,22.5,22.5,20.89,22.45,28,0
20140328,22.48,22.48,22.48,22.48,2,0
20140331,22.48,22.48,22.48,22.48,2,0
20140401,22.5,22.5,22.5,22.5,2,0
20140402,22.49,22.49,22.49,22.49,2,0
20140403,22.48,22.5,22.48,22.5,3,0
20140404,22,22.5,22,22.5,3,0
20140407,22.5,22.5,22.5,22.5,2,0
20140408,22.5,22.5,22.5,22.5,2,0
20140409,22.48,22.5,22.48,22.5,3,0
20140410,22.4,22.5,22.4,22.5,3,0
20140411,22.48,22.48,20.43,22,67,0
20140414,22.48,22.48,22.48,22.48,2,0
20140415,22.5,22.5,22.5,22.5,1,0
20140416,22.5,22.5,22.5,22.5,1,0
20140417,22.49,22.49,22.49,22.49,1,0
20140422,22.49,22.49,22.49,22.49,1,0
20140423,22.5,22.5,22.5,22.5,1,0
20140424,22.5,22.5,22.5,22.5,1,0
20140425,22.24,22.24,22.24,22.24,1,0
20140428,22.5,22.5,22.5,22.5,1,0
20140429,22.24,22.24,22.24,22.24,1,0
20140430,22.48,22.5,22.48,22.5,2,0
20140502,22.48,22.48,22.48,22.48,1,0
20140505,22.5,22.5,22.5,22.5,1,0
20140506,22.41,22.5,22.41,22.5,2,0
20140507,22.5,22.5,22.5,22.5,1,0
20140508,22.5,22.5,22.5,22.5,1,0
20140509,22.5,22.5,22.5,22.5,1,0
20140512,20.5,22.47,20.5,22.47,52,0
20140513,21.3,21.3,21.3,21.3,1,0
20140514,21.3,21.3,21.3,21.3,1,0
20140515,21.3,21.3,21.3,21.3,1,0
20140516,21.3,21.3,21.3,21.3,2,0
20140519,21.3,21.3,21.3,21.3,1,0
20140520,21.3,21.3,21.3,21.3,1,0
20140521,21.3,21.3,21.3,21.3,2,0
20140522,21.3,21.3,21.3,21.3,1,0
20140523,21.3,21.3,21.3,21.3,1,0
20140526,21.3,21.3,21.3,21.3,2,0
20140527,21.3,21.3,21.3,21.3,1,0
20140528,21.3,21.3,21.3,21.3,3,0
20140529,21.3,21.3,21.3,21.3,1,0
20140530,21.3,21.3,21.3,21.3,2,0
20140602,21.3,21.3,21.3,21.3,2,0
20140603,21.3,21.3,21.3,21.3,1,0
20140604,21.3,24.75,21.3,24.75,81,0
20140605,24.07,24.75,24.07,24.75,205,0
20140606,24.5,24.5,24.5,24.5,2,0
20140609,24.5,24.5,23.7,24.5,87,0
20140610,24.49,24.49,24.49,24.49,3,0
20140611,24.49,24.49,23.8,23.8,1107,0
20140612,24.49,24.49,24.49,24.49,2,0
20140613,24.49,24.49,24.49,24.49,2,0
20140616,24.49,24.49,24.49,24.49,2,0
20140617,24.49,24.5,24.49,24.5,48,0
20140618,24.5,24.75,24.5,24.75,133,0
20140620,24.75,24.75,22.95,24.73,113,0
20140623,24.75,24.75,24.75,24.75,2,0
20140624,24.75,24.75,23.37,24.75,106,0
20140625,24.75,24.75,24.75,24.75,2,0
20140626,24.75,24.75,24.75,24.75,1,0
20140627,17,17,17,17,2823,0
20140630,19.99,23.87,19.99,23.87,118,0
20140701,23.79,24.75,20.5,24.75,82,0
20140702,24.75,24.75,24.75,24.75,1,0
20140703,24.5,24.5,24.5,24.5,2,0
20140704,24.5,24.5,24.5,24.5,1,0
20140707,24.73,24.73,24.73,24.73,2,0
20140708,24.5,24.5,24.5,24.5,1,0
20140709,24.02,24.49,24.02,24.49,2,0
20140710,24,24,24,24,1,0
20140711,24,24,24,24,1,0
20140714,24.49,24.73,24.49,24.73,6,0
20140715,24.73,24.73,24.73,24.73,1,0
20140716,24.73,24.73,24.73,24.73,1,0
20140717,24.73,24.73,24.73,24.73,1,0
20140718,24.73,24.73,24.73,24.73,1,0
20140721,24.5,24.5,24.5,24.5,1,0
20140722,24.49,24.49,24.49,24.49,1,0
20140723,24.49,24.49,24.49,24.49,1,0
20140724,24.49,24.49,24.49,24.49,1,0
20140725,24.49,24.49,24.19,24.19,237,0
20140728,24.49,24.49,24.49,24.49,1,0
20140729,24.49,24.49,24.49,24.49,1,0
20140730,24.49,24.49,24.49,24.49,1,0
20140731,24.49,24.49,24.49,24.49,1,0
20140801,22.5,24.49,22.5,24.49,24,0
20140804,24.49,24.73,24.49,24.73,2,0
20140805,24.7,25,22.73,24.53,2429,0
20140806,25,25,25,25,1,0
20140807,24.99,24.99,24.99,24.99,1,0
20140808,24.9,25,24.7,24.89,872,0
20140811,25,25,25,25,1,0
20140812,25,25,25,25,1,0
20140813,24.9,25,24,24.92,203,0
20140814,24.92,25,24.92,25,2,0
20140818,24.98,24.98,24.98,24.98,1,0
20140819,25,25,23,24.52,222,0
20140820,24.51,24.51,24.51,24.51,13,0
20140821,23,24.5,23,24.5,2002,0
20140822,22.46,24.47,22.45,24.47,1260,0
20140825,22.45,24.47,22.45,24.47,501,0
20140826,22.45,24.15,22.4,24.15,722,0
20140827,22.4,24.1,22.2,23.29,4113,0
20140828,23.44,23.44,23.44,23.44,1,0
20140829,23.44,23.44,22,22,125,0
20140901,23.3,23.3,23.3,23.3,1,0
20140902,23.3,23.3,21,22.16,8163,0
20140903,22,23,22,23,438,0
20140904,23,25,23,25,419,0
20140905,24.98,24.98,24.98,24.98,2,0
20140908,24.98,24.98,24.98,24.98,1,0
20140909,24.49,24.49,22.9,24.3,388,0
20140910,24.97,24.98,24.79,24.79,58,0
20140911,24.98,24.98,24.98,24.98,1,0
20140912,24.98,24.98,24.98,24.98,1,0
20140915,24.98,24.98,24.98,24.98,1,0
20140916,24.98,24.98,24.98,24.98,1,0
20140917,24.98,24.98,24.98,24.98,1,0
20140918,24.98,24.98,24.98,24.98,1,0
20140919,24.97,24.97,24.97,24.97,151,0
20140922,24.96,24.96,24.96,24.96,1,0
20140923,22.48,24.96,22.48,24.96,69,0
20140924,24.96,24.97,24.96,24.97,51,0
20140926,24.91,24.92,24.91,24.92,55,0
20140929,24,24,24,24,2,0
20140930,24,24,24,24,1,0
20141001,24.92,24.92,22.62,24.92,69,0
20141002,24.92,24.92,24.92,24.92,1,0
20141003,25,26,25,25.99,95,0
20141006,25.98,25.98,25.98,25.98,1,0
20141007,25,25,23.5,25,67,0
20141008,24.99,24.99,24.99,24.99,1,0
20141009,24.99,24.99,24.99,24.99,1,0
20141013,24.99,24.99,24.99,24.99,1,0
20141014,24.99,24.99,24.99,24.99,1,0
20141015,24.99,24.99,24.99,24.99,1,0
20141016,24.99,24.99,24.99,24.99,1,0
20141020,24.99,24.99,24.99,24.99,1,0
20141021,24.99,24.99,24.99,24.99,45,0
20141022,24.99,24.99,24.99,24.99,1,0
20141028,24.98,24.98,23.6,23.6,5,0
20141030,24.98,24.98,24.98,24.98,1,0
20141031,23.75,24.98,23.75,24.98,7,0
20141104,24.97,24.97,24.97,24.97,1,0
20141105,24.97,24.97,22.5,24.97,352,0
20141106,24.97,24.97,24.97,24.97,1,0
20141107,24.97,24.97,24.97,24.97,51,0
20141110,24.97,24.97,24.97,24.97,1,0
20141112,24.97,24.98,24.5,24.5,613,0
20141113,24.32,24.32,24.32,24.32,63,0
20141117,24.98,26,23.99,23.99,1002,0
20141118,25.5,25.5,24,24,748,0
20141119,25.5,25.5,23.75,23.75,1765,0
20141120,25.49,25.49,25.49,25.49,50,0
20141121,25.49,25.49,25.49,25.49,1,0
20141124,25.49,25.49,25.49,25.49,1,0
20141125,25.4,25.4,25.4,25.4,1,0
20141126,25.4,25.4,25.4,25.4,1,0
20141127,24.47,24.47,24.42,24.47,324,0
20141128,24.46,24.46,24.45,24.45,2,0
20141201,25.48,25.48,24.45,24.45,6,0
20141202,25.48,25.48,25.48,25.48,1,0
20141203,24,24,23.7,23.7,491,0
20141204,23.9,23.9,23.72,23.9,67,0
20141205,23.7,23.7,23.7,23.7,201,0
20141208,23.7,23.7,23.6,23.7,67,0
20141209,23.7,23.7,23.7,23.7,1,0
20141210,21.9,22,21,21,547,0
20141211,22.6,22.6,19.5,20.49,880,0
20141212,20.49,20.49,18.2,18.2,2156,0
20141215,19,19,18,18,1602,0
20141216,19,19,18.69,18.87,114,0
20141217,19,19,17.61,19,63,0
20141218,22.8,22.8,18.5,20,1701,0
20141219,22.49,22.49,19.5,19.5,401,0
20141222,21,21,18.2,19,1117,0
20141223,19,19,18.5,19,992,0
20141229,19,19,18.5,18.5,1721,0
20141230,19,24,18.8,24,1904,0
20150102,23.99,23.99,21,23.97,20,0
20150105,23.39,23.39,22.42,22.42,76,0
20150107,26.9,26.9,22.12,22.12,216,0
20150108,23.3,23.5,23.3,23.5,51,0
20150109,23.5,23.5,20.19,23.5,178,0
20150112,23.5,23.5,23.5,23.5,1,0
20150113,23.5,23.5,20.64,23.5,75,0
20150114,23.5,23.5,20.5,20.5,285,0
20150115,22,22,22,22,1,0
20150116,21.49,21.49,18.03,21.49,12,0
20150119,21.49,21.49,21.49,21.49,1,0
20150120,21.5,21.5,21.49,21.5,111,0
20150121,21.5,21.5,20,20,215,0
20150122,21.5,21.5,21.5,21.5,1,0
20150123,21.5,21.5,21.5,21.5,1,0
20150126,21.5,21.5,21.5,21.5,2,0
20150127,21.5,21.5,21.5,21.5,1,0
20150128,21.5,21.5,21.5,21.5,2,0
20150129,21.5,21.5,21.5,21.5,1,0
20150130,21.5,21.5,21.5,21.5,2,0
20150202,25,25,25,25,1,0
20150203,21.9,21.9,21.41,21.9,111,0
20150204,21.9,21.9,21.9,21.9,1,0
20150205,21.9,21.9,21.9,21.9,1,0
20150206,21.9,25,21.9,24.2,2235,0
20150209,24.2,24.2,21.96,21.96,119,0
20150210,24.2,24.2,22.9,24.2,68,0
20150211,24.2,24.2,24.2,24.2,1,0
20150212,24.2,24.2,24.2,24.2,1,0
20150213,24,24,24,24,1,0
20150216,24.2,24.2,22.63,24.2,137,0
20150217,24.2,24.2,24.2,24.2,1,0
20150218,24.2,24.2,24.2,24.2,1,0
20150219,24.2,24.2,23.8,24.1,107,0
20150220,24.2,24.2,24.2,24.2,3,0
20150223,24.2,24.2,24.2,24.2,22,0
20150224,24.2,24.2,24.2,24.2,1,0
20150225,24.2,27.5,24.2,26,696,0
20150226,26.9,26.9,25,25,572,0
20150227,26.9,26.9,25.68,26,160,0
20150302,26.49,26.49,26.49,26.49,37,0
20150303,26.25,26.5,26.25,26.5,303,0
20150304,26.5,26.5,26.5,26.5,184,0
20150305,26.5,26.5,26.5,26.5,15,0
20150306,26.5,26.5,26.5,26.5,244,0
20150309,26.8,31.7,26.5,26.5,3032,0
20150310,26.6,26.6,26.6,26.6,1,0
20150311,26.5,26.5,26.5,26.5,52,0
20150312,25.5,26.5,25.5,26.45,897,0
20150313,26.44,26.44,26.44,26.44,140,0
20150316,26.44,26.44,25.2,25.2,48,0
20150317,26.3,26.3,26.3,26.3,1,0
20150318,26.3,26.3,26.3,26.3,1,0
20150319,26.3,26.44,26.3,26.44,201,0
20150320,26.55,28.98,26.2,28.98,2264,0
20150323,30.99,30.99,27.1,29.13,350,0
20150324,29,29,29,29,542,0
20150325,28.5,28.5,28.5,28.5,264,0
20150326,28.5,28.5,28.5,28.5,3,0
20150327,28.4,28.5,28.4,28.5,401,0
20150330,28.5,29,28.45,29,369,0
20150331,29,29,29,29,282,0
20150401,29,29,27.41,29,28744,0
20150402,30.99,31,28,31,60823,0
20150407,31,31,29.29,29.54,316,0
20150408,31,31,29.1,29.1,1551,0
20150409,31,36.76,29.33,34.92,4995,0
20150410,34.98,35.25,33,34.5,4016,0
20150413,36.4,36.4,34.5,34.5,5911,0
20150414,35.5,37.5,33.12,35,4236,0
20150415,37.97,37.97,37.97,37.97,30,0
20150416,37.97,37.97,35.98,35.98,3,0
20150417,37.97,37.97,37.82,37.85,18,0
20150420,37,37,35.74,35.74,95,0
20150421,37,37,36,36,549,0
20150422,36,36,35,35,37,0
20150423,36,36,35,35,1008,0
20150424,36,36,35,35.2,1179,0
20150427,36,36.7,35.68,35.68,2464,0
20150428,37,37,37,37,4,0
20150429,37,37,37,37,3,0
20150430,37,37,35.43,37,621,0
20150504,37,37,34.7,34.7,55,0
20150505,36.9,36.9,36.51,36.7,1221,0
20150506,37,37,37,37,1,0
20150507,37,37,37,37,1,0
20150508,37,39.5,36.7,36.7,1550,0
20150511,37.5,40,36.01,38.75,2957,0
20150513,38,38.05,38,38,1650,0
20150514,38.98,38.98,38.98,38.98,2,0
20150515,36.13,38,36.13,38,504,0
20150518,38,38,36.5,37,2728,0
20150519,37.5,37.5,37.5,37.5,7,0
20150520,37.54,37.99,36.5,37.99,10,0
20150521,37.5,37.5,37.5,37.5,1300,0
20150522,37.99,37.99,37.99,37.99,119,0
20150525,37.5,37.99,37.5,37.99,255,0
20150526,37.99,37.99,37.5,37.5,240,0
20150527,37.5,37.99,37.5,37.8,2194,0
20150528,37.98,37.98,37.8,37.8,187,0
20150529,37.8,37.8,37.8,37.8,818,0
20150601,37.95,37.95,37.6,37.6,48,0
20150602,37.5,37.95,37.5,37.9,479,0
20150603,37.5,37.89,37.5,37.89,132,0
20150605,37.89,37.89,37.8,37.8,483,0
20150608,37.8,37.8,37.5,37.5,52,0
20150609,37.8,37.8,37.79,37.79,166,0
20150610,37.79,38.64,37.77,38.64,3275,0
20150611,39.89,39.89,39,39.89,512,0
20150612,39.98,43,39.78,43,3314,0
20150615,43,43,39.99,40,5106,0
20150616,40,40,39.06,40,3064,0
20150617,39.99,39.99,39.3,39.99,314,0
20150618,39.99,39.99,39.3,39.99,294,0
20150623,39.37,39.99,37.63,39.99,153,0
20150624,39.99,44.99,37.02,40,20863,0
20150625,39.8,41.75,39,41.14,21757,0
20150626,41,41,41,41,100,0
20150629,40,40,40,40,136,0
20150630,39.99,41,38.4,41,3703,0
20150701,40,41,40,40.5,1984,0
20150702,39.99,43.88,38.6,41.6,1138,0
20150703,44.92,44.95,42.14,44.89,157,0
20150706,44.88,44.88,43.93,44.42,4,0
20150707,44.4,44.4,41.8,42.8,976,0
20150708,44.32,44.32,40.01,41.9,457,0
20150709,42.1,42.1,40.05,40.05,479,0
20150710,40.05,41,40.05,40.07,11,0
20150713,41,41,40.2,41,991,0
20150714,41,41,40.75,41,2937,0
20150715,41,41,40.51,41,477,0
20150716,41.2,41.2,39,39.87,2076,0
20150717,40.9,40.9,39.76,39.76,190,0
20150720,39.5,39.5,39,39,908,0
20150721,39,39,39,39,30,0
20150722,37.8,39.95,37.8,39.95,4,0
20150723,39.9,39.9,38,38,14,0
20150724,39.95,39.95,37.8,37.8,2,0
20150727,38,39,38,39,51,0
20150728,38.5,39.95,38.5,39.95,65,0
20150729,38.6,40,38.6,38.61,254,0
20150730,38.65,39.9,38.65,39.9,124,0
20150803,39.9,39.9,38.71,39,565,0
20150804,38.75,38.75,38.5,38.5,26203,0
20150805,38.2,38.2,36.55,36.55,70,0
20150806,36.61,36.61,36.61,36.61,100,0
20150807,36.42,36.42,36.42,36.42,1,0
20150810,36.51,36.7,36.51,36.6,151,0
20150811,36.51,38.2,36.51,38.2,106,0
20150813,36.6,38.2,36.6,38.2,13,0
20150814,36.7,38,36.04,38,351,0
20150817,36.1,38,36.1,38,51,0
20150819,40,40,40,40,5,0
20150821,39,39,35.1,35.31,1613,0
20150824,35.11,35.3,34.01,34.01,550,0
20150825,34.15,35.99,34.15,35.99,104,0
20150827,34.9,35.8,34.9,35.8,101,0
20150828,35.9,35.9,35.88,35.89,160,0
20150831,35.98,39,35.98,39,470,0
20150901,38.3,38.3,38.3,38.3,194,0
20150904,34.5,37.85,34.5,37.85,189,0
20150907,37.85,37.85,37.85,37.85,12,0
20150909,37.8,37.8,37.8,37.8,140,0
20150910,36,37.8,36,37.8,215,0
20150911,37.5,37.5,37.5,37.5,280,0
20150914,37.5,37.5,37.5,37.5,20,0
20150916,33.5,35.99,33.5,35.99,218,0
20150917,33.79,36.37,33.79,36.37,249,0
20150921,35.06,35.5,35,35.1,504,0
20150922,35.5,35.5,34,34.1,113,0
20150924,35,35.5,35,35.5,25,0
20150925,35.41,35.5,35.41,35.5,254,0
20150929,34,35,34,35,200,0
20150930,34,34.99,34,34.99,1035,0
20151001,33,35,33,35,204,0
20151002,32.5,32.5,32.5,32.5,45,0
20151005,33.5,34,33.5,34,91,0
20151009,32.5,34.5,30.01,34.5,504,0
20151012,35,35,35,35,208,0
20151013,34,34,31.2,31.2,903,0
20151014,33.2,33.2,33.2,33.2,50,0
20151015,31.01,31.01,31.01,31.01,1,0
20151016,31.2,34.4,31.01,34.4,44,0
20151020,31.34,34.2,31.34,32,53,0
20151021,34,34,34,34,59,0
20151023,32.4,32.4,32.4,32.4,1,0
20151026,32,32,30.21,32,258,0
20151027,34,34,34,34,40,0
20151029,31,32.01,31,32.01,535,0
20151030,32.8,32.8,32.8,32.8,44,0
20151102,32,32,32,32,30,0
20151103,31,31,31,31,125,0
20151104,30.9,31.99,30.9,31.8,359,0
20151105,32,32.79,32,32.79,100,0
20151106,31.5,31.5,30.09,30.1,607,0
20151109,30.09,32.1,27.5,32.1,131,0
20151112,30,31.95,28.2,31.95,81,0
20151113,31.95,32.37,31.95,32.2,70,0
20151116,29.51,30.07,29.5,29.5,83,0
20151117,28.99,28.99,27.18,27.8,612,0
20151118,27.8,29,27.7,29,89,0
20151119,26.1,28.71,26.1,28.71,231,0
20151120,26.7,26.7,24.75,25.5,1000,0
20151124,28,28,25.6,25.6,41,0
20151125,25.6,26,25,26,128,0
20151126,25.11,27,25.11,27,1600,0
20151127,25.1,28.99,25.1,28.99,1112,0
20151130,28,30,28,29.98,1850,0
20151201,30,30,28.6,29.5,1447,0
20151202,30,30,29.5,29.5,2,0
20151203,29.95,29.95,28.61,29.95,111,0
20151204,30,30,27.1,27.1,2125,0
20151207,27.1,27.95,27.1,27.95,71,0
20151208,27.95,30,27.9,30,7,0
20151209,30,30,27,27,482,0
20151210,27,28,26.7,28,673,0
20151211,29.96,29.96,28,28,6,0
20151214,27.8,27.8,27.1,27.8,52,0
20151215,27.09,28,27.09,28,65,0
20151216,29.96,29.96,28.44,29.9,2097,0
20151217,29.95,29.95,29,29.9,8,0
20151218,29.95,29.96,29.9,29.9,55,0
20151221,29.96,29.96,29,29,984,0
20151222,29.8,29.8,27.5,29.79,599,0
20151223,29.94,29.94,28.44,29.79,107,0
20151228,28,30,28,29.99,2106,0
20151229,30,31,29.01,29.52,3492,0
20151230,29.52,29.52,29.51,29.52,3879,0
20160104,30.09,30.49,29,30.38,261,0
20160105,30.37,30.37,30.35,30.35,17,0
20160107,30.35,30.35,30.35,30.35,2,0
20160108,30.43,30.43,30.37,30.43,3,0
20160111,30.43,30.43,28.58,29,969,0
20160112,29,29,28.5,29,282,0
20160113,30,30,28,29.35,500,0
20160114,30.43,30.43,29,29,2,0
20160115,29,29.39,28,28,583,0
20160118,28,28,28,28,7,0
20160119,28,28,26,28,506,0
20160120,28,28,28,28,2,0
20160121,28,28,26,26,399,0
20160122,27.29,27.29,25.78,27.29,811,0
20160125,28,28,27.99,27.99,2,0
20160126,28,28,28,28,2,0
20160127,28,28,28,28,1,0
20160128,28,28,28,28,2,0
20160129,28,28,25.5,25.5,263,0
20160201,26.1,26.35,26,26,94,0
20160202,28,28,26.35,26.35,3,0
20160203,28,28,26.35,27.99,185,0
20160204,28,28,28,28,4,0
20160205,28,28,28,28,2,0
20160208,28,28,28,28,1,0
20160209,25,26.5,25,25.49,393,0
20160210,25.6,25.79,24.7,25.79,485,0
20160211,25.79,28,25,28,752,0
20160212,29.78,29.78,28.49,28.49,3,0
20160215,28.49,29.89,28.49,29.89,2,0
20160216,29.88,29.88,28.99,28.99,171,0
20160217,29.99,29.99,29.7,29.7,2,0
20160218,29.99,29.99,28.13,29.99,21,0
20160219,29.99,29.99,26.8,27.4,401,0
20160222,27.4,27.49,27.4,27.49,2,0
20160223,27.49,27.49,27.49,27.49,2,0
20160224,27.49,27.49,26.07,27.45,602,0
20160225,27.44,27.44,25.01,26,268,0
20160226,27.44,27.44,25,26.23,1133,0
20160229,26.23,26.23,26.23,26.23,2,0
20160301,26.23,26.23,25.05,25.05,76,0
20160302,27,27,27,27,3,0
20160303,27,27,26.25,26.25,2,0
20160304,27,27,25,25.98,489,0
20160307,25.98,25.98,24.02,25.6,412,0
20160308,25.59,25.59,25.19,25.19,3,0
20160309,25.19,25.19,24.01,25.14,57,0
20160310,25.14,25.15,25.14,25.15,57,0
20160311,25.15,25.15,25.15,25.15,5,0
20160314,25.15,25.49,24,25.49,317,0
20160315,25.47,25.47,25.19,25.19,106,0
20160316,25.19,25.19,24.01,25.19,102,0
20160317,25.19,25.19,25.19,25.19,2,0
20160318,25.19,25.19,25.19,25.19,2,0
20160321,25.19,25.19,24.4,25.19,12,0
20160322,25.19,25.19,23,23.05,4140,0
20160323,23.59,23.59,22.01,22.07,335,0
20160324,23.58,23.58,22.01,22.93,517,0
20160329,23,23,22.02,22.92,159,0
20160330,22.55,22.92,21.65,22.89,534,0
20160331,22.89,22.89,20.93,21.64,1444,0
20160401,21.62,21.62,20.05,20.97,1088,0
20160404,21.44,21.44,20.99,21,290,0
20160405,21.44,21.44,19.3,20.54,1268,0
20160406,20.75,20.75,20,20,798,0
20160407,20.5,20.5,18.95,19.65,2042,0
20160408,19.65,20.37,18.5,19.46,1026,0
20160411,18.7,19.46,18.7,19.44,380,0
20160412,19.44,19.44,19.44,19.44,1207,0
20160413,19.45,19.45,19.43,19.43,432,0
20160414,19.45,19.45,19.41,19.41,923,0
20160415,19.43,19.45,19.43,19.45,3,0
20160418,19.45,19.45,18.99,19.43,1112,0
20160419,19.38,19.38,19.36,19.36,51,0
20160420,19.45,19.45,19,19.3,3603,0
20160421,19.3,19.3,19.3,19.3,2,0
20160422,19.29,19.29,19.29,19.29,2,0
20160425,19.29,19.29,18.51,19.12,797,0
20160426,19.25,19.25,18.99,18.99,2,0
20160427,18.96,18.96,18.96,18.96,101,0
20160428,19.01,19.01,18.97,18.99,3,0
20160429,18.99,18.99,18.5,18.88,67,0
20160502,18.86,18.88,18.85,18.88,50,0
20160504,18.84,18.84,18.01,18.44,502,0
20160505,18.44,18.44,17.65,18.34,209,0
20160506,18.34,19.1,17.5,19.05,4815,0
20160509,19.3,20.8,19.3,19.95,164,0
20160510,19.95,19.95,18.7,19.26,1182,0
20160511,19.28,19.28,19.27,19.28,44,0
20160512,19.28,19.3,19.09,19.3,4,0
20160513,19.4,19.4,17.85,18.31,668,0
20160516,19.4,19.4,17.5,18.3,440,0
20160517,18.31,18.31,17,18.29,7,0
20160518,17.69,17.69,15.99,16.69,1263,0
20160519,16.7,17.28,15.8,17.25,5911,0
20160520,17.25,17.25,16.98,16.98,3,0
20160523,17.25,17.25,16.97,16.97,3,0
20160524,17.25,17.25,16.97,17.19,3,0
20160525,17.19,17.29,16.8,17.29,864,0
20160527,18.19,18.19,17,17,2,0
20160530,18.19,18.19,16.38,16.79,132,0
20160531,16.79,16.79,16.74,16.74,2,0
20160601,16.89,16.89,16,16.89,542,0
20160602,16.89,16.89,16.89,16.89,2,0
20160603,16.89,16.89,16.89,16.89,2,0
20160606,16.89,16.89,16.79,16.79,2,0
20160607,16.69,16.69,15.36,16.68,202,0
20160608,16.68,16.68,16.68,16.68,2,0
20160609,16.68,17,16.68,17,253,0
20160610,17,17,16.11,16.11,22,0
20160613,17,17,16.11,16.11,4,0
20160614,15.41,15.45,15.35,15.35,869,0
20160615,16.1,16.1,14.5,14.5,855,0
20160616,15.39,15.39,13.86,14.99,712,0
20160617,14.99,14.99,14.99,14.99,1,0
20160620,14.99,14.99,13.5,14,1245,0
20160621,14,14,13.05,13.99,78,0
20160622,13.84,13.84,13.21,13.5,166,0
20160623,13.49,13.49,12.59,13.18,1785,0
20160624,12.9,12.9,12.9,12.9,19,0
20160627,12.9,12.9,11.61,11.61,135,0
20160628,12.75,12.88,11.6,11.79,1738,0
20160629,12.14,12.14,11.46,12.13,225,0
20160630,12.12,12.12,10.89,10.89,2609,0
20160701,11.29,11.29,10.17,10.6,1342,0
20160704,11.24,11.24,10.64,10.64,4416,0
20160705,11.63,11.63,9.44,10.89,2471,0
20160706,11.48,11.48,10,10,1091,0
20160707,10,10,9,9.35,1704,0
20160708,9.6,9.6,9.27,9.27,1458,0
20160711,9.46,9.46,9.2,9.2,129,0
20160712,9.45,9.45,8.51,8.79,991,0
20160713,8.84,8.91,8.5,8.5,2620,0
20160714,8.9,8.9,8.5,8.52,134,0
20160715,8.93,8.93,8.12,8.12,1469,0
20160718,7.76,8.52,7.69,8.29,2702,0
20160719,7.91,8.7,7.91,8.7,1316,0
20160720,8.3,9,8.21,8.98,4684,0
20160721,8.98,9,8.83,8.99,1067,0
20160722,8.41,8.99,8.2,8.89,27487,0
20160725,8.89,9.46,8.77,9.46,1251,0
20160726,9.45,9.45,8.88,8.98,1859,0
20160727,9.45,9.45,8.92,9.39,23,0
20160728,9.39,9.39,8.16,8.5,15368,0
20160729,8.69,8.69,7.95,8.2,2026,0
20160801,8.2,8.65,7.94,7.95,3539,0
20160802,8,8,7.59,7.63,5078,0
20160803,7.59,7.59,6.84,6.86,12755,0
20160804,6.88,7.2,6.65,6.7,3127,0
20160805,7.3,8.82,7.3,8.82,83521,0
20160808,10.2,11.3,10.13,11.3,113889,0
20160809,12.2,13.42,10.5,10.5,164625,0
20160810,10.99,11.25,10.05,11.03,31406,0
20160811,11.05,11.7,10.5,10.51,65365,0
20160812,10.6,10.9,10.1,10.39,15587,0
20160816,10.3,10.3,9.52,9.52,31751,0
20160817,9.72,10.68,9.7,9.9,27849,0
20160818,10.15,10.15,9.34,9.59,15130,0
20160819,9.68,9.68,9.05,9.24,12625,0
20160822,9.49,9.49,8.72,9.24,13098,0
20160823,9.24,9.44,8.8,9.19,11214,0
20160824,9.19,9.19,8.67,8.94,3656,0
20160825,8.93,8.93,8.18,8.36,21608,0
20160826,8.25,8.34,7.9,7.98,17156,0
20160829,8.12,8.12,7.77,8.06,4292,0
20160830,8,8,7.22,7.74,12067,0
20160831,7.74,7.85,7.05,7.3,19903,0
20160901,7.33,7.69,6.8,7.28,7268,0
20160902,7.2,7.32,7.06,7.3,5066,0
20160905,7.3,7.3,6.82,6.88,8230,0
20160906,7.05,7.08,6.83,7.06,5631,0
20160907,7.07,8.89,7.07,8.7,48625,0
20160908,8.65,9.5,8.25,8.36,20851,0
20160909,8.36,9.02,7.81,8.55,15490,0
20160912,8.9,8.9,7.97,8.31,3289,0
20160913,8.31,8.31,7.83,8.06,4536,0
20160914,8.06,8.84,7.82,8.47,2074,0
20160915,8.79,8.83,8.38,8.83,4562,0
20160916,8.85,9.3,8.77,9.15,2485,0
20160919,9.15,9.15,8.77,9,1125,0
20160920,9.14,9.14,8.28,8.75,3393,0
20160921,8.8,9,8.4,8.97,2590,0
20160922,8.96,8.97,8.5,8.93,1844,0
20160923,8.97,8.97,8.09,8.32,3397,0
20160926,8.59,8.59,8.3,8.3,370,0
20160927,8.3,8.7,8.15,8.68,4588,0
20160928,8.6,8.68,8.2,8.2,2766,0
20160929,8.49,8.88,8.06,8.6,22919,0
20160930,8.6,8.6,8.21,8.5,804,0
20161003,8.65,11.5,8.65,11.5,87697,0
20161004,11.58,12,10,10.57,42380,0
20161005,10.48,10.5,9.81,10.19,10177,0
20161006,10.44,10.44,9.86,10.2,7736,0
20161007,10.41,10.41,9.86,10.17,2196,0
20161010,10.2,10.2,9.2,9.79,8234,0
20161011,9.95,9.95,9.4,9.7,6335,0
20161012,9.7,9.74,9.27,9.74,3250,0
20161013,9.75,9.85,9.35,9.55,3127,0
20161014,9.8,10.35,9.37,10.2,3063,0
20161017,10.35,10.7,10,10.69,5527,0
20161018,10.7,10.7,10.05,10.45,3386,0
20161019,10.45,10.6,10.01,10.59,3344,0
20161020,10.7,10.7,10.27,10.66,1221,0
20161021,10.69,10.69,10.43,10.64,4716,0
20161024,10.7,10.7,10.27,10.48,969,0
20161025,10.75,11.99,10.31,11.99,14050,0
20161026,12,12.9,11.6,12,12902,0
20161027,12.1,12.15,11.65,11.65,1805,0
20161028,11.65,12.95,11.61,12.95,17061,0
20161031,12.8,13.5,12.8,13.37,9661,0
20161102,13.4,13.49,12.5,13.08,10660,0
20161103,13,13,12.08,12.89,6531,0
20161104,12.89,13.23,12.6,12.8,4843,0
20161107,13.1,13.1,12.25,12.25,3159,0
