Date,Open,High,Low,Close,Volume,OpenInt
20101027,6.0775,6.0775,5.6927,5.8611,109471,0
20101028,5.8691,5.8691,5.372,5.3799,55290,0
20101029,5.3817,5.456,4.8947,5.4476,131829,0
20101102,5.452,5.452,5.3559,5.4441,29302,0
20101103,5.3078,5.4121,5.1474,5.1474,4430,0
20101104,5.4121,5.4121,5.2115,5.404,1684,0
20101105,5.2115,5.404,5.1394,5.3318,2931,0
20101108,5.2596,5.3399,5.2115,5.3399,7249,0
20101109,5.3399,5.372,5.0913,5.2838,7068,0
20101110,5.2115,5.2917,5.1314,5.2838,2620,0
20101112,5.1394,5.2838,5.1314,5.2838,1608,0
20101115,5.1394,5.2838,5.1394,5.2516,325,0
20101116,5.1474,5.1634,5.0513,5.1314,5238,0
20101117,5.1314,5.1314,4.9711,4.9711,3316,0
20101118,4.9311,4.9311,4.7065,4.9149,26988,0
20101119,4.9149,5.0513,4.9149,5.0513,13402,0
20101122,4.8749,5.0431,4.8428,4.8428,4678,0
20101123,4.9711,4.9711,4.7626,4.9629,6575,0
20101124,4.9711,4.9952,4.8909,4.9952,17468,0
20101125,4.8909,4.955,4.7706,4.8027,8051,0
20101126,4.8027,4.8909,4.7465,4.8667,10503,0
20101129,4.8587,4.8587,4.8587,4.8587,1935,0
20101130,4.8027,4.8508,4.6905,4.8508,6989,0
20101201,4.8508,4.8508,4.8508,4.8508,3484,0
20101202,4.8106,4.8106,4.8027,4.8027,787,0
20101203,4.8106,4.8106,4.49,4.8106,17860,0
20101206,4.8106,4.8106,4.6583,4.7305,6167,0
20101207,4.8106,4.8106,4.7385,4.8106,3740,0
20101208,4.7065,4.9391,4.6664,4.9391,16035,0
20101209,4.9229,5.1314,4.9229,5.1314,6742,0
20101210,5.1314,5.1314,4.9629,4.9711,5760,0
20101213,4.8909,4.9711,4.8268,4.9711,4987,0
20101214,4.9711,5.1875,4.9311,5.1875,5625,0
20101215,5.0592,5.1716,4.9711,5.1716,7716,0
20101216,5.2036,5.3238,5.1553,5.3238,2047,0
20101217,5.2195,5.364,5.1716,5.364,6192,0
20101220,5.0993,5.1314,4.8909,5.0592,7220,0
20101221,5.0112,5.0112,4.8667,4.8909,3370,0
20101222,4.8508,5.1314,4.8508,5.0513,4992,0
20101223,5.1314,5.1716,5.1314,5.1716,1059,0
20101227,5.0271,5.1474,4.9791,5.1394,6959,0
20101228,5.1314,5.1394,4.9069,4.9391,6991,0
20101229,5.1153,5.2838,4.9391,5.1955,11187,0
20101230,5.1314,5.2917,5.1314,5.2917,11063,0
20101231,5.2495,5.2992,5.1423,5.2908,10471,0
20110103,5.1394,5.1394,5.0513,5.0513,1800,0
20110104,5.0513,5.0513,5.0513,5.0513,2131,0
20110105,5.0513,5.0513,5.0191,5.0513,17060,0
20110107,5.1314,5.1314,5.0913,5.0913,311,0
20110110,5.0913,5.0913,5.0271,5.0271,1154,0
20110112,5.1553,5.1716,5.0592,5.1716,2250,0
20110113,5.2036,5.2356,5.1716,5.2036,3063,0
20110114,5.2115,5.2356,5.0913,5.1716,6028,0
20110117,5.0913,5.1955,5.0913,5.1955,166,0
20110118,5.1875,5.2278,5.1875,5.2278,213,0
20110119,5.2278,5.2356,5.0592,5.0592,552,0
20110120,5.2278,5.2278,5.0112,5.1634,1797,0
20110121,5.1553,5.2195,5.0513,5.2195,4159,0
20110124,5.2115,5.2115,5.1314,5.2115,1213,0
20110125,5.2115,5.2115,5.0913,5.2115,518,0
20110126,5.1875,5.1875,5.0913,5.0913,350,0
20110127,5.0913,5.1634,5.0913,5.1634,5593,0
20110128,5.1634,5.1634,5.0592,5.1235,883,0
20110131,5.1257,5.1753,5.0515,5.1257,1367,0
20110201,5.0191,5.1716,5.0112,5.1716,2585,0
20110202,5.0191,5.1634,5.0191,5.1634,4010,0
20110203,5.1314,5.1314,5.0592,5.1314,711,0
20110204,5.1314,5.1314,5.0513,5.1314,412,0
20110207,5.1235,5.2516,5.1235,5.2516,4623,0
20110208,5.2115,5.2115,5.1235,5.1716,479,0
20110209,5.2036,5.2036,5.1394,5.1716,540,0
20110210,5.1716,5.1716,5.1073,5.1634,728,0
20110211,5.1314,5.1634,5.1314,5.1634,137,0
20110214,5.1716,5.1716,5.1073,5.1553,398,0
20110215,5.1553,5.1553,5.1553,5.1553,12,0
20110216,5.1314,5.1716,5.1314,5.1314,832,0
20110217,5.1314,5.1314,5.0513,5.0513,4236,0
20110218,5.0513,5.1314,5.0513,5.1235,4629,0
20110221,5.0913,5.1716,5.0913,5.1553,852,0
20110222,5.0913,5.1394,5.0513,5.0913,5971,0
20110223,5.1314,5.1314,5.0592,5.1314,462,0
20110224,5.0592,5.1153,5.0592,5.1153,8538,0
20110225,5.0513,5.0913,5.0513,5.0913,1646,0
20110228,5.0927,5.1753,5.0927,5.1753,5750,0
20110301,5.1955,5.1955,5.0913,5.1955,1995,0
20110302,5.1314,5.1314,5.1314,5.1314,959,0
20110303,5.1314,5.1314,5.0913,5.1314,1524,0
20110304,5.1314,5.1314,5.1314,5.1314,6083,0
20110307,5.1716,5.1716,5.1716,5.1716,414,0
20110308,5.1716,5.1716,5.1716,5.1716,375,0
20110309,5.1716,5.1796,5.1634,5.1716,1914,0
20110310,5.1955,5.1955,5.0754,5.0754,1903,0
20110311,5.1955,5.1955,5.0754,5.0754,2530,0
20110314,5.1394,5.1394,5.0754,5.0754,375,0
20110315,5.1314,5.1314,5.0672,5.1235,11427,0
20110316,5.0672,5.1235,5.0672,5.1235,1574,0
20110317,5.1153,5.1153,5.1153,5.1153,62,0
20110318,5.1073,5.1073,5.1073,5.1073,38,0
20110321,5.0913,5.0913,5.0913,5.0913,830,0
20110322,5.1153,5.2195,5.0672,5.2115,12854,0
20110323,5.2278,5.452,5.2278,5.4121,19493,0
20110324,5.404,5.6205,5.404,5.5563,23853,0
20110325,5.6125,5.6125,5.428,5.5164,4200,0
20110328,5.5082,5.5082,5.3479,5.452,5334,0
20110329,5.452,5.452,5.372,5.452,1724,0
20110330,5.4762,5.4762,5.3078,5.3078,2185,0
20110331,5.4476,5.4476,5.3075,5.3075,2128,0
20110401,5.2356,5.2917,5.2115,5.2917,1877,0
20110404,5.2917,5.3318,5.2917,5.3318,717,0
20110405,5.3238,5.3238,5.3238,5.3238,62,0
20110406,5.2917,5.3078,5.2356,5.2997,2265,0
20110407,5.2997,5.2997,5.2838,5.2838,504,0
20110408,5.2838,5.2838,5.2838,5.2838,62,0
20110411,5.2356,5.2356,5.1716,5.1716,479,0
20110412,5.1716,5.1716,5.0913,5.0913,4266,0
20110413,5.0993,5.1634,5.0513,5.1634,3448,0
20110414,5.1314,5.2437,5.1314,5.2437,1334,0
20110415,5.2516,5.2516,5.2516,5.2516,335,0
20110418,5.2437,5.2437,5.0431,5.2437,2197,0
20110419,5.1553,5.1796,5.0271,5.1716,5640,0
20110420,5.1716,5.1716,5.0513,5.1634,543,0
20110421,5.1716,5.1716,5.1716,5.1716,30,0
20110426,5.1474,5.1474,5.1474,5.1474,25,0
20110427,5.1474,5.1474,5.0112,5.1073,1651,0
20110428,5.0913,5.0913,5.0112,5.0513,2119,0
20110429,5.0515,5.0515,4.9277,5.0515,2303,0
20110502,5.0112,5.0112,5.0112,5.0112,25,0
20110504,4.9311,4.9711,4.8909,4.9069,1220,0
20110505,4.9229,4.9311,4.8909,4.9311,2021,0
20110506,4.9711,4.9711,4.7305,4.8428,6490,0
20110509,4.7305,4.7946,4.7305,4.7946,3220,0
20110510,4.7946,4.7946,4.6905,4.7787,3324,0
20110511,4.8106,4.8106,4.6583,4.6583,5520,0
20110512,4.8027,4.8027,4.5301,4.5701,5320,0
20110513,4.5701,4.5701,4.3296,4.4498,2273,0
20110516,4.3296,4.3696,4.2896,4.2896,15364,0
20110517,4.3456,4.3456,4.2253,4.2253,2288,0
20110518,4.0731,4.0731,3.9288,3.9288,15303,0
20110519,3.8565,4.041,3.8565,4.0169,10700,0
20110520,4.0169,4.0169,3.9689,4.0169,7259,0
20110523,3.9366,4.0249,3.9366,4.0089,7003,0
20110524,4.0249,4.0249,4.0089,4.0089,701,0
20110525,4.001,4.0891,4.001,4.0891,2846,0
20110526,3.9608,4.0891,3.9608,4.0891,3258,0
20110527,4.1692,4.1692,4.041,4.041,586,0
20110530,4.1372,4.1372,4.041,4.1291,643,0
20110531,4.1601,4.1601,4.0115,4.1601,1017,0
20110601,4.1692,4.1692,4.0169,4.0169,1111,0
20110602,4.1532,4.1532,3.8246,3.8246,7583,0
20110603,3.8486,3.8486,3.6722,3.6801,6573,0
20110606,3.7203,3.9126,3.6722,3.7282,15294,0
20110607,3.7804,3.7804,3.607,3.6318,9106,0
20110608,3.6152,3.7804,3.607,3.7804,28692,0
20110609,3.7804,4.0034,3.7804,4.0034,7252,0
20110610,4.001,4.0811,4.001,4.001,1066,0
20110613,4.0651,4.1452,4.0651,4.1452,3877,0
20110614,4.1452,4.1452,4.0089,4.1291,1048,0
20110615,4.1291,4.3777,4.1291,4.2415,7186,0
20110616,4.2509,4.2509,4.028,4.028,2542,0
20110617,4.127,4.127,4.0528,4.127,1568,0
20110620,4.1291,4.1291,4.0089,4.0089,4962,0
20110621,4.0089,4.2495,4.0089,4.2495,3850,0
20110622,4.0857,4.3665,4.0857,4.3665,6775,0
20110624,4.3665,4.3665,4.2178,4.3665,353,0
20110627,4.2178,4.3582,4.2096,4.2096,196,0
20110628,4.3582,4.3582,4.2096,4.3417,396,0
20110629,4.2509,4.3334,4.0528,4.3334,6762,0
20110630,4.3334,4.3334,4.2591,4.2591,185,0
20110701,4.2591,4.2591,4.2509,4.2509,797,0
20110704,4.3334,4.3334,4.3334,4.3334,5,0
20110705,4.3334,4.3334,4.3334,4.3334,1952,0
20110706,4.3334,4.3334,4.2014,4.2014,3873,0
20110707,4.3252,4.3252,4.3252,4.3252,61,0
20110708,4.3252,4.3252,4.3252,4.3252,12,0
20110711,4.3252,4.3252,4.3252,4.3252,24,0
20110712,4.2509,4.2509,4.0445,4.0445,5514,0
20110713,4.0445,4.1601,4.0445,4.1601,335,0
20110714,4.1601,4.1601,3.9701,3.9701,770,0
20110715,3.9867,3.9867,3.962,3.962,2677,0
20110718,3.995,4.127,3.962,4.127,2189,0
20110719,3.962,4.1188,3.962,4.1188,238,0
20110720,4.1188,4.127,4.1188,4.127,763,0
20110721,4.127,4.127,3.962,3.962,3604,0
20110722,3.9454,3.9454,3.9454,3.9454,262,0
20110725,3.9454,3.9454,3.9454,3.9454,618,0
20110726,3.9372,3.962,3.8794,3.962,57668,0
20110727,3.962,4.0445,3.8629,4.0445,438,0
20110728,3.8629,4.0445,3.8629,4.0445,565,0
20110729,3.9867,4.2674,3.9867,4.0857,18158,0
20110801,4.0115,4.127,4.0115,4.127,3674,0
20110802,4.127,4.127,4.0115,4.127,538,0
20110803,4.127,4.2674,4.061,4.061,6642,0
20110804,4.127,4.127,4.127,4.127,1,0
20110805,3.9372,4.1105,3.9372,3.9701,5556,0
20110808,3.962,4.1105,3.7968,3.7968,5955,0
20110809,3.7225,3.9042,3.5905,3.7804,14072,0
20110810,3.9124,3.9124,3.6318,3.6318,4919,0
20110811,3.64,3.64,3.3099,3.4914,3598,0
20110812,3.4336,3.4336,3.4255,3.4336,2253,0
20110816,3.4502,3.9042,3.4502,3.7225,22153,0
20110817,3.7309,3.7309,3.7309,3.7309,243,0
20110818,3.7309,3.7309,3.4914,3.4997,5928,0
20110819,3.4832,3.4832,3.4832,3.4832,599,0
20110823,3.4914,3.4914,3.4832,3.4832,2423,0
20110829,3.508,3.8134,3.475,3.8134,8843,0
20110830,3.8134,3.9537,3.8051,3.8051,4548,0
20110831,3.8794,4.127,3.8051,3.8794,8696,0
20110901,3.8051,3.8794,3.8051,3.8051,7390,0
20110902,3.8794,3.9537,3.8216,3.8216,2243,0
20110905,3.9454,3.9454,3.8051,3.8794,3255,0
20110906,3.8794,3.8794,3.8794,3.8794,1346,0
20110907,3.8794,3.8794,3.8794,3.8794,1452,0
20110908,3.9454,3.9454,3.8794,3.9124,1866,0
20110909,3.9454,3.9454,3.7968,3.7968,2672,0
20110912,3.8134,3.8134,3.8134,3.8134,5,0
20110913,3.8134,3.8134,3.6318,3.6318,2222,0
20110914,3.5905,3.5905,3.4997,3.4997,1589,0
20110915,3.4997,3.508,3.4997,3.508,31,0
20110916,3.508,3.64,3.4667,3.64,729,0
20110919,3.64,3.64,3.4667,3.6318,556,0
20110920,3.64,3.64,3.64,3.64,1,0
20110921,3.6318,3.6318,3.6318,3.6318,5,0
20110922,3.4667,3.4997,3.4667,3.4667,2298,0
20110923,3.4502,3.4502,3.3016,3.4502,4497,0
20110926,3.3594,3.4255,3.3264,3.4255,3698,0
20110927,3.4008,3.4008,3.4008,3.4008,61,0
20110928,3.3842,3.3842,3.3842,3.3842,67,0
20110929,3.376,3.376,3.376,3.376,61,0
20110930,3.3677,3.3677,3.2686,3.3677,1400,0
20111003,3.3513,3.3677,3.3513,3.3677,2629,0
20111004,3.2108,3.3677,3.2108,3.2108,2549,0
20111005,3.3677,3.3677,3.2108,3.3677,3502,0
20111006,3.3677,3.4008,3.3677,3.4008,804,0
20111007,3.4172,3.4172,3.4172,3.4172,5,0
20111010,3.4172,3.4172,3.4172,3.4172,5,0
20111011,3.4172,3.4172,3.4172,3.4172,1,0
20111012,3.4172,3.4172,3.4172,3.4172,1,0
20111013,3.3016,3.3016,3.1861,3.1861,4967,0
20111014,3.2026,3.2026,3.2026,3.2026,5,0
20111017,3.2026,3.2026,3.2026,3.2026,5,0
20111018,3.2026,3.2026,3.2026,3.2026,5,0
20111019,3.2026,3.2026,3.2026,3.2026,5,0
20111021,3.2026,3.2026,3.2026,3.2026,5,0
20111024,3.2026,3.2026,3.0952,3.2026,722,0
20111025,3.2026,3.4255,3.2026,3.3099,2871,0
20111026,3.3099,3.3099,3.1531,3.3099,2546,0
20111027,3.1944,3.1944,3.1944,3.1944,2,0
20111028,3.0952,3.2522,3.021,3.2522,5695,0
20111102,3.2438,3.3016,3.1365,3.2026,5863,0
20111103,3.2026,3.2026,3.2026,3.2026,61,0
20111104,3.1944,3.3016,3.1695,3.1944,5247,0
20111107,3.1944,3.2934,3.1447,3.1447,4361,0
20111108,3.2934,3.2934,3.1365,3.1365,15906,0
20111109,3.1447,3.1447,3.0623,3.0623,491,0
20111110,3.1447,3.1447,2.8725,2.8725,7759,0
20111114,2.889,2.889,2.889,2.889,491,0
20111115,2.889,2.889,2.889,2.889,5,0
20111116,2.7569,2.7735,2.6743,2.7735,5581,0
20111117,2.7735,2.7735,2.7487,2.7487,1357,0
20111118,2.7239,2.7239,2.534,2.7239,17172,0
20111121,2.7156,2.7816,2.6331,2.6331,10662,0
20111122,2.6825,2.6825,2.666,2.6825,1284,0
20111123,2.6908,2.6908,2.6825,2.6908,1520,0
20111124,2.6992,2.7899,2.6992,2.7156,4723,0
20111125,2.666,2.7569,2.6579,2.7569,7941,0
20111128,2.7569,2.7569,2.6331,2.6413,1008,0
20111129,2.7239,2.7239,2.6413,2.6413,2183,0
20111130,2.6413,2.6413,2.6413,2.6413,972,0
20111201,2.7569,2.8064,2.6248,2.6248,20559,0
20111202,2.6495,2.7239,2.567,2.6825,6622,0
20111205,2.6825,2.8064,2.5588,2.6825,31101,0
20111206,2.6082,2.6825,2.567,2.6825,12664,0
20111207,2.6248,2.6248,2.5753,2.5753,3899,0
20111208,2.6413,2.6413,2.4103,2.4103,18966,0
20111209,2.3111,2.4763,2.3111,2.369,31733,0
20111212,2.4763,2.4763,2.2864,2.2864,12541,0
20111213,2.2781,2.3607,2.2616,2.3111,4136,0
20111214,2.2616,2.369,2.2286,2.3441,16405,0
20111215,2.2947,2.369,2.1214,2.2286,14073,0
20111216,2.0801,2.3358,2.0636,2.0636,14428,0
20111219,2.047,2.1461,2.047,2.1461,2980,0
20111220,2.0553,2.0636,2.047,2.0553,7449,0
20111221,2.0553,2.1461,1.9809,2.113,12362,0
20111222,2.0801,2.1461,2.0801,2.1378,53910,0
20111223,2.0801,2.113,2.0801,2.113,14774,0
20111227,2.0801,2.0801,1.915,2.0636,47032,0
20111228,2.0636,2.0636,2.0636,2.0636,606,0
20111229,2.1295,2.1295,2.1048,2.1048,4970,0
20111230,2.0716,2.1394,2.0631,2.1394,5432,0
20120102,2.047,2.2616,2.0388,2.1873,7066,0
20120103,2.1873,2.2286,2.113,2.2286,5405,0
20120104,2.2286,2.2616,2.113,2.113,9571,0
20120105,2.2038,2.2038,2.0882,2.1048,16701,0
20120109,2.113,2.113,2.1048,2.113,11449,0
20120110,2.113,2.113,2.0636,2.113,7733,0
20120111,2.113,2.1791,2.0718,2.1791,16968,0
20120112,2.1791,2.3194,2.1791,2.3194,10115,0
20120113,2.3194,2.3855,2.3194,2.3277,8803,0
20120116,2.3855,2.5506,2.3855,2.5506,8437,0
20120117,2.6165,2.7239,2.6082,2.7239,9912,0
20120118,2.8147,2.8147,2.7816,2.7981,6105,0
20120119,2.7981,2.7981,2.7981,2.7981,1212,0
20120120,2.856,2.856,2.856,2.856,3804,0
20120123,2.8808,3.0127,2.8477,3.0127,9018,0
20120124,3.0127,3.0127,2.955,3.0127,1813,0
20120125,3.0127,3.0127,2.9878,2.9878,125,0
20120126,2.9468,2.9468,2.9136,2.9136,5795,0
20120127,2.856,2.9715,2.856,2.9715,5379,0
20120130,3.0127,3.0127,2.9384,2.9384,849,0
20120131,3.0733,3.0733,3.0564,3.0564,6906,0
20120201,3.0705,3.3594,3.0705,3.3594,12139,0
20120202,3.3842,3.4667,3.3842,3.4667,6059,0
20120203,3.4667,3.4667,3.4667,3.4667,483,0
20120206,3.4667,3.4667,3.318,3.3346,5088,0
20120207,3.3842,3.3842,3.0045,3.1447,21378,0
20120208,3.1365,3.1365,2.9632,2.9632,15731,0
20120209,2.8229,2.9878,2.8229,2.9878,18815,0
20120210,2.9302,2.9878,2.9136,2.9878,2969,0
20120213,3.087,3.087,3.087,3.087,1908,0
20120214,3.0952,3.0952,3.0952,3.0952,2423,0
20120215,3.1695,3.2108,3.1365,3.1695,4512,0
20120216,3.2108,3.2686,3.1447,3.2686,4034,0
20120217,3.2686,3.318,3.2356,3.318,1426,0
20120220,3.318,3.318,3.318,3.318,3231,0
20120221,3.3924,3.3924,3.3016,3.3016,243,0
20120222,3.376,3.376,3.3016,3.3016,3211,0
20120223,3.2934,3.2934,3.2438,3.2604,6846,0
20120224,3.3016,3.3016,3.12,3.12,5246,0
20120227,3.0952,3.1118,3.0952,3.1118,8253,0
20120228,3.1861,3.1861,3.1861,3.1861,122,0
20120229,3.1861,3.1861,3.1861,3.1861,2544,0
20120301,3.1531,3.1531,3.1531,3.1531,5220,0
20120302,3.0952,3.0952,3.0952,3.0952,4499,0
20120305,3.054,3.1612,3.054,3.1612,1198,0
20120306,3.1612,3.1612,3.1118,3.1118,606,0
20120307,3.1531,3.1779,3.1531,3.1779,618,0
20120308,3.1531,3.1779,3.1365,3.1365,7136,0
20120309,3.0952,3.0952,3.0952,3.0952,2666,0
20120312,3.1036,3.1036,3.0952,3.0952,5480,0
20120313,3.0952,3.1612,3.0952,3.1612,6105,0
20120314,3.2604,3.4255,3.2604,3.3677,9909,0
20120315,3.3842,3.508,3.3677,3.508,13131,0
20120316,3.5246,3.8299,3.5246,3.8299,11363,0
20120319,3.8134,3.8134,3.6731,3.7144,62325,0
20120320,3.7968,3.7968,3.6813,3.7144,22738,0
20120321,3.8299,3.8299,3.7968,3.7968,6695,0
20120322,3.9289,3.9289,3.6731,3.7968,19355,0
20120323,3.7968,3.9372,3.7968,3.9372,4428,0
20120326,3.9372,3.9372,3.8794,3.8794,55584,0
20120327,3.9372,4.1931,3.9207,4.1518,50509,0
20120328,3.9785,4.8122,3.9785,4.7049,63620,0
20120329,4.7791,4.7874,4.4654,4.6883,47791,0
20120330,4.5336,4.6611,4.5167,4.5167,18346,0
20120402,4.5398,4.5893,4.1766,4.5893,11842,0
20120403,4.6554,4.6554,4.5727,4.5727,675,0
20120404,4.5479,4.6554,4.4985,4.5975,2403,0
20120405,4.5975,4.5975,4.5975,4.5975,91,0
20120410,4.383,4.383,4.3252,4.3252,2089,0
20120411,4.3252,4.5398,4.3252,4.5398,2125,0
20120412,4.4572,4.4572,4.4159,4.4159,3613,0
20120413,4.2756,4.3334,4.2756,4.2756,715,0
20120416,4.2756,4.3665,4.2756,4.3665,884,0
20120417,4.2096,4.2096,4.0363,4.0363,3538,0
20120418,4.0445,4.0445,4.0445,4.0445,170,0
20120420,3.9537,3.9537,3.8299,3.8299,4144,0
20120423,3.7968,3.7968,3.7638,3.7638,2771,0
20120424,3.7144,3.7144,3.7144,3.7144,177,0
20120430,3.5998,3.7186,3.5998,3.7186,635,0
20120507,3.607,3.607,3.607,3.607,105,0
20120508,3.607,3.607,3.607,3.607,151,0
20120509,3.607,3.607,3.5989,3.5989,2009,0
20120510,3.5493,3.64,3.5493,3.64,74,0
20120514,3.64,3.7144,3.64,3.7144,2787,0
20120515,3.6731,3.8134,3.6318,3.8134,424854,0
20120516,3.9867,4.0445,3.7144,3.7968,79149,0
20120517,3.6565,3.8794,3.6565,3.8794,7306,0
20120518,3.7061,3.9701,3.6979,3.9701,4054,0
20120521,4.061,4.1022,3.8712,4.094,12769,0
20120522,4.2509,4.4736,4.094,4.4736,4424,0
20120523,4.4654,4.9111,4.4654,4.9111,5365,0
20120524,4.4572,4.8535,4.4572,4.8535,43760,0
20120525,4.9111,4.9111,4.6636,4.8699,7418,0
20120528,4.6471,4.8782,4.6471,4.8699,16836,0
20120529,4.7049,4.8699,4.7049,4.8699,2666,0
20120530,4.7461,4.8699,4.7049,4.8699,2908,0
20120531,4.7034,4.8732,4.6611,4.8732,2666,0
20120601,4.6719,4.8699,4.5479,4.8699,12900,0
20120604,4.6636,4.8699,4.6636,4.8699,3270,0
20120605,4.6611,4.8646,4.4912,4.695,182210,0
20120606,4.695,4.695,4.4912,4.695,3297,0
20120608,4.6966,4.6966,4.6966,4.6966,2518,0
20120611,4.5563,4.6966,4.5563,4.6966,2666,0
20120612,4.581,4.6883,4.581,4.6883,2666,0
20120613,4.6636,4.6966,4.6636,4.6966,2666,0
20120614,4.4902,4.6966,4.4902,4.6966,3243,0
20120615,4.6883,4.6966,4.6883,4.6966,2666,0
20120619,4.6966,4.6966,4.6966,4.6966,3008,0
20120620,4.5893,4.6966,4.5893,4.6221,3604,0
20120621,4.5893,4.5893,4.581,4.581,2787,0
20120622,4.3723,4.5929,4.3723,4.5929,2719,0
20120625,4.3746,4.5563,4.3665,4.5563,6917,0
20120626,4.3665,4.614,4.3665,4.614,2752,0
20120627,4.6221,4.6221,4.5727,4.5727,3954,0
20120628,4.5727,4.6966,4.5645,4.6966,4398,0
20120629,4.627,4.627,4.627,4.627,320,0
20120702,4.5676,4.5676,4.3978,4.3978,1409,0
20120703,4.228,4.228,4.228,4.228,54,0
20120704,4.245,4.245,4.245,4.245,29,0
20120706,4.4572,4.4572,4.4572,4.4572,1,0
20120709,4.4402,4.627,4.4402,4.627,3791,0
20120710,4.3723,4.5845,4.3638,4.5845,2753,0
20120711,4.279,4.279,4.279,4.279,1003,0
20120716,4.1601,4.1601,4.1601,4.1601,289,0
20120718,4.1177,4.1177,4.1177,4.1177,2357,0
20120719,3.9563,3.9563,3.9563,3.9563,1878,0
20120720,3.795,3.795,3.5488,3.5488,7055,0
20120723,3.4639,3.4639,3.4384,3.4384,1452,0
20120724,3.396,3.396,3.396,3.396,1415,0
20120725,3.3281,3.3281,3.3112,3.3112,731,0
20120727,3.2686,3.2686,3.2686,3.2686,419,0
20120730,3.3874,3.5657,3.3874,3.5657,2238,0
20120731,3.5148,3.5148,3.379,3.4978,1533,0
20120803,3.3281,3.3281,3.3281,3.3281,2167,0
20120807,3.3112,3.3112,3.3112,3.3112,93,0
20120810,3.3112,3.3112,3.3112,3.3112,70,0
20120813,3.3112,3.3112,3.3112,3.3112,75,0
20120814,3.3112,3.3112,3.3112,3.3112,889,0
20120816,3.3874,3.3874,3.3874,3.3874,2,0
20120817,3.2261,3.2261,3.2261,3.2261,1071,0
20120820,3.2261,3.2261,3.2261,3.2261,516,0
20120821,3.2261,3.2261,3.2261,3.2261,60,0
20120822,3.2261,3.3281,3.1668,3.3281,509,0
20120823,3.3281,3.3281,3.3281,3.3281,3,0
20120824,3.1838,3.3112,3.1668,3.3112,1294,0
20120830,3.1497,3.1497,3.1497,3.1497,590,0
20120831,3.1243,3.1243,3.1243,3.1243,2473,0
20120903,2.9969,2.9969,2.9544,2.9544,3725,0
20120904,2.9375,2.9375,2.9375,2.9375,597,0
20120905,2.8696,2.8696,2.8696,2.8696,1,0
20120906,2.8696,2.8696,2.8696,2.8696,7,0
20120907,2.8696,2.8696,2.8696,2.8696,5866,0
20120910,2.7423,2.7423,2.7423,2.7423,470,0
20120911,2.7423,2.7423,2.6064,2.6064,9095,0
20120912,2.5895,2.5895,2.5469,2.5469,12872,0
20120913,2.5554,2.5554,2.3262,2.3347,23608,0
20120914,2.4111,2.6574,2.4111,2.6574,8036,0
20120917,2.5469,2.6743,2.5469,2.6743,3486,0
20120918,2.7592,2.7592,2.6998,2.7508,4344,0
20120920,2.6574,2.6574,2.6574,2.6574,266,0
20120921,2.6574,2.7083,2.6234,2.6234,3204,0
20120925,2.5895,2.5895,2.5895,2.5895,2356,0
20120927,2.6149,2.6149,2.6149,2.6149,262,0
20120928,2.5131,2.5131,2.5131,2.5131,2263,0
20121001,2.4281,2.5045,2.4281,2.4281,864,0
20121005,2.4281,2.4281,2.4281,2.4281,78,0
20121010,2.4281,2.4281,2.4281,2.4281,594,0
20121011,2.5469,2.5469,2.5469,2.5469,432,0
20121015,2.4281,2.4281,2.4281,2.4281,604,0
20121016,2.4281,2.4281,2.4281,2.4281,255,0
20121017,2.4111,2.4111,2.4111,2.4111,648,0
20121018,2.3941,2.3941,2.3941,2.3941,453,0
20121019,2.3772,2.3772,2.3772,2.3772,364,0
20121022,2.4451,2.4451,2.4451,2.4451,1,0
20121023,2.4451,2.4451,2.4451,2.4451,206,0
20121024,2.4451,2.4706,2.4451,2.4706,970,0
20121025,2.4791,2.5724,2.4791,2.5724,6050,0
20121026,2.6743,2.7592,2.6743,2.7508,2918,0
20121029,2.7338,2.7338,2.7338,2.7338,57,0
20121031,2.7338,2.8017,2.7338,2.8017,2095,0
20121102,2.8696,2.8696,2.8696,2.8696,2614,0
20121105,2.8866,3.1328,2.8866,3.1328,3123,0
20121106,3.1328,3.1838,3.1328,3.1838,3898,0
20121107,3.3366,3.396,3.3281,3.3366,7392,0
20121108,3.4129,3.4129,3.4129,3.4129,1,0
20121109,3.3112,3.3112,3.3112,3.3112,125,0
20121112,3.4129,3.4129,3.4129,3.4129,3532,0
20121113,3.4214,3.4809,3.4214,3.4555,4997,0
20121114,3.4725,3.4809,3.4725,3.4809,1142,0
20121115,3.5148,3.5148,3.396,3.396,2002,0
20121116,3.4809,3.4809,3.345,3.345,349,0
20121119,3.345,3.6507,3.345,3.6507,2696,0
20121121,3.4978,3.4978,3.4978,3.4978,407,0
20121122,3.4978,3.4978,3.4894,3.4894,1767,0
20121126,3.2261,3.4894,3.2261,3.4894,3265,0
20121129,3.4384,3.4384,3.3112,3.3112,823,0
20121130,3.2686,3.4384,3.2686,3.4384,2250,0
20121203,3.4809,3.4809,3.4809,3.4809,1,0
20121204,3.396,3.4809,3.3112,3.4809,1980,0
20121205,3.3112,3.3112,3.3112,3.3112,535,0
20121206,3.3112,3.4129,3.3112,3.4129,83,0
20121211,3.379,3.379,3.379,3.379,1,0
20121212,3.2686,3.396,3.2686,3.396,3066,0
20121218,3.2686,3.2686,3.2686,3.2686,412,0
20121219,3.2686,3.2686,3.1838,3.1838,1435,0
20121220,3.1157,3.1157,3.1157,3.1157,2473,0
20121227,3.0733,3.4214,3.0733,3.396,15309,0
20121228,3.4809,3.4809,3.396,3.396,2062,0
20130104,3.2261,3.2261,3.2261,3.2261,754,0
20130107,3.2008,3.2008,3.1923,3.1923,886,0
20130108,3.1923,3.2686,3.1923,3.2686,1241,0
20130109,3.2261,3.2261,3.2261,3.2261,241,0
20130110,3.2261,3.2261,3.2261,3.2261,1309,0
20130111,3.2261,3.2261,3.2261,3.2261,281,0
20130114,3.2261,3.2261,3.2261,3.2261,101,0
20130115,3.2261,3.2261,3.2261,3.2261,579,0
20130117,3.2686,3.294,3.2686,3.294,636,0
20130122,3.1838,3.1838,3.1838,3.1838,350,0
20130123,3.1752,3.1752,3.1752,3.1752,65,0
20130124,3.1752,3.1752,3.1752,3.1752,207,0
20130125,3.1838,3.1838,3.1838,3.1838,115,0
20130128,3.2092,3.2261,3.2092,3.2261,468,0
20130129,3.2517,3.2601,3.2261,3.2601,1175,0
20130201,3.2601,3.2601,3.1413,3.1413,2650,0
20130204,3.1413,3.1413,2.9969,2.9969,2400,0
20130205,3.0054,3.0054,3.0054,3.0054,303,0
20130207,2.9969,3.0054,2.9969,3.0054,1126,0
20130211,2.9715,2.9715,2.9715,2.9715,46,0
20130212,2.9715,2.9715,2.8611,2.8611,78,0
20130213,2.8611,2.8611,2.7762,2.7762,5178,0
20130214,2.7167,2.7423,2.7167,2.7423,222,0
20130215,2.6064,2.7423,2.6064,2.7423,2700,0
20130218,2.7423,2.7423,2.7423,2.7423,170,0
20130219,2.6064,2.6064,2.6064,2.6064,1767,0
20130226,2.6743,2.6743,2.5469,2.5469,181,0
20130228,2.5469,2.5469,2.5469,2.5469,374,0
20130301,2.5469,2.5979,2.5216,2.5216,366,0
20130304,2.5469,2.5469,2.5216,2.5216,476,0
20130305,2.5469,2.5469,2.5469,2.5469,12,0
20130306,2.5979,2.5979,2.5979,2.5979,12,0
20130307,2.6489,2.6489,2.6489,2.6489,333,0
20130308,2.6489,2.6489,2.6489,2.6489,256,0
20130311,2.6743,2.6743,2.6743,2.6743,1,0
20130312,2.5469,2.6743,2.5469,2.6743,2873,0
20130313,2.6319,2.7592,2.6319,2.7592,5889,0
20130314,2.7252,2.7252,2.7167,2.7167,5720,0
20130315,2.7423,2.7423,2.6913,2.7423,6002,0
20130318,2.7167,2.7167,2.7167,2.7167,109,0
20130319,2.7167,2.9375,2.7167,2.9375,4776,0
20130320,2.9375,3.0054,2.8781,3.0054,3321,0
20130321,3.0818,3.0818,3.0818,3.0818,629,0
20130322,3.0564,3.2686,3.0564,3.1923,3317,0
20130325,3.3366,3.3366,3.1838,3.1838,1472,0
20130326,3.3281,3.3366,3.2008,3.3281,8231,0
20130328,3.1752,3.3366,3.1752,3.3366,3020,0
20130402,3.43,3.43,3.396,3.396,2329,0
20130403,3.3874,3.3874,3.1583,3.1668,13136,0
20130404,3.1668,3.1668,3.1668,3.1668,238,0
20130405,3.1668,3.1668,3.1668,3.1668,14,0
20130409,3.0225,3.0225,3.0225,3.0225,141,0
20130410,3.0225,3.0225,3.0225,3.0225,501,0
20130411,3.0225,3.0225,3.0225,3.0225,140,0
20130412,3.0225,3.0309,3.0225,3.0225,2500,0
20130415,3.1668,3.1668,3.1668,3.1668,80,0
20130417,3.1668,3.1668,3.0309,3.0309,2626,0
20130422,2.9035,2.9035,2.9035,2.9035,1359,0
20130423,2.9035,2.9035,2.9035,2.9035,1665,0
20130424,2.7678,2.7678,2.7678,2.7678,1605,0
20130425,2.7678,2.7678,2.7678,2.7678,36,0
20130426,2.7762,2.7762,2.7083,2.7083,311,0
20130429,2.7592,2.7592,2.7592,2.7592,73,0
20130430,2.844,2.844,2.844,2.844,202,0
20130509,2.844,2.844,2.7083,2.7083,1974,0
20130510,2.7083,2.7083,2.7083,2.7083,37,0
20130513,2.7083,2.7083,2.7083,2.7083,108,0
20130514,2.6149,2.6149,2.6149,2.6149,221,0
20130515,2.6149,2.6149,2.6149,2.6149,56,0
20130523,2.6149,2.6149,2.6149,2.6149,15,0
20130524,2.6149,2.6149,2.6149,2.6149,135,0
20130528,2.6234,2.6234,2.6234,2.6234,8,0
20130529,2.6998,2.7592,2.6998,2.7592,5597,0
20130605,2.7167,2.7592,2.7167,2.7592,153,0
20130606,2.7592,2.8527,2.7592,2.8527,2944,0
20130610,2.8017,2.8017,2.8017,2.8017,1897,0
20130612,2.7592,2.7592,2.7592,2.7592,889,0
20130613,2.8101,2.8101,2.7592,2.7592,150,0
20130614,2.7592,2.7592,2.7592,2.7592,589,0
20130617,2.7592,2.7592,2.7592,2.7592,417,0
20130618,2.7592,2.7592,2.7592,2.7592,920,0
20130619,2.8017,3.0564,2.8017,3.0564,4948,0
20130620,3.1328,3.1328,3.1328,3.1328,3533,0
20130621,3.0564,3.0564,3.0564,3.0564,8257,0
20130624,3.2261,3.2261,3.2261,3.2261,1008,0
20130625,3.2177,3.396,3.2008,3.396,7262,0
20130626,3.5657,3.6083,3.4809,3.6083,3063,0
20130627,3.6083,3.8205,3.5742,3.8205,11306,0
20130628,4.1517,4.1517,4.1517,4.1517,589,0
20130701,3.9988,4.2111,3.8205,4.0073,16263,0
20130702,3.9223,4.0327,3.9223,4.0327,19413,0
20130703,4.0327,4.2308,4.0327,4.2308,1617,0
20130704,4.0327,4.0327,3.9903,3.9903,2232,0
20130705,4.0412,4.1007,4.0412,4.1007,1295,0
20130708,3.9053,3.9053,3.812,3.812,2090,0
20130709,3.9223,4.0836,3.8968,4.0836,5374,0
20130710,3.8968,4.0836,3.8884,4.0836,14741,0
20130711,3.8629,3.8629,3.8629,3.8629,4122,0
20130715,3.6761,3.6761,3.6761,3.6761,64,0
20130716,3.6761,3.6761,3.4044,3.4044,6837,0
20130717,3.4036,3.4036,3.3519,3.3519,532,0
20130718,3.3534,3.3534,3.2008,3.2008,3071,0
20130719,3.2686,3.2686,3.2686,3.2686,1,0
20130722,3.1073,3.1073,3.1073,3.1073,2473,0
20130724,2.9969,2.9969,2.9969,2.9969,754,0
20130725,3.0054,3.0054,2.9715,2.9715,573,0
20130726,2.9715,2.9715,2.9715,2.9715,1361,0
20130801,2.9728,2.9728,2.9728,2.9728,66,0
20130802,2.8866,2.8866,2.8866,2.8866,101,0
20130805,2.8866,2.8866,2.8866,2.8866,556,0
20130806,2.8866,2.8866,2.8866,2.8866,460,0
20130807,2.8696,2.8696,2.8696,2.8696,180,0
20130808,3.0139,3.0988,3.0139,3.0988,2503,0
20130809,3.0988,3.0988,3.0988,3.0988,1355,0
20130812,3.0564,3.0564,2.963,2.963,5646,0
20130814,2.9884,2.9884,2.9884,2.9884,56,0
20130816,2.9715,2.9715,2.9715,2.9715,76,0
20130819,2.963,2.963,2.963,2.963,53,0
20130820,2.9641,2.9641,2.9038,2.9038,240,0
20130826,2.9291,2.9291,2.8017,2.8017,3533,0
20130827,2.8004,2.8004,2.7832,2.7832,1158,0
20130828,2.7847,2.7847,2.7847,2.7847,364,0
20130830,2.8271,2.8271,2.8271,2.8271,225,0
20130902,2.8527,2.8527,2.8017,2.8017,87,0
20130903,2.7832,2.7832,2.7832,2.7832,503,0
20130904,2.921,2.921,2.921,2.921,1020,0
20130905,2.9296,2.9296,2.8866,2.8866,1295,0
20130906,2.9296,2.9296,2.9038,2.9038,250,0
20130909,2.9038,2.9038,2.9038,2.9038,180,0
20130910,2.9038,2.9296,2.8866,2.8866,3746,0
20130911,2.9728,2.9728,2.9468,2.9641,6037,0
20130912,2.9641,2.9641,2.9641,2.9641,70,0
20130913,2.9728,2.9728,2.9641,2.9641,455,0
20130916,2.9641,2.9641,2.8779,2.9641,220,0
20130917,2.8263,2.9728,2.8263,2.9728,733,0
20130918,2.9728,2.9728,2.9728,2.9728,50,0
20130919,2.8263,2.8263,2.8004,2.8004,5803,0
20130920,2.766,2.8004,2.7574,2.7574,194,0
20130923,2.766,2.766,2.7142,2.7229,1242,0
20130924,2.8004,2.8004,2.7745,2.8004,298,0
20130925,2.8521,2.8521,2.8521,2.8521,1310,0
20130926,2.8521,2.8521,2.8521,2.8521,86,0
20130927,2.8521,2.8521,2.8521,2.8521,66,0
20130930,2.7229,2.7229,2.7229,2.7229,68,0
20131001,2.7315,2.7315,2.6022,2.6022,7581,0
20131002,2.6022,2.6022,2.6022,2.6022,1973,0
20131003,2.6022,2.7229,2.6022,2.7229,3460,0
20131004,2.6884,2.7832,2.6884,2.7832,2217,0
20131007,2.7832,2.7832,2.7832,2.7832,12,0
20131008,2.7832,2.7832,2.7832,2.7832,1,0
20131011,2.6711,2.6711,2.6711,2.6711,2480,0
20131014,2.6798,2.6798,2.6798,2.6798,1,0
20131015,2.7574,2.7574,2.7574,2.7574,3,0
20131016,2.6798,2.6798,2.6798,2.6798,696,0
20131017,2.585,2.6366,2.585,2.585,1080,0
20131018,2.585,2.6884,2.585,2.6884,21,0
20131021,2.7055,2.7142,2.585,2.7142,254,0
20131022,2.7055,2.7055,2.6711,2.6711,254,0
20131028,2.6109,2.6109,2.6109,2.6109,1430,0
20131029,2.6109,2.6109,2.4902,2.4988,1056,0
20131030,2.4988,2.4988,2.4988,2.4988,1523,0
20131031,2.6281,2.6281,2.5247,2.5247,582,0
20131105,2.5506,2.5506,2.5419,2.5506,1742,0
20131107,2.585,2.6711,2.585,2.6711,31358,0
20131108,2.6711,2.6711,2.6711,2.6711,4061,0
20131112,2.7401,2.7401,2.7401,2.7401,1,0
20131113,2.7401,2.8434,2.6798,2.6798,14155,0
20131114,2.6798,2.6798,2.6798,2.6798,386,0
20131115,2.5936,2.6711,2.585,2.6711,3053,0
20131118,2.6281,2.6281,2.6281,2.6281,22,0
20131119,2.6281,2.6625,2.3695,2.4557,2052,0
20131120,2.4557,2.4557,2.4557,2.4557,789,0
20131121,2.3265,2.3265,2.3265,2.3265,581,0
20131122,2.3265,2.3351,2.3265,2.3351,2408,0
20131125,2.3351,2.5074,2.3351,2.5074,787,0
20131126,2.3695,2.3695,2.3695,2.3695,895,0
20131129,2.5677,2.5677,2.5677,2.5677,12,0
20131202,2.3782,2.3782,2.3782,2.3782,100,0
20131203,2.3782,2.3782,2.3782,2.3782,207,0
20131206,2.585,2.585,2.585,2.585,1042,0
20131209,2.6109,2.6109,2.6109,2.6109,12,0
20131210,2.6625,2.6711,2.6281,2.6281,6973,0
20131212,2.585,2.6366,2.585,2.6366,4287,0
20131213,2.6366,2.7315,2.4988,2.7229,503,0
20131216,2.7315,2.7315,2.7229,2.7229,630,0
20131217,2.7229,2.7229,2.6453,2.6453,340,0
20131219,2.6711,2.6711,2.4902,2.4902,6692,0
20131220,2.3609,2.3695,2.3438,2.3438,9237,0
20131223,2.404,2.5677,2.3782,2.5677,1486,0
20131227,2.5677,2.5677,2.5677,2.5677,73,0
20131230,2.3265,2.473,2.3265,2.473,1538,0
20140102,2.4988,2.4988,2.4988,2.4988,103,0
20140103,2.3695,2.5677,2.3695,2.5677,10,0
20140107,2.585,2.6366,2.585,2.6366,2977,0
20140108,2.4127,2.4817,2.4127,2.4817,788,0
20140109,2.4902,2.4902,2.4902,2.4902,3133,0
20140110,2.4298,2.4298,2.4213,2.4213,48,0
20140113,2.4298,2.4902,2.4213,2.4902,4909,0
20140114,2.5161,2.6109,2.5161,2.6109,1033,0
20140116,2.6109,2.6109,2.6109,2.6109,1,0
20140117,2.6109,2.6109,2.6109,2.6109,452,0
20140121,2.6109,2.6109,2.6109,2.6109,11606,0
20140122,2.5419,2.5419,2.4988,2.4988,1655,0
20140123,2.6109,2.6109,2.4988,2.4988,11759,0
20140124,2.6195,2.6195,2.6195,2.6195,150,0
20140129,2.6195,2.6195,2.6195,2.6195,3481,0
20140131,2.7055,2.7055,2.7055,2.7055,223,0
20140203,2.7055,2.7055,2.7055,2.7055,47,0
20140204,2.6109,2.6109,2.6109,2.6109,3801,0
20140205,2.7055,2.7055,2.7055,2.7055,27,0
20140207,2.6711,2.6711,2.6711,2.6711,7804,0
20140210,2.5936,2.5936,2.5936,2.5936,2900,0
20140211,2.3695,2.3695,2.2404,2.2404,462,0
20140213,2.292,2.292,2.292,2.292,12,0
20140217,2.585,2.6711,2.5763,2.6711,3794,0
20140218,2.6453,2.6539,2.6453,2.6539,581,0
20140219,2.585,2.585,2.404,2.4817,2227,0
20140220,2.4817,2.4817,2.4817,2.4817,202,0
20140221,2.585,2.585,2.585,2.585,581,0
20140225,2.585,2.585,2.4817,2.585,6240,0
20140227,2.5763,2.5763,2.5763,2.5763,1,0
20140303,2.4817,2.4817,2.4817,2.4817,1761,0
20140304,2.4817,2.585,2.4817,2.585,928,0
20140305,2.585,2.6453,2.585,2.6453,5803,0
20140306,2.6109,2.6109,2.6109,2.6109,3017,0
20140312,2.5074,2.5074,2.4817,2.4817,3423,0
20140313,2.404,2.404,2.404,2.404,1178,0
20140314,2.404,2.404,2.404,2.404,2282,0
20140318,2.3265,2.3265,2.2145,2.2145,4164,0
20140319,2.2145,2.2145,2.2145,2.2145,983,0
20140324,2.2059,2.2059,2.2059,2.2059,298,0
20140325,2.2059,2.2059,2.2059,2.2059,849,0
20140326,2.2059,2.2059,2.2059,2.2059,197,0
20140327,2.068,2.068,2.068,2.068,2180,0
20140402,1.9905,1.9905,1.9905,1.9905,1929,0
20140403,2.1024,2.1024,2.1024,2.1024,1679,0
20140407,2.2576,2.4817,2.2576,2.4817,6639,0
20140408,2.4902,2.5592,2.473,2.5592,223,0
20140410,2.5592,2.5592,2.5592,2.5592,100,0
20140411,2.3179,2.7315,2.3179,2.7315,533,0
20140414,2.4213,2.4213,2.4127,2.4127,1235,0
20140415,2.4298,2.6625,2.4127,2.6453,2843,0
20140422,2.4902,2.5074,2.4902,2.5074,1376,0
20140423,2.4557,2.5592,2.4557,2.5592,723,0
20140424,2.4557,2.4557,2.4557,2.4557,1032,0
20140425,2.4557,2.4557,2.4557,2.4557,965,0
20140428,2.5592,3.0675,2.5592,3.0675,8568,0
20140429,3.0589,3.2572,2.8434,2.8434,4302,0
20140502,2.8866,2.8866,2.8866,2.8866,183,0
20140505,2.8866,2.8866,2.6884,2.6884,286,0
20140506,2.6453,2.6453,2.6453,2.6453,65,0
20140508,2.8434,2.9296,2.8434,2.8434,8848,0
20140509,2.8004,3.0245,2.8004,3.0245,2584,0
20140512,2.8952,3.1795,2.8952,3.102,11450,0
20140513,2.9814,2.9814,2.9814,2.9814,1,0
20140514,2.9814,2.9814,2.8434,2.8434,271,0
20140515,2.8434,2.8434,2.8434,2.8434,51,0
20140520,2.8434,2.8434,2.8434,2.8434,860,0
20140522,2.8952,2.8952,2.8952,2.8952,2592,0
20140523,2.7745,2.7745,2.7745,2.7745,126,0
20140526,2.9728,2.9728,2.9728,2.9728,877,0
20140527,2.9986,2.9986,2.9986,2.9986,1,0
20140528,2.9986,3.1623,2.9986,3.1537,6801,0
20140530,3.0331,3.0331,3.0331,3.0331,133,0
20140602,3.102,3.102,3.102,3.102,1,0
20140603,3.145,3.145,3.145,3.145,464,0
20140604,2.9986,2.9986,2.9986,2.9986,410,0
20140606,3.0072,3.0072,3.0072,3.0072,1,0
20140609,3.145,3.145,2.9986,2.9986,526,0
20140611,2.9986,2.9986,2.9986,2.9986,368,0
20140612,2.9986,2.9986,2.9986,2.9986,1132,0
20140616,2.9986,2.9986,2.9986,2.9986,1,0
20140620,2.9986,2.9986,2.9986,2.9986,1,0
20140623,2.9986,2.9986,2.9986,2.9986,1,0
20140624,3.102,3.102,3.102,3.102,4,0
20140630,3.0159,3.0159,3.0159,3.0159,2554,0
20140703,2.9986,2.9986,2.9986,2.9986,721,0
20140704,2.9986,2.9986,2.9986,2.9986,8,0
20140708,2.9468,2.9468,2.9468,2.9468,402,0
20140710,2.9296,2.9296,2.9296,2.9296,280,0
20140715,2.9296,2.9296,2.9296,2.9296,1502,0
20140716,2.8693,2.8693,2.8693,2.8693,17,0
20140717,2.8693,2.8693,2.8693,2.8693,168,0
20140721,2.8693,3.0159,2.8693,3.0159,7370,0
20140723,2.9728,2.9728,2.9728,2.9728,172,0
20140724,3.0159,3.0159,3.0159,3.0159,1,0
20140725,2.9814,2.9814,2.9814,2.9814,1,0
20140729,2.8693,2.8693,2.8693,2.8693,69,0
20140731,2.9038,2.9038,2.9038,2.9038,1,0
20140801,2.9038,2.9038,2.9038,2.9038,385,0
20140804,2.9038,2.9038,2.9038,2.9038,1,0
20140805,2.8434,2.8434,2.8434,2.8434,1,0
20140806,2.9038,2.9038,2.9038,2.9038,1,0
20140813,2.7832,2.7832,2.7832,2.7832,192,0
20140819,2.7832,2.7832,2.7832,2.7832,219,0
20140820,2.7832,2.7832,2.7832,2.7832,53,0
20140821,2.9038,2.9038,2.9038,2.9038,1,0
20140822,2.9038,2.9038,2.9038,2.9038,2671,0
20140825,2.7918,2.7918,2.7918,2.7918,1600,0
20140826,2.8434,2.8434,2.8434,2.8434,7,0
20140827,2.9641,2.9641,2.9641,2.9641,1,0
20140828,2.8434,2.8434,2.8434,2.8434,321,0
20140829,2.9641,2.9641,2.9641,2.9641,1,0
20140901,2.8434,2.8434,2.8434,2.8434,338,0
20140902,2.9641,2.9641,2.9641,2.9641,1,0
20140903,2.8939,2.8939,2.8939,2.8939,1,0
20140904,2.8939,2.8939,2.8939,2.8939,1,0
20140905,2.8939,2.8939,2.8939,2.8939,1,0
20140908,2.8939,2.8939,2.8939,2.8939,1,0
20140909,2.8939,2.8939,2.78,2.8677,964,0
20140910,2.8939,2.8939,2.8939,2.8939,4,0
20140912,2.8939,2.8939,2.8939,2.8939,1,0
20140915,2.8939,2.8939,2.8939,2.8939,1,0
20140916,2.7536,2.8939,2.7536,2.8939,771,0
20140917,2.8501,2.8501,2.8501,2.8501,12,0
20140918,2.8062,2.8062,2.8062,2.8062,587,0
20140919,2.8062,2.8062,2.8062,2.8062,2280,0
20140922,2.7624,2.7624,2.7536,2.7536,5341,0
20140923,2.7536,2.7536,2.7536,2.7536,5097,0
20140925,2.6309,2.6309,2.6309,2.6309,632,0
20140929,2.6046,2.6046,2.6046,2.6046,326,0
20140930,2.6396,2.6396,2.6396,2.6396,23,0
20141001,2.6396,2.6396,2.6396,2.6396,22,0
20141002,2.6396,2.6396,2.6396,2.6396,2035,0
20141003,2.5607,2.5607,2.5607,2.5607,51,0
20141006,2.5607,2.5607,2.5607,2.5607,196,0
20141007,2.8062,2.8062,2.8062,2.8062,1,0
20141008,2.8062,2.8062,2.8062,2.8062,1,0
20141009,2.8062,2.8062,2.8062,2.8062,1,0
20141010,2.5607,2.5607,2.5607,2.5607,228,0
20141013,2.5607,2.5607,2.5607,2.5607,220,0
20141014,2.5607,2.5607,2.5607,2.5607,196,0
20141015,2.6309,2.6309,2.6309,2.6309,1,0
20141016,2.6309,2.6309,2.6309,2.6309,2,0
20141017,2.5432,2.5432,2.5169,2.5432,5871,0
20141020,2.5169,2.5169,2.5169,2.5169,67,0
20141021,2.5169,2.5169,2.5169,2.5169,1,0
20141022,2.5169,2.5169,2.5169,2.5169,46,0
20141023,2.5169,2.5169,2.5169,2.5169,6061,0
20141027,2.4204,2.4204,2.4204,2.4204,66,0
20141028,2.4204,2.4204,2.4204,2.4204,73,0
20141029,2.4204,2.4204,2.4204,2.4204,3282,0
20141030,2.3678,2.3678,2.3678,2.3678,10,0
20141104,2.4204,2.4204,2.4204,2.4204,1,0
20141105,2.4204,2.4204,2.4204,2.4204,570,0
20141106,2.4028,2.4028,2.4028,2.4028,5,0
20141107,2.4116,2.4116,2.4116,2.4116,228,0
20141110,2.3941,2.3941,2.3151,2.3151,2658,0
20141112,2.3151,2.3151,2.3151,2.3151,1,0
20141113,2.3151,2.3151,2.3151,2.3151,1,0
20141114,2.3151,2.3151,2.3151,2.3151,1,0
20141117,2.3151,2.3151,2.3151,2.3151,1,0
20141118,2.3151,2.3151,2.3151,2.3151,1,0
20141119,2.3151,2.3151,2.3151,2.3151,1,0
20141120,2.3151,2.3151,2.3151,2.3151,50,0
20141124,2.2538,2.2538,2.2538,2.2538,349,0
20141125,2.2538,2.2538,2.2538,2.2538,460,0
20141126,2.2538,2.2538,2.2538,2.2538,1,0
20141127,2.2538,2.2538,2.2538,2.2538,1,0
20141128,2.2538,2.2538,2.2538,2.2538,18,0
20141201,2.2538,2.2538,2.2538,2.2538,1,0
20141202,2.2538,2.2538,2.2538,2.2538,2,0
20141203,2.2625,2.2625,2.2625,2.2625,1,0
20141204,2.2801,2.2801,2.2801,2.2801,1,0
20141205,2.2538,2.2538,2.2538,2.2538,1,0
20141208,2.2538,2.2538,2.2538,2.2538,4,0
20141210,2.2538,2.2538,2.2538,2.2538,324,0
20141212,2.2538,2.2538,2.0346,2.0346,6902,0
20141219,2.0871,2.0871,2.0871,2.0871,8,0
20141222,2.0871,2.0871,2.0082,2.0082,8430,0
20141223,1.8855,1.8855,1.8066,1.8066,2964,0
20141230,1.8153,2.1573,1.8153,2.1573,729,0
20150105,2.0871,2.0871,2.0871,2.0871,2,0
20150107,2.0871,2.0871,2.0871,2.0871,17,0
20150108,2.1924,2.1924,2.1924,2.1924,156,0
20150112,2.0871,2.0871,2.0871,2.0871,1,0
20150113,2.0871,2.0871,2.0871,2.0871,1,0
20150114,2.0871,2.1486,2.0871,2.1486,962,0
20150115,2.0696,2.0696,2.0696,2.0696,1,0
20150116,2.0696,2.0696,2.0696,2.0696,3768,0
20150119,2.0696,2.0696,2.0696,2.0696,10,0
20150120,2.0696,2.0696,1.9644,1.9644,422,0
20150121,1.9644,1.9644,1.9644,1.9644,176,0
20150122,1.9468,1.9468,1.9468,1.9468,25,0
20150123,1.9468,1.9468,1.9468,1.9468,26,0
20150126,1.9468,1.9468,1.9468,1.9468,27,0
20150127,1.9468,1.9468,1.9468,1.9468,39,0
20150128,1.9468,1.9468,1.9468,1.9468,16,0
20150129,1.9468,1.9468,1.9468,1.9468,1,0
20150130,1.9468,1.9468,1.9468,1.9468,148,0
20150202,1.9468,1.9468,1.9468,1.9468,1,0
20150203,1.9468,1.9468,1.9468,1.9468,1,0
20150204,1.9468,1.9468,1.9468,1.9468,1,0
20150205,1.9468,1.9468,1.9468,1.9468,1,0
20150209,1.9468,1.9468,1.9468,1.9468,1,0
20150210,1.9468,1.9468,1.9468,1.9468,1,0
20150211,1.9468,1.9468,1.9468,1.9468,1,0
20150212,1.9468,1.9468,1.9468,1.9468,393,0
20150213,1.9468,1.9468,1.9468,1.9468,25,0
20150216,1.9468,1.9468,1.9468,1.9468,1,0
20150217,1.9468,1.9732,1.9468,1.9732,1141,0
20150218,1.9556,1.982,1.9556,1.982,681,0
20150219,1.9644,1.9644,1.9644,1.9644,1,0
20150220,2.0082,2.0082,2.0082,2.0082,12,0
20150223,1.982,1.982,1.9468,1.9468,201,0
20150224,1.9468,1.9468,1.9468,1.9468,29,0
20150226,1.903,1.903,1.903,1.903,90,0
20150302,1.903,1.903,1.903,1.903,7,0
20150303,1.9468,1.9994,1.9468,1.9994,5199,0
20150304,1.9732,1.9732,1.9732,1.9732,60,0
20150305,1.9732,1.9732,1.9732,1.9732,1,0
20150306,1.982,1.982,1.982,1.982,16,0
20150309,1.9907,1.9907,1.982,1.982,13500,0
20150310,1.982,1.982,1.9293,1.9293,8462,0
20150311,1.9994,1.9994,1.9293,1.9293,1398,0
20150312,1.9205,1.9644,1.9205,1.9205,3894,0
20150313,1.9117,1.9117,1.8767,1.8767,2303,0
20150316,1.8767,1.8767,1.8767,1.8767,4,0
20150317,1.9732,1.9732,1.8855,1.9556,10923,0
20150318,2.0346,2.0346,1.9556,1.9732,7927,0
20150319,2.017,2.1924,2.017,2.1223,5986,0
20150320,2.0784,2.0784,2.0784,2.0784,958,0
20150323,2.1135,2.1135,2.1135,2.1135,867,0
20150325,2.1836,2.2187,2.1836,2.2187,5338,0
20150326,2.2187,2.2187,2.1924,2.1924,69982,0
20150327,2.2801,2.2889,2.2801,2.2889,3421,0
20150330,2.2889,2.2889,2.2889,2.2889,114,0
20150331,2.2889,2.2889,2.2889,2.2889,1152,0
20150401,2.2889,2.2889,2.2801,2.2801,6044,0
20150402,2.1573,2.1573,2.1573,2.1573,366,0
20150407,2.1573,2.1573,2.1573,2.1573,262,0
20150409,2.1573,2.1924,2.1573,2.1924,122,0
20150410,2.1573,2.1573,2.1573,2.1573,736,0
20150413,2.1661,2.1661,2.1573,2.1573,1385,0
20150414,2.1486,2.1486,2.0871,2.0871,3891,0
20150415,2.0521,2.0521,1.9994,1.9994,4561,0
20150420,1.9732,1.9732,1.9732,1.9732,633,0
20150421,1.9556,1.9556,1.9381,1.9381,5653,0
20150422,1.9381,1.9381,1.9381,1.9381,12,0
20150423,1.9732,2.017,1.9732,2.017,7811,0
20150427,1.9907,1.9907,1.9907,1.9907,8,0
20150428,1.9907,1.9907,1.9907,1.9907,1,0
20150429,2.0784,2.1924,2.0784,2.1573,15689,0
20150430,2.1661,2.2625,2.1135,2.1135,1462,0
20150504,2.1486,2.2713,2.1135,2.2713,7106,0
20150505,2.1924,2.1924,2.1924,2.1924,628,0
20150506,2.1223,2.1223,2.1223,2.1223,1,0
20150507,2.1223,2.1223,2.017,2.0346,2911,0
20150508,2.0346,2.0871,1.9381,1.9381,1733,0
20150511,2.1047,2.1047,2.1047,2.1047,11403,0
20150512,2.1748,2.21,2.1223,2.1836,6263,0
20150514,2.1924,2.4116,2.1748,2.4116,87505,0
20150515,2.5169,2.5169,2.4993,2.5081,4211,0
20150518,2.5344,2.6572,2.4292,2.4292,1722,0
20150519,2.4555,2.4643,2.1924,2.1924,13329,0
20150520,2.1924,2.4116,2.1924,2.3327,1117,0
20150521,2.4555,2.4555,2.4467,2.4467,14,0
20150522,2.2625,2.3064,2.2625,2.3064,3501,0
20150525,2.3064,2.3064,2.2801,2.3064,3538,0
20150526,2.3239,2.3239,2.3239,2.3239,684,0
20150527,2.3239,2.3415,2.3239,2.3415,1859,0
20150528,2.2801,2.2801,2.2801,2.2801,570,0
20150529,2.2801,2.2889,2.2801,2.2801,2623,0
20150601,2.2801,2.2801,2.2538,2.2538,7614,0
20150602,2.2801,2.2801,2.2801,2.2801,570,0
20150603,2.2012,2.2012,2.2012,2.2012,1140,0
20150605,2.21,2.2713,2.017,2.1486,14858,0
20150608,2.1836,2.1924,2.1836,2.1924,3079,0
20150609,2.1924,2.2977,2.1836,2.1836,4079,0
20150610,2.2889,2.2977,2.1924,2.21,1895,0
20150611,2.2187,2.2187,2.21,2.21,832,0
20150612,2.2275,2.2275,2.21,2.21,1959,0
20150615,2.2275,2.245,2.2275,2.245,2280,0
20150616,2.2801,2.4116,2.2625,2.4116,4806,0
20150617,2.4116,2.4116,2.3415,2.3415,1418,0
20150618,2.2889,2.2889,2.2625,2.2625,4561,0
20150619,2.2801,2.2801,2.2801,2.2801,2861,0
20150622,2.2889,2.2889,2.2889,2.2889,12,0
20150623,2.3415,2.3415,2.3415,2.3415,1471,0
20150625,2.2977,2.2977,2.2625,2.2625,9392,0
20150626,2.2713,2.2713,2.1223,2.2713,10036,0
20150629,2.1924,2.2801,2.1924,2.2713,8903,0
20150630,2.2713,2.2713,2.245,2.2713,1254,0
20150701,2.2801,2.438,2.2801,2.4204,18764,0
20150702,2.5432,2.6484,2.5257,2.5958,29303,0
20150703,2.8344,2.9489,2.7199,2.8439,10405,0
20150706,2.6244,2.6244,2.5767,2.5767,356,0
20150708,2.4336,2.4526,2.3668,2.4526,7951,0
20150713,2.2904,2.2904,2.2904,2.2904,241,0
20150714,2.2904,2.2904,2.2904,2.2904,89,0
20150715,2.3095,2.3095,2.3095,2.3095,81,0
20150716,2.3381,2.3763,2.3381,2.3763,3592,0
20150717,2.424,2.424,2.424,2.424,50,0
20150720,2.3668,2.3668,2.3668,2.3668,90,0
20150722,2.3381,2.3381,2.3381,2.3381,1048,0
20150724,2.3286,2.3668,2.3286,2.3668,2040,0
20150727,2.3668,2.3668,2.3286,2.3286,2031,0
20150729,2.3,2.3,2.3,2.3,1048,0
20150804,2.319,2.319,2.2713,2.2713,304,0
20150806,2.3572,2.3572,2.3572,2.3572,209,0
20150811,2.3572,2.3572,2.3572,2.3572,6287,0
20150812,2.2904,2.2904,2.2904,2.2904,4401,0
20150813,2.2713,2.3477,2.2236,2.3477,5253,0
20150817,2.3381,2.3381,2.3381,2.3381,2,0
20150818,2.2236,2.3286,2.2236,2.3286,496,0
20150819,2.3381,2.3381,2.3381,2.3381,94,0
20150820,2.3381,2.3572,2.3381,2.3572,4191,0
20150821,2.4145,2.8248,2.4145,2.8058,26794,0
20150824,2.6721,2.7867,2.6244,2.634,5553,0
20150825,2.634,2.6531,2.634,2.6531,590,0
20150826,2.6435,2.6435,2.6435,2.6435,590,0
20150827,2.5481,2.5481,2.5481,2.5481,137,0
20150828,2.5767,2.5767,2.529,2.529,3399,0
20150831,2.4526,2.4526,2.3381,2.3381,6711,0
20150901,2.4336,2.4336,2.3381,2.3381,1636,0
20150902,2.2618,2.2618,2.2618,2.2618,1,0
20150903,2.3381,2.3858,2.195,2.3858,2817,0
20150904,2.3858,2.3858,2.3858,2.3858,79,0
20150907,2.3763,2.3763,2.3763,2.3763,2,0
20150908,2.2713,2.2713,2.2713,2.2713,231,0
20150909,2.2713,2.2713,2.2618,2.2618,588,0
20150910,2.2713,2.3572,2.2618,2.3572,4236,0
20150911,2.2045,2.3572,2.2045,2.3572,1051,0
20150914,2.2904,2.2904,2.2904,2.2904,1,0
20150915,2.1854,2.3572,2.1854,2.3572,2263,0
20150916,2.3572,2.3572,2.2904,2.3477,2099,0
20150917,2.2904,2.2904,2.2809,2.2809,4244,0
20150918,2.2427,2.2427,2.2427,2.2427,462,0
20150921,2.2427,2.2904,2.2427,2.2904,1058,0
20150922,2.2236,2.3572,2.2236,2.2332,1733,0
20150923,2.2045,2.2045,2.195,2.195,3311,0
20150924,2.3668,2.3668,2.3381,2.3381,713,0
20150925,2.3477,2.3477,2.3477,2.3477,487,0
20150928,2.2332,2.2522,2.195,2.195,5052,0
20150929,2.0805,2.1091,2.0709,2.0995,4307,0
20150930,2.1091,2.1091,2.0995,2.0995,304,0
20151001,2.3095,2.3095,2.3095,2.3095,1,0
20151005,2.3,2.3,2.3,2.3,1,0
20151007,2.0995,2.2904,2.0995,2.2904,51,0
20151008,2.2809,2.2809,2.195,2.2809,1138,0
20151012,2.2809,2.2809,2.2809,2.2809,440,0
20151013,2.195,2.195,2.0614,2.0614,1362,0
20151014,2.2809,2.2809,2.1186,2.1186,251,0
20151015,2.1186,2.1186,2.1186,2.1186,9,0
20151016,2.1568,2.1568,2.1568,2.1568,809,0
20151019,2.2618,2.2618,2.1473,2.1473,1993,0
20151020,2.1473,2.195,2.1473,2.195,2819,0
20151022,2.1854,2.1854,2.1854,2.1854,1,0
20151023,2.195,2.195,2.195,2.195,1048,0
20151026,2.1568,2.1663,2.1568,2.1568,1484,0
20151027,2.2332,2.2332,2.2332,2.2332,1,0
20151028,2.1568,2.2713,2.1186,2.2713,6054,0
20151029,2.3095,2.3095,2.1473,2.195,88262,0
20151030,2.2141,2.2141,2.2141,2.2141,114,0
20151102,2.1377,2.1568,2.1377,2.1473,1929,0
20151103,2.2522,2.2522,2.195,2.195,1908,0
20151104,2.195,2.195,2.1663,2.1663,2756,0
20151105,2.1663,2.1663,2.0709,2.1568,5972,0
20151106,2.0805,2.09,2.0805,2.09,3070,0
20151109,2.2618,2.2618,2.1663,2.1663,1046,0
20151112,2.1663,2.1663,2.1663,2.1663,1523,0
20151116,2.1759,2.1759,2.1663,2.1663,751,0
20151117,2.2427,2.2427,2.2427,2.2427,15,0
20151119,2.2141,2.2141,2.1663,2.1663,674,0
20151120,2.2141,2.2141,2.2141,2.2141,1,0
20151123,2.2141,2.2141,2.2141,2.2141,1,0
20151125,2.2236,2.2236,2.2236,2.2236,1,0
20151126,2.2236,2.2236,2.2236,2.2236,1,0
20151127,2.2236,2.2236,2.2236,2.2236,1,0
20151130,2.2236,2.2236,2.2236,2.2236,1,0
20151201,2.1091,2.1091,2.1091,2.1091,105,0
20151202,2.1091,2.1091,2.1091,2.1091,3,0
20151203,2.2236,2.2236,2.2236,2.2236,1,0
20151204,2.2236,2.2236,2.09,2.09,1735,0
20151207,2.0041,2.09,2.0041,2.09,241,0
20151208,2.09,2.195,2.0041,2.0041,1157,0
20151209,2.1854,2.1854,2.1854,2.1854,1,0
20151210,2.1854,2.1854,2.1854,2.1854,1,0
20151211,2.1854,2.1854,2.1759,2.1759,85,0
20151214,2.0041,2.1759,1.9564,1.9564,2691,0
20151218,1.9564,1.9564,1.9564,1.9564,44,0
20151221,1.9564,1.9659,1.9564,1.9659,949,0
20151222,1.9755,1.9755,1.9659,1.9659,568,0
20151223,1.9755,1.9755,1.9755,1.9755,622,0
20151228,1.9755,1.9755,1.9468,1.9755,3358,0
20151230,1.9755,1.9755,1.9755,1.9755,1,0
20160105,2.0709,2.0709,2.0709,2.0709,5,0
20160107,2.0041,2.0709,2.0041,2.0709,576,0
20160112,2.0041,2.0041,2.0041,2.0041,67,0
20160113,2.0232,2.0232,2.0232,2.0232,629,0
20160115,2.0614,2.0614,2.0614,2.0614,1886,0
20160119,2.0614,2.0614,2.0614,2.0614,3720,0
20160120,2.0614,2.0614,2.0614,2.0614,524,0
20160121,2.0518,2.0518,2.0518,2.0518,1,0
20160122,2.0518,2.0518,1.985,1.985,5616,0
20160126,2.0614,2.0709,2.0614,2.0709,84,0
20160127,1.9278,2.0614,1.9278,2.0614,765,0
20160128,1.985,1.985,1.985,1.985,1572,0
20160129,1.985,1.985,1.985,1.985,11139,0
20160201,1.985,1.985,1.985,1.985,1048,0
20160203,1.9278,1.9278,1.9278,1.9278,355,0
20160205,1.9946,2.0614,1.9946,2.0614,3773,0
20160208,2.0327,2.0327,1.9755,1.9755,10243,0
20160209,1.9755,2.0232,1.9755,2.0232,4926,0
20160210,2.0423,2.1759,2.0423,2.1377,14021,0
20160211,2.0614,2.0614,1.985,2.0518,21424,0
20160212,2.0518,2.0518,1.9755,1.985,10534,0
20160215,1.9755,1.9755,1.9564,1.9564,7656,0
20160216,1.9659,1.985,1.9659,1.985,1990,0
20160217,1.9659,1.985,1.9564,1.985,2620,0
20160218,1.9564,1.9564,1.9564,1.9564,4191,0
20160219,1.9755,1.9755,1.9755,1.9755,105,0
20160222,1.9755,1.985,1.9755,1.985,16199,0
20160223,1.9755,1.985,1.9755,1.9755,10788,0
20160224,1.9755,1.985,1.9755,1.985,4747,0
20160225,1.9755,1.985,1.9755,1.985,5075,0
20160226,1.985,1.9946,1.9755,1.985,21658,0
20160229,1.985,1.9946,1.985,1.985,5322,0
20160301,1.985,2.0041,1.985,2.0041,5804,0
20160302,1.985,1.985,1.985,1.985,3017,0
20160303,1.9946,1.9946,1.9946,1.9946,227,0
20160304,1.985,1.985,1.985,1.985,1409,0
20160307,1.9946,2.0041,1.985,2.0041,15662,0
20160308,2.0041,2.0137,1.9946,2.0137,4581,0
20160309,2.0423,2.0709,2.0423,2.0614,5032,0
20160310,2.09,2.0995,2.0805,2.0805,14490,0
20160311,2.1377,2.1473,2.1282,2.1377,4055,0
20160314,2.1377,2.1473,2.1377,2.1473,754,0
20160315,2.1377,2.1663,2.1377,2.1663,5323,0
20160316,2.1186,2.1186,2.1091,2.1091,1257,0
20160317,2.1091,2.1759,2.1091,2.1663,14755,0
20160318,2.2904,2.4813,2.2427,2.4431,92460,0
20160321,2.3858,2.5863,2.3381,2.5767,16705,0
20160322,2.5576,2.5576,2.3381,2.4717,20974,0
20160323,2.5481,2.5576,2.4622,2.4622,4684,0
20160324,2.4813,2.5576,2.4431,2.4622,2366,0
20160329,2.4526,2.5481,2.4526,2.5385,1528,0
20160330,2.5385,2.5385,2.5385,2.5385,65,0
20160331,2.529,2.529,2.529,2.529,524,0
20160401,2.4622,2.4622,2.2904,2.4336,27653,0
20160404,2.4717,2.5195,2.3954,2.4717,1887,0
20160405,2.3954,2.4622,2.3954,2.4622,4108,0
20160406,2.3954,2.4622,2.3954,2.4622,1001,0
20160407,2.4622,2.4622,2.3572,2.4431,13466,0
20160408,2.4336,2.4336,2.4336,2.4336,251,0
20160411,2.4145,2.4145,2.4145,2.4145,5,0
20160412,2.4049,2.4049,2.3668,2.3668,2196,0
20160413,2.3668,2.3954,2.3,2.3954,24011,0
20160414,2.3286,2.3381,2.3286,2.3286,4097,0
20160415,2.3572,2.3668,2.3,2.3668,9377,0
20160418,2.3286,2.3286,2.3095,2.3286,2024,0
20160419,2.3572,2.3572,2.3477,2.3477,519,0
20160420,2.4526,2.4813,2.4526,2.4813,2735,0
20160421,2.4145,2.4145,2.4145,2.4145,1,0
20160422,2.4145,2.4717,2.4145,2.4717,8930,0
20160425,2.5004,2.5004,2.4336,2.4908,1034,0
20160426,2.4049,2.4717,2.4049,2.4717,420,0
20160427,2.4813,2.4813,2.4813,2.4813,5,0
20160428,2.4813,2.4813,2.4813,2.4813,23,0
20160429,2.4813,2.4813,2.4813,2.4813,5,0
20160502,2.4717,2.4717,2.4717,2.4717,634,0
20160504,2.4622,2.4908,2.4622,2.4908,6370,0
20160505,2.4431,2.5195,2.4049,2.5195,17463,0
20160506,2.5195,2.529,2.5099,2.5099,2090,0
20160509,2.529,2.529,2.529,2.529,2,0
20160510,2.529,2.7008,2.529,2.6721,20317,0
20160511,2.6626,2.6721,2.5672,2.6531,6649,0
20160512,2.5672,2.5672,2.4145,2.4622,18380,0
20160513,2.3763,2.4622,2.3572,2.3858,5995,0
20160516,2.3572,2.3668,2.2904,2.3668,4947,0
20160517,2.3572,2.3763,2.3095,2.3668,2707,0
20160518,2.319,2.319,2.319,2.319,2149,0
20160519,2.319,2.3477,2.2713,2.2904,9709,0
20160520,2.2809,2.2904,2.2809,2.2904,658,0
20160523,2.2332,2.2332,2.2332,2.2332,8,0
20160524,2.2332,2.2904,2.2332,2.2904,785,0
20160525,2.2427,2.2904,2.2427,2.2904,2693,0
20160527,2.3858,2.5195,2.2904,2.4717,11317,0
20160530,2.3477,2.4622,2.2427,2.3381,10271,0
20160601,2.2618,2.3095,2.0423,2.0423,23969,0
20160602,2.1091,2.2427,2.1091,2.2427,3741,0
20160606,2.2141,2.2236,2.2141,2.2236,220,0
20160607,2.195,2.2236,2.195,2.2236,738,0
20160609,2.0805,2.2236,2.0805,2.2236,629,0
20160610,2.0709,2.1854,2.0709,2.1854,507,0
20160613,2.0709,2.1759,2.0518,2.1759,1394,0
20160614,2.1759,2.1759,2.0709,2.1282,1498,0
20160615,2.0709,2.09,2.0327,2.09,9400,0
20160616,1.985,2.0232,1.985,2.0232,639,0
20160620,1.9946,2.0041,1.9182,1.9468,8684,0
20160621,1.9468,2.0518,1.9468,2.0518,838,0
20160622,2.0041,2.0041,1.9278,1.9755,3368,0
20160623,1.9182,2.0805,1.9182,2.0805,5084,0
20160624,1.9373,2.0518,1.9373,2.0518,525,0
20160627,1.9373,2.0041,1.9373,2.0041,1878,0
20160628,2.0041,2.0137,1.9564,2.0137,2358,0
20160630,1.985,2.0137,1.985,2.0137,524,0
20160704,2.0137,2.0327,2.0137,2.0327,346,0
20160705,2.0232,2.0232,2.0232,2.0232,377,0
20160706,2.0232,2.0232,2.0232,2.0232,776,0
20160708,2.0232,2.0232,2.0232,2.0232,786,0
20160714,2.0232,2.0327,2.0232,2.0327,2882,0
20160715,2.0327,2.0327,1.9755,1.9755,64,0
20160718,1.9755,2.0232,1.9755,2.0232,499,0
20160719,1.9755,2.0423,1.9755,2.0423,1181,0
20160726,2.0518,2.09,2.0041,2.0518,13678,0
20160727,2.0423,2.0805,2.0041,2.0805,8811,0
20160728,2.0805,2.1282,2.0805,2.1186,24745,0
20160729,2.1186,2.1186,2.0805,2.09,18592,0
20160801,2.09,2.09,2.02,2.03,2350,0
20160802,2.09,2.09,2.09,2.09,1500,0
20160803,2.06,2.06,2.03,2.03,2300,0
20160804,2.03,2.03,2,2.03,1936,0
20160805,2.06,2.06,2.02,2.05,5583,0
20160809,2.03,2.03,2.03,2.03,1300,0
20160810,2.02,2.03,2,2.03,4709,0
20160812,2.01,2.01,2.01,2.01,500,0
20160816,2,2.04,1.98,2.04,2190,0
20160817,2.02,2.02,1.93,1.93,11710,0
20160818,1.88,1.9,1.87,1.9,2513,0
20160819,1.9,2.02,1.9,2.01,9448,0
20160822,2.01,2.01,1.95,1.95,840,0
20160823,2,2,1.96,1.96,740,0
20160824,1.96,1.96,1.95,1.95,1685,0
20160825,1.95,1.98,1.95,1.95,9012,0
20160826,1.97,1.97,1.95,1.95,2981,0
20160829,1.94,1.98,1.94,1.98,67,0
20160830,1.94,1.98,1.94,1.98,2005,0
20160831,1.98,1.98,1.98,1.98,2000,0
20160901,1.93,1.98,1.93,1.98,1610,0
20160902,1.98,1.98,1.95,1.95,550,0
20160906,1.96,1.96,1.95,1.95,169,0
20160907,1.98,1.99,1.98,1.99,1500,0
20160908,2,2,1.93,1.93,2750,0
20160909,1.92,1.97,1.92,1.97,1501,0
20160912,1.93,1.96,1.93,1.96,670,0
20160914,1.94,1.94,1.91,1.91,1910,0
20160915,1.96,1.96,1.96,1.96,10,0
20160916,1.9,1.9,1.9,1.9,3898,0
20160919,1.9,1.9,1.88,1.88,2213,0
20160920,1.92,1.92,1.88,1.92,1079,0
20160921,1.92,1.92,1.92,1.92,2,0
20160922,1.92,1.92,1.88,1.88,9,0
20160923,1.92,1.92,1.92,1.92,2,0
20160926,1.92,1.92,1.87,1.87,4113,0
20160927,1.92,1.92,1.92,1.92,2,0
20160928,1.92,1.92,1.87,1.87,161,0
20160929,1.92,1.94,1.92,1.93,8785,0
20160930,1.9,1.9,1.9,1.9,4200,0
20161003,1.94,1.94,1.91,1.91,1002,0
20161004,1.89,1.93,1.89,1.89,5849,0
20161005,1.88,1.89,1.88,1.89,2001,0
20161007,1.88,1.88,1.88,1.88,106,0
20161010,1.88,1.93,1.88,1.93,21,0
20161011,1.89,1.93,1.89,1.93,690,0
20161012,1.93,1.93,1.89,1.9,441,0
20161013,1.89,1.89,1.89,1.89,2236,0
20161014,1.88,1.89,1.88,1.89,1841,0
20161017,1.89,1.89,1.89,1.89,1900,0
20161018,1.9,1.9,1.9,1.9,200,0
20161019,1.88,1.88,1.88,1.88,84,0
20161020,1.88,1.89,1.88,1.89,174,0
20161021,1.89,1.89,1.89,1.89,5,0
20161024,1.88,1.88,1.88,1.88,45,0
20161025,1.88,1.88,1.88,1.88,1621,0
20161026,1.86,1.86,1.86,1.86,1464,0
20161027,1.86,1.86,1.86,1.86,1,0
20161028,1.86,1.94,1.86,1.94,1416,0
20161031,1.94,1.94,1.87,1.87,2452,0
20161102,1.87,1.87,1.87,1.87,801,0
20161103,1.86,1.92,1.86,1.92,15,0
20161104,1.86,1.86,1.86,1.86,1,0
20161107,1.86,1.86,1.86,1.86,1,0
