Date,Open,High,Low,Close,Volume,OpenInt
20070925,14.75,14.831,14.144,14.741,244376,0
20070926,14.741,15.59,14.669,15.42,196095,0
20070927,15.517,15.759,15.478,15.752,66484,0
20070928,15.703,15.946,15.703,15.921,66365,0
20071001,15.921,15.946,15.517,15.517,35961,0
20071002,15.558,15.719,15.517,15.517,103940,0
20071003,15.283,15.662,15.283,15.558,21565,0
20071004,15.364,15.598,15.355,15.574,58543,0
20071005,15.355,15.517,15.355,15.517,8414,0
20071008,15.468,15.598,15.404,15.598,21396,0
20071009,15.639,15.759,15.517,15.759,50970,0
20071010,15.759,15.759,15.639,15.759,16162,0
20071011,15.759,15.921,15.678,15.904,7706,0
20071012,15.904,15.904,15.841,15.897,884,0
20071015,15.841,15.888,15.678,15.888,6165,0
20071016,15.719,15.759,15.719,15.759,4577,0
20071017,15.759,15.759,15.759,15.759,1114,0
20071018,15.769,15.881,15.769,15.841,329,0
20071019,15.8,15.841,15.8,15.841,674,0
20071022,15.719,15.719,15.364,15.371,1484,0
20071023,15.759,15.759,15.719,15.759,796,0
20071024,15.687,15.832,15.687,15.832,3273,0
20071025,15.517,15.921,15.517,15.921,7477,0
20071026,15.857,15.881,15.639,15.881,12942,0
20071029,15.962,16.155,15.962,16.155,1287,0
20071030,16.487,16.487,15.355,15.841,7279,0
20071031,15.316,16.042,15.316,16.042,21811,0
20071102,15.759,15.841,15.759,15.841,3681,0
20071105,15.436,15.445,15.436,15.445,8191,0
20071106,15.436,15.598,15.436,15.598,10418,0
20071107,15.598,15.598,15.348,15.348,8250,0
20071108,14.831,15.194,14.831,15.194,931,0
20071109,14.951,15.194,14.951,15.154,6831,0
20071112,15.154,15.154,14.564,14.564,16379,0
20071113,14.709,14.709,14.564,14.588,6003,0
20071114,15.962,15.962,15.525,15.671,13232,0
20071115,14.831,14.951,14.831,14.831,3255,0
20071116,14.628,15.558,14.628,15.355,15032,0
20071119,15.678,15.678,14.992,15.355,1340,0
20071120,15.639,15.639,14.789,14.789,330,0
20071121,14.709,15.517,14.709,15.355,8672,0
20071122,15.355,15.759,15.316,15.759,7486,0
20071123,15.678,15.678,15.517,15.639,1167,0
20071126,14.637,15.759,14.637,15.671,3788,0
20071128,15.598,16.164,15.598,15.759,18750,0
20071129,15.759,15.759,15.759,15.759,63,0
20071130,15.678,15.759,15.639,15.759,1378,0
20071203,15.678,15.678,15.678,15.678,87,0
20071206,15.355,15.355,15.355,15.355,247,0
20071207,15.355,15.355,15.113,15.113,1231,0
20071210,15.032,15.032,15.032,15.032,11,0
20071211,14.789,14.789,14.789,14.789,944,0
20071213,14.548,14.548,14.548,14.548,123,0
20071214,14.548,14.548,14.466,14.466,263,0
20071217,14.264,15.186,13.342,15.186,831,0
20071218,15.194,15.194,15.194,15.194,2475,0
20071219,15.194,15.678,15.194,15.678,5765,0
20071220,14.951,15.678,14.548,15.678,2884,0
20071221,15.355,15.355,14.144,15.355,8537,0
20071227,14.555,15.355,14.466,15.355,2660,0
20071228,14.523,15.678,14.523,15.678,2626,0
20080102,15.678,15.678,14.548,14.871,2220,0
20080103,14.871,14.951,14.134,14.951,8416,0
20080104,14.548,14.951,14.345,14.951,3057,0
20080108,14.224,14.241,14.159,14.241,712,0
20080109,14.159,14.184,13.456,13.456,4933,0
20080110,14.531,14.531,13.577,14.466,1966,0
20080111,13.739,14.661,13.739,14.661,1686,0
20080114,14.661,14.661,14.661,14.661,63,0
20080115,14.661,14.661,14.144,14.548,5876,0
20080116,14.144,14.548,13.336,13.336,1361,0
20080117,14.531,14.531,13.352,13.472,651,0
20080118,12.931,13.617,12.689,12.689,1524,0
20080121,12.729,13.326,11.719,11.719,3622,0
20080122,12.099,12.099,10.999,11.953,3602,0
20080123,12.123,12.123,11.316,11.316,2058,0
20080124,11.493,13.375,11.493,11.937,1669,0
20080125,12.737,12.737,11.774,12.689,1330,0
20080128,12.689,12.689,12.689,12.689,1504,0
20080129,12.793,12.793,12.793,12.793,165,0
20080131,12.793,12.793,12.366,12.769,6913,0
20080201,13.093,14.912,13.093,14.531,1484,0
20080204,14.507,14.507,13.514,14.466,2820,0
20080205,13.924,14.466,13.9,14.466,2439,0
20080207,13.739,14.144,13.497,14.144,494,0
20080208,14.144,14.144,14.144,14.144,186,0
20080213,13.9,13.9,13.9,13.9,303,0
20080214,13.9,14.458,13.9,14.458,286,0
20080215,14.386,14.386,14.386,14.386,1547,0
20080218,12.123,14.386,12.123,14.386,1865,0
20080220,13.739,13.739,13.739,13.739,56,0
20080221,14.507,14.507,14.507,14.507,310,0
20080226,14.144,14.305,14.144,14.305,3514,0
20080227,14.539,14.548,14.539,14.548,1237,0
20080228,14.531,14.548,14.531,14.548,2475,0
20080303,14.466,14.466,13.821,14.458,407,0
20080305,13.739,14.539,13.739,14.539,1939,0
20080306,13.788,14.127,13.336,13.336,12924,0
20080307,14.013,14.013,14.013,14.013,1,0
20080310,12.931,13.739,12.931,13.739,2475,0
20080314,12.931,13.336,12.85,13.336,188,0
20080318,12.163,12.769,12.163,12.769,231,0
20080319,12.769,12.915,12.769,12.915,618,0
20080320,12.163,12.518,12.123,12.518,3103,0
20080325,12.204,12.284,12.123,12.284,3857,0
20080327,11.597,12.276,11.557,12.123,1283,0
20080328,12.729,12.745,12.204,12.729,3452,0
20080331,12.648,12.648,12.648,12.648,322,0
20080401,12.89,12.915,12.204,12.899,1755,0
20080402,12.915,12.915,12.89,12.89,543,0
20080403,12.89,12.89,12.366,12.366,914,0
20080404,12.366,12.81,12.366,12.729,1341,0
20080407,12.729,12.729,12.446,12.446,386,0
20080408,11.768,12.527,11.768,12.486,1431,0
20080411,11.904,12.341,11.904,12.204,236,0
20080415,11.355,12.196,11.355,12.196,285,0
20080416,11.363,12.099,11.072,12.026,1859,0
20080417,11.461,11.461,10.992,11.316,13187,0
20080421,11.316,11.316,11.234,11.234,4,0
20080423,10.894,10.894,10.425,10.425,4287,0
20080424,10.506,10.506,10.506,10.506,1856,0
20080425,10.749,10.749,10.749,10.749,1,0
20080429,10.183,10.74,9.698,10.547,1209,0
20080505,9.617,9.617,9.585,9.585,5929,0
20080506,9.698,10.506,9.698,10.506,5464,0
20080507,10.441,10.441,9.73,10.417,464,0
20080508,10.102,10.417,10.102,10.417,3463,0
20080509,10.498,10.498,10.498,10.498,1249,0
20080512,10.467,10.467,9.537,10.102,6571,0
20080513,10.062,10.062,9.3593,9.682,2615,0
20080514,9.3753,9.9,9.0513,9.0513,1692,0
20080515,8.4859,8.7204,8.2839,8.7204,2860,0
20080516,8.5593,8.5593,7.6777,7.6777,2295,0
20080519,7.6777,7.6777,7.1847,7.1847,4158,0
20080520,6.627,7.1927,6.4574,6.7079,137546,0
20080521,7.3544,7.3544,6.9908,6.9908,4232,0
20080523,7.5565,7.9202,7.4353,7.6777,3523,0
20080526,7.7181,7.7181,7.6697,7.6777,1290,0
20080527,7.8797,7.8797,7.6859,7.6859,28349,0
20080528,7.8797,7.8797,7.8393,7.8393,310,0
20080529,7.8717,7.8717,7.5565,7.8393,31978,0
20080530,7.8393,7.8393,7.8393,7.8393,63,0
20080605,7.6615,7.8393,7.0716,7.8393,2097,0
20080606,7.2736,7.5484,7.1927,7.5484,2722,0
20080609,7.1524,7.2736,6.7079,6.7079,27913,0
20080610,6.7079,6.9504,6.7079,6.9504,10595,0
20080611,6.9989,6.9989,6.9585,6.9908,632,0
20080612,6.9423,6.9423,6.91,6.91,359,0
20080613,6.9343,6.9343,6.9343,6.9343,12,0
20080616,6.9666,7.015,6.8696,7.015,37278,0
20080617,7.1039,7.1039,7.1039,7.1039,12,0
20080618,7.015,7.015,7.015,7.015,6,0
20080619,7.0311,7.0311,7.0311,7.0311,12,0
20080620,7.1039,7.1039,6.8129,6.9908,1249,0
20080623,6.9908,6.9908,6.9504,6.9504,22,0
20080624,7.1039,7.1039,6.91,6.9827,23,0
20080625,6.91,6.91,6.7079,6.7079,23,0
20080626,6.7079,6.7079,6.1017,6.1017,2419,0
20080627,6.1017,6.425,6.1017,6.425,1575,0
20080630,6.425,6.425,6.425,6.425,12,0
20080701,6.3847,6.3847,6.3847,6.3847,12,0
20080702,6.3847,6.3847,6.3847,6.3847,12,0
20080703,5.8997,6.1988,5.8997,6.1988,656,0
20080704,5.8189,5.8189,5.8189,5.8189,1298,0
20080707,5.3339,5.3339,5.1723,5.3339,6836,0
20080708,4.8491,5.2532,4.8491,5.2532,4238,0
20080709,4.9218,5.6573,4.8491,5.6573,9098,0
20080710,5.4552,5.4957,5.4552,5.4957,1424,0
20080711,5.4957,5.4957,5.2694,5.2694,320,0
20080714,5.245,5.245,4.9703,4.9703,7624,0
20080715,4.8491,5.0107,4.8491,4.9703,7684,0
20080716,4.8652,4.9461,4.8652,4.9461,73,0
20080717,4.93,5.6573,4.8652,5.3339,11752,0
20080718,5.3662,5.3662,4.8652,4.8652,3921,0
20080721,4.8491,5.0107,4.7035,4.93,275,0
20080722,5.0107,5.0107,4.93,4.9461,1323,0
20080723,4.9623,4.9703,4.9623,4.9623,1261,0
20080724,4.9623,4.9623,4.93,4.93,550,0
20080725,4.8491,4.9784,4.8491,4.9784,265,0
20080728,4.9784,4.9784,4.8652,4.9784,538,0
20080729,4.8894,4.9784,4.8894,4.9784,626,0
20080730,5.0754,5.1723,5.0754,5.1319,2684,0
20080731,5.2046,5.2046,4.9218,4.9218,1725,0
20080801,4.93,5.0915,4.93,5.0915,695,0
20080805,5.1238,5.1238,5.1238,5.1238,12,0
20080806,5.1238,5.1238,5.1238,5.1238,12,0
20080807,5.1238,5.1238,5.1238,5.1238,12,0
20080808,5.1238,5.1238,4.8491,5.0511,2923,0
20080812,4.8491,5.1319,4.8491,5.1319,86627,0
20080813,5.1319,5.1319,5.1077,5.1077,1624,0
20080814,5.1077,5.1077,4.93,4.93,1905,0
20080818,4.8491,4.8491,4.7683,4.7683,204,0
20080819,4.6713,4.6713,4.2107,4.2834,126829,0
20080820,4.243,4.2511,4.243,4.243,434,0
20080821,4.243,4.2511,4.154,4.154,661,0
20080822,4.2349,4.4854,4.2025,4.3238,11871,0
20080825,4.2107,4.445,4.2107,4.445,410,0
20080826,4.4368,4.4368,4.2025,4.2025,126899,0
20080827,4.1217,4.1864,4.1217,4.1864,38,0
20080828,4.041,4.041,4.041,4.041,54,0
20080829,4.0733,4.1622,4.0733,4.1622,199,0
20080901,4.1622,4.243,4.1622,4.1622,5712,0
20080902,4.0733,4.4045,3.8145,4.4045,19260,0
20080903,4.2591,4.2834,4.1622,4.2834,5494,0
20080904,4.3238,4.9703,4.3238,4.445,118548,0
20080905,4.445,4.6874,4.445,4.6794,455,0
20080908,4.7117,4.9461,4.6874,4.9461,2471,0
20080909,4.93,5.4148,4.93,5.3339,3035,0
20080910,5.2127,5.2127,5.0511,5.2127,186,0
20080911,5.2936,5.2936,5.0107,5.0511,16209,0
20080912,5.0915,5.2936,4.8652,5.1319,6215,0
20080915,5.1319,5.1319,4.8491,4.8814,821,0
20080916,4.8491,4.8491,4.445,4.8329,3301,0
20080917,5.1723,5.3743,5.1319,5.3743,4951,0
20080918,5.3743,5.6331,5.0915,5.0915,68755,0
20080919,5.0835,5.4957,4.93,5.2613,1566,0
20080922,5.6573,5.7946,5.2532,5.4957,3871,0
20080923,5.2532,5.2532,4.938,5.2289,3631,0
20080924,4.9703,4.9703,4.938,4.9623,4186,0
20080925,5.0269,5.0915,4.6956,5.0915,605,0
20080926,5.1643,5.1723,4.9461,5.1723,278,0
20080929,5.2532,5.2532,4.736,4.9623,2790,0
20080930,4.9703,4.9703,4.7683,4.7683,10,0
20081001,4.7683,4.8894,4.7683,4.8894,310,0
20081002,4.7683,5.0915,4.647,5.0915,7245,0
20081003,4.8491,4.8491,4.8491,4.8491,149,0
20081006,4.8491,4.8491,4.6874,4.6874,1757,0
20081007,4.445,4.6874,4.4045,4.6874,1356,0
20081008,4.4045,4.4045,4.4045,4.4045,23,0
20081009,4.445,4.445,4.445,4.445,16,0
20081010,4.1217,4.445,4.0005,4.445,2914,0
20081013,4.243,4.2511,4.1217,4.1217,2826,0
20081014,4.3642,4.3642,4.041,4.041,2013,0
20081015,4.041,4.041,4.041,4.041,4231,0
20081016,4.0005,4.041,4.0005,4.041,532,0
20081017,3.8792,4.0329,3.556,4.0329,4855,0
20081020,4.041,4.0813,3.9196,4.0813,2364,0
20081021,4.041,4.041,4.0005,4.041,20925,0
20081022,4.0248,4.0248,3.9601,3.9601,13246,0
20081023,4.041,4.041,3.8145,3.9601,544,0
20081024,4.0652,4.0652,3.8792,3.9358,2810,0
20081027,3.7175,3.7175,3.4753,3.4753,915,0
20081028,3.3541,3.6773,3.3541,3.556,5505,0
20081029,3.556,3.6611,3.3297,3.4753,6112,0
20081030,3.4753,3.6286,3.3702,3.6286,235,0
20081031,3.6611,3.9034,3.556,3.6367,5188,0
20081103,3.556,3.5964,3.5156,3.5964,4505,0
20081104,3.5964,3.7822,3.5964,3.7338,1847,0
20081105,3.7175,3.7338,3.6367,3.7338,1217,0
20081106,3.7338,3.7338,3.467,3.4753,2613,0
20081107,3.3944,3.5156,3.3944,3.5156,188,0
20081110,3.7175,3.7175,3.5156,3.5156,45,0
20081112,3.5964,3.5964,3.3944,3.4186,2972,0
20081113,3.2975,3.459,3.2975,3.459,391,0
20081114,3.459,3.4753,3.459,3.4753,248,0
20081117,3.3944,3.3944,3.1923,3.2327,6748,0
20081118,3.2489,3.2489,3.1923,3.2327,760,0
20081119,3.2489,3.2489,3.1923,3.2327,1529,0
20081120,3.16,3.16,3.16,3.16,533,0
20081121,3.16,3.1762,3.16,3.1762,234,0
20081124,3.0387,3.1114,3.0387,3.0711,829,0
20081125,3.0711,3.0711,2.9256,2.9256,3390,0
20081126,2.9256,2.9903,2.9256,2.9903,524,0
20081127,2.9984,2.9984,2.6913,2.6913,20172,0
20081128,2.7316,2.7478,2.5863,2.7478,9007,0
20081201,2.7478,2.7478,2.5943,2.6913,2252,0
20081202,2.7154,2.8207,2.6751,2.8044,21448,0
20081203,2.8044,2.8044,2.7478,2.8044,403,0
20081204,2.8044,2.9741,2.8044,2.9498,6335,0
20081205,2.9095,2.9498,2.9095,2.9498,223,0
20081208,3.2246,3.2246,3.0711,3.0873,3168,0
20081209,3.2327,3.3136,3.168,3.3055,1614,0
20081210,3.4347,3.4347,3.2731,3.4186,88014,0
20081211,3.4186,3.467,3.2731,3.467,6968,0
20081212,3.2975,3.459,3.2975,3.459,1585,0
20081215,3.5964,3.5964,3.459,3.459,33,0
20081216,3.3136,3.3136,3.1196,3.3136,2146,0
20081217,3.3136,3.3136,3.3136,3.3136,4480,0
20081218,3.3136,3.3136,3.0711,3.0711,1306,0
20081219,3.1114,3.1114,3.0952,3.0952,48,0
20081222,3.0711,3.0711,2.9903,3.0307,19501,0
20081223,3.0064,3.0145,3.0064,3.0145,633,0
20081229,2.9498,3.1114,2.9498,3.1114,173,0
20081230,3.1114,3.1114,3.0711,3.0711,1875,0
20081231,3.1438,3.1438,3.0629,3.1438,93,0
20090105,3.1438,3.1438,2.8448,3.0711,1318,0
20090106,3.1438,3.1438,2.7963,2.7963,9917,0
20090107,2.764,2.764,2.6348,2.6348,8072,0
20090108,2.6348,2.7721,2.6266,2.6993,243567,0
20090109,2.8771,2.8771,2.7478,2.7559,1125,0
20090112,2.764,2.764,2.7074,2.7074,1503,0
20090113,2.7074,2.7074,2.5619,2.6993,1212,0
20090114,2.5458,2.7478,2.5458,2.6993,9020,0
20090115,2.6993,2.6993,2.6266,2.6993,922,0
20090116,2.6831,2.6831,2.5377,2.6751,688,0
20090119,2.5943,2.5943,2.5943,2.5943,681,0
20090120,2.659,2.659,2.5538,2.5619,768,0
20090121,2.5134,2.5215,2.4246,2.5134,1795,0
20090122,2.5215,2.5943,2.271,2.5943,12287,0
20090123,2.5943,2.5943,2.5377,2.5377,206,0
20090126,2.5377,2.5701,2.5377,2.5701,605,0
20090127,2.5701,2.5701,2.5701,2.5701,555,0
20090128,2.5296,2.5781,2.5296,2.5781,149,0
20090129,2.5458,2.5458,2.5053,2.5053,1447,0
20090130,2.5053,2.5053,2.5053,2.5053,173,0
20090202,2.5863,2.6427,2.5863,2.6427,681,0
20090203,2.5701,2.7074,2.5701,2.667,1164,0
20090204,2.6831,2.6831,2.5701,2.6025,1208,0
20090205,2.6266,2.6831,2.5053,2.5538,1250,0
20090206,2.4972,2.7074,2.4972,2.6509,75872,0
20090209,2.7074,2.7074,2.4648,2.5538,32599,0
20090210,2.5619,2.6105,2.5619,2.6105,265,0
20090211,2.5863,2.5863,2.5863,2.5863,63,0
20090212,2.5619,2.667,2.5619,2.667,21307,0
20090213,2.7074,2.7074,2.667,2.7074,40904,0
20090216,2.7154,2.7478,2.667,2.7074,9456,0
20090217,2.6427,2.667,2.5863,2.5863,5722,0
20090218,2.4407,2.5701,2.3921,2.5701,24873,0
20090223,2.5538,2.5538,2.4246,2.5458,1361,0
20090224,2.5053,2.5053,2.5053,2.5053,38,0
20090225,2.5781,2.5781,2.5781,2.5781,371,0
20090227,2.6025,2.8286,2.5863,2.764,16238,0
20090302,2.7883,3.0387,2.7883,2.9984,10093,0
20090303,3.1114,3.459,3.1114,3.3136,5054,0
20090304,3.3541,3.9196,3.3541,3.9196,11564,0
20090305,4.4045,5.2127,4.154,4.8491,51588,0
20090306,5.245,5.8351,4.8491,4.8491,63922,0
20090309,4.93,5.2532,4.0813,4.93,22413,0
20090310,4.9703,5.237,4.8088,4.8491,19252,0
20090311,4.8491,4.8491,4.453,4.5257,12938,0
20090312,4.445,4.5904,4.2591,4.5904,24621,0
20090313,4.6066,4.8491,4.5257,4.5257,3650,0
20090316,4.6066,4.647,4.4692,4.647,3241,0
20090317,4.7522,4.7522,4.2834,4.5582,5161,0
20090318,4.5743,4.5743,4.3642,4.3642,414,0
20090319,4.4368,4.4368,3.9439,4.1136,14217,0
20090320,3.9601,4.4368,3.7984,4.4368,17130,0
20090323,5.1561,5.2127,4.7441,4.8491,38581,0
20090324,5.1884,5.1884,4.8491,4.8491,22477,0
20090325,4.8491,4.8491,4.5257,4.6874,10322,0
20090326,4.6874,4.6874,4.4854,4.6874,7892,0
20090327,4.5257,4.6874,4.5257,4.5338,6005,0
20090330,4.542,4.5662,4.5257,4.5662,2679,0
20090331,4.5904,4.5904,4.2995,4.5257,11774,0
20090401,4.5257,4.5257,4.4045,4.445,3650,0
20090402,4.4854,4.6794,4.4045,4.5177,21716,0
20090403,4.5257,4.647,4.4207,4.5257,16729,0
20090406,4.5257,4.5257,4.3642,4.3723,5039,0
20090407,4.3723,4.4612,4.3723,4.4127,6357,0
20090408,4.445,4.7441,4.445,4.6632,31814,0
20090409,4.7603,4.7603,4.445,4.5015,27306,0
20090414,4.5257,4.7683,4.5257,4.6066,66734,0
20090415,4.6066,4.6066,4.5177,4.6066,12742,0
20090416,4.6632,4.7198,4.445,4.6713,52770,0
20090417,4.6874,4.7764,4.6146,4.6874,11979,0
20090420,4.7683,4.7683,4.6066,4.6066,11356,0
20090421,4.6066,5.0592,4.6066,5.0269,28671,0
20090422,5.2208,5.9644,5.2208,5.4957,114459,0
20090423,5.73,5.73,5.0915,5.3016,40812,0
20090424,5.2127,5.2127,4.8571,4.9784,41455,0
20090427,4.9865,5.0592,4.9784,5.0592,6864,0
20090428,5.2289,5.3339,5.0592,5.0915,21633,0
20090429,5.0107,5.4148,5.0107,5.4148,21207,0
20090430,5.6088,5.6088,5.2936,5.4067,11335,0
20090504,5.5361,5.7381,5.3743,5.5684,11981,0
20090505,5.6654,6.0613,5.5361,6.0129,37047,0
20090506,6.0209,7.6374,6.0209,7.6374,61935,0
20090507,7.0311,7.597,6.9585,7.112,66376,0
20090508,7.0958,7.0958,6.7967,6.7967,47384,0
20090511,6.5463,6.91,6.5139,6.91,35434,0
20090512,6.91,7.2332,6.91,6.9423,44079,0
20090513,6.9585,7.1039,6.8696,6.8777,16931,0
20090514,6.821,7.015,6.821,6.9504,15131,0
20090515,7.0635,7.1281,6.91,7.0311,32377,0
20090518,7.516,7.516,7.0716,7.2736,26138,0
20090519,7.4271,7.4271,7.2736,7.3544,8821,0
20090520,7.3948,7.3948,6.8696,7.112,10747,0
20090521,7.0311,7.0311,6.4735,6.9504,14338,0
20090522,6.5866,6.6028,6.4654,6.5786,16595,0
20090525,6.4654,6.4654,6.0613,6.0613,13212,0
20090526,6.0613,6.0613,5.5361,5.625,28194,0
20090527,5.5764,5.94,5.5764,5.7381,10575,0
20090528,5.8189,5.8189,5.3501,5.4957,8898,0
20090529,5.5764,5.6331,5.4391,5.6331,1246,0
20090601,5.6169,5.6169,5.4228,5.5442,13170,0
20090602,5.4391,5.6734,5.431,5.6734,15858,0
20090603,5.7462,6.7725,5.7462,6.5139,130384,0
20090604,6.5463,6.5463,6.32,6.4654,50602,0
20090605,6.4816,6.4816,6.3038,6.3038,9662,0
20090608,6.2392,6.4009,6.1665,6.3038,10798,0
20090609,6.2715,6.3038,6.1827,6.2473,24634,0
20090610,6.4816,6.5543,6.3604,6.4735,16224,0
20090612,6.5059,6.619,6.4654,6.5543,7023,0
20090615,6.3765,6.3847,6.3523,6.3604,11457,0
20090616,6.4493,6.4493,6.3281,6.3281,26046,0
20090617,6.32,6.425,6.32,6.4088,9014,0
20090618,6.3927,6.3927,6.2392,6.3362,16413,0
20090619,6.2715,6.3038,6.2715,6.2876,6669,0
20090622,6.3443,6.3443,6.1665,6.1907,9319,0
20090623,6.1422,6.1422,5.8997,5.8997,45676,0
20090624,6.0209,6.0209,5.6977,5.8836,11570,0
20090625,5.8593,5.94,5.7784,5.8836,4793,0
20090626,5.8836,6.0209,5.8836,6.0209,2266,0
20090629,6.0129,6.0774,5.9482,6.0774,2066,0
20090630,6.126,6.7241,6.126,6.4978,26839,0
20090701,6.627,6.8534,6.627,6.7887,18833,0
20090702,6.8453,6.8453,6.7079,6.8453,20848,0
20090703,6.7887,6.7887,6.2796,6.2796,10242,0
20090706,6.2796,6.3927,6.2715,6.3927,2478,0
20090707,6.417,6.4735,6.2231,6.4735,1132,0
20090708,6.3443,6.5221,6.3038,6.5221,3117,0
20090709,6.5221,7.1604,6.5221,6.9908,23783,0
20090710,7.112,7.112,6.6432,6.8696,3636,0
20090713,6.8615,6.8615,6.7483,6.8372,3247,0
20090714,6.8453,6.8453,6.6352,6.7079,1712,0
20090715,6.8615,7.0958,6.8615,7.0958,44878,0
20090716,7.0797,7.0958,6.9585,7.0474,1734,0
20090717,6.9504,7.1443,6.9504,7.1039,994,0
20090720,7.112,7.1524,7.0878,7.1524,3241,0
20090721,7.1443,7.1524,6.8938,7.112,2109,0
20090722,7.1524,8.4054,7.1524,8.4054,87258,0
20090723,8.3566,8.6231,7.8071,8.2029,36355,0
20090724,8.0983,8.1387,7.9202,7.9606,8126,0
20090727,7.9606,8.235,7.9202,8.235,8513,0
20090728,8.0814,8.4621,8.0738,8.4621,37737,0
20090729,8.4621,8.4859,8.1624,8.4373,19534,0
20090730,8.4859,8.8089,8.478,8.7045,54141,0
20090731,8.8824,8.8824,8.3244,8.4054,4002,0
20090803,8.4452,8.6479,8.1708,8.4859,5002,0
20090804,8.5257,8.5257,8.3244,8.4452,1440,0
20090805,8.4293,8.4293,8.0898,8.1624,9223,0
20090806,8.3244,8.3649,8.1624,8.3649,3929,0
20090807,8.4134,8.4134,7.9202,8.1953,8192,0
20090810,8.1387,8.1387,8.0418,8.0418,1435,0
20090811,8.0009,8.1219,7.6859,8.0814,33184,0
20090812,8.1059,8.1059,7.6131,7.9606,7574,0
20090813,7.9606,8.4621,7.7666,8.235,5572,0
20090814,8.1624,8.1624,7.9686,8.0814,5379,0
20090817,7.9686,8.0091,7.7586,7.8393,11575,0
20090818,8.0493,8.0493,7.8393,8.0493,1312,0
20090819,8.0493,8.3244,7.9202,8.3244,4200,0
20090820,8.3886,8.8009,8.3244,8.3244,11979,0
20090821,8.4859,9.3348,8.3244,9.1963,42605,0
20090824,9.1963,9.3913,8.9461,9.1737,16651,0
20090825,8.8983,9.2133,8.8983,9.1568,35339,0
20090826,8.9712,9.2943,8.9712,9.1737,18334,0
20090827,9.0918,9.2528,9.0598,9.0598,6531,0
20090828,9.0513,9.2783,9.0513,9.1483,14126,0
20090831,9.2943,9.61,9.2943,9.61,45207,0
20090901,9.698,10.102,8.7523,9.698,24744,0
20090902,9.617,9.617,9.0277,9.1078,11617,0
20090903,9.1078,9.2867,9.0598,9.2867,5040,0
20090904,9.2867,9.2867,9.1737,9.2867,1510,0
20090907,9.1332,9.698,9.1332,9.698,142070,0
20090908,9.698,9.698,9.4638,9.4968,5085,0
20090909,8.8895,9.0758,8.7771,8.8824,31672,0
20090910,8.8824,9.0437,8.1708,8.2029,25261,0
20090911,8.2274,8.2274,7.8474,8.0493,14868,0
20090914,7.8393,7.9202,7.6777,7.9202,7572,0
20090915,7.597,8.2839,7.597,8.2029,23585,0
20090916,8.1953,8.7691,7.9525,8.7284,13934,0
20090917,8.7602,8.8895,8.4532,8.8089,10951,0
20090918,8.8089,8.8089,8.5664,8.8009,1483,0
20090921,8.8009,8.8009,8.6479,8.7691,1413,0
20090922,8.7771,8.8089,8.4859,8.793,960,0
20090923,8.8089,8.8089,8.316,8.316,3417,0
20090924,8.316,8.4532,8.1303,8.3244,2842,0
20090925,8.4452,8.4452,8.2839,8.3244,223,0
20090928,8.316,8.4452,8.1708,8.4054,2955,0
20090929,8.4054,8.4054,8.2434,8.2434,1463,0
20090930,8.2434,8.3244,8.1624,8.3244,4214,0
20091001,8.3649,8.3649,8.2839,8.2839,567,0
20091002,8.1219,8.2839,7.9606,8.1624,1814,0
20091005,7.9768,8.2839,7.9768,8.0814,1300,0
20091006,8.2678,8.2839,7.8151,8.1953,6276,0
20091007,8.1953,8.2113,7.9768,8.0898,2408,0
20091008,8.0983,8.1219,8.0983,8.1219,1187,0
20091009,8.0333,8.235,8.0333,8.235,2722,0
20091012,8.235,8.235,8.0814,8.1143,2342,0
20091013,8.1548,8.1548,8.0814,8.0814,247903,0
20091014,8.1624,8.1624,8.0009,8.0418,2895,0
20091015,8.0814,8.0814,7.8393,7.8393,4159,0
20091016,7.8151,7.8797,7.8151,7.8151,568,0
20091019,7.7504,7.799,7.6938,7.799,1956,0
20091020,7.9606,7.9606,7.6859,7.6859,1399,0
20091021,7.6859,7.6859,7.6213,7.6292,1255,0
20091022,7.6213,7.7586,7.3544,7.516,5722,0
20091023,7.4353,7.4837,7.3544,7.4757,16030,0
20091026,7.3706,7.4918,7.1927,7.3221,4130,0
20091027,7.3382,7.3382,7.0878,7.112,2868,0
20091028,7.1443,7.1443,6.8858,6.9989,5436,0
20091029,7.015,7.015,6.5463,6.7483,16348,0
20091030,6.7483,6.8291,6.6917,6.7644,3798,0
20091102,6.7725,6.8291,6.5463,6.5705,8742,0
20091103,6.4897,6.4897,6.1827,6.3765,17291,0
20091104,6.4411,6.4411,6.3119,6.4088,10700,0
20091105,6.4574,6.6837,6.3443,6.5866,38220,0
20091106,6.5866,6.627,6.3847,6.5221,5794,0
20091109,6.6352,6.6352,6.4654,6.5059,6319,0
20091110,6.5382,6.6109,6.3685,6.3685,24540,0
20091112,6.3927,6.4411,6.3038,6.3119,20300,0
20091113,6.3765,6.619,6.3281,6.6028,11312,0
20091116,6.8048,6.8048,6.5221,6.6837,34261,0
20091117,6.8615,6.8615,6.6593,6.6593,15057,0
20091118,6.627,6.7079,6.5543,6.5543,10270,0
20091119,6.4816,6.5866,6.425,6.425,6866,0
20091120,6.4493,6.4654,6.2634,6.4654,6623,0
20091123,6.4654,6.5705,6.4654,6.4654,26129,0
20091124,6.4654,6.5866,6.4654,6.5543,17748,0
20091125,6.5624,6.6675,6.5139,6.627,9283,0
20091126,6.627,6.6593,6.5624,6.5624,11841,0
20091127,6.4411,6.4411,6.3119,6.3847,11723,0
20091130,6.4654,6.5463,6.3847,6.4654,4525,0
20091201,6.425,6.619,6.425,6.53,9304,0
20091202,6.5059,6.5059,6.4654,6.4897,4133,0
20091203,6.4816,6.4816,6.2876,6.3038,6108,0
20091204,6.4654,6.4654,6.2554,6.417,1431,0
20091207,6.4088,6.4654,6.2876,6.425,1386,0
20091208,6.53,6.53,6.3927,6.4009,737,0
20091209,6.4654,6.4654,6.1422,6.4088,5271,0
20091210,6.2231,6.3765,6.2231,6.3765,533,0
20091211,6.3847,6.3847,6.2231,6.3847,2837,0
20091214,6.3847,6.3847,6.2634,6.3847,2185,0
20091215,6.3847,6.3847,6.3038,6.3765,1114,0
20091216,6.32,6.3765,6.3119,6.3443,3619,0
20091217,6.3685,6.3685,6.1422,6.3038,4072,0
20091218,6.2957,6.2957,6.1422,6.1422,841,0
20091221,6.2231,6.2231,5.7462,5.8836,16103,0
20091222,5.8673,5.8754,5.5764,5.6331,16418,0
20091223,5.6573,5.6573,5.431,5.5522,7789,0
20091228,5.4957,5.6088,5.3743,5.528,14833,0
20091229,5.4634,5.5764,5.4634,5.5118,7780,0
20091230,5.4795,5.4795,5.1723,5.2774,23932,0
20091231,5.2613,5.3743,4.9784,5.0511,145664,0
20100104,5.0915,5.5522,4.8491,5.3905,28854,0
20100105,5.5361,5.8593,5.3743,5.8108,23628,0
20100106,5.827,5.8593,5.7057,5.7462,18072,0
20100107,5.7381,5.7381,5.5764,5.6895,4383,0
20100108,5.7381,5.7381,5.5926,5.6006,5391,0
20100111,5.6169,5.94,5.5845,5.8997,9586,0
20100112,5.8997,5.8997,5.7542,5.7704,4023,0
20100113,5.8836,6.1017,5.8189,6.0613,29262,0
20100114,6.1017,6.6675,6.0855,6.3847,47135,0
20100115,6.4654,6.6999,6.4332,6.4735,48391,0
20100118,6.619,6.619,6.3847,6.4654,7636,0
20100119,6.3847,6.3847,6.2796,6.3362,11205,0
20100120,6.3443,6.4654,6.3443,6.3847,7739,0
20100121,6.3927,6.3927,6.2715,6.3765,7116,0
20100122,6.3685,6.3685,5.8997,6.2231,12037,0
20100125,6.0694,6.0774,5.9886,5.9886,2286,0
20100126,5.9886,6.0613,5.7219,5.8512,7858,0
20100127,5.8512,5.8512,5.6573,5.7462,3266,0
20100128,5.7946,5.8593,5.6573,5.6573,5764,0
20100129,5.6573,5.6734,5.5603,5.6654,5462,0
20100201,5.5603,5.7704,5.5603,5.7704,248,0
20100202,5.6573,5.7784,5.5764,5.7623,3600,0
20100203,5.7623,5.7784,5.6573,5.6573,1484,0
20100204,5.6493,5.6573,5.5199,5.625,4030,0
20100205,5.5199,5.5199,5.2694,5.4148,10182,0
20100208,5.4634,5.4634,5.2046,5.2532,4457,0
20100209,5.2532,5.2936,5.2046,5.245,2333,0
20100210,5.2046,5.431,5.2046,5.431,3116,0
20100211,5.431,5.431,5.3339,5.4228,3709,0
20100212,5.431,5.4634,5.3501,5.4634,4136,0
20100215,5.4634,5.4634,5.2613,5.431,1422,0
20100216,5.3339,5.6816,5.3339,5.5845,4380,0
20100217,5.6734,5.8108,5.5845,5.6654,2867,0
20100218,5.6895,5.6895,5.5764,5.6734,2160,0
20100219,5.6734,6.0613,5.5442,5.7784,4028,0
20100222,5.7946,5.8189,5.6977,5.6977,2507,0
20100223,5.6816,5.8108,5.6573,5.7784,1654,0
20100224,5.6573,5.6573,5.4148,5.6573,5011,0
20100225,5.7381,5.7381,5.4876,5.4876,2040,0
20100226,5.6734,6.2392,5.6169,6.0129,45340,0
20100301,5.9806,5.9806,5.8512,5.8512,4185,0
20100302,5.8512,5.9644,5.8512,5.9482,1118,0
20100303,5.9806,6.0129,5.7057,5.8836,6782,0
20100304,5.8836,5.8836,5.6654,5.8189,3131,0
20100305,5.8593,5.9562,5.8593,5.9562,4523,0
20100308,5.9644,6.1665,5.9644,6.0209,5531,0
20100309,6.0371,6.3038,6.0371,6.3038,7106,0
20100310,6.3038,6.8129,6.3038,6.6675,52617,0
20100311,6.6593,6.6675,6.5139,6.5866,15795,0
20100312,6.5786,6.5786,6.3927,6.5624,16913,0
20100315,6.5059,6.5463,6.3847,6.5382,8288,0
20100316,6.4978,6.8129,6.4493,6.7967,12781,0
20100317,6.8534,6.8534,6.6837,6.716,7718,0
20100318,6.6352,6.8129,6.5463,6.7887,25526,0
20100319,6.7402,7.015,6.7402,6.9504,68910,0
20100322,6.7483,7.209,6.6675,7.0311,43326,0
20100323,6.8696,7.0311,6.6432,6.91,168235,0
20100324,6.821,6.9504,6.821,6.9504,31041,0
20100325,6.9504,6.9504,6.8372,6.9504,34806,0
20100326,6.9504,6.9504,6.7887,6.8696,5310,0
20100329,6.8938,6.91,6.8129,6.8291,6374,0
20100330,6.8291,6.902,6.8129,6.902,3478,0
20100331,6.902,6.902,6.8129,6.8129,11875,0
20100401,6.8129,6.8129,6.6593,6.8129,4400,0
20100406,6.8129,6.8129,6.5463,6.5624,4422,0
20100407,6.5463,6.5463,6.2634,6.3604,4482,0
20100408,6.3604,6.3685,6.3119,6.3119,1085,0
20100409,6.3119,6.32,6.2876,6.2876,2501,0
20100412,6.2634,6.2634,6.0694,6.2473,5613,0
20100413,6.215,6.2473,6.1422,6.2473,3834,0
20100414,6.3281,6.6593,6.3281,6.5866,8034,0
20100415,6.5866,6.6028,6.5059,6.5139,2586,0
20100416,6.5139,6.5382,6.3038,6.3038,4012,0
20100419,6.2311,6.2634,6.1017,6.1017,3383,0
20100420,6.1098,6.3685,6.1098,6.2634,1713,0
20100421,6.3685,6.425,6.3685,6.4009,2289,0
20100422,6.4009,6.4009,6.1098,6.3443,1112,0
20100423,6.2957,6.5866,6.1827,6.5866,2871,0
20100426,6.4654,6.5866,6.4654,6.5866,1979,0
20100427,6.4009,6.425,6.4009,6.425,278,0
20100428,6.3038,6.3847,6.2231,6.3847,1130,0
20100429,6.3119,6.3604,6.1827,6.3604,4095,0
20100430,6.3038,6.3038,6.0613,6.1745,6400,0
20100504,6.0855,6.0855,6.0613,6.0613,305,0
20100505,6.0532,6.0532,5.7139,5.8108,7282,0
20100506,6.0048,6.0048,5.7542,5.8512,651,0
20100507,5.7139,5.8108,5.5038,5.6654,3870,0
20100510,5.8512,5.932,5.6816,5.7784,7806,0
20100511,5.9482,6.0048,5.7866,5.94,1793,0
20100512,5.8997,5.8997,5.7946,5.8108,11419,0
20100513,5.8593,5.8593,5.73,5.8028,1973,0
20100514,5.6895,5.6895,5.5764,5.5764,10812,0
20100517,5.5442,5.5764,5.431,5.431,9549,0
20100518,5.3986,5.3986,5.0996,5.0996,10753,0
20100519,5.0592,5.1643,4.8491,5.1643,11912,0
20100520,5.4148,5.4148,5.1723,5.1723,12501,0
20100521,4.8894,5.2936,4.8894,5.1723,8052,0
20100524,5.2855,5.3905,5.2532,5.3582,981,0
20100525,5.3259,5.3259,5.0349,5.2855,484,0
20100526,5.0996,5.4067,5.0996,5.4067,756,0
20100527,5.3339,5.7219,5.3339,5.6573,8241,0
20100528,5.7542,5.7623,5.6573,5.7381,2448,0
20100531,5.7381,5.7381,5.7381,5.7381,908,0
20100601,5.7381,5.7381,5.5442,5.7139,216,0
20100602,5.6573,5.6573,5.6573,5.6573,1503,0
20100604,5.5442,5.5442,5.528,5.528,161,0
20100607,5.4148,5.528,5.3097,5.3097,1219,0
20100608,5.3339,5.625,5.3339,5.4876,3024,0
20100609,5.2289,5.5926,5.2289,5.5764,550,0
20100610,5.5603,5.5603,5.5603,5.5603,184,0
20100611,5.5603,5.6895,5.5603,5.5926,992,0
20100614,5.2613,5.5764,5.1238,5.5603,515,0
20100615,5.5926,5.7784,5.5926,5.7381,2386,0
20100616,5.6573,5.6573,5.4957,5.6331,9672,0
20100617,5.6169,5.6977,5.3825,5.6493,5342,0
20100618,5.3986,5.6493,5.3825,5.5442,1388,0
20100621,5.4067,6.0451,5.4067,5.8512,8861,0
20100622,5.8916,5.8916,5.6573,5.6573,4709,0
20100623,5.6573,5.6573,5.625,5.6573,4854,0
20100625,5.73,5.73,5.73,5.73,7,0
20100629,5.5764,5.5764,5.5764,5.5764,494,0
20100630,5.6977,5.6977,5.6977,5.6977,152,0
20100701,5.6895,5.6895,5.6895,5.6895,51,0
20100702,5.8512,5.8512,5.8108,5.8108,143,0
20100705,5.8431,5.8431,5.8431,5.8431,12,0
20100706,5.5764,5.8028,5.5764,5.7946,2407,0
20100707,5.7946,5.7946,5.6573,5.6573,3048,0
20100708,5.6573,5.6573,5.6573,5.6573,443,0
20100709,5.6573,5.6573,5.6573,5.6573,114,0
20100712,5.73,5.73,5.73,5.73,4,0
20100713,5.73,5.8431,5.6573,5.8431,779,0
20100714,5.73,5.8189,5.73,5.8189,371829,0
20100715,5.8836,6.1745,5.8836,6.1745,7992,0
20100716,6.1907,6.2068,5.9239,5.9239,3815,0
20100719,5.9159,6.3281,5.9077,6.1017,7761,0
20100720,6.1098,6.1098,5.94,5.94,2332,0
20100721,5.9159,6.0613,5.9077,6.0613,855,0
20100722,6.0613,6.0613,5.7784,5.8997,9136,0
20100723,5.8997,5.8997,5.8189,5.8997,2573,0
20100726,5.9725,5.9725,5.7946,5.8593,3946,0
20100727,5.8351,5.9806,5.8351,5.9806,347,0
20100728,5.8351,5.8351,5.7381,5.8189,2756,0
20100729,5.8351,5.94,5.8189,5.94,810,0
20100730,5.7542,5.8997,5.7542,5.8997,188,0
20100802,5.7542,5.9725,5.73,5.9562,1003,0
20100803,5.7623,5.932,5.7542,5.932,713,0
20100804,5.932,6.0048,5.932,6.0048,3510,0
20100805,6.0048,6.0048,5.94,5.9806,1004,0
20100806,5.932,6.0048,5.7784,6.0048,5339,0
20100809,6.0048,6.0048,6.0048,6.0048,247,0
20100810,5.9806,6.0209,5.827,6.0209,2991,0
20100812,6.0209,6.0613,6.0209,6.0613,2559,0
20100813,6.0613,6.2231,6.0613,6.2231,3934,0
20100816,6.2231,6.3038,6.1017,6.3038,3533,0
20100817,6.3119,6.425,6.3119,6.3847,3946,0
20100818,6.3927,6.4654,6.3927,6.417,1781,0
20100819,6.425,6.4493,5.932,6.4088,2007,0
20100820,6.4088,6.4088,6.4009,6.4009,261,0
20100823,6.1827,6.3765,6.1827,6.3765,210,0
20100824,6.1584,6.3685,6.1422,6.3038,1079,0
20100825,6.2957,6.2957,5.9886,6.2392,917,0
20100827,6.029,6.2231,6.029,6.029,277,0
20100830,6.029,6.2068,6.029,6.2068,1015,0
20100831,6.1907,6.4088,6.1907,6.4009,1534,0
20100901,5.8189,6.1988,5.8189,6.1988,4566,0
20100902,6.0613,6.1745,5.932,6.1665,637,0
20100903,6.1422,6.1422,5.8189,6.1017,497,0
20100906,5.8673,5.8673,5.8673,5.8673,2,0
20100907,6.0613,6.1017,5.8997,6.0532,390,0
20100908,6.0532,6.0532,6.0209,6.0209,1108,0
20100909,5.9562,6.0613,5.9077,6.0209,1682,0
20100910,6.0613,6.0613,5.9077,6.0209,1534,0
20100913,6.029,6.1017,6.029,6.1017,3693,0
20100914,5.9482,5.9482,5.9482,5.9482,15,0
20100915,5.9482,5.9482,5.94,5.94,1408,0
20100916,5.9077,5.94,5.8189,5.94,1160,0
20100917,5.94,6.0855,5.94,6.0613,1971,0
20100920,6.0613,6.2957,6.0613,6.2554,6410,0
20100921,6.1584,6.1584,6.1584,6.1584,62141,0
20100922,6.1907,6.2231,6.0936,6.0936,85757,0
20100923,6.0694,6.0694,5.8754,5.9159,125676,0
20100924,6.8696,7.799,6.5059,7.7586,241039,0
20100927,8.7691,9.61,7.2898,7.2898,319642,0
20100928,7.3059,7.5322,6.902,7.0555,64091,0
20100929,7.2575,7.2575,6.7079,6.8696,54286,0
20100930,7.1363,7.1363,6.8291,6.8291,15433,0
20101001,7.0311,7.0474,6.8291,6.9504,11184,0
20101004,6.9989,7.1524,6.627,6.8453,14890,0
20101005,6.6352,6.7079,6.5624,6.6917,10492,0
20101006,6.6352,6.9343,6.6352,6.7887,5990,0
20101007,6.7967,6.91,6.5463,6.7322,10846,0
20101008,6.627,6.7079,6.5866,6.627,8811,0
20101011,6.5866,6.7483,6.5382,6.7483,10771,0
20101012,6.627,6.7483,6.53,6.7402,151161,0
20101013,6.5947,6.7483,6.5866,6.7079,171049,0
20101014,6.7079,6.7322,6.627,6.7322,1527,0
20101015,6.5947,6.6917,6.4654,6.6837,9261,0
20101018,6.4735,6.5866,6.4088,6.417,10134,0
20101019,6.5705,6.5786,6.4654,6.5705,3138,0
20101020,6.3281,6.5705,6.3281,6.5463,2922,0
20101021,6.3523,6.3523,5.9077,6.2957,14534,0
20101022,6.3038,6.3038,5.9725,6.2796,3030,0
20101025,6.2957,6.3443,6.1098,6.3443,2383,0
20101026,6.1098,6.3443,6.1098,6.3443,6552,0
20101027,6.2634,6.4574,6.2634,6.3443,1941,0
20101028,6.3443,6.417,6.3038,6.3847,77382,0
20101029,6.4411,6.4493,6.3847,6.3847,3605,0
20101102,6.4332,6.4332,6.2068,6.3927,156,0
20101103,6.3927,6.3927,6.2634,6.2634,1428,0
20101104,6.417,6.6999,6.417,6.6837,16470,0
20101105,6.6837,7.8393,6.4088,7.605,61608,0
20101108,7.597,7.597,7.0716,7.2171,25759,0
20101109,7.2171,7.2171,6.9585,7.1927,9431,0
20101110,6.9585,7.3544,6.8696,6.8696,34184,0
20101112,6.8938,7.0231,6.627,6.6675,8132,0
20101115,7.8071,8.2518,7.112,7.2736,108579,0
20101116,7.2413,7.2413,6.9827,7.2413,10955,0
20101117,7.1281,7.1927,7.1201,7.1363,4376,0
20101118,7.1201,7.2413,7.112,7.2413,12491,0
20101119,7.2413,7.6777,7.1927,7.5241,32659,0
20101122,7.5241,7.8717,7.5241,7.7504,16593,0
20101123,7.7748,7.7748,7.4595,7.4595,22846,0
20101124,7.5727,7.7586,7.5727,7.7181,7159,0
20101125,7.5241,7.7586,7.5241,7.7181,1113,0
20101126,7.6777,7.7181,7.597,7.7181,20388,0
20101129,7.6859,7.7504,7.6859,7.7181,12951,0
20101130,7.7181,7.7909,7.5565,7.7504,2550,0
20101201,7.7504,7.7748,7.7504,7.7748,22615,0
20101202,7.799,8.0578,7.799,7.9202,44782,0
20101203,7.9202,7.9202,7.7666,7.904,3933,0
20101206,7.904,7.904,7.4757,7.6615,7576,0
20101207,7.6615,7.8797,7.6615,7.8797,454,0
20101208,7.5565,7.8232,7.5565,7.7424,2406,0
20101209,7.7424,7.7424,7.4757,7.5484,3624,0
20101210,7.4757,7.516,7.4514,7.516,5918,0
20101213,7.4353,7.5565,7.4353,7.5565,443,0
20101214,7.5565,7.5565,7.4514,7.4514,2774,0
20101215,7.3706,7.5565,7.2332,7.516,1691,0
20101216,7.516,7.7504,7.516,7.7504,4978,0
20101217,7.6213,7.7101,7.6213,7.7101,1336,0
20101220,7.6292,7.6292,7.5646,7.5646,6210,0
20101221,7.5565,7.5565,7.516,7.516,1647,0
20101222,7.597,7.597,7.516,7.516,7915,0
20101223,7.516,7.6777,7.516,7.516,3305,0
20101227,7.516,7.597,7.516,7.516,4204,0
20101228,7.516,7.516,7.2009,7.516,14023,0
20101229,7.209,7.5322,7.209,7.5322,103,0
20101230,7.2736,7.4353,7.2736,7.2736,297,0
20101231,7.2736,7.516,7.2413,7.2413,962,0
20110103,7.8959,7.8959,6.8696,7.5484,700,0
20110104,7.2655,7.2736,7.1281,7.2575,4324,0
20110105,7.2898,7.2898,7.112,7.2736,3082,0
20110107,6.9504,7.3544,6.9504,7.3544,1645,0
20110110,6.9585,7.2736,6.9585,7.2736,2917,0
20110111,7.0311,7.0716,6.9585,6.9585,2619,0
20110112,7.0716,7.2736,7.0716,7.1927,9466,0
20110113,7.0311,7.0311,7.0311,7.0311,1077,0
20110114,7.0311,7.1686,6.9908,7.0069,2935,0
20110117,7.0069,7.1927,6.9989,7.1847,1782,0
20110118,7.2575,7.2655,7.2575,7.2655,581,0
20110119,7.0555,7.1363,7.0474,7.0474,2691,0
20110120,7.0635,7.1927,6.9908,7.1927,442,0
20110121,7.1524,7.1927,6.8696,7.0311,6289,0
20110124,6.9504,7.0797,6.8696,6.9666,1884,0
20110125,6.8372,6.9827,6.7564,6.9343,1863,0
20110126,6.9423,6.9423,6.7483,6.7887,3393,0
20110127,6.7887,6.7887,6.6755,6.7887,1283,0
20110128,6.8291,6.8291,6.8291,6.8291,23,0
20110131,6.6837,6.8291,6.4654,6.8291,1293,0
20110201,6.7887,6.7967,6.5059,6.7887,3599,0
20110202,6.5059,6.7483,6.5059,6.7483,2306,0
20110203,6.7887,7.5403,6.7887,7.4192,30351,0
20110204,7.3544,7.411,7.1847,7.2736,8390,0
20110207,7.4433,7.4433,7.2816,7.3463,8612,0
20110208,7.597,7.9202,7.4353,7.6292,27953,0
20110209,7.4757,7.4918,7.3624,7.3624,2810,0
20110210,7.314,7.3624,7.1281,7.2736,5207,0
20110211,7.2736,7.2736,7.1281,7.1281,825,0
20110214,7.1281,7.1524,6.9908,7.1524,4541,0
20110215,6.9989,7.1524,6.8777,7.1524,9302,0
20110216,7.2332,7.2332,7.2332,7.2332,340,0
20110217,6.9666,7.1604,6.9666,7.1604,314,0
20110218,6.9423,7.1766,6.9343,7.1604,1879,0
20110221,7.1604,7.1604,6.9585,7.1604,183,0
20110222,6.9666,7.508,6.9423,7.508,3268,0
20110223,7.4353,7.4353,6.9989,7.3544,685,0
20110224,6.9585,7.3544,6.9585,7.3544,964,0
20110225,7.0393,7.2655,7.0393,7.2655,733,0
20110228,7.1927,7.2575,7.1927,7.2575,557,0
20110301,7.112,7.112,7.112,7.112,1065,0
20110302,7.0474,7.112,7.0474,7.112,253,0
20110303,7.0716,7.1927,7.0069,7.1927,1414,0
20110304,7.0069,7.0069,6.9666,6.9746,1030,0
20110307,6.9746,7.0555,6.7967,7.0555,5592,0
20110309,6.8696,6.9504,6.8696,6.8696,2111,0
20110310,7.0069,7.5241,6.7805,7.0231,28559,0
20110311,6.91,7.0474,6.91,7.0231,771,0
20110314,7.0555,7.0555,6.8291,7.0231,1706,0
20110315,6.9504,6.9504,6.5221,6.7805,1865,0
20110316,6.8696,6.8696,6.8291,6.8291,127,0
20110317,6.5624,6.7079,6.5624,6.7079,4092,0
20110318,6.6109,6.8291,6.4816,6.8291,1430,0
20110321,6.8291,7.015,6.53,7.015,4106,0
20110322,6.7483,6.91,6.7241,6.91,695,0
20110323,6.6675,6.7887,6.6675,6.7887,1839,0
20110325,6.7805,6.7887,6.6109,6.7887,176,0
20110328,6.5705,6.9908,6.5705,6.9908,1112,0
20110329,6.6513,6.9827,6.6513,6.9827,125,0
20110330,6.9585,6.9585,6.9585,6.9585,12,0
20110331,6.6352,6.9504,6.6352,6.9504,3521,0
20110401,6.8696,6.9504,6.8696,6.9504,680,0
20110404,6.6917,6.9504,6.6917,6.9504,1276,0
20110406,6.6999,6.9989,6.6999,6.9504,1941,0
20110407,6.8696,6.9504,6.8696,6.9504,482,0
20110408,6.6999,6.9343,6.6999,6.9343,362,0
20110411,6.9423,6.9504,6.7241,6.7241,693,0
20110412,6.7322,6.9181,6.7322,6.7322,509,0
20110413,6.7241,6.7241,6.7079,6.7079,556,0
20110414,6.5705,6.8696,6.5705,6.5786,211,0
20110415,6.5059,6.8534,6.5059,6.8534,250,0
20110418,6.7967,6.9343,6.7887,6.7967,4904,0
20110419,6.91,6.91,6.7564,6.7967,1067,0
20110420,6.7079,6.8696,6.7079,6.8696,634,0
20110421,6.7887,6.7887,6.7887,6.7887,124,0
20110426,6.7887,6.91,6.7079,6.7079,823,0
20110427,6.7079,6.7079,6.5866,6.7079,4147,0
20110428,6.627,6.8291,6.627,6.8291,5187,0
20110429,6.8291,6.8696,6.5543,6.8696,4582,0
20110502,6.91,6.91,6.91,6.91,63,0
20110504,6.627,6.9261,6.6109,6.9261,2466,0
20110505,6.6432,6.6432,6.6432,6.6432,123,0
20110506,6.6755,6.8615,6.6755,6.8534,2231,0
20110509,6.7079,6.902,6.53,6.902,3479,0
20110510,6.8938,6.91,6.716,6.902,3456,0
20110511,6.902,6.902,6.716,6.8696,3491,0
20110512,6.8696,6.91,6.7887,6.7887,5328,0
20110513,6.7887,7.0311,6.7887,6.7887,19580,0
20110516,6.7483,6.7483,6.4654,6.7483,11953,0
20110517,6.1503,6.7079,6.1017,6.7079,8685,0
20110518,6.6917,6.7079,6.4574,6.7079,15157,0
20110519,6.7887,6.902,6.7887,6.902,945,0
20110520,6.8291,6.8291,6.8291,6.8291,580,0
20110523,6.8534,6.8534,6.8534,6.8534,2270,0
20110524,6.8534,6.8534,6.8534,6.8534,583,0
20110525,6.5221,6.821,6.5221,6.821,996,0
20110526,6.5463,6.9261,6.5463,6.9261,5129,0
20110527,6.8696,6.8696,6.8696,6.8696,4823,0
20110530,6.5705,6.91,6.5705,6.91,138,0
20110531,6.5866,6.8858,6.5866,6.8858,2678,0
20110601,6.5866,6.8938,6.5866,6.8938,123,0
20110602,6.5866,6.8615,6.5866,6.8615,268,0
20110607,6.5866,6.8534,6.5705,6.8534,3152,0
20110609,6.8453,6.8453,6.8453,6.8453,5,0
20110610,6.5463,6.7079,6.4816,6.7079,2192,0
20110613,6.7967,6.7967,6.32,6.7079,270,0
20110614,6.7725,6.7725,6.7644,6.7644,63,0
20110615,6.4735,6.7483,6.4735,6.7483,397,0
20110616,6.5059,6.716,6.5059,6.716,72,0
20110617,6.5059,6.6675,6.3281,6.6675,2119,0
20110620,6.5059,6.5463,6.3362,6.5382,429,0
20110621,6.3847,6.5382,6.3281,6.5382,1805,0
20110622,6.5221,6.5221,6.3443,6.5221,170,0
20110624,6.5382,6.5382,6.5382,6.5382,556,0
20110627,6.5463,6.5463,6.3362,6.5382,1345,0
20110628,6.5382,6.5463,5.9482,6.5059,2911,0
20110629,6.5463,6.5463,6.4654,6.5463,1667,0
20110630,6.5382,6.5382,6.425,6.5382,3751,0
20110701,6.6837,6.6837,6.4654,6.6593,609,0
20110704,6.619,6.619,6.5624,6.5624,186,0
20110705,6.5382,6.5382,6.4654,6.5382,1478,0
20110706,6.5059,6.53,6.4654,6.53,1175,0
20110707,6.4816,6.5059,6.4816,6.5059,574,0
20110708,6.5059,6.5059,6.3847,6.3847,1648,0
20110711,6.3847,6.4654,6.0613,6.1422,89660,0
20110712,6.0694,6.1422,6.0613,6.1422,1983,0
20110713,6.1341,6.1341,6.0613,6.126,1479,0
20110714,6.126,6.126,6.126,6.126,173,0
20110715,6.0774,6.1827,5.9806,6.1422,857,0
20110718,6.1422,6.2231,5.9725,6.1017,26891,0
20110719,6.1422,6.1422,5.7462,6.1341,4082,0
20110720,6.1341,6.1422,5.8189,6.1422,2678,0
20110721,5.9806,5.9806,5.8997,5.9806,1359,0
20110722,5.9806,5.9806,5.8593,5.9806,157,0
20110725,5.9806,5.9967,5.9806,5.9967,402,0
20110726,6.0532,6.0532,5.8997,5.9967,88,0
20110727,5.8997,5.9967,5.7381,5.7381,2901,0
20110728,5.7139,5.8028,5.4228,5.5764,2339,0
20110729,5.5764,5.6006,5.4228,5.5764,727,0
20110801,5.8028,5.8028,5.7784,5.7784,156,0
20110802,5.6734,5.6734,5.5038,5.6734,151,0
20110803,5.4957,5.4957,5.2936,5.3825,5927,0
20110804,5.1805,5.3743,4.7683,5.0107,5519,0
20110805,4.445,4.8491,4.445,4.5501,4722,0
20110808,4.4127,4.4368,3.8227,3.9601,11365,0
20110809,3.8227,3.8227,3.2327,3.7014,8646,0
20110810,3.8389,4.049,3.8389,4.049,6358,0
20110811,3.855,4.049,3.3944,3.855,12477,0
20110812,3.855,4.6874,3.855,4.6874,11677,0
20110816,4.8088,5.2855,4.8088,4.8894,4361,0
20110817,4.8491,5.0107,4.8088,5.0107,3347,0
20110818,5.0107,5.3825,4.6874,4.8491,13909,0
20110819,4.7683,4.841,4.7683,4.841,6386,0
20110822,4.9218,5.0915,4.9218,5.0107,2994,0
20110823,5.0915,5.1723,4.7683,4.7683,3433,0
20110824,4.8006,4.8088,4.8006,4.8006,1652,0
20110825,4.7683,4.93,4.7683,4.93,2599,0
20110826,4.8491,4.8491,4.8491,4.8491,409,0
20110829,4.8491,5.1723,4.841,5.0511,4559,0
20110830,5.0511,5.4067,5.0511,5.1077,2802,0
20110831,5.14,5.5764,5.14,5.5764,3010,0
20110901,5.4957,5.4957,5.1723,5.4634,5200,0
20110902,5.4634,5.4634,4.93,5.1884,3452,0
20110905,5.1561,5.2127,4.8894,5.2127,1384,0
20110906,5.2127,5.2127,5.2127,5.2127,147,0
20110907,5.237,5.237,5.237,5.237,111,0
20110908,5.1723,5.1723,4.93,5.0915,1904,0
20110909,5.0107,5.0107,4.8652,4.8814,2684,0
20110912,4.6874,4.6874,4.5338,4.647,3731,0
20110913,4.7603,4.7603,4.2914,4.7603,3460,0
20110914,4.8088,4.9865,4.7683,4.9865,21619,0
20110915,4.8491,5.0511,4.8491,5.0511,272,0
20110916,5.043,5.043,4.8491,4.93,3086,0
20110919,4.8491,4.93,4.8491,4.93,55,0
20110920,4.9784,4.9865,4.9784,4.9865,123,0
20110921,4.9703,4.9703,4.938,4.938,650,0
20110922,4.9703,4.9703,4.938,4.9541,452,0
20110923,4.938,4.938,4.6066,4.8491,627,0
20110926,4.841,4.8571,4.841,4.8571,389,0
20110927,4.8571,5.3339,4.8571,5.0915,9942,0
20110928,5.0915,5.1319,5.0107,5.1319,3020,0
20110929,5.0915,5.0915,4.6874,5.0026,3159,0
20110930,4.8571,4.9703,4.8571,4.9703,710,0
20111003,4.9218,4.9218,4.8491,4.9057,155,0
20111004,4.6874,4.6874,4.5257,4.5257,2970,0
20111005,4.5257,4.8329,4.5257,4.8329,5082,0
20111006,4.8249,4.8894,4.8088,4.8894,2015,0
20111007,4.8491,4.8491,4.6066,4.6066,4225,0
20111010,4.6146,4.8491,4.6066,4.8491,5235,0
20111011,4.8491,5.0915,4.8491,4.93,4435,0
20111012,5.0107,5.0107,4.93,5.0026,347,0
20111013,4.9946,5.0026,4.9946,5.0026,217,0
20111014,5.0107,5.0107,4.93,4.9623,365,0
20111017,5.0107,5.0107,4.8491,4.8491,1342,0
20111018,4.8491,4.93,4.8491,4.8491,173,0
20111019,4.8491,4.9623,4.8491,4.9623,297,0
20111020,4.9623,4.9623,4.9623,4.9623,816,0
20111021,4.9623,4.9703,4.93,4.9703,1021,0
20111024,4.9623,5.0915,4.9623,5.0915,3440,0
20111025,5.0915,5.3825,4.9703,5.1723,5287,0
20111026,5.1805,5.3905,5.1723,5.3662,4579,0
20111027,5.3582,5.3582,5.14,5.1966,780,0
20111028,5.1966,5.2936,5.1158,5.2936,1148,0
20111031,5.2936,5.5764,5.2532,5.5764,2323,0
20111102,5.342,5.4715,5.3339,5.4715,3409,0
20111103,5.6169,6.0129,5.6169,5.8673,5813,0
20111104,5.8754,5.8836,5.7381,5.7381,681,0
20111107,5.8916,5.8916,5.8351,5.8754,1795,0
20111108,5.8189,5.8512,5.6573,5.8512,1781,0
20111109,5.8512,5.8512,5.6573,5.6573,2637,0
20111110,5.5764,5.6573,5.5764,5.6573,520,0
20111114,5.7381,6.0451,5.7381,5.8997,5889,0
20111115,5.9159,6.0209,5.8997,6.0209,521,0
20111116,6.0371,6.0371,5.8189,5.8189,5582,0
20111117,5.8593,6.0048,5.6734,6.0048,3463,0
20111118,5.6654,5.9644,5.6169,5.9644,2005,0
20111121,5.7784,5.7784,5.4552,5.4552,3130,0
20111122,5.4552,5.7381,5.2532,5.7381,2184,0
20111123,5.6573,5.6573,5.5118,5.5361,1596,0
20111124,5.5603,5.5603,5.3178,5.3178,50,0
20111125,5.3339,5.5764,5.3339,5.5764,1869,0
20111128,5.6006,5.6006,5.4148,5.6006,1955,0
20111129,5.5845,5.5845,5.3662,5.5845,1282,0
20111130,5.5845,6.1422,5.4552,5.9644,17495,0
20111201,5.827,5.8916,5.5845,5.7381,3143,0
20111202,5.6573,5.6573,5.431,5.4957,3446,0
20111205,5.4228,5.5684,5.4148,5.4148,7016,0
20111206,5.4148,5.4148,5.0107,5.0107,6573,0
20111207,5.0188,5.237,4.6874,5.0915,15604,0
20111208,5.1077,5.14,4.8491,5.0996,7394,0
20111209,5.0996,5.0996,4.8652,5.0835,2480,0
20111212,5.0835,5.2532,5.0107,5.2289,2935,0
20111213,5.2208,5.2208,4.93,4.93,5253,0
20111214,4.938,5.0107,4.8491,5.0107,3828,0
20111215,5.0107,5.0511,4.8491,5.0511,4468,0
20111216,5.0511,5.0754,4.647,4.7683,5843,0
20111219,4.728,5.0107,4.647,5.0107,17597,0
20111220,5.0026,5.0026,4.647,4.8249,2081,0
20111221,4.841,5.1723,4.841,5.0107,9488,0
20111222,5.0269,5.3743,4.7117,5.1238,12025,0
20111223,5.1158,5.1158,4.8491,5.0107,1776,0
20111227,4.93,5.0269,4.93,5.0269,2767,0
20111228,5.0269,5.2774,5.0269,5.1805,1603,0
20111229,5.1723,5.1723,5.0915,5.0915,3958,0
20111230,5.1189,5.1189,5.0527,5.0527,1755,0
20120102,5.2532,5.3743,5.0269,5.043,4650,0
20120103,5.0754,5.1319,5.0592,5.1319,3231,0
20120104,5.14,5.14,5.0107,5.14,1507,0
20120105,4.9703,4.9865,4.938,4.9865,2945,0
20120109,4.8977,4.9865,4.8977,4.9865,73,0
20120110,4.8977,5.0835,4.8491,5.0835,4726,0
20120111,5.0835,5.0835,4.9541,5.0754,704,0
20120112,5.0754,5.0835,5.0754,5.0835,303,0
20120113,5.0835,5.2613,5.0835,5.0835,2908,0
20120116,4.9541,5.3339,4.9541,5.3339,1118,0
20120117,5.1884,5.2532,5.0511,5.2532,2536,0
20120118,5.2532,5.2532,5.2532,5.2532,409,0
20120119,5.245,5.245,5.0915,5.1319,2938,0
20120120,5.1561,5.1561,5.1561,5.1561,743,0
20120123,5.1482,5.1482,5.0511,5.1238,383,0
20120124,5.1238,5.1482,5.1238,5.1482,330,0
20120125,5.1482,5.3259,5.1482,5.3259,2573,0
20120126,5.342,5.528,5.342,5.4957,4271,0
20120127,5.4957,5.4957,5.3339,5.3986,1444,0
20120130,5.4552,5.4552,5.4552,5.4552,18,0
20120131,5.3669,5.4414,5.3669,5.4414,1105,0
20120201,5.4391,5.5926,5.4391,5.5926,1899,0
20120202,5.5926,5.5926,5.431,5.5926,1620,0
20120203,5.5926,5.5926,5.5926,5.5926,509,0
20120206,5.5926,5.8754,5.5926,5.8754,3448,0
20120207,5.8754,6.029,5.8754,5.8997,4717,0
20120208,5.94,6.0532,5.8189,6.0532,6718,0
20120209,6.0532,6.0532,5.9077,5.9077,1887,0
20120210,5.9077,5.9077,5.6734,5.8997,1980,0
20120213,5.9077,5.9077,5.6493,5.9077,7741,0
20120214,5.9725,6.0532,5.9562,5.9806,26513,0
20120215,6.029,6.2957,6.0129,6.1665,39372,0
20120216,6.1827,6.2392,6.0613,6.215,7967,0
20120217,6.126,6.126,5.94,6.1179,3623,0
20120220,6.2876,6.2876,6.1422,6.1422,1339,0
20120221,6.1017,6.1017,5.9806,6.0209,14108,0
20120222,5.9239,6.0209,5.8028,5.9725,1858,0
20120223,6.0209,6.2554,6.0048,6.0855,4116,0
20120224,6.1098,6.2231,5.8512,6.2231,41905,0
20120227,6.3685,6.6109,6.3685,6.6109,10409,0
20120228,6.6917,7.0635,6.6917,6.9504,26630,0
20120229,6.9908,7.1766,6.8291,6.9908,17253,0
20120301,6.9908,7.0311,6.8696,7.0311,1655,0
20120302,7.0231,7.0231,6.8291,6.8291,2633,0
20120305,6.8291,6.9423,6.7483,6.8696,5008,0
20120306,6.9423,7.0635,6.8372,6.9908,3005,0
20120307,6.9908,7.5727,6.9908,7.4271,9420,0
20120308,7.4271,7.6697,6.9989,7.5889,14592,0
20120309,7.5889,7.9202,7.5646,7.9202,16606,0
20120312,7.9202,8.1624,7.8071,8.0009,265990,0
20120313,8.0009,8.235,8.0009,8.1143,343769,0
20120314,8.1463,8.1463,7.8393,8.1219,29939,0
20120315,7.9686,8.0738,7.799,7.8393,11443,0
20120316,7.904,8.4452,7.904,8.2924,31711,0
20120319,8.2029,8.4452,7.8474,8.4054,9141,0
20120320,8.4452,8.4532,7.8393,7.9202,135677,0
20120321,7.9848,8.0814,7.605,7.6777,14747,0
20120322,7.5322,7.6777,7.3221,7.4918,18965,0
20120323,7.4271,7.5727,7.3221,7.4918,7993,0
20120326,7.3382,7.4918,7.314,7.3948,16232,0
20120327,7.3948,7.5565,7.3948,7.3948,8821,0
20120328,7.403,7.4757,7.3382,7.3382,2523,0
20120329,7.4514,7.4514,7.0797,7.3382,3485,0
20120330,7.3517,7.3517,7.1366,7.3351,7309,0
20120402,7.3786,7.4353,7.2898,7.4353,158385,0
20120403,7.4353,7.4353,7.3382,7.4353,160881,0
20120404,7.3544,7.3544,7.1443,7.1443,2957,0
20120405,7.2575,7.3463,7.2575,7.2655,1323,0
20120410,7.2332,7.2332,6.91,6.91,874,0
20120411,6.8696,6.91,6.6675,6.716,5234,0
20120412,6.7079,7.0635,6.7079,7.0635,1117,0
20120413,7.112,7.1604,7.0311,7.1039,2917,0
20120416,7.0311,7.2332,7.0311,7.2332,3018,0
20120417,7.1927,7.4353,7.112,7.2655,7166,0
20120418,7.4353,7.516,7.3544,7.3544,2304,0
20120419,7.4353,8.0091,7.2736,8.0091,96186,0
20120420,8.0172,8.0172,7.6615,7.6615,1635,0
20120423,7.4837,7.6615,7.3544,7.6292,9283,0
20120424,7.6777,7.6777,7.3624,7.3624,5787,0
20120425,7.4353,7.4757,7.2898,7.4271,2670,0
20120426,7.6374,7.6374,7.4918,7.4918,340,0
20120427,7.516,7.7181,7.516,7.7101,3378,0
20120430,7.7155,7.7155,7.7155,7.7155,14,0
20120502,7.7504,7.7504,7.6374,7.6374,327,0
20120504,7.7181,7.7181,7.6374,7.6374,334,0
20120507,7.516,7.6697,7.4918,7.5646,5812,0
20120508,7.516,7.5565,7.4514,7.4514,1547,0
20120509,7.314,7.6292,7.2816,7.6213,8342,0
20120510,7.6292,7.6292,7.2736,7.597,4483,0
20120511,7.4514,7.516,7.4353,7.516,1582,0
20120514,7.5646,7.6213,7.4433,7.516,15872,0
20120515,7.3706,7.6777,7.3706,7.6777,15623,0
20120516,7.5322,7.7586,7.5322,7.6777,21477,0
20120517,7.8717,7.8717,7.516,7.516,246849,0
20120518,7.3786,7.6777,7.1443,7.516,27731,0
20120521,7.5322,7.7586,7.3463,7.7586,2972,0
20120522,7.7586,7.7586,7.6213,7.6777,2398,0
20120523,7.5322,7.7586,7.5322,7.6777,6228,0
20120524,7.6777,7.6777,7.6777,7.6777,321,0
20120525,7.6777,7.9929,7.6777,7.9929,4206,0
20120528,8.0738,8.1785,8.0738,8.1624,5922,0
20120529,8.1624,8.2029,8.0009,8.2029,1536,0
20120530,8.1953,8.1953,8.0814,8.1624,1368,0
20120531,8.0797,8.294,8.0797,8.0873,2379,0
20120601,8.1143,8.1624,8.1059,8.1624,433,0
20120604,8.3244,8.3244,8.1059,8.1219,2422,0
20120605,8.0814,8.2434,8.0814,8.2029,38946,0
20120606,8.235,8.2434,8.0418,8.2434,17280,0
20120608,8.0418,8.4054,8.0418,8.4054,1545,0
20120611,8.4054,8.4054,8.2434,8.2434,1769,0
20120612,8.2434,8.2434,8.2434,8.2434,383,0
20120613,8.2839,9.0513,8.2839,8.9788,22164,0
20120614,9.0513,9.1332,8.7691,9.1332,5608,0
20120615,8.9712,9.2783,8.9712,9.2783,23775,0
20120618,9.2302,9.4563,9.1078,9.4563,72169,0
20120619,9.0842,9.3753,9.0842,9.3753,2461,0
20120620,9.4403,9.4563,9.2943,9.4563,8473,0
20120621,9.4073,9.513,9.3028,9.513,2771,0
20120622,9.529,9.56,9.3093,9.544,2936,0
20120625,9.4318,9.513,9.4233,9.513,3457,0
20120626,9.4233,9.544,8.8895,9.4073,6469,0
20120627,9.0842,9.3423,8.939,9.2943,2122,0
20120628,9.2943,9.2943,8.332,8.8665,4907,0
20120629,8.5593,8.8488,8.5593,8.8488,2312,0
20120702,8.7284,8.8496,8.4054,8.6479,499994,0
20120703,8.6877,9.3668,8.6479,9.3668,3641,0
20120704,9.3612,9.3612,9.0145,9.2528,871,0
20120705,9.0513,9.3348,8.8983,9.3348,2125,0
20120706,9.2943,9.2943,8.9712,8.9957,1253,0
20120709,8.9957,9.3348,8.9231,9.3348,7843,0
20120710,9.3508,9.3508,9.2623,9.3188,2618,0
20120711,9.3423,9.3423,8.8089,9.3423,112868,0
20120712,9.3423,9.513,9.0353,9.513,15298,0
20120713,9.513,9.529,9.1963,9.529,9522,0
20120716,9.1803,9.601,9.1803,9.601,15934,0
20120717,9.601,9.601,9.2293,9.593,2208,0
20120718,9.593,9.593,9.4186,9.593,472,0
20120719,9.4403,9.594,9.4073,9.594,953,0
20120720,9.4073,9.4073,9.0513,9.3913,2639,0
20120723,9.3348,9.3348,8.9712,9.0598,8066,0
20120724,8.9731,9.1963,8.9731,9.1963,3451,0
20120725,8.9302,9.1963,8.9302,9.1963,1541,0
20120726,9.2057,9.2057,8.939,9.2057,1687,0
20120727,9.0513,9.1897,9.0513,9.1238,118521,0
20120730,9.0117,9.1163,8.9712,9.1163,687,0
20120731,8.9062,9.0795,8.5762,9.055,7781,0
20120801,8.939,9.1163,8.9302,9.1163,1614,0
20120802,9.055,9.121,9.055,9.121,5440,0
20120803,9.0513,9.1238,9.0513,9.1238,1822,0
20120806,9.0513,9.1568,9.0513,9.1568,4787,0
20120807,9.1549,9.2792,9.055,9.2792,1675,0
20120808,9.2867,9.2867,9.0513,9.2867,509,0
20120809,9.2867,9.2943,9.2867,9.2943,108,0
20120810,9.2943,9.2943,9.0513,9.2943,3668,0
20120813,9.0513,9.2943,9.0513,9.2943,1351,0
20120814,9.0513,9.1483,9.0513,9.1483,8082,0
20120816,9.1483,9.1483,9.0918,9.0918,9198,0
20120817,9.0145,9.0145,8.8983,8.9731,619,0
20120820,8.8895,9.0513,8.8089,9.0513,58118,0
20120821,9.0513,9.0513,9.0513,9.0513,165,0
20120822,9.0513,9.0513,8.8089,8.8089,2728,0
20120823,8.5664,8.785,8.5664,8.785,1702,0
20120824,8.6169,8.6912,8.6169,8.6912,1162,0
20120827,8.5753,8.6877,8.5257,8.6877,505,0
20120828,8.6912,8.8071,8.6912,8.8071,2438,0
20120829,8.7655,9.1295,8.7655,9.1295,2219,0
20120830,9.2039,9.2039,8.9311,8.9311,236,0
20120831,9.055,9.072,8.8071,8.8071,770,0
20120903,8.8895,8.8983,8.8895,8.8895,1575,0
20120904,8.8983,8.8983,8.8071,8.8983,1055,0
20120905,9.0145,9.0145,9.0145,9.0145,126,0
20120906,9.0145,9.0965,9.0145,9.0965,1496,0
20120907,9.2208,9.2208,9.2208,9.2208,307,0
20120910,9.2208,9.2208,9.2208,9.2208,42,0
20120911,9.2208,9.3272,9.0965,9.3272,2504,0
20120912,9.3367,9.3367,9.1549,9.2208,1294,0
20120913,9.0965,9.2208,9.0965,9.0965,37296,0
20120914,9.0965,10.254,9.0965,10.098,12647,0
20120917,10.172,10.172,9.51,9.989,3326,0
20120918,10.13,10.13,9.965,9.965,84,0
20120919,9.956,9.956,9.841,9.841,773,0
20120920,9.956,9.956,9.593,9.734,62153,0
20120921,9.734,9.866,9.734,9.866,9579,0
20120924,9.676,9.824,9.676,9.766,3964,0
20120925,9.866,9.866,9.759,9.799,24557,0
20120926,9.759,9.866,9.759,9.866,327,0
20120927,9.717,9.717,9.717,9.717,3923,0
20120928,9.717,9.717,9.717,9.717,1786,0
20121001,9.444,9.759,9.444,9.759,1803,0
20121002,9.915,9.915,9.717,9.734,8689,0
20121003,9.593,9.759,9.551,9.759,3374,0
20121004,9.906,9.906,9.676,9.808,22625,0
20121005,9.882,9.882,9.882,9.882,23,0
20121008,9.882,9.899,9.841,9.899,62225,0
20121009,9.906,9.906,9.759,9.841,11824,0
20121010,9.906,9.906,9.766,9.841,10222,0
20121011,9.841,9.965,9.824,9.956,41626,0
20121012,9.923,9.965,9.923,9.965,1427,0
20121015,9.982,9.989,9.94,9.94,794,0
20121016,9.94,10.048,9.741,10.048,127050,0
20121017,10.048,10.048,10.048,10.048,342,0
20121018,10.014,10.023,9.874,10.023,7520,0
20121019,10.014,10.014,9.932,9.965,2832,0
20121022,9.882,9.948,9.584,9.948,3733,0
20121023,9.923,10.098,9.858,10.098,36086,0
20121024,10.098,10.172,10.039,10.172,25731,0
20121025,10.105,10.172,10.105,10.172,1548,0
20121026,10.088,10.147,10.006,10.147,570,0
20121029,10.155,10.155,10.006,10.006,24206,0
20121030,10.031,10.039,10.031,10.039,3665,0
20121031,10.039,10.039,10.039,10.039,300,0
20121102,10.088,10.122,10.056,10.122,17337,0
20121105,10.147,10.196,10.147,10.155,302,0
20121106,10.196,10.337,10.147,10.328,3257,0
20121107,10.328,10.328,10.189,10.189,345,0
20121108,10.328,10.337,10.189,10.328,485,0
20121109,10.337,10.337,10.056,10.172,833,0
20121112,10.088,10.13,10.048,10.13,1198,0
20121113,10.13,10.155,10.088,10.155,157,0
20121114,10.13,10.13,10.006,10.006,102,0
20121115,10.006,10.006,9.808,10.006,907,0
20121116,10.006,10.337,9.841,10.337,9064,0
20121119,10.503,11.891,10.503,11.859,17716,0
20121120,11.932,11.949,11.164,11.172,7079,0
20121121,11.172,11.742,10.792,11.742,3429,0
20121122,11.742,11.866,11.577,11.577,15794,0
20121123,11.742,11.742,11.412,11.412,133,0
20121126,11.412,11.494,11.155,11.494,1611,0
20121127,11.494,11.494,11.164,11.494,540,0
20121128,11.494,11.494,11.494,11.494,12,0
20121129,11.486,11.486,11.453,11.453,3369,0
20121130,11.486,11.486,11.205,11.205,5251,0
20121203,11.537,11.537,10.965,11.287,1101,0
20121204,10.981,10.981,10.767,10.907,2842,0
20121205,10.907,10.907,10.759,10.875,1211,0
20121206,10.709,10.875,10.403,10.875,8151,0
20121207,10.866,10.866,10.618,10.742,8406,0
20121210,10.742,11.52,10.742,11.52,977,0
20121211,11.527,11.527,11.297,11.494,652,0
20121212,11.503,11.503,10.998,11.247,696,0
20121213,11.155,11.155,10.958,10.958,346,0
20121214,10.916,11.114,10.916,11.114,1206,0
20121217,11.008,11.122,10.965,11.122,410,0
20121218,11.122,11.445,11.122,11.371,3666,0
20121219,11.404,11.569,11.247,11.569,3649,0
20121220,11.569,11.569,10.965,11.082,14592,0
20121221,10.965,11.28,10.965,11.28,905,0
20121227,11.164,11.28,11.164,11.247,3117,0
20121228,11.247,11.991,11.247,11.991,7643,0
20130102,11.982,11.991,11.752,11.991,1753,0
20130103,11.785,11.785,11.785,11.785,54,0
20130104,11.785,11.785,11.412,11.453,831,0
20130107,11.47,11.503,11.462,11.462,379,0
20130108,11.494,11.577,11.462,11.462,300,0
20130109,11.494,11.494,11.379,11.379,283,0
20130110,11.33,11.33,11.082,11.247,1572,0
20130111,11.089,11.089,10.842,10.998,2105,0
20130114,10.883,11.247,10.883,11.247,130,0
20130115,11.089,11.089,10.924,10.933,904,0
20130116,10.998,10.998,10.998,10.998,121,0
20130117,10.998,11.164,10.916,11.164,924,0
20130118,11.082,11.247,11.082,11.205,1560,0
20130121,11.164,11.247,11.164,11.247,242,0
20130122,11.453,11.453,11.205,11.205,914,0
20130123,11.205,11.205,10.668,10.668,2023,0
20130124,10.503,10.709,10.503,10.709,5927,0
20130125,10.594,10.998,10.594,10.998,13530,0
20130128,10.998,11.015,10.998,11.015,2265,0
20130129,11.082,11.155,10.892,11.048,716,0
20130130,10.94,11.114,10.94,11.114,157,0
20130131,11.114,11.114,11.008,11.008,428,0
20130201,11.015,11.164,10.849,11.164,750,0
20130204,11.47,11.47,11.048,11.073,712,0
20130205,11.122,11.122,11.073,11.073,427,0
20130206,11.122,11.371,11.122,11.371,25928,0
20130207,11.271,11.371,11.271,11.33,371,0
20130208,11.395,11.544,11.33,11.544,4239,0
20130211,11.52,11.577,11.287,11.577,5910,0
20130212,11.577,11.826,11.577,11.826,2147,0
20130213,11.859,12.736,11.859,12.529,3369,0
20130214,12.693,13.438,12.652,13.422,34341,0
20130215,13.231,13.645,13.132,13.397,23757,0
20130218,13.397,13.397,13.397,13.397,320,0
20130219,13.397,13.686,13.397,13.603,21760,0
20130220,13.769,13.769,13.603,13.603,558,0
20130221,13.645,13.645,12.363,12.693,6890,0
20130222,12.652,12.652,12.578,12.578,2444,0
20130225,12.454,12.454,12.454,12.454,49,0
20130226,12.454,12.529,12.454,12.496,280,0
20130227,12.57,12.652,12.496,12.652,188,0
20130228,12.446,12.632,12.32,12.632,339,0
20130301,12.404,12.413,12.404,12.404,491,0
20130304,12.321,12.57,12.321,12.57,206,0
20130305,12.487,12.487,12.223,12.223,333,0
20130306,12.239,12.239,12.165,12.165,440,0
20130307,12.165,12.197,12.156,12.19,751,0
20130308,12.19,12.19,12.032,12.032,610,0
20130311,12.032,12.156,12.032,12.156,1008,0
20130312,12.156,12.156,12.032,12.032,951,0
20130313,12.032,12.197,12.032,12.197,1287,0
20130314,12.197,12.197,12.19,12.197,5498,0
20130315,12.074,12.396,12.074,12.396,866,0
20130318,12.404,12.404,12.396,12.404,1066,0
20130319,12.487,12.487,12.197,12.197,2246,0
20130320,12.207,12.207,12.207,12.207,121,0
20130321,12.239,12.239,12.156,12.156,484,0
20130322,12.156,12.156,11.297,11.785,2185,0
20130325,11.577,11.991,11.503,11.991,1603,0
20130326,11.875,11.991,11.594,11.875,3015,0
20130327,11.785,11.785,11.247,11.577,3725,0
20130328,11.577,11.742,11.577,11.742,314,0
20130403,11.742,11.742,11.577,11.577,7870,0
20130404,11.536,11.662,11.536,11.577,187,0
20130405,11.577,11.577,11.577,11.577,34,0
20130408,11.586,11.742,11.577,11.577,1526,0
20130409,11.577,11.785,11.338,11.785,1262,0
20130410,11.746,11.746,11.61,11.746,640,0
20130411,11.742,11.785,11.702,11.785,10959,0
20130412,11.788,11.788,11.704,11.788,1234,0
20130417,11.788,11.788,11.704,11.788,12080,0
20130418,11.742,11.991,11.742,11.785,3176,0
20130419,11.788,11.822,11.746,11.822,4617,0
20130422,11.866,12.239,11.866,12.123,639,0
20130423,12.174,12.174,12.057,12.057,253,0
20130424,12.057,12.057,11.702,11.949,4960,0
20130425,11.949,12.132,11.949,11.949,883,0
20130426,11.991,12.32,11.948,12.32,736,0
20130429,12.446,12.57,12.082,12.082,2332,0
20130430,12.083,12.202,11.991,12.202,616,0
20130502,12.033,12.21,12.033,12.21,476,0
20130506,12.236,12.32,12.236,12.32,90,0
20130507,12.564,12.564,12.404,12.404,449,0
20130508,11.645,12.658,11.645,12.472,2018,0
20130513,12.464,12.464,12.159,12.328,506,0
20130514,12.152,12.152,12.109,12.152,214,0
20130515,12.109,12.109,12.109,12.109,56,0
20130516,12.109,12.109,12.109,12.109,12,0
20130517,12.083,12.295,12.083,12.295,503,0
20130520,12.278,12.404,12.278,12.404,174,0
20130521,12.489,12.682,12.413,12.649,7494,0
20130522,12.236,12.404,12.236,12.236,11863,0
20130523,12.253,12.649,12.152,12.455,51930,0
20130524,12.446,12.995,12.404,12.995,2257,0
20130527,12.953,13.333,12.767,13.003,6049,0
20130528,12.995,13.08,12.995,13.037,902,0
20130529,13.24,13.501,13.24,13.417,1354,0
20130531,13.501,13.501,13.417,13.417,554,0
20130603,13.383,13.417,13.383,13.4,2612,0
20130604,13.383,15.054,13.383,15.054,6082,0
20130605,14.666,14.834,14.05,14.05,1515,0
20130606,13.754,13.754,13.417,13.713,1616,0
20130607,13.713,13.713,13.374,13.374,342,0
20130610,13.374,13.746,13.341,13.341,2878,0
20130611,13.121,13.391,13.121,13.391,753,0
20130612,13.417,13.417,13.417,13.417,136,0
20130613,13.459,13.586,13.459,13.51,210293,0
20130614,13.586,13.586,13.586,13.586,12,0
20130617,13.586,14.767,13.552,14.767,14088,0
20130618,14.767,14.935,14.548,14.742,776,0
20130619,14.734,14.742,14.734,14.742,17,0
20130620,14.75,14.75,14.388,14.725,10762,0
20130621,14.598,14.598,14.176,14.429,690,0
20130624,14.262,14.378,14.025,14.025,3405,0
20130625,13.932,13.932,13.586,13.586,443,0
20130626,13.67,13.924,13.67,13.924,154,0
20130627,13.924,13.924,13.915,13.915,243,0
20130628,13.839,13.839,13.501,13.501,68,0
20130701,13.501,13.779,13.207,13.417,11921,0
20130702,13.299,14.388,13.299,14.388,6628,0
20130703,14.378,14.378,13.924,14.008,513,0
20130704,14.008,14.008,13.67,13.67,263,0
20130705,13.67,13.67,13.67,13.67,21,0
20130709,13.67,13.67,13.501,13.501,47,0
20130710,13.586,13.586,13.501,13.501,47,0
20130711,13.586,13.839,13.586,13.839,604,0
20130712,13.88,13.88,13.88,13.88,64,0
20130715,13.88,13.88,13.88,13.88,24,0
20130716,13.88,13.88,13.796,13.796,100,0
20130717,13.839,13.924,13.636,13.796,860,0
20130718,13.88,13.924,13.839,13.915,916,0
20130719,13.999,13.999,13.924,13.924,24,0
20130722,13.924,13.924,13.924,13.924,25,0
20130723,13.924,13.924,13.602,13.602,156,0
20130724,13.602,13.754,13.602,13.754,643,0
20130725,13.754,13.754,13.754,13.754,5,0
20130726,13.754,13.839,13.754,13.839,333,0
20130729,13.856,14.218,13.796,14.218,3064,0
20130730,14.429,14.767,14.429,14.725,3083,0
20130731,14.683,14.725,14.514,14.514,23503,0
20130801,14.429,14.429,14.345,14.345,252,0
20130802,14.345,14.345,14.345,14.345,12,0
20130805,14.345,14.345,13.99,14.008,1783,0
20130806,14.008,14.016,14.008,14.016,89,0
20130807,13.763,14.008,13.653,14.008,650,0
20130808,14.008,14.008,13.67,14.008,484,0
20130809,14.008,14.092,13.999,14.008,5563,0
20130812,13.924,13.924,13.687,13.687,1253,0
20130813,13.839,14.134,13.713,14.134,546,0
20130814,13.839,14.345,13.839,14.345,4490,0
20130816,14.092,14.092,13.88,13.88,303,0
20130819,14.016,14.134,13.611,14.134,592,0
20130820,14.134,14.134,13.611,13.611,94,0
20130821,13.67,13.67,13.501,13.501,686,0
20130822,13.586,13.839,13.586,13.839,936,0
20130823,13.839,13.839,13.754,13.754,791,0
20130826,13.754,13.839,13.679,13.839,1015,0
20130827,13.839,14.092,13.713,13.839,1713,0
20130828,13.839,14.126,13.839,14.126,130,0
20130829,14.126,14.126,14.126,14.126,10,0
20130830,14.126,14.126,13.754,13.754,171,0
20130902,13.754,13.754,13.754,13.754,14,0
20130903,13.924,13.924,13.501,13.839,180,0
20130904,13.839,13.924,13.839,13.915,169,0
20130905,13.915,13.915,13.197,13.197,605,0
20130906,13.333,13.333,13.214,13.214,796,0
20130909,13.214,13.501,13.214,13.501,123,0
20130910,13.501,13.501,13.291,13.459,187,0
20130911,13.501,13.501,13.501,13.501,45,0
20130912,13.51,14.329,13.501,13.501,4569,0
20130916,13.501,14.176,13.501,14.176,11600,0
20130917,14.336,14.336,14.176,14.176,805,0
20130918,14.262,14.262,14.262,14.262,15,0
20130919,14.252,14.252,14.252,14.252,14,0
20130920,14.176,14.176,13.924,13.924,180,0
20130923,13.924,13.924,13.679,13.924,394,0
20130924,13.924,13.924,13.924,13.924,1,0
20130925,13.924,13.924,13.924,13.924,1,0
20130926,13.924,13.924,13.577,13.577,357,0
20130930,13.518,13.518,13.248,13.248,435,0
20131001,13.248,13.713,13.248,13.468,229,0
20131002,13.586,13.586,13.493,13.501,281,0
20131004,13.501,13.67,13.501,13.501,3393,0
20131007,13.501,13.501,13.501,13.501,1285,0
20131008,13.501,13.501,13.248,13.248,208,0
20131009,13.586,14.329,13.586,14.176,999,0
20131010,14.092,14.092,14.092,14.092,1,0
20131011,14.084,14.084,13.839,13.839,896,0
20131014,13.839,17.678,13.839,16.869,50847,0
20131015,15.61,16.792,15.188,15.603,11747,0
20131016,15.61,15.61,15.188,15.188,4416,0
20131017,15.188,15.4,14.877,15.188,727,0
20131018,15.188,15.188,14.978,14.978,137,0
20131021,14.894,15.113,14.767,15.113,208,0
20131022,14.935,15.188,14.935,15.188,296,0
20131023,15.181,15.181,14.935,14.935,201,0
20131024,15.181,15.181,15.181,15.181,3,0
20131025,15.181,15.181,15.021,15.181,612,0
20131028,15.105,15.442,15.105,15.442,125,0
20131029,15.316,15.316,14.851,15.147,1303,0
20131030,15.188,15.273,15.021,15.273,309,0
20131031,15.105,15.188,14.935,15.188,373,0
20131104,15.188,15.188,14.851,14.851,66,0
20131105,14.851,14.851,14.851,14.851,407,0
20131106,14.851,14.851,14.683,14.683,5479,0
20131107,14.683,14.683,14.683,14.683,3937,0
20131108,14.683,14.683,14.683,14.683,314,0
20131112,14.683,14.767,14.683,14.767,673,0
20131113,14.767,14.767,14.683,14.683,573,0
20131114,14.598,15.021,14.598,15.021,3285,0
20131115,14.877,14.877,14.767,14.851,1072,0
20131118,14.877,14.894,14.683,14.894,635,0
20131119,14.809,14.809,14.683,14.809,604,0
20131120,14.894,14.894,14.894,14.894,119,0
20131121,14.902,15.105,14.429,14.429,225,0
20131122,14.725,14.725,14.472,14.725,499,0
20131125,14.725,14.767,13.468,14.345,1581,0
20131126,14.725,14.725,14.345,14.489,763,0
20131127,14.489,14.489,13.67,14.244,1368,0
20131128,14.235,14.48,13.839,14.48,260,0
20131129,14.48,14.48,13.924,13.924,51,0
20131202,13.88,14.008,13.88,13.88,145,0
20131203,13.924,14.438,13.924,14.438,219,0
20131204,14.429,14.438,14.134,14.134,510,0
20131205,14.345,14.345,14.345,14.345,19,0
20131206,14.329,14.329,14.329,14.329,6,0
20131209,14.329,14.329,13.754,14.176,661,0
20131210,13.772,14.262,13.754,14.262,1078,0
20131211,14.252,14.252,13.924,13.924,14,0
20131212,14.041,14.05,14.041,14.05,30,0
20131213,14.05,14.05,14.05,14.05,59,0
20131216,14.008,14.008,13.956,14.008,516,0
20131217,13.999,13.999,13.501,13.586,746,0
20131218,13.586,13.839,13.586,13.839,251,0
20131219,13.67,13.924,13.417,13.924,1558,0
20131220,13.915,13.924,13.333,13.924,9897,0
20131223,13.915,13.915,13.915,13.915,3,0
20131227,13.915,13.915,13.915,13.915,1,0
20131230,13.915,14.345,13.586,14.345,2343,0
20140102,13.924,13.924,13.628,13.628,781,0
20140103,13.796,13.839,13.796,13.796,385,0
20140107,13.839,13.839,13.839,13.839,1,0
20140108,13.839,13.839,13.839,13.839,1,0
20140109,13.839,13.839,13.839,13.839,3,0
20140110,13.839,13.839,13.501,13.501,584,0
20140113,13.51,13.51,13.417,13.417,269,0
20140114,13.291,13.291,13.24,13.24,1347,0
20140115,13.248,13.248,13.248,13.248,3,0
20140116,13.097,13.121,12.894,12.894,1619,0
20140117,12.826,13.138,12.81,12.81,1401,0
20140120,12.911,13.138,12.911,13.138,48,0
20140121,13.138,13.138,13.138,13.138,12746,0
20140122,13.501,13.501,13.501,13.501,2,0
20140123,13.501,13.501,13.501,13.501,1,0
20140124,13.501,13.501,13.088,13.088,446,0
20140127,13.409,13.409,13.409,13.409,152,0
20140130,13.417,13.417,13.417,13.417,3,0
20140131,13.417,13.417,13.138,13.417,148,0
20140203,13.501,13.501,13.291,13.291,14346,0
20140204,13.248,13.248,13.248,13.248,12,0
20140205,13.324,13.324,12.244,12.936,4907,0
20140206,12.928,12.928,12.741,12.911,159,0
20140207,12.928,12.928,12.142,12.142,2338,0
20140210,12.142,13.08,12.142,13.08,4386,0
20140211,13.071,13.071,12.675,12.911,98,0
20140212,12.911,12.911,12.446,12.481,1874,0
20140213,12.481,12.894,12.481,12.498,122,0
20140214,12.489,12.574,12.489,12.489,1139,0
20140217,12.489,12.995,12.489,12.995,884,0
20140218,12.995,13.501,12.658,12.894,3923,0
20140219,12.835,13.316,12.835,12.911,48,0
20140220,12.919,12.919,12.911,12.911,101,0
20140221,13.231,13.231,12.826,12.826,294,0
20140226,12.835,12.835,12.835,12.835,270,0
20140227,12.835,12.843,12.835,12.843,17,0
20140228,12.835,12.835,12.835,12.835,1,0
20140303,12.835,12.869,12.574,12.869,1478,0
20140304,12.869,12.869,12.869,12.869,5,0
20140305,12.869,12.869,12.869,12.869,12,0
20140306,12.574,12.758,12.574,12.758,84,0
20140307,12.758,12.758,12.574,12.574,46290,0
20140310,12.556,12.556,12.556,12.556,217,0
20140311,12.556,12.564,12.556,12.564,42,0
20140312,12.556,12.556,12.152,12.152,702,0
20140313,12.101,12.101,12.093,12.093,415,0
20140314,12.066,12.066,11.392,11.477,1563,0
20140317,11.4,12.049,11.4,11.477,600,0
20140318,11.889,12.32,11.889,12.32,474,0
20140319,12.312,12.32,11.738,12.32,1243,0
20140320,12.32,12.32,12.32,12.32,3,0
20140321,12.32,12.32,12.32,12.32,5,0
20140324,12.32,12.32,11.814,12.126,2130,0
20140325,12.126,12.135,11.738,11.738,635,0
20140326,11.738,12.32,11.738,11.814,3205,0
20140327,11.814,11.814,11.56,11.603,20162,0
20140328,11.56,11.56,11.519,11.519,705,0
20140331,11.376,11.493,11.376,11.493,21209,0
20140401,11.519,11.814,11.519,11.814,1604,0
20140402,11.982,12.236,11.982,12.236,594,0
20140403,12.32,12.32,12.227,12.227,362,0
20140407,12.236,12.236,12.142,12.142,169,0
20140408,12.564,12.641,12.32,12.641,39641,0
20140409,12.658,12.869,12.658,12.784,580,0
20140410,12.869,12.869,12.869,12.869,868,0
20140411,12.869,13.08,12.869,13.08,1631,0
20140414,13.104,13.104,12.784,12.784,135,0
20140415,13.409,13.409,12.784,12.784,859,0
20140416,12.658,13.08,12.649,13.08,106,0
20140417,12.741,12.741,12.658,12.658,1517,0
20140422,12.725,12.734,12.725,12.734,154,0
20140423,12.574,12.734,12.489,12.734,41,0
20140424,12.658,12.658,12.658,12.658,17,0
20140425,12.658,12.658,12.658,12.658,117,0
20140429,12.658,12.734,12.658,12.734,30,0
20140430,12.741,12.741,12.658,12.658,142,0
20140502,12.658,12.658,12.025,12.32,1619,0
20140505,12.32,12.32,11.965,11.965,1198,0
20140506,11.882,11.882,11.882,11.882,12,0
20140507,11.822,11.822,11.266,11.349,2130,0
20140508,11.139,11.814,11.139,11.139,1451,0
20140509,11.139,11.349,10.126,10.7,5980,0
20140512,10.548,10.674,10.304,10.674,394,0
20140513,10.674,10.674,10.674,10.674,3,0
20140514,10.674,10.7,10.295,10.7,17666,0
20140515,10.691,10.7,10.388,10.7,643,0
20140516,10.7,10.7,10.379,10.7,600,0
20140519,10.716,10.716,10.716,10.716,994,0
20140520,10.716,10.716,10.716,10.716,6,0
20140521,10.801,10.894,10.801,10.894,35581,0
20140522,11.425,12.292,11.416,12.124,6057,0
20140523,12.284,12.522,12.284,12.522,5372,0
20140526,12.301,12.522,12.212,12.478,39485,0
20140527,12.389,12.389,12.071,12.071,915,0
20140528,12.071,12.212,12.071,12.212,12091,0
20140529,12.079,12.168,12.079,12.168,34,0
20140530,12.079,12.079,12.071,12.071,94,0
20140602,12.071,12.079,12.071,12.079,229,0
20140603,12.212,12.381,12.212,12.381,48,0
20140604,12.389,12.478,12.389,12.389,148,0
20140605,12.389,12.566,12.389,12.389,720,0
20140606,12.399,12.399,12.399,12.399,297,0
20140609,12.433,12.832,12.433,12.832,4235,0
20140610,12.85,12.85,12.85,12.85,322,0
20140611,12.85,12.858,12.85,12.858,84,0
20140612,13.275,13.275,12.956,13.23,181474,0
20140613,13.275,13.275,13.23,13.23,161650,0
20140616,13.275,13.275,12.85,12.85,116756,0
20140617,12.85,13.23,12.85,13.23,113000,0
20140618,13.275,13.823,13.239,13.275,7259,0
20140620,13.983,13.983,13.283,13.85,398,0
20140623,14.159,14.159,14.053,14.053,48,0
20140624,14.053,14.053,13.983,14.053,291,0
20140625,13.983,13.983,13.496,13.85,101805,0
20140626,13.85,13.85,13.762,13.762,51,0
20140627,13.717,14.593,13.629,14.584,3318,0
20140630,14.646,14.672,14.151,14.38,237305,0
20140701,14.336,14.672,14.248,14.39,181545,0
20140702,14.425,14.425,13.876,13.973,1709,0
20140703,13.973,13.973,13.478,13.973,517,0
20140704,13.973,13.973,13.275,13.708,15,0
20140707,14.672,14.672,13.221,13.275,845,0
20140708,14.151,14.151,13.009,13.009,939,0
20140709,13.009,13.009,12.947,13.009,850,0
20140710,13,13.806,12.035,12.576,1642,0
20140711,13.717,13.717,13.717,13.717,2,0
20140714,13.699,13.699,13.699,13.699,1,0
20140715,12.832,12.832,12.151,12.389,788,0
20140716,11.505,12.832,11.505,12.832,3936,0
20140717,12.832,12.832,12.256,12.823,18,0
20140718,11.682,12.823,11.682,12.823,304,0
20140721,12.832,12.832,12.062,12.381,812,0
20140722,12.77,12.77,11.522,12.558,140,0
20140723,12.558,12.558,11.638,11.93,735,0
20140724,11.416,12.151,11.416,11.93,196,0
20140725,11.354,12.487,11.354,12.487,14,0
20140728,12.478,12.478,12.478,12.478,1,0
20140729,12.46,12.46,11.93,12.212,190,0
20140730,12.566,12.566,12.566,12.566,1,0
20140731,12.566,12.566,12.566,12.566,1,0
20140801,12.124,12.124,11.947,11.947,197,0
20140804,11.602,12.124,11.505,12.124,66,0
20140805,11.947,11.947,11.248,11.425,705,0
20140806,11.938,11.938,11.239,11.469,38,0
20140807,11.894,11.894,11.124,11.443,317,0
20140808,11.495,11.495,11.018,11.328,901,0
20140811,11.495,11.495,11.495,11.495,21,0
20140812,11.495,11.495,11.495,11.495,1,0
20140813,11.495,11.495,10.938,11.461,52,0
20140814,11.495,11.495,11.062,11.434,352,0
20140818,10.938,11.346,10.938,11.346,438,0
20140819,11.495,11.495,10.805,11.177,4046,0
20140820,11.495,11.495,10.664,11.044,591,0
20140821,11.495,11.495,11.495,11.495,3,0
20140822,11.495,11.495,10.708,11.495,792,0
20140825,11.495,11.495,11.495,11.495,1,0
20140826,11.495,11.495,11.495,11.495,1,0
20140827,11.495,11.495,11.097,11.097,76,0
20140828,11.495,11.495,10.894,10.938,385,0
20140829,11.328,11.328,10.814,10.938,303,0
20140901,11.372,11.372,10.478,10.841,1632,0
20140902,10.841,10.903,10.752,10.903,4781,0
20140903,11.372,11.372,10.345,10.478,2098,0
20140904,10.903,10.903,9.921,10.797,1176,0
20140905,10.442,10.752,10.301,10.752,723,0
20140908,11.505,11.505,10.974,10.974,21,0
20140909,11.328,11.328,10.619,10.805,216,0
20140910,11.495,11.495,10.265,10.265,1120,0
20140911,11.239,11.239,10.265,10.265,463,0
20140912,10.929,10.929,10.354,10.734,225,0
20140915,10.708,10.734,10.708,10.734,5,0
20140916,10.734,10.734,9.841,10.531,1317,0
20140917,10.734,10.734,10.734,10.734,1,0
20140918,10.734,10.734,9.955,10.575,51,0
20140919,10.575,10.575,10.283,10.283,171,0
20140922,10.575,10.575,10.575,10.575,1,0
20140923,10.575,10.575,10.575,10.575,2,0
20140924,10.575,10.575,10.088,10.088,315,0
20140925,10.734,10.734,10.734,10.734,1,0
20140926,10.734,10.734,10.213,10.213,141,0
20140929,10.088,10.088,10.088,10.088,118,0
20140930,10.088,10.974,10.088,10.974,297,0
20141001,10.974,10.974,10.336,10.974,15,0
20141002,10.974,10.974,9.876,10.965,76,0
20141003,10.177,10.177,10.177,10.177,70,0
20141006,11.044,11.044,10.221,11.044,128,0
20141007,11.062,11.062,10.974,10.974,2,0
20141008,10.247,11.062,10.247,10.557,203,0
20141009,10.549,10.549,10.133,10.133,635,0
20141010,10.434,10.434,10.434,10.434,1,0
20141013,10.434,10.434,9.832,10.434,46,0
20141014,10.425,10.425,9.735,9.894,5579,0
20141015,10.425,10.425,10.425,10.425,1,0
20141016,10.416,10.416,9.4695,10.416,334,0
20141017,10.416,10.416,10,10.416,2002,0
20141020,10.408,10.408,10.15,10.354,592,0
20141021,10.354,10.744,10.168,10.744,307,0
20141022,10.744,10.929,10.619,10.929,777,0
20141023,9.867,10.442,9.867,10.018,5214,0
20141024,10.442,10.708,10,10.071,209,0
20141027,10.044,10.044,10.044,10.044,4,0
20141028,10.044,10.044,9.514,9.647,1448,0
20141029,9.4695,10.044,9.2924,9.867,2101,0
20141030,9.867,9.867,9.2302,9.558,737,0
20141031,9.823,9.823,9.558,9.593,588,0
20141103,9.823,9.823,9.823,9.823,4,0
20141104,9.823,9.823,9.3367,9.814,16,0
20141105,9.796,9.796,9.796,9.796,5,0
20141106,9.796,9.823,9.796,9.823,488,0
20141107,9.823,9.823,9.823,9.823,4,0
20141110,10.39,10.39,9.823,9.823,5,0
20141112,9.823,10.39,9.823,10.39,119,0
20141113,10.071,10.071,10.071,10.071,1,0
20141114,10.071,10.071,10.071,10.071,2,0
20141117,10.071,10.071,10,10,6,0
20141118,9.991,9.991,9.991,9.991,3,0
20141119,9.991,9.991,9.991,9.991,5,0
20141120,9.991,9.991,9.991,9.991,4,0
20141121,9.991,9.991,9.735,9.735,164,0
20141124,9.973,10.327,9.911,10.31,1518,0
20141125,10.327,10.327,10.177,10.327,1139,0
20141126,10.327,10.39,10.08,10.39,3916,0
20141127,10.39,10.39,10.239,10.39,199,0
20141128,10.39,10.39,10.39,10.39,3,0
20141201,10.39,10.39,9.929,10.39,22,0
20141202,10.39,10.39,10.38,10.38,5,0
20141203,9.735,10.354,9.735,10.345,980,0
20141204,10.345,10.345,10.345,10.345,12,0
20141205,10.345,10.345,10.098,10.345,539,0
20141208,10.345,10.345,10.177,10.345,191,0
20141209,10.354,10.531,10.177,10.177,623,0
20141210,10.434,10.434,9.973,9.973,48,0
20141211,10.354,10.354,10.354,10.354,6,0
20141212,10.398,10.398,9.885,10.283,241,0
20141215,10.098,10.195,10.027,10.15,1887,0
20141216,10.283,10.283,10.15,10.15,801,0
20141217,10.275,10.275,10.124,10.16,7139,0
20141218,10.265,10.283,10.116,10.283,3575,0
20141219,10.221,10.283,9.735,10.283,2312,0
20141222,10.257,10.257,9.823,10.213,540,0
20141223,10.213,10.213,9.3536,9.911,865,0
20141229,9.911,9.911,9.4958,9.911,277,0
20141230,9.911,10.39,9.894,10.39,520,0
20150102,10.39,10.39,9.911,10.39,400,0
20150105,10.39,10.752,10.116,10.39,341,0
20150107,10.752,10.752,9.983,10.088,2970,0
20150108,9.823,10.292,9.823,10.177,2425,0
20150109,10.168,10.522,10.168,10.522,328,0
20150112,10.522,10.522,9.54,9.726,8148,0
20150113,9.858,9.858,9.4779,9.708,884,0
20150114,9.726,9.735,9.4252,9.708,402,0
20150115,9.778,10.168,9.673,10.168,1312,0
20150116,10.16,10.16,9.558,9.602,2428,0
20150119,10.133,10.133,9.558,9.558,374,0
20150120,10.142,10.142,9.3809,10.124,348,0
20150121,10.124,10.124,9.558,9.558,86,0
20150122,9.3093,10.124,9.3093,10.124,165,0
20150123,10.124,10.124,10.124,10.124,6,0
20150126,10.124,10.124,10.124,10.124,3,0
20150127,10.088,10.088,9.647,10.08,89,0
20150128,10.08,10.08,10.08,10.08,7,0
20150129,10.071,10.088,9.921,10.071,1021,0
20150130,10.088,10.124,9.761,10.124,239,0
20150202,10.124,10.124,10.124,10.124,15,0
20150203,10.124,10.16,10.071,10.098,154,0
20150204,10.16,10.16,10.16,10.16,11,0
20150205,10.16,10.16,10.08,10.088,1956,0
20150206,10.16,10.16,10.16,10.16,4,0
20150209,10.16,10.16,10.16,10.16,4,0
20150210,10.16,10.16,9.867,10,178,0
20150211,10,10,9.735,10,315,0
20150212,10,10,10,10,11,0
20150213,10,10,9.3188,10,371,0
20150216,10,10,9.673,10,156,0
20150217,10,10,10,10,15,0
20150218,10,10,9.735,9.735,138,0
20150219,10,10,9.955,9.955,16,0
20150220,10,10,9.735,9.735,195,0
20150223,10,10,9.514,9.663,666,0
20150224,10,10,9.647,10,51,0
20150225,9.663,10,9.663,10,228,0
20150226,10,10.027,9.911,10.027,397,0
20150227,10.027,10.027,10.027,10.027,22,0
20150302,10.027,10.16,9.522,9.531,2684,0
20150303,9.558,10.15,9.558,10.08,124,0
20150304,10.062,10.142,9.691,10.142,508,0
20150305,10.142,10.142,9.973,9.991,22,0
20150306,10.142,10.142,9.903,10.142,377,0
20150309,10.15,10.46,9.911,10.46,2066,0
20150310,10.46,10.469,10.044,10.098,211,0
20150311,10.16,10.513,10.16,10.513,464,0
20150312,10.513,10.513,10.354,10.354,10889,0
20150313,10.522,10.522,10.522,10.522,23,0
20150316,10.522,10.522,9.911,9.911,239,0
20150317,10.31,10.31,9.903,9.903,1070,0
20150318,10.31,10.31,10.31,10.31,1,0
20150323,10.31,10.522,10,10.522,142,0
20150324,10.522,10.522,10.505,10.505,29,0
20150325,10.505,10.505,10.505,10.505,17,0
20150326,10.505,10.505,10.505,10.505,17,0
20150327,10.416,10.416,10.354,10.354,18,0
20150330,10.416,10.416,10.106,10.106,241,0
20150331,10.416,10.416,10.116,10.354,172,0
20150401,10.522,10.522,10.116,10.522,22,0
20150402,10.442,10.442,10.15,10.15,1406,0
20150407,10.354,10.354,10.106,10.15,1477,0
20150408,10.442,10.442,9.903,10.044,1297,0
20150409,10.434,10.434,9.735,9.735,604,0
20150410,10.336,10.336,9.655,9.699,20746,0
20150413,9.921,9.921,9.647,9.735,26245,0
20150414,9.973,9.973,9.973,9.973,848,0
20150415,9.973,9.973,9.619,9.726,15063,0
20150416,9.947,9.947,9.708,9.735,755,0
20150417,9.911,9.911,9.4695,9.681,3327,0
20150420,9.947,9.947,9.4695,9.558,966,0
20150421,9.699,9.699,9.3367,9.3809,7440,0
20150422,9.549,9.549,9.2218,9.2481,3944,0
20150423,9.54,9.54,9.2481,9.2481,9483,0
20150424,9.54,9.54,9.2924,9.3093,1147,0
20150427,9.3188,9.514,9.0795,9.1944,3327,0
20150428,9.3272,9.3272,8.9027,9.0174,2955,0
20150429,9.0174,9.0268,8.9646,9.0174,158023,0
20150430,9.1153,9.1153,8.991,9.1153,716,0
20150504,9.2924,9.3809,9.2039,9.3809,3823,0
20150505,9.3809,9.4864,9.2039,9.2039,2075,0
20150506,9.4958,9.504,9.1332,9.1332,5183,0
20150507,9.504,9.504,9.2924,9.4695,400,0
20150508,9.2924,9.2924,9.1153,9.2924,3693,0
20150511,9.2924,9.2924,8.9562,9.1153,10362,0
20150512,9.2039,9.2039,9.0268,9.0268,172,0
20150513,8.9825,9.2039,8.7346,8.9116,10574,0
20150514,8.9116,9.1153,8.8496,9.1153,1090,0
20150515,9.1153,9.2745,9.1153,9.2745,2110,0
20150518,9.2745,9.2745,9.0353,9.2039,411,0
20150519,9.266,9.266,9.186,9.266,615,0
20150520,9.266,9.266,9.1944,9.1944,4159,0
20150521,9.2481,9.2481,9.0268,9.0268,128913,0
20150522,9.2566,9.4695,9.0616,9.4695,6007,0
20150525,9.4695,9.522,9.2924,9.522,5655,0
20150526,10.059,10.059,9.4845,9.795,2032,0
20150527,9.748,9.786,9.673,9.701,1707,0
20150528,9.701,9.748,9.701,9.748,3493,0
20150529,9.748,9.748,9.748,9.748,80,0
20150601,9.748,9.871,9.607,9.871,860,0
20150602,9.871,9.871,9.748,9.842,247,0
20150603,9.833,9.833,9.503,9.786,1086,0
20150605,9.777,9.777,9.777,9.777,3,0
20150608,9.777,9.777,9.777,9.777,48,0
20150609,9.701,9.777,9.4374,9.654,847,0
20150610,9.777,9.777,9.673,9.777,47,0
20150611,9.767,9.767,9.729,9.729,31,0
20150612,9.748,9.748,9.56,9.701,174,0
20150615,9.692,9.692,9.522,9.522,433,0
20150616,9.692,9.692,9.3338,9.3338,433,0
20150617,9.692,9.692,9.522,9.522,21,0
20150618,9.522,9.522,9.136,9.4186,4189,0
20150619,9.3715,9.3715,8.9948,9.2302,1631,0
20150622,9.2585,9.2585,9.2397,9.2397,3,0
20150623,9.2773,9.2773,9.136,9.136,2129,0
20150624,9.136,9.2302,9.136,9.2302,2293,0
20150625,9.2773,9.2773,9.1549,9.1549,1094,0
20150626,9.1831,9.3621,9.1455,9.3621,1556,0
20150629,9.682,9.682,9.673,9.673,19,0
20150630,9.645,9.645,9.0419,9.4186,238,0
20150701,9.56,9.56,8.9477,9.4186,3109,0
20150702,9.56,9.56,9.56,9.56,28,0
20150703,9.56,9.56,9.56,9.56,28,0
20150706,9.56,9.56,9.1549,9.56,179,0
20150707,9.56,9.56,8.8064,9.4186,1997,0
20150708,9.56,9.56,9.56,9.56,36,0
20150709,8.9477,9.56,8.9477,9.56,762,0
20150710,9.56,9.56,8.9571,9.2491,1972,0
20150713,9.513,9.541,9.0419,9.541,209,0
20150714,9.541,9.541,9.2208,9.494,317,0
20150715,9.494,9.503,9.202,9.4845,484,0
20150716,9.4563,9.4563,8.9288,8.9288,15392,0
20150717,8.8347,9.4374,8.8347,8.9477,396,0
20150720,8.9477,8.9477,8.9477,8.9477,78,0
20150721,8.9477,8.9477,8.9288,8.9477,5766,0
20150722,9.4092,9.4092,8.9194,8.9477,1105,0
20150723,9.4092,9.4092,8.9288,9.3998,161,0
20150724,8.9477,8.9665,8.9194,8.9665,137,0
20150727,8.9477,9.3998,8.7593,9.3998,1084,0
20150728,9.3998,9.3998,8.9288,8.9477,5462,0
20150729,9.3809,9.3809,8.9288,8.9477,489,0
20150730,9.3527,9.3527,8.9006,8.9477,709,0
20150731,8.9477,9.3715,8.9477,9.3715,101,0
20150803,8.9477,8.9477,8.5709,8.9477,13875,0
20150804,8.9477,8.9477,8.9477,8.9477,80,0
20150805,8.9288,8.9477,8.6651,8.9477,744,0
20150806,9.3809,9.3809,8.9006,8.9477,187,0
20150807,9.3621,9.3621,8.9288,8.9477,372,0
20150810,8.9477,8.9477,8.9477,8.9477,350,0
20150811,8.9477,8.9477,8.9383,8.9383,62,0
20150812,8.9477,8.9477,8.9383,8.9383,72,0
20150813,8.9006,8.9477,8.6651,8.8535,504,0
20150814,9.3809,9.3809,8.9006,8.9383,47,0
20150817,8.9383,8.9383,8.7593,8.9383,94,0
20150818,8.9477,8.9477,8.7781,8.7781,145,0
20150819,8.7593,8.7593,8.4579,8.7122,175,0
20150820,8.9477,8.9477,8.505,8.9383,1018,0
20150821,9.3809,9.3809,8.7593,9.315,242,0
20150824,8.4767,9.3056,8.4767,8.9477,6066,0
20150825,8.9477,9.2679,8.684,8.9288,2693,0
20150826,9.4092,9.4092,8.4767,8.4767,369,0
20150827,8.9571,9.4092,8.6651,9.3809,263,0
20150828,9.0984,9.0984,8.9477,9.089,23,0
20150831,9.0984,9.3903,8.7593,9.3903,386,0
20150901,8.9477,8.9477,8.7122,8.7122,4701,0
20150902,8.9477,9.3244,8.7593,9.3244,463,0
20150903,8.9477,9.3433,8.7593,9.3433,4765,0
20150904,9.3527,9.3715,9.3527,9.3715,99,0
20150907,9.3715,9.3715,9.2208,9.3715,66,0
20150908,9.3715,9.3715,8.9477,9.1549,251,0
20150909,9.136,9.1926,8.8252,9.1926,1039,0
20150910,9.315,9.315,9.0419,9.315,104,0
20150911,9.3715,9.3998,9.089,9.1266,199,0
20150914,9.3809,9.3809,8.8723,9.3809,317,0
20150915,9.1172,9.1172,8.731,9.0042,149,0
20150916,9.1172,9.3809,9.1078,9.3809,207,0
20150917,9.3809,9.3809,8.8912,9.315,115,0
20150918,9.315,9.315,9.2867,9.2867,44,0
20150921,9.2867,9.2867,9.2867,9.2867,70,0
20150922,9.2867,9.2867,8.9477,9.2585,94,0
20150923,9.2585,9.2585,8.8912,9.2491,48,0
20150924,9.2491,9.2491,9.0419,9.0419,235,0
20150925,9.2302,9.2302,9.2302,9.2302,58,0
20150928,9.2302,9.3621,9.2302,9.3621,42,0
20150929,9.3621,9.3621,9.3621,9.3621,1,0
20150930,9.3621,9.3621,9.3433,9.3433,61,0
20151001,9.3433,9.3433,8.9477,9.089,433,0
20151002,9.3056,9.3056,9.0513,9.0513,13,0
20151005,8.7216,9.2302,8.4014,8.5898,4604,0
20151006,8.5898,8.7781,8.5898,8.7781,627,0
20151007,9.136,9.136,9.136,9.136,3,0
20151008,8.7122,9.1172,8.6274,9.0984,1532,0
20151009,9.1172,9.136,8.9194,9.136,2553,0
20151012,9.0795,9.2962,9.0795,9.2962,1344,0
20151013,9.3621,9.56,9.136,9.56,3331,0
20151014,9.899,9.899,9.635,9.871,2192,0
20151015,9.852,9.899,9.758,9.758,1010,0
20151016,9.758,9.88,9.758,9.871,2395,0
20151019,9.871,10.351,9.795,10.351,16309,0
20151020,10.351,10.634,10.172,10.605,8575,0
20151021,10.624,10.624,10.276,10.605,4833,0
20151022,10.615,10.709,10.445,10.634,9232,0
20151023,10.634,10.634,10.36,10.587,766,0
20151026,10.587,10.587,10.163,10.36,1103,0
20151027,10.502,10.502,10.106,10.332,1063,0
20151028,10.332,10.332,9.89,9.89,2868,0
20151029,10.36,10.36,9.579,9.616,1485,0
20151030,10.36,10.36,9.88,9.88,16,0
20151102,10.36,10.36,9.532,9.692,128,0
20151103,10.36,10.36,9.711,9.711,17,0
20151104,10.36,10.36,9.4563,9.692,689,0
20151105,10.36,10.36,9.1737,9.4186,848,0
20151106,9.974,9.974,9.2302,9.2302,300,0
20151109,9.2302,9.2302,9.136,9.136,20,0
20151110,9.0419,9.0419,9.0419,9.0419,2,0
20151112,8.9477,9.0607,8.9477,9.0607,108,0
20151113,9.0607,9.0607,9.0607,9.0607,16,0
20151116,9.0607,9.0607,8.8629,8.9477,230,0
20151117,8.9477,8.9477,8.9477,8.9477,20,0
20151118,8.9477,8.9477,8.9477,8.9477,130,0
20151119,8.9477,8.9477,8.9477,8.9477,86,0
20151120,8.9477,9.0419,8.9006,9.0419,367,0
20151123,9.0419,9.0419,9.0419,9.0419,286,0
20151124,9.0419,9.0419,9.0419,9.0419,22,0
20151125,9.0419,9.0419,9.0419,9.0419,1790,0
20151126,9.0607,9.4186,9.0419,9.4186,402,0
20151127,9.974,9.974,9.0984,9.4186,196,0
20151130,9.2302,9.2302,9.2302,9.2302,11,0
20151201,9.4092,9.4186,9.4092,9.4092,19,0
20151202,9.4092,9.4092,9.2302,9.4092,161,0
20151203,9.4092,9.4186,9.4092,9.4186,44,0
20151204,9.4186,9.4186,9.4186,9.4186,24,0
20151207,9.4186,9.4186,9.4186,9.4186,35,0
20151208,9.4186,9.4186,9.136,9.4186,67,0
20151209,9.4186,9.4186,9.4186,9.4186,25,0
20151210,9.4186,9.4186,9.4186,9.4186,25,0
20151211,9.4186,9.4186,9.136,9.136,127,0
20151214,9.4186,9.4186,8.7499,8.7499,1014,0
20151215,8.9383,8.9477,8.8723,8.9477,28,0
20151216,8.9477,8.9477,8.4767,8.5521,1449,0
20151217,8.9006,8.9006,8.392,8.9006,2678,0
20151218,8.6086,8.6557,8.6086,8.6086,371,0
20151221,8.6086,8.6086,8.4297,8.4297,797,0
20151222,8.5709,8.5709,8.1942,8.2224,3038,0
20151223,8.9477,8.9477,8.1942,8.213,2361,0
20151228,8.9006,8.9006,8.0529,8.1,4153,0
20151229,8.1,8.4767,8.0152,8.0152,1389,0
20151230,8.4579,8.4579,8.4485,8.4485,25,0
20160104,8.8535,8.8535,8.3449,8.4767,127,0
20160105,8.4767,8.4767,8.4767,8.4767,213,0
20160107,8.4767,8.4767,8.1942,8.3826,265,0
20160108,8.3826,8.3826,7.9776,8.3826,333,0
20160111,8.3826,8.4673,8.0058,8.4673,42,0
20160112,8.4673,8.4767,7.9964,8.4767,80,0
20160113,8.4767,8.4767,7.9681,8.4767,928,0
20160114,8.7499,8.7499,8.2319,8.4767,46,0
20160115,8.4767,8.4767,7.9116,7.9116,3035,0
20160118,8.4767,8.4767,7.7233,7.9116,1352,0
20160119,8.4673,8.4673,7.6291,7.7892,686,0
20160120,8.4579,8.4579,8.3826,8.3826,4,0
20160121,8.3731,8.3731,8.279,8.279,4,0
20160122,8.4673,8.4673,8.2884,8.2884,13,0
20160125,8.2884,8.2884,7.8269,7.9022,293,0
20160126,8.2884,8.2884,7.4595,7.6667,3267,0
20160127,7.6667,7.6667,7.4501,7.5349,171,0
20160128,7.6762,7.6762,7.403,7.6667,587,0
20160129,7.5349,7.6762,7.4407,7.6762,506,0
20160201,7.5349,7.5349,7.5349,7.5349,276,0
20160202,7.7138,7.7138,7.5066,7.7044,183,0
20160203,7.5349,7.5349,7.516,7.5349,696,0
20160204,7.5349,7.5349,7.4407,7.4972,83,0
20160205,7.4972,7.5349,7.4972,7.5349,1338,0
20160208,7.5349,7.5349,7.4501,7.5349,188,0
20160209,7.5349,7.5349,7.4407,7.5066,128,0
20160210,7.5349,7.5349,7.4501,7.5349,46,0
20160211,7.5349,7.5349,7.4407,7.516,117,0
20160212,7.5349,7.5349,7.4407,7.4501,604,0
20160215,7.4407,7.4407,7.403,7.4407,20,0
20160216,7.4407,7.4407,7.403,7.4407,644,0
20160217,7.4407,7.5349,7.3653,7.5349,580,0
20160218,7.5349,7.5349,7.4501,7.5349,2759,0
20160219,7.5349,7.5349,7.5349,7.5349,19,0
20160222,7.5349,7.5349,7.469,7.5349,150,0
20160223,7.5349,7.5349,7.4784,7.5349,128,0
20160224,7.5349,7.5349,7.4784,7.5349,126,0
20160225,7.5443,7.5443,7.4784,7.5443,1719,0
20160226,7.5537,7.5537,7.4407,7.5349,1519,0
20160229,7.9116,7.9116,7.5255,7.5349,3568,0
20160301,8.2413,8.2413,7.4972,7.5349,812,0
20160302,7.5349,7.5349,7.4407,7.5349,605,0
20160303,7.5349,7.5349,7.4407,7.5255,1428,0
20160304,7.5349,7.5349,7.5349,7.5349,14,0
20160307,8.0529,8.0529,7.403,7.516,2846,0
20160308,7.5349,7.5349,7.4972,7.5255,382,0
20160309,7.5255,7.5255,7.5255,7.5255,374,0
20160310,7.7233,7.7233,7.5255,7.5255,175,0
20160311,7.5349,7.5349,7.4501,7.4878,209,0
20160314,7.5349,7.5349,7.4124,7.4219,923,0
20160315,7.4124,7.5349,7.4124,7.5349,3663,0
20160316,7.9964,7.9964,7.4595,7.4878,5007,0
20160317,7.5349,7.5349,7.4501,7.4878,2070,0
20160318,7.4878,7.4878,7.4784,7.4878,686,0
20160321,7.5349,7.5349,7.4595,7.5255,1450,0
20160322,8.0058,8.0058,7.4501,7.4878,573,0
20160323,7.4595,7.5349,7.4595,7.4878,1617,0
20160324,7.4878,7.4878,7.4501,7.4878,197,0
20160329,7.5349,7.5349,7.4595,7.4878,1338,0
20160330,7.9964,7.9964,7.5066,7.516,2244,0
20160331,7.4878,7.4878,7.4501,7.4878,1307,0
20160401,7.4501,7.5255,7.4501,7.5255,1462,0
20160404,7.5255,7.5255,7.4784,7.516,1396,0
20160405,7.516,7.516,7.5066,7.516,654,0
20160406,7.5255,7.5255,7.4878,7.516,3702,0
20160407,7.516,7.5726,7.516,7.516,13180,0
20160408,7.5349,7.5349,7.5255,7.5349,883,0
20160411,7.5349,7.6667,7.5066,7.5349,10900,0
20160412,7.516,7.6762,7.4595,7.4878,1705,0
20160413,7.4878,7.4878,7.469,7.4878,1781,0
20160414,7.4784,7.4784,7.4784,7.4784,94,0
20160415,7.6762,7.6762,7.469,7.4878,3542,0
20160418,7.5349,7.6667,7.4784,7.4878,1668,0
20160419,7.6291,7.6291,7.4784,7.5726,1311,0
20160420,7.516,7.6291,7.516,7.5255,367,0
20160421,7.5255,7.5255,7.4878,7.5255,589,0
20160422,7.516,7.5255,7.4878,7.4878,2841,0
20160425,7.4878,7.4878,7.4784,7.4878,1276,0
20160426,7.4878,7.5349,7.469,7.5349,516,0
20160427,7.6008,7.6008,7.5349,7.5349,460,0
20160428,7.4878,7.4878,7.469,7.4878,745,0
20160429,7.4878,7.4878,7.4595,7.4595,897,0
20160502,7.582,7.582,7.4878,7.5255,1111,0
20160504,7.5255,7.5255,7.4595,7.469,1492,0
20160505,7.6102,7.6102,7.4407,7.4878,2731,0
20160506,7.4878,7.4878,7.469,7.4878,692,0
20160509,7.582,7.582,7.4784,7.4878,1378,0
20160510,7.5066,7.5066,7.469,7.4878,2949,0
20160511,7.4878,7.4972,7.4407,7.4972,875,0
20160512,7.4878,7.4878,7.4407,7.4407,1057,0
20160513,7.4595,7.4595,7.2335,7.29,3507,0
20160516,7.29,7.4219,7.29,7.3842,2064,0
20160517,7.3842,7.4407,7.3653,7.4407,1223,0
20160518,7.4878,7.5066,7.4407,7.5066,801,0
20160519,7.5066,7.5066,7.4501,7.5066,212,0
20160520,7.5066,7.516,7.4878,7.516,844,0
20160523,7.4878,7.5066,7.4501,7.5066,226,0
20160524,7.5066,7.5066,7.4407,7.5066,425,0
20160525,7.516,7.516,7.5066,7.5066,24,0
20160527,7.5066,7.5066,7.5066,7.5066,31,0
20160530,7.5066,7.5066,7.4407,7.4878,2817,0
20160531,7.5066,7.5066,7.4878,7.4878,905,0
20160601,7.4784,7.4784,7.4784,7.4784,1,0
20160602,7.4784,7.4784,7.4784,7.4784,1,0
20160603,7.469,7.469,7.469,7.469,1,0
20160606,7.469,7.469,7.2617,7.2806,393,0
20160607,7.469,7.5349,7.3936,7.4878,2672,0
20160608,7.516,7.516,7.3842,7.3842,1061,0
20160609,7.5255,7.5255,7.2712,7.3842,1044,0
20160610,7.3842,7.3842,7.2335,7.3277,401,0
20160613,7.3277,7.3277,7.1205,7.1487,689,0
20160614,7.1393,7.1393,6.8191,6.8756,975,0
20160615,6.8756,6.9321,6.8756,6.9321,157,0
20160616,6.9321,6.9321,6.8002,6.8756,114,0
20160617,6.8756,6.8756,6.8756,6.8756,4,0
20160620,6.8662,6.8944,6.8002,6.8756,562,0
20160621,6.8756,7.064,6.8567,7.064,560,0
20160622,7.064,7.064,7.064,7.064,57,0
20160624,7.064,7.5255,6.9792,7.5255,331,0
20160627,7.516,7.516,7.4407,7.5066,45,0
20160628,7.4972,7.4972,7.4878,7.4878,51,0
20160629,7.4878,7.4878,7.4878,7.4878,197,0
20160630,7.4878,7.4878,7.0074,7.4878,113,0
20160701,7.4784,7.4784,7.1581,7.4595,324,0
20160704,7.4407,7.4501,7.4407,7.4501,236,0
20160705,7.469,7.469,7.469,7.469,142,0
20160706,7.4784,7.4784,7.4784,7.4784,83,0
20160707,7.4784,7.4784,7.4784,7.4784,1,0
20160708,7.4784,7.4784,7.4784,7.4784,138,0
20160711,7.5066,7.5066,7.5066,7.5066,1,0
20160712,7.5066,7.5066,7.5066,7.5066,1363,0
20160713,7.516,7.516,7.5066,7.516,547,0
20160714,7.516,7.516,7.516,7.516,10,0
20160715,7.516,7.516,7.4878,7.5066,120,0
20160718,7.5066,7.5066,7.5066,7.5066,237,0
20160719,7.4595,7.4784,7.1581,7.4784,2323,0
20160720,7.469,7.469,7.3465,7.3653,1507,0
20160721,7.4595,7.4595,7.3465,7.3936,204,0
20160722,7.4595,7.5255,7.403,7.5255,599,0
20160725,7.5255,7.6667,7.4407,7.5255,7653,0
20160726,7.7233,7.7233,7.5349,7.5349,193,0
20160727,7.5255,7.5255,7.5255,7.5255,323,0
20160728,7.5255,7.5349,7.516,7.516,2358,0
20160729,7.5349,7.5349,7.5349,7.5349,796,0
20160801,7.5537,7.5537,7.516,7.5349,1649,0
20160802,7.5349,7.5349,7.5255,7.5255,2346,0
20160803,7.6291,7.6291,7.5443,7.6291,569,0
20160804,7.7233,7.7703,7.5537,7.7703,259,0
20160805,7.7515,7.9681,7.7233,7.9681,3648,0
20160808,7.9587,8.0906,7.9116,8.0717,2793,0
20160809,8.0623,8.0906,8.0058,8.0906,1027,0
20160810,8.0906,8.1188,8.0906,8.1188,4878,0
20160811,8.11884,8.11884,8.08116,8.10942,3611,0
20160812,8.10942,8.15651,8.00581,8.1,12566,0
20160816,8.35,8.35,8.27,8.29,1073,0
20160817,8.26,8.26,8.07,8.07,624,0
20160818,8.1,8.1,8.07,8.07,161,0
20160819,8.07,8.07,7.82,7.82,251,0
20160822,8.06,8.06,7.73,7.86,351,0
20160823,8.1,8.1,7.6,7.6,1034,0
20160824,7.89,7.89,7.45,7.45,1057,0
20160825,7.3,7.3,6.8,7.17,2148,0
20160826,7.2,7.2,6.8,7.2,1607,0
20160829,7.2,7.2,6.75,7.2,577,0
20160830,7.2,7.2,6.9,7.2,980,0
20160831,6.95,7.16,6.95,7.12,494,0
20160901,7,7,6.9,6.9,392,0
20160902,7,7,7,7,13,0
20160905,7,7,6.76,7,444,0
20160906,6.76,7,6.76,7,583,0
20160907,6.8,6.8,6.8,6.8,198,0
20160908,6.9,6.9,6.69,6.69,1016,0
20160909,6.69,6.86,6.63,6.63,2925,0
20160912,6.62,6.62,6.5,6.5,1840,0
20160913,6.5,6.5,6,6,3646,0
20160914,6.5,6.5,6.5,6.5,2,0
20160915,6.5,6.5,6.25,6.5,266,0
20160916,6.5,6.5,6.1,6.4,172,0
20160919,6.4,6.4,6.01,6.4,692,0
20160920,6.4,6.4,6.4,6.4,27,0
20160921,6.4,6.4,6.13,6.4,1053,0
20160922,6.4,6.4,6.28,6.28,27,0
20160923,6.4,6.4,6.3,6.36,2066,0
20160926,6.38,6.38,6.38,6.38,50,0
20160927,6.38,6.38,6.36,6.36,25,0
20160928,6.36,6.36,6.02,6.02,2659,0
20160929,6.05,6.05,6,6.05,1332,0
20160930,6.12,6.12,6.12,6.12,29,0
20161003,6.78,6.78,6.3,6.44,1753,0
20161004,6.75,6.75,6.4,6.7,257,0
20161005,6.75,6.75,6.5,6.75,188,0
20161006,6.75,6.75,6.49,6.73,469,0
20161007,6.73,6.73,6.48,6.71,40,0
20161010,6.71,6.71,6.7,6.7,30,0
20161011,6.69,6.69,6.15,6.24,2494,0
20161012,6.65,6.65,6.17,6.37,85,0
20161013,6.37,6.37,6.37,6.37,1,0
20161014,6.35,6.35,6.06,6.23,1237,0
20161017,6.23,6.23,6.05,6.18,1438,0
20161018,6.2,6.2,6.05,6.15,132,0
20161019,6.15,6.15,5.91,6.07,529,0
20161020,6.11,6.11,5.93,5.93,169,0
20161021,5.93,5.99,5.91,5.99,464,0
20161024,6.02,6.02,5.92,5.99,424,0
20161025,5.98,6.01,5.96,6,510,0
20161026,6,6.2,5.92,6.06,505,0
20161027,6.2,6.2,6,6.2,63,0
20161028,6.2,6.2,5.94,6.2,80,0
20161031,6.2,6.2,6,6.03,186,0
20161102,5.94,6.03,5.94,6.03,227,0
20161103,6.37,6.37,5.93,6,707,0
20161104,5.91,6,5.91,5.95,201,0
20161107,5.95,5.95,5.95,5.95,34,0
