Date,Open,High,Low,Close,Volume,OpenInt
20070309,5.1039,5.4683,5.0966,5.1696,1089285,0
20070312,5.1769,6.4163,5.1769,6.1611,251741,0
20070313,6.7445,7.3569,6.1976,6.3433,303611,0
20070314,6.1976,6.1976,5.833,6.1466,113634,0
20070315,6.1611,6.5184,6.0154,6.256,293846,0
20070316,6.4819,6.5403,6.1976,6.4527,231461,0
20070319,6.4893,6.708,6.4746,6.5622,88839,0
20070320,6.8174,6.8174,6.4893,6.5476,40641,0
20070321,6.6132,6.6278,6.3069,6.4163,40053,0
20070322,6.5622,6.5986,6.3433,6.4893,72050,0
20070323,6.5548,6.5548,6.2924,6.4893,207327,0
20070326,6.3433,6.5476,6.3433,6.5257,17363,0
20070327,6.5622,6.635,6.3726,6.5767,32269,0
20070328,6.6278,6.6278,6.4018,6.5622,22917,0
20070329,6.5622,6.6205,6.4309,6.5622,47272,0
20070330,6.5622,6.6059,6.4235,6.5986,187835,0
20070402,6.5913,6.5913,6.4309,6.5694,11528,0
20070403,6.4965,6.5913,6.4893,6.4893,152571,0
20070404,6.584,6.5913,6.4091,6.5622,274436,0
20070405,6.5913,6.5986,6.4893,6.5622,21688,0
20070410,6.5622,6.635,6.4819,6.5986,36623,0
20070411,6.6935,8.6038,6.6716,7.6485,330996,0
20070412,7.9332,7.9332,7.1455,7.2695,75533,0
20070413,7.5611,7.5829,7.1455,7.2768,37087,0
20070416,7.1309,7.8378,7.1309,7.6559,92045,0
20070417,7.8745,9.0415,7.7291,8.713,116508,0
20070418,8.9324,9.0775,8.2028,8.7494,349411,0
20070419,8.3847,8.7494,8.3492,8.7494,34811,0
20070420,8.8955,10.208,8.8955,9.844,635586,0
20070423,10.354,10.938,10.135,10.208,179290,0
20070424,10.281,10.281,9.565,10.135,277404,0
20070425,10.135,10.208,9.844,10.171,51806,0
20070426,10.171,10.208,9.975,10.026,58307,0
20070427,9.931,10.573,9.931,10.099,82196,0
20070430,10.055,10.23,10.055,10.208,69893,0
20070502,10.237,10.565,10.099,10.354,108451,0
20070504,10.529,10.893,10.435,10.646,59958,0
20070507,10.864,11.011,10.499,10.565,29914,0
20070508,10.536,10.536,9.844,10.208,63087,0
20070509,9.763,10.062,9.602,10.048,75565,0
20070510,9.844,9.981,8.4575,9.4055,97788,0
20070511,8.7494,8.8955,8.6038,8.8955,97710,0
20070514,9.2743,9.734,9.0489,9.3695,31765,0
20070515,9.698,9.698,8.7494,9.1145,29111,0
20070516,9.0775,9.844,8.7494,9.4785,126559,0
20070517,9.2956,9.837,9.2956,9.523,52319,0
20070518,9.515,9.515,9.1145,9.515,131327,0
20070521,9.508,9.515,9.2161,9.4785,60940,0
20070522,9.508,9.508,9.1875,9.4785,28454,0
20070523,9.3325,9.3325,8.9102,9.1145,62340,0
20070524,9.1145,9.1145,8.8955,9.0987,20539,0
20070525,9.0627,9.0627,8.7494,9.0119,60925,0
20070528,9.0267,9.0267,8.5823,8.9971,168077,0
20070529,8.8955,8.9675,8.6841,8.7494,35682,0
20070530,8.531,9.0415,8.4434,8.7494,37653,0
20070531,8.7494,9.0415,8.7494,9.0415,151615,0
20070601,9.1505,9.2521,8.9675,9.1145,48452,0
20070604,9.1875,9.1875,8.8955,9.1801,14120,0
20070605,9.2882,9.2882,8.8955,9.1875,10465,0
20070606,9.0045,9.1875,8.8668,9.144,14972,0
20070608,8.7494,9.1145,8.6774,8.9675,48742,0
20070611,9.1061,9.1061,8.8225,8.9546,19856,0
20070612,8.9472,8.9472,8.6112,8.8151,16328,0
20070613,8.531,8.7494,8.531,8.5823,30478,0
20070614,8.5013,8.7345,8.4211,8.6403,40006,0
20070615,8.6774,8.7781,8.4434,8.7494,50606,0
20070618,8.925,8.925,8.531,8.713,12323,0
20070619,8.7205,8.7494,8.531,8.7494,77976,0
20070620,8.6841,9.916,8.6841,9.654,268504,0
20070621,9.844,9.989,9.4055,9.4785,41279,0
20070622,9.4785,9.844,9.3113,9.837,27253,0
20070625,9.771,9.771,9.4859,9.602,19429,0
20070626,9.69,9.698,9.4785,9.4785,156007,0
20070627,9.668,9.668,9.4499,9.4711,18355,0
20070628,9.4785,9.844,9.0045,9.844,45170,0
20070629,9.837,9.844,9.4859,9.844,21764,0
20070702,9.807,9.807,9.3325,9.698,5142,0
20070703,8.7494,9.552,8.7494,9.4055,33993,0
20070704,9.544,9.544,9.2161,9.2161,3865,0
20070705,9.2447,9.2447,8.8955,9.0849,5817,0
20070706,9.2087,9.2087,8.9675,9.144,4038,0
20070709,9.3113,9.3113,8.9029,8.9029,18425,0
20070710,9.1875,9.1875,8.531,8.9324,15252,0
20070711,8.925,8.925,8.6403,8.8151,5604,0
20070712,8.8151,8.8225,8.5749,8.8225,5361,0
20070713,8.6403,8.7494,8.4649,8.7494,7146,0
20070716,8.8225,8.8225,8.0423,8.3847,14507,0
20070717,8.2391,8.4211,8.0928,8.4211,20453,0
20070718,8.4575,8.4575,8.1151,8.1151,7293,0
20070719,8.2391,8.4211,8.1953,8.312,603152,0
20070720,8.4575,8.4575,8.0209,8.0209,30945,0
20070723,8.0209,8.2391,7.8745,8.0928,8980,0
20070724,8.1292,8.1292,7.7584,7.9472,21384,0
20070725,7.6851,7.9332,7.5975,7.6121,19146,0
20070726,7.9109,7.9109,7.2914,7.51,10449,0
20070727,6.9341,7.51,6.9341,7.3497,286672,0
20070730,7.4372,7.51,7.1455,7.4736,5999,0
20070731,7.4372,7.51,7.4372,7.51,4171,0
20070801,7.0798,7.4372,7.0798,7.2914,147730,0
20070802,7.2914,7.3569,7.0944,7.3569,100214,0
20070803,7.51,7.51,7.2184,7.2914,83513,0
20070806,6.9996,7.1819,6.5622,6.9268,54941,0
20070807,6.73,6.9996,6.73,6.9268,103853,0
20070808,6.9996,6.9996,6.7152,6.861,4306,0
20070809,6.708,6.9268,6.5986,6.8466,9079,0
20070810,6.4163,6.6497,6.4163,6.5257,128213,0
20070813,6.5257,6.8028,6.4527,6.7152,10592,0
20070814,6.7737,6.7809,6.708,6.7445,8198,0
20070816,6.4893,6.5622,5.6726,6.5622,22440,0
20070817,6.1976,7.2768,6.1976,7.2768,6917,0
20070820,7.9845,7.9845,7.2548,7.408,13136,0
20070821,7.2914,7.2914,6.9996,7.284,12151,0
20070822,7.0872,7.4372,6.9268,7.4372,148536,0
20070823,7.3279,7.634,7.2986,7.5829,6138,0
20070824,7.5538,7.5829,7.1893,7.3642,7347,0
20070827,7.3642,7.4298,7.1455,7.1527,13517,0
20070828,7.2184,7.3569,7.1455,7.2914,1671,0
20070829,6.8174,7.4372,6.635,7.4372,83016,0
20070830,7.5757,7.5829,6.9631,7.2914,8185,0
20070831,7.1455,7.3642,7.1455,7.3642,5597,0
20070903,7.4298,7.4298,7.3279,7.3279,828,0
20070904,7.1455,7.459,7.1164,7.459,3292,0
20070905,7.1819,7.3642,6.9485,6.9485,5886,0
20070906,7.1455,7.1455,6.8174,7.1455,2424,0
20070907,6.8539,7.2914,6.8539,6.9996,10340,0
20070910,6.759,7.1455,6.584,7.1382,9489,0
20070911,6.8975,7.2329,6.8975,7.2329,4755,0
20070912,6.9631,7.2184,6.9268,7.2184,8861,0
20070913,6.9631,7.1455,6.8539,6.9268,6871,0
20070914,6.9996,7.0725,6.9268,7.0725,3190,0
20070917,7.0725,7.0725,6.7809,6.9996,1769,0
20070918,6.8246,6.9268,6.8174,6.8539,11792,0
20070919,7.0725,7.0725,6.883,7.0725,5515,0
20070920,7.0725,7.1455,6.9996,7.0653,4767,0
20070921,7.1455,7.1455,6.9341,6.9485,3422,0
20070924,6.985,6.985,6.8174,6.9485,1788,0
20070925,6.832,7.058,6.8246,6.9268,1720,0
20070926,6.8028,6.9631,6.5622,6.5622,15752,0
20070927,6.7809,6.7809,6.358,6.5257,12161,0
20070928,6.4893,6.4893,6.3433,6.3433,15387,0
20071001,6.2851,6.4163,6.0299,6.2705,10130,0
20071002,6.2705,6.3433,6.0591,6.3433,4877,0
20071003,6.3433,6.4163,6.1976,6.3433,8358,0
20071004,6.1976,6.3433,6.0591,6.3362,7509,0
20071005,6.2341,6.3288,6.1247,6.1976,1416296,0
20071008,6.3142,6.3142,6.1611,6.256,22696,0
20071009,6.5548,7.2768,6.5548,7.1819,133474,0
20071010,7.2184,7.2477,6.8903,6.9341,64943,0
20071011,6.8539,6.9996,6.8539,6.9996,25631,0
20071012,6.9268,7.1966,6.8684,7.1455,11143,0
20071015,7.2477,7.2477,7.0362,7.0725,6970,0
20071016,7.1455,7.2914,6.985,7.2477,16796,0
20071017,7.2184,7.2184,6.9631,7.1455,20172,0
20071018,7.2257,7.284,6.7809,7.1455,24514,0
20071019,6.9996,7.2695,6.9268,7.2184,19345,0
20071022,6.9268,7.1747,6.9268,7.1602,14445,0
20071023,7.1455,7.2184,6.9631,7.2184,9531,0
20071024,7.2184,7.2184,6.985,7.1455,4800,0
20071025,7.0725,7.2184,6.9705,7.2184,21012,0
20071026,7.2184,7.2184,6.8539,7.1091,26749,0
20071029,7.1819,7.1819,6.8539,6.9923,92231,0
20071030,6.9268,7.0725,6.8757,7.0653,6027,0
20071031,7.0653,7.0653,7.0653,7.0653,180,0
20071102,6.7445,6.985,6.5694,6.985,22565,0
20071105,7.2184,7.2184,6.6424,7.058,12413,0
20071106,7.058,7.058,6.5622,7.058,16287,0
20071107,6.7518,6.9268,6.5548,6.7007,28553,0
20071108,6.2705,6.4893,6.0518,6.4893,22285,0
20071109,6.708,6.708,6.1173,6.1173,11669,0
20071112,6.2705,6.2705,5.76,6.1173,28255,0
20071113,5.8914,6.2705,5.8768,6.2705,31792,0
20071114,6.3069,6.5038,6.0663,6.2341,41383,0
20071115,6.0154,6.0154,5.6507,5.8257,50911,0
20071116,5.5778,5.6872,5.4683,5.6872,164844,0
20071119,5.7236,5.7236,5.5413,5.6507,17967,0
20071120,5.4683,5.5778,5.2861,5.5778,15263,0
20071121,5.3956,5.3956,5.2351,5.3956,23596,0
20071122,5.1331,5.5413,4.9945,5.5413,330543,0
20071123,5.5413,5.76,5.5413,5.6143,14651,0
20071126,5.833,5.833,5.3956,5.6507,17741,0
20071127,5.5341,5.5341,5.3227,5.5268,11521,0
20071128,5.4467,5.6434,5.432,5.607,8215,0
20071129,5.833,5.833,5.4029,5.6143,58620,0
20071130,5.7528,5.76,5.4757,5.76,37305,0
20071203,5.76,5.76,5.432,5.4683,41970,0
20071204,5.5413,5.5413,5.3591,5.5194,9215,0
20071205,5.3956,5.5997,5.3956,5.5413,32374,0
20071206,5.5268,5.6143,5.4683,5.4683,99285,0
20071207,5.5413,5.833,5.4683,5.833,21620,0
20071210,5.8694,5.8694,5.6143,5.833,2035,0
20071211,5.6216,5.8184,5.4757,5.8112,11422,0
20071212,5.5413,5.76,5.4757,5.76,15046,0
20071213,5.6507,5.6507,5.4683,5.6507,43222,0
20071214,5.5413,5.7236,5.5413,5.7236,11129,0
20071217,5.4248,5.6798,5.4175,5.6216,15318,0
20071218,5.432,5.6143,5.3372,5.6143,12413,0
20071219,5.6872,5.6872,5.2571,5.5268,45525,0
20071220,5.3591,5.5268,5.3591,5.5268,9644,0
20071221,5.4029,5.5413,5.3738,5.5413,23983,0
20071227,5.7164,5.7164,5.4683,5.6872,8370,0
20071228,5.6653,5.6872,5.4831,5.6872,14264,0
20080102,5.4683,5.6872,5.4683,5.6872,1221,0
20080103,5.6872,5.6872,5.6872,5.6872,2681,0
20080104,5.5268,5.6872,5.5268,5.6872,1857,0
20080107,5.4683,5.607,5.432,5.5852,5155,0
20080108,5.4683,5.6143,5.3956,5.5268,5649,0
20080109,5.3227,5.505,5.0311,5.2861,15293,0
20080110,5.3008,5.3154,5.1258,5.308,14847,0
20080111,5.0676,5.2497,5.0676,5.1039,229904,0
20080114,5.0311,5.0311,4.6664,4.9143,22039,0
20080115,4.8852,4.8852,4.681,4.8196,16794,0
20080116,4.5717,4.7248,4.3821,4.6154,21074,0
20080117,4.4111,4.7394,4.4111,4.5206,35029,0
20080118,4.3893,4.6664,4.3893,4.63,18408,0
20080121,4.4986,4.7102,4.4111,4.5206,10122,0
20080122,4.4111,4.6664,4.4111,4.5278,863765,0
20080123,4.63,4.6591,4.5206,4.6591,16175,0
20080124,4.7029,4.8123,4.7029,4.7758,19166,0
20080125,4.8123,4.9945,4.8123,4.9945,12853,0
20080128,4.9945,5.2497,4.8924,5.2497,228617,0
20080129,5.155,5.3956,5.1039,5.3956,7191,0
20080130,5.3664,5.3956,5.1039,5.3956,25722,0
20080131,5.1404,5.3227,5.1331,5.3227,3449,0
20080201,5.2133,5.432,5.2133,5.432,2218,0
20080204,5.4683,5.4683,5.4683,5.4683,12,0
20080205,5.3154,5.4683,5.206,5.4683,13498,0
20080206,5.3738,5.4683,5.3227,5.4683,7267,0
20080207,5.2497,5.432,5.2497,5.432,3017,0
20080208,5.2571,5.4175,5.2497,5.4175,5238,0
20080211,5.2571,5.4248,5.2571,5.4248,2911,0
20080212,5.2571,5.4683,5.1986,5.4683,8256,0
20080213,5.2644,5.5413,5.2497,5.5413,12618,0
20080214,5.3664,5.5413,5.3664,5.5413,961,0
20080215,5.505,5.505,5.505,5.505,961,0
20080218,5.3956,5.6653,5.3956,5.6653,7424,0
20080220,5.658,5.658,5.658,5.658,308482,0
20080221,5.5194,5.6653,5.5194,5.658,6365,0
20080222,5.505,5.6726,5.505,5.6726,6339,0
20080225,5.6872,5.6872,5.5559,5.6872,1620,0
20080226,5.7236,5.7236,5.5997,5.7236,841,0
20080227,5.7236,5.833,5.607,5.7018,21828,0
20080228,5.6143,5.6798,5.5852,5.6798,14006,0
20080229,5.5487,5.6507,5.5413,5.6507,8228,0
20080303,5.505,5.7528,5.432,5.6653,8676,0
20080304,5.5341,5.7454,5.5341,5.7382,2937,0
20080305,5.5924,5.7454,5.5924,5.7454,3716,0
20080306,5.7454,5.7454,5.6143,5.6143,1592,0
20080307,5.6143,5.6143,5.6143,5.6143,104,0
20080310,5.4101,5.7382,5.4101,5.7236,11080,0
20080311,5.7236,5.7454,5.6872,5.7454,10040,0
20080312,5.7236,5.7454,5.5778,5.7454,5223,0
20080313,5.7965,5.7965,5.5705,5.7309,3161,0
20080314,5.6872,5.6872,5.6872,5.6872,137,0
20080317,5.7236,5.7236,5.5705,5.6143,2166,0
20080318,5.6143,5.7892,5.6143,5.7892,10501,0
20080319,5.6507,5.7892,5.6507,5.7892,5015,0
20080320,5.7965,5.7965,5.7965,5.7965,1384,0
20080325,5.7965,5.7965,5.6507,5.7892,6637,0
20080326,5.6143,5.782,5.5413,5.782,9393,0
20080327,5.6143,5.782,5.607,5.782,17593,0
20080328,5.7236,5.9059,5.7236,5.9059,37285,0
20080331,5.76,5.9278,5.76,5.9278,2742,0
20080401,5.9789,5.9789,5.9133,5.9716,302559,0
20080402,6.1247,6.1247,5.9789,6.0882,15250,0
20080403,6.1247,6.2705,6.081,6.2705,11056,0
20080404,6.3507,6.3507,6.2341,6.2705,2741,0
20080407,6.2777,6.4091,6.2777,6.4091,3891,0
20080408,6.5548,6.5548,6.4893,6.4893,3706,0
20080409,6.4893,6.5257,6.38,6.5257,8110,0
20080410,6.5622,6.5622,6.38,6.5622,3861,0
20080411,6.4163,6.5622,6.38,6.5622,4105,0
20080414,6.4673,6.5548,6.1976,6.5548,10721,0
20080415,6.5548,6.5622,6.4163,6.5622,5238,0
20080416,6.6059,6.6278,6.4527,6.6278,2723,0
20080417,6.6716,6.6716,6.4893,6.635,7551,0
20080418,6.6716,6.6716,6.5622,6.5622,2853,0
20080421,6.38,6.5622,6.38,6.5622,2539,0
20080422,6.3433,6.5548,6.3433,6.5548,2993,0
20080423,6.3433,6.4893,6.3433,6.4893,7185,0
20080424,6.4163,6.5622,6.4163,6.5622,2774,0
20080425,6.635,6.635,6.4235,6.5622,8128,0
20080428,6.4163,6.5622,6.3507,6.5622,4498,0
20080429,6.4235,6.5622,6.4163,6.5622,4141,0
20080430,6.4527,6.5622,6.4527,6.5622,101811,0
20080505,6.3433,6.5622,6.3433,6.5622,4018,0
20080506,6.3652,6.5622,6.3652,6.5622,4306,0
20080507,6.5622,6.5622,6.38,6.5622,8353,0
20080508,6.5622,6.5622,6.5548,6.5548,410,0
20080509,6.4163,6.6716,6.3069,6.6716,138066,0
20080512,6.8539,6.8539,6.4163,6.4163,5000,0
20080513,6.4163,6.5257,6.4163,6.5257,6806,0
20080514,6.2924,6.5622,6.1247,6.5622,23460,0
20080515,6.4091,6.4091,6.4018,6.4018,1721,0
20080516,6.2705,6.3433,6.2705,6.3433,822,0
20080519,6.132,6.3069,6.132,6.3069,2004,0
20080520,6.1247,6.3069,6.0956,6.3069,1140,0
20080521,6.1028,6.2705,6.1028,6.2705,8595,0
20080523,6.2924,6.4163,6.2924,6.4163,277,0
20080526,6.4893,6.4893,6.1976,6.1976,21198,0
20080527,6.2267,6.2341,6.2267,6.2267,1677,0
20080528,6.2267,6.2341,6.2195,6.2195,1464,0
20080529,6.1976,6.1976,6.1976,6.1976,173,0
20080530,6.1611,6.1611,6.1611,6.1611,144,0
20080602,6.1611,6.1611,6.1611,6.1611,157,0
20080603,6.1247,6.1247,6.1247,6.1247,185,0
20080604,5.9205,5.9205,5.8987,5.9205,8396,0
20080605,5.8404,5.8404,5.6798,5.6872,7315,0
20080606,5.6288,5.6288,5.4683,5.4683,3912,0
20080609,5.5778,5.5924,5.5778,5.5924,82,0
20080610,5.3664,5.3664,5.2206,5.2206,4413,0
20080611,5.1769,5.1769,5.1039,5.1039,3729,0
20080612,5.1039,5.1039,5.1039,5.1039,2453,0
20080613,4.8852,4.8852,4.7831,4.7831,6140,0
20080616,4.8123,4.8123,4.5935,4.8123,11051,0
20080617,4.7394,4.7394,4.6664,4.7394,6877,0
20080618,4.7977,4.7977,4.7029,4.7029,2790,0
20080619,4.5717,4.805,4.5717,4.7029,2351,0
20080620,4.7029,4.7029,4.5862,4.6664,3463,0
20080623,4.7394,4.7394,4.6664,4.6664,1962,0
20080624,4.6664,4.6664,4.5206,4.557,9029,0
20080625,4.557,4.5935,4.557,4.557,2500,0
20080626,4.557,4.5935,4.557,4.5643,2505,0
20080627,4.557,4.9581,4.5425,4.9581,5770,0
20080630,4.8852,5.0237,4.7758,5.0237,3643,0
20080701,4.7831,4.7904,4.6518,4.6518,6460,0
20080702,4.557,4.6591,4.5206,4.6591,3252,0
20080703,4.5206,4.557,4.4841,4.557,2339,0
20080704,4.557,4.557,4.557,4.557,29,0
20080707,4.557,4.557,4.5352,4.5352,29,0
20080708,4.5862,4.5862,4.3746,4.3746,3201,0
20080709,4.2653,4.3746,4.229,4.3746,877,0
20080710,4.4403,4.4403,4.2508,4.3746,716,0
20080711,4.3746,4.3746,4.229,4.3019,1672,0
20080714,4.229,4.4477,4.229,4.4403,910,0
20080715,4.229,4.3675,4.229,4.229,1798,0
20080716,4.083,4.229,4.083,4.1559,8353,0
20080717,4.1559,4.2216,4.0174,4.2216,2852,0
20080718,4.083,4.1559,4.0248,4.1195,4182,0
20080721,4.083,4.229,4.083,4.229,2916,0
20080722,4.1925,4.2216,4.0102,4.2216,2080,0
20080723,4.1195,4.2216,4.0174,4.0174,1253,0
20080724,4.0102,4.0102,3.9009,4.0102,3130,0
20080725,4.0102,4.0102,4.0102,4.0102,414,0
20080728,4.0686,4.0686,4.0612,4.0612,28,0
20080729,4.0102,4.0102,4.0102,4.0102,235,0
20080730,4.0102,4.229,4.0102,4.229,9296,0
20080731,4.229,4.3019,4.083,4.229,2714,0
20080801,4.2581,4.2653,4.2581,4.2653,1872,0
20080804,4.2581,4.2653,4.2508,4.2653,61,0
20080805,4.3019,4.3746,4.3019,4.3746,1909,0
20080806,4.3019,4.3746,4.3019,4.3746,1118,0
20080807,4.3019,4.3746,4.3019,4.3746,391,0
20080808,4.2653,4.2653,4.2653,4.2653,3501,0
20080811,4.3746,4.5206,4.3746,4.4477,3446,0
20080812,4.4767,4.4767,4.3746,4.4111,7689,0
20080813,4.3746,4.3746,4.3383,4.3383,563,0
20080814,4.3601,4.3601,4.229,4.331,1943,0
20080818,4.3893,4.3893,4.3675,4.3746,19,0
20080819,4.2653,4.3675,4.2653,4.3675,2694,0
20080820,4.3383,4.3383,4.2581,4.2581,1769,0
20080821,4.3019,4.3019,4.3019,4.3019,16,0
20080822,4.331,4.3383,4.331,4.3383,1386,0
20080825,4.4403,4.4403,4.4403,4.4403,686,0
20080826,4.433,4.433,4.3019,4.433,2459,0
20080827,4.5132,4.5206,4.5132,4.5206,699,0
20080828,4.5643,4.5643,4.557,4.557,288,0
20080829,4.4477,4.63,4.4477,4.63,2646,0
20080901,4.6956,4.7394,4.6664,4.6664,1741,0
20080902,4.7029,4.7029,4.5935,4.5935,111,0
20080903,4.5935,4.5935,4.4111,4.5206,3242,0
20080904,4.4477,4.5497,4.4477,4.5497,720,0
20080905,4.4111,4.5206,4.4111,4.5206,1741,0
20080908,4.557,4.557,4.5497,4.5497,137,0
20080909,4.433,4.6518,4.433,4.6518,2337,0
20080910,4.63,4.6591,4.433,4.6591,3157,0
20080911,4.557,4.557,4.3746,4.4477,1720,0
20080912,4.3746,4.5935,4.3746,4.5935,686,0
20080915,4.4477,4.5789,4.3821,4.5717,2675,0
20080916,4.4257,4.4477,4.229,4.3746,5106,0
20080917,4.3746,4.4403,4.3746,4.4111,822,0
20080918,4.3675,4.4767,4.3675,4.4767,2015,0
20080919,4.4403,4.5717,4.4403,4.5717,4143,0
20080922,4.5935,4.5935,4.4548,4.4548,1763,0
20080923,4.3746,4.4111,4.3746,4.4111,4087,0
20080924,4.4185,4.4403,4.3019,4.3746,343991,0
20080925,4.3675,4.3675,4.3675,4.3675,822,0
20080926,4.4403,4.4548,4.2361,4.3675,33450,0
20080929,4.331,4.331,4.2872,4.3019,137,0
20080930,4.207,4.207,4.083,4.207,70166,0
20081001,4.2143,4.3383,4.1559,4.3383,2281,0
20081002,4.2653,4.3746,4.229,4.3675,2417,0
20081003,4.2361,4.331,4.229,4.331,475,0
20081006,4.207,4.3019,4.1559,4.1925,1442,0
20081007,4.1559,4.1559,4.0174,4.1123,5748,0
20081008,3.9154,4.083,3.9154,3.9446,2111,0
20081009,3.9738,3.9738,3.8279,3.9227,6210,0
20081010,3.7915,3.7915,3.427,3.7915,3883,0
20081013,3.6822,3.8279,3.6456,3.806,279712,0
20081014,4.0102,4.0102,3.806,3.806,4100,0
20081015,3.9009,3.9009,3.7114,3.7114,52628,0
20081016,3.6822,3.6822,3.6019,3.6019,5287,0
20081017,3.6456,3.6456,3.427,3.5728,4488,0
20081020,3.6603,3.6603,3.5728,3.5728,72625,0
20081021,3.6383,3.7185,3.5436,3.7185,2278,0
20081022,3.6312,3.6312,3.6312,3.6312,976,0
20081023,3.4634,3.6092,3.4415,3.6092,3529,0
20081024,3.4634,3.5728,3.2811,3.5728,6708,0
20081027,3.4634,3.6312,3.4634,3.6312,3159,0
20081028,3.6092,3.6456,3.5363,3.6456,3440,0
20081029,3.6456,3.6456,3.5728,3.6092,1593,0
20081030,3.6675,3.6675,3.6456,3.6456,1919,0
20081031,3.6019,3.6019,3.4998,3.5947,3149,0
20081103,3.5947,3.6312,3.5947,3.6312,570,0
20081104,3.6456,3.6456,3.4998,3.6456,4096,0
20081105,3.5728,3.6456,3.4998,3.6456,4029,0
20081106,3.6456,3.6456,3.6456,3.6456,12,0
20081107,3.4998,3.6456,3.4998,3.6456,698,0
20081110,3.7114,3.7114,3.6456,3.7041,392,0
20081112,3.6092,3.6092,3.5436,3.6092,3645,0
20081113,3.6456,3.6456,3.6456,3.6456,1558,0
20081114,3.529,3.6383,3.529,3.6383,2197,0
20081117,3.5728,3.5728,3.5728,3.5728,62,0
20081118,3.6456,3.6456,3.6092,3.6456,2493,0
20081119,3.6383,3.6383,3.6383,3.6383,12,0
20081120,3.6383,3.6383,3.6383,3.6383,545,0
20081121,3.5509,3.6383,3.5509,3.6383,828,0
20081124,3.5145,3.6312,3.4707,3.6312,3449,0
20081125,3.4998,3.6312,3.4998,3.6312,487,0
20081126,3.6237,3.6237,3.5363,3.5363,2973,0
20081127,3.5728,3.5728,3.5728,3.5728,73,0
20081128,3.5654,3.5654,3.5654,3.5654,12,0
20081201,3.5728,3.5728,3.5728,3.5728,12,0
20081202,3.5145,3.5947,3.5145,3.5947,2706,0
20081203,3.5873,3.5873,3.5873,3.5873,12,0
20081204,3.5072,3.6456,3.4998,3.6456,5224,0
20081205,3.6383,3.6383,3.6383,3.6383,987,0
20081208,3.5582,3.6456,3.5582,3.6456,904,0
20081209,3.6456,3.6456,3.5509,3.6092,3607,0
20081210,3.6383,3.6456,3.4926,3.6456,1180,0
20081211,3.6456,3.6456,3.4998,3.6456,1790,0
20081212,3.6383,3.6383,3.6092,3.6092,27433,0
20081215,3.5217,3.5217,3.5217,3.5217,2140,0
20081216,3.5145,3.5145,3.3905,3.4998,971,0
20081217,3.4998,3.5072,3.3978,3.4998,3870,0
20081218,3.427,3.5582,3.427,3.5582,2916,0
20081219,3.5582,3.5582,3.5582,3.5582,10,0
20081222,3.4707,3.5582,3.4707,3.5582,824,0
20081223,3.5582,3.6312,3.5582,3.6312,1166,0
20081229,3.6237,3.6237,3.6237,3.6237,2,0
20081230,3.6092,3.6092,3.6092,3.6092,2,0
20081231,3.6165,3.6165,3.6165,3.6165,6,0
20090105,3.5363,3.5363,3.529,3.529,2352,0
20090106,3.5217,3.5217,3.5145,3.5145,2777,0
20090107,3.5145,3.5654,3.5145,3.5654,4695,0
20090108,3.4415,3.5654,3.4415,3.5654,3298,0
20090109,3.5072,3.5728,3.5072,3.5728,12,0
20090112,3.4998,3.6019,3.4998,3.6019,2892,0
20090113,3.4415,3.5654,3.3978,3.5654,1738,0
20090114,3.5654,3.5654,3.5654,3.5654,790,0
20090115,3.4998,3.4998,3.4998,3.4998,6,0
20090116,3.3978,3.4998,3.3249,3.4998,2052,0
20090119,3.427,3.4998,3.427,3.4998,280,0
20090120,3.3613,3.529,3.3613,3.529,2943,0
20090121,3.5509,3.5509,3.5509,3.5509,6,0
20090122,3.5873,3.5873,3.5873,3.5873,6,0
20090123,3.5728,3.5728,3.5728,3.5728,6,0
20090126,3.4852,3.4852,3.2811,3.4415,13882,0
20090127,3.5217,3.5217,3.5217,3.5217,330,0
20090128,3.4342,3.5217,3.4342,3.5217,2210,0
20090129,3.5654,3.5654,3.427,3.5582,2311,0
20090130,3.427,3.5509,3.427,3.5509,2278,0
20090202,3.3978,3.3978,3.2447,3.3468,4977,0
20090203,3.427,3.427,3.2592,3.3905,1130,0
20090204,3.3468,3.427,3.2592,3.3102,45046,0
20090205,3.3102,3.3102,3.3102,3.3102,1271,0
20090206,3.3395,3.3395,3.3395,3.3395,1574,0
20090209,3.2885,3.3177,3.1717,3.3177,8588,0
20090210,3.1572,3.3031,3.1572,3.3031,2645,0
20090211,3.1936,3.2739,3.1717,3.2739,3408,0
20090212,3.3177,3.3177,3.3177,3.3177,419,0
20090213,3.3541,3.3541,3.3541,3.3541,561,0
20090216,3.2447,3.3541,3.2447,3.3541,1001,0
20090217,3.1863,3.1863,3.1863,3.1863,2224,0
20090218,3.1207,3.2081,3.1207,3.2081,765,0
20090219,3.1717,3.2081,3.1717,3.2081,824,0
20090220,3.2081,3.2081,3.2081,3.2081,19,0
20090223,3.1207,3.1279,2.9821,3.1207,3714,0
20090224,3.1207,3.1207,3.1207,3.1207,12,0
20090225,3.1353,3.1353,3.1207,3.1207,113,0
20090226,3.0624,3.0624,2.9821,3.0186,2813,0
20090227,3.0186,3.0186,2.7707,2.9457,10917,0
20090302,2.9165,2.9165,2.8071,2.8801,3978,0
20090303,2.7342,2.7342,2.6977,2.7342,4904,0
20090304,2.7415,2.8436,2.7415,2.8436,46987,0
20090305,2.9165,2.9165,2.9165,2.9165,318,0
20090306,2.8655,2.9165,2.8655,2.8655,2908,0
20090309,2.9165,2.9165,2.9165,2.9165,12,0
20090310,2.9165,2.9894,2.9165,2.9894,2845,0
20090311,2.953,2.9894,2.7707,2.9894,73856,0
20090312,2.9894,3.0259,2.9165,3.0259,2942,0
20090313,3.0624,3.0624,3.0259,3.0259,404,0
20090316,3.0259,3.0259,3.004,3.0259,2568,0
20090317,3.0259,3.0477,3.0259,3.0477,8173,0
20090318,3.0477,3.0477,2.9894,3.0477,2951,0
20090319,2.9311,3.0624,2.9165,3.0624,473,0
20090320,2.9603,3.0477,2.9165,3.0477,2925,0
20090323,2.9311,3.0624,2.9311,2.9894,2553,0
20090324,3.2739,3.2739,3.0113,3.1353,5280,0
20090325,3.0333,3.1353,3.0333,3.1353,398,0
20090326,3.1353,3.1717,3.1353,3.1717,692,0
20090327,3.0988,3.2008,3.0988,3.2008,185,0
20090330,3.2008,3.2008,3.0988,3.0988,2475,0
20090331,3.1353,3.1353,3.1353,3.1353,6,0
20090401,3.1717,3.1717,2.9894,3.1717,217816,0
20090402,3.1717,3.1789,3.1717,3.1789,1439,0
20090403,3.077,3.2008,3.077,3.1789,26625,0
20090406,3.1789,3.252,3.0988,3.2374,5279,0
20090407,3.1717,3.2374,3.1717,3.2374,1327,0
20090408,3.2374,3.3541,3.2228,3.3541,5371,0
20090409,3.3541,3.3905,3.3541,3.3905,13852,0
20090414,3.3905,3.4926,3.3177,3.4926,140890,0
20090415,3.4415,3.529,3.3905,3.529,50198,0
20090416,3.5947,3.5947,3.4342,3.5363,9209,0
20090417,3.529,3.529,3.4415,3.4998,3083,0
20090420,3.4998,3.4998,3.3541,3.4998,6056,0
20090421,3.3687,3.4634,3.3395,3.4634,275596,0
20090422,3.4415,3.4415,3.4124,3.4415,4260,0
20090423,3.4707,3.5728,3.4707,3.5728,16454,0
20090424,3.5873,3.5873,3.4342,3.5728,3277,0
20090427,3.6383,3.6383,3.5145,3.5728,1483,0
20090428,3.6312,3.6312,3.4998,3.5728,1252,0
20090429,3.5363,3.6019,3.5363,3.6019,852,0
20090430,3.5363,3.6019,3.4415,3.6019,4397,0
20090504,3.6019,3.6019,3.4561,3.5947,1286,0
20090505,3.4707,3.5582,3.427,3.5582,2400,0
20090506,3.4051,3.5947,3.4051,3.5947,5906,0
20090507,3.4998,3.5728,3.427,3.5728,11532,0
20090508,3.5654,3.5654,3.5654,3.5654,527,0
20090511,3.5947,3.5947,3.478,3.5947,2932,0
20090512,3.5947,3.8279,3.5947,3.7551,175109,0
20090513,3.8935,3.8935,3.7185,3.7768,13899,0
20090514,3.7332,3.7332,3.7332,3.7332,2134,0
20090515,3.7915,3.7915,3.7185,3.7768,4079,0
20090518,3.7843,3.7843,3.7768,3.7768,13809,0
20090519,3.8207,3.8207,3.7768,3.7768,332,0
20090520,3.7843,3.7915,3.7696,3.7915,700,0
20090521,3.7987,3.7987,3.6092,3.6456,10125,0
20090522,3.5072,3.5582,3.5072,3.5582,6093,0
20090525,3.6456,3.6456,3.5363,3.6456,534,0
20090526,3.6603,3.6603,3.4998,3.5728,2933,0
20090527,3.4998,3.5728,3.4998,3.5728,27936,0
20090528,3.6383,3.6383,3.4998,3.6092,3777,0
20090529,3.6383,3.6456,3.6383,3.6383,153362,0
20090601,3.5145,3.7257,3.5145,3.7257,2490,0
20090602,3.6894,3.7257,3.5728,3.7257,8194,0
20090603,3.5582,3.7185,3.5582,3.7185,5283,0
20090604,3.7185,3.7185,3.6822,3.7185,1271,0
20090605,3.6822,3.7185,3.5582,3.7185,2215,0
20090608,3.5728,3.7114,3.5582,3.7041,1267,0
20090609,3.5363,3.5947,3.5363,3.5947,7048,0
20090610,3.5947,3.6312,3.4634,3.6312,127855,0
20090612,3.6312,3.6312,3.6312,3.6312,113,0
20090615,3.5217,3.6092,3.4634,3.6092,6696,0
20090616,3.4998,3.6092,3.4707,3.6092,1870,0
20090617,3.4415,3.4415,3.4197,3.4197,5811,0
20090618,3.5072,3.5072,3.3395,3.5072,5912,0
20090619,3.3321,3.427,3.3321,3.4124,211474,0
20090622,3.2957,3.2957,3.1717,3.2811,3664,0
20090623,3.2811,3.3468,3.2081,3.2081,289804,0
20090624,3.2811,3.2811,3.0696,3.2155,4528,0
20090625,3.2374,3.252,3.2374,3.252,904,0
20090626,3.3468,3.3468,3.2811,3.3395,1602,0
20090629,3.3905,3.4051,3.2667,3.4051,2750,0
20090630,3.2667,3.6383,3.2592,3.6383,14265,0
20090701,3.6383,3.6383,3.3905,3.427,139504,0
20090702,3.4998,3.5509,3.4634,3.4634,268,0
20090703,3.4998,3.4998,3.4634,3.4634,1304026,0
20090706,3.4998,3.5436,3.4634,3.5363,746,0
20090707,3.5145,3.5145,3.5145,3.5145,80,0
20090708,3.4998,3.5363,3.4998,3.5363,8176,0
20090709,3.5582,3.6312,3.5582,3.6312,4967,0
20090710,3.6165,3.6456,3.6165,3.6456,17434,0
20090713,3.6456,3.6456,3.5145,3.6383,3194,0
20090714,3.6383,3.6383,3.58,3.6019,31171,0
20090715,3.6456,3.7185,3.6383,3.7185,151428,0
20090716,3.7185,3.7185,3.7185,3.7185,801,0
20090717,3.6456,3.7257,3.6456,3.7257,1837,0
20090720,3.7185,3.7257,3.7185,3.7257,412,0
20090721,3.7551,3.7551,3.7185,3.7551,3782,0
20090722,3.7843,3.7915,3.6603,3.7551,4200,0
20090723,3.7915,3.7915,3.7915,3.7915,6,0
20090724,3.7551,3.7915,3.7551,3.7915,1371,0
20090727,3.7915,3.7915,3.7915,3.7915,68,0
20090728,3.7843,3.7843,3.7843,3.7843,62,0
20090729,3.7843,3.8279,3.6822,3.8279,6253,0
20090730,3.6967,3.8279,3.6967,3.8279,526,0
20090731,3.9154,3.9154,3.9154,3.9154,265,0
20090803,4.0102,4.0102,3.9373,4.0102,906,0
20090804,3.8644,4.0102,3.8644,4.0102,1486,0
20090805,3.8353,4.0029,3.8353,3.9955,1592,0
20090806,3.8207,3.9955,3.8207,3.9955,406,0
20090807,4.0102,4.1559,4.0102,4.1559,2896,0
20090810,4.083,4.1488,4.083,4.1488,3482,0
20090811,4.1559,4.3383,4.0102,4.3383,4963,0
20090812,4.229,4.2653,3.9154,4.1123,6056,0
20090813,4.1851,4.1925,4.0102,4.0102,765,0
20090814,4.0102,4.0102,4.0102,4.0102,3087,0
20090817,3.9738,4.0758,3.9081,4.0102,26047,0
20090818,3.9373,4.0758,3.9373,3.952,3384,0
20090819,3.9738,3.9738,3.952,3.952,539,0
20090820,3.9373,4.0466,3.9227,4.0466,5456,0
20090821,4.0466,4.1559,4.0466,4.0466,28283,0
20090824,4.1195,4.2653,3.9446,4.2653,2022,0
20090825,4.2726,4.3383,4.2508,4.2653,3245,0
20090826,4.2653,4.3383,4.1851,4.3383,3625,0
20090827,4.0321,4.3236,4.0321,4.3236,13066,0
20090828,4.2143,4.2872,4.1488,4.2872,3518,0
20090831,4.3236,4.4477,4.1559,4.3746,36279,0
20090901,4.3746,4.5206,4.331,4.4986,19712,0
20090902,4.4986,4.4986,4.2872,4.4403,12645,0
20090903,4.3746,4.4403,4.3746,4.4403,2907,0
20090904,4.4403,4.4403,4.3821,4.4403,1044,0
20090907,4.4477,4.506,4.3746,4.4477,8971,0
20090908,4.5352,4.557,4.229,4.4111,18798,0
20090909,4.4111,4.4111,4.229,4.3746,2216,0
20090910,4.229,4.3675,4.1925,4.3675,2900,0
20090911,4.3746,4.3746,4.229,4.3675,4342,0
20090914,4.1925,4.331,4.1925,4.331,51,0
20090915,4.3236,4.3236,4.3236,4.3236,25,0
20090916,4.229,4.3675,4.229,4.3675,2753,0
20090917,4.4111,4.4111,4.229,4.4111,1253,0
20090918,4.1925,4.4111,4.1925,4.3746,2221,0
20090922,4.2653,4.4403,4.2653,4.4403,1000,0
20090923,4.4257,4.4257,4.3383,4.3966,913,0
20090924,4.229,4.3601,4.229,4.2653,2934,0
20090925,4.1779,4.1779,4.0174,4.1559,5210,0
20090928,4.3746,4.3746,4.0466,4.1488,4819,0
20090929,4.229,4.229,4.0466,4.229,659,0
20090930,4.1559,4.1559,4.105,4.1559,13446,0
20091001,4.0686,4.2581,4.054,4.1488,6275,0
20091002,4.2216,4.2216,4.0248,4.0393,4043,0
20091005,4.1341,4.1341,4.1341,4.1341,3,0
20091006,4.0321,4.0321,4.0029,4.0029,3860,0
20091007,4.0029,4.0029,3.9373,3.9373,2985,0
20091008,3.9373,3.9373,3.8644,3.93,1764,0
20091009,3.8644,3.8644,3.7551,3.7551,6465,0
20091012,3.7551,3.8279,3.6456,3.7551,63715,0
20091013,3.7551,4.0102,3.7185,3.9883,965060,0
20091014,4.0029,4.0102,3.8789,3.9955,15669,0
20091015,3.9955,3.9955,3.7551,3.9009,4369,0
20091016,3.9081,3.9081,3.7332,3.8279,7014,0
20091019,3.4634,3.8279,3.4634,3.8279,9873,0
20091020,3.6894,3.8279,3.6894,3.8279,2008,0
20091021,3.7551,3.7915,3.7551,3.7915,3500,0
20091022,3.8279,3.8279,3.6894,3.7915,1437,0
20091023,3.8498,3.8498,3.6675,3.6675,19666,0
20091026,3.7551,3.7551,3.6675,3.7405,226,0
20091027,3.6822,3.7257,3.6456,3.7041,9714,0
20091028,3.6894,3.6894,3.5436,3.6675,964,0
20091029,3.6237,3.6237,3.4634,3.5728,7701,0
20091030,3.6237,3.6237,3.6092,3.6092,315,0
20091102,3.5728,3.6165,3.5363,3.6165,4398,0
20091103,3.6092,3.6092,3.6019,3.6019,877,0
20091104,3.6019,3.6092,3.6019,3.6092,1243,0
20091105,3.6092,3.6092,3.6092,3.6092,37,0
20091106,3.5728,3.6456,3.5728,3.5728,9339,0
20091109,3.5728,3.8279,3.5728,3.6967,9861,0
20091110,3.7185,3.7551,3.7185,3.7185,7846,0
20091112,3.6603,3.6603,3.58,3.6456,1056,0
20091113,3.6165,3.6456,3.6165,3.6312,2460,0
20091116,3.6456,3.7551,3.5873,3.6748,3470,0
20091117,3.6456,3.6748,3.5873,3.6456,2916,0
20091118,3.7551,3.7551,3.5363,3.6456,3087,0
20091119,3.5728,3.5728,3.5363,3.5728,6216,0
20091120,3.5363,3.5363,3.5363,3.5363,2710,0
20091123,3.5363,3.5363,3.5363,3.5363,42,0
20091124,3.4488,3.4998,3.4488,3.4998,406,0
20091125,3.4634,3.4634,3.4634,3.4634,2566,0
20091126,3.427,3.427,3.3177,3.3905,7424,0
20091127,3.3177,3.3177,3.2811,3.2811,2076,0
20091130,3.2739,3.2811,3.2739,3.2811,760,0
20091201,3.3978,3.3978,3.252,3.3978,1288,0
20091202,3.4051,3.4051,3.252,3.252,1655,0
20091203,3.3468,3.3468,3.2811,3.3177,1003,0
20091204,3.4051,3.4051,3.3102,3.3102,989,0
20091207,3.3102,3.4051,3.3102,3.4051,602,0
20091208,3.4488,3.4488,3.4197,3.4197,1891,0
20091209,3.4124,3.4124,3.2811,3.2811,3227,0
20091210,3.2811,3.2811,3.2592,3.2667,4576,0
20091211,3.2667,3.2667,3.252,3.252,1142,0
20091214,3.2667,3.3541,3.2374,3.2447,2657,0
20091215,3.2081,3.2374,3.2081,3.2081,4788,0
20091216,3.2811,3.2811,3.2081,3.2811,2755,0
20091217,3.2667,3.2667,3.2667,3.2667,68,0
20091218,3.1426,3.1936,3.1135,3.1936,3325,0
20091221,3.1717,3.1717,3.0477,3.1645,20430,0
20091222,3.1717,3.2739,3.1717,3.2739,38053,0
20091223,3.2447,3.2447,3.1789,3.2081,6993,0
20091228,3.1717,3.2081,3.1353,3.2008,36379,0
20091229,3.2081,3.3468,3.2081,3.3468,4017,0
20091230,3.2885,3.3687,3.2885,3.3687,6485,0
20091231,3.2155,3.3687,3.2155,3.2155,4998,0
20100104,3.2228,3.3687,3.2228,3.3687,3291,0
20100105,3.23,3.3687,3.23,3.3687,12091,0
20100106,3.3321,3.3687,3.252,3.3687,6703,0
20100107,3.3249,3.3687,3.3249,3.3687,1738,0
20100108,3.3177,3.3541,3.3177,3.3541,1407,0
20100111,3.3177,3.4634,3.252,3.3541,10566,0
20100112,3.3905,3.3905,3.3541,3.3905,4459,0
20100113,3.3905,3.3905,3.3905,3.3905,183,0
20100114,3.4634,3.4634,3.4634,3.4634,6,0
20100115,3.4561,3.4634,3.3177,3.4561,2521,0
20100118,3.4998,3.4998,3.4998,3.4998,12,0
20100119,3.5217,3.5217,3.4634,3.4707,1651,0
20100120,3.5145,3.5145,3.3905,3.5145,7805,0
20100121,3.3832,3.5145,3.3832,3.5145,840,0
20100125,3.4342,3.4342,3.3905,3.3905,28371,0
20100126,3.4124,3.4124,3.3177,3.3832,5250,0
20100127,3.2592,3.3832,3.252,3.3832,2685,0
20100128,3.2592,3.3905,3.2592,3.3905,357,0
20100129,3.2947,3.3617,3.2947,3.3617,1034,0
20100201,3.3395,3.3395,3.3177,3.3395,1907,0
20100202,3.3395,3.3395,3.3395,3.3395,37,0
20100203,3.3395,3.3395,3.3395,3.3395,7003,0
20100204,3.3541,3.3541,3.2081,3.2081,14269,0
20100205,3.1061,3.1426,3.0624,3.0624,4796,0
20100208,3.1353,3.1353,2.9239,2.9749,3211,0
20100209,2.9019,2.9894,2.9019,2.9894,1489,0
20100210,3.0624,3.0624,2.9165,3.0259,2001,0
20100211,3.0988,3.0988,2.953,3.0259,1472,0
20100212,3.0259,3.0259,2.9894,3.0259,1651,0
20100215,3.0259,3.0259,3.0259,3.0259,2818,0
20100216,3.0477,3.0477,3.0477,3.0477,635,0
20100217,3.0624,3.0624,2.953,3.0551,1881,0
20100218,3.0915,3.0915,3.0915,3.0915,321,0
20100219,3.0915,3.0915,3.0915,3.0915,68,0
20100222,3.1353,3.2667,3.1353,3.2667,25001,0
20100223,3.2592,3.2885,3.2592,3.2811,7518,0
20100224,3.2447,3.2667,3.2447,3.2667,2213,0
20100225,3.2957,3.3541,3.2081,3.2081,10846,0
20100226,3.2374,3.2957,3.2374,3.2957,2669,0
20100301,3.3395,3.3541,3.2155,3.3541,4899,0
20100302,3.3541,3.3541,3.2811,3.3541,2766,0
20100303,3.3541,3.3541,3.2155,3.3541,2543,0
20100304,3.3541,3.3541,3.3395,3.3468,2698,0
20100305,3.3468,3.3468,3.3468,3.3468,60,0
20100308,3.3321,3.3321,3.3321,3.3321,68,0
20100309,3.2957,3.2957,3.2447,3.2885,14144,0
20100310,3.2739,3.2739,3.2155,3.2667,470,0
20100311,3.2447,3.2447,3.1789,3.2374,620531,0
20100312,3.2081,3.2374,3.1789,3.2374,2698,0
20100315,3.2374,3.2667,3.2374,3.2667,662,0
20100316,3.2592,3.2592,3.2592,3.2592,12,0
20100317,3.2447,3.2811,3.2081,3.2447,1919,0
20100318,3.1717,3.2811,3.1717,3.1789,18722,0
20100319,3.2447,3.2447,3.2081,3.2374,370,0
20100322,3.1572,3.2739,3.1353,3.1936,6878,0
20100323,3.1498,3.1936,3.1426,3.1936,7015,0
20100324,3.2081,3.2667,3.0988,3.1789,13373,0
20100325,3.2447,3.427,3.1426,3.3832,43878,0
20100326,3.3468,3.3541,3.3468,3.3541,68,0
20100329,3.3541,3.3687,3.3468,3.3687,4511,0
20100330,3.2885,3.427,3.2885,3.427,5505,0
20100331,3.4214,3.4289,3.2947,3.3916,6422,0
20100401,3.2885,3.4051,3.2811,3.4051,15854,0
20100406,3.3905,3.3905,3.2228,3.3541,2869,0
20100407,3.2811,3.3541,3.2811,3.3541,5966,0
20100408,3.252,3.3687,3.252,3.3541,6803,0
20100409,3.3541,3.4998,3.3541,3.4124,18870,0
20100412,3.4124,3.5654,3.4124,3.5654,22560,0
20100413,3.6383,3.7114,3.6092,3.7114,5748,0
20100414,3.7185,3.7987,3.7185,3.7987,19232,0
20100415,3.7915,3.8644,3.7915,3.8425,78261,0
20100416,3.93,3.93,3.7768,3.7768,3305,0
20100419,3.7915,3.7915,3.6237,3.6237,4992,0
20100420,3.6456,3.6456,3.3978,3.5728,13962,0
20100421,3.6822,3.6822,3.427,3.4998,8888,0
20100422,3.4634,3.6748,3.4051,3.5873,12012,0
20100423,3.6003,3.8612,3.5855,3.7867,14989,0
20100426,3.8717,3.8717,3.7185,3.8425,2138,0
20100427,3.8279,3.9227,3.7041,3.9227,10474,0
20100428,3.8279,3.8279,3.7332,3.7332,6365,0
20100429,3.7987,3.7987,3.6603,3.7987,9265,0
20100430,3.645,3.8612,3.645,3.8016,2225,0
20100504,3.6456,3.8133,3.6456,3.806,10585,0
20100505,3.7114,3.7915,3.6456,3.7185,1391,0
20100506,3.7915,3.7915,3.7114,3.7185,1304,0
20100507,3.4051,3.7041,3.4051,3.6822,79209,0
20100510,3.7551,3.7915,3.6603,3.7915,10582,0
20100511,3.7185,3.7915,3.7185,3.7915,978,0
20100512,3.7185,3.7843,3.6237,3.6456,11636,0
20100513,3.7185,3.7915,3.6603,3.7843,5885,0
20100514,3.7915,3.7915,3.6603,3.7405,3246,0
20100517,3.7551,3.7551,3.6456,3.6456,1523,0
20100518,3.7915,3.7915,3.6092,3.6383,5790,0
20100519,3.5582,3.6967,3.5509,3.6894,4111,0
20100520,3.6967,3.7405,3.6165,3.7405,74804,0
20100521,3.6603,3.7332,3.5654,3.7332,557,0
20100524,3.6603,3.6603,3.5145,3.5728,6947,0
20100525,3.6092,3.6092,3.4342,3.5436,6696,0
20100526,3.5436,3.6312,3.5436,3.58,4354,0
20100527,3.6383,3.6383,3.4634,3.5509,4867,0
20100528,3.4634,3.5363,3.4634,3.5363,877,0
20100531,3.4512,3.5481,3.4512,3.4512,1960,0
20100601,3.427,3.4488,3.3541,3.427,4807,0
20100602,3.4998,3.4998,3.3031,3.4707,2908,0
20100604,3.5363,3.5363,3.5363,3.5363,12,0
20100607,3.4488,3.5363,3.4488,3.5363,2170,0
20100608,3.4488,3.4998,3.4124,3.4124,1316,0
20100609,3.5363,3.5363,3.3687,3.4415,8971,0
20100610,3.4488,3.4488,3.4488,3.4488,12,0
20100611,3.4998,3.5217,3.4488,3.4488,13,0
20100614,3.4488,3.4488,3.2667,3.3541,8231,0
20100615,3.2374,3.4998,3.2374,3.4998,3181,0
20100616,3.5034,3.5332,3.2648,3.4214,4213,0
20100617,3.5034,3.5034,3.2648,3.2648,3354,0
20100618,3.3469,3.3469,3.2425,3.3395,2540,0
20100621,3.4124,3.4197,3.2667,3.2667,5116,0
20100622,3.3469,3.3916,3.1457,3.2947,3420,0
20100623,3.4512,3.5332,3.4512,3.4512,3864,0
20100624,3.4587,3.4587,3.3543,3.3543,3796,0
20100625,3.3543,3.3543,3.2648,3.3395,2371,0
20100628,3.3395,3.3395,3.2574,3.3395,2021,0
20100629,3.3617,3.496,3.2052,3.3245,16188,0
20100630,3.2155,3.3529,3.2155,3.3377,10159,0
20100702,3.2798,3.2798,3.1977,3.2126,3017,0
20100705,3.2798,3.2798,3.1977,3.2574,841,0
20100706,3.2798,3.2798,3.1307,3.2723,3048,0
20100707,3.1903,3.2425,3.1381,3.2425,2597,0
20100708,3.168,3.2425,3.168,3.1903,2187,0
20100709,3.1903,3.1903,3.1903,3.1903,1839,0
20100712,3.2425,3.2425,3.2425,3.2425,12,0
20100713,3.2425,3.2425,3.1457,3.2052,8122,0
20100714,3.1457,3.3395,3.1457,3.2648,6762,0
20100715,3.2203,3.3171,3.2203,3.2276,4869,0
20100716,3.2873,3.2873,3.2203,3.2425,1483,0
20100719,3.3171,3.3171,3.2351,3.3171,1523,0
20100720,3.2425,3.3171,3.2425,3.3171,3334,0
20100721,3.2351,3.2425,3.2052,3.2425,1042,0
20100722,3.2126,3.2723,3.2126,3.2723,724,0
20100723,3.2425,3.2947,3.2425,3.2947,2689,0
20100726,3.2798,3.3395,3.2648,3.3395,3399,0
20100727,3.3469,3.3469,3.3021,3.3469,2045,0
20100728,3.3469,3.3469,3.3469,3.3469,1449,0
20100729,3.3395,3.3543,3.2947,3.3543,3787,0
20100730,3.2798,3.2798,3.2052,3.2574,2648,0
20100802,3.2648,3.2648,3.2648,3.2648,1234,0
20100803,3.2873,3.3543,3.2873,3.3543,3332,0
20100804,3.3543,3.3543,3.2873,3.3543,2057,0
20100805,3.3543,3.3916,3.3543,3.3916,1742,0
20100806,3.3916,3.4661,3.3691,3.4661,209005,0
20100809,3.4661,3.4809,3.4289,3.4661,4271,0
20100810,3.3916,3.496,3.3916,3.496,1359,0
20100811,3.4736,3.4736,3.3617,3.4289,2891,0
20100812,3.4214,3.4214,3.4214,3.4214,1341,0
20100813,3.496,3.496,3.3991,3.4289,143040,0
20100816,3.4214,3.4214,3.414,3.414,83,0
20100817,3.3691,3.3841,3.3691,3.3841,142,0
20100818,3.3617,3.3841,3.3617,3.3841,731,0
20100819,3.3319,3.3916,3.3319,3.3916,1804,0
20100820,3.3543,3.4289,3.3543,3.3691,2268,0
20100823,3.3617,3.4885,3.3617,3.4736,3584,0
20100824,3.3991,3.496,3.3991,3.496,7313,0
20100825,3.5706,3.5706,3.5706,3.5706,54,0
20100826,3.5332,3.5332,3.4437,3.4885,4311,0
20100827,3.4885,3.5109,3.3916,3.4885,4219,0
20100830,3.3991,3.4809,3.3991,3.4661,504,0
20100831,3.3991,3.4661,3.3916,3.3916,2021,0
20100901,3.4885,3.4885,3.3916,3.4661,790,0
20100902,3.4587,3.5406,3.4587,3.5406,27812,0
20100903,3.5406,3.6524,3.5406,3.6152,6913,0
20100906,3.6227,3.727,3.6152,3.727,22403,0
20100907,3.6823,3.8164,3.6823,3.8164,7728,0
20100908,3.8164,3.8687,3.8164,3.8687,32592,0
20100909,3.8761,3.8761,3.8761,3.8761,959,0
20100910,3.9059,3.9134,3.8016,3.8388,9711,0
20100913,3.8016,3.8388,3.8016,3.8388,168,0
20100914,3.7642,3.7642,3.7642,3.7642,25,0
20100915,3.6524,3.727,3.6524,3.727,6395,0
20100916,3.4437,3.727,3.4437,3.7195,1241,0
20100917,3.6152,3.6524,3.5779,3.5779,11163,0
20100920,3.6898,3.6898,3.4437,3.5481,4414,0
20100921,3.6823,3.6898,3.5109,3.6003,15024,0
20100922,3.6152,3.6227,3.6152,3.6227,3958,0
20100923,3.5034,3.6524,3.5034,3.6524,2450,0
20100924,3.6524,3.6524,3.5109,3.6524,1133,0
20100927,3.5779,3.8761,3.5779,3.7642,933,0
20100929,3.5183,3.5258,3.5183,3.5183,1047,0
20100930,3.5406,3.7568,3.496,3.7345,8472,0
20101001,3.645,3.6898,3.5556,3.645,1657,0
20101004,3.6524,3.6524,3.5034,3.645,7591,0
20101005,3.5706,3.7121,3.5706,3.7121,2495,0
20101006,3.7195,3.7195,3.5183,3.6898,16458,0
20101007,3.6898,3.727,3.6524,3.727,5079,0
20101008,3.7195,3.7195,3.6301,3.7121,679,0
20101011,3.7195,3.727,3.6524,3.6524,121665,0
20101012,3.6673,3.742,3.6673,3.742,2660,0
20101013,3.742,3.8016,3.6972,3.6972,3130,0
20101014,3.7046,3.727,3.645,3.727,63055,0
20101015,3.6898,3.7046,3.6003,3.7046,110887,0
20101018,3.727,3.7642,3.6673,3.7642,73659,0
20101019,3.7345,3.7345,3.6673,3.6823,19619,0
20101020,3.7718,3.8761,3.6972,3.6972,6857,0
20101021,3.7345,3.7941,3.7345,3.7941,7596,0
20101022,3.8016,3.8016,3.727,3.7494,10626,0
20101025,3.727,3.7568,3.727,3.7494,4049,0
20101026,3.7642,3.7642,3.7046,3.727,2543,0
20101027,3.727,3.742,3.727,3.742,2683,0
20101028,3.7642,3.7642,3.7121,3.7642,2796,0
20101029,3.7271,3.8417,3.7271,3.8417,21327,0
20101102,3.8388,3.8388,3.727,3.7642,1289,0
20101103,3.8388,3.8388,3.7494,3.7642,8489,0
20101104,3.7792,3.8388,3.7345,3.7345,1929,0
20101105,3.742,3.7642,3.727,3.7642,1180,0
20101108,3.7642,3.8016,3.7642,3.8016,18781,0
20101109,3.8016,3.9506,3.7642,3.9134,37504,0
20101110,3.9059,4.0177,3.8761,3.8761,25820,0
20101112,3.9134,3.9506,3.9134,3.9506,2047,0
20101115,3.973,4.0624,3.9582,3.9582,3206,0
20101116,3.8761,3.9431,3.8761,3.9431,5708,0
20101117,3.9506,3.9506,3.8761,3.9134,1943,0
20101119,3.9134,3.9506,3.8761,3.8761,606,0
20101122,3.9506,3.9506,3.8761,3.9134,3330,0
20101123,3.8761,3.8761,3.8388,3.8388,8648,0
20101124,3.9134,3.9134,3.7718,3.8239,11264,0
20101125,3.809,3.8761,3.809,3.8761,1194,0
20101126,3.8687,3.8687,3.727,3.8388,2865,0
20101201,3.8612,3.8612,3.7642,3.7642,2185,0
20101202,3.7642,3.8016,3.6673,3.727,10560,0
20101203,3.727,3.8687,3.727,3.8687,3504,0
20101206,3.8612,3.8612,3.7642,3.8388,663,0
20101207,3.8388,3.8388,3.7494,3.7494,1922,0
20101208,3.7718,3.7792,3.6972,3.7121,1804,0
20101209,3.6972,3.809,3.5109,3.5109,5285,0
20101210,3.5258,3.6898,3.5258,3.6898,1707,0
20101213,3.727,3.727,3.727,3.727,12,0
20101214,3.727,3.727,3.727,3.727,20414,0
20101215,3.727,3.727,3.727,3.727,506,0
20101216,3.727,3.7494,3.66,3.727,3049,0
20101217,3.727,3.7941,3.727,3.7941,6062,0
20101220,3.8016,3.8016,3.8016,3.8016,5103,0
20101221,3.7195,3.8538,3.7195,3.8016,3746,0
20101222,3.7121,3.7121,3.7046,3.7046,2035,0
20101223,3.7867,3.8761,3.7494,3.8761,27368,0
20101227,3.8164,3.8761,3.6898,3.8761,12015,0
20101228,3.8016,3.8761,3.6673,3.8761,4847,0
20101229,3.7884,3.9257,3.7884,3.9257,6114,0
20101230,4.0097,4.1396,4.0097,4.1014,25060,0
20101231,4.1549,4.2084,4.1014,4.1014,54728,0
20110103,4.0476,4.0476,4.0028,4.0253,1091,0
20110104,4.0028,4.0997,3.9283,4.0997,515,0
20110105,3.9954,3.9954,3.8985,3.9879,1071,0
20110107,3.9059,3.9506,3.8538,3.8538,1111,0
20110110,3.7568,3.9208,3.6898,3.6898,1863770,0
20110111,3.6823,3.9283,3.6823,3.7568,13007,0
20110112,3.7718,3.8164,3.5779,3.66,7222,0
20110113,3.66,3.809,3.66,3.809,2050,0
20110114,3.8761,3.8761,3.5855,3.6152,7559,0
20110117,3.66,3.7494,3.6003,3.6898,10217,0
20110118,3.645,3.6673,3.5779,3.66,3606,0
20110119,3.6152,3.6524,3.5706,3.645,2071,0
20110120,3.645,3.645,3.5706,3.5706,2113,0
20110121,3.5706,3.6078,3.5631,3.6003,904,0
20110124,3.5481,3.5481,3.496,3.5034,4406,0
20110125,3.5034,3.5855,3.5034,3.5406,3458,0
20110126,3.5406,3.6003,3.5406,3.6003,2676,0
20110127,3.5779,3.6748,3.5779,3.6748,6765,0
20110128,3.5855,3.6301,3.5556,3.6301,931,0
20110131,3.6279,3.6279,3.4674,3.5668,3359,0
20110201,3.5556,3.5631,3.5556,3.5631,555,0
20110202,3.4736,3.4736,3.3543,3.3916,8288,0
20110203,3.4885,3.5928,3.4885,3.5706,4267,0
20110204,3.5779,3.5779,3.5779,3.5779,4627,0
20110207,3.6524,3.6524,3.5631,3.5779,1154,0
20110209,3.5034,3.5706,3.3543,3.5706,9123,0
20110210,3.4809,3.4809,3.4289,3.4289,3017,0
20110211,3.4363,3.496,3.4289,3.496,17118,0
20110214,3.5034,3.8016,3.4363,3.727,59558,0
20110215,3.7345,3.7642,3.6823,3.6898,9411,0
20110216,3.6972,3.727,3.6898,3.727,1151,0
20110217,3.6972,3.7718,3.6898,3.7718,2355,0
20110218,3.6898,3.7642,3.6748,3.7642,1127,0
20110221,3.7642,3.7792,3.6152,3.7642,1527,0
20110222,3.7568,3.7568,3.6673,3.6673,537,0
20110223,3.6524,3.6524,3.6524,3.6524,537,0
20110224,3.6003,3.6003,3.5109,3.5109,2370,0
20110225,3.5855,3.5855,3.5406,3.5406,323,0
20110228,3.5591,3.6279,3.4674,3.6279,1957,0
20110301,3.6227,3.6375,3.5481,3.6375,1517,0
20110302,3.5481,3.6152,3.5481,3.6152,1489,0
20110303,3.5406,3.6152,3.5406,3.6152,810,0
20110304,3.5406,3.5406,3.4661,3.5034,4256,0
20110307,3.5034,3.5034,3.4289,3.5034,4367,0
20110308,3.4289,3.4885,3.3543,3.4885,5778,0
20110309,3.5034,3.5855,3.3991,3.5855,1246,0
20110311,3.3841,3.5406,3.3543,3.5406,5901,0
20110315,3.3543,3.4809,3.3543,3.4809,1620,0
20110316,3.4289,3.4289,3.4289,3.4289,133,0
20110317,3.3916,3.4289,3.3916,3.4289,220,0
20110318,3.3916,3.4512,3.3617,3.4512,204656,0
20110322,3.4512,3.5183,3.4512,3.4885,8594,0
20110323,3.4885,3.4885,3.3543,3.4809,802,0
20110324,3.3617,3.4661,3.2798,3.4661,2585,0
20110325,3.4661,3.4885,3.3543,3.4661,1772,0
20110328,3.3916,3.3916,3.1457,3.2425,34348,0
20110329,3.2798,3.3469,3.2425,3.3319,2961,0
20110330,3.2798,3.3319,3.2798,3.3319,1003,0
20110331,3.2994,3.307,3.2842,3.307,1177,0
20110401,3.3096,3.3096,3.2052,3.2798,5820,0
20110404,3.2052,3.2798,3.1977,3.2798,10365,0
20110405,3.3319,3.3319,3.2126,3.2873,1884,0
20110406,3.2203,3.3245,3.2203,3.3245,203,0
20110407,3.3171,3.3171,3.3171,3.3171,434,0
20110408,3.3319,3.3319,3.25,3.2873,913,0
20110411,3.3096,3.3245,3.2052,3.2052,215916,0
20110412,3.3617,3.3617,3.2723,3.2947,15514,0
20110413,3.2351,3.2351,3.2126,3.2126,740,0
20110414,3.2425,3.2425,3.2425,3.2425,3087,0
20110415,3.25,3.25,3.2126,3.2425,933,0
20110418,3.2351,3.2425,3.2203,3.2425,5341,0
20110419,3.2203,3.2203,3.2203,3.2203,2683,0
20110420,3.2203,3.2203,3.2052,3.2052,4012,0
20110421,3.153,3.2203,3.153,3.2203,618,0
20110426,3.2203,3.2425,3.168,3.2425,1702,0
20110427,3.25,3.3171,3.25,3.2798,8355,0
20110428,3.2648,3.2798,3.2425,3.2574,4128,0
20110429,3.2765,3.2765,3.2001,3.2689,1517,0
20110502,3.2126,3.3021,3.2126,3.3021,171,0
20110504,3.3021,3.3171,3.3021,3.3171,1341,0
20110506,3.3021,3.3021,3.2276,3.2798,1799,0
20110509,3.25,3.3021,3.1977,3.3021,5814,0
20110510,3.153,3.2425,3.1457,3.2425,1258,0
20110511,3.2425,3.2425,3.168,3.2425,1893,0
20110512,3.2351,3.5556,3.2351,3.3916,22248,0
20110513,3.3245,3.5109,3.3245,3.4736,17398,0
20110516,3.3841,3.3841,3.3319,3.3841,5464,0
20110517,3.3841,3.3841,3.3021,3.3021,1273,0
20110519,3.2425,3.2798,3.2351,3.2723,1923,0
20110520,3.2574,3.2798,3.153,3.2798,2392,0
20110523,3.2798,3.2873,3.2052,3.2798,2018,0
20110524,3.2052,3.3096,3.153,3.2425,2525,0
20110525,3.2648,3.2648,3.2648,3.2648,2,0
20110526,3.2798,3.2798,3.2798,3.2798,1,0
20110527,3.2723,3.2723,3.1903,3.2723,1410,0
20110530,3.2425,3.2798,3.2425,3.2798,1542,0
20110531,3.2001,3.2079,3.1696,3.2079,250,0
20110601,3.168,3.2052,3.168,3.2052,455,0
20110602,3.168,3.1977,3.168,3.1977,1640,0
20110603,3.168,3.1977,3.168,3.1977,193,0
20110606,3.168,3.168,3.168,3.168,443,0
20110607,3.1696,3.1926,3.1316,3.1926,3690,0
20110608,3.1466,3.1696,3.1466,3.1696,7224,0
20110609,3.1316,3.4828,3.1316,3.4292,34307,0
20110610,3.3453,3.3453,3.2842,3.2842,2752,0
20110613,3.2126,3.4065,3.168,3.4065,17107,0
20110614,3.4363,3.4363,3.2574,3.3395,7059,0
20110615,3.414,3.414,3.3319,3.3319,3056,0
20110616,3.414,3.414,3.2307,3.2307,6216,0
20110617,3.1696,3.2461,3.1696,3.2461,774,0
20110620,3.33,3.4064,3.1161,3.2384,8340,0
20110621,3.1544,3.1544,3.0932,3.1009,9457,0
20110622,3.0856,3.0856,3.0856,3.0856,537,0
20110624,3.0627,3.0627,3.0551,3.0551,3621,0
20110627,3.0627,3.1161,3.0168,3.1086,3317,0
20110628,3.1086,3.1086,3.0398,3.1009,3358,0
20110629,3.1391,3.1391,3.1391,3.1391,1,0
20110630,3.1926,3.2079,3.1316,3.1316,5765,0
20110701,3.162,3.162,3.162,3.162,1,0
20110704,3.0932,3.162,3.0856,3.162,95494,0
20110705,3.0932,3.2307,3.0932,3.2307,4852,0
20110706,3.1466,3.2307,3.1466,3.2307,1572,0
20110707,3.1086,3.2536,3.1009,3.2536,1350,0
20110711,3.2079,3.2079,3.0856,3.0856,3425,0
20110712,3.0551,3.1772,2.9176,3.1772,4792,0
20110713,3.1009,3.1009,3.1009,3.1009,1177,0
20110715,3.162,3.1696,3.0856,3.0856,4199,0
20110718,3.0168,3.1391,3.0168,3.1391,16839,0
20110719,3.0627,3.2001,3.0246,3.0627,2408,0
20110720,3.0168,3.078,3.0168,3.078,251,0
20110721,3.1391,3.1391,3.1391,3.1391,1,0
20110722,3.078,3.078,3.0703,3.078,354,0
20110725,2.9023,3.0551,2.9023,3.0551,3041,0
20110726,2.9787,3.0474,2.9023,3.0474,2619,0
20110727,2.971,3.0321,2.971,3.0321,1937,0
20110728,2.9558,3.0168,2.91,3.0168,2331,0
20110801,2.9176,3.0932,2.9176,3.0932,4864,0
20110802,3.1237,3.1237,3.0474,3.0932,1484,0
20110803,3.0168,3.0168,2.9023,3.0017,6355,0
20110804,2.9251,2.9251,2.9023,2.9023,1177,0
20110805,2.8641,2.8641,2.7573,2.8564,9881,0
20110808,2.7877,2.7877,2.7496,2.7877,4230,0
20110809,2.6807,2.6807,2.5663,2.6733,18489,0
20110810,2.5968,2.635,2.5357,2.635,20542,0
20110811,2.5663,2.6733,2.3754,2.6045,7589,0
20110812,2.6579,2.6579,2.5968,2.6426,2671,0
20110816,2.6733,2.6733,2.5968,2.6733,527,0
20110817,2.6045,2.6733,2.5968,2.6733,7463,0
20110818,2.6045,2.6045,2.5357,2.5892,12551,0
20110819,2.3829,2.5892,2.3754,2.5892,13365,0
20110822,2.5892,2.5892,2.5281,2.5892,1906,0
20110823,2.5968,2.5968,2.5357,2.5357,4267,0
20110824,2.4746,2.4746,2.4746,2.4746,3030,0
20110826,2.4135,2.4823,2.3829,2.4823,1903,0
20110829,2.4823,2.5204,2.4746,2.4823,184574,0
20110830,2.4823,2.4823,2.3754,2.4059,4704,0
20110831,2.3982,2.4823,2.3982,2.4823,3680,0
20110901,2.4288,2.4669,2.3677,2.4518,7986,0
20110902,2.4059,2.4059,2.4059,2.4059,393,0
20110905,2.4059,2.4059,2.2914,2.3142,1956,0
20110906,2.3599,2.3599,2.2914,2.3219,3417,0
20110907,2.3524,2.3599,2.3524,2.3599,171,0
20110908,2.3295,2.3295,2.299,2.299,3394,0
20110909,2.2454,2.2914,2.0851,2.1003,6015,0
20110912,2.1844,2.1844,2.1003,2.1003,95,0
20110913,1.917,1.9858,1.9095,1.9782,1192,0
20110915,1.9782,2.1385,1.9782,2.1385,748,0
20110916,1.9247,2.2531,1.9247,2.2531,1572,0
20110920,2.1844,2.1844,2.1844,2.1844,44620,0
20110921,1.9705,2.001,1.9705,2.001,1177,0
20110922,2.1768,2.1768,1.94,1.9858,1070,0
20110923,1.94,2.1385,1.94,2.1385,657,0
20110926,2.1768,2.1768,2.1768,2.1768,1,0
20110928,2.0622,2.0622,2.0622,2.0622,3532,0
20110929,2.0087,2.1232,1.9095,2.0928,6619,0
20110930,2.0393,2.0928,2.0393,2.0928,3680,0
20111003,1.8483,1.94,1.8331,1.8331,9601,0
20111004,1.8331,1.9629,1.8331,1.8331,1676,0
20111005,1.7872,1.8331,1.7186,1.8177,7585,0
20111006,1.7491,1.7491,1.6802,1.7414,6409,0
20111007,1.8712,1.8712,1.6727,1.6727,183434,0
20111010,1.81,1.8559,1.81,1.8559,136,0
20111011,1.7337,1.8177,1.6956,1.8177,1114,0
20111012,1.7719,1.8026,1.7567,1.7642,3996,0
20111013,1.7872,1.7949,1.7872,1.7949,1989,0
20111014,1.8177,1.8177,1.8177,1.8177,1,0
20111017,1.8483,1.8483,1.8483,1.8483,1,0
20111018,1.894,1.894,1.8636,1.8636,264,0
20111019,1.8636,1.894,1.7031,1.894,221994,0
20111020,1.894,1.894,1.8483,1.894,1106,0
20111024,1.8712,1.894,1.7567,1.894,1442,0
20111025,1.8331,1.894,1.8331,1.8331,50,0
20111026,1.8331,1.9475,1.8331,1.9475,6569,0
20111027,1.9247,1.9858,1.9247,1.9858,35373,0
20111028,1.9858,1.9858,1.9858,1.9858,131,0
20111031,1.9629,1.9629,1.9629,1.9629,216,0
20111102,1.9475,1.9475,1.9018,1.9018,4338,0
20111103,1.9475,1.9858,1.9475,1.9858,846,0
20111104,2.0087,2.024,2.0087,2.024,2180,0
20111107,2.0087,2.0164,1.9629,1.9629,4592,0
20111108,1.917,1.9858,1.917,1.9858,1338,0
20111109,1.8866,2.001,1.8789,1.8789,4899,0
20111110,1.917,1.9553,1.917,1.9553,2,0
20111114,1.9782,1.9858,1.9782,1.9858,1177,0
20111115,1.9782,1.9782,1.9323,1.9782,408,0
20111116,1.9323,1.9629,1.8636,1.9247,6079,0
20111118,1.917,1.917,1.9095,1.9095,2815,0
20111122,1.8636,1.9705,1.7949,1.9705,90344,0
20111123,1.9629,2.0469,1.9323,2.024,395322,0
20111124,2.0469,2.1003,2.0469,2.1003,394,0
20111125,2.1003,2.1003,2.0469,2.1003,1317,0
20111128,2.1538,2.1538,1.94,2.0622,1288,0
20111129,2.0087,2.024,2.0087,2.024,2621,0
20111130,2.0545,2.0622,2.0545,2.0622,2,0
20111201,2.0622,2.0622,2.0087,2.0164,196,0
20111202,1.9705,2.0545,1.9705,2.0545,57,0
20111205,2.0622,2.0622,2.0087,2.0622,7396,0
20111208,2.024,2.024,2.024,2.024,393,0
20111213,1.9705,1.9705,1.9705,1.9705,262,0
20111214,1.9247,1.9247,1.9247,1.9247,3899,0
20111216,1.9095,1.9247,1.9095,1.9247,394,0
20111219,1.9018,1.9095,1.9018,1.9095,3273,0
20111220,1.7337,1.9095,1.7337,1.9095,64,0
20111221,1.8712,1.9475,1.8712,1.9475,89783,0
20111222,1.9095,1.9858,1.9095,1.9858,2206,0
20111223,1.94,1.9475,1.94,1.9475,18,0
20111227,1.9018,1.9705,1.9018,1.9705,132,0
20111229,2.0698,2.0698,2.0698,2.0698,25,0
20111230,1.9131,1.9131,1.9051,1.9131,1479,0
20120102,1.9095,1.9095,1.9095,1.9095,2815,0
20120103,1.9095,1.9095,1.9095,1.9095,65,0
20120105,1.9095,1.9247,1.9095,1.9247,187,0
20120109,1.8789,1.917,1.8789,1.917,119,0
20120110,1.917,1.917,1.917,1.917,6,0
20120111,1.917,1.9247,1.8636,1.8636,6186,0
20120112,1.8177,2.0393,1.8177,2.0393,9348,0
20120113,1.9858,2.2608,1.9858,2.2608,27442,0
20120116,2.0622,2.2072,2.0393,2.1614,16631,0
20120117,2.1614,2.215,2.0164,2.1385,11874,0
20120118,2.1844,2.1844,2.024,2.0393,27408,0
20120119,2.0393,2.0851,2.0393,2.0851,198,0
20120120,2.131,2.131,2.0393,2.1232,11700,0
20120123,2.0698,2.1691,2.0622,2.1691,3564,0
20120124,2.1691,2.1691,2.0928,2.1003,9199,0
20120125,2.0928,2.0928,2.0622,2.0928,983,0
20120126,2.0928,2.1614,2.0928,2.1614,4232,0
20120127,2.108,2.1614,2.108,2.1538,3173,0
20120130,2.1232,2.1614,2.108,2.1614,1966,0
20120131,2.1363,2.2638,2.1363,2.1521,35562,0
20120201,2.2072,2.3677,2.1614,2.3677,8532,0
20120202,2.3065,2.3295,2.3065,2.3295,3519,0
20120203,2.3677,2.3677,2.3677,2.3677,120,0
20120206,2.4135,2.6426,2.4135,2.5968,8279,0
20120207,2.5433,2.5433,2.5204,2.5204,1966,0
20120208,2.5281,2.5281,2.5204,2.5204,1716,0
20120209,2.4669,2.5204,2.4669,2.4823,462,0
20120210,2.4669,2.5204,2.4594,2.5204,24615,0
20120213,2.5127,2.5127,2.5127,2.5127,6,0
20120214,2.5127,2.5127,2.4518,2.5127,2624,0
20120215,2.4518,2.5052,2.4518,2.5052,2206,0
20120216,2.4059,2.4746,2.2608,2.2914,55383,0
20120217,2.3142,2.4059,2.2914,2.3371,8589,0
20120220,2.3829,2.4823,2.3829,2.4823,7184,0
20120221,2.4975,2.4975,2.3905,2.4823,4262,0
20120222,2.4059,2.4746,2.3905,2.4669,8434,0
20120223,2.444,2.444,2.3905,2.444,2567,0
20120224,2.4823,2.4823,2.4746,2.4746,657,0
20120227,2.5052,2.5052,2.4212,2.4746,787,0
20120228,2.4746,2.4746,2.4669,2.4669,394,0
20120229,2.4152,2.4152,2.3913,2.3913,3163,0
20120301,2.3905,2.4212,2.3905,2.4212,524,0
20120302,2.3677,2.4212,2.3142,2.4212,3227,0
20120305,2.3677,2.4059,2.3677,2.4059,1311,0
20120306,2.4594,2.4594,2.3982,2.3982,1069,0
20120307,2.444,2.4518,2.3448,2.3448,1833,0
20120308,2.3982,2.3982,2.3982,2.3982,1,0
20120309,2.444,2.444,2.3295,2.4288,3932,0
20120312,2.4135,2.4212,2.4135,2.4212,1311,0
20120314,2.3599,2.3677,2.3599,2.3677,1440,0
20120315,2.3677,2.3677,2.3677,2.3677,262,0
20120316,2.4212,2.4212,2.4212,2.4212,1,0
20120319,2.4212,2.4669,2.4212,2.4669,2499,0
20120320,2.4746,2.4746,2.4135,2.4669,2369,0
20120321,2.4669,2.4823,2.4288,2.4288,3493,0
20120322,2.3829,2.3829,2.3219,2.3524,3620,0
20120323,2.2914,2.3982,2.2914,2.3982,1312,0
20120326,2.3371,2.3448,2.2914,2.3448,5175,0
20120328,2.3371,2.3754,2.3371,2.3754,1311,0
20120330,2.3117,2.3117,2.3117,2.3117,3469,0
20120402,2.2225,2.3371,2.2225,2.3371,800,0
20120403,2.3677,2.3754,2.3677,2.3754,124,0
20120404,2.3295,2.3524,2.3295,2.3524,1311,0
20120405,2.4059,2.4059,2.3448,2.3448,3200,0
20120410,2.2914,2.2914,2.2301,2.2836,4440,0
20120411,2.2301,2.2836,2.2301,2.2836,317,0
20120412,2.2836,2.2914,2.2301,2.2914,6861,0
20120413,2.2379,2.2914,2.2379,2.2914,3354,0
20120416,2.2379,2.2608,2.1844,2.2608,4107,0
20120417,2.2072,2.2379,2.2072,2.2379,3399,0
20120418,2.2072,2.2454,2.2072,2.2454,1966,0
20120419,2.192,2.2531,2.192,2.2531,488,0
20120420,2.0622,2.2072,2.0622,2.1385,6973,0
20120423,2.0851,2.1385,2.0851,2.1385,550,0
20120424,2.1844,2.1844,2.1844,2.1844,524,0
20120425,2.1385,2.1385,2.1385,2.1385,1166,0
20120426,2.1385,2.1614,2.1385,2.1614,1311,0
20120427,2.1385,2.1385,2.1003,2.1385,2263,0
20120504,2.108,2.2684,2.108,2.2684,92,0
20120507,2.1614,2.1614,2.1385,2.1614,4632,0
20120508,2.2301,2.2301,2.2301,2.2301,1,0
20120509,2.1768,2.1768,2.1768,2.1768,3447,0
20120510,2.1768,2.1768,2.1232,2.1232,4987,0
20120511,2.1003,2.1232,2.1003,2.1232,1310,0
20120514,2.0774,2.0774,2.024,2.0622,5949,0
20120515,1.9553,1.9705,1.9323,1.9705,5148,0
20120516,1.917,1.94,1.917,1.94,4702,0
20120517,1.9247,1.9475,1.8712,1.9475,5454,0
20120518,1.9018,1.9018,1.9018,1.9018,526,0
20120521,1.9018,1.94,1.9018,1.94,394,0
20120522,1.9095,1.9095,1.8559,1.8559,9585,0
20120523,1.81,1.81,1.7337,1.7337,7417,0
20120524,1.7186,1.7186,1.6802,1.7031,7055,0
20120525,1.665,1.665,1.6345,1.6345,9081,0
20120528,1.5963,1.5963,1.4893,1.5275,25065,0
20120529,1.4893,1.4893,1.4512,1.4893,13867,0
20120530,1.4206,1.4435,1.3748,1.39,52985,0
20120531,1.3869,1.4508,1.371,1.4508,2956,0
20120601,1.4512,1.474,1.413,1.474,1626,0
20120604,1.4893,1.6191,1.4512,1.6191,793,0
20120605,1.5783,1.5783,1.5225,1.5225,2829,0
20120606,1.4587,1.5225,1.4508,1.5225,1311,0
20120608,1.4986,1.5225,1.4587,1.4587,1834,0
20120611,1.4588,1.5199,1.4588,1.5199,120,0
20120612,1.5199,1.5199,1.4512,1.5199,3922,0
20120613,1.5199,1.5199,1.5199,1.5199,262,0
20120614,1.497,1.5582,1.497,1.5582,405853,0
20120615,1.5543,1.5704,1.5463,1.5704,406412,0
20120618,1.5733,1.6421,1.5733,1.6421,13388,0
20120619,1.6421,1.7261,1.6421,1.7261,44849,0
20120621,1.7218,1.8015,1.7218,1.8015,37345,0
20120626,1.7617,1.8094,1.7617,1.8015,29466,0
20120627,1.7617,1.8255,1.7536,1.8255,13677,0
20120628,1.921,1.9928,1.8812,1.9768,13389,0
20120629,1.929,1.9768,1.929,1.9768,10012,0
20120702,2.0885,2.0885,1.9051,1.9051,12347,0
20120703,1.9051,1.945,1.9051,1.945,21421,0
20120705,1.8573,1.929,1.8573,1.929,218231,0
20120706,1.9051,1.9609,1.9051,1.9609,15776,0
20120710,1.8812,1.9529,1.8493,1.9529,6313,0
20120712,1.8334,1.8732,1.8334,1.8732,1143,0
20120713,1.8015,1.8732,1.8015,1.8732,1401,0
20120718,1.8414,1.8414,1.7855,1.7855,7527,0
20120719,1.8414,1.8414,1.8414,1.8414,1,0
20120720,1.8414,1.8652,1.8414,1.8652,214,0
20120723,1.7776,1.7935,1.7776,1.7935,847,0
20120725,1.6739,1.6899,1.6739,1.6899,2681,0
20120726,1.6101,1.6739,1.6101,1.6739,11291,0
20120730,1.6101,1.7139,1.6101,1.7139,9618,0
20120731,1.7139,1.7139,1.7139,1.7139,1254,0
20120801,1.7139,1.7139,1.7139,1.7139,207,0
20120803,1.7139,1.7139,1.7139,1.7139,4291,0
20120808,1.7139,1.8732,1.7139,1.8732,4704,0
20120809,1.7536,1.7536,1.7536,1.7536,3764,0
20120816,1.6739,1.7536,1.6739,1.7536,421,0
20120817,1.7536,1.7935,1.7536,1.7935,11292,0
20120820,1.7139,1.7536,1.7139,1.7536,590,0
20120821,1.6739,1.7536,1.6739,1.7536,1657,0
20120829,1.7139,1.7536,1.6819,1.7536,10348,0
20120830,1.7536,1.7536,1.7536,1.7536,6556,0
20120831,1.7139,1.7139,1.7139,1.7139,51,0
20120903,1.7139,1.7139,1.7139,1.7139,126,0
20120904,1.6739,1.6739,1.6739,1.6739,17150,0
20120905,1.6181,1.6739,1.6101,1.6101,412737,0
20120906,1.5943,1.6739,1.5943,1.6739,9505,0
20120910,1.5943,1.6501,1.5943,1.6501,1381,0
20120912,1.6421,1.6421,1.6421,1.6421,377,0
20120913,1.5943,1.6501,1.5943,1.6501,1130,0
20120917,1.6021,1.658,1.6021,1.658,127,0
20120918,1.6501,1.6501,1.6501,1.6501,628,0
20120919,1.6501,1.6899,1.6501,1.6899,10241,0
20120921,1.6739,1.8334,1.6739,1.6899,68511,0
20120924,1.7536,1.7536,1.6819,1.6819,11808,0
20120925,1.7218,1.7218,1.6899,1.7139,630,0
20120926,1.7139,1.7139,1.7139,1.7139,1882,0
20120927,1.7139,1.8174,1.7139,1.7536,35639,0
20120928,1.7935,1.921,1.7935,1.9131,25764,0
20121001,1.8812,1.9609,1.8812,1.9609,6900,0
20121002,2.0167,2.0805,1.9609,2.0805,7579,0
20121003,2.0805,2.0805,2.0326,2.0725,725,0
20121004,1.9928,2.0725,1.9131,2.0725,37640,0
20121005,1.9131,2.0008,1.9131,2.0008,566,0
20121011,1.9529,1.9529,1.9529,1.9529,564,0
20121017,1.9131,1.945,1.8573,1.945,4447,0
20121018,1.9131,1.9131,1.8652,1.8652,351,0
20121019,1.8414,1.8414,1.8174,1.8174,6381,0
20121023,1.8732,1.8732,1.8732,1.8732,1,0
20121030,1.7776,1.8573,1.7697,1.8573,6055,0
20121105,1.8732,1.8732,1.8732,1.8732,1,0
20121112,1.8174,1.8573,1.8174,1.8573,629,0
20121113,1.8573,1.8812,1.8573,1.8812,3284,0
20121114,1.8094,1.8812,1.8094,1.8812,968,0
20121115,1.8015,1.8015,1.7536,1.7697,14228,0
20121116,1.7297,1.7536,1.7139,1.7139,6347,0
20121119,1.6501,1.6501,1.6501,1.6501,7061,0
20121120,1.6262,1.7059,1.6262,1.7059,239,0
20121122,1.6421,1.6501,1.6101,1.6501,12624,0
20121123,1.6501,1.6501,1.5943,1.6501,63349,0
20121126,1.6021,1.6501,1.5943,1.6501,36935,0
20121127,1.6659,1.6739,1.6659,1.6739,253,0
20121128,1.6659,1.6659,1.6659,1.6659,12,0
20121129,1.6659,1.6739,1.6659,1.6739,25693,0
20121130,1.6739,1.6899,1.6739,1.6899,8155,0
20121203,1.6739,1.7855,1.6739,1.7536,18183,0
20121204,1.7617,1.8174,1.7536,1.8094,717763,0
20121205,1.8493,1.921,1.8334,1.9131,34049,0
20121206,1.929,1.945,1.929,1.937,15991,0
20121207,1.9131,1.9131,1.7935,1.8812,4180,0
20121210,1.9131,1.9131,1.8334,1.8652,340,0
20121211,1.8094,1.8652,1.7536,1.7536,11611,0
20121212,1.7617,1.7935,1.7536,1.7935,64183,0
20121213,1.7935,1.8414,1.7935,1.8255,6888,0
20121214,1.8573,1.945,1.8573,1.945,77588,0
20121217,1.8652,2.1363,1.8652,2.1363,63151,0
20121218,2.1521,2.1521,2.0326,2.0486,11433,0
20121219,2.0486,2.0486,1.921,2.0087,5917,0
20121220,1.9529,2.0406,1.937,2.0406,5552,0
20121221,2.0406,2.0566,2.0008,2.0566,528,0
20121228,1.9689,2.0885,1.9689,1.9928,78452,0
20130102,2.0885,2.1124,2.0725,2.1124,6915,0
20130103,2.1124,2.1124,2.0725,2.1124,39041,0
20130107,2.1283,2.1283,2.1283,2.1283,39,0
20130108,2.0805,2.0805,1.9768,2.0645,195997,0
20130109,2.0885,2.0885,2.0725,2.0725,761174,0
20130110,2.1044,2.1203,2.0566,2.1203,4561,0
20130111,2.0805,2.1283,2.0805,2.1283,378,0
20130114,2.1283,2.1363,2.1283,2.1363,3762,0
20130115,2.1521,2.1521,2.0725,2.1203,8997,0
20130116,2.1203,2.1283,2.0725,2.0725,82551,0
20130117,2.1283,2.2559,2.1283,2.2079,92055,0
20130118,2.2957,2.3037,2.232,2.2957,31102,0
20130121,2.3675,2.3675,2.2957,2.3675,7437,0
20130122,2.3435,2.3595,2.2717,2.3595,4240,0
20130123,2.3675,2.479,2.3117,2.3675,20651,0
20130125,2.3595,2.3595,2.3595,2.3595,1668,0
20130128,2.3595,2.3675,2.3595,2.3675,21256,0
20130129,2.3675,2.3675,2.3675,2.3675,377,0
20130131,2.2878,2.3435,2.2479,2.3435,26029,0
20130204,2.3117,2.3117,2.2079,2.3037,10568,0
20130205,2.2001,2.2957,2.1921,2.2957,9317,0
20130206,2.2079,2.2479,2.2079,2.2479,3400,0
20130207,2.1602,2.2479,2.1602,2.2479,522,0
20130208,2.2479,2.2559,2.2479,2.2559,39,0
20130212,2.232,2.3037,2.224,2.2717,8744,0
20130213,2.3196,2.3196,2.1921,2.2399,6339,0
20130214,2.232,2.232,2.232,2.232,12,0
20130215,2.232,2.232,2.1363,2.1921,13166,0
20130218,2.1363,2.1921,2.1363,2.1921,3513,0
20130219,2.0885,2.1283,1.9928,2.1283,20535,0
20130220,2.0885,2.0885,2.0008,2.0805,7747,0
20130222,2.1044,2.1283,2.0725,2.1283,2226,0
20130225,2.0406,2.1283,2.0406,2.1283,3420,0
20130228,2.0878,2.2422,2.0878,2.2422,19173,0
20130304,2.1283,2.232,2.1283,2.232,2822,0
20130306,2.1602,2.1602,2.1521,2.1521,7196,0
20130307,2.0566,2.0964,2.0566,2.0725,10746,0
20130308,2.0566,2.1283,2.0566,2.1283,1284,0
20130311,2.0885,2.1761,2.0885,2.1044,8967,0
20130312,2.0566,2.1521,2.0566,2.1521,9281,0
20130315,2.0805,2.1283,2.0645,2.1283,3517,0
20130318,2.0645,2.1443,2.0645,2.1443,4141,0
20130319,2.0725,2.1283,2.0725,2.1283,1629,0
20130320,2.1443,2.1443,2.1443,2.1443,1003,0
20130321,2.0645,2.0645,2.0645,2.0645,6281,0
20130322,2.0406,2.0725,2.0406,2.0725,11082,0
20130325,2.0008,2.0885,2.0008,2.0885,1054,0
20130326,2.0008,2.0885,2.0008,2.0885,2510,0
20130327,2.0885,2.1124,2.0885,2.1124,465,0
20130328,2.0725,2.0885,2.0725,2.0885,3641,0
20130402,2.0087,2.0885,2.0087,2.0885,1116,0
20130403,2.0486,2.0486,1.8812,2.0008,2514,0
20130404,1.9529,1.9928,1.9131,1.9928,15260,0
20130408,1.9848,2.0645,1.9689,2.0645,7441,0
20130409,2.0406,2.0725,2.0406,2.0725,19387,0
20130410,2.0645,2.0725,2.0087,2.0725,15683,0
20130411,2.0645,2.1044,2.0645,2.0725,8203,0
20130412,2.1044,2.1044,2.0725,2.0725,1299,0
20130415,2.0725,2.0725,2.0725,2.0725,1631,0
20130417,2.0406,2.0725,2.0406,2.0725,19445,0
20130418,2.0725,2.0725,2.0725,2.0725,2829,0
20130419,2.0805,2.0805,2.0326,2.0326,45163,0
20130422,2.0566,2.1044,2.0566,2.0566,503,0
20130423,2.1363,2.1363,2.0326,2.0326,752,0
20130424,2.0326,2.0964,2.0326,2.0964,1497,0
20130425,2.1124,2.1124,1.929,2.1044,2633,0
20130429,2.0725,2.1044,2.0725,2.1044,2030,0
20130430,2.1529,2.1529,2.1041,2.1122,641,0
20130502,2.1363,2.2717,2.1363,2.2717,8776,0
20130506,2.2717,2.3355,2.2717,2.3355,1554,0
20130507,2.3355,2.3355,2.224,2.3276,1005,0
20130508,2.3276,2.3276,2.3276,2.3276,12,0
20130509,2.3117,2.3117,2.3117,2.3117,6,0
20130510,2.3117,2.3117,2.1521,2.3117,4151,0
20130513,2.3117,2.3117,2.1124,2.232,8156,0
20130514,2.0725,2.1682,2.0725,2.1682,2140,0
20130515,2.2079,2.2079,2.1443,2.1521,1448,0
20130516,2.232,2.232,2.232,2.232,24,0
20130517,2.1521,2.1521,2.1521,2.1521,1113,0
20130520,2.1682,2.1682,2.1682,2.1682,24,0
20130521,2.1602,2.1602,2.0725,2.1443,4079,0
20130522,2.1443,2.1443,2.1443,2.1443,6,0
20130523,2.1443,2.1443,2.0725,2.1124,10043,0
20130524,2.1443,2.1443,2.1443,2.1443,12,0
20130527,2.1443,2.1443,2.1124,2.1124,539,0
20130528,2.1682,2.1682,2.0645,2.1124,300,0
20130529,2.0716,2.1447,2.0716,2.1447,2069,0
20130531,2.1691,2.1691,2.0959,2.1691,202,0
20130603,2.1682,2.1841,2.1203,2.1841,2650,0
20130604,2.2097,2.2097,2.1529,2.1691,1747,0
20130605,2.2097,2.2097,2.1529,2.1609,2856,0
20130606,2.1934,2.1934,2.1529,2.1691,2420,0
20130607,2.1691,2.1691,2.1691,2.1691,12,0
20130610,2.1682,2.1682,2.1682,2.1682,12,0
20130611,2.1529,2.1529,2.0959,2.1447,4230,0
20130612,2.0964,2.2957,2.0964,2.232,79431,0
20130613,2.232,2.3037,2.232,2.3037,327,0
20130614,2.3153,2.3153,2.3153,2.3153,956,0
20130617,2.3276,2.3834,2.232,2.3675,9555,0
20130618,2.3559,2.3559,2.2341,2.3153,2855,0
20130619,2.3072,2.3072,2.2178,2.2178,2066,0
20130620,2.2584,2.2584,2.1122,2.1122,6311,0
20130621,2.1041,2.1041,2.1041,2.1041,200,0
20130624,2.1203,2.1203,2.1203,2.1203,12,0
20130625,2.1203,2.1203,2.1203,2.1203,12,0
20130626,2.1203,2.1203,2.1203,2.1203,12,0
20130627,2.1529,2.1529,2.1122,2.1122,2634,0
20130628,2.1609,2.1609,2.1609,2.1609,12,0
20130701,2.1285,2.1609,2.0716,2.1609,1442,0
20130702,2.1285,2.1285,2.1285,2.1285,81,0
20130703,2.1285,2.1529,2.1285,2.1529,671,0
20130704,2.1122,2.1934,2.1122,2.1934,264,0
20130705,2.1934,2.1934,2.0716,2.1934,4888,0
20130708,2.1934,2.1934,2.1934,2.1934,12,0
20130709,2.1934,2.1934,2.1122,2.1934,12571,0
20130710,2.1934,2.1934,2.1122,2.1934,4938,0
20130711,2.1934,2.1934,2.1041,2.1041,7122,0
20130712,2.1934,2.1934,2.1122,2.1122,62,0
20130715,2.0878,2.1203,2.0878,2.1122,21322,0
20130716,2.0878,2.1691,2.0878,2.1691,13,0
20130717,2.1691,2.1691,2.1691,2.1691,12,0
20130718,2.1691,2.1691,2.031,2.1203,1267,0
20130719,2.1203,2.1203,2.1203,2.1203,12,0
20130722,2.1691,2.1691,2.1691,2.1691,12,0
20130723,2.1691,2.1691,2.0634,2.1691,3567,0
20130724,2.1772,2.1772,2.0716,2.1772,2504,0
20130725,2.1853,2.1853,2.1853,2.1853,12,0
20130726,2.1853,2.1853,2.1853,2.1853,12,0
20130729,2.1772,2.1772,2.1772,2.1772,12,0
20130730,2.1609,2.1609,2.1609,2.1609,12,0
20130731,2.1609,2.1609,2.0798,2.1609,3065,0
20130801,2.1609,2.1609,2.1609,2.1609,12,0
20130802,2.1609,2.1609,2.1609,2.1609,12,0
20130805,2.1609,2.1609,2.1609,2.1609,436,0
20130806,2.1609,2.1609,2.0798,2.0798,1859,0
20130807,2.0798,2.1529,2.0798,2.1529,124,0
20130808,2.1529,2.1934,2.1285,2.1934,8256,0
20130809,2.1934,2.1934,2.1934,2.1934,12,0
20130812,2.1934,2.2341,2.0959,2.2341,2501,0
20130813,2.2341,2.2341,2.1609,2.1609,6344,0
20130814,2.1529,2.1529,2.1529,2.1529,12,0
20130816,2.1609,2.1609,2.1609,2.1609,12,0
20130819,2.1609,2.1609,2.0959,2.1609,2474,0
20130820,2.1122,2.2341,2.1122,2.2341,334327,0
20130821,2.2259,2.2259,2.2259,2.2259,12,0
20130822,2.2178,2.2341,2.2097,2.2341,4259,0
20130823,2.2503,2.2503,2.2503,2.2503,12,0
20130826,2.2016,2.2016,2.1609,2.1609,8001,0
20130827,2.2016,2.2016,2.2016,2.2016,1,0
20130828,2.1609,2.2259,2.1609,2.2259,1540,0
20130829,2.2341,2.3478,2.2341,2.3478,2189,0
20130830,2.3478,2.3478,2.3478,2.3478,247,0
20130903,2.2909,2.2909,2.2909,2.2909,710,0
20130904,2.2747,2.2747,2.2747,2.2747,1538,0
20130905,2.2341,2.2747,2.2341,2.2747,5369,0
20130906,2.2909,2.2909,2.2584,2.2584,2385,0
20130909,2.2747,2.3153,2.1366,2.3153,1277,0
20130910,2.3072,2.429,2.3072,2.429,2887,0
20130911,2.429,2.429,2.2747,2.2747,4931,0
20130912,2.2666,2.4209,2.2666,2.4209,7232,0
20130913,2.4209,2.4209,2.4046,2.4046,801,0
20130916,2.4046,2.4209,2.4046,2.4209,2474,0
20130917,2.429,2.429,2.429,2.429,12,0
20130918,2.429,2.4372,2.429,2.4372,2474,0
20130919,2.4372,2.4778,2.3559,2.4778,3886,0
20130920,2.4372,2.4372,2.2991,2.3559,6127,0
20130923,2.4697,2.4697,2.3153,2.3153,1982,0
20130924,2.3559,2.3559,2.2747,2.2747,2912,0
20130925,2.3397,2.3397,2.2259,2.2747,11163,0
20130926,2.2747,2.2747,2.2747,2.2747,1232,0
20130927,2.3478,2.3478,2.2747,2.2747,10177,0
20130930,2.2747,2.429,2.2747,2.429,100,0
20131001,2.4372,2.4372,2.3234,2.3234,2642,0
20131002,2.3234,2.3559,2.3153,2.3559,4595,0
20131003,2.3153,2.3559,2.3153,2.3559,30,0
20131004,2.3559,2.3559,2.3153,2.3559,1514,0
20131007,2.3559,2.3965,2.3559,2.3965,20355,0
20131008,2.4209,2.5184,2.4209,2.5184,17498,0
20131009,2.5997,2.7621,2.559,2.7621,18927,0
20131010,2.7621,2.9246,2.6647,2.9246,16468,0
20131011,2.9165,3.0058,2.9003,2.9165,16976,0
20131014,2.8434,2.8434,2.7621,2.8027,8219,0
20131015,2.6972,2.8921,2.6972,2.7946,47564,0
20131016,2.7459,2.8027,2.7459,2.8027,147,0
20131017,2.8027,2.8027,2.7946,2.7946,1926,0
20131018,2.7946,2.7946,2.7296,2.7783,898,0
20131021,2.7783,2.7783,2.7783,2.7783,12,0
20131022,2.7783,2.7783,2.5997,2.7215,8341,0
20131023,2.7215,2.7215,2.7215,2.7215,12,0
20131024,2.7215,2.7215,2.7215,2.7215,135,0
20131025,2.7215,2.7215,2.6808,2.6808,6800,0
20131028,2.7215,2.7215,2.6647,2.7215,4925,0
20131029,2.7215,2.7539,2.7215,2.7539,4457,0
20131030,2.7621,2.7783,2.7621,2.7783,492,0
20131031,2.8027,2.8027,2.7378,2.7378,628,0
20131104,2.7703,2.7703,2.6808,2.689,3881,0
20131105,2.7215,2.7865,2.6403,2.7865,1896,0
20131106,2.7865,3.1114,2.7215,3.1114,17080,0
20131107,3.1114,3.1114,2.9409,3.0383,2685,0
20131108,3.0953,3.2252,3.0709,3.0709,10779,0
20131112,3.0709,3.0709,3.0383,3.0465,3315,0
20131113,3.0302,3.0465,2.9246,3.0465,7005,0
20131114,3.0465,3.0465,2.9246,2.9978,4249,0
20131115,3.0465,3.0465,3.0465,3.0465,12,0
20131118,3.0465,3.0465,3.0058,3.0383,5232,0
20131119,3.0383,3.0465,3.0058,3.0058,8124,0
20131120,3.0139,3.0465,3.0058,3.0465,1977,0
20131121,3.0383,3.0465,3.0383,3.0383,1144,0
20131122,3.0465,3.0465,3.0058,3.0383,6225,0
20131125,3.0302,3.0302,3.0302,3.0302,38,0
20131126,3.0302,3.0302,3.0058,3.0058,1052,0
20131127,3.0058,3.0058,3.0058,3.0058,7586,0
20131128,3.0302,3.0302,3.0058,3.0058,1484,0
20131129,3.0302,3.0302,3.0302,3.0302,264,0
20131202,3.0302,3.0302,3.0302,3.0302,12,0
20131203,3.0302,3.0302,2.9327,2.9327,2760,0
20131204,2.9327,2.9327,2.819,2.9327,11338,0
20131205,2.9327,2.9327,2.8595,2.8595,1243,0
20131206,2.9327,2.9327,2.9327,2.9327,12,0
20131209,2.9327,2.9327,2.9327,2.9327,6,0
20131210,2.9327,2.9327,2.8595,2.8595,498,0
20131211,2.8839,2.8839,2.8839,2.8839,1232,0
20131212,2.8595,2.8595,2.8595,2.8595,247,0
20131213,2.689,2.7946,2.6808,2.7946,6814,0
20131216,2.6972,2.7703,2.6403,2.7459,3829,0
20131217,2.7539,2.7539,2.7539,2.7539,12,0
20131218,2.7539,2.7539,2.6403,2.7459,2130,0
20131219,2.7539,2.7539,2.7539,2.7539,12,0
20131220,2.7539,2.7539,2.624,2.7296,4254,0
20131223,2.5997,2.6728,2.5915,2.6728,11374,0
20131227,2.559,2.559,2.559,2.559,264,0
20131230,2.4859,2.6972,2.4859,2.6972,10433,0
20140102,2.689,2.6972,2.6403,2.6564,4003,0
20140103,2.6564,2.6564,2.6564,2.6564,12,0
20140107,2.624,2.624,2.624,2.624,481,0
20140108,2.624,2.624,2.559,2.5915,35764,0
20140109,2.5915,2.5915,2.5915,2.5915,12,0
20140110,2.5347,2.5347,2.4534,2.5184,2841,0
20140113,2.559,2.5997,2.559,2.5997,976,0
20140115,2.5915,2.5997,2.5834,2.5834,1859,0
20140116,2.559,2.7783,2.559,2.7783,3717,0
20140117,2.6808,3.0627,2.6808,3.0627,13313,0
20140120,2.9895,2.9895,2.9246,2.9895,2009,0
20140121,3.0465,3.0465,3.0058,3.0465,621,0
20140122,3.0627,3.0627,3.0465,3.0627,253,0
20140123,3.0627,3.0627,3.0627,3.0627,6,0
20140124,3.0627,3.0627,2.9327,2.9652,1058,0
20140127,2.949,2.949,2.949,2.949,12,0
20140128,3.0058,3.0058,2.8108,2.8108,609,0
20140129,2.8108,3.0627,2.8108,3.0627,36048,0
20140130,3.0627,3.0627,3.0627,3.0627,6,0
20140131,3.0627,3.0627,3.0627,3.0627,6,0
20140203,3.0627,3.0627,3.0627,3.0627,6,0
20140204,3.0627,3.0627,2.9734,2.9734,694,0
20140205,2.9734,2.9734,2.9734,2.9734,6,0
20140206,2.9734,2.9734,2.8515,2.9246,1039,0
20140207,2.9652,2.9734,2.9652,2.9734,739,0
20140210,3.0627,3.0627,3.0627,3.0627,6,0
20140211,3.0627,3.0709,3.0058,3.0627,4764,0
20140212,3.0627,3.0627,3.0627,3.0627,6,0
20140213,3.0627,3.0627,3.0627,3.0627,6,0
20140214,3.0627,3.0627,2.8839,2.8839,4176,0
20140217,2.8434,2.9083,2.8434,2.9083,76775,0
20140218,2.9246,2.9246,2.9246,2.9246,6,0
20140219,2.9246,2.9246,2.8595,2.8595,105,0
20140220,2.9246,2.9246,2.8595,2.8595,1732,0
20140221,2.8595,2.8595,2.8595,2.8595,12,0
20140224,2.8027,2.8027,2.8027,2.8027,259,0
20140225,2.8434,2.9327,2.8434,2.9327,2030,0
20140226,2.9734,2.9734,2.9083,2.9083,24621,0
20140227,2.9246,2.9246,2.9083,2.9083,253,0
20140228,2.9083,2.9083,2.8434,2.8434,15103,0
20140303,2.8434,2.8434,2.7621,2.7621,6546,0
20140304,2.6808,2.6808,2.6808,2.6808,120,0
20140305,2.7296,2.7703,2.7296,2.7703,4699,0
20140306,2.7621,2.7621,2.7621,2.7621,12,0
20140307,2.7621,2.7621,2.6808,2.6808,76,0
20140310,2.7215,2.7215,2.7215,2.7215,725,0
20140311,2.7215,2.7215,2.7215,2.7215,60316,0
20140312,2.7621,2.7621,2.7459,2.7459,11,0
20140313,2.7621,2.7621,2.6564,2.6564,1355,0
20140314,2.6403,2.6403,2.5915,2.5997,7772,0
20140317,2.5265,2.5997,2.5265,2.5997,489596,0
20140318,2.5997,2.6403,2.5997,2.6403,2444,0
20140319,2.5997,2.5997,2.5997,2.5997,4796,0
20140320,2.5997,2.5997,2.5997,2.5997,591,0
20140321,2.6403,2.6403,2.6403,2.6403,76,0
20140324,2.6728,2.6728,2.5509,2.6403,3151,0
20140325,2.5997,2.5997,2.5428,2.5428,1521,0
20140326,2.6403,2.6403,2.6159,2.6403,917,0
20140327,2.6403,2.6403,2.6403,2.6403,12,0
20140328,2.6403,2.6403,2.6403,2.6403,6,0
20140331,2.6808,2.6808,2.559,2.559,810,0
20140401,2.559,2.6808,2.559,2.6808,3435,0
20140402,2.6972,2.8108,2.6972,2.8108,21,0
20140403,2.8515,2.8515,2.7215,2.7215,382,0
20140404,2.6808,2.6808,2.6808,2.6808,12,0
20140407,2.6808,2.6808,2.5997,2.5997,517,0
20140408,2.6808,2.6808,2.6403,2.6403,64,0
20140409,2.5997,2.5997,2.5997,2.5997,5556,0
20140410,2.5997,2.5997,2.5997,2.5997,1,0
20140411,2.5997,2.5997,2.5997,2.5997,1,0
20140414,2.5997,2.5997,2.5997,2.5997,1,0
20140415,2.5997,2.5997,2.5997,2.5997,1,0
20140416,2.5997,2.5997,2.5997,2.5997,289,0
20140422,2.5997,2.5997,2.5997,2.5997,145,0
20140423,2.5997,2.5997,2.5184,2.5184,330966,0
20140425,2.5509,2.5509,2.4372,2.4372,4630,0
20140428,2.4372,2.4372,2.4372,2.4372,1,0
20140429,2.4372,2.4372,2.4372,2.4372,370,0
20140430,2.4372,2.4372,2.4372,2.4372,1,0
20140502,2.3803,2.3803,2.3397,2.3397,1174,0
20140505,2.3397,2.3397,2.2828,2.2828,2582,0
20140506,2.2909,2.2909,2.2909,2.2909,50,0
20140508,2.2909,2.2909,2.2909,2.2909,1108,0
20140509,2.2909,2.2909,2.2747,2.2747,248,0
20140512,2.2747,2.2747,2.2747,2.2747,295,0
20140514,2.2747,2.2747,2.2747,2.2747,186,0
20140516,2.2991,2.2991,2.2991,2.2991,3275,0
20140522,2.3397,2.3397,2.3397,2.3397,66,0
20140526,2.3397,2.3397,2.3397,2.3397,611,0
20140527,2.2341,2.2341,2.2341,2.2341,239,0
20140528,2.2016,2.2016,2.2016,2.2016,12,0
20140529,2.2016,2.2828,2.2016,2.2828,124,0
20140530,2.2991,2.2991,2.2991,2.2991,750,0
20140603,2.3153,2.3234,2.3153,2.3234,1847,0
20140604,2.3153,2.3153,2.3153,2.3153,54,0
20140605,2.3559,2.3559,2.3559,2.3559,24,0
20140606,2.3884,2.3884,2.3884,2.3884,406,0
20140609,2.429,2.429,2.429,2.429,24,0
20140611,2.429,2.429,2.429,2.429,616,0
20140612,2.429,2.429,2.429,2.429,123,0
20140613,2.4372,2.4372,2.4372,2.4372,1232,0
20140616,2.3234,2.3234,2.3234,2.3234,1,0
20140618,2.3153,2.3153,2.3153,2.3153,143,0
20140623,2.3234,2.3234,2.3234,2.3234,114,0
20140624,2.3884,2.3884,2.3884,2.3884,85,0
20140626,2.3153,2.3153,2.3153,2.3153,347,0
20140627,2.3318,2.3318,2.3318,2.3318,3229,0
20140701,2.3318,2.3318,2.3318,2.3318,247,0
20140707,2.3153,2.3153,2.3153,2.3153,1,0
20140708,2.3071,2.3071,2.2988,2.2988,377,0
20140709,2.3567,2.3567,2.3567,2.3567,1,0
20140710,2.3567,2.3567,2.3567,2.3567,1,0
20140711,2.3484,2.3484,2.3484,2.3484,1,0
20140714,2.2078,2.2078,2.1499,2.1499,122024,0
20140715,2.1251,2.1499,2.1086,2.1499,117369,0
20140716,2.1499,2.1499,2.1499,2.1499,1,0
20140717,2.2078,2.2078,2.2078,2.2078,121,0
20140718,2.1582,2.1582,2.1582,2.1582,12,0
20140721,2.1582,2.1582,2.1086,2.1086,7014,0
20140722,2.1003,2.1417,2.1003,2.1417,7317,0
20140723,2.1913,2.1913,1.9845,1.9845,15068,0
20140724,2.0259,2.0259,2.0259,2.0259,1064,0
20140725,2.0176,2.0176,2.0176,2.0176,1,0
20140728,1.9763,1.9763,1.9763,1.9763,84,0
20140729,1.9763,1.9763,1.9763,1.9763,12,0
20140731,1.935,1.935,1.935,1.935,12,0
20140801,1.9515,1.9515,1.9515,1.9515,846,0
20140804,1.9019,1.9432,1.9019,1.9432,1693,0
20140805,1.9019,1.9019,1.9019,1.9019,12,0
20140806,1.9019,1.9515,1.9019,1.9515,3641,0
20140807,1.9267,1.9267,1.9184,1.9184,3634,0
20140811,1.8605,1.8605,1.8605,1.8605,689,0
20140812,1.8274,1.8274,1.8274,1.8274,12,0
20140813,1.8274,1.9101,1.8274,1.9101,532,0
20140818,1.9267,1.9928,1.9267,1.9928,3544,0
20140820,2.0755,2.0755,2.0755,2.0755,2929,0
20140821,2.0259,2.0259,2.0259,2.0259,169,0
20140822,2.0259,2.0259,2.0176,2.0176,4005,0
20140825,2.0176,2.0176,2.0094,2.0094,95669,0
20140826,2.0094,2.0094,1.935,1.935,565,0
20140827,1.9101,1.9101,1.9101,1.9101,12,0
20140828,1.9184,1.9515,1.9184,1.9515,5346,0
20140901,1.9845,1.9845,1.9763,1.9763,3779,0
20140905,2.0094,2.0094,2.0094,2.0094,2,0
20140908,2.0094,2.0094,2.0094,2.0094,1,0
20140909,2.0094,2.0094,2.0094,2.0094,12,0
20140910,2.0094,2.0094,1.9184,1.9597,245751,0
20140911,1.9845,1.9845,1.9019,1.9515,8465,0
20140912,2.0094,2.0094,2.0094,2.0094,12,0
20140915,1.9845,1.9845,1.9432,1.9845,3216,0
20140916,1.9019,1.9928,1.9019,1.9432,110091,0
20140917,1.9432,1.9432,1.9267,1.9267,3195,0
20140918,1.9267,1.9928,1.9267,1.9928,3174,0
20140919,1.9928,1.9928,1.9597,1.9597,1583,0
20140923,2.0341,2.0341,1.9845,1.9845,4838,0
20140924,2.0259,2.0259,2.0259,2.0259,846,0
20140925,1.9845,1.9845,1.9845,1.9845,121,0
20140926,1.9845,1.9845,1.9845,1.9845,12,0
20140929,1.935,1.935,1.935,1.935,2526,0
20140930,1.935,1.935,1.935,1.935,12,0
20141002,1.9845,1.9845,1.9845,1.9845,241,0
20141003,2.0259,2.0259,2.0259,2.0259,12,0
20141006,2.0672,2.0672,2.0672,2.0672,121,0
20141007,2.0672,2.0672,2.0672,2.0672,9,0
20141008,2.0672,2.0672,2.0672,2.0672,61,0
20141009,2.0672,2.0837,2.0672,2.0672,1826,0
20141010,2.0672,2.0672,2.0672,2.0672,12,0
20141013,2.0672,2.0672,2.0672,2.0672,3,0
20141014,2.0672,2.0672,2.0176,2.0176,2062,0
20141016,1.9845,1.9845,1.9763,1.9763,182,0
20141021,2.0672,2.0672,2.0672,2.0672,12,0
20141022,2.0672,2.0672,2.0341,2.0341,237,0
20141023,2.0507,2.0507,1.9928,2.0507,1814,0
20141024,2.0672,2.0672,2.0672,2.0672,12,0
20141027,2.0672,2.0672,2.0672,2.0672,6,0
20141028,2.0672,2.0672,2.0672,2.0672,12,0
20141029,2.0672,2.0672,2.0672,2.0672,1113,0
20141030,1.9845,1.9845,1.9845,1.9845,1814,0
20141031,2.0672,2.0672,2.0672,2.0672,12,0
20141103,2.0672,2.0672,2.0672,2.0672,6,0
20141104,2.0672,2.0672,2.0672,2.0672,6,0
20141105,2.0672,2.0672,2.0672,2.0672,6,0
20141106,2.0672,2.0672,2.0672,2.0672,496,0
20141107,2.0837,2.1086,2.0507,2.0507,8357,0
20141110,2.0507,2.0755,2.0507,2.0755,1778,0
20141112,2.0837,2.0837,1.9845,1.9845,5116,0
20141114,2.0259,2.0259,2.0259,2.0259,3277,0
20141117,1.9845,1.9845,1.9845,1.9845,3786,0
20141118,1.9845,1.9845,1.9432,1.9432,1826,0
20141119,1.9515,1.9515,1.9432,1.9432,800,0
20141120,1.9432,1.9432,1.9432,1.9432,435,0
20141121,1.9515,1.9515,1.9515,1.9515,2,0
20141124,1.9515,1.9845,1.9515,1.9845,949,0
20141125,1.9845,1.9845,1.9845,1.9845,12,0
20141201,2.0176,2.0176,2.0176,2.0176,725,0
20141203,1.9432,1.9432,1.9432,1.9432,3864,0
20141208,1.9019,1.9019,1.9019,1.9019,109,0
20141209,1.9019,1.9019,1.9019,1.9019,968,0
20141210,1.8357,1.9019,1.8357,1.9019,634,0
20141211,1.9019,1.9019,1.9019,1.9019,412,0
20141212,1.9019,1.9019,1.9019,1.9019,538,0
20141216,1.9019,1.9019,1.9019,1.9019,12,0
20141219,1.9101,1.9101,1.9101,1.9101,363,0
20141222,1.8605,1.8605,1.8605,1.8605,121,0
20150102,1.9101,1.9101,1.9101,1.9101,725,0
20150108,1.877,1.877,1.877,1.877,907009,0
20150109,1.877,1.877,1.877,1.877,12,0
20150112,1.8854,1.8854,1.877,1.877,1015076,0
20150113,1.8192,1.8605,1.8192,1.8605,7148,0
20150114,1.8605,1.877,1.8605,1.877,4084,0
20150115,1.9019,1.9019,1.8192,1.8854,484,0
20150119,1.9019,1.9019,1.9019,1.9019,121,0
20150120,1.9267,1.935,1.9019,1.9019,3943,0
20150121,1.877,1.9515,1.877,1.9515,950,0
20150122,1.9928,1.9928,1.9019,1.9928,950,0
20150123,1.9432,2.0176,1.9432,2.0176,1330,0
20150126,1.9267,1.968,1.9267,1.968,5079,0
20150127,1.9928,1.9928,1.9928,1.9928,121,0
20150128,1.8605,1.9019,1.8605,1.8688,272699,0
20150129,1.8027,1.9019,1.8027,1.9019,6180,0
20150130,1.9101,1.9515,1.9101,1.9515,1330,0
20150202,1.9101,1.9101,1.8936,1.8936,7016,0
20150203,1.8936,1.8936,1.8936,1.8936,786,0
20150204,1.8192,1.8605,1.8027,1.8192,643362,0
20150205,1.8192,1.8274,1.8192,1.8192,14,0
20150206,1.8192,1.9184,1.8192,1.9101,14500,0
20150209,1.9515,1.9515,1.9515,1.9515,5062,0
20150211,1.9267,2.0094,1.8854,2.0094,10120,0
20150212,1.9267,2.2905,1.9267,2.2905,27821,0
20150213,2.2161,2.3153,2.1995,2.3153,10267,0
20150216,2.3815,2.3897,2.2905,2.3567,3845,0
20150217,2.3567,2.3649,2.3153,2.3567,6984,0
20150218,2.3318,2.3318,2.2078,2.3153,3936,0
20150219,2.3153,2.3153,2.2078,2.2326,931,0
20150220,2.1664,2.1664,2.1664,2.1664,12,0
20150223,2.1499,2.3153,2.1499,2.3153,3079,0
20150224,2.3071,2.3071,2.3071,2.3071,121,0
20150225,2.3071,2.3071,2.2822,2.3071,3558,0
20150226,2.3153,2.3153,2.2078,2.2078,24,0
20150227,2.3153,2.3153,2.2326,2.3071,4064,0
20150302,2.3567,2.4807,2.3567,2.4558,4446,0
20150303,2.4642,2.4724,2.398,2.4558,5304,0
20150304,2.4558,2.4558,2.398,2.398,3694,0
20150305,2.3897,2.3897,2.3897,2.3897,484,0
20150306,2.4145,2.4145,2.4145,2.4145,241,0
20150309,2.4062,2.4062,2.398,2.398,1719,0
20150310,2.4062,2.4062,2.2575,2.3402,7377,0
20150311,2.4062,2.4062,2.2575,2.2575,41,0
20150313,2.2575,2.2575,2.1913,2.1913,636,0
20150316,2.1913,2.2244,2.1499,2.1913,1584,0
20150317,2.1913,2.2905,2.1913,2.2905,9650,0
20150318,2.274,2.274,2.2326,2.2326,605,0
20150319,2.2575,2.4558,2.2326,2.4558,490849,0
20150320,2.4558,2.5055,2.4558,2.5055,2679,0
20150323,2.4724,2.4807,2.398,2.4807,4124,0
20150324,2.4807,2.5551,2.4642,2.5551,5067,0
20150325,2.6626,2.6626,2.522,2.5634,6923,0
20150326,2.5716,2.5799,2.4642,2.5799,1839,0
20150327,2.5799,2.5799,2.4558,2.5634,3253,0
20150330,2.4807,2.6047,2.4807,2.6047,3223,0
20150331,2.522,2.522,2.4807,2.522,3063,0
20150401,2.522,2.522,2.522,2.522,12,0
20150402,2.4807,2.5138,2.4807,2.5138,182,0
20150408,2.5469,2.6461,2.522,2.6461,1174,0
20150409,2.5634,2.7123,2.5634,2.7123,18902,0
20150410,2.7288,2.7701,2.7288,2.7536,10267,0
20150413,2.7453,2.7536,2.6626,2.7453,7846,0
20150414,2.7453,2.7453,2.6626,2.6626,5080,0
20150415,2.6626,2.7123,2.5138,2.5138,24792,0
20150416,2.5138,2.6212,2.5138,2.6212,272,0
20150417,2.6212,2.6874,2.613,2.6874,3804,0
20150420,2.6792,2.6792,2.6461,2.6626,817,0
20150421,2.6543,2.6543,2.6047,2.6047,1651,0
20150422,2.6543,2.6543,2.6378,2.6378,197,0
20150423,2.6378,2.6378,2.6378,2.6378,2833,0
20150424,2.6378,2.6626,2.6378,2.6626,2212,0
20150427,2.6626,2.7536,2.6461,2.6461,6852,0
20150428,2.6461,2.6461,2.6461,2.6461,2596,0
20150429,2.6461,2.6461,2.5799,2.6378,5509,0
20150430,2.6296,2.6296,2.4889,2.5385,24156,0
20150504,2.5469,2.5799,2.5303,2.5303,13932,0
20150505,2.5303,2.5716,2.522,2.5716,1636,0
20150506,2.5799,2.5882,2.4476,2.5055,76849,0
20150507,2.5055,2.5138,2.4889,2.5138,3943,0
20150508,2.5138,2.6212,2.5138,2.5716,35443,0
20150511,2.6047,2.613,2.522,2.5634,15004,0
20150512,2.5634,2.5799,2.522,2.5634,13374,0
20150513,2.5634,2.6461,2.5469,2.6461,8607,0
20150514,2.6461,2.6461,2.6461,2.6461,4717,0
20150515,2.6461,2.6461,2.6461,2.6461,387,0
20150518,2.6378,2.6792,2.6378,2.6792,4277,0
20150519,2.6792,2.7039,2.6378,2.6378,41177,0
20150520,2.6461,2.6709,2.6296,2.6296,64990,0
20150521,2.6461,2.6461,2.5634,2.6212,7650,0
20150522,2.613,2.6378,2.613,2.6212,15727,0
20150525,2.6378,2.6378,2.5799,2.6378,2132,0
20150526,2.6296,2.6296,2.6212,2.6296,11773,0
20150527,2.6378,2.6378,2.6212,2.6212,26480,0
20150528,2.6296,2.6543,2.6296,2.6543,4188,0
20150529,2.6626,2.7866,2.6626,2.7618,37647,0
20150601,2.7701,2.8197,2.7701,2.8197,22233,0
20150602,2.8279,2.8859,2.7123,2.7453,69296,0
20150603,2.7453,2.7701,2.7039,2.7039,18040,0
20150605,2.8114,2.8114,2.7288,2.8114,6241,0
20150608,2.7039,2.8279,2.7039,2.7123,38224,0
20150609,2.7123,2.7536,2.7123,2.7205,9645,0
20150610,2.7205,2.7453,2.6874,2.7453,13109,0
20150611,2.7123,2.7701,2.7039,2.7701,19082,0
20150612,2.7701,2.8528,2.7701,2.8528,32132,0
20150615,2.8859,2.9355,2.7618,2.7866,32332,0
20150616,2.952,2.952,2.8032,2.8693,13047,0
20150617,2.8693,2.8776,2.7783,2.7783,64128,0
20150618,2.8114,2.9272,2.7866,2.8363,201053,0
20150619,2.8528,2.8528,2.8114,2.8363,68668,0
20150622,2.8528,2.8859,2.8528,2.861,13872,0
20150623,2.8776,2.8776,2.8114,2.8528,16938,0
20150624,2.8528,2.8776,2.8197,2.861,21897,0
20150625,2.8693,2.8693,2.7288,2.7288,92766,0
20150626,2.7536,2.8114,2.7536,2.7536,42811,0
20150629,2.6796,2.9384,2.5688,2.7813,18653,0
20150630,2.7166,2.7166,2.6519,2.6519,8728,0
20150701,2.6519,2.7536,2.5872,2.6796,985,0
20150702,2.7536,2.7536,2.5965,2.5965,4896,0
20150703,2.541,2.541,2.4117,2.4579,127548,0
20150706,2.5965,2.5965,2.5595,2.5595,438,0
20150707,2.4024,2.5595,2.3747,2.5595,13988,0
20150708,2.5226,2.5226,2.5226,2.5226,27,0
20150709,2.5041,2.5318,2.2638,2.5318,30478,0
20150710,2.4856,2.4856,2.4764,2.4764,2002,0
20150713,2.4764,2.4948,2.4764,2.4948,2017,0
20150714,2.541,2.541,2.3655,2.4856,7206,0
20150716,2.4302,2.5503,2.4302,2.4486,1692,0
20150717,2.4302,2.4856,2.4302,2.4486,6763,0
20150720,2.4209,2.4486,2.347,2.4486,3365,0
20150721,2.4486,2.4486,2.4486,2.4486,2176,0
20150722,2.4764,2.4948,2.4764,2.4948,2825,0
20150723,2.5226,2.5226,2.4394,2.5133,3217,0
20150724,2.5133,2.5133,2.4394,2.5133,3105,0
20150727,2.5133,2.5133,2.5133,2.5133,11,0
20150728,2.5133,2.5133,2.4209,2.5133,1684,0
20150729,2.4948,2.4948,2.4117,2.4671,7259,0
20150730,2.4209,2.4394,2.3562,2.4394,11033,0
20150731,2.4486,2.4486,2.4486,2.4486,249,0
20150803,2.4024,2.4394,2.4024,2.4394,3393,0
20150804,2.4209,2.4209,2.4209,2.4209,32,0
20150805,2.4302,2.4579,2.3008,2.4579,14185,0
20150806,2.4671,2.4671,2.4024,2.4394,6596,0
20150807,2.4394,2.4579,2.384,2.4579,3692,0
20150810,2.4579,2.4579,2.4579,2.4579,81,0
20150811,2.3655,2.4486,2.3562,2.4486,7476,0
20150813,2.4302,2.4302,2.4302,2.4302,574,0
20150814,2.4117,2.4117,2.4117,2.4117,812,0
20150817,2.4024,2.4024,2.4024,2.4024,82,0
20150819,2.384,2.384,2.3285,2.384,1311,0
20150820,2.6796,2.7443,2.4948,2.7443,84844,0
20150821,2.7443,2.809,2.7443,2.809,10057,0
20150824,2.772,2.772,2.5318,2.5318,13098,0
20150825,2.5318,2.7258,2.5318,2.7258,2499,0
20150826,2.541,2.6796,2.541,2.6796,7620,0
20150827,2.5503,2.7074,2.541,2.541,7711,0
20150828,2.5688,2.6427,2.5688,2.6427,3226,0
20150831,2.5872,2.6334,2.5872,2.6334,2706,0
20150901,2.5595,2.5872,2.4209,2.5872,109979,0
20150902,2.5133,2.5965,2.5133,2.5965,3083,0
20150903,2.6242,2.6334,2.5872,2.6334,3268,0
20150904,2.6334,2.6334,2.6242,2.6242,758,0
20150907,2.6334,2.7536,2.541,2.6981,12718,0
20150908,2.7258,2.7258,2.5595,2.7258,2419,0
20150909,2.7258,2.772,2.7166,2.7258,3532,0
20150910,2.7258,2.7258,2.6427,2.7258,1701,0
20150911,2.772,2.772,2.7351,2.772,4221,0
20150914,2.7351,2.7351,2.6889,2.7351,4327,0
20150917,2.6981,2.6981,2.6889,2.6889,3896,0
20150918,2.7628,2.7628,2.7536,2.7536,173,0
20150922,2.7536,2.7536,2.6704,2.7443,2208,0
20150923,2.7443,2.7443,2.7443,2.7443,22,0
20150924,2.7443,2.7443,2.6796,2.7443,3065,0
20150925,2.7536,2.7536,2.7536,2.7536,1331,0
20150928,2.7628,2.7628,2.7628,2.7628,758,0
20150929,2.6796,2.6796,2.6519,2.6519,1738,0
20150930,2.7628,2.7628,2.6612,2.6612,368,0
20151001,2.6704,2.7258,2.6427,2.7258,747,0
20151002,2.7258,2.7258,2.7258,2.7258,11,0
20151005,2.7258,2.7258,2.6612,2.7166,1613,0
20151006,2.7166,2.7166,2.6889,2.7166,732,0
20151007,2.7166,2.7166,2.7166,2.7166,871,0
20151008,2.7166,2.7166,2.7166,2.7166,114,0
20151009,2.7166,2.7166,2.7166,2.7166,84,0
20151012,2.7166,2.7166,2.6704,2.6704,1475,0
20151013,2.7166,2.7166,2.7166,2.7166,9,0
20151014,2.7074,2.7074,2.7074,2.7074,187,0
20151015,2.7536,2.7536,2.7536,2.7536,384,0
20151016,2.7443,2.7443,2.7258,2.7258,1082,0
20151019,2.7258,2.7258,2.6704,2.7166,3903,0
20151020,2.6704,2.6796,2.6704,2.6796,2597,0
20151021,2.6612,2.6612,2.6612,2.6612,1297,0
20151022,2.7166,2.7166,2.6796,2.6796,2719,0
20151023,2.7166,2.7166,2.6334,2.6704,6005,0
20151026,2.6704,2.6981,2.615,2.6981,7610,0
20151027,2.7074,2.7074,2.7074,2.7074,11,0
20151028,2.7074,2.7074,2.6704,2.6704,476,0
20151029,2.6427,2.6427,2.6427,2.6427,498,0
20151030,2.6057,2.6057,2.6057,2.6057,363,0
20151102,2.6057,2.6057,2.5965,2.5965,1082,0
20151103,2.7074,2.7074,2.5965,2.6889,4973,0
20151104,2.615,2.6519,2.615,2.6519,10510,0
20151105,2.615,2.7536,2.615,2.7258,11515,0
20151106,2.7258,2.809,2.7258,2.809,8282,0
20151109,2.809,2.8644,2.6889,2.8644,11939,0
20151110,2.772,2.9014,2.6242,2.8552,13544,0
20151112,2.7351,2.8552,2.7351,2.8552,563,0
20151113,2.8552,2.8737,2.8552,2.8737,4762,0
20151116,2.8922,2.8922,2.8922,2.8922,11,0
20151117,2.8922,2.9014,2.772,2.9014,4380,0
20151118,2.9014,2.9014,2.9014,2.9014,541,0
20151119,2.9106,2.9106,2.9014,2.9106,974,0
20151120,2.9106,2.9106,2.9106,2.9106,1136,0
20151123,2.8275,2.8275,2.8182,2.8182,3571,0
20151124,2.9014,2.9014,2.7905,2.7905,4294,0
20151125,2.8644,2.8644,2.7905,2.7905,1861,0
20151126,2.7905,2.7998,2.7905,2.7905,3068,0
20151127,2.7905,2.7998,2.7905,2.7998,4965,0
20151130,2.7905,2.7905,2.7905,2.7905,1082,0
20151201,2.7536,2.7536,2.7536,2.7536,1894,0
20151202,2.7813,2.7813,2.772,2.772,1147,0
20151203,2.7813,2.7813,2.772,2.772,6497,0
20151204,2.7258,2.7258,2.7258,2.7258,4383,0
20151207,2.7258,2.8644,2.7258,2.8644,5754,0
20151208,2.6889,2.6889,2.6242,2.6242,4621,0
20151209,2.6334,2.6334,2.615,2.615,1526,0
20151210,2.6057,2.6057,2.5133,2.5872,10049,0
20151211,2.5872,2.6334,2.5872,2.6334,373,0
20151214,2.5872,2.6427,2.5133,2.6427,6493,0
20151215,2.5503,2.578,2.3285,2.578,4715,0
20151216,2.578,2.578,2.578,2.578,11,0
20151218,2.5688,2.5688,2.5688,2.5688,200,0
20151221,2.5595,2.5595,2.5595,2.5595,985,0
20151222,2.5595,2.5688,2.5595,2.5688,13931,0
20151223,2.772,2.772,2.541,2.615,13212,0
20151228,2.6057,2.6796,2.541,2.578,33579,0
20151229,2.5041,2.578,2.5041,2.578,2005,0
20151230,2.5872,2.5872,2.4948,2.4948,1829,0
20160104,2.4948,2.5318,2.4948,2.5318,3275,0
20160105,2.6796,2.6796,2.6796,2.6796,54,0
20160108,2.6796,2.6796,2.6796,2.6796,108,0
20160111,2.6704,2.6704,2.6704,2.6704,37,0
20160112,2.6704,2.6704,2.6704,2.6704,265,0
20160113,2.6704,2.6704,2.6704,2.6704,1173,0
20160114,2.6334,2.6334,2.6334,2.6334,11,0
20160115,2.6704,2.6704,2.6704,2.6704,22,0
20160118,2.6057,2.6057,2.6057,2.6057,34632,0
20160119,2.6704,2.6704,2.5872,2.6334,760,0
20160120,2.5872,2.5872,2.5133,2.5872,92,0
20160121,2.5872,2.5872,2.5872,2.5872,11,0
20160122,2.5872,2.5872,2.5595,2.5688,2224,0
20160125,2.5688,2.5688,2.5688,2.5688,690,0
20160126,2.5872,2.5872,2.5688,2.5688,584,0
20160127,2.5872,2.5872,2.5133,2.5133,9743,0
20160128,2.5595,2.5595,2.5595,2.5595,22,0
20160129,2.5872,2.5872,2.5872,2.5872,812,0
20160201,2.5872,2.5872,2.5872,2.5872,76,0
20160202,2.5872,2.5872,2.5872,2.5872,709,0
20160203,2.5872,2.5872,2.5872,2.5872,173,0
20160204,2.5872,2.5872,2.5872,2.5872,11,0
20160205,2.5872,2.5872,2.5688,2.5872,959,0
20160208,2.5872,2.5872,2.4948,2.5133,4596,0
20160209,2.4948,2.5595,2.4948,2.5595,5693,0
20160210,2.5872,2.5872,2.4856,2.4856,12853,0
20160211,2.5041,2.5041,2.5041,2.5041,3003,0
20160212,2.578,2.578,2.578,2.578,11,0
20160215,2.5503,2.578,2.5503,2.578,3262,0
20160216,2.5872,2.5872,2.5872,2.5872,11,0
20160217,2.5872,2.5872,2.5872,2.5872,850,0
20160218,2.5872,2.5872,2.5872,2.5872,11,0
20160219,2.5872,2.5872,2.578,2.578,1093,0
20160222,2.5872,2.5872,2.5872,2.5872,1899,0
20160223,2.5872,2.5872,2.5872,2.5872,11,0
20160224,2.5872,2.5872,2.4948,2.4948,19583,0
20160225,2.5688,2.5688,2.4948,2.541,1255,0
20160226,2.5688,2.5688,2.541,2.541,438,0
20160229,2.5872,2.5872,2.4948,2.578,1078,0
20160301,2.578,2.5872,2.4948,2.4948,7476,0
20160302,2.5872,2.5965,2.4948,2.5965,1845,0
20160303,2.578,2.5872,2.5595,2.578,70365,0
20160304,2.5872,2.5872,2.5503,2.5872,7873,0
20160307,2.5872,2.5872,2.5595,2.5595,2290,0
20160308,2.5872,2.6612,2.5872,2.6427,15530,0
20160309,2.6889,2.7351,2.6889,2.7258,6673,0
20160310,2.7258,2.7536,2.7258,2.7443,5844,0
20160311,2.7813,2.7813,2.772,2.7813,249,0
20160314,2.772,2.809,2.772,2.7998,1922,0
20160315,2.846,2.846,2.8182,2.8367,3766,0
20160316,2.8182,2.8182,2.7258,2.7258,3296,0
20160317,2.7998,2.7998,2.7905,2.7998,6987,0
20160318,2.8182,2.8275,2.7536,2.8275,660,0
20160321,2.8367,2.8367,2.7905,2.8182,10549,0
20160322,2.7998,2.8275,2.6981,2.8182,6504,0
20160323,2.8182,2.8182,2.7074,2.8182,1748,0
20160324,2.772,2.8182,2.772,2.8182,22,0
20160329,2.8182,2.8182,2.7166,2.8182,824,0
20160330,2.8182,2.8182,2.8182,2.8182,11,0
20160331,2.7166,2.8182,2.7166,2.8182,1439,0
20160401,2.8182,2.8182,2.8182,2.8182,511,0
20160404,2.8182,2.8367,2.809,2.8367,8669,0
20160405,2.8552,2.9106,2.8552,2.8644,7601,0
20160406,2.9014,2.9014,2.8644,2.8644,990,0
20160407,2.9106,2.9568,2.8644,2.9568,284242,0
20160408,2.9568,2.9568,2.9568,2.9568,11,0
20160411,2.9938,3.0123,2.9568,3.003,13401,0
20160412,3.0123,3.0123,2.9753,3.003,1505,0
20160413,3.0123,3.0123,2.9753,2.9938,3391,0
20160414,3.003,3.003,2.9753,2.9938,5176,0
20160415,3.0123,3.0123,2.9938,3.0123,7354,0
20160418,3.0215,3.0215,2.9568,3.003,3445,0
20160419,2.9568,3.0492,2.9568,3.0492,63105,0
20160420,3.0862,3.0862,3.0492,3.0862,129786,0
20160421,3.0954,3.1324,3.0954,3.1139,5090,0
20160422,3.1324,3.1324,3.1232,3.1232,1572,0
20160425,3.1324,3.1416,3.1232,3.1416,11316,0
20160426,3.1601,3.1694,3.1416,3.1416,1119,0
20160427,3.1694,3.1694,3.1416,3.1694,15092,0
20160428,3.1694,3.1786,3.1694,3.1786,858,0
20160429,3.1786,3.1786,3.0492,3.1139,5787,0
20160502,3.1786,3.1786,3.1694,3.1694,253,0
20160504,3.1786,3.1786,3.1786,3.1786,790,0
20160505,3.1786,3.1786,3.1416,3.1416,1050,0
20160506,3.1416,3.1416,3.1324,3.1416,2911,0
20160509,3.1416,3.1416,3.1416,3.1416,438,0
20160510,3.1416,3.1416,3.0492,3.1139,10603,0
20160511,3.1139,3.1139,3.1139,3.1139,92,0
20160512,3.1232,3.1232,3.1232,3.1232,377,0
20160513,3.1232,3.1232,3.003,3.1232,1986,0
20160516,3.1139,3.1139,3.003,3.1139,2667,0
20160517,3.1139,3.1139,3.1139,3.1139,11,0
20160518,3.1139,3.1324,3.1139,3.1232,1939,0
20160519,3.1232,3.1232,3.003,3.0492,5982,0
20160520,3.0492,3.0492,3.0492,3.0492,87,0
20160523,3.0492,3.0492,3.0492,3.0492,303,0
20160524,3.04,3.0492,2.9846,2.9846,2186,0
20160525,3.0492,3.0492,3.0492,3.0492,763,0
20160527,3.1324,3.1324,3.1324,3.1324,35,0
20160530,3.003,3.1324,3.003,3.1324,321,0
20160531,3.1139,3.1139,3.1139,3.1139,11,0
20160601,3.1139,3.1139,2.9846,2.9846,3416,0
20160602,2.9753,3.003,2.9753,3.003,3171,0
20160603,3.0862,3.0862,3.0862,3.0862,32,0
20160606,3.0862,3.0862,3.0862,3.0862,124,0
20160607,3.0862,3.0862,3.0215,3.077,2589,0
20160608,3.0862,3.0862,3.04924,3.04924,2008,0
20160609,3.04924,3.04924,3.04924,3.04924,92,0
20160610,3.04924,3.04924,3.04924,3.04924,103,0
20160613,3.04924,3.04924,3.04924,3.04924,3279,0
20160614,3.04924,3.04924,3.00304,3.00304,969,0
20160615,3.04924,3.04924,3.03076,3.03076,866,0
20160616,3.04,3.04,2.95684,3.04,6872,0
20160617,3.11,3.11,3.01,3.07,338,0
20160620,3.07,3.07,3.01,3.05,690,0
20160621,3.04,3.04,2.92,3,4482,0
20160622,3,3,2.81,2.98,5257,0
20160623,2.95,2.98,2.82,2.98,5800,0
20160624,2.96,2.96,2.7,2.9,7421,0
20160627,2.96,2.96,2.92,2.93,107,0
20160628,2.93,2.94,2.83,2.94,1215,0
20160629,2.94,2.94,2.94,2.94,10,0
20160630,2.94,2.94,2.94,2.94,10,0
20160701,2.94,2.94,2.94,2.94,5,0
20160704,2.94,2.94,2.93,2.94,300,0
20160705,2.94,2.94,2.94,2.94,1,0
20160706,2.94,2.94,2.93,2.93,310,0
20160707,2.94,2.95,2.94,2.94,865,0
20160708,2.83,2.95,2.83,2.92,30,0
20160711,2.95,2.95,2.88,2.95,213,0
20160712,2.95,2.95,2.93,2.95,725,0
20160713,2.9,2.92,2.9,2.92,7868,0
20160714,2.92,2.92,2.9,2.9,1753,0
20160715,2.91,2.91,2.91,2.91,9,0
20160718,2.92,2.92,2.92,2.92,7,0
20160719,2.92,2.92,2.88,2.92,1310,0
20160720,2.92,2.92,2.84,2.9,403,0
20160721,2.9,2.9,2.9,2.9,454,0
20160722,2.9,2.9,2.83,2.89,2039,0
20160725,2.89,2.89,2.85,2.85,10148,0
20160726,2.9,2.9,2.74,2.8,5645,0
20160727,2.8,2.8,2.75,2.79,3067,0
20160728,2.79,2.8,2.75,2.8,2951,0
20160729,2.8,2.8,2.78,2.79,2168,0
20160801,2.79,2.79,2.79,2.79,1002,0
20160802,2.79,2.84,2.79,2.84,4889,0
20160803,2.87,2.87,2.76,2.87,521,0
20160804,2.87,2.87,2.87,2.87,6,0
20160805,2.87,2.87,2.87,2.87,1,0
20160808,2.87,2.87,2.87,2.87,310,0
20160809,2.87,2.87,2.87,2.87,5,0
20160810,2.84,2.84,2.8,2.84,3208,0
20160811,2.84,2.84,2.76,2.77,7912,0
20160812,2.77,2.77,2.74,2.77,1529,0
20160816,2.7,2.77,2.7,2.77,1513,0
20160817,2.77,2.77,2.77,2.77,11,0
20160818,2.77,2.77,2.7,2.76,1300,0
20160819,2.76,2.76,2.7,2.74,3388,0
20160822,2.73,2.74,2.62,2.74,1327,0
20160823,2.74,2.74,2.68,2.74,1005,0
20160824,2.74,2.74,2.74,2.74,5,0
20160825,2.74,2.74,2.73,2.73,3329,0
20160826,2.73,2.73,2.73,2.73,11,0
20160829,2.73,2.73,2.73,2.73,3,0
20160830,2.71,2.71,2.71,2.71,5,0
20160831,2.7,2.7,2.68,2.7,1932,0
20160901,2.66,2.7,2.66,2.7,407,0
20160902,2.7,2.74,2.6,2.74,13260,0
20160905,2.73,2.73,2.56,2.69,3243,0
20160906,2.69,2.69,2.57,2.66,1329,0
20160907,2.69,2.69,2.6,2.6,605,0
20160908,2.6,2.66,2.34,2.55,74680,0
20160909,2.66,2.66,2.66,2.66,5,0
20160912,2.43,2.66,2.43,2.64,388,0
20160913,2.66,2.66,2.66,2.66,5,0
20160914,2.64,2.66,2.46,2.66,1207,0
20160915,2.65,2.65,2.65,2.65,35,0
20160916,2.64,2.64,2.64,2.64,5,0
20160919,2.64,2.64,2.62,2.62,360,0
20160920,2.6,2.6,2.6,2.6,11,0
20160921,2.59,2.59,2.59,2.59,3,0
20160922,2.57,2.57,2.5,2.55,507,0
20160923,2.54,2.55,2.54,2.55,30,0
20160926,2.54,2.54,2.54,2.54,1,0
20160927,2.54,2.54,2.54,2.54,4,0
20160928,2.54,2.54,2.5,2.5,1360,0
20160929,2.5,2.5,2.47,2.47,3190,0
20160930,2.49,2.49,2.44,2.45,34989,0
20161003,2.46,2.46,2.46,2.46,1001,0
20161004,2.46,2.46,2.41,2.46,321,0
20161005,2.43,2.43,2.4,2.4,4113,0
20161006,2.37,2.44,2.37,2.44,1220,0
20161007,2.43,2.43,2.43,2.43,1,0
20161010,2.43,2.43,2.43,2.43,5,0
20161011,2.43,2.43,2.43,2.43,875,0
20161012,2.44,2.5,2.44,2.5,5163,0
20161013,2.55,2.55,2.55,2.55,10,0
20161014,2.55,2.55,2.52,2.52,7,0
20161017,2.52,2.52,2.41,2.52,3454,0
20161018,2.52,2.52,2.41,2.5,13469,0
20161019,2.52,2.52,2.4,2.51,3403,0
20161020,2.44,2.5,2.39,2.5,3182,0
20161021,2.51,2.51,2.51,2.51,5,0
20161024,2.5,2.5,2.5,2.5,1,0
20161025,2.5,2.5,2.3,2.3,9734,0
20161026,2.3,2.5,2.2,2.38,80451,0
20161027,2.45,2.45,2.45,2.45,3,0
20161028,2.45,2.45,2.4,2.45,465,0
20161031,2.45,2.45,2.45,2.45,1201,0
20161102,2.45,2.45,2.45,2.45,5,0
20161103,2.45,2.45,2.45,2.45,3,0
20161104,2.45,2.45,2.45,2.45,1,0
20161107,2.45,2.45,2.45,2.45,122,0
