Date,Open,High,Low,Close,Volume,OpenInt
20110413,3.0161,3.0704,2.4382,2.8175,107409,0
20110414,2.7091,2.98,2.7091,2.7091,50687,0
20110415,2.6007,2.7091,2.2667,2.7091,55271,0
20110418,2.5737,2.7091,2.5466,2.5737,12648,0
20110419,2.5737,2.9619,2.5284,2.8627,20076,0
20110420,2.8445,2.8445,2.7091,2.7091,19415,0
20110421,2.7091,2.8445,2.7091,2.7181,13247,0
20110426,2.7542,2.7813,2.7091,2.7361,18568,0
20110427,2.7451,2.8264,2.7181,2.7361,18577,0
20110429,2.7328,2.8151,2.7328,2.8151,4182,0
20110502,2.8175,2.8175,2.7361,2.7361,638,0
20110504,2.7272,2.7272,2.7272,2.7272,2965,0
20110505,2.7451,2.7451,2.7361,2.7361,838,0
20110506,2.7361,2.7361,2.7361,2.7361,1771,0
20110509,2.7361,2.7361,2.7361,2.7361,1550,0
20110510,2.7451,2.7451,2.7361,2.7361,32045,0
20110511,2.7723,2.8445,2.7361,2.7361,11140,0
20110512,2.8175,2.8175,2.7633,2.7633,1617,0
20110513,2.7633,2.7633,2.7633,2.7633,1108,0
20110517,2.7723,2.7723,2.7723,2.7723,443,0
20110518,2.7633,2.7633,2.7633,2.7633,693,0
20110519,2.7994,2.8445,2.7633,2.7633,10002,0
20110523,2.7542,2.7542,2.7542,2.7542,443,0
20110524,2.7542,2.7542,2.7361,2.7361,60570,0
20110525,2.7542,2.7542,2.7542,2.7542,1623,0
20110526,2.7542,2.7542,2.7542,2.7542,1998,0
20110527,2.7542,2.7542,2.7542,2.7542,1183,0
20110531,2.7237,2.7328,2.7237,2.7328,2104,0
20110601,2.7361,2.7361,2.7361,2.7361,1108,0
20110607,2.7903,2.8445,2.7542,2.7542,1222,0
20110608,2.7542,2.7542,2.7361,2.7361,9412,0
20110610,2.7994,2.7994,2.7994,2.7994,341,0
20110613,2.7542,2.7542,2.7542,2.7542,1108,0
20110614,2.7361,2.7361,2.7361,2.7361,775,0
20110615,2.7361,2.7361,2.7361,2.7361,4207,0
20110616,2.7361,2.7361,2.7091,2.7091,7466,0
20110617,2.6459,2.6459,2.6459,2.6459,1409,0
20110621,2.6459,2.6459,2.6459,2.6459,2824,0
20110622,2.6188,2.6188,2.6188,2.6188,145,0
20110628,2.7091,2.7091,2.6641,2.6641,3078,0
20110630,2.7054,2.7054,2.7054,2.7054,5537,0
20110706,2.7091,2.7091,2.7091,2.7091,5,0
20110707,2.7091,2.7091,2.7091,2.7091,10,0
20110711,2.7091,2.7091,2.7001,2.7001,661,0
20110713,2.7001,2.7091,2.7001,2.7091,7232,0
20110718,2.7542,2.7542,2.7542,2.7542,145,0
20110727,2.5827,2.5827,2.5375,2.5375,1418,0
20110728,2.4382,2.4382,2.4382,2.4382,1029,0
20110802,2.3307,2.3307,2.1662,2.1662,12209,0
20110803,2.1221,2.1221,1.9867,1.9867,7530,0
20110804,1.9415,2.384,1.8513,2.384,13349,0
20110805,2.0319,2.3388,2.0319,2.3388,1440,0
20110808,2.2576,2.2576,2.0048,2.0048,13289,0
20110810,2.0771,2.0771,2.0771,2.0771,1009,0
20110811,2.0771,2.0771,2.0771,2.0771,398,0
20110812,2.0771,2.0771,2.0771,2.0771,1108,0
20110816,1.9867,1.9957,1.9867,1.9957,1911,0
20110823,2.0319,2.0771,2.0319,2.0771,2912,0
20110829,2.086,2.4925,2.086,2.1764,6329,0
20110830,2.2757,2.5284,2.2757,2.3749,6072,0
20110831,2.3855,2.6049,2.3855,2.6049,1108,0
20110901,2.4653,2.4653,2.4564,2.4564,5092,0
20110902,2.3673,2.3673,2.2941,2.2941,2161,0
20110905,2.3117,2.655,2.3117,2.655,1661,0
20110907,2.3855,2.3855,2.349,2.349,3037,0
20110908,2.3764,2.4496,2.3764,2.4496,1531,0
20110909,2.5105,2.5105,2.5105,2.5105,332,0
20110912,2.5466,2.5466,2.5466,2.5466,110,0
20110913,2.5556,2.6279,2.5556,2.6279,1425,0
20110915,2.6279,2.6279,2.5284,2.6188,1082,0
20110916,2.5318,2.5318,2.5318,2.5318,910,0
20110919,2.4564,2.4564,2.4564,2.4564,886,0
20110920,2.4925,2.4925,2.4564,2.4564,2099,0
20110923,2.4587,2.4678,2.4587,2.4678,22,0
20110926,2.3479,2.3479,2.3479,2.3479,1079,0
20110928,2.2576,2.349,2.2576,2.349,2248,0
20110929,2.2485,2.349,2.2485,2.349,18936,0
20110930,2.2302,2.2393,2.2119,2.2119,3444,0
20111003,2.2576,2.2576,2.2576,2.2576,664,0
20111005,2.285,2.285,2.285,2.285,5,0
20111006,2.1936,2.1936,2.1936,2.1936,1094,0
20111007,2.1114,2.1114,2.0199,2.0382,4158,0
20111010,2.0107,2.0199,1.9925,1.9925,6455,0
20111011,2.0017,2.0748,1.9834,2.0657,3832,0
20111012,1.9742,1.9925,1.892,1.9925,3775,0
20111013,1.9651,1.9651,1.9651,1.9651,1285,0
20111014,1.9742,1.9742,1.9742,1.9742,733,0
20111018,1.9377,1.9377,1.9195,1.9195,1253,0
20111021,1.9834,1.9834,1.9834,1.9834,164,0
20111025,1.9103,1.9103,1.9103,1.9103,30,0
20111028,1.9468,1.9468,1.9468,1.9468,219,0
20111031,1.9925,1.9925,1.9925,1.9925,1313,0
20111102,1.9742,1.9742,1.9742,1.9742,1178,0
20111104,1.9012,1.9012,1.892,1.892,1094,0
20111107,1.9012,1.9012,1.9012,1.9012,395,0
20111109,1.8463,1.8555,1.8372,1.8555,2243,0
20111110,1.8555,1.8555,1.8555,1.8555,1233,0
20111114,1.8372,1.8372,1.828,1.828,1707,0
20111115,1.828,1.9103,1.828,1.9103,1450,0
20111116,1.9012,1.9012,1.9012,1.9012,27936,0
20111121,1.9195,1.9195,1.9195,1.9195,109,0
20111125,1.8463,2.285,1.8463,2.285,6766,0
20111129,2.1205,2.7328,2.0382,2.0382,4926,0
20111201,2.084,2.1753,2.084,2.1753,1128,0
20111202,2.1479,2.1845,2.1479,2.1845,546,0
20111208,2.084,2.084,2.0107,2.0107,3960,0
20111209,2.0107,2.0107,2.0107,2.0107,438,0
20111212,2.0017,2.0017,2.0017,2.0017,821,0
20111216,2.029,2.029,1.8463,1.8463,5896,0
20111219,1.892,1.892,1.4806,1.4806,1368,0
20111220,1.8189,1.8189,1.691,1.7549,6521,0
20111222,1.8097,2.0107,1.7549,1.8647,4286,0
20111223,1.7823,1.7823,1.7823,1.7823,1423,0
20111227,1.7549,2.1023,1.7092,2.1023,3067,0
20111228,1.7732,2.3215,1.7732,2.3124,1435,0
20111229,1.7549,2.221,1.7549,2.221,5079,0
20120102,2.1297,2.1297,1.9103,1.9103,1204,0
20120103,2.0107,2.1023,2.0107,2.1023,1323,0
20120110,1.9651,1.9651,1.7184,1.7184,1313,0
20120116,1.9742,1.9742,1.8829,1.8829,1314,0
20120117,2.029,2.029,2.029,2.029,1313,0
20120125,2.0107,2.0107,2.0107,2.0107,793,0
20120127,2.0565,2.084,2.0565,2.084,2164,0
20120202,2.1479,2.1479,2.0565,2.0565,1225,0
20120203,2.0565,2.084,2.0565,2.084,2598,0
20120206,2.1479,2.1479,2.1479,2.1479,1203,0
20120208,2.3032,2.5318,2.3032,2.3307,1605,0
20120209,2.4222,2.4404,2.4222,2.4404,5791,0
20120214,2.3581,2.3581,2.3581,2.3581,362,0
20120215,2.3581,2.3581,2.3581,2.3581,705,0
20120216,2.285,2.285,2.285,2.285,1094,0
20120220,2.285,2.285,2.285,2.285,2188,0
20120221,2.2119,2.2393,2.2119,2.2393,3902,0
20120222,2.2119,2.285,2.2119,2.285,1105,0
20120223,2.285,2.285,2.285,2.285,695,0
20120224,2.2302,2.2302,2.2302,2.2302,1121,0
20120227,2.285,2.285,2.285,2.285,1094,0
20120228,2.285,2.285,2.285,2.285,1772,0
20120305,2.285,2.285,2.285,2.285,1094,0
20120306,2.2393,2.285,2.2393,2.285,1641,0
20120307,2.285,2.3398,2.2119,2.2119,11965,0
20120308,2.2027,2.2027,2.2027,2.2027,1094,0
20120309,2.2576,2.3032,2.2576,2.285,3468,0
20120312,2.2119,2.2119,2.2119,2.2119,1094,0
20120313,2.1662,2.1662,2.1662,2.1662,2271,0
20120316,2.1662,2.1662,2.1662,2.1662,1230,0
20120320,2.0931,2.0931,2.0565,2.0565,1772,0
20120321,2.0017,2.0017,2.0017,2.0017,237,0
20120326,1.9925,1.9925,1.9925,1.9925,854,0
20120327,2.084,2.084,2.084,2.084,1203,0
20120402,2.1205,2.4861,2.1205,2.3764,17738,0
20120403,2.4404,2.4404,2.4222,2.4222,1785,0
20120404,2.3581,2.3581,2.3581,2.3581,952,0
20120413,2.285,2.285,2.285,2.285,1970,0
20120423,2.285,2.285,2.285,2.285,109,0
20120424,2.221,2.221,2.1936,2.1936,9647,0
20120514,2.1936,2.1936,2.157,2.1936,1374,0
20120515,2.157,2.157,2.157,2.157,925,0
20120516,2.0657,2.0657,1.9925,1.9925,5289,0
20120517,2.0565,2.0565,2.0565,2.0565,1225,0
20120521,2.029,2.029,2.029,2.029,2188,0
20120523,2.0199,2.0199,1.6543,1.9651,1592,0
20120528,1.9377,1.9377,1.9377,1.9377,1313,0
20120529,1.8189,1.9559,1.8189,1.9559,2850,0
20120530,1.9195,1.9195,1.9195,1.9195,1313,0
20120531,1.9834,2.285,1.9834,2.285,1832,0
20120606,1.9559,1.9559,1.828,1.9012,1588,0
20120608,1.8737,1.8737,1.8737,1.8737,2107,0
20120614,1.8737,1.8737,1.8737,1.8737,1353,0
20120615,1.7732,1.7732,1.7366,1.7366,2549,0
20120618,1.7457,1.7457,1.6543,1.7092,12311,0
20120619,1.7275,2.029,1.7275,2.029,1478,0
20120620,2.3764,2.3764,1.5264,1.5264,3294,0
20120621,1.7366,1.7366,1.6268,1.636,1596,0
20120622,1.636,1.7001,1.636,1.7001,1658,0
20120625,1.636,1.636,1.636,1.636,3353,0
20120626,1.7001,1.7549,1.6634,1.6634,3173,0
20120627,1.636,1.6543,1.5995,1.6543,1356,0
20120628,1.5539,1.9103,1.5539,1.563,1947,0
20120629,1.7086,1.8747,1.7086,1.8286,5727,0
20120702,1.6818,1.6818,1.4623,1.4623,20527,0
20120703,1.5082,1.5082,1.17,1.3984,8033,0
20120705,1.3984,1.4898,1.1791,1.4623,9293,0
20120706,1.5082,1.5082,1.5082,1.5082,1751,0
20120709,1.5173,1.8097,1.5082,1.8006,22508,0
20120710,1.8189,1.9103,1.5356,1.8097,6359,0
20120711,1.8097,1.8097,1.5539,1.5539,28896,0
20120712,1.6543,1.6543,1.5082,1.6178,25288,0
20120713,1.5447,1.7914,1.5447,1.7823,6956,0
20120716,1.5813,1.7823,1.4259,1.7823,7714,0
20120718,1.5722,1.5813,1.5722,1.5813,1861,0
20120719,1.5813,1.892,1.5813,1.8829,30317,0
20120720,1.9012,2.2393,1.8097,2.221,9794,0
20120723,1.8189,2.1205,1.8189,2.1205,3089,0
20120724,1.828,2.5409,1.828,2.5409,4972,0
20120726,2.1023,2.3673,2.029,2.3581,11942,0
20120727,2.3307,2.4678,2.157,2.4678,7111,0
20120730,2.157,2.5958,2.157,2.285,3491,0
20120731,2.3734,2.6043,1.8747,2.6043,9895,0
20120801,2.6049,2.6415,2.4587,2.4587,1412,0
20120803,2.4222,2.4222,2.3581,2.3581,1041,0
20120806,2.3581,2.3581,2.2393,2.2393,1094,0
20120807,2.3307,2.5592,1.892,2.5044,11409,0
20120808,2.1662,2.5044,2.0931,2.0931,3611,0
20120809,2.084,2.4861,1.9834,2.4861,8234,0
20120810,2.0657,2.3764,2.0382,2.3764,3677,0
20120813,2.1297,2.3307,1.9012,2.3307,12805,0
20120814,2.0931,2.4953,2.029,2.4953,17239,0
20120816,2.2759,2.4678,2.1845,2.4678,3474,0
20120822,2.1662,2.3764,2.1662,2.3764,12968,0
20120823,2.1845,2.3764,2.0657,2.1297,3641,0
20120824,2.221,2.3764,2.1479,2.3032,3065,0
20120827,2.2668,2.2668,2.2668,2.2668,1727,0
20120830,2.477,2.477,2.477,2.477,1094,0
20120831,2.2903,2.4751,2.0687,2.4751,5855,0
20120903,2.349,2.349,2.349,2.349,546,0
20120904,2.3032,2.3032,2.2576,2.2576,1751,0
20120905,2.2811,2.2811,2.2811,2.2811,66,0
20120906,2.1936,2.1936,2.1205,2.1205,1751,0
20120907,2.1662,2.3764,2.029,2.029,3283,0
20120910,2.0107,2.2576,1.8829,2.2576,6924,0
20120912,1.9195,2.0017,1.9103,1.9103,1642,0
20120913,1.8829,2.2485,1.5447,2.2393,14307,0
20120914,1.7914,2.2393,1.7914,2.2302,10847,0
20120917,2.1753,2.1753,2.1753,2.1753,7346,0
20120918,1.9195,2.2119,1.8555,2.1753,3016,0
20120920,1.9195,2.221,1.9195,2.221,2737,0
20120925,2.0017,2.1936,2.0017,2.1936,4486,0
20121004,1.9763,2.4196,1.7547,2.4196,15296,0
20121005,2.0107,2.5135,2.0107,2.5135,91575,0
20121008,2.1845,2.7328,2.1845,2.7328,11828,0
20121009,2.6506,2.7145,2.2485,2.6506,8143,0
20121011,2.477,2.7328,2.2485,2.7328,2215,0
20121018,2.4678,2.7328,2.285,2.6872,7302,0
20121019,2.3734,2.7151,2.1611,2.7151,5664,0
20121023,2.512,2.7336,2.4659,2.7336,2761,0
20121024,2.5397,2.5397,2.5397,2.5397,2,0
20121026,2.5397,2.7336,2.2442,2.512,6949,0
20121029,2.4843,2.7336,2.4843,2.7336,3190,0
20121030,2.5858,2.7336,2.5675,2.6598,1181,0
20121031,2.5858,3.14,2.5858,3.14,3976,0
20121102,3.14,3.574,3.14,3.574,1153,0
20121105,2.8629,3.3247,2.8629,3.3247,1701,0
20121106,2.8722,3.2785,2.2995,3.2785,1475,0
20121107,2.7798,2.7798,2.6783,2.6783,1678,0
20121109,2.6783,2.6783,2.6783,2.6783,552,0
20121112,2.6043,3.0384,2.6043,3.0384,3786,0
20121119,2.5858,2.7798,2.5858,2.7798,598,0
20121120,2.6043,2.983,2.4289,2.9368,10529,0
20121121,2.6043,2.9553,2.6043,2.9368,2831,0
20121123,2.7706,2.7706,2.3642,2.7706,5255,0
20121126,2.5767,2.5767,2.5767,2.5767,3,0
20121128,2.5767,2.9091,2.3365,2.8259,6735,0
20121130,2.7244,2.8167,2.3919,2.8167,11402,0
20121212,2.5858,2.5858,2.5858,2.5858,108,0
20121214,2.6783,2.8167,2.4935,2.8167,20140,0
20121220,2.5305,2.8167,2.5305,2.8167,4041,0
20121221,2.318,2.8167,2.318,2.8167,2,0
20121227,2.8167,2.8167,2.8167,2.8167,4,0
20121228,2.4196,2.8167,2.4196,2.8074,7476,0
20130102,2.4751,2.7244,2.4751,2.7244,2381,0
20130103,2.7244,2.7244,2.7244,2.7244,374,0
20130110,2.6783,2.6783,2.4843,2.4843,651,0
20130125,2.6783,2.6783,2.6783,2.6783,1,0
20130206,2.4935,2.4935,2.4474,2.4474,312242,0
20130225,2.3088,2.3088,2.3088,2.3088,325,0
20130226,2.3088,2.3088,2.3088,2.3088,649,0
20130301,2.318,2.7613,1.9209,2.3088,2184,0
20130308,2.3826,2.7613,2.3826,2.7613,1019,0
20130311,2.5028,3.0107,2.5028,3.0107,651,0
20130321,2.669,2.9738,2.4935,2.9368,10613,0
20130325,2.7613,2.9553,2.7613,2.9553,565,0
20130327,2.7613,2.9091,2.7613,2.9091,3941,0
20130328,2.7613,3.2323,2.5582,3.2323,25032,0
20130402,2.9276,3.0476,2.9276,3.0476,622,0
20130403,2.9184,3.0476,2.4382,2.7706,609,0
20130404,2.7244,2.7244,2.7244,2.7244,558,0
20130405,2.7336,2.7336,2.7336,2.7336,661,0
20130408,2.7521,3.1862,2.7336,2.7336,1767,0
20130409,2.7244,2.7244,2.7244,2.7244,494,0
20130412,2.3088,2.3088,2.3088,2.3088,1,0
20130415,1.8562,2.5397,1.8562,2.5397,6,0
20130429,2.7429,3.1862,2.7429,3.1862,820,0
20130430,3.1862,3.454,2.8722,3.4447,4756,0
20130506,3.0384,3.0384,3.0384,3.0384,596,0
20130507,2.8815,2.8815,2.8815,2.8815,531,0
20130510,2.8815,2.8815,2.8815,2.8815,41147,0
20130521,2.9553,2.9553,2.9553,2.9553,605,0
20130523,2.8629,2.8629,2.8629,2.8629,552,0
20130611,2.669,3.0476,2.669,3.0476,1148,0
20130612,2.8167,3.0476,2.8167,2.9553,2381,0
20130619,2.7706,3.0476,2.7706,3.0476,3015,0
20130625,2.7706,3.0015,2.7706,3.0015,2166,0
20130704,2.7706,2.7706,2.2718,2.2718,542,0
20130705,2.7706,2.7706,2.7706,2.7706,541,0
20130708,2.8167,2.8167,2.8167,2.8167,574,0
20130718,2.7706,2.7706,2.7706,2.7706,500,0
20130724,2.6136,2.7706,2.6136,2.7706,9,0
20130726,2.6136,2.6136,2.4935,2.4935,620,0
20130729,2.0318,2.6321,2.0318,2.6321,677,0
20130730,2.6783,2.9553,2.6783,2.9553,1407,0
20130801,2.5858,2.5858,2.5858,2.5858,1,0
20130808,2.6413,2.6413,2.6413,2.6413,606,0
20130809,2.5858,2.5858,2.5858,2.5858,596,0
20130812,2.3919,2.3919,2.3919,2.3919,1,0
20130813,2.5397,2.5397,2.5397,2.5397,595,0
20130820,2.5858,2.5858,2.5858,2.5858,108,0
20130828,2.5858,2.5858,2.5858,2.5858,216,0
20130902,2.3919,2.8537,2.2257,2.8537,1377,0
20130904,2.3734,2.8537,2.198,2.8537,1290,0
20130909,2.4474,2.6136,2.4474,2.6136,618,0
20130910,2.4474,2.6136,2.0133,2.6136,1321,0
20130911,2.2718,2.6136,2.2718,2.6136,965,0
20130912,2.5858,2.5858,2.5858,2.5858,408,0
20130913,2.5858,2.5858,2.5858,2.5858,10,0
20130916,2.8444,2.8444,2.8444,2.8444,65,0
20130919,2.5858,2.8444,2.5858,2.8444,1138,0
20130923,2.8444,2.8444,2.8444,2.8444,22,0
20130925,2.6321,2.8444,2.6321,2.8444,1213,0
20130926,2.4474,2.7706,2.4474,2.5951,15,0
20130927,2.5951,2.7706,2.5951,2.7706,109,0
20130930,2.5951,3.0476,2.5951,3.0476,11004,0
20131001,2.7706,2.8167,2.7706,2.8167,1138,0
20131002,2.7336,2.7336,2.198,2.198,815,0
20131003,2.1057,2.1057,2.1057,2.1057,1,0
20131004,2.6783,2.6783,2.6783,2.6783,569,0
20131007,2.4935,3.0476,2.4935,3.0476,1315,0
20131008,2.9091,3.0476,2.9091,3.0476,718,0
20131010,3.0476,3.0476,3.0476,3.0476,6497,0
20131014,2.7706,3.0292,2.7706,3.0292,1452,0
20131022,2.983,2.983,2.983,2.983,46,0
20131029,2.983,2.983,2.983,2.983,5,0
20131106,2.7706,2.7706,2.7706,2.7706,917,0
20131118,2.8074,2.8074,2.8074,2.8074,7,0
20131126,2.7706,2.7706,2.7706,2.7706,10,0
20131129,2.8074,3.0476,2.8074,3.0476,6814,0
20131210,2.8629,3.0476,2.6783,2.9553,1622,0
20131212,2.8629,2.8629,2.6783,2.8537,19,0
20131217,2.6783,2.9461,2.6783,2.9461,55,0
20131220,2.6783,2.8537,2.6783,2.8537,704,0
20131223,2.8537,2.8629,2.6783,2.8629,1385,0
20140102,2.8629,3.4355,2.8629,3.4355,542,0
20140103,2.9461,2.9461,2.9461,2.9461,162,0
20140107,2.4011,2.8815,2.4011,2.8815,2,0
20140108,2.6783,2.6783,2.6783,2.6783,70,0
20140114,2.5951,2.5951,2.5951,2.5951,541,0
20140120,2.5675,2.5675,2.5675,2.5675,162,0
20140121,2.5675,2.5675,2.5675,2.5675,308,0
20140124,2.5858,2.5858,2.5858,2.5858,38,0
20140127,2.6783,2.6783,2.6783,2.6783,195,0
20140203,2.6783,2.7706,2.6783,2.7706,1085,0
20140210,2.6413,2.6413,2.6321,2.6321,828,0
20140211,2.4103,2.5675,2.4011,2.5675,37897,0
20140213,2.7706,2.9276,2.4935,2.9276,9244,0
20140214,2.8629,3.0015,2.5028,2.8629,17397,0
20140218,2.7706,2.7706,2.7706,2.7706,1082,0
20140219,2.8444,2.8537,2.7706,2.7706,10828,0
20140221,2.7706,2.7706,2.7706,2.7706,921,0
20140224,2.6783,2.6783,2.6783,2.6783,1,0
20140225,2.669,2.7706,2.669,2.7151,283154,0
20140226,2.7706,2.8167,2.7706,2.8167,162957,0
20140227,2.6783,3.0476,2.669,3.0476,4362,0
20140304,2.7706,2.7706,2.7706,2.7706,1082,0
20140305,2.9184,2.9184,2.9184,2.9184,1602,0
20140306,2.7706,2.7706,2.7706,2.7706,2171,0
20140307,2.7244,2.9553,2.7244,2.9553,1307,0
20140310,2.8167,3.0476,2.8167,3.0476,2509,0
20140401,2.9553,2.9553,2.9553,2.9553,174,0
20140407,2.6783,2.8629,2.6783,2.8629,628,0
20140411,3.0384,3.0384,3.0384,3.0384,434,0
20140414,2.8444,2.8444,2.8444,2.8444,552,0
20140415,2.7706,2.7706,2.7706,2.7706,325,0
20140416,2.6783,2.6783,2.6783,2.6783,166780,0
20140417,2.7706,3.0292,2.7706,3.0292,326,0
20140422,2.9368,2.9368,2.8722,2.8722,846,0
20140423,3.0292,3.0476,2.9553,3.0476,11673,0
20140424,3.0476,3.2139,3.0476,3.14,5868,0
20140425,3.1584,3.1954,2.9184,3.1862,507,0
20140429,3.1862,3.1862,2.983,2.983,1333,0
20140430,3.1862,3.1862,3.1862,3.1862,1,0
20140502,2.8722,3.1862,2.8722,3.1862,2167,0
20140506,2.9553,2.9553,2.9553,2.9553,700,0
20140513,3.1307,3.1307,3.1307,3.1307,10,0
20140514,3.1215,3.1215,3.1215,3.1215,325,0
20140520,3.0015,3.0015,3.0015,3.0015,3357,0
20140521,3.0015,3.0015,3.0015,3.0015,658,0
20140522,3.0938,3.0938,3.0938,3.0938,649,0
20140529,3.0938,3.1862,3.0015,3.0015,115,0
20140530,3.1862,3.1862,3.1862,3.1862,317,0
20140606,3.1769,3.1769,3.1769,3.1769,54,0
20140609,3.1862,3.1862,3.1862,3.1862,10,0
20140612,3.1769,3.1769,3.1769,3.1769,54,0
20140617,3.1769,3.1769,3.1769,3.1769,10,0
20140618,3.1769,3.1769,3.0107,3.1769,651,0
20140623,3.1769,3.1769,3.1769,3.1769,33,0
20140624,3.1769,3.1769,3.1769,3.1769,22,0
20140625,3.1769,3.5094,3.1769,3.5094,44926,0
20140626,3.6018,3.6018,3.3339,3.6018,46584,0
20140627,3.4264,3.4264,3.2323,3.2323,1607,0
20140630,3.1862,3.2323,3.1862,3.2323,1425,0
20140701,3.2323,3.2323,3.2323,3.2323,1625,0
20140702,3.4171,3.4171,3.4171,3.4171,434,0
20140708,3.14,3.14,3.14,3.14,509,0
20140718,3.0015,3.0015,2.5212,3.0015,2333,0
20140724,2.9,3.0015,2.9,3.0015,630,0
20140730,2.8722,2.9738,2.8722,2.9738,751,0
20140801,2.7798,3.0015,2.7798,3.0015,1625,0
20140805,3.0015,3.0015,3.0015,3.0015,2,0
20140808,2.5675,2.9553,2.5675,2.9553,5090,0
20140813,2.7151,2.9553,2.7151,2.9553,812,0
20140829,2.7891,2.9553,2.7891,2.9553,1516,0
20140903,2.8722,2.8722,2.7891,2.8629,4909,0
20140911,2.7429,2.8629,2.7429,2.8629,1353,0
20140912,2.8629,2.8629,2.8629,2.8629,10,0
20140916,2.7521,2.8629,2.7521,2.8629,4331,0
20140917,2.7429,2.8444,2.7429,2.8444,3801,0
20140924,2.8629,2.8629,2.8629,2.8629,1625,0
20141006,2.7706,3.1677,2.7706,3.1677,4866,0
20141014,2.7706,2.9553,2.7706,2.9553,1300,0
20141017,2.6413,2.9091,2.6413,2.9,2675,0
20141027,2.8537,2.8537,2.8537,2.8537,43,0
20141028,2.8537,2.8537,2.8537,2.8537,140,0
20141029,2.8537,2.8537,2.8537,2.8537,195,0
20141030,2.8629,2.8629,2.8629,2.8629,515,0
20141110,2.8629,2.9293,2.6829,2.9293,1926,0
20141112,2.7112,2.7112,2.7112,2.7112,1,0
20141113,2.8061,2.8061,2.7302,2.7302,8320,0
20141114,2.7966,2.9198,2.4458,2.9198,1372,0
20141117,2.4648,2.9103,2.4648,2.9103,2533,0
20141119,2.6259,2.6259,2.6259,2.6259,85,0
20141120,2.9008,2.9008,2.569,2.6544,4220,0
20141121,2.9008,2.9008,2.9008,2.9008,1582,0
20141124,2.5975,2.9008,2.5975,2.9008,1010,0
20141125,2.9008,2.9103,2.6259,2.9103,1318,0
20141128,2.9103,2.9103,2.9103,2.9103,332,0
20141201,2.844,2.844,2.7492,2.7492,69415,0
20141203,2.844,2.844,2.844,2.844,527,0
20141204,2.825,2.8345,2.825,2.8345,1585,0
20141205,2.8345,2.8345,2.8345,2.8345,1582,0
20141215,2.844,2.844,2.844,2.844,1896,0
20141216,2.844,2.844,2.844,2.844,4220,0
20141217,2.8535,2.8535,2.8535,2.8535,4694,0
20141218,2.8535,2.8535,2.8535,2.8535,4220,0
20141219,2.7966,2.7966,2.7966,2.7966,25759,0
20141222,2.9293,2.9293,2.9293,2.9293,633,0
20141223,2.8156,3.0335,2.8156,3.0335,4568,0
20141229,3.2231,3.2231,3.2231,3.2231,211,0
20141230,2.9862,2.9862,2.9862,2.9862,738,0
20150102,3.081,3.1284,3.081,3.1284,422,0
20150105,3.2611,3.2611,3.2611,3.2611,317,0
20150113,3.2231,3.318,3.2231,3.2801,2648,0
20150114,3.2231,3.299,3.2042,3.299,964,0
20150115,2.9862,3.2801,2.9862,3.2801,819,0
20150120,3.1094,3.1663,3.0999,3.1663,1013,0
20150122,3.0335,3.1568,2.9862,3.1568,817,0
20150128,2.7586,2.9388,2.7586,2.9388,15318,0
20150129,2.844,2.9483,2.844,2.9388,6504,0
20150130,2.844,2.9388,2.844,2.9388,12888,0
20150202,2.9293,2.9388,2.9293,2.9388,5274,0
20150203,2.8629,2.8629,2.8629,2.8629,105,0
20150204,2.8629,2.8629,2.844,2.8535,2830,0
20150206,2.8535,2.8535,2.8535,2.8535,791,0
20150210,2.8061,2.8629,2.8061,2.8629,104,0
20150211,2.8629,2.9388,2.844,2.9388,5828,0
20150212,2.9388,3.0335,2.9388,3.0335,10426,0
20150213,3.0335,3.1284,3.0335,3.1284,5623,0
20150216,3.1284,3.1284,3.1284,3.1284,580,0
20150217,3.1284,3.1284,3.0335,3.1284,3387,0
20150218,3.1189,3.1189,3.0525,3.1189,1082,0
20150219,3.0525,3.1094,3.0335,3.0335,4363,0
20150220,3.0999,3.0999,3.0999,3.0999,3375,0
20150223,3.0999,3.0999,3.0999,3.0999,2988,0
20150224,3.0525,3.0904,3.0335,3.0904,2633,0
20150225,3.0335,3.0335,3.0335,3.0335,831,0
20150226,3.081,3.081,3.081,3.081,4220,0
20150227,3.081,3.318,3.081,3.318,69618,0
20150302,3.318,3.4128,3.318,3.3653,9800,0
20150303,3.4128,3.6971,3.4128,3.6024,21937,0
20150304,3.4128,3.5834,3.4128,3.5076,6364,0
20150305,3.2801,3.4981,3.2801,3.4981,1165,0
20150306,3.4128,3.5739,3.3748,3.5739,10254,0
20150309,3.5739,4.2375,3.4886,4.0289,60820,0
20150310,4.0289,4.2185,3.8867,3.8867,71638,0
20150311,3.8867,4.01,3.6971,3.8867,25863,0
20150312,3.9342,3.9816,3.8394,3.9816,4035,0
20150313,4.0289,4.2185,3.8015,4.0289,23375,0
20150316,4.2185,4.2375,4.0764,4.1711,84554,0
20150317,4.3134,4.3607,4.1806,4.3229,20040,0
20150318,4.266,4.3134,4.1806,4.1806,14359,0
20150319,4.1711,4.2185,4.0384,4.1711,7340,0
20150320,4.1711,4.1711,4.0479,4.1711,12214,0
20150323,4.0574,4.266,4.0289,4.0953,9886,0
20150324,4.0289,4.0574,3.8678,3.9816,7743,0
20150325,3.8867,3.9057,3.8773,3.8867,4992,0
20150326,3.9626,3.9721,3.6971,3.9247,39707,0
20150327,3.9152,3.9342,3.6308,3.9342,13208,0
20150330,3.8867,3.8867,3.7066,3.8867,3603,0
20150331,3.8867,3.8867,3.7446,3.792,1608,0
20150401,3.811,3.8394,3.792,3.811,2169,0
20150402,3.811,4.0289,3.792,4.0289,4301,0
20150407,3.7635,3.9342,3.7256,3.9342,2980,0
20150408,3.8867,4.0006,3.754,3.9816,15443,0
20150409,3.9057,3.9721,3.9057,3.9721,7966,0
20150410,3.9247,4.01,3.9152,4.01,9827,0
20150413,3.8394,3.8583,3.8394,3.8583,10391,0
20150414,3.8394,3.8488,3.792,3.792,4595,0
20150415,3.8394,3.8394,3.8394,3.8394,85,0
20150416,3.8015,3.9531,3.7446,3.7446,7127,0
20150417,3.7635,3.7635,3.7161,3.7635,3635,0
20150420,3.7446,3.792,3.7446,3.754,1890,0
20150421,3.8015,3.9247,3.8015,3.8015,1128,0
20150422,3.8867,3.8867,3.8867,3.8867,2478,0
20150423,3.8488,3.8867,3.8299,3.8867,1795,0
20150424,3.8678,3.8867,3.8678,3.8867,2763,0
20150427,3.8394,3.8394,3.8299,3.8299,1125,0
20150428,3.8299,3.8299,3.6498,3.7351,13317,0
20150429,3.792,3.792,3.792,3.792,79,0
20150430,3.792,3.9437,3.792,3.9437,633,0
20150505,3.8867,3.9247,3.8867,3.9247,925,0
20150506,3.811,3.811,3.811,3.811,10,0
20150507,3.9342,4.0764,3.9152,4.0289,14779,0
20150508,4.0289,4.0764,3.9057,4.0764,5742,0
20150511,4.0764,4.0764,3.9626,3.9626,11241,0
20150512,3.9816,4.0289,3.9531,3.9531,712,0
20150513,4.0574,4.0574,3.9626,4.0289,1372,0
20150514,4.0289,4.1617,3.9816,4.1617,33097,0
20150515,4.1711,4.1711,4.1048,4.1617,3135,0
20150518,4.1711,4.4461,4.1711,4.3702,23461,0
20150519,4.3607,4.4556,4.3134,4.3134,4072,0
20150520,4.3134,4.3418,4.2091,4.3418,11149,0
20150521,4.3607,4.3607,4.3607,4.3607,1910,0
20150522,4.3512,4.4366,4.2185,4.3892,3784,0
20150525,4.228,4.3987,4.228,4.3987,5100,0
20150526,4.4556,4.5029,4.266,4.3512,6214,0
20150527,4.3418,4.3418,4.3418,4.3418,9591,0
20150528,4.2755,4.4366,4.2755,4.4271,6118,0
20150529,4.2755,4.3987,4.2755,4.3512,6139,0
20150601,4.2849,4.3418,4.2849,4.3418,2209,0
20150602,4.3134,4.3134,4.266,4.3039,4264,0
20150603,4.266,4.5788,4.266,4.5693,18117,0
20150605,4.5314,4.5314,4.4556,4.4556,952,0
20150608,4.4461,4.4556,4.4461,4.4556,970,0
20150609,4.3607,4.4461,4.3607,4.4461,1499,0
20150610,4.4461,4.4461,4.3702,4.4461,3402,0
20150611,4.4461,4.4461,4.4461,4.4461,1410,0
20150612,4.4461,4.683,4.4461,4.4556,25862,0
20150615,4.4556,4.4556,4.3134,4.4556,13433,0
20150616,4.4556,4.4556,4.2185,4.4271,4991,0
20150619,4.1711,4.4082,4.1711,4.3418,6076,0
20150622,4.3512,4.3607,4.3418,4.3607,12200,0
20150623,4.3607,4.3607,4.3607,4.3607,1055,0
20150624,4.266,4.3607,4.266,4.3607,1266,0
20150625,4.3512,4.4746,4.3512,4.4746,10252,0
20150626,4.1806,4.4746,4.1711,4.4746,274,0
20150629,4.3134,4.4746,4.1143,4.4746,6549,0
20150630,4.3134,4.4556,4.3134,4.4556,6698,0
20150701,4.3607,4.4556,4.3607,4.4556,1582,0
20150702,4.3607,4.5978,4.3607,4.5978,12350,0
20150703,4.3134,4.5409,4.3134,4.5409,2073,0
20150707,4.5503,4.6357,4.5503,4.5693,8523,0
20150708,4.5503,4.5503,4.4556,4.4556,29440,0
20150709,4.6357,4.6357,4.4935,4.6357,370,0
20150710,4.6357,4.6357,4.6357,4.6357,434,0
20150713,4.4935,4.7305,4.4556,4.7305,11687,0
20150714,4.5978,4.7305,4.5503,4.7305,6118,0
20150715,4.5978,4.721,4.5978,4.721,11604,0
20150716,4.7305,4.74,4.7305,4.74,4159,0
20150717,4.74,4.9201,4.7305,4.9201,21758,0
20150720,4.9106,4.9201,4.7969,4.9201,19510,0
20150721,4.9201,4.9201,4.8442,4.9106,1746,0
20150722,4.8442,4.8442,4.8347,4.8347,1027,0
20150723,4.8347,4.9201,4.8347,4.9201,2565,0
20150724,4.8442,4.8821,4.8347,4.8821,3657,0
20150727,4.8347,4.9106,4.8347,4.9106,13186,0
20150728,4.8442,4.9106,4.8347,4.9106,1599,0
20150729,4.8347,4.9201,4.8347,4.9011,6694,0
20150730,4.9201,4.9675,4.9201,4.9675,8664,0
20150731,4.9675,5.1192,4.9675,5.1192,12948,0
20150803,5.1192,5.1192,5.0718,5.1097,2851,0
20150804,5.0718,5.0718,5.0528,5.0528,438,0
20150805,5.0243,5.0528,5.0243,5.0243,590,0
20150806,4.9296,4.9296,4.9296,4.9296,35,0
20150807,4.7874,5.0528,4.7874,5.0528,1055,0
20150810,5.0528,5.0528,5.0528,5.0528,111,0
20150812,5.0243,5.1192,5.0243,5.1192,3229,0
20150813,5.1192,5.4605,5.1192,5.3088,6054,0
20150814,5.4036,5.4983,5.4036,5.4888,10642,0
20150817,5.4888,5.5837,5.4888,5.4888,3092,0
20150818,5.5932,5.6405,5.5837,5.5837,1986,0
20150819,5.6405,5.6405,5.1665,5.5647,5402,0
20150820,5.432,5.432,5.176,5.4036,8722,0
20150821,5.2993,5.2993,4.977,5.2993,10666,0
20150824,5.2139,5.2139,4.8064,4.8442,14684,0
20150825,4.5503,5.1192,4.5503,5.1192,15958,0
20150826,5.1192,5.1192,4.8821,5.1192,4211,0
20150827,5.1192,5.2519,5.1192,5.2519,317,0
20150828,5.2139,5.2139,5.2139,5.2139,1055,0
20150831,4.977,5.3088,4.9485,5.2139,882,0
20150901,5.2139,5.2139,5.2139,5.2139,527,0
20150902,5.0243,5.2139,4.9485,5.2139,3218,0
20150903,4.9296,5.0718,4.8821,5.0623,4992,0
20150904,5.0623,5.0623,4.8821,5.0528,2682,0
20150907,5.2993,5.2993,5.2993,5.2993,32,0
20150909,5.2424,5.2424,5.2424,5.2424,19,0
20150914,5.2139,5.2139,5.2139,5.2139,211,0
20150915,5.2045,5.2139,5.2045,5.2139,633,0
20150916,4.7969,5.2045,4.7874,4.8347,812,0
20150917,5.1192,5.1192,5.1192,5.1192,105,0
20150921,4.7969,5.1665,4.7969,5.1192,802,0
20150922,4.8347,5.1192,4.8347,5.1192,844,0
20150924,5.0243,5.1192,5.0243,5.1192,957,0
20150925,5.1192,5.2139,5.1192,5.1665,5739,0
20150928,5.1097,5.1097,4.9959,5.1002,1055,0
20150929,4.8537,5.0907,4.8537,5.0718,3798,0
20150930,4.8821,5.195,4.8821,5.195,9600,0
20151001,5.0718,5.195,5.0718,5.195,1213,0
20151005,5.1192,5.1192,4.8821,4.8821,1055,0
20151006,5.0718,5.1665,5.0718,5.1665,2830,0
20151007,5.1855,5.2139,5.1855,5.2139,806,0
20151008,5.1665,5.2139,5.1665,5.1665,8950,0
20151009,5.2139,5.4983,5.2139,5.4036,4990,0
20151012,5.2614,5.2614,5.2519,5.2519,613,0
20151013,4.9391,5.4036,4.9391,5.4036,2179,0
20151014,5.4036,5.4036,5.3372,5.3466,1731,0
20151015,5.3561,5.3561,5.3466,5.3466,2911,0
20151016,5.3466,5.451,5.3466,5.451,3458,0
20151019,5.4036,5.413,5.2139,5.4036,6920,0
20151020,5.2139,5.3941,5.2139,5.3941,2637,0
20151021,5.3941,5.3941,5.2139,5.3846,3481,0
20151022,5.2045,5.2045,5.2045,5.2045,738,0
20151023,5.1287,5.2139,4.8821,5.1855,16871,0
20151026,5.0243,5.2993,5.0243,5.2993,1698,0
20151027,5.2045,5.2139,5.2045,5.2139,3005,0
20151028,5.3088,5.3088,4.9864,5.2139,4297,0
20151029,5.3088,5.3088,5.3088,5.3088,527,0
20151030,5.3281,5.5025,5.3281,5.4928,2261,0
20151102,5.4928,5.5025,5.4928,5.5025,826,0
20151103,5.425,5.4831,5.425,5.4831,1952,0
20151105,5.4056,5.4831,5.3281,5.4831,8155,0
20151106,5.1731,5.4444,5.1731,5.4444,1135,0
20151109,5.3766,5.3766,5.1247,5.3766,1548,0
20151110,5.1344,5.4734,5.1344,5.4734,3112,0
20151112,5.4831,5.6091,5.4831,5.6091,11737,0
20151113,5.4928,5.58,5.4928,5.58,162,0
20151116,5.5703,5.5703,5.5703,5.5703,103,0
20151117,5.5703,5.5703,5.5703,5.5703,184,0
20151118,5.5606,5.5606,5.5606,5.5606,72,0
20151119,5.2506,5.5413,5.2313,5.5413,2843,0
20151123,5.5219,5.5219,5.5219,5.5219,248,0
20151124,5.4734,5.4734,5.4734,5.4734,52,0
20151126,5.4734,5.7544,5.4734,5.6091,24397,0
20151127,5.6188,5.6188,5.5219,5.6188,3818,0
20151130,5.6188,5.7641,5.6188,5.7156,12685,0
20151201,5.7156,5.7156,5.5897,5.7156,14293,0
20151202,5.6963,5.7156,5.6672,5.7156,1035,0
20151203,5.425,5.7156,5.425,5.7059,6641,0
20151204,5.7059,5.7059,5.6672,5.6672,588,0
20151207,5.3281,5.6672,5.3281,5.6672,3451,0
20151208,5.425,5.6575,5.425,5.6575,3221,0
20151209,5.425,5.6575,5.425,5.6575,568,0
20151211,5.3572,5.6091,5.3572,5.6091,877,0
20151214,5.4347,5.5703,5.4347,5.5703,785,0
20151215,5.2506,5.6091,5.2506,5.5994,7035,0
20151216,5.5994,5.5994,5.2797,5.5897,1306,0
20151217,5.2797,5.5897,5.0472,5.3863,16083,0
20151218,5.0859,5.3766,5.0859,5.3572,1089,0
20151222,5.3281,5.6769,5.3281,5.6769,28750,0
20151223,5.3378,5.6188,5.3378,5.6188,10006,0
20151228,5.6188,5.6188,5.3863,5.6188,7471,0
20151229,5.4347,5.6188,5.4347,5.6188,3665,0
20151230,5.6284,5.6284,5.4153,5.425,6710,0
20160104,5.6188,5.7156,5.4734,5.6188,4181,0
20160105,5.6963,5.6963,5.5025,5.6188,687,0
20160107,5.6188,5.6188,5.2797,5.4153,4925,0
20160108,5.4153,5.4153,5.2894,5.4153,7567,0
20160111,5.4153,5.4153,5.3281,5.3281,4646,0
20160112,5.4153,5.4153,5.3281,5.3281,1834,0
20160113,5.4153,5.6091,5.2797,5.5703,14541,0
20160114,5.5703,5.5703,5.3766,5.5025,6468,0
20160115,5.5025,5.5703,5.3378,5.425,2844,0
20160118,5.5025,5.5025,5.4734,5.4734,6,0
20160119,5.5025,5.5025,5.425,5.5025,1414,0
20160120,5.3378,5.4734,5.3281,5.4734,3314,0
20160121,5.4734,5.4928,5.2797,5.2797,8571,0
20160122,5.4638,5.6091,5.2991,5.425,13006,0
20160125,5.425,5.425,5.425,5.425,603,0
20160126,5.425,5.425,5.3184,5.3766,317,0
20160127,5.425,5.425,5.425,5.425,547,0
20160128,5.4153,5.4153,5.4153,5.4153,5,0
20160129,5.4153,5.4153,5.1925,5.4153,1811,0
20160201,5.4153,5.4153,5.4153,5.4153,2,0
20160202,5.4153,5.4153,5.1925,5.3959,742,0
20160203,5.4153,5.4153,5.4153,5.4153,2,0
20160204,5.3766,5.4056,5.3766,5.4056,461,0
20160205,5.2313,5.4153,5.2216,5.4153,8371,0
20160208,5.4444,5.4444,5.4153,5.425,595,0
20160209,5.425,5.425,5.4153,5.4153,5,0
20160210,5.4153,5.4153,5.4153,5.4153,54,0
20160211,5.4153,5.4153,5.3959,5.3959,553,0
20160212,5.3959,5.3959,5.3959,5.3959,1,0
20160215,5.3959,5.4734,5.3959,5.4734,1035,0
20160216,5.6091,5.8125,5.4734,5.5994,27130,0
20160217,5.6091,5.6091,5.5703,5.5703,118504,0
20160218,5.5703,5.5703,5.4541,5.5703,676,0
20160219,5.5703,5.5703,5.5703,5.5703,517,0
20160222,5.5703,5.5703,5.5703,5.5703,161,0
20160223,5.5219,5.5703,5.4734,5.5703,2045,0
20160224,5.5703,5.5703,5.425,5.5703,1435,0
20160225,5.5219,5.5219,5.5219,5.5219,8,0
20160226,5.4734,5.5703,5.3669,5.425,8493,0
20160229,5.425,5.425,5.2313,5.2797,12495,0
20160301,5.2797,5.2797,5.2797,5.2797,1032,0
20160302,5.2797,5.3863,5.1828,5.3863,1394,0
20160303,5.425,5.425,5.3863,5.3863,209,0
20160304,5.425,5.425,5.425,5.425,1,0
20160307,5.425,5.425,5.425,5.425,2,0
20160308,5.3863,5.3863,5.3766,5.3766,3,0
20160309,5.3766,5.3766,4.9697,5.3088,8456,0
20160310,5.425,5.425,5.425,5.425,15,0
20160311,5.425,5.425,5.425,5.425,2,0
20160314,5.425,5.425,5.425,5.425,1,0
20160315,5.425,5.425,5.3475,5.3475,91,0
20160316,5.425,5.425,5.1441,5.425,414,0
20160317,5.425,5.425,5.425,5.425,2,0
20160318,5.3766,5.425,5.2313,5.4056,10816,0
20160321,5.4056,5.4056,5.2409,5.3766,188,0
20160322,5.4056,5.425,5.3959,5.425,1751,0
20160323,5.425,5.5025,5.425,5.425,24908,0
20160324,5.5025,5.5025,5.425,5.425,202,0
20160329,5.5025,5.5025,5.3281,5.5025,1117,0
20160330,5.5025,5.5025,5.4734,5.4734,7,0
20160331,5.5025,5.5025,5.3766,5.425,17655,0
20160401,5.4928,5.4928,5.425,5.425,1293,0
20160404,5.4734,5.4928,5.4734,5.4831,556,0
20160405,5.4831,5.4831,5.4831,5.4831,105,0
20160406,5.4831,5.4831,5.2216,5.4734,5198,0
20160407,5.4734,5.5606,5.425,5.425,20454,0
20160408,5.425,5.425,5.3281,5.3281,11872,0
20160411,5.4638,5.4638,5.3281,5.3281,2295,0
20160412,5.3184,5.4153,5.2313,5.4153,2638,0
20160413,5.4153,5.4153,5.2022,5.4153,2510,0
20160414,5.2022,5.4153,5.1828,5.4153,12132,0
20160415,5.4153,5.4153,5.2797,5.4153,2841,0
20160418,5.4056,5.4056,5.4056,5.4056,2,0
20160419,5.4056,5.4153,5.3281,5.4153,2699,0
20160420,5.4056,5.4056,5.3088,5.4056,3368,0
20160421,5.3959,5.3959,5.3088,5.3959,1049,0
20160422,5.3959,5.3959,5.3766,5.3863,618,0
20160425,5.3863,5.3863,5.3863,5.3863,517,0
20160426,5.4056,5.4056,5.4056,5.4056,311,0
20160427,5.4056,5.4056,5.4056,5.4056,2,0
20160428,5.4056,5.4056,5.4056,5.4056,206,0
20160429,5.4153,5.4153,5.4056,5.4153,458,0
20160502,5.4153,5.4928,5.4153,5.4928,1272,0
20160504,5.4928,5.4928,5.4541,5.4541,2,0
20160505,5.425,5.425,5.3766,5.3766,6,0
20160509,5.4056,5.4056,5.3959,5.3959,2,0
20160510,5.4056,5.4056,5.3959,5.3959,2,0
20160511,5.4056,5.4056,5.3572,5.3572,2,0
20160512,5.4056,5.4056,5.3281,5.3959,290,0
20160513,5.4056,5.4056,5.4056,5.4056,2,0
20160516,5.4056,5.4056,5.2506,5.3766,1229,0
20160517,5.4056,5.4056,5.3088,5.3088,2,0
20160518,5.3088,5.3088,5.1053,5.3088,171,0
20160519,5.3088,5.4056,5.1053,5.4056,2376,0
20160520,5.4153,5.425,5.4056,5.425,3310,0
20160523,5.425,5.425,5.425,5.425,38,0
20160524,5.425,5.425,5.425,5.425,125,0
20160525,5.2603,5.4153,5.2603,5.4153,846,0
20160527,5.425,5.425,5.4153,5.4153,568,0
20160530,5.4153,5.425,5.4153,5.4153,728,0
20160531,5.425,5.425,5.425,5.425,206,0
20160601,5.3475,5.425,5.2797,5.425,5753,0
20160602,5.4056,5.4056,5.2991,5.4056,4926,0
20160603,5.3572,5.3959,5.2797,5.2797,12157,0
20160606,5.2797,5.2797,5.2797,5.2797,4013,0
20160607,5.2313,5.27,5.1441,5.2603,2451,0
20160608,5.2313,5.2313,5.2216,5.2216,2,0
20160609,5.2216,5.3475,5.2216,5.27,7413,0
20160610,5.3378,5.3378,5.1344,5.3281,61811,0
20160613,5.3184,5.3184,5.3088,5.3088,2,0
20160614,5.3088,5.3088,5.115,5.115,8584,0
20160615,5.1053,5.1538,5.1053,5.1538,311,0
20160616,5.2797,5.2797,5.2797,5.2797,2,0
20160617,5.1538,5.1538,5.1538,5.1538,2,0
20160620,5.2797,5.2797,5.2797,5.2797,11,0
20160621,5.2797,5.2797,5.2797,5.2797,2,0
20160622,5.2797,5.2797,5.2797,5.2797,2,0
20160623,5.2797,5.2797,5.2797,5.2797,8,0
20160624,5.27,5.27,5.27,5.27,2,0
20160627,5.2603,5.2603,4.9503,5.2022,9250,0
20160628,5.2216,5.2603,4.9503,5.2022,8967,0
20160629,5.2022,5.2022,5.0278,5.1441,10995,0
20160630,5.115,5.2216,5.0375,5.2216,7249,0
20160701,5.2216,5.2216,5.2022,5.2022,420,0
20160704,5.2022,5.2022,5.1053,5.1828,1034,0
20160705,5.2022,5.2022,5.0278,5.0763,3661,0
20160706,5.0181,5.0181,5.0181,5.0181,170,0
20160707,5.0859,5.0859,5.0763,5.0763,2,0
20160708,5.0763,5.0763,5.0375,5.0375,104,0
20160711,5.0763,5.0763,5.0763,5.0763,2,0
20160712,5.0763,5.0763,5.0763,5.0763,2,0
20160713,5.0181,5.0859,5.0181,5.0763,1350,0
20160714,5.0763,5.0763,5.0763,5.0763,2,0
20160715,5.0763,5.0763,5.0666,5.0666,2,0
20160718,5.0763,5.0763,5.0763,5.0763,2,0
20160719,5.0763,5.0763,5.0763,5.0763,1034,0
20160720,5.0763,5.0763,5.0569,5.0569,2,0
20160721,5.0569,5.0569,4.6113,4.9213,3133,0
20160722,4.8438,4.9116,4.8438,4.9116,723,0
20160725,4.9213,4.9213,4.7178,4.8631,3770,0
20160726,4.8438,5.0375,4.8341,5.0375,6306,0
20160727,5.0569,5.0569,5.0375,5.0375,44,0
20160728,5.0375,5.0375,4.8438,5.0375,6681,0
20160729,5.0569,5.0763,5.0569,5.0763,516,0
20160801,5.0763,5.0763,5.0763,5.0763,2,0
20160802,5.0763,5.0763,5.0666,5.0666,2,0
20160803,5.0763,5.0763,4.65,5.0375,10843,0
20160804,5.0763,5.0763,4.8341,5.0181,4679,0
20160805,5.0084,5.0084,5.0084,5.0084,599,0
20160808,5.0084,5.0181,4.8631,5.0181,3841,0
20160809,5.0181,5.0181,4.9213,5.0084,3743,0
20160810,5.0181,5.0278,4.8438,4.9406,29956,0
20160811,4.9794,4.9988,4.8534,4.9988,22842,0
20160812,4.9988,5.0278,4.9406,5.0278,928,0
20160816,5.0278,5.3281,5.0278,5.3281,4750,0
20160817,5.2991,5.2991,5.2216,5.2216,209,0
20160818,5.2797,5.2797,5.0569,5.1247,5828,0
20160819,5.1247,5.1247,4.9794,5.1247,1034,0
20160822,5.1247,5.1247,5.1247,5.1247,2,0
20160823,5.1247,5.1247,5.115,5.115,2583,0
20160824,5.115,5.1538,5.115,5.1538,1717,0
20160825,5.2797,5.2797,5.2797,5.2797,2,0
20160826,5.2797,5.2797,5.2216,5.2506,930,0
20160829,5.2797,5.2797,5.2313,5.2313,2,0
20160830,5.2797,5.2797,5.2313,5.2313,2,0
20160831,5.2797,5.2797,5.0278,5.2603,1819,0
20160901,5.2313,5.2313,5.0278,5.2313,6505,0
20160902,5.3766,5.3766,5.3766,5.3766,6,0
20160905,5.2603,5.2603,5.2313,5.2313,168,0
20160906,5.2313,5.3766,5.2313,5.3766,42,0
20160907,5.3766,5.3766,5.1053,5.1634,126488,0
20160908,5.27,5.2797,5.2119,5.2797,1320,0
20160909,5.1344,5.1344,5.1344,5.1344,1032,0
20160912,5.27,5.27,5.27,5.27,2,0
20160913,5.2603,5.2603,5.2603,5.2603,102,0
20160914,5.27,5.27,5.27,5.27,104,0
20160915,5.27,5.27,5.2313,5.2313,5059,0
20160916,5.2216,5.2216,5.0375,5.0472,978,0
20160919,5.2119,5.2991,5.2022,5.2991,8610,0
20160920,5.2991,5.2991,5.2797,5.2797,27179,0
20160921,5.3378,5.3669,5.3184,5.3669,26218,0
20160922,5.3766,5.6188,5.3766,5.6188,9340,0
20160923,5.6188,5.6188,5.4734,5.4734,416,0
20160926,5.4734,5.4734,5.4056,5.4056,42,0
20160927,5.3863,5.3863,5.3863,5.3863,21,0
20160928,5.3863,5.6091,5.3863,5.6091,2790,0
20160929,5.6091,5.6188,5.425,5.58,21519,0
20160930,5.6091,5.6091,5.3863,5.425,60307,0
20161003,5.58,5.58,5.4153,5.4153,2324,0
20161004,5.58,5.58,5.3281,5.3281,1437,0
20161005,5.5219,5.5219,5.2216,5.2216,11620,0
20161006,5.2119,5.2313,5.2119,5.2313,4159,0
20161007,5.2313,5.2313,5.1828,5.1828,871,0
20161010,5.1828,5.2313,5.1828,5.1925,58,0
20161011,5.1925,5.425,5.1925,5.425,497,0
20161012,5.5703,5.5703,5.2313,5.2313,2891,0
20161013,5.27,5.27,5.2313,5.2313,1491,0
20161014,5.1828,5.1828,5.1828,5.1828,2324,0
20161017,5.27,5.27,5.1828,5.1828,2311,0
20161018,5.1538,5.4153,5.1538,5.4056,695,0
20161019,5.4734,5.4734,5.1344,5.2313,15609,0
20161020,5.1634,5.1634,5.115,5.1344,1915,0
20161021,5.1344,5.1538,5.1344,5.1538,2,0
20161024,5.2313,5.2313,5.2119,5.2119,605,0
20161025,5.2313,5.2313,5.2313,5.2313,1080,0
20161026,5.1634,5.1634,5.1344,5.1344,713,0
20161027,5.0666,5.425,5.0666,5.2797,4203,0
20161028,5.27,5.27,5.27,5.27,11273,0
20161031,5.44,5.44,5.19,5.19,9756,0
20161102,5.44,5.44,4.98,5.17,3144,0
20161103,5.17,5.17,5.17,5.17,75,0
20161104,5.17,5.17,5.17,5.17,14,0
20161107,5.16,5.16,5.16,5.16,2,0
