Date,Open,High,Low,Close,Volume,OpenInt
20150416,25,26.95,25,26.95,227078,0
20150417,27,28,26.22,26.45,76991,0
20150420,26.45,27.12,25.5,26.9,56942,0
20150421,26.66,26.7,26.49,26.49,11961,0
20150422,26.16,26.5,25.8,26.2,13085,0
20150423,26.3,26.3,25.61,25.75,11603,0
20150424,25.53,25.7,25.2,25.7,43277,0
20150427,25.25,25.9,25.25,25.7,12452,0
20150428,25.5,26.4,25.5,26.4,31901,0
20150429,25.85,26.39,25.8,26.39,5947,0
20150430,26,26.38,25.72,26.38,4605,0
20150504,26,27.19,26,27.19,48474,0
20150505,26.91,27.2,26.8,27.2,43182,0
20150506,27.2,28,26.9,28,31275,0
20150507,28.5,28.9,28,28.15,28681,0
20150508,28,28.5,27.8,28,8703,0
20150511,28,28,27.55,28,15228,0
20150512,27.98,27.98,26.33,27.87,3056,0
20150513,27.5,27.84,27.1,27.7,4988,0
20150514,27.7,28.05,27.1,28,6198,0
20150515,28,28.5,27.42,28.5,6971,0
20150518,28.4,28.5,27.58,27.58,7208,0
20150519,27.4,28.2,27.12,28.2,6720,0
20150520,28.48,28.48,27.4,28,864,0
20150521,27.72,28,27.6,28,1960,0
20150522,28,28,27.6,27.85,1285,0
20150525,27.3,27.7,27.28,27.7,2055,0
20150526,27.5,27.6,26.91,27.28,4801,0
20150527,27,27.5,27,27.5,2514,0
20150528,27.55,28,27.03,28,16500,0
20150529,27.26,28,27.26,28,974,0
20150601,27.5,27.8,27.2,27.8,365,0
20150602,27.91,27.91,27.1,27.7,2782,0
20150603,27.7,27.7,27.12,27.32,5394,0
20150605,27,27,26.41,26.5,10102,0
20150608,26.5,26.5,25.33,26.45,7266,0
20150609,26.4,26.4,26.3,26.3,710,0
20150610,25.63,26.1,25.18,26.1,17221,0
20150611,26.1,26.2,25.37,26.2,2803,0
20150612,25.52,26.4,25.52,26.4,726,0
20150615,25.81,26.3,25.81,26.3,865,0
20150616,25.71,26.29,25.71,26.15,699,0
20150617,25.71,26.15,25.71,26.15,943,0
20150618,26.12,26.12,24.5,25.38,6670,0
20150619,25.38,25.38,24.85,25.36,12340,0
20150622,24.8,25.29,24.8,25.29,1400,0
20150623,25.4,25.5,25,25.5,13602,0
20150624,26,26.2,25.5,25.7,31419,0
20150625,25.99,26.39,25.7,26,11317,0
20150626,26,26,25.46,26,4752,0
20150629,25.01,26,24.55,26,10117,0
20150630,25.5,26.26,25.5,26.26,4510,0
20150701,25.41,26.5,25.41,26,2292,0
20150702,26,26,25.76,26,1143,0
20150703,26,26,25.92,26,533,0
20150706,25.55,25.87,25.25,25.8,3670,0
20150707,25.34,25.8,25.2,25.8,2515,0
20150708,25.4,25.4,24.8,25.19,3429,0
20150709,24.8,25.16,23.6,25.16,3724,0
20150710,25,25.87,25,25.87,2079,0
20150713,25.99,26,25.7,25.89,1295,0
20150714,25.04,25.69,25.04,25.69,3282,0
20150715,25,25.69,25,25.69,1341,0
20150716,25.69,25.69,25.69,25.69,60,0
20150717,25.11,26,25.11,25.7,686,0
20150720,26,26,25.69,25.69,3681,0
20150721,25.6,25.69,25.6,25.69,6063,0
20150722,25.42,25.58,24.68,25.58,1379,0
20150723,24.61,25.2,24.61,25.2,861,0
20150724,24.64,25.2,24.64,25.15,1853,0
20150727,25.12,25.12,24.57,25.11,490,0
20150728,25.11,25.5,25.1,25.5,988,0
20150729,25.8,25.88,25.5,25.69,13162,0
20150730,25.6,26,25.6,25.9,749,0
20150731,25.9,26.09,25.71,26,7937,0
20150803,26,26,26,26,642,0
20150804,26,26,25.9,25.9,2541,0
20150805,25.9,25.9,25.8,25.8,714,0
20150806,25,25.6,25,25.59,7940,0
20150807,25.2,26,25.08,26,1197,0
20150810,26,26,25.62,25.62,98,0
20150811,26,26,25.6,25.6,59,0
20150812,25.6,25.6,25.6,25.6,1207,0
20150813,25.6,25.6,25.6,25.6,69,0
20150814,25.6,25.6,25.6,25.6,138,0
20150817,25.55,25.6,25.5,25.6,2068,0
20150818,25.02,25.7,25.02,25.7,207,0
20150819,24.32,25.9,24.32,25.85,674,0
20150820,25.2,25.95,25.2,25.9,1498,0
20150821,25.9,25.9,25.6,25.6,220,0
20150824,24.04,25,24.04,25,7272,0
20150825,25,25,25,25,12,0
20150826,24.15,25,24.15,25,112,0
20150827,24.95,24.95,24.9,24.9,1440,0
20150828,24.95,24.95,24.95,24.95,19,0
20150831,24.95,25.77,24.95,25.77,1300,0
20150901,24.7,25.3,24.7,25.3,66,0
20150902,24.77,25.5,24.77,25.5,467,0
20150903,25.3,25.49,25.3,25.49,70,0
20150904,25,25.49,25,25.49,610,0
20150907,25.63,25.7,25.63,25.7,300,0
20150908,25.21,25.8,25.21,25.8,1052,0
20150909,25.12,25.68,25.1,25.68,3547,0
20150910,25.57,25.57,25.57,25.57,3,0
20150911,25.11,25.49,25.1,25.49,1399,0
20150914,25.1,25.43,25.1,25.43,469,0
20150915,25.12,25.69,25.12,25.69,517,0
20150916,25.21,25.21,25,25.1,3825,0
20150917,25.05,25.73,25.05,25.5,1931,0
20150918,24.91,25.39,24.91,25.39,1207,0
20150921,25.31,25.31,24.9,25.3,1949,0
20150922,24.91,25.36,24.91,25.35,1146,0
20150924,24.61,25.07,24.61,25.04,1485,0
20150925,25.19,25.2,24.99,25.2,1112,0
20150928,25.4,25.6,24.61,25.3,1300,0
20150929,25.5,25.6,25.3,25.6,1000,0
20150930,25.6,25.84,25.6,25.79,1168,0
20151001,25,25.5,25,25.5,100,0
20151002,25.1,25.5,25.1,25.5,1057,0
20151005,25.12,25.6,25.12,25.6,1143,0
20151006,25.27,25.63,25.27,25.63,1017,0
20151007,25.64,25.65,25.36,25.65,462,0
20151008,25.6,25.6,25.6,25.6,120,0
20151009,25.27,25.8,25.27,25.8,3996,0
20151012,25.85,25.85,25.7,25.7,190,0
20151013,25.5,25.7,25.5,25.7,519,0
20151014,25.26,25.5,25.26,25.5,555,0
20151015,25.5,25.55,25.5,25.55,90773,0
20151016,25.65,25.7,25.55,25.55,518,0
20151019,25.55,25.55,25.55,25.55,2212,0
20151020,25.55,25.65,25.55,25.65,227,0
20151021,25.55,25.55,25.54,25.54,31752,0
20151023,25.26,25.5,25.17,25.5,3072,0
20151026,24.99,25.47,24.91,25.47,3825,0
20151027,25.05,25.47,25.05,25.47,526,0
20151028,25.1,26.29,25.1,25.9,589697,0
20151029,26,26.15,25.61,25.61,678,0
20151030,25.6,25.9,25.6,25.9,246,0
20151102,25.9,25.9,25.9,25.9,20,0
20151103,25.6,25.88,25.02,25.88,196,0
20151104,25.88,25.88,25.79,25.79,3,0
20151105,25.31,25.7,25.31,25.7,63,0
20151106,25.7,25.7,25.7,25.7,390,0
20151109,25.69,25.69,24.9,24.9,1519,0
20151110,24.71,24.89,24.7,24.89,253,0
20151112,24.61,24.9,24.6,24.9,156,0
20151113,24.61,25,24.6,25,2129,0
20151116,24.8,25,24.8,24.8,502,0
20151117,24.8,25,24.8,25,1374,0
20151118,25,25.35,25,25.35,1276,0
20151119,25.01,25.44,25,25.43,763,0
20151120,25.5,25.5,25.01,25.49,111,0
20151123,25.01,25.01,25,25,1079,0
20151124,25,25.02,25,25,9199,0
20151125,25,25,25,25,15577,0
20151126,24.95,25.84,24.95,25.84,1852,0
20151127,25.06,25.8,25.05,25.8,436,0
20151130,25.26,25.7,25.25,25.7,469,0
20151201,25.69,25.84,25.06,25.84,973,0
20151202,25.8,25.8,25.01,25.65,539,0
20151203,25.41,25.79,25.02,25.64,140,0
20151204,25.64,25.64,24.6,25.44,983,0
20151207,25.63,25.63,25.47,25.47,102,0
20151208,25.47,25.47,25.42,25.43,503,0
20151209,25.1,25.29,24.7,25.29,1074,0
20151210,25.2,25.25,24.61,25.25,240,0
20151211,25.24,25.24,24.99,24.99,7,0
20151214,24.99,24.99,24.2,24.99,2403,0
20151215,24.06,25.47,24.06,25.47,1111,0
20151216,25.47,25.5,24.92,25.5,518,0
20151217,25,25.7,25,25.7,640,0
20151218,25.78,25.8,25.78,25.8,210,0
20151221,25.7,25.8,25.11,25.7,1570,0
20151222,25.29,25.7,25.29,25.5,18,0
20151223,25.02,26,25.02,25.95,3775,0
20151228,25.9,25.9,25.53,25.55,1106,0
20151229,25.52,25.6,24.7,25.3,22785,0
20151230,25.8,25.8,24.9,25.3,4512,0
20160104,24.75,25.3,24.75,25.3,164,0
20160105,25.3,25.3,24.88,24.88,182,0
20160107,25.75,25.75,24.55,25.3,68,0
20160108,25.3,25.3,24.79,25,119,0
20160111,25.25,25.25,25,25.25,77,0
20160112,25,25.49,25,25.49,599,0
20160113,25.7,25.8,25.7,25.75,879,0
20160114,25.7,25.7,25.5,25.5,2,0
20160115,25.75,25.75,25.5,25.5,2,0
20160118,25.15,25.5,25.15,25.5,331,0
20160119,25.45,25.45,24.8,25.3,273,0
20160120,25.3,25.3,24.65,25.29,592,0
20160121,25.29,25.29,24.24,24.5,4367,0
20160122,25.1,25.21,24.05,24.99,1112,0
20160125,25.2,25.2,25.18,25.18,2,0
20160126,25.18,25.18,24.3,24.99,322,0
20160127,24.5,24.59,24.12,24.4,1421,0
20160128,25.1,25.1,24.21,24.39,1164,0
20160129,24.32,24.49,24.01,24.01,1434,0
20160201,23.92,24.49,23.92,24.45,162,0
20160202,24.3,24.31,24.01,24.23,945,0
20160203,24.23,24.23,23.92,24.04,179,0
20160204,23.92,24,23.75,24,816,0
20160205,23.78,24.23,23.78,24.1,412,0
20160208,24.21,24.21,23,23.4,940,0
20160209,23.4,23.5,22.3,23.5,2081,0
20160210,23.48,23.97,23,23.97,2152,0
20160211,23.97,23.97,22.8,22.8,5833,0
20160212,23.97,23.97,22.45,22.45,186,0
20160215,22.7,22.98,22.4,22.98,562,0
20160216,22.98,22.99,22.35,22.99,62,0
20160217,22.34,23.8,22.34,23.74,1114,0
20160218,23.75,24.24,23.75,24.1,1073,0
20160219,24.53,24.6,24.1,24.49,1545,0
20160222,24,24.44,23.86,24.43,1244,0
20160223,24.43,24.43,24.43,24.43,2,0
20160224,24.3,24.3,24.29,24.29,2,0
20160225,24.3,24.5,23.8,24.5,329,0
20160226,24.5,24.5,24,24.5,2701,0
20160229,24.5,24.5,24.4,24.4,3,0
20160301,24.49,24.49,24.48,24.48,2,0
20160302,24.48,24.48,24.39,24.39,2,0
20160303,24.39,24.39,23.23,24,1151,0
20160304,24.48,24.48,23.5,23.9,1149,0
20160307,23.9,24.19,23,24.1,1901,0
20160308,24.34,24.37,23.18,24.3,2640,0
20160309,24.34,24.34,23.31,24.15,1474,0
20160310,24.27,24.27,23.39,23.39,3889,0
20160311,23.55,23.8,23,23,12682,0
20160314,23.54,23.54,23.3,23.3,121,0
20160315,23.33,24.98,23.33,23.99,7722,0
20160316,24.89,24.89,23.33,23.33,6949,0
20160317,23.34,24,23.34,23.79,1216,0
20160318,23.34,23.85,23.33,23.85,772,0
20160321,24.17,24.17,23.7,23.7,365,0
20160322,23.9,23.9,23.41,23.43,151,0
20160323,23.9,24.3,23.4,24.3,686,0
20160324,23.89,24.46,23.45,24.46,446,0
20160329,24.48,24.48,23.85,24.3,792,0
20160330,24.3,24.49,23.85,24.49,2306,0
20160331,24.49,24.6,23.93,24.6,1342,0
20160401,24.6,24.6,24.51,24.51,17,0
20160404,24.8,24.8,24.45,24.45,6,0
20160405,24.45,24.45,24,24.4,129,0
20160406,24.45,24.45,23.86,24.45,1160,0
20160407,24.45,24.45,24.25,24.39,34,0
20160408,24.45,24.45,24.4,24.4,2,0
20160411,24.45,24.45,24.25,24.3,382,0
20160412,24.44,24.44,24.4,24.4,2,0
20160413,24.4,24.4,24.4,24.4,20,0
20160414,24.44,24.45,24,24.4,236,0
20160415,24.4,24.4,24.1,24.4,102,0
20160418,23.9,24.75,23.9,24.64,677,0
20160419,24.49,24.49,24.25,24.25,727,0
20160420,24.5,24.5,24.4,24.4,7,0
20160421,24.4,24.5,24.4,24.4,52,0
20160422,24.4,24.4,24.02,24.39,254,0
20160425,24.39,24.39,23.82,24.39,194,0
20160426,24.38,24.38,24.37,24.37,9,0
20160427,24.37,24.37,23.93,24.35,417,0
20160428,24.34,24.34,23.9,24.1,109,0
20160429,24.34,24.34,23.91,23.91,144,0
20160502,24.33,24.33,23.7,24.24,435,0
20160504,24.2,24.2,24.13,24.13,101,0
20160505,24.13,24.13,24.12,24.12,138,0
20160506,24.13,24.13,23.67,24.11,194,0
20160509,24.11,24.11,24,24,2,0
20160510,24,24,23.59,23.59,124,0
20160511,23.49,24,23.2,23.98,316,0
20160512,23.96,23.96,23.55,23.55,12,0
20160513,23.55,23.96,23.2,23.89,582,0
20160516,23.89,23.95,23.22,23.88,727,0
20160517,23.88,23.88,23.88,23.88,2,0
20160518,23.88,23.88,23.25,23.3,51,0
20160519,23.85,23.85,23.02,23.83,463,0
20160520,23.84,24,23.83,23.83,446,0
20160523,23.98,24.4,23.41,24.36,1337,0
20160524,24.36,24.36,23.85,24.35,171,0
20160525,24.34,24.34,24.31,24.31,94,0
20160527,24.36,24.36,23.85,24.36,156,0
20160530,23.27,24.28,23.27,24.28,114,0
20160531,24.27,24.3,24.27,24.27,177,0
20160601,24,24,23.03,23.89,198,0
20160602,24.2,24.2,23.4,23.4,216,0
20160603,24.19,24.19,23.85,24.18,23,0
20160606,24.18,24.18,24.17,24.17,3,0
20160607,24.17,24.17,23.51,23.99,56,0
20160608,24.15,24.15,24.13,24.13,2,0
20160609,24.14,24.14,23.51,23.51,554,0
20160610,24.13,24.13,23.2,23.5,139,0
20160613,23.49,23.49,23.2,23.4,74,0
20160614,23.49,23.49,23,23,239,0
20160615,23.19,23.69,22.6,23.69,755,0
20160616,23.69,23.69,23,23.29,224,0
20160617,23.29,23.29,22.51,22.99,804,0
20160620,22.99,24.1,22.99,24,170,0
20160621,23.09,23.98,23.02,23.72,144,0
20160622,23.02,23.72,23.02,23.69,249,0
20160623,23.02,24.1,23.02,24.1,1036,0
20160624,22.5,23.5,22.5,23.49,463,0
20160627,22.02,23.5,22.02,23.45,276,0
20160628,23.45,23.45,23.31,23.43,706,0
20160629,23.43,23.43,23.42,23.42,2,0
20160630,23,24.16,22.53,24.1,1615,0
20160701,24.16,24.16,23.71,23.71,28,0
20160704,24.14,24.14,23,24,91,0
20160705,24.14,24.14,24.1,24.11,1002,0
20160706,24.14,24.14,24.1,24.1,2,0
20160707,24.1,24.1,24.1,24.1,2,0
20160708,24.14,24.14,24.1,24.1,2,0
20160711,24.1,24.1,23.41,24.1,19,0
20160712,24.08,24.08,23.46,23.49,17,0
20160713,24.08,24.08,24,24,2,0
20160714,23.99,23.99,23.51,23.99,60,0
20160715,23.99,23.99,23.3,23.32,244,0
20160718,23.99,23.99,22.66,23.97,1129,0
20160719,23.96,23.96,23.96,23.96,2,0
20160720,23.96,23.96,23.9,23.9,2,0
20160721,23.9,23.9,23.3,23.5,42,0
20160722,23.79,23.95,23.31,23.95,209,0
20160725,23.94,23.94,23.9,23.9,7,0
20160726,23.9,23.9,23.4,23.84,333,0
20160727,23.84,23.84,23.84,23.84,2,0
20160728,23.84,23.84,23.3,23.8,61,0
20160729,23.94,24,23.9,23.9,1275,0
20160801,23.31,24,23.3,24,343,0
20160802,24,24,24,24,2,0
20160803,24,24,24,24,2,0
20160804,24,24.37,23.9,23.9,42342,0
20160805,24.38,24.38,24,24.3,25416,0
20160808,24.29,24.29,23.53,24.28,1247,0
20160809,24.25,24.25,24.05,24.15,44,0
20160810,24.1,24.1,23.36,23.41,20017,0
20160811,24.02,24.02,23.9,23.9,1625,0
20160812,23.9,24.1,23.4,24.1,380,0
20160816,23.5,24.09,23.4,24.09,888,0
20160817,24.19,24.19,23.42,24,60,0
20160818,23.99,23.99,23.97,23.97,2,0
20160819,23.99,23.99,23.98,23.98,51,0
20160822,23.98,23.98,23.41,23.41,389,0
20160823,23.97,23.97,23.92,23.92,2,0
20160824,23.9,23.9,23.4,23.87,55,0
20160825,23.87,23.87,23.4,23.68,343,0
20160826,23.68,23.99,23.35,23.99,482,0
20160829,23.4,23.41,23.3,23.3,1525,0
20160830,23.8,23.8,23.8,23.8,2,0
20160831,23.8,23.8,23.12,23.8,644,0
20160901,23.9,23.9,23.3,23.9,57,0
20160902,23.9,23.9,23.3,23.9,1125,0
20160905,23.89,23.89,23.87,23.87,2,0
20160906,23.89,23.89,23.2,23.85,98,0
20160907,23.6,23.85,23.3,23.85,113362,0
20160908,23.87,23.87,23.5,23.85,11,0
20160909,23.87,23.87,23.3,23.87,408,0
20160912,23.87,23.87,23.04,23.87,377,0
20160913,23.02,23.7,23.02,23.2,173,0
20160914,23.84,23.84,23.6,23.8,12,0
20160915,23.79,23.79,23.6,23.6,12,0
20160916,23.83,23.83,23.6,23.6,2,0
20160919,23.79,23.79,23.04,23.43,2434,0
20160920,23.45,23.45,23,23.42,1021,0
20160921,23.42,23.42,23,23.28,209,0
20160922,22.75,23.24,22.72,23.2,186,0
20160923,22.51,23.24,22.51,23.24,1353,0
20160926,23.24,23.24,22.55,22.99,277,0
20160927,22.57,22.98,22.57,22.98,153,0
20160928,22.97,22.97,22.01,22.85,1338,0
20160929,22.13,22.82,22.13,22.82,445,0
20160930,22.8,22.8,22.16,22.79,389,0
20161003,22.77,22.77,22.2,22.49,605,0
20161004,22.49,22.5,22.18,22.45,948,0
20161005,22.4,22.4,22.4,22.4,514,0
20161006,22.19,22.4,22.17,22.4,711,0
20161007,22.4,22.5,22.4,22.5,254,0
20161010,22.49,22.77,22.49,22.77,761,0
20161011,22.7,22.7,22.4,22.4,31762,0
20161012,22.7,22.7,22.22,22.5,81,0
20161013,22.7,22.7,22.22,22.5,521,0
20161014,22.5,22.5,22,22.45,6041,0
20161017,22.5,22.7,22.45,22.7,52,0
20161018,22.49,22.49,22.45,22.47,207,0
20161019,22.47,22.47,22,22,6325,0
20161020,22.43,22.43,22,22.11,868594,0
20161021,22.4,23.2,22.11,22.7,217179,0
20161024,22.9,23.4,22.71,22.76,72179,0
20161025,22.9,23.38,22.55,22.9,290818,0
20161026,22.57,23,22.55,22.89,958,0
20161027,22.99,23.15,22.75,23,3928,0
20161028,23.15,23.42,23.15,23.42,290862,0
20161031,23,23.7,23,23.7,23244,0
20161102,23.92,23.92,23.16,23.76,21042,0
20161103,23.76,23.76,23.5,23.76,9969,0
20161104,23.67,23.99,23.5,23.92,804,0
20161107,23.9,23.9,23.9,23.9,52,0
