Date,Open,High,Low,Close,Volume,OpenInt
20080228,6.66,7.2,5.7,5.73,285926,0
20080229,5.73,5.85,4.65,5.46,40504,0
20080303,5.34,5.4,4.89,5.4,16258,0
20080304,5.46,5.85,5.19,5.52,6848,0
20080305,5.79,5.79,5.28,5.4,2980,0
20080306,5.46,5.46,5.25,5.25,1006,0
20080307,5.34,5.34,4.98,5.31,1306,0
20080310,5.04,5.07,4.89,4.92,7564,0
20080311,4.74,5.28,4.56,5.28,15324,0
20080312,5.19,5.55,5.13,5.4,16324,0
20080313,5.22,5.37,4.95,5.37,15030,0
20080314,5.31,5.31,5.1,5.28,490,0
20080317,5.28,5.28,4.95,5.04,1358,0
20080318,4.83,5.13,4.83,4.92,1304,0
20080319,4.86,5.1,4.8,5.1,4704,0
20080320,5.1,5.22,5.1,5.19,1018,0
20080325,5.25,5.52,4.98,5.31,2304,0
20080326,5.31,5.31,5.31,5.31,4,0
20080327,4.98,5.19,4.8,4.8,17152,0
20080328,4.8,4.95,4.8,4.83,3522,0
20080331,4.89,4.89,4.5,4.71,11688,0
20080401,4.59,4.71,4.5,4.5,5972,0
20080402,4.68,4.68,4.5,4.59,3750,0
20080403,4.65,4.71,4.62,4.71,1822,0
20080404,4.65,4.71,4.65,4.71,280,0
20080407,4.62,4.68,4.59,4.59,1288,0
20080408,4.68,4.68,4.38,4.38,404,0
20080409,4.59,4.59,4.23,4.23,2166,0
20080410,4.11,4.26,4.05,4.26,2226,0
20080411,4.11,4.17,4.05,4.17,1094,0
20080414,4.2,4.2,4.2,4.2,834,0
20080415,3.87,5.1,3.87,5.1,5314,0
20080416,4.29,4.74,4.29,4.74,114,0
20080417,4.41,4.65,4.29,4.65,2482,0
20080418,4.53,4.71,4.38,4.38,1378,0
20080421,4.38,4.59,4.23,4.23,1412,0
20080422,4.62,4.62,3.99,4.35,1518,0
20080423,4.17,4.17,4.17,4.17,2,0
20080424,4.35,4.35,4.02,4.02,272,0
20080425,4.29,4.29,4.02,4.2,810,0
20080428,4.02,4.17,4.02,4.02,674,0
20080429,4.02,4.17,4.02,4.17,12,0
20080430,4.14,4.14,3.75,4.14,412,0
20080505,4.2,4.2,3.9,4.14,768,0
20080506,4.05,4.26,3.69,4.23,2564,0
20080507,3.81,4.05,3.81,4.02,3944,0
20080508,3.93,4.08,3.78,3.78,276,0
20080509,3.81,4.08,3.78,4.08,594,0
20080512,3.78,4.02,3.72,3.78,1348,0
20080513,3.96,4.14,3.6,3.87,9530,0
20080514,3.66,3.9,3.24,3.66,1686,0
20080515,3.6,3.84,3.39,3.57,2114,0
20080516,3.57,3.75,3.33,3.75,8410,0
20080519,3.42,3.72,3.33,3.51,1788,0
20080520,3.69,3.69,3.45,3.6,420,0
20080521,3.42,3.42,3.36,3.42,658,0
20080526,3.3,3.3,3.03,3.03,290,0
20080527,3.54,3.54,3.03,3.45,22,0
20080528,3.51,3.51,3.15,3.21,960,0
20080529,3.39,3.75,3.36,3.6,5618,0
20080530,3.75,3.84,3.51,3.84,2086,0
20080602,3.93,3.93,3.51,3.78,1128,0
20080603,3.51,3.54,3.33,3.51,1360,0
20080605,3.3,3.51,3.24,3.39,2130,0
20080606,3.3,3.39,3.21,3.21,1216,0
20080609,3.21,3.45,3.21,3.45,1152,0
20080610,3.33,3.33,3.33,3.33,410,0
20080611,3.24,3.33,3.06,3.33,2128,0
20080612,3.39,3.39,3.39,3.39,66,0
20080616,3.39,3.39,3.39,3.39,266,0
20080617,3.39,3.42,3.39,3.42,220,0
20080619,3.3,3.3,3.3,3.3,266,0
20080620,3.03,3.42,3.03,3.42,134,0
20080623,3.42,3.42,3.42,3.42,30,0
20080624,3.42,3.42,3.42,3.42,4,0
20080626,3.09,3.36,3.09,3.09,800,0
20080627,3.12,3.33,3.03,3.33,2100,0
20080630,3.33,3.33,3.09,3.09,2162,0
20080701,2.85,2.88,2.85,2.85,1600,0
20080702,2.58,2.58,2.55,2.55,40,0
20080703,2.55,2.79,2.55,2.79,3664,0
20080704,3,3,2.4,2.85,1034,0
20080707,2.43,2.67,2.43,2.67,630,0
20080708,2.67,2.67,2.67,2.67,0,0
20080709,2.43,2.73,2.43,2.73,3962,0
20080711,2.73,2.97,2.73,2.97,1000,0
20080714,2.58,2.88,2.58,2.88,666,0
20080716,2.88,2.88,2.88,2.88,60,0
20080717,2.61,2.97,2.61,2.94,3484,0
20080718,2.7,2.97,2.67,2.97,9216,0
20080721,3.03,3.03,2.97,2.97,816,0
20080722,3.03,3.03,2.97,2.97,972,0
20080723,2.97,3.18,2.97,3.15,522,0
20080724,3.24,3.24,2.91,3.21,74,0
20080728,3.06,3.06,3.06,3.06,200,0
20080729,2.91,2.91,2.82,2.82,300,0
20080730,2.73,3.15,2.73,3.15,1432,0
20080731,3.15,3.15,2.79,2.79,34,0
20080801,2.85,3.12,2.85,3.12,386,0
20080805,2.85,3.21,2.85,3.18,696,0
20080806,3.18,3.21,3,3.21,824,0
20080807,2.94,3.21,2.94,3.21,366,0
20080808,2.91,3.21,2.88,3.12,6168,0
20080811,3.12,3.12,2.97,3,2630,0
20080812,3.21,3.21,3.21,3.21,38,0
20080813,3.21,3.24,3.03,3.24,1498,0
20080814,3.24,3.51,3.09,3.33,2040,0
20080818,3.33,3.33,3.15,3.27,400,0
20080819,2.97,3.3,2.97,3.06,3126,0
20080821,3.15,3.15,3.15,3.15,356,0
20080822,3.09,3.27,2.97,3.21,368,0
20080825,3.21,3.21,3.21,3.21,666,0
20080826,2.97,2.97,2.97,2.97,334,0
20080827,3.03,3.03,3.03,3.03,200,0
20080828,3.03,3.33,3.03,3.33,354,0
20080829,3.03,3.27,3.03,3.27,1272,0
20080902,3.03,3.3,3.03,3.3,1170,0
20080904,3.12,3.24,3,3.24,1300,0
20080910,3.18,3.18,2.97,3.15,636,0
20080911,3.15,3.15,3.15,3.15,116,0
20080915,3,3.12,2.97,3.12,1634,0
20080916,2.85,3.12,2.85,3.12,76,0
20080917,2.94,3.12,2.91,3.12,402,0
20080918,3.12,3.12,3.12,3.12,216,0
20080919,3.15,3.15,2.85,3,398,0
20080926,2.97,3.15,2.82,3.15,2884,0
20080929,2.85,3.09,2.85,3.09,4,0
20080930,3,3,3,3,500,0
20081001,2.76,3,2.76,3,542,0
20081002,3.06,3.06,3.06,3.06,166,0
20081003,2.76,3.06,2.76,3.06,40,0
20081008,2.58,2.7,2.58,2.7,252,0
20081009,2.73,2.85,2.73,2.85,182,0
20081013,2.94,2.94,2.85,2.85,16,0
20081014,2.64,2.82,2.64,2.82,466,0
20081015,2.76,2.76,2.67,2.67,3212,0
20081016,2.76,2.76,2.76,2.76,34,0
20081017,2.94,2.94,2.94,2.94,186,0
20081028,2.94,2.94,2.94,2.94,626,0
20081029,2.73,2.73,2.64,2.64,868,0
20081030,2.64,2.64,2.64,2.64,100,0
20081031,2.64,2.64,2.64,2.64,1136,0
20081103,2.7,2.7,2.7,2.7,66,0
20081104,2.64,2.7,2.64,2.7,200,0
20081105,2.85,2.85,2.85,2.85,34,0
20081107,2.76,2.76,2.76,2.76,334,0
20081110,2.67,2.67,2.67,2.67,1584,0
20081112,2.67,2.67,2.67,2.67,356,0
20081113,2.67,2.67,2.67,2.67,334,0
20081114,2.49,2.49,2.49,2.49,5488,0
20081117,2.49,2.49,2.49,2.49,450,0
20081120,2.73,2.73,2.73,2.73,32,0
20081124,2.64,2.64,2.64,2.64,0,0
20081126,2.64,2.64,2.64,2.64,366,0
20081127,2.67,2.67,2.67,2.67,34,0
20081128,2.64,2.64,2.64,2.64,34,0
20081201,2.61,2.61,2.61,2.61,834,0
20081204,2.43,2.43,2.43,2.43,666,0
20081205,2.61,2.61,2.61,2.61,34,0
20081209,2.43,2.43,2.43,2.43,1482,0
20081210,2.43,2.43,2.43,2.43,304,0
20081211,2.4,2.43,2.4,2.43,1284,0
20081212,2.61,2.61,2.61,2.61,494,0
20081215,2.61,2.61,2.61,2.61,34,0
20081219,2.58,2.58,2.58,2.58,34,0
20081223,2.22,2.61,2.22,2.61,252,0
20090116,2.55,2.55,2.55,2.55,50,0
20090119,2.55,2.55,2.55,2.55,34,0
20090122,2.55,2.55,2.31,2.31,34,0
20090123,2.55,2.55,2.55,2.55,34,0
20090304,2.1,2.1,2.1,2.1,1450,0
20090305,1.95,1.95,1.77,1.77,1234,0
20090306,1.8,1.95,1.8,1.95,1334,0
20090309,1.77,1.77,1.77,1.77,836,0
20090310,1.77,1.8,1.77,1.8,5686,0
20090311,1.92,1.92,1.92,1.92,1266,0
20090312,2.28,2.28,2.1,2.28,88,0
20090316,2.28,2.28,2.04,2.04,2400,0
20090317,2.28,2.28,2.28,2.28,2,0
20090319,2.04,2.04,2.04,2.04,1228,0
20090320,2.04,2.07,2.04,2.07,2490,0
20090323,2.25,2.25,2.25,2.25,808,0
20090324,2.28,2.37,2.28,2.37,2124,0
20090325,2.7,2.7,2.7,2.7,476,0
20090326,2.7,2.76,2.7,2.76,1486,0
20090327,2.76,2.76,2.73,2.73,1238,0
20090406,2.37,2.37,2.37,2.37,2506,0
20090407,2.37,2.55,2.37,2.55,1344,0
20090408,2.67,2.67,2.67,2.67,348,0
20090409,2.67,2.85,2.67,2.85,1102,0
20090414,2.85,3.15,2.85,3.15,2560,0
20090415,3.09,3.09,3.09,3.09,476,0
20090416,3.24,3.24,3.24,3.24,666,0
20090417,3.15,3.15,3.15,3.15,94,0
20090420,3.12,3.12,3.12,3.12,34,0
20090421,3.09,3.12,3.09,3.12,466,0
20090422,3.15,3.15,3.15,3.15,872,0
20090423,3.15,3.15,3.15,3.15,1750,0
20090424,3.15,3.15,3.15,3.15,400,0
20090427,3.15,3.15,3.15,3.15,58,0
20090429,3,3.12,3,3.12,34,0
20090430,3.09,3.09,3.09,3.09,34,0
20090504,3.09,3.09,3.09,3.09,110,0
20090506,3.06,3.06,3.06,3.06,34,0
20090507,3.12,3.12,3.12,3.12,34,0
20090512,3,3,3,3,76,0
20090515,3,3,3,3,34,0
20090519,3,3,3,3,34,0
20090520,3,3,3,3,34,0
20090521,3,3,3,3,34,0
20090526,2.97,2.97,2.97,2.97,34,0
20090603,2.97,2.97,2.97,2.97,162,0
20090604,2.97,3,2.97,3,912,0
20090605,3,3,3,3,600,0
20090608,3.12,3.12,3.12,3.12,100,0
20090609,3.12,3.12,3.12,3.12,38,0
20090610,3.12,3.12,3.12,3.12,764,0
20090612,3.06,3.27,3.06,3.27,1168,0
20090615,3.27,3.3,3.27,3.3,216,0
20090619,3.15,3.15,3.12,3.12,866,0
20090622,3.09,3.09,3.09,3.09,242,0
20090623,3,3.15,3,3.15,198,0
20090624,3.15,3.15,3.15,3.15,40,0
20090625,3,3,3,3,390,0
20090626,3.15,3.15,3.12,3.12,70,0
20090629,2.97,3.06,2.97,3.06,802,0
20090630,3.18,3.18,3.15,3.15,130,0
20090702,3.15,3.15,3.15,3.15,188,0
20090703,3.15,3.15,3.15,3.15,54,0
20090706,3.15,3.15,3.15,3.15,100,0
20090708,2.97,2.97,2.97,2.97,1000,0
20090709,3.12,3.12,3.12,3.12,0,0
20090710,3.15,3.15,3.15,3.15,34,0
20090713,3.15,3.15,3.15,3.15,6,0
20090716,3.06,3.06,3.06,3.06,334,0
20090717,3.09,3.09,3.09,3.09,58,0
20090720,3.15,3.57,3.15,3.57,4002,0
20090721,3.66,3.66,3.66,3.66,1664,0
20090722,3.75,3.75,3.75,3.75,404,0
20090723,3.81,3.81,3.81,3.81,184,0
20090724,4.32,4.32,4.32,4.32,130,0
20090804,3.6,3.6,3.6,3.6,0,0
20090805,3.66,3.66,3.66,3.66,50,0
20090820,3.15,3.15,3.15,3.15,334,0
20090821,3.15,3.6,3.15,3.6,2436,0
20090824,3.39,3.39,3.39,3.39,634,0
20090825,3.81,3.81,3.81,3.81,120,0
20090826,3.81,3.81,3.81,3.81,66,0
20090827,3.72,3.72,3.72,3.72,34,0
20090828,3.69,3.69,3.69,3.69,96,0
20090831,3.69,3.69,3.69,3.69,34,0
20090901,3.69,3.69,3.69,3.69,34,0
20090902,3.6,3.6,3.6,3.6,68,0
20090903,3.42,3.42,3.42,3.42,1334,0
20090904,3.45,3.78,3.45,3.78,1530,0
20090907,4.32,4.32,4.32,4.32,8736,0
20090908,4.71,5.37,4.71,5.37,6622,0
20090909,5.37,5.37,5.31,5.31,2678,0
20090910,5.07,5.07,3.9,3.9,2484,0
20090911,4.35,4.47,4.35,4.47,1564,0
20090914,4.47,4.47,4.35,4.35,168,0
20090915,4.47,4.47,4.47,4.47,694,0
20090917,4.32,4.32,4.32,4.32,108,0
20090918,3.93,4.29,3.93,4.29,1292,0
20090921,4.44,4.44,4.44,4.44,54,0
20090922,3.9,4.29,3.9,4.29,1780,0
20090923,4.2,4.2,3.99,3.99,1730,0
20090924,4.35,4.35,4.32,4.32,782,0
20090925,4.38,4.38,4.35,4.35,104,0
20090928,4.35,4.35,3.87,3.87,824,0
20090929,4.23,4.23,4.23,4.23,56,0
20090930,4.2,4.2,4.2,4.2,56,0
20091001,4.26,4.26,3.87,3.87,1046,0
20091002,3.87,3.9,3.87,3.9,1950,0
20091005,4.38,4.38,4.38,4.38,34,0
20091006,4.23,4.23,4.23,4.23,334,0
20091007,4.2,4.2,4.2,4.2,50,0
20091008,4.02,4.02,3.99,3.99,142,0
20091009,3.87,3.87,3.84,3.84,634,0
20091012,3.87,3.87,3.87,3.87,116,0
20091013,3.63,3.87,3.63,3.87,508,0
20091014,3.87,3.87,3.87,3.87,34,0
20091016,3.63,3.63,3.63,3.63,496,0
20091019,3.87,3.87,3.87,3.87,5704,0
20091020,3.6,3.6,3.6,3.6,1932,0
20091021,3.87,3.87,3.87,3.87,58,0
20091023,3.87,3.87,3.87,3.87,74,0
20091026,3.87,3.87,3.42,3.42,768,0
20091027,3.75,3.75,3.75,3.75,236,0
20091028,3.87,3.87,3.87,3.87,34,0
20091030,3.63,3.63,3.54,3.54,842,0
20091102,3.48,3.75,3.48,3.75,518,0
20091103,3.72,3.72,3.72,3.72,266,0
20091104,3.81,3.81,3.66,3.66,676,0
20091105,3.75,3.75,3.75,3.75,66,0
20091112,3.6,3.6,3.6,3.6,234,0
20091113,3.51,3.81,3.51,3.81,1548,0
20091118,3.81,3.81,3.81,3.81,54,0
20091120,3.81,3.81,3.81,3.81,34,0
20091127,3.81,3.81,3.81,3.81,34,0
20091201,3.42,3.45,3.42,3.45,280,0
20091202,3.6,3.6,3.6,3.6,66,0
20091203,3.6,3.6,3.6,3.6,290,0
20091204,3.6,3.6,3.6,3.6,64,0
20091207,3.81,3.81,3.81,3.81,34,0
20091210,3.78,3.78,3.78,3.78,66,0
20091211,3.78,3.78,3.33,3.33,700,0
20091214,3.78,3.78,3.75,3.75,66,0
20091215,3.75,3.75,3.75,3.75,134,0
20091216,3.75,3.75,3.75,3.75,82,0
20091217,3.72,3.72,3.72,3.72,66,0
20091218,3.72,3.72,3.72,3.72,34,0
20091223,3.69,3.69,3.36,3.69,62,0
20091228,3.33,3.39,3.33,3.39,504,0
20091229,3.36,3.72,3.36,3.72,72,0
20100106,3.72,3.72,3.72,3.72,334,0
20100108,3.69,3.69,3.69,3.69,144,0
20100114,3.6,3.6,3.6,3.6,166,0
20100115,3.69,3.69,3.69,3.69,160,0
20100119,3.66,3.66,3.66,3.66,0,0
20100120,3.69,3.72,3.69,3.72,300,0
20100125,3.69,3.69,3.69,3.69,84,0
20100128,3.69,4.05,3.69,4.05,84,0
20100129,4.14,4.14,4.14,4.14,804,0
20100201,4.14,4.14,4.14,4.14,234,0
20100202,4.08,4.08,4.08,4.08,104,0
20100203,4.05,4.05,4.05,4.05,0,0
20100205,4.08,4.08,4.08,4.08,36,0
20100211,4.05,4.05,4.05,4.05,34,0
20100303,3.99,3.99,3.99,3.99,34,0
20100310,3.87,3.9,3.87,3.9,198,0
20100311,3.63,3.9,3.63,3.9,1034,0
20100312,3.99,3.99,3.99,3.99,570,0
20100316,3.9,3.93,3.9,3.93,700,0
20100317,3.63,3.69,3.63,3.69,3126,0
20100318,3.99,3.99,3.99,3.99,100,0
20100323,3.72,3.72,3.72,3.72,66,0
20100324,3.93,3.93,3.93,3.93,4,0
20100326,3.93,3.93,3.93,3.93,42,0
20100329,3.78,3.93,3.78,3.93,4,0
20100330,3.84,3.87,3.84,3.87,260,0
20100331,3.9,3.9,3.9,3.9,46,0
20100401,3.9,3.9,3.9,3.9,34,0
20100406,3.9,3.9,3.9,3.9,0,0
20100407,3.9,3.9,3.9,3.9,36,0
20100408,3.9,3.9,3.9,3.9,34,0
20100409,3.9,3.9,3.9,3.9,800,0
20100413,3.87,3.87,3.87,3.87,334,0
20100414,3.9,3.9,3.9,3.9,34,0
20100416,3.87,3.87,3.87,3.87,336,0
20100420,3.81,3.81,3.81,3.81,1134,0
20100422,3.78,3.78,3.78,3.78,34,0
20100423,3.84,3.84,3.84,3.84,34,0
20100426,3.57,3.57,3.57,3.57,200,0
20100427,3.57,3.84,3.57,3.84,1174,0
20100428,3.9,3.9,3.9,3.9,54,0
20100429,3.36,3.72,3.36,3.72,1298,0
20100430,3.27,3.9,3.27,3.9,2998,0
20100504,3.39,3.57,3.39,3.57,2100,0
20100505,3.54,3.63,3.54,3.63,1574,0
20100506,3.36,3.63,3.36,3.63,1802,0
20100507,3.21,3.72,3.21,3.72,1766,0
20100510,3.72,3.72,3.72,3.72,68,0
20100511,3.72,3.72,3.72,3.72,36,0
20100512,3.72,3.72,3.72,3.72,64,0
20100513,3.72,3.72,3.72,3.72,68,0
20100514,3.72,3.72,3.72,3.72,68,0
20100517,3.69,3.69,3.69,3.69,68,0
20100518,3.72,3.72,3.69,3.69,358,0
20100519,3.72,3.72,3.72,3.72,68,0
20100520,3.69,3.69,3.69,3.69,76,0
20100521,3.69,3.69,3.69,3.69,2612,0
20100524,3.69,3.69,3.69,3.69,68,0
20100525,3.69,3.69,3.69,3.69,68,0
20100526,3.72,3.72,3.69,3.69,70,0
20100527,3.69,3.69,3.69,3.69,46,0
20100528,3.63,3.63,3.63,3.63,68,0
20100531,3.69,3.69,3.69,3.69,34,0
20100607,3.39,3.45,3.39,3.45,434,0
20100608,3.54,3.54,3.54,3.54,68,0
20100609,3.48,3.54,3.48,3.54,100,0
20100610,3.51,3.51,3.51,3.51,34,0
20100611,3.54,3.54,3.54,3.54,34,0
20100625,3.3,3.3,3.3,3.3,500,0
20100702,3.48,3.48,3.48,3.48,62,0
20100707,3.21,3.42,3.21,3.42,34,0
20100708,3.21,3.21,3.21,3.21,966,0
20100709,3.21,3.21,3.21,3.21,220,0
20100712,3.39,3.39,3.39,3.39,4,0
20100713,3.12,3.12,3.12,3.12,924,0
20100714,3.06,3.06,3.06,3.06,5472,0
20100715,3,3,3,3,200,0
20100716,3,3,3,3,466,0
20100723,3,3,3,3,334,0
20100729,2.94,2.94,2.94,2.94,654,0
20100802,2.94,3,2.94,3,438,0
20100810,2.94,2.94,2.94,2.94,34,0
20100813,2.94,2.94,2.94,2.94,100,0
20100816,2.97,2.97,2.97,2.97,208,0
20100818,2.97,2.97,2.97,2.97,434,0
20100819,3,3,3,3,1900,0
20100820,3,3,3,3,1100,0
20100823,3,3,3,3,288,0
20100824,3.42,3.42,3.42,3.42,50,0
20100825,3.27,3.27,3.27,3.27,466,0
20100827,3,3.03,3,3.03,536,0
20100830,3.27,3.42,3.27,3.42,260,0
20100831,3.27,3.27,3.27,3.27,674,0
20100901,3.3,3.3,3.3,3.3,0,0
20100902,3.27,3.27,3.18,3.18,760,0
20100903,3.18,3.36,3.18,3.36,1632,0
20100906,3.3,3.3,3.3,3.3,400,0
20100909,3.15,3.15,3.15,3.15,664,0
20100910,3.15,3.15,3.15,3.15,854,0
20100913,3.15,3.15,3.15,3.15,1128,0
20100914,3.27,3.27,3.27,3.27,100,0
20100915,3.3,3.3,3.3,3.3,58,0
20100916,3.36,3.36,3.36,3.36,0,0
20100917,3.42,3.42,3.42,3.42,118,0
20100920,3.42,3.42,3.42,3.42,100,0
20100921,3.42,3.42,3.42,3.42,232,0
20100923,3.42,3.42,3.42,3.42,20,0
20100927,3.42,3.42,3.42,3.42,100,0
20100929,3.42,3.42,3.42,3.42,154,0
20100930,3.42,3.42,3.42,3.42,100,0
20101001,3.57,3.57,3.57,3.57,0,0
20101008,3.57,3.57,3.57,3.57,46,0
20101014,3.24,3.54,3.24,3.54,234,0
20101019,3.54,3.54,3.54,3.54,266,0
20101020,3,3,3,3,666,0
20101021,3.42,3.42,3.42,3.42,6,0
20101028,3.45,3.45,3.45,3.45,2,0
20101104,3.45,3.45,3.45,3.45,14,0
20101108,3.03,3.03,3.03,3.03,566,0
20101110,3.33,3.33,3.33,3.33,34,0
20101112,3.45,3.45,3.12,3.12,334,0
20101115,3.42,3.42,3.24,3.24,200,0
20101116,3.27,3.27,3.27,3.27,88,0
20101117,3.03,3.03,3.03,3.03,310,0
20101118,3.03,3.45,3.03,3.45,394,0
20101119,3.42,3.42,3.42,3.42,342,0
20101124,3.42,3.42,3.42,3.42,70,0
20101125,3.15,3.15,3.15,3.15,34,0
20101126,3.15,3.15,3.15,3.15,996,0
20101129,3.18,3.39,3.18,3.39,342,0
20101130,3.15,3.15,3.15,3.15,616,0
20101202,3.06,3.15,3.06,3.15,1234,0
20101203,3.15,3.39,3.15,3.39,208,0
20101206,3.33,3.33,3.33,3.33,50,0
20101209,3.03,3.03,3.03,3.03,2060,0
20101210,3.27,3.27,3.27,3.27,52,0
20101213,3.18,3.18,3.18,3.18,166,0
20101215,3.27,3.27,3.27,3.27,4,0
20101216,3.3,3.3,3.3,3.3,0,0
20101217,3.06,3.06,3.06,3.06,266,0
20101220,3.09,3.09,3.06,3.06,1666,0
20101222,3.06,3.18,3.06,3.18,434,0
20101227,3.06,3.06,3.06,3.06,976,0
20101230,3.06,3.06,3.06,3.06,308,0
20101231,3.03,3.03,3.03,3.03,334,0
20110103,3.03,3.03,3.03,3.03,50,0
20110104,3.06,3.06,3.06,3.06,66,0
20110107,3.15,3.15,3.15,3.15,0,0
20110110,3.21,3.36,3.21,3.36,4570,0
20110111,3.45,3.45,3.33,3.33,3650,0
20110112,3.48,3.57,3.48,3.57,6524,0
20110113,3.6,3.6,3.6,3.6,3200,0
20110114,3.6,3.6,3.6,3.6,840,0
20110117,3.84,3.9,3.84,3.9,6640,0
20110118,3.9,4.14,3.9,4.14,1130,0
20110119,3.78,4.14,3.78,4.14,1670,0
20110120,4.2,4.5,4.2,4.5,3034,0
20110121,4.65,4.65,4.65,4.65,12936,0
20110124,4.8,4.8,4.8,4.8,2466,0
20110125,4.86,4.86,4.86,4.86,408,0
20110126,4.65,4.83,4.65,4.83,5490,0
20110127,4.65,4.65,4.65,4.65,1518,0
20110128,4.83,4.83,4.8,4.8,74,0
20110201,4.8,4.83,4.8,4.83,2804,0
20110202,4.86,4.86,4.83,4.83,66,0
20110203,4.65,4.83,4.65,4.83,3866,0
20110204,4.83,4.83,4.83,4.83,288,0
20110207,4.83,4.83,4.83,4.83,20,0
20110208,4.56,4.56,4.56,4.56,1144,0
20110210,4.41,4.44,4.41,4.44,576,0
20110211,4.41,4.41,4.41,4.41,3784,0
20110215,4.23,4.35,4.23,4.35,266,0
20110218,4.35,4.35,4.35,4.35,334,0
20110223,4.05,4.05,4.02,4.02,2086,0
20110224,4.35,4.35,4.35,4.35,6,0
20110307,4.32,4.32,4.32,4.32,150,0
20110308,4.29,4.29,4.23,4.23,334,0
20110309,4.05,4.08,4.05,4.08,1094,0
20110310,4.05,4.05,4.05,4.05,120,0
20110311,3.63,3.63,3.63,3.63,2000,0
20110314,3.45,3.45,3.45,3.45,3686,0
20110315,4.32,4.32,4.32,4.32,40,0
20110316,3.9,3.9,3.9,3.9,1076,0
20110317,3.9,3.9,3.9,3.9,1074,0
20110318,4.32,4.32,4.32,4.32,26,0
20110321,3.75,3.75,3.75,3.75,434,0
20110322,4.32,4.32,4.05,4.05,130,0
20110324,4.29,4.29,4.29,4.29,134,0
20110325,3.9,3.9,3.9,3.9,822,0
20110328,3.9,3.9,3.78,3.78,2762,0
20110330,3.75,3.75,3.75,3.75,334,0
20110331,3.72,3.72,3.72,3.72,336,0
20110401,3.6,3.69,3.6,3.69,600,0
20110405,3.36,3.36,3.36,3.36,34,0
20110406,3.87,3.87,3.87,3.87,66,0
20110407,3.87,3.87,3.87,3.87,34,0
20110412,3.9,3.9,3.9,3.9,34,0
20110415,3.6,3.9,3.6,3.9,2558,0
20110418,3.87,3.87,3.87,3.87,1188,0
20110428,3.87,3.87,3.87,3.87,38,0
20110429,3.3,3.51,3.3,3.51,634,0
20110502,3.51,3.51,3.51,3.51,226,0
20110504,3.57,3.81,3.57,3.81,174,0
20110506,3.69,3.69,3.69,3.69,524,0
20110509,3.69,3.69,3.51,3.51,2892,0
20110510,3.6,3.6,3.6,3.6,2382,0
20110511,3.66,3.66,3.66,3.66,1884,0
20110513,3.45,3.45,3.33,3.33,1842,0
20110516,3.33,3.33,3.15,3.15,3198,0
20110517,3,3.03,3,3.03,18934,0
20110518,3.03,3.03,3.03,3.03,5682,0
20110519,3.03,3.03,2.91,2.91,5344,0
20110523,3.24,3.24,3.21,3.21,1500,0
20110524,3.24,3.24,3.21,3.21,1650,0
20110525,3.27,3.27,3.27,3.27,266,0
20110526,3.33,3.33,3.33,3.33,1624,0
20110527,3.54,3.54,3.36,3.36,200,0
20110530,3.36,3.42,3.36,3.42,608,0
20110531,3.42,3.42,3.09,3.09,652,0
20110601,3.12,3.51,3.12,3.51,2444,0
20110602,3.42,3.42,3.39,3.39,724,0
20110603,3.39,3.39,3.33,3.33,334,0
20110606,3.33,3.33,3.3,3.3,1566,0
20110608,3.27,3.27,3.27,3.27,4,0
20110609,3.27,3.27,3.27,3.27,2328,0
20110610,2.94,2.94,2.94,2.94,136,0
20110617,2.94,2.94,2.94,2.94,170,0
20110629,2.97,2.97,2.97,2.97,334,0
20110630,3,3,3,3,124,0
20110701,3.03,3.06,3.03,3.06,1272,0
20110705,3.42,3.42,3.12,3.12,128,0
20110706,3.42,3.42,3.42,3.42,108,0
20110707,3.18,3.18,3.18,3.18,34,0
20110708,3.3,3.3,3.3,3.3,350,0
20110711,3.18,3.18,3.18,3.18,528,0
20110714,3.12,3.15,3.12,3.15,1006,0
20110804,3,3,3,3,334,0
20110805,3.24,3.24,3.24,3.24,140,0
20110810,2.94,2.94,2.94,2.94,166,0
20110818,3,3,3,3,266,0
20110819,2.88,2.88,2.82,2.82,306,0
20110822,2.67,2.67,2.67,2.67,140,0
20110902,3.21,3.21,3.21,3.21,66,0
20110909,3.21,3.21,3.21,3.21,6,0
20110927,2.49,2.49,2.49,2.49,20,0
20110929,2.7,2.7,2.7,2.7,268,0
20111005,2.4,2.4,2.4,2.4,230,0
20111006,2.4,2.4,2.4,2.4,334,0
20111017,2.97,2.97,2.97,2.97,166,0
20111018,2.94,2.94,2.94,2.94,500,0
20111019,2.43,2.43,2.43,2.43,34,0
20111021,2.85,2.85,2.85,2.85,78,0
20111024,2.4,2.4,2.4,2.4,34,0
20111025,2.55,2.55,2.55,2.55,534,0
20111026,2.7,2.7,2.7,2.7,172,0
20111027,2.43,2.43,2.43,2.43,34,0
20111031,2.7,2.7,2.7,2.7,336,0
20111107,2.4,2.46,2.4,2.46,500,0
20111110,2.4,2.4,2.4,2.4,934,0
20111115,2.13,2.13,2.13,2.13,34,0
20111118,2.4,2.4,2.4,2.4,4,0
20111128,2.22,2.22,2.04,2.04,6636,0
20111129,2.22,2.22,2.07,2.07,266,0
20111201,1.92,1.92,1.89,1.89,390,0
20111205,2.1,2.1,1.89,1.89,6900,0
20111206,1.95,1.95,1.95,1.95,4868,0
20111207,1.86,1.89,1.86,1.89,932,0
20111208,1.71,1.71,1.71,1.71,66,0
20111209,1.68,1.68,1.44,1.44,386,0
20111212,1.44,1.44,1.44,1.44,200,0
20111213,1.8,1.8,1.8,1.8,364,0
20111214,1.68,1.68,1.68,1.68,16,0
20111215,1.83,1.83,1.83,1.83,666,0
20111216,1.68,1.68,1.68,1.68,66,0
20111219,1.8,1.8,1.8,1.8,334,0
20111220,1.62,1.62,1.62,1.62,50,0
20111221,1.5,1.5,1.35,1.35,248,0
20111222,1.53,1.53,1.53,1.53,8950,0
20111223,1.53,1.74,1.53,1.74,82,0
20111227,1.68,1.71,1.68,1.71,400,0
20111228,1.68,1.68,1.68,1.68,84,0
20111229,1.68,1.68,1.68,1.68,1212,0
20111230,1.83,2.01,1.83,2.01,1650,0
20120102,2.19,2.4,2.19,2.4,3154,0
20120103,2.64,2.88,2.64,2.88,5352,0
20120104,3.15,3.45,3.15,3.45,12782,0
20120105,3.78,4.14,3.78,4.14,13264,0
20120109,4.53,4.53,4.53,4.53,3366,0
20120110,5.55,6.09,5.55,6.09,15840,0
20120111,6.45,6.45,5.85,5.85,8210,0
20120112,6.42,7.05,6.42,7.05,40922,0
20120113,8.94,8.94,8.94,8.94,21268,0
20120116,9,9,9,9,11898,0
20120117,8.4,8.97,8.4,8.97,4238,0
20120118,8.1,8.1,7.95,7.95,10650,0
20120119,7.68,7.68,7.62,7.62,2604,0
20120120,7.65,7.65,7.62,7.62,1156,0
20120123,6.21,6.21,6.21,6.21,2016,0
20120124,7.35,7.35,7.35,7.35,5480,0
20120125,6.96,6.96,6.9,6.9,2214,0
20120126,6.45,6.93,6.45,6.93,544,0
20120127,6.27,6.33,6.27,6.33,1404,0
20120130,6.03,6.06,6.03,6.06,1334,0
20120131,6.9,7.32,6.9,7.32,3466,0
20120201,6.57,6.84,6.57,6.84,1574,0
20120202,7.05,7.05,7.05,7.05,1218,0
20120203,7.44,8.4,7.44,8.4,3662,0
20120206,9.09,9.6,9.09,9.6,8888,0
20120207,10.2,11.7,10.2,11.7,5776,0
20120208,13.32,15.03,13.32,15.03,9334,0
20120209,17.85,17.85,17.85,17.85,5530,0
20120210,17.82,17.82,15.6,15.6,3568,0
20120213,13.8,13.8,12.45,12.45,14520,0
20120214,13.05,14.4,13.05,14.4,4952,0
20120215,15.9,16.83,15.9,16.83,2908,0
20120216,16.5,16.5,15,15,1178,0
20120217,15,16.47,15,16.47,764,0
20120220,16.53,16.53,16.35,16.35,1588,0
20120221,14.49,14.49,13.53,13.53,3034,0
20120222,14.4,14.4,14.4,14.4,436,0
20120223,14.4,14.4,12.9,12.9,170,0
20120224,12.9,13.8,12.9,13.8,2018,0
20120227,12.36,12.75,12.36,12.75,1288,0
20120228,11.73,11.73,11.67,11.67,2454,0
20120229,11.64,11.64,11.58,11.58,390,0
20120301,11.58,11.58,11.58,11.58,2,0
20120302,10.44,10.44,10.44,10.44,1820,0
20120305,10.41,10.41,10.41,10.41,1060,0
20120306,10.41,10.41,10.41,10.41,0,0
20120307,8.07,9.36,8.07,9.36,136,0
20120309,11.4,12.63,11.4,12.63,570,0
20120312,13.8,15.03,13.8,15.03,5728,0
20120313,15.78,15.78,15.03,15.03,3328,0
20120314,15.75,15.75,13.92,13.92,358,0
20120315,14.25,14.25,13.92,13.92,152,0
20120316,15.12,15.12,14.97,14.97,126,0
20120319,14.94,14.94,14.94,14.94,96636,0
20120320,14.94,14.94,14.94,14.94,66,0
20120321,16.5,19.32,16.5,19.32,18098,0
20120322,25.11,25.11,25.11,25.11,9632,0
20120323,26.97,26.97,24.57,24.57,6250,0
20120326,20.1,20.1,20.1,20.1,1124,0
20120327,23.67,23.67,20.97,20.97,616,0
20120328,23.52,23.52,22.35,22.35,1436,0
20120329,20.94,20.94,19.8,19.8,668,0
20120330,19.71,19.71,18.99,18.99,298,0
20120402,24,24,24,24,6548,0
20120403,23.97,23.97,21.75,21.75,2494,0
20120404,21,21,19.5,19.5,1112,0
20120405,21,23.1,20.94,23.1,3228,0
20120410,27.03,30,26.91,30,36046,0
20120411,30.45,36,30.15,36,5298,0
20120412,41.97,44.91,28.5,41.7,37022,0
20120413,43.23,44.4,38.91,38.91,8952,0
20120416,35.7,38.1,32.13,32.13,7796,0
20120417,29.97,36.21,27,28.65,18472,0
20120418,29.97,29.97,21,21.75,24432,0
20120419,23.31,25.47,18.9,25.41,27050,0
20120420,28.2,30.6,20.58,23.97,95848,0
20120423,23.67,23.94,19.89,22.8,8490,0
20120424,22.2,23.91,21.06,23.7,10568,0
20120425,24.57,24.57,22.14,22.98,1720,0
20120426,22.95,26.64,21.6,25.2,21374,0
20120427,22.8,24.48,18.48,18.9,169392,0
20120430,17.1,19.65,16.8,18.66,21364,0
20120502,19.35,19.35,17.82,18.33,7714,0
20120504,18.6,19.8,18.24,19.35,11064,0
20120507,18,19.2,16.2,16.5,85576,0
20120508,15,16.17,13.47,13.47,99626,0
20120509,12.6,13.65,10.74,12.3,60154,0
20120510,13.05,13.47,11.76,12.87,29190,0
20120511,12.81,12.87,12,12.6,3860,0
20120514,12.9,12.9,11.58,11.58,6094,0
20120515,11.91,11.91,10.74,10.86,4052,0
20120516,10.8,10.8,9.81,10.38,6392,0
20120517,10.26,10.71,9.45,9.54,2804,0
20120518,9.39,9.51,8.37,9.27,58892,0
20120521,9.9,10.89,9.84,10.89,20234,0
20120522,11.97,13.14,11.91,13.14,19594,0
20120523,15.45,16.98,15,16.98,47194,0
20120524,18.45,20.1,15,16.89,43232,0
20120525,15.54,15.9,14.13,14.73,14168,0
20120528,15.87,17.58,15.87,17.28,13468,0
20120529,17.4,18.15,15.81,16.65,15660,0
20120530,16.05,16.92,15.6,16.08,6654,0
20120531,16.71,17.4,15.9,16.65,9932,0
20120601,16.77,17.01,15.9,16.68,2926,0
20120604,16.8,16.8,15,15.06,3438,0
20120605,15.03,16.05,15,15.57,2540,0
20120606,15.9,15.9,15.03,15.84,1734,0
20120608,15.9,15.9,15.15,15.69,782,0
20120611,15.87,15.87,15.3,15.54,3200,0
20120612,15.03,15.39,13.8,14.82,3152,0
20120613,14.82,15.78,14.82,15.66,726,0
20120614,15.54,15.54,14.76,15.21,504,0
20120615,15.12,15.12,13.71,14.58,2886,0
20120618,15,15.27,14.4,14.91,3330,0
20120619,15.06,15.12,14.16,14.85,746,0
20120620,14.79,14.79,12,12.6,10542,0
20120621,12.3,12.3,11.19,11.7,7898,0
20120622,11.64,14.4,11.4,14.4,4678,0
20120625,15.81,16.5,14.1,14.1,4922,0
20120626,14.55,15.15,13.47,14.25,434,0
20120627,13.65,13.74,12.9,13.47,1742,0
20120628,13.56,13.56,12.21,13.5,1624,0
20120629,14.4,14.7,13.05,13.8,2342,0
20120702,14.4,14.4,13.05,13.74,1280,0
20120703,13.74,14.37,12.6,13.5,2488,0
20120704,13.5,16.26,12.75,16.2,19172,0
20120705,17.1,19.77,17.1,19.77,20188,0
20120709,25.59,25.59,25.59,25.59,16796,0
20120710,27.3,28.05,19.8,22.5,21044,0
20120711,20.25,22.2,18.63,19.47,13568,0
20120712,17.85,19.47,16.08,17.1,9212,0
20120713,18.3,19.5,16.65,18.3,11662,0
20120716,19.47,21,18.51,19.05,7712,0
20120717,20.07,20.07,18.09,18.84,5624,0
20120718,18.87,18.87,16.26,16.26,6762,0
20120719,15,16.47,13.5,15.75,69180,0
20120720,14.4,15.75,12.96,13.41,111514,0
20120723,13.32,14.7,12.9,14.25,10360,0
20120724,13.32,14.55,12,12.54,114860,0
20120725,12.9,13.5,11.61,12.18,34968,0
20120726,10.98,11.31,9.9,10.65,135526,0
20120727,9.99,10.62,9,9,115404,0
20120730,8.31,11.4,8.16,11.4,101192,0
20120731,11.94,13.08,10.77,11.4,227680,0
20120801,10.32,10.95,9.3,9.3,280626,0
20120802,9.9,9.9,8.91,9.03,184194,0
20120803,8.31,8.46,7.05,7.08,268704,0
20120806,7.77,7.95,7.02,7.14,441662,0
20120807,7.41,7.77,6.69,6.69,196810,0
20120808,6.9,6.9,5.61,5.61,451012,0
20120809,5.88,7.08,5.55,6.15,508482,0
20120810,6.72,6.72,5.46,5.55,526116,0
20120813,6.06,6.06,5.46,5.55,423716,0
20120814,5.31,5.4,4.8,4.83,317004,0
20120816,5.04,5.25,4.56,4.95,117894,0
20120817,4.95,5.94,4.74,5.94,131330,0
20120820,6.48,6.48,5.28,5.46,441308,0
20120821,4.98,5.22,4.5,4.56,557044,0
20120822,4.32,4.32,3.9,3.9,454508,0
20120823,3.66,4.02,3.3,3.81,1132734,0
20120824,4.11,4.11,3,3,1313630,0
20120827,3.03,3.9,3,3.9,918494,0
20120828,4.2,4.5,3.42,3.69,1814166,0
20120829,3.33,3.51,3,3.09,2416088,0
20120830,3.33,3.45,3,3.12,884422,0
20120831,3.15,3.27,2.85,3,780862,0
20120903,2.7,2.76,2.43,2.43,1065994,0
20120904,2.43,3.06,2.4,3.06,714456,0
20120905,3.09,3.81,3.06,3.81,392750,0
20120906,4.11,4.95,4.08,4.95,469190,0
20120907,4.65,5.1,4.2,4.2,1899954,0
20120910,4.62,4.77,4.17,4.41,551442,0
20120911,3.99,4.11,3.24,3.3,2295020,0
20120912,3.63,3.93,2.97,3.06,2570342,0
20120913,3.09,3.36,2.79,2.88,1951500,0
20120914,3.12,3.12,2.55,2.64,3409482,0
20120917,2.64,2.67,2.16,2.22,3850280,0
20120918,2.16,2.22,1.77,1.77,6047586,0
20120919,1.71,2.19,1.65,2.16,3904252,0
20120920,2.25,2.31,1.83,1.83,4657600,0
20120921,1.83,1.89,1.65,1.74,4107086,0
20120924,1.83,1.86,1.5,1.5,6975558,0
20120925,1.5,1.59,1.14,1.23,8136488,0
20120926,1.2,1.44,1.14,1.26,4307614,0
20120927,1.32,1.35,0.96,0.96,8002632,0
20120928,0.96,1.05,0.87,0.99,1786154,0
20121001,0.99,1.2,0.9,1.2,3136926,0
20121002,1.26,1.53,1.26,1.53,4181954,0
20121003,1.62,1.71,1.35,1.41,6297156,0
20121004,1.41,1.44,1.32,1.38,751270,0
20121005,1.38,1.56,1.35,1.47,2654736,0
20121008,1.47,1.65,1.38,1.5,2756906,0
20121009,1.59,1.71,1.53,1.59,3164088,0
20121010,1.59,1.68,1.53,1.59,1372492,0
20121011,1.62,1.68,1.56,1.62,991336,0
20121012,1.62,1.68,1.5,1.53,1265342,0
20121015,1.5,1.5,1.38,1.44,837116,0
20121016,1.44,1.44,1.32,1.35,529370,0
20121017,1.32,1.35,1.11,1.2,1524160,0
20121018,1.17,1.38,1.17,1.38,1343434,0
20121019,1.38,1.41,1.26,1.29,917600,0
20121022,1.32,1.35,1.29,1.32,239760,0
20121023,1.29,1.32,1.2,1.23,306368,0
20121024,1.23,1.26,1.2,1.2,175002,0
20121025,1.23,1.26,1.11,1.17,475162,0
20121026,1.14,1.2,1.11,1.2,247268,0
20121029,1.2,1.2,1.11,1.17,162900,0
20121030,1.14,1.17,1.08,1.11,138030,0
20121031,1.11,1.17,1.11,1.17,119284,0
20121102,1.17,1.17,1.11,1.17,77230,0
20121105,1.14,1.17,1.11,1.14,96882,0
20121106,1.14,1.14,1.08,1.08,123826,0
20121107,1.08,1.11,0.99,1.02,223482,0
20121108,1.02,1.14,1.02,1.14,281398,0
20121109,1.14,1.17,1.08,1.11,154878,0
20121112,1.11,1.11,1.05,1.08,146362,0
20121113,1.05,1.08,1.02,1.05,76710,0
20121114,1.05,1.11,1.05,1.08,247992,0
20121115,1.05,1.05,1.02,1.05,88238,0
20121116,1.05,1.05,0.96,0.99,168848,0
20121119,0.99,1.05,0.96,1.02,245724,0
20121120,1.02,1.26,0.99,1.11,1003168,0
20121121,1.14,1.23,1.14,1.17,346696,0
20121122,1.2,1.2,1.11,1.11,238796,0
20121123,1.14,1.17,1.11,1.14,82092,0
20121126,1.14,1.17,1.08,1.11,102768,0
20121127,1.08,1.11,1.05,1.08,101792,0
20121128,1.08,1.14,1.08,1.11,83048,0
20121129,1.11,1.14,1.08,1.11,44554,0
20121130,1.08,1.11,1.08,1.11,78160,0
20121203,1.11,1.11,1.08,1.08,21806,0
20121204,1.11,1.11,1.08,1.08,22652,0
20121205,1.08,1.08,1.08,1.08,83788,0
20121206,1.08,1.08,1.02,1.05,113362,0
20121207,1.05,1.08,0.99,1.02,249564,0
20121210,1.02,1.05,0.99,1.02,85966,0
20121211,1.02,1.05,0.99,1.05,51950,0
20121212,1.02,1.08,0.99,1.05,182628,0
20121213,1.08,1.08,1.02,1.05,91040,0
20121214,1.05,1.08,1.02,1.02,93610,0
20121217,1.05,1.2,1.02,1.17,635016,0
20121218,1.17,1.2,1.08,1.08,232162,0
20121219,1.08,1.11,1.05,1.08,145914,0
20121220,1.11,1.11,1.02,1.05,217902,0
20121221,1.05,1.08,1.02,1.05,117276,0
20121227,1.05,1.08,1.02,1.05,102936,0
20121228,1.08,1.11,1.02,1.08,159906,0
20130102,1.02,1.11,1.02,1.11,264604,0
20130103,1.11,1.11,1.05,1.08,119918,0
20130104,1.08,1.11,1.05,1.11,69116,0
20130107,1.08,1.26,1.08,1.2,797866,0
20130108,1.17,1.17,1.11,1.11,202582,0
20130109,1.11,1.14,1.08,1.08,85930,0
20130110,1.11,1.2,1.08,1.11,242288,0
20130111,1.14,1.17,1.11,1.14,132884,0
20130114,1.17,1.23,1.14,1.2,345046,0
20130115,1.23,1.23,1.14,1.17,347536,0
20130116,1.17,1.32,1.14,1.32,1029892,0
20130117,1.29,1.38,1.23,1.26,776062,0
20130118,1.26,1.29,1.23,1.23,294472,0
20130121,1.26,1.29,1.23,1.26,262756,0
20130122,1.26,1.26,1.17,1.2,270226,0
20130123,1.23,1.23,1.17,1.17,84910,0
20130124,1.17,1.23,1.17,1.23,161890,0
20130125,1.23,1.23,1.17,1.17,121650,0
20130128,1.2,1.2,1.14,1.17,88240,0
20130129,1.17,1.17,1.11,1.11,134982,0
20130130,1.14,1.17,1.11,1.14,81058,0
20130131,1.14,1.17,1.11,1.14,96666,0
20130201,1.11,1.14,1.05,1.05,237208,0
20130204,1.08,1.11,1.05,1.08,99678,0
20130205,1.08,1.08,1.05,1.05,29734,0
20130206,1.08,1.11,1.05,1.08,84348,0
20130207,1.08,1.11,1.08,1.11,26906,0
20130208,1.05,1.11,1.05,1.08,25182,0
20130211,1.08,1.11,1.05,1.05,21506,0
20130212,1.08,1.08,1.02,1.05,150912,0
20130213,1.02,1.05,1.02,1.02,74528,0
20130214,0.99,1.02,0.96,1.02,93330,0
20130215,1.02,1.02,0.99,1.02,27296,0
20130218,1.02,1.02,0.96,0.96,41236,0
20130219,0.96,1.11,0.96,1.05,304284,0
20130220,1.05,1.05,1.02,1.05,28914,0
20130221,1.02,1.02,0.99,1.02,122578,0
20130222,0.99,1.02,0.99,0.99,15106,0
20130225,0.99,1.02,0.99,0.99,43858,0
20130226,0.99,0.99,0.96,0.96,22402,0
20130227,0.96,1.02,0.96,1.02,32676,0
20130228,0.99,1.05,0.99,1.02,41536,0
20130301,0.99,1.02,0.99,1.02,42092,0
20130304,0.99,1.02,0.96,1.02,53430,0
20130305,1.02,1.02,0.99,0.99,40070,0
20130306,1.02,1.02,0.96,0.96,66464,0
20130307,0.96,0.99,0.93,0.99,53194,0
20130308,0.96,0.99,0.93,0.99,34798,0
20130311,0.99,1.02,0.96,1.02,52550,0
20130312,0.99,0.99,0.93,0.96,88956,0
20130313,0.93,0.99,0.93,0.99,48988,0
20130314,1.02,1.11,0.99,0.99,661890,0
20130315,1.02,1.02,0.96,0.99,99720,0
20130318,0.99,0.99,0.96,0.99,93940,0
20130319,0.99,0.99,0.93,0.96,154638,0
20130320,0.96,0.99,0.93,0.96,24792,0
20130321,0.96,1.05,0.96,0.99,216286,0
20130322,1.02,1.05,0.96,0.99,115484,0
20130325,0.96,0.99,0.93,0.99,100426,0
20130326,0.93,0.96,0.93,0.96,31058,0
20130327,0.93,0.96,0.93,0.96,74788,0
20130328,0.96,0.99,0.93,0.96,83954,0
20130402,0.93,0.96,0.93,0.96,14152,0
20130403,0.93,0.93,0.87,0.9,87858,0
20130404,0.9,0.9,0.81,0.84,141658,0
20130405,0.84,0.87,0.78,0.81,76770,0
20130408,0.81,0.84,0.75,0.78,101762,0
20130409,0.81,0.81,0.75,0.81,96076,0
20130410,0.78,0.78,0.72,0.72,56446,0
20130411,0.72,0.75,0.63,0.72,293524,0
20130412,0.72,0.72,0.66,0.66,33984,0
20130415,0.69,0.69,0.57,0.57,110662,0
20130417,0.57,0.6,0.51,0.51,152556,0
20130418,0.48,0.54,0.45,0.48,274700,0
20130419,0.48,0.51,0.48,0.51,53252,0
20130422,0.54,0.69,0.54,0.69,263034,0
20130423,0.78,0.81,0.6,0.6,764848,0
20130424,0.57,0.69,0.57,0.6,154582,0
20130425,0.63,0.66,0.57,0.57,69158,0
20130426,0.57,0.6,0.57,0.57,21034,0
20130429,0.57,0.57,0.54,0.57,17430,0
20130430,0.57,0.57,0.54,0.57,11862,0
20130502,0.54,0.6,0.54,0.6,24452,0
20130506,0.6,0.63,0.6,0.6,20386,0
20130507,0.6,0.69,0.57,0.63,184828,0
20130508,0.63,0.66,0.6,0.66,64610,0
20130509,0.63,0.66,0.6,0.6,47862,0
20130510,0.6,0.63,0.6,0.6,26842,0
20130513,0.6,0.63,0.6,0.6,14536,0
20130514,0.6,0.63,0.6,0.6,35644,0
20130515,0.6,0.6,0.6,0.6,12822,0
20130516,0.63,0.66,0.57,0.6,78886,0
20130517,0.57,0.63,0.57,0.6,15642,0
20130520,0.6,0.6,0.57,0.6,30104,0
20130521,0.6,0.6,0.57,0.6,45860,0
20130522,0.6,0.6,0.57,0.57,2302,0
20130523,0.57,0.6,0.54,0.57,17162,0
20130524,0.54,0.57,0.54,0.57,16244,0
20130527,0.54,0.57,0.54,0.54,96760,0
20130528,0.57,0.63,0.54,0.63,341812,0
20130529,0.63,0.63,0.6,0.6,81436,0
20130531,0.57,0.72,0.57,0.69,266466,0
20130603,0.69,0.72,0.66,0.72,111052,0
20130604,0.72,0.75,0.66,0.69,174866,0
20130605,0.69,0.69,0.63,0.69,33282,0
20130606,0.66,0.69,0.66,0.66,15006,0
20130607,0.66,0.69,0.66,0.69,6110,0
20130610,0.69,0.69,0.63,0.66,114284,0
20130611,0.63,0.66,0.63,0.66,17032,0
20130612,0.63,0.69,0.63,0.69,65502,0
20130613,0.66,0.69,0.63,0.69,12900,0
20130614,0.69,0.69,0.66,0.69,12314,0
20130617,0.63,0.69,0.63,0.69,14966,0
20130618,0.69,0.69,0.63,0.66,22286,0
20130619,0.69,0.72,0.6,0.66,122212,0
20130620,0.63,0.63,0.6,0.63,83334,0
20130621,0.6,0.63,0.57,0.63,16784,0
20130624,0.57,0.63,0.57,0.6,94650,0
20130625,0.57,0.6,0.57,0.57,45678,0
20130626,0.57,0.6,0.57,0.57,36230,0
20130627,0.57,0.6,0.57,0.6,18396,0
20130628,0.57,0.6,0.57,0.6,7944,0
20130701,0.57,0.6,0.54,0.6,37640,0
20130702,0.6,0.6,0.57,0.6,2696,0
20130703,0.57,0.6,0.54,0.54,106432,0
20130704,0.57,0.57,0.54,0.54,16724,0
20130705,0.54,0.57,0.48,0.54,66502,0
20130708,0.54,0.54,0.51,0.51,7166,0
20130709,0.51,0.6,0.48,0.6,145858,0
20130710,0.57,0.57,0.51,0.54,241358,0
20130711,0.57,0.57,0.54,0.57,28796,0
20130712,0.54,0.57,0.51,0.54,56906,0
20130715,0.54,0.54,0.48,0.48,89970,0
20130716,0.51,0.54,0.48,0.51,29646,0
20130717,0.54,0.54,0.51,0.54,8034,0
20130718,0.51,0.54,0.51,0.51,16764,0
20130719,0.51,0.54,0.48,0.51,10726,0
20130722,0.51,0.54,0.48,0.54,12476,0
20130723,0.54,0.54,0.48,0.51,4786,0
20130724,0.51,0.54,0.48,0.51,2034,0
20130725,0.51,0.51,0.48,0.51,27908,0
20130726,0.51,0.51,0.48,0.51,2800,0
20130729,0.51,0.54,0.48,0.51,53872,0
20130730,0.51,0.51,0.48,0.51,17080,0
20130731,0.48,0.51,0.45,0.51,79608,0
20130801,0.48,0.51,0.48,0.51,11004,0
20130802,0.51,0.51,0.51,0.51,10634,0
20130805,0.48,0.51,0.48,0.51,32530,0
20130806,0.48,0.51,0.48,0.51,1000,0
20130807,0.45,0.48,0.45,0.48,20504,0
20130808,0.48,0.6,0.48,0.57,487260,0
20130809,0.54,0.57,0.54,0.54,180084,0
20130812,0.54,0.54,0.51,0.54,99888,0
20130813,0.51,0.54,0.51,0.54,12880,0
20130814,0.54,0.54,0.51,0.51,13680,0
20130816,0.54,0.54,0.51,0.51,8762,0
20130819,0.54,0.57,0.51,0.57,88958,0
20130820,0.54,0.57,0.54,0.57,26484,0
20130821,0.57,0.6,0.54,0.57,324742,0
20130822,0.57,0.57,0.54,0.57,34880,0
20130823,0.57,0.57,0.51,0.54,40948,0
20130826,0.57,0.57,0.51,0.51,180376,0
20130827,0.48,0.51,0.48,0.51,16308,0
20130828,0.48,0.51,0.48,0.51,5304,0
20130829,0.48,0.51,0.48,0.48,93230,0
20130830,0.48,0.51,0.48,0.51,3534,0
20130902,0.48,0.51,0.45,0.45,16838,0
20130903,0.45,0.48,0.42,0.45,59604,0
20130904,0.45,0.45,0.39,0.42,43810,0
20130905,0.42,0.45,0.39,0.42,115088,0
20130906,0.42,0.45,0.39,0.45,27648,0
20130909,0.45,0.48,0.42,0.48,30706,0
20130910,0.45,0.48,0.45,0.48,18152,0
20130911,0.45,0.45,0.42,0.45,16850,0
20130912,0.45,0.48,0.45,0.48,16568,0
20130913,0.48,0.48,0.45,0.48,5634,0
20130916,0.45,0.45,0.42,0.45,11068,0
20130917,0.45,0.48,0.42,0.45,9300,0
20130918,0.45,0.45,0.45,0.45,15896,0
20130919,0.45,0.48,0.45,0.48,10274,0
20130920,0.45,0.48,0.45,0.48,12576,0
20130923,0.45,0.45,0.42,0.42,11136,0
20130924,0.45,0.45,0.45,0.45,4666,0
20130925,0.45,0.48,0.45,0.48,3166,0
20130926,0.45,0.48,0.45,0.48,8318,0
20130927,0.45,0.48,0.45,0.48,9184,0
20130930,0.45,0.45,0.42,0.45,39402,0
20131001,0.45,0.45,0.45,0.45,4666,0
20131002,0.48,0.54,0.48,0.51,261134,0
20131003,0.51,0.63,0.51,0.6,730106,0
20131004,0.6,0.6,0.54,0.54,70594,0
20131007,0.54,0.57,0.54,0.54,101224,0
20131008,0.54,0.54,0.54,0.54,78372,0
20131009,0.54,0.6,0.51,0.54,94796,0
20131010,0.54,0.57,0.51,0.54,27546,0
20131011,0.57,0.6,0.54,0.54,114414,0
20131014,0.57,0.57,0.54,0.57,12756,0
20131015,0.57,0.57,0.54,0.57,30628,0
20131016,0.54,0.57,0.54,0.57,47576,0
20131017,0.54,0.57,0.54,0.57,21772,0
20131018,0.57,0.57,0.54,0.57,3434,0
20131021,0.57,0.57,0.54,0.57,15088,0
20131022,0.57,0.57,0.57,0.57,3334,0
20131023,0.57,0.57,0.54,0.57,9054,0
20131024,0.54,0.57,0.54,0.57,2046,0
20131025,0.54,0.57,0.54,0.57,2070,0
20131028,0.57,0.6,0.54,0.57,43402,0
20131029,0.57,0.63,0.57,0.6,108364,0
20131030,0.63,0.69,0.6,0.66,436482,0
20131031,0.66,0.66,0.63,0.66,77412,0
20131104,0.66,0.66,0.63,0.66,52992,0
20131105,0.63,0.63,0.6,0.63,22286,0
20131106,0.6,0.6,0.57,0.57,26658,0
20131107,0.6,0.6,0.57,0.57,24800,0
20131108,0.57,0.6,0.57,0.6,10234,0
20131112,0.6,0.6,0.6,0.6,3356,0
20131113,0.6,0.6,0.54,0.54,30944,0
20131114,0.54,0.6,0.54,0.6,10404,0
20131115,0.6,0.6,0.57,0.57,1842,0
20131118,0.57,0.57,0.54,0.54,20384,0
20131119,0.54,0.57,0.54,0.57,72870,0
20131120,0.54,0.54,0.51,0.54,10850,0
20131121,0.54,0.54,0.54,0.54,4000,0
20131122,0.54,0.57,0.54,0.54,5810,0
20131125,0.54,0.57,0.51,0.51,42738,0
20131126,0.54,0.54,0.51,0.54,3960,0
20131127,0.54,0.54,0.51,0.51,36664,0
20131128,0.51,0.51,0.45,0.45,102146,0
20131129,0.48,0.51,0.48,0.51,90096,0
20131202,0.48,0.48,0.48,0.48,13746,0
20131203,0.48,0.51,0.45,0.51,18072,0
20131204,0.48,0.51,0.48,0.51,8666,0
20131205,0.48,0.51,0.48,0.51,1856,0
20131206,0.48,0.51,0.48,0.51,3338,0
20131209,0.51,0.51,0.48,0.48,69098,0
20131210,0.51,0.51,0.45,0.48,9362,0
20131211,0.48,0.48,0.45,0.48,2144,0
20131212,0.48,0.48,0.45,0.48,22798,0
20131213,0.45,0.48,0.45,0.48,15896,0
20131216,0.45,0.48,0.45,0.48,85072,0
20131217,0.45,0.48,0.42,0.42,27394,0
20131218,0.42,0.48,0.42,0.48,47186,0
20131219,0.48,0.48,0.45,0.48,56684,0
20131220,0.45,0.48,0.45,0.45,56330,0
20131223,0.48,0.51,0.45,0.48,39972,0
20131227,0.48,0.57,0.48,0.57,323392,0
20131230,0.57,0.6,0.54,0.57,282778,0
20140102,0.57,0.6,0.51,0.54,123260,0
20140103,0.51,0.57,0.51,0.57,33896,0
20140107,0.54,0.57,0.51,0.57,93410,0
20140108,0.54,0.54,0.51,0.54,33170,0
20140109,0.54,0.54,0.51,0.54,23114,0
20140110,0.54,0.54,0.51,0.54,22848,0
20140113,0.51,0.54,0.51,0.54,33048,0
20140114,0.51,0.54,0.51,0.54,3928,0
20140115,0.54,0.54,0.51,0.54,49396,0
20140116,0.54,0.57,0.54,0.57,4696,0
20140117,0.57,0.63,0.57,0.6,346276,0
20140120,0.57,0.63,0.57,0.6,80410,0
20140121,0.57,0.66,0.57,0.63,289882,0
20140122,0.66,0.9,0.63,0.9,945428,0
20140123,0.99,1.08,0.81,0.81,2197898,0
20140124,0.81,0.99,0.81,0.9,951200,0
20140127,0.87,1.02,0.87,1.02,799454,0
20140128,1.05,1.11,0.99,1.05,841962,0
20140129,1.08,1.08,0.93,0.96,405964,0
20140130,0.93,1.02,0.9,0.93,365176,0
20140131,0.93,0.93,0.87,0.93,145772,0
20140203,0.93,0.93,0.87,0.9,127296,0
20140204,0.87,0.9,0.81,0.87,420632,0
20140205,0.87,0.96,0.87,0.93,338488,0
20140206,0.96,0.96,0.87,0.93,185256,0
20140207,0.87,0.93,0.87,0.87,172750,0
20140210,0.87,0.9,0.81,0.81,218534,0
20140211,0.84,0.87,0.84,0.87,91670,0
20140212,0.84,0.9,0.84,0.84,165538,0
20140213,0.84,0.87,0.81,0.87,165662,0
20140214,0.87,0.9,0.84,0.87,118352,0
20140217,0.84,0.9,0.81,0.84,141124,0
20140218,0.84,0.9,0.78,0.87,422188,0
20140219,0.87,0.96,0.84,0.9,660180,0
20140220,0.87,0.9,0.84,0.9,96798,0
20140221,0.87,0.93,0.87,0.9,86318,0
20140224,0.9,0.9,0.87,0.9,122612,0
20140225,0.87,0.87,0.84,0.87,153968,0
20140226,0.84,0.87,0.81,0.84,156254,0
20140227,0.84,0.84,0.78,0.84,76072,0
20140228,0.84,0.84,0.78,0.78,43352,0
20140319,0.825,0.825,0.67,0.67,311754,0
20140320,0.63,0.65,0.62,0.62,195090,0
20140321,0.615,0.675,0.59,0.67,112712,0
20140324,0.67,0.67,0.64,0.64,20474,0
20140325,0.65,0.65,0.61,0.615,52814,0
20140326,0.62,0.745,0.615,0.745,340220,0
20140327,0.83,0.875,0.75,0.79,588878,0
20140328,0.765,0.81,0.715,0.715,129272,0
20140331,0.715,0.835,0.715,0.795,182374,0
20140401,0.82,0.82,0.775,0.8,53716,0
20140402,0.795,0.84,0.78,0.8,150524,0
20140403,0.8,0.8,0.77,0.775,81458,0
20140404,0.815,0.845,0.79,0.805,123940,0
20140407,0.795,0.82,0.78,0.8,83758,0
20140408,0.805,0.81,0.785,0.795,52594,0
20140409,0.8,0.805,0.755,0.775,92426,0
20140410,0.795,0.795,0.765,0.785,47312,0
20140411,0.785,0.79,0.755,0.79,34534,0
20140414,0.765,0.785,0.755,0.785,25484,0
20140415,0.76,0.775,0.75,0.75,22686,0
20140416,0.75,0.765,0.735,0.755,22874,0
20140417,0.755,0.765,0.74,0.74,11098,0
20140422,0.74,0.74,0.705,0.72,36052,0
20140423,0.71,0.73,0.7,0.705,83976,0
20140424,0.7,0.71,0.68,0.68,14206,0
20140425,0.685,0.725,0.65,0.66,112088,0
20140428,0.69,0.69,0.655,0.67,43844,0
20140429,0.675,0.685,0.655,0.67,16728,0
20140430,0.67,0.67,0.66,0.66,6696,0
20140502,0.63,0.67,0.63,0.67,7168,0
20140505,0.67,0.67,0.645,0.66,14776,0
20140506,0.645,0.655,0.63,0.65,11940,0
20140507,0.635,0.635,0.61,0.61,66490,0
20140508,0.61,0.62,0.6,0.605,35698,0
20140509,0.565,0.61,0.54,0.61,99214,0
20140512,0.615,0.64,0.6,0.615,25186,0
20140513,0.64,0.64,0.615,0.635,19438,0
20140514,0.64,0.64,0.625,0.635,5222,0
20140515,0.625,0.64,0.625,0.64,8400,0
20140516,0.625,0.67,0.625,0.65,7194,0
20140519,0.65,0.65,0.615,0.615,240,0
20140520,0.63,0.63,0.585,0.595,72590,0
20140521,0.6,0.6,0.57,0.585,15432,0
20140522,0.595,0.62,0.585,0.605,44080,0
20140523,0.615,0.67,0.61,0.67,112834,0
20140526,0.67,0.67,0.605,0.65,32560,0
20140527,0.65,0.66,0.61,0.625,54362,0
20140528,0.63,0.64,0.59,0.64,21806,0
20140529,0.595,0.63,0.595,0.62,51028,0
20140530,0.585,0.625,0.585,0.625,6334,0
20140602,0.6,0.62,0.595,0.62,10644,0
20140603,0.62,0.635,0.595,0.63,41790,0
20140604,0.63,0.64,0.6,0.64,11466,0
20140605,0.64,0.645,0.64,0.645,600,0
20140606,0.62,0.635,0.6,0.635,22810,0
20140609,0.635,0.635,0.605,0.625,23098,0
20140610,0.625,0.635,0.6,0.635,9022,0
20140611,0.605,0.63,0.605,0.63,14000,0
20140612,0.625,0.63,0.605,0.63,8894,0
20140613,0.605,0.63,0.595,0.63,30060,0
20140616,0.63,0.63,0.6,0.63,3534,0
20140617,0.63,0.63,0.605,0.62,182,0
20140618,0.605,0.625,0.605,0.625,656,0
20140620,0.625,0.625,0.605,0.615,7544,0
20140623,0.615,0.615,0.595,0.615,12034,0
20140624,0.615,0.615,0.59,0.61,788,0
20140625,0.61,0.61,0.58,0.595,14462,0
20140627,0.595,0.6,0.595,0.6,7384,0
20140630,0.59,0.59,0.59,0.59,800,0
20140701,0.6,0.6,0.585,0.6,2838,0
20140702,0.6,0.62,0.6,0.605,15204,0
20140703,0.615,0.615,0.57,0.605,4112,0
20140704,0.605,0.605,0.575,0.575,8796,0
20140707,0.585,0.6,0.56,0.595,8440,0
20140708,0.575,0.61,0.57,0.595,25644,0
20140709,0.595,0.635,0.59,0.62,49270,0
20140710,0.62,0.65,0.605,0.64,81470,0
20140711,0.625,0.63,0.605,0.62,30034,0
20140714,0.605,0.625,0.605,0.625,6564,0
20140715,0.61,0.625,0.605,0.625,23714,0
20140716,0.625,0.625,0.595,0.62,3936,0
20140717,0.605,0.62,0.605,0.62,2022,0
20140718,0.62,0.62,0.595,0.61,15748,0
20140721,0.59,0.605,0.59,0.605,4024,0
20140722,0.59,0.595,0.575,0.58,15600,0
20140723,0.6,0.605,0.595,0.605,2242,0
20140724,0.58,0.605,0.58,0.6,5556,0
20140725,0.595,0.595,0.58,0.595,2662,0
20140728,0.585,0.585,0.58,0.58,8114,0
20140729,0.58,0.585,0.565,0.585,16084,0
20140730,0.585,0.585,0.585,0.585,7200,0
20140731,0.585,0.605,0.575,0.595,37648,0
20140801,0.605,0.605,0.565,0.595,7490,0
20140804,0.59,0.59,0.57,0.585,498,0
20140805,0.575,0.585,0.57,0.585,7510,0
20140806,0.58,0.58,0.56,0.575,8666,0
20140807,0.575,0.575,0.545,0.565,62654,0
20140808,0.565,0.565,0.535,0.565,10576,0
20140811,0.535,0.55,0.495,0.55,4280,0
20140812,0.54,0.555,0.54,0.55,53498,0
20140813,0.555,0.605,0.535,0.59,104884,0
20140814,0.6,0.6,0.54,0.55,87520,0
20140818,0.53,0.55,0.505,0.545,36114,0
20140819,0.545,0.545,0.525,0.545,13808,0
20140820,0.55,0.55,0.545,0.545,424,0
20140821,0.55,0.55,0.525,0.545,962,0
20140822,0.545,0.545,0.505,0.545,17208,0
20140825,0.545,0.575,0.525,0.55,34816,0
20140826,0.565,0.565,0.52,0.55,19234,0
20140827,0.525,0.545,0.515,0.545,17254,0
20140828,0.53,0.545,0.53,0.545,6724,0
20140829,0.545,0.585,0.54,0.58,131964,0
20140901,0.555,0.63,0.555,0.62,120838,0
20140902,0.62,0.635,0.6,0.6,27708,0
20140903,0.585,0.6,0.55,0.57,57720,0
20140904,0.57,0.575,0.54,0.55,21458,0
20140905,0.57,0.57,0.545,0.565,16938,0
20140908,0.56,0.56,0.55,0.56,3192,0
20140909,0.555,0.575,0.55,0.575,36776,0
20140910,0.575,0.735,0.575,0.645,623916,0
20140911,0.655,0.69,0.61,0.61,225032,0
20140912,0.635,0.68,0.6,0.67,122498,0
20140915,0.675,0.715,0.675,0.68,45972,0
20140916,0.675,0.675,0.66,0.67,45186,0
20140917,0.67,0.67,0.61,0.66,58142,0
20140918,0.635,0.655,0.625,0.65,14106,0
20140919,0.625,0.66,0.615,0.66,35100,0
20140922,0.66,0.69,0.62,0.68,94130,0
20140923,0.655,0.665,0.635,0.66,39496,0
20140924,0.625,0.645,0.59,0.615,78778,0
20140925,0.61,0.66,0.6,0.6,52648,0
20140926,0.6,0.635,0.575,0.6,82686,0
20140929,0.6,0.605,0.58,0.595,6476,0
20140930,0.58,0.6,0.555,0.58,34162,0
20141001,0.6,0.6,0.56,0.59,17026,0
20141002,0.56,0.575,0.555,0.575,43818,0
20141003,0.555,0.62,0.555,0.605,101164,0
20141006,0.61,0.64,0.61,0.615,48284,0
20141007,0.59,0.625,0.59,0.595,54858,0
20141008,0.615,0.625,0.6,0.62,42972,0
20141009,0.61,0.64,0.61,0.64,70412,0
20141010,0.615,0.635,0.615,0.625,13600,0
20141013,0.625,0.66,0.625,0.65,50244,0
20141014,0.65,0.665,0.64,0.655,174828,0
20141015,0.66,0.665,0.595,0.635,79478,0
20141016,0.635,0.635,0.61,0.615,23760,0
20141017,0.63,0.63,0.605,0.62,280,0
20141020,0.645,0.645,0.645,0.645,110,0
20141021,0.64,0.64,0.61,0.615,4648,0
20141022,0.62,0.635,0.605,0.635,17312,0
20141023,0.61,0.65,0.61,0.65,31808,0
20141024,0.65,0.65,0.625,0.625,15250,0
20141027,0.635,0.65,0.63,0.65,31502,0
20141028,0.64,0.64,0.62,0.63,28646,0
20141029,0.62,0.63,0.62,0.63,4036,0
20141030,0.63,0.64,0.62,0.64,15332,0
20141031,0.645,0.645,0.63,0.64,5332,0
20141103,0.645,0.645,0.62,0.64,8462,0
20141104,0.645,0.645,0.645,0.645,1368,0
20141105,0.645,0.67,0.64,0.645,66614,0
20141106,0.65,0.67,0.64,0.67,7490,0
20141107,0.65,0.66,0.64,0.65,14178,0
20141110,0.65,0.65,0.605,0.64,19754,0
20141112,0.645,0.645,0.61,0.645,4002,0
20141113,0.645,0.645,0.615,0.64,6836,0
20141114,0.645,0.65,0.615,0.65,16184,0
20141117,0.61,0.645,0.61,0.645,15322,0
20141118,0.635,0.635,0.62,0.63,7820,0
20141119,0.62,0.64,0.61,0.615,3994,0
20141120,0.61,0.635,0.595,0.63,14360,0
20141121,0.61,0.635,0.605,0.61,6478,0
20141124,0.61,0.64,0.595,0.63,33732,0
20141125,0.6,0.62,0.6,0.62,9722,0
20141126,0.595,0.615,0.555,0.59,30810,0
20141127,0.575,0.61,0.575,0.58,15488,0
20141128,0.58,0.605,0.58,0.585,110,0
20141201,0.575,0.6,0.575,0.6,11040,0
20141202,0.58,0.6,0.58,0.58,20034,0
20141203,0.6,0.6,0.575,0.575,12600,0
20141204,0.58,0.595,0.58,0.595,2502,0
20141205,0.58,0.59,0.565,0.575,4054,0
20141208,0.565,0.59,0.56,0.59,11936,0
20141209,0.565,0.585,0.56,0.585,8808,0
20141210,0.57,0.57,0.56,0.56,4424,0
20141211,0.56,0.59,0.56,0.585,3570,0
20141212,0.59,0.59,0.575,0.585,7114,0
20141215,0.575,0.585,0.555,0.555,28348,0
20141216,0.555,0.585,0.55,0.575,19282,0
20141217,0.575,0.575,0.54,0.54,320,0
20141218,0.575,0.585,0.545,0.575,5718,0
20141219,0.545,0.56,0.545,0.56,12844,0
20141222,0.545,0.56,0.535,0.54,77388,0
20141223,0.54,0.54,0.505,0.54,21278,0
20141229,0.54,0.56,0.54,0.56,7520,0
20141230,0.515,0.55,0.515,0.515,192428,0
20150102,0.515,0.565,0.515,0.565,60758,0
20150105,0.565,0.58,0.565,0.58,7400,0
20150107,0.575,0.58,0.55,0.57,31608,0
20150108,0.57,0.57,0.535,0.56,18594,0
20150109,0.53,0.56,0.53,0.56,42234,0
20150112,0.535,0.57,0.53,0.57,33136,0
20150113,0.57,0.58,0.545,0.58,19000,0
20150114,0.57,0.58,0.565,0.58,12156,0
20150115,0.565,0.57,0.555,0.565,9862,0
20150116,0.555,0.57,0.515,0.545,25860,0
20150119,0.535,0.55,0.535,0.55,3058,0
20150120,0.535,0.55,0.52,0.55,10044,0
20150121,0.545,0.545,0.52,0.545,4504,0
20150122,0.535,0.55,0.525,0.55,7488,0
20150123,0.55,0.565,0.525,0.55,21032,0
20150126,0.525,0.545,0.52,0.545,7200,0
20150127,0.535,0.545,0.535,0.545,1780,0
20150128,0.52,0.545,0.52,0.545,7590,0
20150129,0.525,0.545,0.52,0.545,27196,0
20150130,0.545,0.55,0.545,0.55,4000,0
20150202,0.55,0.55,0.55,0.55,1000,0
20150203,0.55,0.55,0.525,0.55,20682,0
20150204,0.525,0.55,0.525,0.55,4870,0
20150205,0.53,0.54,0.515,0.54,27516,0
20150206,0.54,0.55,0.535,0.55,84252,0
20150209,0.55,0.575,0.535,0.575,121620,0
20150210,0.575,0.595,0.565,0.595,56306,0
20150211,0.57,0.59,0.565,0.585,30256,0
20150212,0.58,0.58,0.555,0.555,322,0
20150213,0.57,0.57,0.54,0.565,11046,0
20150216,0.555,0.57,0.54,0.56,29968,0
20150217,0.565,0.565,0.54,0.565,6004,0
20150218,0.555,0.565,0.555,0.565,13118,0
20150219,0.54,0.565,0.54,0.56,18512,0
20150220,0.54,0.555,0.535,0.555,14604,0
20150223,0.54,0.555,0.535,0.54,4952,0
20150224,0.54,0.55,0.54,0.55,5002,0
20150225,0.535,0.55,0.525,0.55,39030,0
20150226,0.55,0.565,0.52,0.535,85340,0
20150227,0.54,0.55,0.525,0.55,3454,0
20150302,0.525,0.545,0.525,0.545,2782,0
20150303,0.545,0.55,0.53,0.54,24712,0
20150304,0.545,0.545,0.525,0.54,23598,0
20150305,0.54,0.54,0.51,0.515,56356,0
20150306,0.53,0.545,0.525,0.525,16448,0
20150309,0.535,0.535,0.515,0.535,4242,0
20150310,0.54,0.54,0.52,0.535,14594,0
20150311,0.52,0.535,0.52,0.535,3826,0
20150312,0.515,0.535,0.515,0.535,11610,0
20150313,0.535,0.535,0.535,0.535,1208,0
20150316,0.515,0.53,0.51,0.53,6600,0
20150317,0.515,0.53,0.515,0.53,4174,0
20150318,0.515,0.53,0.5,0.525,25114,0
20150319,0.52,0.525,0.505,0.52,30006,0
20150320,0.51,0.525,0.505,0.52,10322,0
20150323,0.525,0.57,0.52,0.55,154770,0
20150324,0.55,0.575,0.54,0.555,146208,0
20150325,0.555,0.555,0.525,0.55,29308,0
20150326,0.525,0.545,0.525,0.545,7072,0
20150327,0.53,0.545,0.515,0.54,16706,0
20150330,0.52,0.545,0.52,0.545,2604,0
20150331,0.535,0.55,0.515,0.54,32094,0
20150401,0.52,0.535,0.51,0.535,22202,0
20150402,0.515,0.53,0.515,0.53,26464,0
20150407,0.52,0.53,0.51,0.53,19418,0
20150408,0.51,0.53,0.5,0.52,13374,0
20150409,0.505,0.52,0.475,0.505,41224,0
20150410,0.51,0.515,0.5,0.51,1642,0
20150413,0.5,0.51,0.5,0.51,1602,0
20150414,0.5,0.51,0.5,0.5,1402,0
20150415,0.505,0.51,0.485,0.51,9148,0
20150416,0.495,0.505,0.485,0.49,8848,0
20150417,0.505,0.505,0.48,0.49,19162,0
20150420,0.49,0.505,0.49,0.505,5988,0
20150421,0.505,0.51,0.48,0.485,24906,0
20150422,0.51,0.51,0.505,0.505,3822,0
20150423,0.51,0.51,0.485,0.505,3108,0
20150424,0.49,0.505,0.475,0.505,15004,0
20150427,0.49,0.51,0.49,0.505,6898,0
20150428,0.49,0.505,0.47,0.505,4680,0
20150429,0.475,0.505,0.475,0.505,2002,0
20150430,0.475,0.505,0.47,0.505,11114,0
20150504,0.485,0.505,0.47,0.5,10820,0
20150505,0.475,0.5,0.475,0.495,9404,0
20150506,0.48,0.495,0.475,0.495,2456,0
20150507,0.475,0.49,0.475,0.49,3602,0
20150508,0.495,0.5,0.49,0.5,6644,0
20150511,0.48,0.49,0.475,0.49,6882,0
20150512,0.49,0.49,0.475,0.49,7252,0
20150513,0.475,0.495,0.47,0.495,24192,0
20150514,0.465,0.495,0.465,0.495,604,0
20150518,0.49,0.55,0.49,0.52,214360,0
20150519,0.52,0.54,0.505,0.535,27266,0
20150520,0.53,0.53,0.53,0.53,2992,0
20150521,0.51,0.525,0.5,0.525,50084,0
20150522,0.5,0.53,0.5,0.53,4532,0
20150525,0.5,0.53,0.5,0.53,5608,0
20150526,0.51,0.53,0.5,0.505,50540,0
20150527,0.505,0.52,0.505,0.52,5730,0
20150528,0.505,0.51,0.505,0.51,1832,0
20150529,0.5,0.525,0.5,0.51,93288,0
20150601,0.5,0.515,0.5,0.505,12734,0
20150602,0.5,0.51,0.5,0.51,41012,0
20150603,0.51,0.525,0.51,0.52,72852,0
20150605,0.5,0.52,0.5,0.52,10800,0
20150608,0.52,0.52,0.5,0.5,7706,0
20150609,0.5,0.52,0.5,0.52,22730,0
20150610,0.5,0.575,0.5,0.575,157440,0
20150611,0.57,0.575,0.57,0.575,42442,0
20150612,0.55,0.56,0.535,0.56,4378,0
20150618,0.525,0.555,0.52,0.52,11642,0
20150619,0.545,0.545,0.545,0.545,2,0
20150622,0.54,0.54,0.54,0.54,2,0
20150623,0.515,0.54,0.515,0.54,12,0
20150624,0.515,0.54,0.515,0.54,2602,0
20150626,0.505,0.535,0.505,0.535,7328,0
20150629,0.5,0.535,0.49,0.505,52148,0
20150630,0.515,0.515,0.475,0.51,6874,0
20150702,0.515,0.515,0.515,0.515,2,0
20150710,0.52,0.52,0.5,0.52,6816,0
20150713,0.5,0.52,0.475,0.52,9122,0
20150714,0.48,0.515,0.48,0.515,336,0
20150715,0.48,0.51,0.48,0.51,7304,0
20150716,0.5,0.51,0.495,0.51,8704,0
20150720,0.48,0.52,0.48,0.52,6000,0
20150728,0.5,0.52,0.5,0.52,5482,0
20150730,0.5,0.5,0.45,0.5,660,0
20150731,0.475,0.5,0.475,0.5,11806,0
20150803,0.5,0.52,0.475,0.51,1452,0
20150804,0.49,0.51,0.49,0.51,1602,0
20150805,0.52,0.52,0.52,0.52,2,0
20150813,0.49,0.495,0.485,0.49,12686,0
20150814,0.475,0.5,0.475,0.5,2832,0
20150817,0.465,0.495,0.465,0.495,21044,0
20150818,0.5,0.5,0.465,0.49,7064,0
20150820,0.47,0.485,0.47,0.485,7528,0
20150821,0.465,0.485,0.465,0.485,9116,0
20150824,0.4,0.485,0.4,0.485,4720,0
20150831,0.49,0.49,0.45,0.49,198,0
20150904,0.45,0.49,0.425,0.49,11002,0
20150907,0.49,0.49,0.49,0.49,1500,0
20150909,0.49,0.49,0.48,0.49,2644,0
20150910,0.485,0.49,0.485,0.49,2002,0
20150914,0.485,0.485,0.485,0.485,5900,0
20150915,0.485,0.58,0.475,0.54,182462,0
20150916,0.525,0.6,0.505,0.535,364508,0
20150917,0.535,0.565,0.515,0.525,106786,0
20150918,0.54,0.675,0.52,0.675,382482,0
20150921,0.675,0.765,0.615,0.625,927120,0
20150922,0.635,0.635,0.595,0.61,50912,0
20150923,0.63,0.64,0.63,0.64,2402,0
20150924,0.645,0.645,0.585,0.63,10516,0
20150925,0.635,0.635,0.615,0.63,1822,0
20150928,0.59,0.625,0.585,0.625,79986,0
20150929,0.585,0.62,0.585,0.61,124918,0
20150930,0.615,0.615,0.58,0.61,1782,0
20151001,0.595,0.6,0.575,0.6,21588,0
20151005,0.59,0.645,0.59,0.64,97276,0
20151006,0.565,0.625,0.565,0.625,40,0
20151007,0.575,0.625,0.575,0.625,2240,0
20151008,0.585,0.615,0.565,0.615,16688,0
20151009,0.56,0.615,0.53,0.575,8852,0
20151012,0.625,0.69,0.57,0.69,172080,0
20151013,0.66,0.87,0.655,0.87,238916,0
20151014,0.9,1.085,0.9,1.085,688438,0
20151015,1.28,1.425,1.28,1.425,438908,0
20151016,1.51,1.63,1.36,1.42,1393084,0
20151019,1.515,1.665,1.515,1.665,185878,0
20151020,1.875,2.05,1.875,2.04,114144,0
20151021,2.15,2.225,1.935,1.935,209714,0
20151022,1.775,1.915,1.44,1.44,783864,0
20151023,1.385,1.67,1.3,1.67,459280,0
20151026,1.505,1.64,1.355,1.385,2036548,0
20151027,1.42,1.51,1.04,1.04,6574268,0
20151028,1.095,1.32,1,1.32,1512658,0
20151029,1.23,1.325,1,1,8729330,0
20151030,1,1.1,0.84,0.9,2668916,0
20151102,0.885,0.95,0.83,0.865,427246,0
20151103,0.865,0.92,0.82,0.84,288214,0
20151104,0.825,0.86,0.745,0.75,607660,0
20151105,0.74,0.775,0.705,0.72,290762,0
20151106,0.74,0.84,0.72,0.795,823596,0
20151109,0.825,0.86,0.775,0.8,421388,0
20151110,0.785,0.8,0.74,0.76,151190,0
20151112,0.775,0.79,0.73,0.73,115932,0
20151113,0.735,0.74,0.71,0.725,80188,0
20151116,0.705,0.73,0.655,0.655,129546,0
20151117,0.655,0.695,0.655,0.67,80280,0
20151118,0.66,0.725,0.66,0.695,60750,0
20151119,0.695,0.695,0.665,0.685,41048,0
20151120,0.675,0.685,0.63,0.67,31768,0
20151123,0.65,0.665,0.605,0.62,69476,0
20151124,0.625,0.645,0.59,0.635,60582,0
20151125,0.6,0.625,0.595,0.6,59832,0
20151126,0.59,0.615,0.57,0.585,73786,0
20151127,0.59,0.64,0.59,0.625,75226,0
20151130,0.625,0.655,0.625,0.65,57722,0
20151201,0.655,0.665,0.61,0.645,75562,0
20151202,0.625,0.645,0.595,0.595,55838,0
20151203,0.62,0.64,0.62,0.64,6994,0
20151204,0.6,0.635,0.585,0.61,24506,0
20151207,0.61,0.62,0.59,0.61,29454,0
20151208,0.62,0.62,0.59,0.6,29698,0
20151209,0.61,0.61,0.585,0.6,13548,0
20151210,0.59,0.63,0.585,0.615,16424,0
20151211,0.62,0.63,0.58,0.605,21184,0
20151214,0.55,0.61,0.55,0.61,50296,0
20151215,0.61,0.63,0.595,0.615,33606,0
20151216,0.62,0.62,0.575,0.615,8224,0
20151217,0.6,0.62,0.58,0.61,19710,0
20151218,0.61,0.61,0.58,0.61,788,0
20151221,0.58,0.6,0.56,0.6,4056,0
20151222,0.56,0.595,0.55,0.59,29712,0
20151223,0.59,0.595,0.555,0.59,25096,0
20151228,0.565,0.58,0.52,0.53,73222,0
20151229,0.54,0.565,0.535,0.56,16166,0
20151230,0.56,0.56,0.5,0.505,147386,0
20160104,0.54,0.54,0.495,0.5,79144,0
20160105,0.515,0.525,0.495,0.515,53342,0
20160107,0.505,0.515,0.5,0.515,28624,0
20160108,0.515,0.55,0.495,0.5,107248,0
20160111,0.5,0.515,0.475,0.51,30740,0
20160112,0.505,0.52,0.495,0.52,114978,0
20160113,0.505,0.52,0.505,0.515,13922,0
20160114,0.5,0.515,0.495,0.505,35160,0
20160115,0.5,0.505,0.495,0.505,12830,0
20160118,0.5,0.51,0.49,0.505,4630,0
20160119,0.485,0.51,0.485,0.51,5808,0
20160120,0.5,0.51,0.485,0.505,13472,0
20160121,0.485,0.51,0.485,0.5,19224,0
20160122,0.505,0.51,0.48,0.505,17652,0
20160125,0.49,0.505,0.47,0.5,29284,0
20160126,0.475,0.5,0.47,0.495,10718,0
20160127,0.49,0.5,0.47,0.5,8262,0
20160128,0.475,0.5,0.475,0.495,49564,0
20160129,0.48,0.495,0.475,0.495,9956,0
20160201,0.475,0.49,0.475,0.475,22600,0
20160202,0.49,0.49,0.455,0.48,22344,0
20160203,0.48,0.49,0.465,0.49,11998,0
20160204,0.465,0.49,0.465,0.48,39496,0
20160205,0.47,0.49,0.47,0.49,26044,0
20160208,0.47,0.49,0.46,0.48,37860,0
20160209,0.465,0.48,0.46,0.48,7982,0
20160210,0.46,0.48,0.46,0.47,22994,0
20160211,0.46,0.475,0.46,0.475,10204,0
20160212,0.475,0.505,0.47,0.5,82380,0
20160215,0.5,0.5,0.485,0.5,33728,0
20160216,0.5,0.5,0.48,0.49,18500,0
20160217,0.48,0.49,0.47,0.49,18880,0
20160218,0.48,0.49,0.47,0.49,3300,0
20160219,0.485,0.58,0.47,0.58,326846,0
20160222,0.65,0.785,0.625,0.775,937924,0
20160223,0.85,0.915,0.695,0.73,971130,0
20160224,0.715,0.765,0.63,0.645,221482,0
20160225,0.62,0.715,0.62,0.695,221856,0
20160226,0.665,0.705,0.645,0.69,252102,0
20160229,0.68,0.825,0.655,0.825,353426,0
20160301,0.85,0.89,0.69,0.7,768694,0
20160302,0.7,0.73,0.7,0.72,72472,0
20160303,0.72,0.725,0.675,0.705,61176,0
20160304,0.675,0.705,0.675,0.685,74896,0
20160307,0.685,0.72,0.675,0.72,63536,0
20160308,0.72,0.72,0.685,0.715,20596,0
20160309,0.695,0.71,0.675,0.705,24280,0
20160310,0.685,0.705,0.675,0.695,25964,0
20160311,0.675,0.695,0.65,0.68,71340,0
20160314,0.68,0.68,0.655,0.68,42220,0
20160315,0.69,0.725,0.66,0.68,140934,0
20160316,0.66,0.7,0.63,0.7,123926,0
20160317,0.71,0.72,0.655,0.69,155890,0
20160318,0.67,0.795,0.66,0.71,376406,0
20160321,0.715,0.725,0.68,0.695,31754,0
20160322,0.7,0.7,0.665,0.69,56382,0
20160323,0.67,0.725,0.67,0.71,52308,0
20160324,0.71,0.71,0.67,0.7,42598,0
20160329,0.7,0.7,0.67,0.69,6102,0
20160330,0.675,0.74,0.67,0.73,248606,0
20160331,0.73,0.765,0.72,0.72,179326,0
20160401,0.735,0.75,0.695,0.71,91320,0
20160404,0.72,0.75,0.665,0.675,309080,0
20160405,0.67,0.685,0.65,0.65,93524,0
20160406,0.665,0.725,0.665,0.7,219332,0
20160407,0.7,0.7,0.67,0.675,43064,0
20160408,0.695,0.7,0.675,0.695,37756,0
20160411,0.68,0.69,0.675,0.69,10866,0
20160412,0.675,0.69,0.675,0.69,51656,0
20160413,0.69,0.69,0.67,0.69,20052,0
20160414,0.69,0.69,0.675,0.69,37702,0
20160415,0.69,0.69,0.675,0.69,25186,0
20160418,0.675,0.685,0.675,0.685,6710,0
20160419,0.675,0.72,0.675,0.71,93634,0
20160420,0.715,0.745,0.685,0.705,162664,0
20160421,0.7,0.71,0.69,0.71,18308,0
20160422,0.71,0.815,0.71,0.795,541080,0
20160425,0.815,0.84,0.745,0.745,357432,0
20160426,0.74,0.75,0.72,0.74,72320,0
20160427,0.75,0.775,0.71,0.71,119252,0
20160428,0.71,0.73,0.71,0.73,3802,0
20160429,0.83,0.89,0.77,0.78,1170820,0
20160502,0.78,0.82,0.77,0.81,219680,0
20160504,0.82,0.82,0.79,0.82,88768,0
20160505,0.82,0.82,0.79,0.81,44742,0
20160506,0.81,0.81,0.77,0.79,78680,0
20160509,0.8,0.8,0.75,0.76,69812,0
20160510,0.76,0.78,0.73,0.73,62064,0
20160511,0.75,0.75,0.68,0.74,35571,0
20160512,0.76,0.77,0.7,0.72,115194,0
20160513,0.73,0.74,0.67,0.69,45987,0
20160516,0.72,0.72,0.67,0.71,33416,0
20160517,0.72,0.72,0.69,0.71,5822,0
20160518,0.71,0.74,0.71,0.74,44374,0
20160519,0.74,0.74,0.71,0.72,23550,0
20160520,0.72,0.72,0.7,0.72,5632,0
20160523,0.73,0.73,0.69,0.73,3472,0
20160524,0.69,0.72,0.69,0.72,3002,0
20160525,0.72,0.72,0.68,0.72,4238,0
20160527,0.69,0.72,0.69,0.72,421,0
20160530,0.71,0.72,0.68,0.71,30650,0
20160531,0.71,0.71,0.69,0.71,4952,0
20160601,0.71,0.71,0.68,0.7,12417,0
20160602,0.71,0.71,0.68,0.7,3556,0
20160603,0.71,0.71,0.67,0.7,8262,0
20160606,0.7,0.7,0.67,0.69,15785,0
20160607,0.7,0.71,0.68,0.7,7272,0
20160608,0.7,0.71,0.7,0.71,14744,0
20160609,0.71,0.71,0.69,0.7,14323,0
20160610,0.7,0.77,0.7,0.73,115069,0
20160613,0.73,0.75,0.68,0.69,26786,0
20160614,0.67,0.7,0.67,0.69,8494,0
20160615,0.69,0.7,0.69,0.7,272,0
20160616,0.69,0.69,0.69,0.69,210,0
20160617,0.7,0.7,0.69,0.69,2059,0
20160620,0.69,0.7,0.69,0.69,11337,0
20160621,0.69,0.75,0.69,0.74,94130,0
20160622,0.73,0.74,0.7,0.7,15009,0
20160623,0.71,0.73,0.7,0.73,4922,0
20160624,0.7,0.71,0.64,0.68,85113,0
20160627,0.66,0.7,0.66,0.67,15705,0
20160628,0.7,0.7,0.66,0.67,9435,0
20160629,0.68,0.68,0.67,0.67,2211,0
20160630,0.67,0.69,0.65,0.67,4285,0
20160701,0.69,0.69,0.66,0.67,7566,0
20160704,0.66,0.69,0.65,0.68,17015,0
20160705,0.68,0.69,0.65,0.68,24657,0
20160706,0.66,0.69,0.66,0.68,33770,0
20160707,0.67,0.68,0.66,0.68,40801,0
20160708,0.66,0.68,0.65,0.68,17413,0
20160711,0.68,0.68,0.64,0.67,31821,0
20160712,0.64,0.66,0.64,0.66,2001,0
20160713,0.66,0.67,0.64,0.67,16601,0
20160714,0.67,0.67,0.66,0.67,8081,0
20160715,0.66,0.66,0.66,0.66,9228,0
20160718,0.66,0.69,0.66,0.69,24135,0
20160719,0.69,0.69,0.69,0.69,2060,0
20160720,0.69,0.69,0.69,0.69,160,0
20160722,0.66,0.69,0.66,0.69,4997,0
20160725,0.69,0.69,0.65,0.69,4922,0
20160726,0.66,0.68,0.65,0.68,11022,0
20160727,0.65,0.68,0.65,0.67,20842,0
20160728,0.65,0.67,0.65,0.65,9138,0
20160729,0.66,0.67,0.64,0.66,7832,0
20160801,0.67,0.67,0.63,0.66,20538,0
20160802,0.64,0.7,0.64,0.67,86197,0
20160803,0.68,0.7,0.66,0.69,12860,0
20160804,0.66,0.68,0.66,0.68,14149,0
20160805,0.66,0.69,0.65,0.69,2986,0
20160808,0.68,0.68,0.68,0.68,2000,0
20160809,0.68,0.68,0.68,0.68,1098,0
20160810,0.66,0.69,0.66,0.69,19318,0
20160811,0.66,0.68,0.65,0.68,26308,0
20160812,0.66,0.68,0.66,0.68,9568,0
20160816,0.66,0.68,0.65,0.67,5659,0
20160817,0.67,0.68,0.65,0.68,6593,0
20160818,0.65,0.68,0.65,0.68,5400,0
20160819,0.65,0.68,0.65,0.68,4002,0
20160822,0.65,0.68,0.65,0.67,15994,0
20160823,0.64,0.66,0.64,0.66,7001,0
20160824,0.64,0.69,0.63,0.67,54777,0
20160825,0.67,0.68,0.64,0.66,27063,0
20160826,0.65,0.66,0.63,0.65,33586,0
20160829,0.65,0.66,0.65,0.66,34044,0
20160830,0.66,0.69,0.65,0.66,76409,0
20160831,0.66,0.68,0.65,0.68,16560,0
20160901,0.66,0.78,0.65,0.74,137860,0
20160902,0.69,0.74,0.68,0.72,29974,0
20160905,0.69,0.72,0.67,0.67,7138,0
20160906,0.68,0.7,0.68,0.69,6889,0
20160907,0.68,0.72,0.66,0.72,29117,0
20160908,0.72,0.72,0.72,0.72,800,0
20160909,0.7,0.7,0.67,0.69,24963,0
20160912,0.66,0.69,0.65,0.68,52538,0
20160913,0.64,0.68,0.62,0.68,44769,0
20160914,0.64,0.67,0.64,0.67,401,0
20160915,0.65,0.68,0.64,0.65,23547,0
20160916,0.67,0.67,0.64,0.66,6507,0
20160919,0.65,0.67,0.65,0.67,16031,0
20160920,0.67,0.67,0.64,0.66,25830,0
20160921,0.64,0.66,0.64,0.66,6163,0
20160922,0.66,0.66,0.64,0.66,22072,0
20160928,0.65,0.65,0.63,0.65,41163,0
20160929,0.62,0.67,0.62,0.66,35198,0
20161003,0.65,0.66,0.64,0.66,17367,0
20161004,0.63,0.66,0.63,0.66,2001,0
20161005,0.63,0.65,0.63,0.65,9977,0
20161006,0.63,0.65,0.63,0.65,6850,0
20161007,0.63,0.65,0.63,0.65,281,0
20161010,0.63,0.65,0.63,0.65,2501,0
20161011,0.63,0.65,0.62,0.65,3198,0
20161012,0.62,0.68,0.62,0.68,38736,0
20161013,0.69,0.72,0.68,0.72,18423,0
20161014,0.65,0.69,0.65,0.68,40954,0
20161017,0.65,0.68,0.64,0.64,18702,0
20161018,0.65,0.65,0.63,0.63,46948,0
20161019,0.62,0.65,0.62,0.65,18383,0
20161020,0.62,0.64,0.62,0.62,11775,0
20161021,0.64,0.65,0.64,0.65,12622,0
20161024,0.62,0.65,0.62,0.65,3888,0
20161025,0.64,0.65,0.62,0.65,3920,0
20161026,0.63,0.65,0.63,0.64,13323,0
20161027,0.62,0.65,0.62,0.65,24253,0
20161028,0.64,0.65,0.64,0.65,6501,0
20161031,0.63,0.65,0.63,0.65,2921,0
20161103,0.63,0.65,0.63,0.65,2922,0
20161104,0.64,0.65,0.62,0.65,11487,0
20161107,0.63,0.64,0.62,0.64,27019,0
