Date,Open,High,Low,Close,Volume,OpenInt
20121218,16.625,16.69,16.587,16.69,47921,0
20121219,16.892,17.144,16.892,17.048,34426,0
20121220,17.183,17.183,16.852,16.852,23072,0
20121221,16.95,17.001,16.917,16.995,16407,0
20121227,17.048,17.177,17.048,17.17,22839,0
20121228,17.208,17.275,17.079,17.267,24202,0
20130102,17.404,17.468,17.404,17.455,20312,0
20130103,17.502,17.502,17.423,17.436,10348,0
20130104,17.436,17.468,17.423,17.468,16670,0
20130107,17.371,17.371,16.872,16.943,38407,0
20130108,16.872,17.112,16.872,16.904,16753,0
20130109,16.981,17.053,16.981,17.048,21715,0
20130110,17.093,17.144,17.093,17.137,14888,0
20130111,17.112,17.339,17.112,17.293,9873,0
20130114,17.339,17.442,17.339,17.423,12883,0
20130115,17.339,17.436,17.339,17.359,7945,0
20130116,17.404,17.404,17.313,17.346,4937,0
20130117,17.306,17.637,17.306,17.502,13600,0
20130118,17.54,17.63,17.54,17.565,7252,0
20130121,17.436,17.481,17.436,17.468,5710,0
20130122,17.502,17.507,17.404,17.404,4764,0
20130123,16.852,16.981,16.463,16.625,24330,0
20130124,16.981,17.306,16.593,16.625,4860,0
20130125,16.645,16.658,16.606,16.625,5058,0
20130128,16.788,16.788,16.723,16.788,7578,0
20130129,16.82,16.82,16.742,16.82,3672,0
20130130,16.82,16.872,16.755,16.846,3183,0
20130131,16.82,16.859,16.788,16.859,2932,0
20130201,16.839,17.112,16.839,17.112,5976,0
20130204,17.235,17.502,17.144,17.339,3280,0
20130205,17.339,17.371,17.144,17.339,4011,0
20130206,17.339,17.502,17.339,17.468,2980,0
20130207,17.468,17.468,17.436,17.448,2871,0
20130208,17.468,17.502,17.339,17.502,3649,0
20130211,17.468,17.494,17.404,17.481,2622,0
20130212,17.404,17.404,17.371,17.404,2702,0
20130213,17.417,17.455,17.404,17.436,2546,0
20130214,17.384,17.404,17.371,17.371,3317,0
20130215,17.468,17.468,17.397,17.423,2159,0
20130218,17.481,17.481,17.371,17.377,3077,0
20130219,17.371,17.397,17.371,17.39,2546,0
20130220,17.359,17.384,17.359,17.384,2459,0
20130221,17.339,17.364,17.208,17.208,9010,0
20130222,17.339,17.404,17.339,17.371,2083,0
20130225,17.397,17.502,17.397,17.494,5146,0
20130226,17.436,17.475,17.436,17.468,3549,0
20130227,17.468,17.598,17.468,17.578,3101,0
20130228,18.278,18.791,18.258,18.791,9930,0
20130301,18.635,18.732,18.57,18.635,4412,0
20130304,18.635,18.668,18.602,18.635,2672,0
20130305,18.635,18.668,18.538,18.668,3987,0
20130306,18.635,18.668,18.602,18.668,2315,0
20130307,18.699,18.829,18.699,18.797,3243,0
20130308,18.732,18.926,18.668,18.926,4148,0
20130311,19.121,19.121,18.895,18.895,3249,0
20130312,18.926,18.933,18.829,18.895,2708,0
20130313,18.81,18.992,18.81,18.992,2130,0
20130314,18.992,18.992,18.895,18.959,2654,0
20130315,18.829,18.992,18.829,18.992,1988,0
20130318,18.829,18.829,18.635,18.654,3314,0
20130319,18.602,18.602,18.473,18.538,2298,0
20130320,18.473,18.668,18.149,18.668,3081,0
20130321,18.765,18.797,18.693,18.732,1642,0
20130322,18.408,18.726,18.408,18.726,1156,0
20130325,18.797,18.959,18.408,18.926,2169,0
20130326,18.992,19.056,18.797,18.959,1696,0
20130327,19.089,19.089,18.888,18.908,1745,0
20130328,18.862,19.056,18.797,18.992,2191,0
20130402,18.798,19.638,18.798,19.249,2043,0
20130403,19.186,19.186,19.056,19.068,1901,0
20130404,19.413,19.413,18.989,19.119,1602,0
20130405,19.121,19.121,18.473,18.473,5629,0
20130408,18.57,18.797,18.505,18.784,3440,0
20130409,18.862,18.933,18.525,18.933,3050,0
20130410,18.961,19.139,18.798,19.092,7227,0
20130411,19.121,19.25,18.797,19.25,1577,0
20130412,19.121,19.316,19.089,19.089,1549,0
20130415,19.218,19.218,18.745,18.745,2547,0
20130417,18.791,18.811,18.572,18.6,1640,0
20130418,18.538,18.797,18.505,18.505,2135,0
20130419,18.572,18.633,18.572,18.6,1457,0
20130422,18.757,18.829,18.602,18.765,2679,0
20130423,18.797,18.997,18.797,18.939,1232,0
20130424,19.024,19.121,19.024,19.089,1151,0
20130425,19.121,19.121,19.063,19.121,1285,0
20130426,19.085,19.085,18.996,18.996,1252,0
20130429,19.005,19.121,18.797,19.121,2494,0
20130430,19.188,19.386,19.188,19.386,1521,0
20130502,19.446,19.474,18.798,19.474,2549,0
20130506,19.604,19.768,19.604,19.768,1377,0
20130507,19.865,20.096,19.865,20.096,1502,0
20130508,20.096,20.226,20.096,20.226,1386,0
20130509,20.349,20.349,20.164,20.172,1336,0
20130510,19.994,20.349,19.994,20.288,1843,0
20130513,20.506,20.506,20.164,20.164,5596,0
20130514,20.199,20.336,20.199,20.267,1482,0
20130515,19.344,19.344,18.456,18.866,8331,0
20130516,19.003,19.037,18.798,18.968,1716,0
20130517,18.9,19.659,18.9,19.174,2312,0
20130520,19.207,19.207,19.003,19.071,3385,0
20130521,19.105,19.139,18.989,18.989,2001,0
20130522,19.105,19.105,18.968,18.968,1617,0
20130523,18.832,18.989,18.832,18.955,2810,0
20130524,18.961,19.344,18.955,19.344,9982,0
20130527,19.468,19.482,19.379,19.379,1172,0
20130528,19.482,19.721,19.482,19.721,2283,0
20130529,19.727,19.768,19.618,19.659,2100,0
20130531,19.775,19.96,19.775,19.851,2048,0
20130603,19.516,19.857,19.516,19.7,2419,0
20130604,19.482,19.789,19.482,19.755,2702,0
20130605,19.686,19.789,19.686,19.686,3297,0
20130606,19.755,19.755,19.693,19.721,2140,0
20130607,19.618,19.659,19.618,19.659,584,0
20130610,19.741,19.755,19.482,19.482,1903,0
20130611,19.413,19.686,18.592,19.071,4069,0
20130612,19.071,19.379,19.071,19.379,2344,0
20130613,19.242,19.399,19.242,19.344,1990,0
20130614,19.413,19.482,19.344,19.433,1901,0
20130617,19.529,19.529,19.413,19.42,1510,0
20130618,19.413,19.446,19.344,19.446,1737,0
20130619,19.446,19.446,19.379,19.413,2091,0
20130620,19.139,19.277,19.139,19.215,1794,0
20130621,19.255,19.283,18.729,18.798,1635,0
20130624,18.729,18.996,18.729,18.996,162,0
20130625,19.003,19.16,19.003,19.147,1694,0
20130626,19.139,19.207,18.456,18.456,2336,0
20130627,18.764,19.024,18.764,19.024,1672,0
20130628,19.064,19.139,19.057,19.139,1511,0
20130701,19.126,19.139,18.456,19.139,1957,0
20130702,19.139,19.277,19.139,19.277,1868,0
20130703,19.277,19.392,19.277,19.392,2681,0
20130704,19.482,19.789,19.482,19.789,2173,0
20130705,19.857,20.028,19.283,20.028,2178,0
20130708,20.164,20.315,20.131,20.295,1693,0
20130709,20.234,20.336,20.22,20.234,1978,0
20130710,20.301,20.301,20.131,20.131,1762,0
20130711,20.131,20.164,19.823,19.823,4268,0
20130712,20.164,20.164,19.823,20.164,2038,0
20130715,20.37,20.37,20.028,20.199,1904,0
20130716,20.164,20.164,19.994,19.994,843,0
20130717,20.37,20.37,20.109,20.109,1277,0
20130718,20.404,20.404,19.823,20.117,1275,0
20130719,20.37,20.37,20.083,20.09,2015,0
20130722,20.39,20.39,19.96,19.96,1598,0
20130723,19.994,20.062,19.954,19.954,1582,0
20130724,19.96,19.973,19.139,19.823,1988,0
20130725,19.755,19.823,19.755,19.755,1604,0
20130726,20.37,20.37,19.823,20.062,1428,0
20130729,19.823,20.438,19.277,19.891,1630,0
20130730,19.686,19.823,19.686,19.823,1630,0
20130731,19.277,19.789,19.277,19.789,1557,0
20130801,19.686,19.823,19.686,19.755,1231,0
20130802,19.789,19.796,19.775,19.796,1428,0
20130805,19.755,19.81,19.413,19.413,3693,0
20130806,19.344,19.686,19.139,19.207,3517,0
20130807,19.139,19.139,18.935,18.935,2976,0
20130808,18.935,19.003,18.935,18.968,1528,0
20130809,18.832,18.9,18.832,18.9,1508,0
20130812,18.729,18.798,18.661,18.729,1225,0
20130813,18.764,18.832,18.764,18.832,1274,0
20130814,18.798,18.846,18.784,18.846,1287,0
20130816,18.853,18.9,18.853,18.866,1184,0
20130819,18.9,18.9,18.729,18.9,1192,0
20130820,18.729,18.798,18.661,18.674,1451,0
20130821,18.736,18.743,18.456,18.695,1508,0
20130822,18.661,18.75,18.661,18.743,1339,0
20130823,18.668,19.139,18.661,19.139,1260,0
20130826,19.139,19.139,19.003,19.099,1020,0
20130827,19.071,19.078,18.798,19.071,816,0
20130828,19.057,19.133,18.982,19.133,1250,0
20130829,19.153,19.188,19.153,19.18,1130,0
20130830,19.174,19.188,19.16,19.166,1053,0
20130902,17.704,17.704,17.431,17.444,2642,0
20130903,17.089,17.759,17.089,17.328,927,0
20130904,17.342,17.362,17.321,17.362,6093,0
20130905,17.431,17.506,17.431,17.506,1100,0
20130906,17.533,17.731,17.089,17.704,1674,0
20130909,17.738,17.793,17.738,17.779,1784,0
20130910,17.807,18.059,17.807,18.059,3032,0
20130911,18.046,18.08,18.011,18.08,2506,0
20130912,18.114,18.456,18.08,18.1,2512,0
20130913,18.08,18.094,18.046,18.059,2582,0
20130916,18.148,18.476,18.148,18.422,16503,0
20130917,18.244,18.401,18.244,18.401,3585,0
20130918,18.525,18.525,18.32,18.387,4879,0
20130919,18.456,18.456,18.183,18.347,4382,0
20130920,18.32,18.333,17.635,18.326,3939,0
20130923,18.525,18.525,18.32,18.353,4566,0
20130924,18.361,18.387,18.32,18.333,4579,0
20130925,18.387,18.422,18.326,18.361,5061,0
20130926,18.25,18.298,18.244,18.25,5401,0
20130927,18.25,18.32,18.237,18.264,4718,0
20130930,18.32,18.32,17.909,18.258,1923,0
20131001,18.285,18.305,18.272,18.305,1798,0
20131002,18.305,18.387,18.278,18.353,1640,0
20131003,18.387,18.525,18.387,18.442,1651,0
20131004,18.387,18.442,18.387,18.429,1882,0
20131007,18.422,18.456,18.361,18.456,2316,0
20131008,18.422,18.422,18.046,18.367,1963,0
20131009,18.114,18.456,17.772,18.387,1581,0
20131010,18.483,18.525,18.217,18.394,1538,0
20131011,18.456,18.456,18.32,18.367,4525,0
20131014,18.422,18.429,18.353,18.387,1568,0
20131015,18.401,18.422,17.978,18.401,1671,0
20131016,18.387,18.401,17.772,17.97,1911,0
20131017,17.875,17.909,17.738,17.854,1702,0
20131018,17.848,18.148,17.738,18.073,5647,0
20131021,18.353,18.353,17.772,18.032,4020,0
20131022,18.08,18.08,17.431,17.84,760266,0
20131023,17.807,17.882,17.807,17.807,20058,0
20131024,17.807,17.827,17.759,17.793,2230,0
20131025,17.772,18.046,17.759,18.032,3694,0
20131028,17.964,17.978,17.902,17.902,2448,0
20131029,17.978,17.991,17.362,17.362,1603,0
20131030,17.909,17.916,17.875,17.909,3221,0
20131031,17.896,17.896,17.724,17.745,1704,0
20131104,17.704,17.738,17.69,17.704,4894,0
20131105,17.69,17.69,17.663,17.67,5428,0
20131106,17.69,17.772,17.629,17.67,12341,0
20131107,17.67,17.684,17.67,17.67,8872,0
20131108,17.635,17.69,17.635,17.643,4410,0
20131112,16.542,16.542,14.697,14.703,14679,0
20131113,14.525,14.525,14.41,14.45,7104,0
20131114,14.355,14.458,14.355,14.396,30226,0
20131115,14.286,14.505,14.286,14.505,29748,0
20131118,14.286,14.423,14.286,14.361,38385,0
20131119,14.355,14.458,14.355,14.423,43565,0
20131120,14.458,14.532,14.458,14.505,37132,0
20131121,14.423,14.423,14.355,14.375,31433,0
20131122,14.389,14.458,14.375,14.41,32854,0
20131125,14.423,14.491,14.423,14.485,36457,0
20131126,14.525,14.703,14.498,14.69,34196,0
20131127,14.833,14.936,14.628,14.799,36266,0
20131128,14.751,14.97,14.751,14.949,33817,0
20131129,15.038,15.107,15.038,15.107,28990,0
20131202,14.97,15.038,14.922,14.956,26699,0
20131203,14.901,14.901,14.826,14.874,25836,0
20131204,14.901,15.722,14.697,15.181,37962,0
20131205,15.379,15.722,15.312,15.551,25519,0
20131206,15.654,15.858,15.578,15.762,34059,0
20131209,15.79,15.858,15.749,15.838,32657,0
20131210,15.817,15.879,15.817,15.858,33787,0
20131211,15.927,15.995,15.927,15.989,32023,0
20131212,15.927,15.961,15.913,15.927,26199,0
20131213,15.927,15.995,15.92,15.927,24261,0
20131216,16.064,16.303,16.064,16.105,17407,0
20131217,16.2,16.405,16.2,16.405,10315,0
20131218,16.474,16.611,16.474,16.542,47573,0
20131219,16.576,16.576,15.168,16.542,61541,0
20131220,16.474,16.508,16.446,16.453,53753,0
20131223,16.405,16.611,16.336,16.364,59638,0
20131227,16.358,16.358,16.296,16.296,43468,0
20131230,16.336,16.35,16.336,16.35,2124,0
20140102,16.372,16.391,16.372,16.385,2217,0
20140103,16.35,16.35,16.309,16.336,2372,0
20140107,16.405,16.405,16.303,16.358,1846,0
20140108,16.405,16.508,16.336,16.405,2877,0
20140109,16.377,16.405,16.372,16.391,1603,0
20140110,16.33,16.33,15.995,15.995,1559,0
20140113,15.995,15.995,15.961,15.975,1400,0
20140114,15.858,16.064,15.858,15.872,1377,0
20140115,15.927,15.927,15.845,15.858,1487,0
20140116,15.893,15.927,15.893,15.927,1832,0
20140117,15.913,15.961,15.913,15.94,1497,0
20140120,16.029,16.064,15.961,15.961,29706,0
20140121,16.132,16.138,15.995,16.097,691,0
20140122,16.234,16.255,15.893,15.893,2323,0
20140123,16.029,16.132,16.029,16.064,1200,0
20140124,16.091,16.097,16.05,16.091,1227,0
20140127,16.064,16.064,15.913,16.023,917,0
20140128,16.05,16.05,15.961,15.961,794,0
20140129,15.927,15.927,15.893,15.893,726,0
20140130,15.913,15.913,15.879,15.879,775,0
20140131,16.064,16.064,16.037,16.064,901,0
20140203,16.064,16.064,16.016,16.016,665,0
20140204,15.722,16.166,15.722,16.159,2340,0
20140205,16.2,16.214,16.132,16.132,1630,0
20140206,16.2,16.2,16.064,16.064,1277,0
20140207,15.995,15.995,15.967,15.967,2691,0
20140210,15.865,16.125,15.858,16.125,739,0
20140211,16.166,16.173,16.132,16.132,490,0
20140212,16.193,16.214,16.18,16.186,4626,0
20140213,16.2,16.214,15.722,15.722,7059,0
20140214,15.927,15.927,15.756,15.756,6246,0
20140217,15.722,15.784,15.654,15.735,6039,0
20140218,15.762,15.762,15.64,15.687,8318,0
20140219,15.714,15.722,15.654,15.667,1524,0
20140220,15.687,15.722,15.687,15.722,1482,0
20140221,15.756,15.756,15.517,15.714,10022,0
20140224,15.995,15.995,15.379,15.387,12038,0
20140225,15.551,15.551,15.038,15.038,3302,0
20140226,15.107,15.468,15.038,15.038,5764,0
20140227,15.14,15.175,15.14,15.175,5777,0
20140228,15.161,15.243,15.038,15.038,4925,0
20140303,15.038,15.038,14.286,14.286,9148,0
20140304,14.355,14.423,14.3,14.3,5395,0
20140305,14.355,14.41,14.347,14.389,5024,0
20140306,14.321,14.341,14.067,14.075,2328,0
20140307,14.013,14.081,14.006,14.047,2856,0
20140310,14.116,14.116,13.671,13.671,6447,0
20140311,13.671,13.671,13.671,13.671,220,0
20140312,13.773,14.013,13.501,13.637,5037,0
20140313,13.603,13.616,13.596,13.616,4386,0
20140314,13.534,13.542,13.466,13.534,4503,0
20140317,13.603,13.644,13.603,13.637,4952,0
20140318,13.671,13.671,13.603,13.657,6862,0
20140319,13.637,13.726,13.603,13.726,5519,0
20140320,13.705,13.726,13.637,13.657,3493,0
20140321,13.705,13.712,13.603,13.609,3351,0
20140324,13.712,13.712,12.987,13.254,6361,0
20140325,13.24,13.248,12.995,12.995,3856,0
20140326,13.178,13.178,12.577,12.783,7437,0
20140327,12.953,12.967,12.783,12.946,7066,0
20140328,12.919,12.932,12.783,12.83,1671,0
20140331,12.851,12.987,12.851,12.926,9340,0
20140401,12.932,12.953,12.912,12.946,8352,0
20140402,13.056,13.056,12.885,12.885,5651,0
20140403,12.987,13.001,12.714,12.714,6778,0
20140404,12.728,12.741,12.577,12.577,6205,0
20140407,12.305,12.305,12.202,12.202,3884,0
20140408,12.297,12.358,12.263,12.263,3544,0
20140409,12.338,12.571,12.338,12.454,4846,0
20140410,12.441,12.474,12.427,12.454,3914,0
20140411,12.269,12.291,12.235,12.276,6348,0
20140414,12.235,12.276,12.229,12.263,5721,0
20140415,12.235,12.243,11.757,11.757,5248,0
20140416,11.819,11.819,11.552,11.6,5688,0
20140417,11.689,11.811,11.682,11.811,6158,0
20140422,11.826,11.873,11.826,11.86,3468,0
20140423,11.887,11.962,11.873,11.9,4628,0
20140424,11.88,11.88,11.826,11.853,4447,0
20140425,11.86,11.894,11.791,11.791,3854,0
20140428,11.826,11.86,11.811,11.819,1967,0
20140429,11.791,11.805,11.757,11.778,2026,0
20140430,11.805,11.826,11.805,11.819,2042,0
20140502,11.86,11.894,11.86,11.894,1917,0
20140505,11.86,11.914,11.811,11.908,2763,0
20140506,11.928,11.928,11.887,11.887,1886,0
20140507,11.86,11.88,10.937,11.278,2658,0
20140508,11.552,11.62,11.47,11.62,4819,0
20140509,11.539,11.539,10.937,10.937,1380,0
20140512,11.073,11.224,11.067,11.128,2392,0
20140513,11.444,11.531,11.444,11.495,407,0
20140514,11.487,11.509,11.487,11.509,354,0
20140515,11.674,11.969,11.495,11.947,2600,0
20140516,11.962,11.969,11.602,11.602,4261,0
20140519,11.854,11.99,11.854,11.962,10235,0
20140520,11.998,12.083,11.566,11.854,2563,0
20140521,11.545,11.566,11.459,11.473,18141,0
20140522,11.423,11.423,10.417,10.417,21029,0
20140523,10.632,10.783,10.417,10.783,28873,0
20140526,10.848,10.956,10.848,10.956,11653,0
20140527,10.92,11.272,10.899,11.272,4628,0
20140528,11.279,11.279,10.417,10.417,1043,0
20140529,10.776,10.812,10.726,10.726,895,0
20140530,10.992,11.135,10.992,11.135,1498,0
20140602,11.028,11.128,10.992,11.042,3552,0
20140603,10.92,10.956,10.92,10.92,2345,0
20140604,10.999,11.006,10.956,10.984,4194,0
20140605,10.992,11.028,10.891,10.905,3324,0
20140606,10.992,10.999,10.956,10.956,2266,0
20140609,10.92,10.92,10.884,10.891,1429,0
20140610,10.884,11.135,10.869,11.049,211220,0
20140611,11.143,11.207,10.992,11.207,99461,0
20140612,11.143,11.143,10.956,10.992,5593,0
20140613,10.891,10.905,10.848,10.884,4748,0
20140616,10.833,10.877,10.812,10.855,4772,0
20140617,10.776,10.884,10.776,10.855,3172,0
20140618,10.819,11.135,10.805,10.805,5091,0
20140620,10.776,10.812,10.776,10.812,5128,0
20140623,10.805,10.819,10.776,10.776,4557,0
20140625,10.776,10.819,10.776,10.812,3967,0
20140626,10.812,10.833,10.812,10.812,13135,0
20140627,10.776,10.833,10.776,10.812,6156,0
20140630,10.797,10.819,10.776,10.797,2549,0
20140701,10.819,10.877,10.819,10.869,5341,0
20140702,10.855,10.863,10.855,10.863,2331,0
20140703,10.884,10.891,10.869,10.877,110695,0
20140704,10.927,10.927,10.92,10.92,452,0
20140707,11.013,11.013,11.006,11.006,1831,0
20140708,10.891,11.638,10.884,11.602,4906,0
20140709,11.574,11.581,11.495,11.495,3096,0
20140710,11.523,11.531,11.516,11.531,1641,0
20140711,11.538,11.552,11.516,11.538,2446,0
20140714,11.638,11.638,11.531,11.566,1766,0
20140715,11.538,11.552,11.531,11.545,3028,0
20140716,11.566,11.566,11.538,11.559,2314,0
20140717,11.552,11.552,11.509,11.509,3189,0
20140718,11.538,11.602,11.538,11.538,2356,0
20140721,11.574,11.638,11.574,11.574,3181,0
20140722,11.588,11.624,11.566,11.566,1918,0
20140723,11.588,11.624,11.566,11.574,1712,0
20140724,11.566,11.574,11.552,11.552,3658,0
20140725,11.566,11.566,11.552,11.552,615,0
20140728,11.602,11.638,11.566,11.566,1858,0
20140729,11.71,11.746,11.574,11.746,1662,0
20140730,11.767,11.767,11.739,11.739,1254,0
20140731,11.782,11.782,11.746,11.746,3209,0
20140801,11.753,11.753,11.71,11.71,2271,0
20140804,11.847,11.847,11.811,11.811,1160,0
20140805,11.854,11.875,11.818,11.875,1530,0
20140806,11.854,11.854,11.825,11.833,1421,0
20140807,11.854,11.854,11.782,11.782,822,0
20140808,11.718,11.718,11.71,11.718,1068,0
20140811,11.753,11.782,11.746,11.782,1478,0
20140812,11.797,11.797,11.775,11.782,1235,0
20140813,11.797,11.818,11.797,11.818,1126,0
20140814,11.854,11.926,11.854,11.904,941,0
20140818,11.926,12.019,11.926,12.019,1212,0
20140819,12.105,12.105,12.034,12.034,2976,0
20140820,12.083,12.083,11.904,11.904,2031,0
20140821,12.069,12.083,12.034,12.034,1446,0
20140822,12.163,12.213,12.083,12.083,1244,0
20140825,12.141,12.141,12.041,12.041,2219,0
20140826,12.091,12.357,12.091,12.091,1837,0
20140827,12.357,12.924,12.091,12.572,1897,0
20140828,12.385,13.621,12.385,13.621,665,0
20140829,12.608,12.824,12.185,12.688,4142,0
20140901,13.291,13.722,13.284,13.614,5542,0
20140902,13.794,13.808,13.722,13.794,4337,0
20140903,13.779,13.923,13.779,13.923,2866,0
20140904,13.866,13.959,13.866,13.902,2832,0
20140905,13.938,14.224,13.938,14.153,3239,0
20140908,14.224,14.368,14.218,14.296,5487,0
20140909,14.332,14.383,14.009,14.009,4025,0
20140910,14.224,14.727,14.009,14.224,5020,0
20140911,14.224,14.943,14.224,14.332,4870,0
20140912,14.368,14.936,14.368,14.426,4168,0
20140915,14.426,14.936,13.082,14.224,6756,0
20140916,14.296,15.101,14.296,14.972,7913,0
20140917,14.943,15.726,14.871,15.086,2571,0
20140918,15.05,15.726,15.05,15.266,4151,0
20140919,15.237,15.726,15.23,15.324,3868,0
20140922,15.101,15.654,15.008,15.008,3906,0
20140923,15.015,15.446,14.979,15.446,2083,0
20140924,15.158,15.438,15.144,15.194,1989,0
20140925,15.216,15.51,15.209,15.237,1686,0
20140926,15.094,15.51,15.086,15.152,3952,0
20140929,15.122,15.582,15.122,15.438,3259,0
20140930,15.23,15.654,15.122,15.122,4821,0
20141001,15.166,15.23,14.512,15.23,4044,0
20141002,15.086,15.101,15.086,15.101,498,0
20141003,15.094,15.152,14.541,15.08,1784,0
20141006,15.05,15.086,15.001,15.086,8025,0
20141007,15.094,15.094,14.547,15.065,1168,0
20141008,15.001,15.015,14.562,14.979,1510,0
20141009,14.986,14.986,14.972,14.986,1569,0
20141010,14.993,15.015,14.993,15.008,867,0
20141013,15.001,15.05,14.57,15.05,1313,0
20141014,15.008,15.072,14.591,15.072,1685,0
20141015,15.015,15.086,15.015,15.015,1171,0
20141016,14.979,15.015,14.907,14.979,1217,0
20141017,14.577,14.763,14.577,14.649,1030,0
20141020,14.734,14.734,14.691,14.699,1326,0
20141021,14.734,14.763,14.734,14.763,1140,0
20141022,14.577,14.727,14.577,14.577,881,0
20141023,14.627,15.044,14.619,15.044,1024,0
20141024,14.799,14.814,14.577,14.799,863,0
20141027,14.727,14.77,14.727,14.763,1232,0
20141028,14.806,15.08,14.806,14.85,1265,0
20141029,14.799,15.08,14.799,14.886,1609,0
20141030,14.907,15.086,14.799,15.086,1822,0
20141031,15.08,15.086,15.015,15.086,2633,0
20141103,15.086,15.086,15.044,15.05,1716,0
20141104,15.015,15.101,15.015,15.08,1770,0
20141105,15.108,15.13,15.094,15.094,1221,0
20141106,15.094,15.122,15.086,15.086,1306,0
20141107,14.734,14.929,14.734,14.749,1006,0
20141110,14.763,14.857,14.677,14.677,1374,0
20141112,14.655,14.814,14.655,14.814,1434,0
20141113,14.512,14.806,14.512,14.792,942,0
20141114,14.512,14.871,14.512,14.871,1298,0
20141117,16.064,16.128,16.035,16.128,4947,0
20141118,16.128,16.128,14.685,15.259,4645,0
20141119,15.446,15.949,15.374,15.553,1268,0
20141120,15.517,15.64,15.517,15.561,1268,0
20141121,15.733,15.949,15.712,15.712,1193,0
20141124,15.661,15.733,15.661,15.733,1373,0
20141125,15.733,15.74,15.661,15.697,507,0
20141126,15.733,15.805,15.733,15.805,1502,0
20141127,15.805,15.848,15.805,15.827,1716,0
20141128,15.769,15.805,15.769,15.791,1304,0
20141201,15.661,15.669,15.647,15.647,1246,0
20141202,15.64,15.669,15.625,15.669,1186,0
20141203,15.704,15.719,15.69,15.712,1298,0
20141204,15.733,15.784,15.733,15.784,1230,0
20141205,15.805,15.841,15.798,15.827,1236,0
20141208,15.841,15.856,15.833,15.856,1182,0
20141209,15.812,15.827,15.762,15.762,1340,0
20141210,15.748,15.762,15.733,15.733,999,0
20141211,15.748,15.769,15.74,15.74,1116,0
20141212,15.733,15.733,15.69,15.69,954,0
20141215,15.733,15.748,15.733,15.748,776,0
20141216,15.338,15.453,15.086,15.41,1353,0
20141217,14.734,15.166,13.435,14.943,785,0
20141218,14.907,14.907,14.828,14.828,1058,0
20141219,14.871,15.015,14.828,14.943,1690,0
20141222,14.893,14.979,14.893,14.95,874,0
20141223,15.015,15.086,15.015,15.022,1366,0
20141229,15.086,15.094,13.363,13.363,2038,0
20141230,13.435,14.146,13.435,14.146,5791,0
20150102,13.93,14.002,13.83,13.866,1438,0
20150105,14.224,14.26,13.65,13.65,1513,0
20150107,13.729,13.729,13.65,13.65,715,0
20150108,13.643,13.65,13.643,13.65,818,0
20150109,13.729,13.729,13.65,13.65,647,0
20150112,13.758,13.758,13.571,13.614,1450,0
20150113,13.578,13.6,13.542,13.542,574,0
20150114,13.578,13.6,13.578,13.578,512,0
20150115,13.578,13.614,13.578,13.614,1095,0
20150116,13.614,13.614,13.614,13.614,1357,0
20150119,13.65,13.65,13.571,13.578,812,0
20150120,13.363,13.363,13.161,13.161,1070,0
20150121,13.291,13.291,13.248,13.248,1013,0
20150122,13.399,13.413,13.384,13.399,1407,0
20150123,13.363,13.42,13.363,13.413,1366,0
20150126,13.399,13.399,13.075,13.075,1442,0
20150127,13.363,13.363,13.305,13.327,2072,0
20150128,13.348,13.348,13.284,13.297,1553,0
20150129,13.291,13.363,13.255,13.363,1108,0
20150130,13.355,13.355,13.319,13.319,1295,0
20150202,13.291,13.384,13.291,13.369,1733,0
20150203,13.377,13.427,13.377,13.391,1116,0
20150204,13.391,13.391,13.391,13.391,893,0
20150205,13.391,13.391,13.391,13.391,24447,0
20150206,13.291,13.291,13.291,13.291,160,0
20150209,13.377,13.377,13.363,13.369,632,0
20150210,13.291,13.312,13.291,13.312,445,0
20150211,13.291,13.327,13.291,13.291,1009,0
20150212,13.255,13.255,13.248,13.248,295,0
20150213,13.291,13.291,13.291,13.291,167,0
20150217,13.363,13.363,12.932,12.932,1135,0
20150218,12.73,12.73,11.495,12.716,663,0
20150219,12.752,12.752,12.752,12.752,27840,0
20150220,12.572,12.572,12.572,12.572,1,0
20150223,12.608,12.709,12.608,12.644,473,0
20150224,12.716,12.716,12.716,12.716,77,0
20150227,12.572,12.788,12.572,12.788,23754,0
20150302,13.435,13.513,13.348,13.348,2349,0
20150303,13.542,13.585,13.542,13.585,479,0
20150304,13.614,13.614,13.614,13.614,347,0
20150309,13.65,13.65,13.65,13.65,119,0
20150310,13.578,13.578,13.564,13.564,661,0
20150311,13.578,13.6,13.578,13.6,592,0
20150312,13.111,13.65,13.039,13.65,1122,0
20150313,13.564,13.578,13.564,13.578,376,0
20150316,13.65,13.65,13.607,13.607,1326,0
20150317,13.628,13.628,13.607,13.614,1182,0
20150318,13.628,13.643,13.607,13.607,1291,0
20150319,13.607,13.614,13.6,13.6,636,0
20150320,13.614,13.621,13.6,13.614,1297,0
20150323,13.607,13.621,13.075,13.6,812,0
20150324,13.722,13.722,13.621,13.628,2182,0
20150325,13.628,13.635,13.6,13.607,2398,0
20150326,13.65,13.65,13.6,13.621,2076,0
20150327,13.621,13.643,13.614,13.628,2558,0
20150330,13.621,13.621,13.6,13.6,2087,0
20150331,13.65,13.65,13.6,13.607,1967,0
20150401,13.607,13.607,13.6,13.6,2038,0
20150402,13.621,13.635,13.614,13.621,2037,0
20150407,13.65,13.65,13.628,13.628,2098,0
20150408,13.291,13.65,13.147,13.65,2767,0
20150409,13.794,13.794,13.65,13.65,2018,0
20150410,13.65,13.65,13.65,13.65,2296,0
20150413,13.65,13.65,13.643,13.65,1268,0
20150414,13.635,13.635,13.628,13.628,1003,0
20150415,13.635,13.65,13.628,13.635,1825,0
20150416,13.363,13.643,13.363,13.628,2298,0
20150417,13.65,13.65,13.506,13.65,2587,0
20150420,13.8,13.808,13.65,13.65,1816,0
20150421,13.643,13.643,13.578,13.635,3751,0
20150422,13.65,13.65,13.635,13.635,1279,0
20150423,13.635,13.635,13.628,13.635,1367,0
20150424,13.635,13.635,13.628,13.628,1390,0
20150427,13.635,13.635,13.621,13.621,1030,0
20150428,13.635,13.635,13.628,13.628,1342,0
20150429,13.7,13.7,13.471,13.471,2567,0
20150430,13.65,13.65,13.635,13.635,817,0
20150504,13.866,13.866,13.492,13.643,3150,0
20150505,13.65,13.65,13.549,13.549,5598,0
20150506,13.65,13.65,13.65,13.65,2060,0
20150507,13.65,13.65,13.635,13.635,1179,0
20150508,13.635,13.65,13.628,13.65,7772,0
20150511,13.693,13.693,13.578,13.578,7273,0
20150512,13.635,13.643,13.578,13.578,5667,0
20150513,13.65,13.65,13.578,13.635,5396,0
20150514,15.105,15.105,13.635,13.799,1322,0
20150515,13.84,14.289,13.807,13.807,3389,0
20150518,13.66,13.782,13.219,13.782,2028,0
20150521,13.064,13.611,13.064,13.513,541,0
20150525,13.072,13.513,13.072,13.072,686,0
20150526,13.627,13.627,13.072,13.072,1952,0
20150527,13.472,13.472,13.064,13.064,295,0
20150528,13.472,13.472,13.472,13.472,320,0
20150529,13.456,13.456,13.448,13.448,3797,0
20150601,13.627,13.627,12.999,13.423,7325,0
20150602,13.415,13.415,13.391,13.391,2205,0
20150603,13.342,13.391,13.023,13.064,3973,0
20150605,13.431,13.431,13.431,13.431,33,0
20150608,13.431,13.431,13.374,13.374,1775,0
20150609,13.448,13.456,13.309,13.309,9150,0
20150610,13.064,13.358,13.056,13.056,7582,0
20150611,13.448,13.472,13.415,13.423,9612,0
20150612,13.064,13.431,13.064,13.064,9181,0
20150615,13.064,13.407,12.982,13.203,7484,0
20150616,13.407,13.407,12.982,13.252,10206,0
20150617,13.374,13.391,13.064,13.064,11221,0
20150618,13.382,13.382,12.778,12.778,5222,0
20150619,13.342,13.342,13.105,13.105,8735,0
20150622,13.146,13.146,13.088,13.088,11252,0
20150623,13.137,13.137,13.056,13.056,15121,0
20150624,13.048,13.056,13.048,13.056,6216,0
20150625,13.105,13.105,13.08,13.097,11019,0
20150626,13.121,13.121,12.656,12.958,8228,0
20150629,12.95,12.958,12.95,12.95,435,0
20150630,12.933,12.933,12.656,12.901,3366,0
20150701,12.819,12.909,12.819,12.901,1744,0
20150702,12.909,12.909,12.901,12.909,2141,0
20150703,12.892,12.909,12.574,12.574,2677,0
20150706,12.672,12.672,12.247,12.247,1431,0
20150707,12.566,12.566,12.558,12.566,1745,0
20150708,12.566,12.566,12.558,12.558,2192,0
20150709,12.566,12.574,12.558,12.574,1929,0
20150710,12.574,12.574,12.558,12.558,1039,0
20150713,12.566,12.656,12.558,12.656,1019,0
20150714,12.688,12.696,12.574,12.574,447,0
20150715,12.566,12.566,12.558,12.558,632,0
20150716,12.811,12.811,12.574,12.574,583,0
20150717,12.737,12.819,12.55,12.819,5253,0
20150720,12.558,12.574,12.55,12.566,4950,0
20150721,12.656,12.672,12.558,12.566,4665,0
20150722,12.558,12.566,12.55,12.55,3814,0
20150723,12.558,12.566,12.55,12.558,5689,0
20150724,12.656,12.696,12.656,12.696,4550,0
20150727,12.566,12.566,12.476,12.558,6423,0
20150728,12.558,12.574,12.55,12.574,8941,0
20150729,12.574,12.574,12.574,12.574,168,0
20150731,12.737,12.737,12.558,12.558,1206,0
20150803,12.574,12.819,12.574,12.819,5,0
20150804,12.811,12.819,12.811,12.819,37,0
20150805,12.566,12.574,12.558,12.574,1047,0
20150806,12.558,12.566,12.558,12.558,647,0
20150807,12.558,12.566,12.558,12.566,296,0
20150810,12.566,12.819,12.566,12.819,272,0
20150811,12.558,12.574,12.558,12.566,741,0
20150812,12.558,12.574,12.558,12.574,528,0
20150813,12.558,12.574,12.558,12.574,1127,0
20150817,12.558,12.607,12.558,12.566,898,0
20150818,12.656,12.664,12.656,12.664,374,0
20150819,12.656,12.656,12.59,12.59,1891,0
20150820,12.574,12.582,12.574,12.574,1864,0
20150821,12.574,12.811,12.574,12.811,2425,0
20150824,12.582,12.811,12.582,12.811,636,0
20150825,12.55,12.55,12.55,12.55,1,0
20150827,12.566,12.574,12.566,12.574,1010,0
20150831,12.566,12.941,12.566,12.901,7612,0
20150901,12.86,13.064,12.86,12.86,49029,0
20150902,13.064,13.456,13.064,13.456,491,0
20150903,13.105,13.105,13.056,13.08,6481,0
20150904,13.072,13.456,13.064,13.064,5128,0
20150907,13.08,13.456,13.08,13.08,4323,0
20150908,13.113,13.146,13.088,13.129,4708,0
20150909,13.146,13.186,13.121,13.162,3990,0
20150910,13.235,13.342,13.235,13.342,1794,0
20150911,13.448,13.472,13.448,13.472,3104,0
20150914,13.799,13.799,13.472,13.472,2168,0
20150915,13.472,13.472,13.472,13.472,565,0
20150916,13.782,13.782,13.472,13.472,3184,0
20150917,13.717,13.717,13.472,13.472,2307,0
20150918,13.472,13.472,13.472,13.472,4599,0
20150921,13.472,13.717,13.472,13.717,2756,0
20150922,13.717,13.717,13.701,13.701,2051,0
20150924,13.88,14.052,13.799,13.799,3851,0
20150925,13.962,14.354,13.962,14.354,1128,0
20150928,14.354,15.015,14.354,15.015,2579,0
20150929,15.015,15.015,15.015,15.015,1205,0
20150930,15.015,15.015,15.015,15.015,1422,0
20151001,15.007,15.007,14.468,14.468,670,0
20151002,14.697,14.697,14.689,14.689,1347,0
20151005,14.942,15.007,14.697,14.697,1925,0
20151006,14.697,14.926,14.697,14.926,974,0
20151007,14.697,14.697,14.697,14.697,367,0
20151009,14.681,14.681,14.681,14.681,70,0
20151014,14.697,14.705,14.689,14.705,1164,0
20151015,14.697,14.746,14.697,14.697,2456,0
20151016,14.346,14.689,14.338,14.689,813,0
20151019,14.329,14.697,14.085,14.697,220,0
20151020,14.085,14.697,14.085,14.697,404,0
20151023,14.207,14.697,14.207,14.697,757,0
20151026,14.697,14.697,14.697,14.697,245,0
20151027,14.697,14.901,14.697,14.901,343,0
20151028,14.901,14.901,14.901,14.901,246,0
20151029,14.901,14.901,14.901,14.901,522,0
20151030,14.901,14.901,14.901,14.901,557,0
20151104,14.86,14.86,14.86,14.86,245,0
20151113,14.86,15.513,14.86,15.105,6644,0
20151116,15.105,15.105,15.081,15.105,2644,0
20151117,15.105,15.105,15.105,15.105,429,0
20151118,15.105,15.105,14.779,15.064,1974,0
20151119,15.105,15.105,15.089,15.105,637,0
20151120,15.105,15.309,15.105,15.187,1671,0
20151123,15.105,15.105,15.105,15.105,567,0
20151124,15.105,15.105,15.105,15.105,1347,0
20151125,15.105,15.268,15.105,15.268,3625,0
20151126,15.105,15.26,15.105,15.105,2185,0
20151127,15.097,15.105,15.097,15.105,1537,0
20151130,15.105,15.105,15.097,15.097,2002,0
20151201,15.097,15.219,14.95,15.219,4165,0
20151202,15.105,15.105,15.097,15.105,1678,0
20151203,15.105,15.391,15.081,15.187,6932,0
20151204,15.432,15.44,15.424,15.424,1641,0
20151207,15.105,15.105,15.089,15.089,2878,0
20151208,15.105,15.187,15.105,15.187,1481,0
20151209,15.187,15.309,15.187,15.309,3184,0
20151210,15.187,15.301,15.187,15.301,2649,0
20151211,15.301,15.636,15.301,15.636,1010,0
20151214,15.35,15.603,15.35,15.505,1776,0
20151215,15.309,15.309,14.697,14.697,4044,0
20151216,15.105,15.105,15.105,15.105,1592,0
20151217,15.105,15.17,15.105,15.17,868,0
20151221,15.228,15.391,14.289,15.162,3269,0
20151222,15.554,15.554,15.424,15.424,680,0
20151223,15.268,15.268,15.228,15.228,2015,0
20151228,15.415,15.415,15.187,15.187,1593,0
20151229,15.595,15.595,15.187,15.187,11,0
20160104,15.309,15.342,15.309,15.342,708,0
20160105,15.334,15.334,15.326,15.326,380,0
20160107,15.334,15.375,15.105,15.35,1148,0
20160108,15.35,15.35,14.697,14.697,1250,0
20160111,15.105,15.473,15.105,15.473,441,0
20160112,15.448,15.448,15.448,15.448,122,0
20160113,15.424,15.432,15.424,15.432,314,0
20160114,15.424,15.481,15.424,15.481,443,0
20160115,15.481,15.62,15.481,15.62,838,0
20160118,15.595,15.677,15.595,15.677,653,0
20160119,15.677,15.799,15.677,15.799,670,0
20160120,15.791,15.791,15.791,15.791,288,0
20160121,15.856,15.881,15.677,15.677,1664,0
20160125,15.881,15.881,15.824,15.824,968,0
20160126,15.881,15.881,15.881,15.881,244,0
20160127,15.84,15.84,15.832,15.84,461,0
20160128,15.881,15.995,15.636,15.881,877,0
20160129,16.003,16.003,15.873,15.881,900,0
20160201,16.003,16.003,16.003,16.003,214,0
20160202,16.003,16.003,15.995,16.003,1010,0
20160203,15.954,16.003,15.954,16.003,375,0
20160204,15.35,15.628,15.35,15.628,582,0
20160205,15.628,16.003,15.628,16.003,1032,0
20160208,16.003,16.003,15.995,15.995,416,0
20160209,16.248,16.248,15.718,16.126,1288,0
20160210,16.33,16.33,16.207,16.207,452,0
20160211,16.248,16.33,15.611,16.207,723,0
20160212,16.314,16.322,15.554,15.554,688,0
20160215,16.697,16.738,16.697,16.738,105,0
20160216,16.126,16.126,16.126,16.126,468,0
20160217,16.207,16.207,16.207,16.207,299,0
20160218,16.452,16.485,16.452,16.485,472,0
20160219,16.534,16.583,15.252,16.011,5116,0
20160222,16.248,16.33,16.24,16.248,2121,0
20160224,16.003,16.33,15.669,15.669,2930,0
20160225,15.677,16.158,15.571,15.595,876,0
20160226,15.571,15.677,15.513,15.677,641,0
20160229,15.677,15.922,15.513,15.513,1809,0
20160301,16.003,16.003,15.513,15.513,1651,0
20160302,16.085,16.085,15.513,16.044,2027,0
20160303,16.126,16.126,15.513,15.513,305,0
20160304,16.085,16.085,15.513,15.513,828,0
20160307,15.513,16.069,15.513,15.513,1969,0
20160308,15.905,15.905,15.513,15.513,2345,0
20160309,15.513,15.799,15.399,15.399,2621,0
20160310,15.35,15.513,15.244,15.456,1346,0
20160311,15.513,15.513,15.513,15.513,588,0
20160314,15.473,15.513,15.464,15.473,1280,0
20160315,15.481,15.513,15.309,15.473,2863,0
20160316,15.595,15.669,15.595,15.669,1592,0
20160317,15.718,15.758,15.595,15.595,2107,0
20160318,15.677,15.718,15.309,15.309,1847,0
20160321,15.326,15.326,15.326,15.326,122,0
20160322,15.513,15.693,15.473,15.513,7086,0
20160323,15.513,15.758,15.432,15.448,16777,0
20160324,15.35,15.718,15.35,15.35,19404,0
20160329,15.513,15.513,15.432,15.432,16261,0
20160330,15.473,15.513,15.432,15.497,15992,0
20160331,15.473,15.513,15.432,15.513,12315,0
20160401,15.513,15.513,15.432,15.489,922,0
20160404,15.709,15.709,15.473,15.497,7117,0
20160405,15.513,15.513,15.505,15.505,968,0
20160406,15.554,15.554,15.293,15.473,2474,0
20160407,15.709,15.922,15.432,15.799,21665,0
20160408,16.412,16.901,16.248,16.33,21671,0
20160411,16.33,16.371,16.126,16.289,13792,0
20160412,16.289,16.387,16.207,16.289,7863,0
20160413,16.33,16.371,16.289,16.33,19215,0
20160414,16.33,16.722,16.33,16.371,28022,0
20160415,16.379,16.379,16.126,16.248,13832,0
20160418,16.248,16.314,14.697,15.905,25876,0
20160419,15.922,16.167,15.905,16.126,8767,0
20160420,16.248,16.248,15.922,16.02,5938,0
20160421,16.24,16.24,15.922,15.962,133422,0
20160422,15.962,16.207,15.954,16.207,434608,0
20160425,16.207,16.289,15.962,15.962,66278,0
20160426,16.24,16.567,15.962,15.962,99105,0
20160427,15.979,15.979,15.946,15.962,62480,0
20160428,15.946,15.962,15.84,15.84,25390,0
20160429,15.922,16.248,15.913,15.962,45703,0
20160502,16.297,16.297,15.962,15.995,68362,0
20160504,15.954,15.962,15.84,15.922,37378,0
20160505,16.0278,16.0278,15.9053,16.0196,7732,0
20160506,15.9543,15.9543,15.84,15.9543,11835,0
20160509,16.1258,16.2074,16.0196,16.0686,19488,0
20160510,16.1094,16.1094,15.84,15.9053,59414,0
20160511,16.0033,16.0033,15.84,15.84,37869,0
20160512,15.53,15.98,15.41,15.86,15022,0
20160513,15.86,15.9,15.81,15.9,2986,0
20160516,15.57,15.73,14.68,15.73,5443,0
20160517,15.45,15.98,15.45,15.98,10628,0
20160518,16,16.56,16,16.4,944,0
20160519,16.35,16.79,16.03,16.49,5748,0
20160520,16.49,16.49,15.6,16,2872,0
20160523,15.72,16.47,15.72,16.46,206,0
20160524,16,16.39,15.9,16.39,782,0
20160525,16.36,16.36,15.62,16,3346,0
20160527,15.72,16,15.72,15.95,3610,0
20160530,15.99,15.99,15.95,15.98,1250,0
20160531,15.99,16,15.99,15.99,2091,0
20160601,15.99,15.99,15.75,15.96,1889,0
20160602,15.8,15.9,15.5,15.6,4150,0
20160603,15.5,15.98,15.5,15.8,5014,0
20160606,15.8,15.8,15.6,15.6,2524,0
20160607,15.7,15.94,15.6,15.94,1060,0
20160608,15.94,15.98,15.94,15.98,494,0
20160609,15.9,15.96,15.9,15.96,688,0
20160610,15.8,15.8,15.5,15.5,2688,0
20160613,15.5,15.84,15.16,15.84,3131,0
20160614,15.2,15.78,15.2,15.78,285,0
20160615,15.77,15.77,15.77,15.77,150,0
20160616,15.5,15.7,15.11,15.12,1160,0
20160617,15.45,15.45,15.22,15.22,260,0
20160620,15.21,15.38,15.21,15.38,329,0
20160621,15.4,15.4,15.02,15.35,3374,0
20160622,15.3,15.3,15.2,15.2,560,0
20160623,15.35,15.45,15.35,15.45,441,0
20160624,15.1,15.45,15.05,15.45,1895,0
20160627,15.45,15.55,15,15.2,3608,0
20160628,15.2,15.25,14.85,15.2,6509,0
20160629,15.05,15.2,15.04,15.2,8393,0
20160630,15.2,15.2,15.2,15.2,1880,0
20160701,15.2,15.3,15.2,15.2,246,0
20160704,15.3,15.3,15.29,15.29,20,0
20160705,15.39,15.45,15.16,15.16,2104,0
20160706,15.51,15.51,15.51,15.51,9,0
20160707,15.31,15.5,15.31,15.31,100,0
20160708,15.2,15.5,15.1,15.5,751,0
20160711,15.49,15.58,15.49,15.58,634,0
20160712,15.49,15.49,15.49,15.49,1286,0
20160713,15.49,15.5,15.45,15.5,2154,0
20160714,15.45,15.5,15.08,15.5,723,0
20160718,15.4,15.55,15.4,15.55,1670,0
20160719,15.55,15.55,15.5,15.5,714,0
20160720,15.56,15.56,15.5,15.5,779,0
20160721,15.56,15.58,15.56,15.58,207,0
20160722,15.58,15.59,15.55,15.58,366,0
20160725,15.7,15.7,15.55,15.7,415,0
20160726,15.73,15.73,15.7,15.7,637,0
20160727,15.7,15.7,15.7,15.7,393,0
20160728,15.69,15.69,15.69,15.69,100,0
20160729,15.7,15.75,15.7,15.7,563,0
20160801,15.78,15.8,15.6,15.65,1555,0
20160802,15.65,15.65,15.65,15.65,220,0
20160803,15.66,15.66,15.55,15.55,300,0
20160804,15.55,15.6,15.55,15.6,272,0
20160805,15.65,16.1,15.65,16.1,2083,0
20160808,16.1,16.4,15.8,16.4,755,0
20160809,16.59,16.59,16.57,16.57,1889,0
20160810,16.64,16.64,16.64,16.64,143,0
20160811,16.65,16.65,16.6,16.65,1154,0
20160812,16.72,16.79,16.72,16.79,5063,0
20160816,16.88,17,16.7,16.75,2139,0
20160817,17,17,17,17,214,0
20160818,16.95,17,16.75,16.75,1100,0
20160819,16.8,16.99,16.8,16.99,1021,0
20160822,16.99,16.99,16.81,16.81,184,0
20160823,16.81,16.81,16.77,16.77,699,0
20160824,16.99,16.99,16.5,16.5,1600,0
20160825,16.5,16.5,16.5,16.5,120,0
20160829,16.39,16.97,16.39,16.97,118,0
20160830,16.91,16.97,16.65,16.65,611,0
20160831,16.98,16.98,16.9,16.9,31291,0
20160901,16.5,16.5,15.8,16.4,1437,0
20160902,16.39,16.39,16.2,16.2,262,0
20160905,16.2,16.2,15.75,15.8,1332,0
20160906,16,16,15.8,15.8,606,0
20160907,16,16,15.8,15.8,642,0
20160909,15.62,15.97,15.48,15.97,717,0
20160912,15.5,15.97,15.48,15.97,787,0
20160913,15.9,16,15.9,16,750,0
20160914,16,16.29,15.55,15.55,1207,0
20160915,15.57,15.57,15.55,15.55,380,0
20160916,15.53,15.53,15.4,15.4,406,0
20160919,15.3,15.5,15.3,15.5,870,0
20160920,15.5,15.5,15.5,15.5,196,0
20160921,15.5,15.5,15.08,15.1,3196,0
20160922,15.08,15.65,15.07,15.1,2266,0
20160923,15.1,15.2,15.07,15.1,4466,0
20160926,15.2,15.2,15.12,15.2,2275,0
20160927,15.2,15.2,15,15,2242,0
20160928,15.47,15.47,14.86,15.28,1304,0
20160930,15.24,15.24,15.24,15.24,300,0
20161003,15.24,15.24,15.2,15.2,40,0
20161004,15.02,15.24,15.02,15.24,806,0
20161005,15.2,15.2,14.47,14.5,5169,0
20161006,14.5,14.5,14.47,14.5,2505,0
20161007,14.5,14.69,14.4,14.5,2649,0
20161010,14.5,14.5,14.4,14.4,1591,0
20161011,14.4,14.4,14.4,14.4,442,0
20161012,14.26,14.4,14.26,14.4,150,0
20161013,14.5,14.5,14.37,14.37,1435,0
20161014,14.37,14.37,14.29,14.29,728,0
20161017,14.44,14.44,14.06,14.06,2523,0
20161018,14.07,14.12,13.8,13.8,13023,0
20161019,13.8,13.96,13.6,13.96,2946,0
20161020,13.96,13.96,13.9,13.9,8276,0
20161021,13.95,13.95,13.8,13.8,4261,0
20161024,13.95,13.95,13.8,13.8,359,0
20161025,13.77,13.85,13.6,13.75,5893,0
20161026,13.74,13.74,13.4,13.6,4427,0
20161027,13.7,13.7,13.4,13.7,1164,0
20161028,13.5,13.96,13.5,13.96,1327,0
20161031,13.96,14.5,13.96,14.5,2308,0
20161102,14.55,14.55,14.1,14.1,4043,0
20161103,14.1,14.14,14,14,2940,0
20161104,13.96,14,13.95,14,5549,0
20161107,14,14,14,14,100,0
