Date,Open,High,Low,Close,Volume,OpenInt
20110809,10.978,10.978,6.9282,7.3673,282397,0
20110810,7.3185,7.8065,7.2698,7.3673,75631,0
20110811,7.3185,7.3673,7.2698,7.3185,32250,0
20110812,7.3185,7.7577,7.221,7.7577,24568,0
20110816,8.0504,8.0504,7.5625,7.9528,65302,0
20110817,8.0504,8.0504,7.5625,8.0504,28784,0
20110818,8.0504,8.0504,7.5625,8.0504,1769,0
20110819,7.9528,7.9528,7.8065,7.904,1045,0
20110822,7.904,8.0504,7.5625,7.9528,2716,0
20110823,7.904,7.9528,7.5625,7.8065,1021,0
20110824,7.9528,7.9528,7.5625,7.8065,22268,0
20110825,7.9528,7.9528,7.4161,7.904,16294,0
20110826,7.904,7.9528,7.5137,7.9528,96181,0
20110829,7.8552,7.8552,7.8065,7.8065,953,0
20110830,7.6113,7.6113,7.3185,7.5137,11572,0
20110831,8.0504,8.0504,7.4161,7.7577,18931,0
20110901,7.7089,7.8065,7.4161,7.8065,103179,0
20110902,7.8065,7.8065,7.3185,7.5137,984,0
20110905,7.5625,7.5625,7.3185,7.5137,486,0
20110906,7.5137,7.5137,7.5137,7.5137,10411,0
20110907,7.5625,7.5625,7.0746,7.3185,1230,0
20110908,7.5137,7.5137,6.8306,7.221,6070,0
20110909,7.221,7.221,6.9282,7.221,23789,0
20110912,7.5137,7.5137,7.0746,7.1234,18846,0
20110913,7.3185,7.3185,7.0746,7.0746,17415,0
20110914,7.221,7.221,7.0746,7.221,13777,0
20110915,7.4649,7.4649,7.4649,7.4649,189,0
20110916,7.4649,7.4649,7.4649,7.4649,228,0
20110919,7.3185,7.3185,7.0746,7.2698,421,0
20110920,7.2698,7.2698,7.0746,7.2698,487,0
20110921,7.2698,7.2698,7.0746,7.2698,288,0
20110922,7.2698,7.2698,6.4891,6.4891,1355,0
20110923,6.7819,7.2698,6.3915,7.2698,1952,0
20110926,7.1722,7.1722,7.0746,7.1234,2597,0
20110927,7.1234,7.1234,7.0746,7.1234,2244,0
20110928,7.1722,7.1722,6.8306,7.1722,3721,0
20110929,7.1722,7.1722,6.8306,7.0746,405,0
20110930,7.0746,7.0746,6.8306,6.8306,387,0
20111003,7.0746,7.0746,7.0746,7.0746,137,0
20111004,7.0746,7.0746,7.0746,7.0746,127,0
20111005,6.977,7.0258,6.8306,6.8306,385,0
20111006,6.8306,7.0746,6.7819,7.0746,19148,0
20111007,7.0746,7.0746,7.0746,7.0746,123,0
20111010,7.0258,7.0258,7.0258,7.0258,194,0
20111011,7.0258,7.3185,7.0258,7.3185,2438,0
20111012,7.1722,7.3185,7.1722,7.3185,92284,0
20111013,7.3185,7.3185,7.3185,7.3185,125,0
20111014,7.3185,7.3185,7.3185,7.3185,22994,0
20111017,7.3185,7.3185,7.2698,7.3185,1309,0
20111018,7.2698,7.2698,7.2698,7.2698,205,0
20111019,7.221,7.3185,7.221,7.3185,24419,0
20111020,7.3185,7.3185,7.3185,7.3185,168,0
20111021,7.3185,7.3185,7.3185,7.3185,275,0
20111024,7.3185,7.3185,7.3185,7.3185,123,0
20111025,7.3185,7.3185,7.3185,7.3185,143,0
20111026,7.3185,7.3185,7.3185,7.3185,162,0
20111027,7.3185,7.3185,7.221,7.2698,10600,0
20111028,7.3185,7.3185,7.3185,7.3185,133,0
20111031,7.3185,7.3185,7.3185,7.3185,111,0
20111102,7.3185,7.3185,7.2698,7.3185,3423,0
20111103,7.3185,7.3185,7.3185,7.3185,195,0
20111104,7.3185,7.3185,7.3185,7.3185,2198,0
20111107,7.2698,7.2698,7.2698,7.2698,111,0
20111108,7.221,7.221,7.221,7.221,127,0
20111109,7.221,7.221,7.221,7.221,184,0
20111110,7.221,7.221,7.1722,7.221,44644,0
20111114,7.221,7.221,6.5867,7.0746,38703,0
20111115,7.0746,7.0746,7.0746,7.0746,158,0
20111116,7.0746,7.0746,7.0746,7.0746,159,0
20111117,7.0258,7.0258,7.0258,7.0258,119,0
20111118,7.0258,7.0258,6.3915,7.0258,1686,0
20111121,7.221,7.221,7.221,7.221,1207,0
20111122,7.221,7.221,7.0258,7.0746,605,0
20111123,7.0746,7.0746,7.0746,7.0746,105,0
20111124,7.0258,7.0258,7.0258,7.0258,84,0
20111125,7.0258,7.0258,7.0258,7.0258,133,0
20111128,7.0258,7.0258,7.0258,7.0258,451,0
20111129,7.0258,7.0258,7.0258,7.0258,125,0
20111130,7.0258,7.0258,7.0258,7.0258,4295,0
20111201,7.0258,7.0258,7.0258,7.0258,131,0
20111202,7.0258,7.0258,6.977,7.0258,299,0
20111205,7.0258,7.0258,7.0258,7.0258,155,0
20111206,7.0258,7.0258,7.0258,7.0258,123,0
20111207,7.0258,7.0258,7.0258,7.0258,100,0
20111208,7.0258,7.0258,6.4403,6.977,346,0
20111209,6.977,6.977,6.977,6.977,107,0
20111212,6.977,6.977,6.977,6.977,174,0
20111213,6.977,6.977,6.977,6.977,146,0
20111214,6.977,6.977,6.977,6.977,133,0
20111215,6.977,6.977,6.977,6.977,141,0
20111216,6.977,6.977,6.977,6.977,182,0
20111219,6.977,6.977,6.977,6.977,117,0
20111220,6.977,6.977,6.8306,6.9282,248,0
20111221,6.9282,6.9282,6.9282,6.9282,138,0
20111222,6.9282,6.9282,6.9282,6.9282,130,0
20111223,6.9282,6.9282,6.8794,6.9282,5331,0
20111227,6.9282,6.9282,6.9282,6.9282,240,0
20111228,6.9282,6.9282,6.9282,6.9282,109,0
20111229,6.9282,6.9282,6.4891,6.9282,190,0
20111230,6.9282,6.9282,6.5379,6.9282,1048,0
20120102,7.0258,7.0258,6.8306,6.977,6559,0
20120103,6.9282,6.9282,6.7819,6.8306,905,0
20120104,6.8306,6.8306,6.8306,6.8306,142,0
20120105,6.7819,6.7819,6.7331,6.7331,479,0
20120109,6.7331,6.8306,6.6843,6.8306,239,0
20120110,6.8306,6.8306,6.8306,6.8306,89,0
20120111,6.7819,6.7819,6.7819,6.7819,129,0
20120112,6.7819,7.0258,6.7819,7.0258,207,0
20120113,6.977,6.977,6.6355,6.9282,1547,0
20120116,6.8794,6.8794,6.8306,6.8306,387,0
20120117,6.8306,7.0258,6.6355,7.0258,2780,0
20120118,6.977,6.977,6.6843,6.8306,781,0
20120119,6.8794,6.8794,6.8306,6.8306,259,0
20120120,6.9282,6.9282,6.9282,6.9282,104,0
20120123,6.977,6.977,6.977,6.977,81,0
20120124,6.9282,6.977,6.9282,6.977,8449,0
20120125,7.0258,7.0258,7.0258,7.0258,4398,0
20120126,6.9282,6.9282,6.9282,6.9282,151,0
20120127,6.977,6.977,6.9282,6.9282,557,0
20120130,6.9282,6.9282,6.9282,6.9282,91679,0
20120131,6.9282,6.9282,6.9282,6.9282,84,0
20120201,6.9282,6.9282,6.8306,6.8306,178,0
20120202,6.8306,6.8306,6.6843,6.7819,4633,0
20120203,6.8306,6.8306,6.8306,6.8306,554,0
20120206,6.8306,6.8306,6.6355,6.8306,217,0
20120207,6.8306,6.8306,6.8306,6.8306,129,0
20120208,6.8306,6.8306,6.8306,6.8306,79,0
20120209,6.8306,6.8306,6.8306,6.8306,134,0
20120210,6.8306,6.8306,5.5621,5.7085,22855,0
20120213,5.7573,5.7573,5.3669,5.3669,19555,0
20120214,5.5133,5.5133,5.3181,5.4645,24257,0
20120215,5.5621,5.5621,5.3181,5.3181,11401,0
20120216,5.4645,5.4645,5.3181,5.4645,49656,0
20120217,5.4645,5.4645,5.3181,5.4157,4091,0
20120220,5.4157,5.4157,5.0742,5.3181,6772,0
20120221,5.3181,5.3181,5.2206,5.2694,1233,0
20120222,5.2694,5.2694,5.0742,5.2206,4639,0
20120223,5.3181,5.3181,4.7327,4.879,12558,0
20120224,4.879,4.879,4.5863,4.6839,12451,0
20120227,4.5863,4.6839,4.2448,4.5375,15403,0
20120228,4.5863,4.5863,4.2448,4.4887,11197,0
20120229,4.5863,4.5863,4.2935,4.5375,1523,0
20120301,4.4887,4.5375,4.2935,4.5375,717,0
20120302,4.5375,4.9766,4.5375,4.6839,26393,0
20120305,4.9766,5.0742,4.6839,4.879,6556,0
20120306,4.9766,4.9766,4.6839,4.9766,1912,0
20120307,4.8302,5.0742,4.4399,5.0742,21912,0
20120308,4.9766,4.9766,4.7327,4.879,14189,0
20120309,4.9766,4.9766,4.5375,4.8302,14288,0
20120312,4.9278,4.9278,4.8302,4.9278,157,0
20120313,4.8302,4.8302,4.6351,4.8302,507,0
20120314,4.9278,4.9278,4.7327,4.879,479,0
20120315,4.9278,4.9278,4.5375,4.5863,8554,0
20120316,4.6351,4.7327,4.5375,4.5863,4708,0
20120319,4.7815,4.7815,4.6351,4.7815,664,0
20120320,4.7815,4.7815,4.4887,4.6839,3403,0
20120321,4.6839,4.6839,4.6839,4.6839,100,0
20120322,4.6839,4.6839,4.2448,4.6839,486,0
20120323,4.6839,4.6839,4.6839,4.6839,289,0
20120326,4.6839,4.6839,4.2448,4.6839,563,0
20120327,4.2448,4.5863,4.2448,4.5863,1063,0
20120328,4.5863,4.5863,4.5863,4.5863,132,0
20120329,4.5375,4.5375,4.5375,4.5375,102,0
20120330,4.4887,4.5863,4.4887,4.5863,384,0
20120402,4.5863,4.5863,4.196,4.4887,437,0
20120403,4.4887,4.4887,4.4887,4.4887,88,0
20120404,4.4887,4.4887,4.196,4.4399,724,0
20120405,4.4399,4.4399,4.4399,4.4399,76,0
20120410,4.4399,4.4887,4.1472,4.4887,238,0
20120411,4.3911,4.3911,4.3911,4.3911,80,0
20120412,4.3911,4.3911,4.0984,4.0984,217,0
20120413,4.0984,4.3911,4.0984,4.3423,2911,0
20120416,4.3423,4.3423,4.0984,4.3423,423,0
20120417,4.3423,4.3423,4.3423,4.3423,139,0
20120418,4.3423,4.3423,4.3423,4.3423,72,0
20120419,4.2935,4.3423,4.0984,4.3423,259,0
20120420,4.3423,4.3423,3.9032,3.9032,2603,0
20120423,3.9032,4.2935,3.8544,3.8544,13007,0
20120424,3.8544,3.8544,3.5129,3.7081,414,0
20120425,3.7081,3.7081,3.7081,3.7081,539,0
20120426,3.6593,3.6593,3.6593,3.6593,160,0
20120427,3.5129,3.6593,3.5129,3.6593,2052,0
20120430,3.7569,3.7569,3.7081,3.7081,1010,0
20120502,3.7081,3.7569,3.5617,3.7569,3666,0
20120504,3.7569,3.7569,3.7081,3.7569,231,0
20120507,3.7569,3.7569,3.7569,3.7569,86,0
20120508,3.6593,3.6593,3.6105,3.6593,315,0
20120509,3.6105,3.6105,3.6105,3.6105,363,0
20120510,3.6105,3.6105,3.3665,3.5617,867,0
20120511,3.6105,3.6105,3.5617,3.5617,318,0
20120515,3.6105,3.6105,3.6105,3.6105,89,0
20120516,3.3177,3.6105,3.3177,3.6105,441,0
20120517,3.6105,3.6105,3.6105,3.6105,70,0
20120518,3.3177,3.5129,3.3177,3.5129,94,0
20120521,3.6105,3.6105,3.6105,3.6105,85,0
20120522,3.5129,3.5129,3.5129,3.5129,133,0
20120524,3.5129,3.5129,3.5129,3.5129,150,0
20120525,3.5129,3.5129,3.5129,3.5129,86,0
20120528,3.5129,3.5129,3.5129,3.5129,85,0
20120529,3.3177,3.3177,3.3177,3.3177,105,0
20120530,3.1226,3.3177,3.1226,3.3177,2814,0
20120531,3.3177,3.3177,3.3177,3.3177,1111,0
20120601,3.3177,3.3177,3.3177,3.3177,277,0
20120604,2.9274,3.1714,2.9274,3.1714,420,0
20120605,3.1714,3.1714,2.6835,3.1714,2445,0
20120606,3.1714,3.1714,2.9274,3.1226,1435,0
20120608,3.1714,3.1714,3.1714,3.1714,225,0
20120611,3.1714,3.1714,3.1714,3.1714,143,0
20120615,2.7323,2.7323,2.6347,2.6835,2953,0
20120618,2.7323,2.7323,2.4883,2.7323,832,0
20120619,2.6835,2.6835,2.6835,2.6835,59,0
20120620,2.6835,2.6835,2.6835,2.6835,82,0
20120621,2.6835,2.6835,2.2931,2.6347,2783,0
20120622,2.6347,2.7323,2.4395,2.5371,5144,0
20120625,2.4395,2.4395,2.1956,2.2444,3702,0
20120626,2.3419,2.4395,2.1468,2.2444,13471,0
20120627,2.2931,2.2931,1.854,1.854,32100,0
20120628,1.9516,2.0492,1.7565,1.854,31688,0
20120629,1.9516,2.1956,1.9516,2.0004,56037,0
20120702,1.854,1.854,1.7077,1.7077,17269,0
20120703,1.6101,1.6101,1.5613,1.6101,37192,0
20120704,1.6101,1.6101,1.4637,1.5613,25340,0
20120705,1.6101,1.6101,1.4637,1.4637,36988,0
20120706,1.4637,1.4637,1.3173,1.3661,17542,0
20120709,1.2685,1.3661,1.2685,1.3661,3643,0
20120710,1.3661,1.4149,1.3173,1.4149,22165,0
20120711,1.3173,1.4149,1.3173,1.3173,48240,0
20120712,1.3173,1.3173,1.2685,1.3173,4004,0
20120713,1.3173,1.3173,1.2685,1.2685,5788,0
20120716,1.3173,1.3173,1.1222,1.2685,23052,0
20120717,1.2685,1.2685,1.2198,1.2685,7270,0
20120718,1.2198,1.2198,1.1222,1.171,32307,0
20120719,1.171,1.171,1.0734,1.1222,4074,0
20120720,1.171,1.2198,1.171,1.171,62406,0
20120723,1.171,1.2198,1.1222,1.1222,9400,0
20120724,1.171,1.171,1.0734,1.1222,36016,0
20120725,1.171,1.171,1.0734,1.1222,48229,0
20120726,1.1222,1.1222,1.0734,1.1222,148877,0
20120727,1.1222,1.1222,1.0734,1.1222,28094,0
20120730,1.1222,1.4149,1.1222,1.4149,62223,0
20120731,1.5125,1.6589,1.2198,1.2198,141225,0
20120801,1.2198,1.3661,1.171,1.3661,54955,0
20120802,1.4637,1.5125,1.3661,1.5125,74790,0
20120803,1.6101,1.6101,1.4637,1.4637,6594,0
20120806,1.4637,1.4637,1.3173,1.3661,12339,0
20120807,1.4149,1.4149,1.3173,1.3661,168,0
20120808,1.3661,1.3661,1.2685,1.3661,18124,0
20120809,1.2198,1.3173,1.171,1.2198,74730,0
20120810,1.2198,1.2198,1.0246,1.0246,91087,0
20120813,1.0734,1.171,1.0246,1.171,35579,0
20120814,1.171,1.171,1.1222,1.1222,34282,0
20120816,1.2198,1.2198,1.1222,1.2198,150400,0
20120817,1.2198,1.2198,1.1222,1.171,55508,0
20120820,1.171,1.171,1.1222,1.171,59517,0
20120821,1.171,1.171,1.0734,1.1222,153084,0
20120822,1.171,1.3173,1.1222,1.3173,250728,0
20120823,1.3173,1.4149,1.2198,1.3661,28511,0
20120824,1.3173,1.3173,1.2198,1.3173,11561,0
20120827,1.3661,1.3661,1.3173,1.3173,965,0
20120828,1.3173,1.3173,1.2198,1.2198,9668,0
20120829,1.3173,1.3173,1.171,1.2198,12933,0
20120830,1.2198,1.2198,1.171,1.2198,4133,0
20120831,1.2198,1.2198,1.171,1.2198,8167,0
20120903,1.2198,1.2198,1.171,1.2198,830,0
20120904,1.2198,1.3173,1.2198,1.2198,44048,0
20120905,1.2685,1.2685,1.1222,1.171,21403,0
20120906,1.171,1.2198,1.1222,1.2198,24534,0
20120907,1.2198,1.2198,1.171,1.171,24220,0
20120910,1.2198,1.2198,1.1222,1.2198,14072,0
20120911,1.171,1.171,1.1222,1.171,7712,0
20120912,1.171,1.171,1.0734,1.1222,24545,0
20120913,1.1222,1.1222,1.0246,1.0734,152951,0
20120914,1.0734,1.0734,1.0246,1.0734,55249,0
20120917,1.1222,1.171,1.0246,1.0734,64541,0
20120918,1.0734,1.0734,1.0734,1.0734,21207,0
20120919,1.0734,1.171,1.0734,1.171,125618,0
20120920,1.171,1.171,1.0734,1.1222,60004,0
20120921,1.1222,1.1222,1.0734,1.1222,32890,0
20120924,1.1222,1.2198,1.1222,1.171,66822,0
20120925,1.171,1.2685,1.171,1.2198,156015,0
20120926,1.2685,1.4637,1.2685,1.3661,366167,0
20120927,1.3173,1.4637,1.3173,1.3173,125808,0
20120928,1.3173,1.3661,1.2198,1.3173,117019,0
20121001,1.2685,1.4149,1.2685,1.4149,102243,0
20121002,1.4637,1.4637,1.3173,1.3661,213516,0
20121003,1.4149,1.6101,1.3661,1.6101,110686,0
20121004,1.6101,1.9028,1.4637,1.4637,757600,0
20121005,1.4637,1.6101,1.4637,1.5613,228522,0
20121008,1.6101,1.6589,1.4637,1.6101,154751,0
20121009,1.6101,1.6101,1.4637,1.5613,96633,0
20121010,1.5125,1.5613,1.4637,1.5125,26104,0
20121011,1.5613,1.5613,1.4149,1.5613,72928,0
20121012,1.5613,1.5613,1.4149,1.5125,40006,0
20121015,1.4637,1.6589,1.4637,1.5613,128203,0
20121016,1.6101,1.6589,1.5613,1.6101,45741,0
20121017,1.6589,1.6589,1.5125,1.6101,15627,0
20121018,1.5613,1.6101,1.4637,1.5125,67312,0
20121019,1.5613,1.5613,1.4149,1.4637,64652,0
20121022,1.4637,1.4637,1.4149,1.4149,23237,0
20121023,1.3661,1.4637,1.3173,1.3661,32622,0
20121024,1.4149,1.4149,1.3173,1.4149,8011,0
20121025,1.4149,1.5125,1.4149,1.4637,31284,0
20121026,1.4637,1.5125,1.4149,1.5125,20242,0
20121029,1.4637,1.4637,1.4149,1.4637,26664,0
20121030,1.5125,1.6101,1.5125,1.6101,95858,0
20121031,1.6589,1.7077,1.5613,1.6589,98631,0
20121102,1.6589,1.7077,1.5613,1.7077,62704,0
20121105,1.7077,1.9516,1.7077,1.9028,195340,0
20121106,1.9516,2.0004,1.8052,1.854,88033,0
20121107,1.854,1.9028,1.7565,1.854,71006,0
20121108,1.9028,1.9516,1.8052,1.9028,116804,0
20121109,1.854,1.854,1.7565,1.854,36905,0
20121112,1.854,1.854,1.7565,1.854,38172,0
20121113,1.854,1.854,1.7077,1.7077,76436,0
20121114,1.7077,1.7077,1.5613,1.6589,123987,0
20121115,1.6589,1.6589,1.6101,1.6101,7486,0
20121116,1.6101,1.6589,1.5613,1.6589,21922,0
20121119,1.6589,1.6589,1.5613,1.5613,60487,0
20121120,1.5613,1.6589,1.5613,1.6589,12130,0
20121121,1.6589,1.6589,1.5613,1.6101,14605,0
20121122,1.6589,1.7077,1.6589,1.7077,11575,0
20121123,1.7077,1.854,1.7077,1.8052,118575,0
20121126,1.8052,1.854,1.7565,1.854,38498,0
20121127,1.9028,1.9028,1.8052,1.854,18490,0
20121128,1.854,1.9028,1.8052,1.9028,15896,0
20121129,1.854,1.9516,1.8052,1.854,41547,0
20121130,1.854,1.854,1.7077,1.8052,38849,0
20121203,1.8052,1.8052,1.7565,1.8052,3062,0
20121204,1.8052,1.854,1.7565,1.854,36658,0
20121205,1.854,1.854,1.7565,1.854,12286,0
20121206,1.854,1.854,1.7077,1.7077,17259,0
20121207,1.7565,1.7565,1.6589,1.7077,8257,0
20121210,1.7565,1.7565,1.6589,1.7077,13676,0
20121211,1.7077,1.7565,1.6589,1.7565,11763,0
20121212,1.7565,1.7565,1.6101,1.7077,10399,0
20121213,1.7077,1.7077,1.6101,1.7077,14830,0
20121214,1.6589,1.7077,1.6101,1.7077,18997,0
20121217,1.6589,1.7077,1.5613,1.6101,98623,0
20121218,1.6101,1.6101,1.5613,1.6101,6242,0
20121219,1.6101,1.6101,1.4637,1.6101,15677,0
20121220,1.6101,1.6101,1.5125,1.6101,8985,0
20121221,1.5125,1.6589,1.5125,1.6589,24181,0
20121227,1.5613,1.6101,1.5125,1.6101,34736,0
20121228,1.6101,1.6101,1.5125,1.5613,67334,0
20130102,1.6101,1.6101,1.5125,1.6101,18766,0
20130103,1.6101,1.6101,1.5125,1.6101,14491,0
20130104,1.5613,1.6101,1.5125,1.5613,8811,0
20130107,1.5613,1.5613,1.5125,1.5613,11406,0
20130108,1.5613,1.5613,1.5125,1.5613,23978,0
20130109,1.5613,1.5613,1.4149,1.5613,19025,0
20130110,1.5613,1.5613,1.4637,1.5125,25843,0
20130111,1.5613,1.5613,1.4637,1.5125,8920,0
20130114,1.5125,1.5125,1.4637,1.5125,18041,0
20130115,1.4637,1.5125,1.4637,1.5125,7004,0
20130116,1.5125,1.6101,1.5125,1.6101,20617,0
20130117,1.5613,1.7077,1.5613,1.6589,43481,0
20130118,1.7565,1.7565,1.6589,1.7077,26825,0
20130121,1.7077,1.7077,1.5613,1.6589,26856,0
20130122,1.6589,1.7077,1.6101,1.7077,12057,0
20130123,1.6589,1.6589,1.6101,1.6589,12636,0
20130124,1.6101,1.6589,1.5125,1.6101,37962,0
20130125,1.6101,1.6101,1.5125,1.5613,13468,0
20130128,1.6101,1.6101,1.5125,1.5125,10280,0
20130129,1.5125,1.5613,1.5125,1.5613,18971,0
20130130,1.5613,1.5613,1.5125,1.5613,11922,0
20130131,1.5613,1.6101,1.5125,1.6101,31685,0
20130201,1.6101,1.6101,1.5125,1.5613,3088,0
20130204,1.5613,1.5613,1.4637,1.5125,25696,0
20130205,1.5125,1.5613,1.4637,1.5613,33618,0
20130206,1.5613,1.5613,1.4637,1.5125,11676,0
20130207,1.5125,1.5613,1.4637,1.5125,6890,0
20130208,1.5125,1.5125,1.4637,1.5125,6559,0
20130211,1.5125,1.5613,1.4637,1.5125,10755,0
20130212,1.5125,1.5125,1.4149,1.4637,15944,0
20130213,1.4637,1.5125,1.4149,1.5125,14719,0
20130214,1.5125,1.5125,1.4149,1.4149,12556,0
20130215,1.3661,1.4149,1.3661,1.4149,10080,0
20130218,1.4149,1.4637,1.4149,1.4637,5389,0
20130219,1.4637,1.4637,1.3173,1.3661,47784,0
20130220,1.3661,1.4149,1.3173,1.3661,56211,0
20130221,1.3661,1.4149,1.3173,1.3661,15515,0
20130222,1.3661,1.3661,1.3173,1.3661,5486,0
20130225,1.3661,1.4149,1.3661,1.4149,20189,0
20130226,1.3661,1.4149,1.3173,1.4149,8481,0
20130227,1.3661,1.4149,1.3173,1.4149,7586,0
20130228,1.4149,1.4149,1.4149,1.4149,5468,0
20130301,1.4149,1.4149,1.3661,1.4149,2920,0
20130304,1.4149,1.4149,1.3173,1.4149,37323,0
20130305,1.4149,1.4149,1.3661,1.4149,245,0
20130306,1.3661,1.4149,1.3661,1.4149,9285,0
20130307,1.4149,1.4149,1.3661,1.4149,4048,0
20130308,1.4149,1.4637,1.3661,1.4637,15675,0
20130311,1.5613,2.098,1.5613,2.098,614491,0
20130312,2.3419,2.7323,2.3419,2.4883,1053311,0
20130313,2.4883,2.6347,2.2444,2.3907,233173,0
20130314,2.5371,2.5371,2.098,2.2444,116691,0
20130315,2.2444,2.3419,2.0492,2.098,208619,0
20130318,2.098,2.2444,2.0004,2.098,108553,0
20130319,2.098,2.1956,2.0004,2.098,62564,0
20130320,2.0492,2.098,1.854,1.9028,349036,0
20130321,1.9516,1.9516,1.854,1.9028,42589,0
20130322,1.9516,1.9516,1.7565,1.854,117944,0
20130325,1.854,2.0492,1.854,1.9516,204606,0
20130326,1.9028,1.9028,1.7565,1.854,102875,0
20130327,1.854,2.0004,1.8052,2.0004,56556,0
20130328,2.0004,2.0004,1.9028,2.0004,23060,0
20130402,2.0004,2.098,1.9028,2.0004,65984,0
20130403,2.0004,2.0492,1.9028,2.0004,47063,0
20130404,2.0004,2.0004,1.9028,2.0004,10950,0
20130405,2.0004,2.0492,1.9516,2.0004,12307,0
20130408,2.0492,2.0492,1.9516,1.9516,19252,0
20130409,2.0004,2.0004,1.9028,1.9028,8565,0
20130410,1.9028,1.9516,1.854,1.9516,21381,0
20130411,1.9516,1.9516,1.8052,1.9028,37040,0
20130412,1.9028,1.9028,1.7565,1.8052,33292,0
20130415,1.8052,1.8052,1.7077,1.8052,20826,0
20130417,1.8052,1.8052,1.7565,1.8052,10929,0
20130418,1.8052,1.8052,1.7077,1.7565,26428,0
20130419,1.7565,1.7565,1.7077,1.7077,2696,0
20130422,1.7565,1.854,1.7565,1.854,23599,0
20130423,1.854,1.9028,1.7077,1.7077,68437,0
20130424,1.6589,1.7077,1.6101,1.6589,44444,0
20130425,1.6589,1.7077,1.6589,1.7077,3110,0
20130426,1.6589,1.7565,1.6589,1.7565,7184,0
20130429,1.854,1.9516,1.8052,1.854,85856,0
20130430,1.854,1.9028,1.8052,1.854,29351,0
20130502,1.8052,1.854,1.7565,1.854,17089,0
20130506,1.854,1.854,1.7565,1.854,13150,0
20130507,1.9028,1.9028,1.8052,1.854,18397,0
20130508,1.854,1.9028,1.8052,1.854,8422,0
20130509,1.854,1.854,1.8052,1.854,18141,0
20130510,1.8052,2.0004,1.8052,2.0004,101006,0
20130513,1.9516,2.098,1.9516,2.0492,79196,0
20130514,2.098,2.1956,2.0492,2.1956,35861,0
20130515,2.1956,2.1956,2.0004,2.098,61580,0
20130516,2.098,2.1468,2.0492,2.1468,7983,0
20130517,2.1468,2.1468,2.098,2.1468,31835,0
20130520,2.1468,2.1468,2.0492,2.1468,20083,0
20130521,2.098,2.2444,2.098,2.2444,21587,0
20130522,2.1468,2.2444,2.098,2.1468,28784,0
20130523,2.098,2.1468,2.0004,2.098,32038,0
20130524,2.098,2.1468,2.098,2.1468,3361,0
20130527,2.1468,2.2444,2.1468,2.2444,35049,0
20130528,2.2444,2.3907,2.1956,2.3419,48036,0
20130529,2.3419,2.4883,2.2444,2.4395,127184,0
20130531,2.3907,2.5371,2.3907,2.4395,85761,0
20130603,2.4395,2.5859,2.3907,2.4883,119445,0
20130604,2.4883,2.6835,2.4883,2.6835,147376,0
20130605,2.6835,2.8298,2.6347,2.7323,93352,0
20130606,2.6835,2.781,2.5371,2.6835,139015,0
20130607,2.6347,2.7323,2.6347,2.6835,70844,0
20130610,2.6835,2.7323,2.4395,2.4395,154060,0
20130611,2.4883,2.5859,2.3419,2.5859,133612,0
20130612,2.4883,2.7323,2.4883,2.7323,100253,0
20130613,2.7323,2.9274,2.6835,2.7323,107230,0
20130614,2.6835,2.781,2.6347,2.6835,49754,0
20130617,2.6835,2.6835,2.5371,2.6347,43294,0
20130618,2.6347,2.6347,2.5371,2.6347,31626,0
20130619,2.6347,2.6347,2.4395,2.5371,39471,0
20130620,2.4883,2.4883,2.2931,2.3419,70127,0
20130621,2.2931,2.3419,2.2444,2.2931,38682,0
20130624,2.2931,2.4395,2.2444,2.3907,35063,0
20130625,2.3907,2.5859,2.3907,2.4395,28419,0
20130626,2.3907,2.4395,2.2931,2.3907,21106,0
20130627,2.3907,2.4395,2.3419,2.3419,21309,0
20130628,2.3419,2.4395,2.3419,2.4395,12305,0
20130701,2.4395,2.4883,2.3419,2.4395,30584,0
20130702,2.4883,2.4883,2.3907,2.4395,7480,0
20130703,2.4395,2.4883,2.4395,2.4883,3089,0
20130704,2.4395,2.5371,2.4395,2.4883,9492,0
20130705,2.5371,2.5371,2.4395,2.4883,6136,0
20130708,2.4883,2.5371,2.4395,2.4883,4481,0
20130709,2.4883,2.4883,2.2931,2.3907,45882,0
20130710,2.3907,2.4395,2.3907,2.3907,5161,0
20130711,2.3419,2.4395,2.3419,2.3907,6338,0
20130712,2.3907,2.3907,2.3419,2.3907,4412,0
20130715,2.3419,2.3907,2.3419,2.3907,3161,0
20130716,2.3907,2.3907,2.3419,2.3907,1416,0
20130717,2.3907,2.3907,2.1956,2.1956,51719,0
20130718,2.1956,2.1956,2.0492,2.1468,37972,0
20130719,2.0492,2.1956,2.0492,2.1468,23720,0
20130722,2.1956,2.1956,2.1468,2.1956,11754,0
20130723,2.1956,2.2444,2.1468,2.1956,25552,0
20130724,2.1956,2.1956,2.1956,2.1956,2925,0
20130725,2.1956,2.1956,2.1468,2.1956,11379,0
20130726,2.1956,2.1956,2.098,2.1956,10728,0
20130729,2.1956,2.1956,2.1468,2.1956,3956,0
20130730,2.1956,2.2444,2.1956,2.2444,11900,0
20130731,2.2444,2.3419,2.1956,2.2444,44682,0
20130801,2.2444,2.2931,2.1956,2.2931,17449,0
20130802,2.2931,2.3907,2.2444,2.3907,22962,0
20130805,2.3907,2.4395,2.3419,2.4395,14266,0
20130806,2.4395,2.4395,2.3419,2.4395,29585,0
20130807,2.4395,2.4395,2.3907,2.3907,21324,0
20130808,2.4395,2.4395,2.3419,2.3419,11502,0
20130809,2.4395,2.4395,2.3907,2.4395,4308,0
20130812,2.4395,2.5371,2.4395,2.5371,13730,0
20130813,2.5371,2.6347,2.4883,2.5371,24260,0
20130814,2.5859,2.5859,2.4883,2.4883,21027,0
20130816,2.5371,2.6347,2.5371,2.6347,26570,0
20130819,2.7323,2.8786,2.4883,2.4883,183486,0
20130820,2.4883,2.5371,2.3907,2.5371,50326,0
20130821,2.5371,2.5371,2.3907,2.4883,28801,0
20130822,2.4883,2.4883,2.2931,2.3907,62184,0
20130823,2.3419,2.3907,2.2931,2.3907,39103,0
20130826,2.3907,2.4395,2.2931,2.3419,80445,0
20130827,2.2931,2.3419,2.2444,2.2931,49615,0
20130828,2.2931,2.3419,2.1956,2.3419,31332,0
20130829,2.3419,2.3419,2.2444,2.2931,46747,0
20130830,2.2931,2.3907,2.2444,2.3419,31883,0
20130902,2.3907,2.3907,2.2931,2.3907,17204,0
20130903,2.2931,2.3419,2.2444,2.2931,41629,0
20130904,2.2931,2.2931,2.1956,2.1956,29609,0
20130905,2.2444,2.2444,2.0004,2.1468,37993,0
20130906,2.1468,2.1468,2.098,2.1468,12872,0
20130909,2.1468,2.1956,2.098,2.1468,38650,0
20130910,2.1956,2.2444,2.1468,2.1468,46758,0
20130911,2.1468,2.1956,2.098,2.1956,25330,0
20130912,2.1468,2.1956,2.1468,2.1956,18106,0
20130913,2.1956,2.1956,2.1468,2.1956,7708,0
20130916,2.098,2.1956,2.0492,2.098,82954,0
20130917,2.098,2.1956,2.098,2.1956,16461,0
20130918,2.1956,2.2444,2.1468,2.1956,16439,0
20130919,2.2444,2.2444,2.1468,2.1956,27919,0
20130920,2.1956,2.1956,2.1468,2.1956,6408,0
20130923,2.1956,2.1956,2.098,2.1468,31899,0
20130924,2.1468,2.1468,2.0492,2.098,35759,0
20130925,2.1468,2.1956,2.0492,2.1956,31363,0
20130926,2.1468,2.1956,2.1468,2.1956,55977,0
20130927,2.1468,2.1956,2.1468,2.1468,30431,0
20130930,2.098,2.1956,2.098,2.1956,29536,0
20131001,2.2444,2.4395,2.2444,2.3419,104333,0
20131002,2.2931,2.3907,2.2931,2.3419,89363,0
20131003,2.3419,2.4395,2.2931,2.3419,89733,0
20131004,2.3419,2.3907,2.2444,2.2931,101372,0
20131007,2.2931,2.2931,2.1468,2.2444,99500,0
20131008,2.1468,2.1468,2.098,2.1468,86355,0
20131009,2.1468,2.1468,2.0492,2.098,20850,0
20131010,2.098,2.1468,2.098,2.1468,20095,0
20131011,2.1956,2.2444,2.1468,2.1956,35912,0
20131014,2.1956,2.2931,2.1956,2.2931,67396,0
20131015,2.2444,2.2931,2.1956,2.2444,34777,0
20131016,2.2931,2.3419,2.1468,2.2931,93855,0
20131017,2.3419,2.3907,2.2931,2.3907,180112,0
20131018,2.4395,2.4883,2.3907,2.4395,103105,0
20131021,2.4395,2.5371,2.3907,2.5371,155371,0
20131022,2.5371,2.5859,2.3907,2.4395,146972,0
20131023,2.4395,2.4395,2.3419,2.3907,95324,0
20131024,2.3907,2.5371,2.3907,2.5371,96302,0
20131025,2.4883,2.8786,2.4883,2.7323,437464,0
20131028,2.781,2.8786,2.7323,2.8298,232891,0
20131029,2.8298,3.025,2.8298,2.8786,319493,0
20131030,2.8298,2.8786,2.7323,2.781,135872,0
20131031,2.7323,2.8786,2.7323,2.8298,145834,0
20131104,2.8298,2.8298,2.781,2.8298,78175,0
20131105,2.8786,2.8786,2.781,2.8298,74048,0
20131106,2.781,2.9274,2.7323,2.9274,99922,0
20131107,2.9274,3.0738,2.9274,3.025,285875,0
20131108,3.0738,3.0738,2.9274,3.025,171012,0
20131112,3.025,3.025,2.9274,3.025,87536,0
20131113,3.025,3.025,2.7323,2.8298,105088,0
20131114,2.8298,2.8786,2.781,2.8298,24477,0
20131115,2.8298,2.8786,2.7323,2.8298,64304,0
20131118,2.8786,2.8786,2.781,2.8298,93588,0
20131119,2.8298,2.8298,2.6835,2.6835,73451,0
20131120,2.6835,2.8298,2.6347,2.781,93589,0
20131121,2.781,2.8298,2.7323,2.8298,35807,0
20131122,2.8298,2.8298,2.7323,2.781,24243,0
20131125,2.781,2.9274,2.7323,2.8786,91168,0
20131126,2.8786,3.025,2.8298,2.9274,144063,0
20131127,2.9274,2.9762,2.8786,2.9274,72695,0
20131128,2.9274,2.9274,2.8298,2.8786,28243,0
20131129,2.8786,2.8786,2.781,2.781,39870,0
20131202,2.8298,2.8298,2.7323,2.781,27010,0
20131203,2.781,2.8786,2.7323,2.8298,40070,0
20131204,2.8298,2.8298,2.7323,2.8298,15880,0
20131205,2.8298,2.8298,2.781,2.8298,8416,0
20131206,2.781,2.8298,2.7323,2.781,10553,0
20131209,2.781,2.8298,2.7323,2.781,23479,0
20131210,2.781,2.8298,2.7323,2.781,26431,0
20131211,2.781,2.781,2.7323,2.781,10657,0
20131212,2.781,2.781,2.5859,2.5859,99845,0
20131213,2.5859,2.6347,2.4395,2.5859,112016,0
20131216,2.5371,2.5859,2.5371,2.5371,13467,0
20131217,2.5859,2.5859,2.4883,2.5371,12993,0
20131218,2.5371,2.5371,2.4395,2.4883,27009,0
20131219,2.5859,2.6347,2.4395,2.4395,83070,0
20131220,2.4395,2.5371,2.4395,2.4883,21766,0
20131223,2.5371,2.5859,2.5371,2.5371,4050,0
20131227,2.6347,2.6347,2.5859,2.6347,4663,0
20131230,2.6347,2.6347,2.5859,2.6347,25307,0
20140102,2.6347,2.7323,2.6347,2.7323,17302,0
20140103,2.7323,2.781,2.6835,2.7323,18542,0
20140107,2.7323,2.7323,2.6347,2.6835,24262,0
20140108,2.6835,2.6835,2.5859,2.6835,14517,0
20140109,2.6347,2.6835,2.6347,2.6835,21696,0
20140110,2.6347,2.6835,2.5859,2.6347,6875,0
20140113,2.5371,2.6347,2.4883,2.6347,16671,0
20140114,2.5859,2.6347,2.5859,2.6347,840,0
20140115,2.6347,2.7323,2.6347,2.7323,18973,0
20140116,2.7323,2.781,2.7323,2.7323,18661,0
20140117,2.6835,2.6835,2.6347,2.6835,12877,0
20140120,2.6347,2.6835,2.5859,2.5859,32587,0
20140121,2.5371,2.6347,2.5371,2.6347,16582,0
20140122,2.5859,2.6347,2.5371,2.5859,9032,0
20140123,2.6347,2.6347,2.5859,2.6347,3223,0
20140124,2.5859,2.6347,2.5371,2.5859,14516,0
20140127,2.5859,2.5859,2.4395,2.4395,26397,0
20140128,2.4395,2.5371,2.4395,2.5371,15433,0
20140129,2.4883,2.5371,2.4883,2.4883,8029,0
20140130,2.4883,2.4883,2.4395,2.4883,39953,0
20140131,2.4883,2.5371,2.4883,2.4883,12982,0
20140203,2.4395,2.4883,2.3907,2.3907,49301,0
20140204,2.3419,2.3907,2.2444,2.2931,47043,0
20140205,2.3419,2.4883,2.3419,2.4395,37780,0
20140206,2.4395,2.5371,2.3907,2.4883,19388,0
20140207,2.5859,2.5859,2.4883,2.5371,16161,0
20140210,2.5371,2.5371,2.4883,2.5371,8353,0
20140211,2.5859,2.5859,2.4883,2.5371,12670,0
20140212,2.4883,2.6347,2.4883,2.5859,36568,0
20140213,2.5859,2.6347,2.5859,2.6347,17700,0
20140214,2.6347,2.6347,2.5859,2.5859,6050,0
20140217,2.5859,2.6347,2.5371,2.5371,9137,0
20140218,2.5859,2.5859,2.5371,2.5371,9030,0
20140219,2.5371,2.5859,2.5371,2.5859,12558,0
20140220,2.5859,2.6347,2.5371,2.5859,14431,0
20140221,2.5859,2.6835,2.5371,2.6835,38059,0
20140224,2.6835,2.781,2.6347,2.6835,96708,0
20140225,2.6835,2.6835,2.6835,2.6835,12474,0
20140226,2.6835,2.7323,2.6347,2.6835,46856,0
20140227,2.6835,2.6835,2.5371,2.6835,23245,0
20140228,2.6835,2.7323,2.5859,2.7323,61850,0
20140303,2.6347,2.6347,2.3907,2.4395,47397,0
20140304,2.4883,2.5859,2.4883,2.5859,23912,0
20140305,2.5859,2.6347,2.5859,2.5859,39541,0
20140306,2.6347,2.6347,2.5859,2.6347,28264,0
20140307,2.6347,2.6347,2.5371,2.5859,3550,0
20140310,2.5371,2.5859,2.4395,2.4395,16820,0
20140311,2.4395,2.4883,2.4395,2.4883,31919,0
20140312,2.4883,2.5371,2.3419,2.4395,41699,0
20140313,2.3907,2.5371,2.3907,2.4883,20017,0
20140314,2.3907,2.4883,2.3419,2.3907,9795,0
20140317,2.2931,2.4883,2.2444,2.3907,31350,0
20140318,2.4395,2.4395,2.3419,2.3907,9997,0
20140319,2.3907,2.4395,2.3907,2.3907,12282,0
20140320,2.3907,2.3907,2.3419,2.3419,14963,0
20140321,2.3419,2.3907,2.3419,2.3907,23797,0
20140324,2.3907,2.4395,2.3907,2.3907,3509,0
20140325,2.3907,2.4395,2.3907,2.4395,6459,0
20140326,2.4395,2.4883,2.4395,2.4395,19191,0
20140327,2.4395,2.4883,2.4395,2.4395,4535,0
20140328,2.4395,2.4883,2.3907,2.4395,24713,0
20140331,2.4395,2.4395,2.3907,2.4395,8550,0
20140401,2.4883,2.4883,2.4395,2.4883,6828,0
20140402,2.4883,2.4883,2.4395,2.4883,3998,0
20140403,2.4883,2.4883,2.4395,2.4883,18096,0
20140404,2.4883,2.4883,2.4395,2.4883,52092,0
20140407,2.4883,2.5371,2.4395,2.5371,14372,0
20140408,2.5371,2.5859,2.4883,2.5859,18652,0
20140409,2.4883,2.6347,2.4883,2.5859,18024,0
20140410,2.5371,2.5859,2.5371,2.5371,4879,0
20140411,2.4883,2.5859,2.4883,2.5859,12731,0
20140414,2.4883,2.5371,2.4395,2.4395,17729,0
20140415,2.4395,2.4395,2.3907,2.3907,1709,0
20140416,2.4395,2.4395,2.3907,2.4395,26831,0
20140417,2.4395,2.4395,2.3907,2.4395,12919,0
20140422,2.4395,2.4883,2.3907,2.4883,3339,0
20140423,2.4395,2.4395,2.4395,2.4395,6476,0
20140424,2.4395,2.4395,2.3907,2.3907,9146,0
20140425,2.3907,2.4395,2.3419,2.3419,13087,0
20140428,2.3907,2.3907,2.3419,2.3907,22270,0
20140429,2.3907,2.3907,2.3907,2.3907,2521,0
20140430,2.3419,2.4395,2.3419,2.4395,1702,0
20140502,2.4395,2.5371,2.4395,2.4883,16477,0
20140505,2.4883,2.5371,2.4395,2.4395,6251,0
20140506,2.4395,2.4395,2.3907,2.3907,2946,0
20140507,2.4883,2.4883,2.2931,2.3907,21726,0
20140508,2.3419,2.3907,2.3419,2.3907,12399,0
20140509,2.3907,2.3907,2.2931,2.3419,11397,0
20140512,2.3419,2.3907,2.2931,2.3907,5719,0
20140513,2.3907,2.3907,2.3419,2.3907,2054,0
20140514,2.3419,2.3907,2.3419,2.3419,2386,0
20140515,2.3907,2.3907,2.3419,2.3419,3691,0
20140516,2.3419,2.5371,2.2931,2.3907,75201,0
20140519,2.3907,2.4395,2.3907,2.3907,7839,0
20140520,2.4395,2.4395,2.3419,2.3419,7496,0
20140521,2.3907,2.4395,2.3419,2.3907,39437,0
20140522,2.3907,2.3907,2.3907,2.3907,17485,0
20140523,2.3907,2.3907,2.3419,2.3907,4601,0
20140526,2.3419,2.4395,2.3419,2.3907,30522,0
20140527,2.3419,2.3907,2.3419,2.3907,30634,0
20140528,2.3907,2.3907,2.3907,2.3907,992,0
20140529,2.3907,2.3907,2.3419,2.3419,8640,0
20140530,2.3419,2.3907,2.3419,2.3907,16789,0
20140602,2.3907,2.3907,2.2931,2.3907,12557,0
20140603,2.3907,2.3907,2.3419,2.3907,5728,0
20140604,2.3419,2.4883,2.2931,2.4883,54972,0
20140605,2.4883,2.4883,2.4395,2.4883,18162,0
20140606,2.4883,2.5371,2.4883,2.5371,19350,0
20140609,2.5371,2.5371,2.4883,2.4883,14374,0
20140610,2.5371,2.5371,2.4395,2.4395,19098,0
20140611,2.4883,2.4883,2.4395,2.4883,4718,0
20140612,2.4883,2.4883,2.4395,2.4883,7029,0
20140613,2.4395,2.4883,2.4395,2.4883,7238,0
20140616,2.4395,2.4883,2.3907,2.4883,7636,0
20140617,2.4883,2.4883,2.4395,2.4883,11791,0
20140618,2.4883,2.4883,2.4395,2.4395,10838,0
20140620,2.4395,2.4883,2.3907,2.4883,12673,0
20140623,2.3907,2.4395,2.3419,2.4395,17507,0
20140624,2.4395,2.4395,2.3907,2.4395,5754,0
20140625,2.3907,2.4395,2.3419,2.4395,7110,0
20140626,2.4395,2.4395,2.3419,2.3907,2301,0
20140627,2.3907,2.3907,2.3419,2.3907,18992,0
20140630,2.3907,2.3907,2.3419,2.3907,1205,0
20140701,2.3907,2.3907,2.3419,2.3907,11807,0
20140702,2.3419,2.3907,2.3419,2.3907,25607,0
20140703,2.3907,2.3907,2.3419,2.3907,8367,0
20140704,2.3907,2.4883,2.3907,2.3907,25431,0
20140707,2.4395,2.4395,2.3907,2.4395,1415,0
20140708,2.4395,2.4395,2.3907,2.4395,3368,0
20140709,2.4395,2.4395,2.3419,2.4395,6437,0
20140710,2.4395,2.4395,2.3419,2.3907,5797,0
20140711,2.3907,2.4395,2.3419,2.4395,15976,0
20140714,2.4395,2.4395,2.3907,2.4395,11813,0
20140715,2.4395,2.4395,2.3419,2.3419,10115,0
20140716,2.4395,2.4883,2.3907,2.4395,38307,0
20140717,2.4395,2.4883,2.4395,2.4883,27802,0
20140718,2.4883,2.4883,2.4395,2.4883,7847,0
20140721,2.4883,2.5371,2.4395,2.4395,19107,0
20140722,2.4883,2.4883,2.4395,2.4883,1004,0
20140723,2.4883,2.4883,2.3907,2.4395,8324,0
20140724,2.4395,2.4395,2.3907,2.3907,21076,0
20140725,2.3907,2.4395,2.3907,2.4395,2994,0
20140728,2.4395,2.4395,2.4395,2.4395,249,0
20140729,2.4395,2.4395,2.4395,2.4395,65,0
20140730,2.3907,2.4395,2.3907,2.4395,3863,0
20140731,2.4395,2.4395,2.3419,2.3907,14865,0
20140801,2.3419,2.3907,2.2444,2.3419,53650,0
20140804,2.3419,2.3419,2.2931,2.3419,5066,0
20140805,2.3419,2.3419,2.2931,2.3419,1638,0
20140806,2.2931,2.3419,2.2931,2.2931,6586,0
20140807,2.2931,2.3419,2.2931,2.3419,1914,0
20140808,2.3419,2.3907,2.2931,2.3907,33502,0
20140811,2.3907,2.3907,2.3419,2.3907,3589,0
20140812,2.3907,2.3907,2.3419,2.3907,2632,0
20140813,2.3907,2.3907,2.3419,2.3907,6445,0
20140814,2.3907,2.3907,2.3419,2.3907,2610,0
20140818,2.3907,2.3907,2.3419,2.3907,8691,0
20140819,2.3907,2.4395,2.3907,2.4395,14593,0
20140820,2.4395,2.4395,2.3907,2.3907,9668,0
20140821,2.3419,2.4395,2.3419,2.3907,3659,0
20140822,2.3907,2.4395,2.2931,2.3907,21841,0
20140825,2.3907,2.4395,2.3419,2.4395,15997,0
20140826,2.3907,2.3907,2.3419,2.3907,14532,0
20140827,2.3907,2.3907,2.2931,2.3419,12319,0
20140828,2.3419,2.3419,2.2931,2.3419,3013,0
20140829,2.2931,2.3419,2.2931,2.3419,10469,0
20140901,2.3419,2.3419,2.2444,2.2931,9770,0
20140902,2.2931,2.3419,2.2444,2.3419,13719,0
20140903,2.3419,2.3419,2.2931,2.3419,4197,0
20140904,2.3419,2.3419,2.2931,2.3419,869,0
20140905,2.3419,2.3419,2.2444,2.3419,9003,0
20140908,2.3419,2.3419,2.2444,2.3419,6311,0
20140909,2.3419,2.3419,2.2931,2.3419,2916,0
20140910,2.3419,2.3419,2.2444,2.3419,11508,0
20140911,2.3419,2.3907,2.2931,2.3419,14022,0
20140912,2.3419,2.3419,2.2931,2.3419,19643,0
20140915,2.3419,2.3419,2.2931,2.3419,20510,0
20140916,2.3419,2.3419,2.3419,2.3419,8399,0
20140917,2.3419,2.3907,2.3419,2.3907,21614,0
20140918,2.3907,2.4395,2.3419,2.3419,14807,0
20140919,2.3419,2.3907,2.3419,2.3907,10184,0
20140922,2.3419,2.3419,2.3419,2.3419,10286,0
20140923,2.3419,2.3419,2.2931,2.3419,10649,0
20140924,2.3419,2.3907,2.3419,2.3907,9929,0
20140925,2.2931,2.3419,2.2444,2.2931,53957,0
20140926,2.2931,2.2931,2.1956,2.1956,29475,0
20140929,2.2444,2.2444,2.1468,2.2444,19194,0
20140930,2.2444,2.2444,2.098,2.1468,28737,0
20141001,2.098,2.098,2.098,2.098,4229,0
20141002,2.098,2.098,2.098,2.098,1556,0
20141003,2.0492,2.0492,2.0004,2.0004,17588,0
20141006,1.9028,1.9028,1.8052,1.8052,23264,0
20141007,1.7077,1.8052,1.7077,1.8052,37767,0
20141008,1.854,1.9516,1.854,1.9516,40866,0
20141009,1.9028,2.0492,1.9028,2.0492,30407,0
20141010,2.0004,2.0004,2.0004,2.0004,9107,0
20141013,2.0004,2.0492,2.0004,2.0492,1660,0
20141014,2.0004,2.0004,2.0004,2.0004,2406,0
20141015,2.0004,2.0004,2.0004,2.0004,250,0
20141016,2.0004,2.0004,2.0004,2.0004,6819,0
20141017,2.0004,2.0004,1.9516,1.9516,4904,0
20141020,1.9516,1.9516,1.9516,1.9516,3621,0
20141021,1.9028,1.9028,1.9028,1.9028,5524,0
20141022,1.9516,1.9516,1.9516,1.9516,26661,0
20141024,1.9028,1.9028,1.854,1.854,34232,0
20141027,1.9028,1.9028,1.9028,1.9028,553,0
20141028,1.9028,1.9028,1.9028,1.9028,31,0
20141029,1.854,1.9028,1.854,1.9028,18803,0
20141030,1.9028,1.9516,1.9028,1.9516,11642,0
20141031,2.0004,2.0004,1.9516,1.9516,12416,0
20141103,2.0004,2.0004,1.9516,1.9516,6109,0
20141104,1.9028,1.9516,1.9028,1.9516,17696,0
20141105,1.9516,1.9516,1.9516,1.9516,614,0
20141106,1.9028,1.9516,1.9028,1.9516,146,0
20141107,1.9516,1.9516,1.9516,1.9516,2761,0
20141110,1.9516,1.9516,1.9516,1.9516,2,0
20141112,1.9516,1.9516,1.9516,1.9516,1052,0
20141113,1.9028,1.9028,1.9028,1.9028,6425,0
20141114,1.9028,1.9028,1.9028,1.9028,1783,0
20141117,1.8052,1.8052,1.8052,1.8052,20295,0
20141118,1.854,1.9028,1.854,1.9028,1373,0
20141119,1.9028,1.9028,1.9028,1.9028,1717,0
20141120,1.854,1.854,1.854,1.854,1407,0
20141121,1.9028,1.9028,1.8052,1.8052,5932,0
20141124,1.9028,1.9028,1.9028,1.9028,6575,0
20141125,1.854,1.854,1.7077,1.7077,10787,0
20141126,1.854,1.854,1.854,1.854,4047,0
20141127,1.8052,1.854,1.8052,1.854,3644,0
20141128,1.9516,1.9516,1.9028,1.9028,9678,0
20141201,1.9028,1.9028,1.9028,1.9028,3618,0
20141202,1.9028,1.9028,1.9028,1.9028,2306,0
20141203,1.9028,1.9516,1.9028,1.9516,10110,0
20141218,1.9516,1.9516,1.9321,1.9321,10608,0
20141219,1.9516,1.9516,1.9126,1.9126,5759,0
20141222,1.854,1.9028,1.854,1.9028,16076,0
20141223,1.8052,1.8052,1.8052,1.8052,23373,0
20141229,1.8345,1.8345,1.8345,1.8345,25609,0
20141230,1.8443,1.8443,1.8443,1.8443,7297,0
20150102,1.854,1.9906,1.815,1.9906,12560,0
20150105,2.0394,2.0882,1.9906,2.059,9952,0
20150107,2.059,2.0882,2.0004,2.0687,5234,0
20150108,2.059,2.059,1.9906,2.0492,2558,0
20150109,2.0492,2.0492,2.0102,2.0394,2410,0
20150112,2.0394,2.0492,1.9906,2.0394,2599,0
20150113,1.9906,2.0394,1.9906,2.0394,1230,0
20150114,2.0004,2.0297,1.9126,2.0004,6542,0
20150115,1.9906,1.9906,1.815,1.9906,7931,0
20150116,1.9711,1.9711,1.8735,1.9321,2191,0
20150119,1.9028,1.9321,1.9028,1.9223,1383,0
20150120,1.9223,1.9223,1.8638,1.9126,565,0
20150121,1.854,1.8931,1.8248,1.8833,10984,0
20150122,1.8833,1.8833,1.8833,1.8833,64,0
20150123,1.8833,1.8833,1.8052,1.815,9479,0
20150126,1.815,1.815,1.776,1.815,2331,0
20150127,1.8052,1.854,1.8052,1.8443,13958,0
20150128,1.8443,1.8443,1.8443,1.8443,596,0
20150129,1.8443,1.9223,1.8345,1.9028,15285,0
20150130,1.9126,1.9126,1.815,1.8931,13783,0
20150202,1.8931,1.8931,1.8638,1.8833,1307,0
20150203,1.8638,1.8735,1.8248,1.8443,6354,0
20150204,1.8638,1.8638,1.8052,1.8443,3549,0
20150205,1.854,1.8638,1.815,1.854,6676,0
20150206,1.8931,1.8931,1.8345,1.854,5917,0
20150209,1.854,1.8931,1.8443,1.8443,9295,0
20150210,1.8443,1.8833,1.815,1.854,12487,0
20150211,1.854,1.8735,1.8248,1.854,1687,0
20150212,1.8443,1.9419,1.8443,1.9419,25520,0
20150213,1.9516,2.0199,1.9419,1.9711,9808,0
20150216,1.9809,1.9906,1.9516,1.9809,3690,0
20150217,1.9711,1.9809,1.9614,1.9809,8800,0
20150218,1.9711,1.9711,1.9516,1.9516,743,0
20150219,1.9516,1.9614,1.9321,1.9614,2434,0
20150220,1.9516,1.9516,1.9419,1.9516,7727,0
20150223,1.9516,2.2053,1.9516,2.1858,135459,0
20150224,2.1858,2.2931,2.1175,2.2444,63808,0
20150225,2.2736,2.3127,2.2346,2.2736,33072,0
20150226,2.2736,2.2931,2.2248,2.2736,16451,0
20150227,2.2736,2.2931,2.1468,2.2736,47479,0
20150302,2.2736,2.2736,2.1858,2.2639,16621,0
20150303,2.2639,2.2736,2.1858,2.2444,9738,0
20150304,2.2444,2.2444,2.2151,2.2444,2262,0
20150305,2.2346,2.2639,2.2151,2.2444,5596,0
20150306,2.2541,2.2541,2.2444,2.2444,1903,0
20150309,2.1956,2.2639,2.1956,2.2639,4722,0
20150310,2.2053,2.2639,2.2053,2.2639,3826,0
20150311,2.2541,2.2541,2.2444,2.2444,2048,0
20150312,2.2444,2.2834,2.2053,2.2639,7286,0
20150313,2.2639,2.2639,2.0492,2.1077,18641,0
20150316,2.1077,2.1468,2.0492,2.1468,37552,0
20150317,2.1468,2.2248,2.1468,2.1956,11407,0
20150318,2.2151,2.2151,2.2053,2.2053,2279,0
20150319,2.1858,2.1956,2.1175,2.1956,14918,0
20150320,2.1468,2.1858,2.1175,2.1858,5414,0
20150323,2.176,2.176,2.1175,2.1468,3998,0
20150324,2.1468,2.1663,2.059,2.1077,5910,0
20150325,2.1077,2.1077,2.0199,2.098,5111,0
20150326,2.1077,2.1175,2.0297,2.1077,3794,0
20150327,2.1077,2.1077,2.0687,2.1077,3728,0
20150330,2.1077,2.1077,2.059,2.1077,1568,0
20150331,2.098,2.098,2.0394,2.0394,1640,0
20150401,2.098,2.098,1.9614,2.0394,8544,0
20150402,2.0297,2.0297,2.0297,2.0297,100,0
20150407,2.0492,2.059,1.9906,2.059,4628,0
20150408,2.0492,2.0492,2.0004,2.0394,5199,0
20150409,2.0394,2.0394,2.0102,2.0199,2760,0
20150410,2.0394,2.0492,1.9906,2.0394,8325,0
20150413,2.0394,2.0394,1.9711,2.0199,1601,0
20150414,2.0199,2.0199,1.9711,2.0004,11751,0
20150415,2.0102,2.059,2.0004,2.059,9600,0
20150416,2.059,2.098,2.0492,2.0687,8518,0
20150417,2.0102,2.059,2.0004,2.0492,3402,0
20150420,2.0492,2.0492,1.9906,2.0297,8424,0
20150421,2.0492,2.0492,1.9516,1.9516,10404,0
20150422,1.9419,1.9516,1.9419,1.9516,6145,0
20150423,1.9516,1.9516,1.9516,1.9516,1266,0
20150424,1.9516,1.9516,1.9419,1.9516,663,0
20150427,1.9419,1.9419,1.9419,1.9419,1026,0
20150428,1.9321,1.9419,1.854,1.8735,5374,0
20150429,1.8735,1.9516,1.8248,1.9223,13198,0
20150430,1.9223,1.9516,1.9223,1.9516,2978,0
20150504,1.9516,1.9516,1.9516,1.9516,324,0
20150505,1.9516,1.9516,1.8248,1.854,42968,0
20150506,1.854,1.854,1.8052,1.8443,7133,0
20150507,1.8931,1.8931,1.815,1.815,7072,0
20150508,1.8052,1.8443,1.7565,1.8443,11941,0
20150511,1.776,1.8443,1.7662,1.8443,2893,0
20150512,1.8833,1.9419,1.8443,1.9028,15153,0
20150513,1.815,1.8735,1.8052,1.8735,4595,0
20150514,1.8833,1.8833,1.8248,1.8443,1334,0
20150515,1.8735,1.8735,1.8052,1.8443,1875,0
20150518,1.8735,1.8735,1.815,1.8443,991,0
20150519,1.854,1.8833,1.7955,1.7955,6290,0
20150520,1.7955,1.8052,1.7857,1.8052,1327,0
20150521,1.8052,1.8052,1.7565,1.7662,1436,0
20150522,1.7662,1.8638,1.7662,1.7857,38596,0
20150525,1.7857,1.8833,1.7857,1.8443,3415,0
20150526,1.8345,1.8443,1.776,1.8345,27823,0
20150527,1.8345,1.8833,1.8248,1.8833,6570,0
20150528,1.8833,1.8833,1.8052,1.854,5658,0
20150529,1.8443,1.854,1.8443,1.854,8345,0
20150601,1.854,1.854,1.7565,1.8443,23101,0
20150602,1.8052,1.8052,1.7955,1.8052,997,0
20150603,1.7955,1.8052,1.7565,1.8052,1571,0
20150605,1.7955,1.8052,1.7955,1.8052,52,0
20150608,1.776,1.776,1.6003,1.6881,21843,0
20150609,1.6881,1.6979,1.6491,1.6979,8369,0
20150610,1.6881,1.7467,1.6881,1.7467,78385,0
20150611,1.6881,1.7272,1.6394,1.7272,4647,0
20150612,1.7272,1.7565,1.6686,1.6686,75923,0
20150615,1.6686,1.7369,1.6686,1.7174,14707,0
20150616,1.7174,1.7174,1.7077,1.7174,24233,0
20150617,1.7174,1.7174,1.6589,1.6979,22661,0
20150618,1.6979,1.7077,1.6979,1.7077,23560,0
20150619,1.7174,1.7174,1.6686,1.7077,9639,0
20150622,1.7077,1.7369,1.6784,1.7369,24405,0
20150623,1.7369,1.7369,1.7272,1.7369,12023,0
20150624,1.7272,1.7272,1.6686,1.7272,10988,0
20150625,1.7174,1.8052,1.7174,1.7857,53821,0
20150626,1.776,1.7857,1.7272,1.7857,12881,0
20150629,1.7467,1.7467,1.6491,1.7174,16226,0
20150630,1.7174,1.7174,1.6686,1.7077,865,0
20150701,1.7174,1.7174,1.6589,1.7077,4791,0
20150702,1.7077,1.7077,1.7077,1.7077,57,0
20150703,1.7077,1.7077,1.6589,1.7077,1833,0
20150706,1.6881,1.7077,1.6881,1.7077,1107,0
20150707,1.6881,1.6979,1.6881,1.6979,1048,0
20150708,1.6784,1.6881,1.5515,1.6491,29179,0
20150709,1.6491,1.6589,1.5808,1.6003,43508,0
20150710,1.6198,1.6296,1.6003,1.6296,3853,0
20150713,1.6296,1.6296,1.5808,1.6296,1483,0
20150714,1.6296,1.6296,1.6296,1.6296,83,0
20150715,1.6003,1.6198,1.571,1.6101,1889,0
20150716,1.6101,1.6881,1.6101,1.6881,54102,0
20150717,1.7174,1.815,1.7174,1.7955,10476,0
20150720,1.7955,1.7955,1.7857,1.7857,157,0
20150721,1.7857,1.7857,1.6686,1.7369,10496,0
20150722,1.7272,1.7369,1.7272,1.7369,28883,0
20150723,1.7272,1.7272,1.7272,1.7272,1,0
20150724,1.7272,1.7272,1.7077,1.7077,121,0
20150727,1.7077,1.7077,1.571,1.6881,5950,0
20150728,1.6686,1.6784,1.6686,1.6784,6200,0
20150729,1.6394,1.6686,1.6394,1.6589,8751,0
20150730,1.6589,1.6589,1.6589,1.6589,763,0
20150731,1.6589,1.6589,1.6491,1.6589,10574,0
20150803,1.6198,1.7174,1.6198,1.7174,39709,0
20150804,1.7174,1.7662,1.6589,1.7662,34418,0
20150805,1.7662,1.8052,1.7565,1.8052,26198,0
20150806,1.7955,1.8248,1.7565,1.7565,43912,0
20150807,1.7565,1.7955,1.7565,1.7955,16822,0
20150810,1.7955,1.8052,1.7369,1.7955,21363,0
20150811,1.7955,1.8345,1.7565,1.8345,112123,0
20150812,1.8345,1.8345,1.6589,1.7467,17988,0
20150813,1.7467,1.7467,1.7077,1.7467,28022,0
20150814,1.7565,1.7662,1.7565,1.7662,32711,0
20150817,1.7662,1.7857,1.7565,1.776,23331,0
20150818,1.776,1.8345,1.7662,1.8345,9951,0
20150819,1.815,1.8443,1.8052,1.8248,44025,0
20150820,1.8345,1.8345,1.7174,1.7565,22568,0
20150821,1.776,1.8248,1.776,1.815,4471,0
20150824,1.7565,1.7565,1.5808,1.6784,13786,0
20150825,1.5906,1.6394,1.532,1.6296,31707,0
20150826,1.6296,1.6296,1.6296,1.6296,70,0
20150827,1.6296,1.6589,1.6296,1.6589,11357,0
20150828,1.6589,1.7272,1.6296,1.6979,62105,0
20150831,1.6394,1.6979,1.6394,1.6979,482,0
20150901,1.6979,1.6979,1.6296,1.6589,11436,0
20150902,1.6491,1.6491,1.493,1.6491,29665,0
20150903,1.6491,1.6491,1.5906,1.5906,11201,0
20150904,1.6003,1.6394,1.6003,1.6394,855,0
20150907,1.6491,1.6589,1.6003,1.6003,11006,0
20150908,1.6491,1.6491,1.6394,1.6491,12523,0
20150909,1.6101,1.6491,1.6101,1.6491,143,0
20150910,1.6589,1.6589,1.5906,1.6491,635,0
20150911,1.6491,1.6589,1.6491,1.6589,497,0
20150914,1.6589,1.6589,1.493,1.571,24711,0
20150915,1.571,1.5906,1.5125,1.5906,38716,0
20150916,1.5808,1.5808,1.571,1.5808,10965,0
20150917,1.5808,1.6296,1.5808,1.5808,31815,0
20150918,1.6491,1.6589,1.6394,1.6491,16613,0
20150921,1.6491,1.6491,1.5808,1.6003,4234,0
20150922,1.5906,1.5906,1.5515,1.5906,466,0
20150923,1.5906,1.5906,1.493,1.532,13145,0
20150924,1.5027,1.532,1.493,1.532,2837,0
20150925,1.493,1.532,1.4735,1.493,8112,0
20150928,1.5223,1.5223,1.4637,1.5223,4724,0
20150929,1.5223,1.5223,1.4637,1.4832,5820,0
20150930,1.454,1.493,1.454,1.493,10764,0
20151001,1.493,1.5223,1.493,1.5223,38673,0
20151002,1.5027,1.5223,1.493,1.493,4605,0
20151005,1.5125,1.5125,1.4735,1.4832,2754,0
20151006,1.4832,1.4832,1.4442,1.454,5017,0
20151007,1.4637,1.4637,1.4052,1.4442,24174,0
20151008,1.4442,1.454,1.4442,1.454,6502,0
20151009,1.4344,1.454,1.4344,1.4344,2101,0
20151012,1.4442,1.454,1.3759,1.4149,20364,0
20151013,1.4149,1.4149,1.3661,1.3954,1156,0
20151014,1.4052,1.4052,1.3271,1.3759,23146,0
20151015,1.3954,1.3954,1.3369,1.3661,5186,0
20151016,1.3661,1.4149,1.3466,1.4149,6350,0
20151019,1.4052,1.4052,1.3661,1.4052,7262,0
20151020,1.3759,1.454,1.3759,1.454,5715,0
20151021,1.4442,1.454,1.4052,1.4149,6216,0
20151022,1.454,1.6101,1.4344,1.6101,87327,0
20151023,1.6198,1.6296,1.5808,1.6101,73022,0
20151026,1.6003,1.6198,1.5808,1.6198,14259,0
20151027,1.6198,1.6589,1.5808,1.6491,4975,0
20151028,1.6003,1.6491,1.5808,1.6491,46931,0
20151029,1.6296,1.6394,1.5808,1.6101,8948,0
20151030,1.6101,1.6101,1.6101,1.6101,750,0
20151102,1.6101,1.6198,1.6101,1.6198,968,0
20151103,1.6198,1.6198,1.6198,1.6198,179,0
20151104,1.6198,1.6198,1.5223,1.5808,4410,0
20151105,1.571,1.571,1.571,1.571,5,0
20151106,1.5613,1.5613,1.4052,1.5027,20125,0
20151109,1.4832,1.493,1.4832,1.493,10378,0
20151110,1.493,1.493,1.4442,1.4832,1087,0
20151112,1.493,1.493,1.493,1.493,206,0
20151113,1.4832,1.4832,1.4344,1.454,27543,0
20151116,1.454,1.454,1.1905,1.21,71064,0
20151117,1.2393,1.3271,1.2393,1.2881,27410,0
20151118,1.2881,1.2881,1.2588,1.2685,2108,0
20151119,1.2685,1.2685,1.2685,1.2685,193,0
20151120,1.2783,1.3271,1.1905,1.2588,59183,0
20151123,1.2588,1.2588,1.1905,1.2588,2944,0
20151124,1.2588,1.2588,1.21,1.2393,11505,0
20151125,1.2393,1.2685,1.2002,1.2588,17253,0
20151126,1.2685,1.2685,1.21,1.2685,5147,0
20151127,1.2588,1.2685,1.2588,1.2685,312,0
20151130,1.2685,1.2685,1.2002,1.2002,17617,0
20151201,1.21,1.21,1.1027,1.171,21485,0
20151202,1.1417,1.1417,1.0831,1.1124,18376,0
20151203,1.1124,1.1124,1.1027,1.1027,29530,0
20151204,1.1222,1.1222,1.0734,1.1124,3649,0
20151207,1.1222,1.1222,1.1222,1.1222,168,0
20151208,1.0929,1.0929,1.0246,1.0636,9471,0
20151209,1.0636,1.1027,1.0148,1.0929,8849,0
20151210,1.1027,1.1027,1.1027,1.1027,167,0
20151211,1.0929,1.0929,1.0148,1.0636,9698,0
20151214,1.0636,1.0636,1.0441,1.0441,164,0
20151215,1.0441,1.0441,0.9953,0.9953,124,0
20151216,0.9953,1.0344,0.966,1.0344,52628,0
20151217,0.9758,0.9758,0.966,0.9758,58923,0
20151218,0.966,1.0148,0.9368,0.9563,12423,0
20151221,0.9465,0.9758,0.9465,0.9758,41525,0
20151222,0.9758,0.9758,0.9465,0.966,14757,0
20151223,0.9758,0.9758,0.9758,0.9758,3297,0
20151228,0.9465,0.9563,0.9465,0.9465,8743,0
20151229,0.9368,0.966,0.927,0.9563,17746,0
20151230,0.9563,0.9563,0.9368,0.9465,23335,0
20160104,0.927,0.9563,0.927,0.9563,5885,0
20160105,0.9368,0.9563,0.927,0.9465,6589,0
20160107,0.9368,0.9563,0.9173,0.9173,21799,0
20160108,0.8977,1.0831,0.8977,0.9953,473477,0
20160111,0.966,1.0441,0.966,0.9758,163763,0
20160112,1.0051,1.0441,0.9465,1.0344,232135,0
20160113,1.0441,1.171,1.0441,1.1222,106804,0
20160114,1.0831,1.1515,1.0344,1.1417,78789,0
20160115,1.1515,1.171,1.1222,1.1612,23358,0
20160118,1.1319,1.1417,1.0929,1.1222,86176,0
20160119,1.1515,1.1515,1.0636,1.0831,19900,0
20160120,1.0539,1.0831,1.0344,1.0831,5857,0
20160121,1.0831,1.0831,1.0051,1.0636,10024,0
20160122,1.0636,1.0636,1.0539,1.0539,3559,0
20160125,1.0441,1.0441,1.0148,1.0441,126098,0
20160126,1.0636,1.0636,1.0539,1.0636,7302,0
20160127,1.0636,1.0734,1.0148,1.0539,10248,0
20160128,1.0734,1.0734,0.9953,1.0246,29335,0
20160129,1.0344,1.0344,1.0148,1.0246,31826,0
20160201,1.0246,1.0246,0.9953,1.0051,42544,0
20160202,1.0441,1.0441,0.9758,0.9758,74619,0
20160203,0.9758,0.9758,0.9563,0.966,23851,0
20160204,0.966,0.9758,0.9563,0.9758,59125,0
20160205,0.9758,0.9856,0.927,0.9465,159947,0
20160208,0.9465,0.9465,0.8685,0.8782,108197,0
20160209,0.8685,0.9173,0.8685,0.8977,46809,0
20160210,0.9075,0.9173,0.888,0.9173,35945,0
20160211,0.9173,0.9173,0.8685,0.888,36172,0
20160212,0.888,0.888,0.8392,0.8392,36837,0
20160215,0.8587,0.9075,0.8587,0.9075,85222,0
20160216,0.9075,0.9368,0.8782,0.9368,39584,0
20160217,0.9368,0.9758,0.9173,0.966,33479,0
20160218,0.9758,0.9758,0.9173,0.9465,54322,0
20160219,0.9465,0.9563,0.8782,0.9173,80505,0
20160222,0.9173,0.927,0.8782,0.888,1474,0
20160223,0.9173,0.927,0.9173,0.927,33437,0
20160224,0.9368,1.0051,0.9368,1.0051,240503,0
20160225,0.9953,0.9953,0.966,0.9758,133389,0
20160226,1.0246,1.0246,0.9465,0.9465,13757,0
20160229,0.966,0.966,0.8782,0.9075,127265,0
20160301,0.9075,0.9465,0.9075,0.9465,36175,0
20160302,0.9465,0.9758,0.9368,0.966,53173,0
20160303,0.9758,0.9758,0.9465,0.966,82539,0
20160304,0.966,0.966,0.927,0.9563,36252,0
20160307,0.9465,0.9758,0.9465,0.9465,4386,0
20160308,0.9758,0.9758,0.9173,0.9368,17425,0
20160309,0.9368,0.9368,0.927,0.9368,13889,0
20160310,0.9368,1.0051,0.9368,0.9758,257163,0
20160311,1.0051,1.0441,0.9758,0.9758,148752,0
20160314,0.9856,1.0148,0.9758,1.0051,27598,0
20160315,1.0051,1.0051,0.966,0.966,35722,0
20160316,0.9758,0.9758,0.9758,0.9758,33620,0
20160317,0.9758,0.9758,0.966,0.9758,10240,0
20160318,0.9758,1.0051,0.966,1.0051,31919,0
20160321,1.0051,1.0539,0.9953,1.0441,93521,0
20160322,1.0539,1.0539,1.0051,1.0441,8530,0
20160323,1.0441,1.0441,1.0051,1.0344,2180,0
20160324,1.0344,1.0441,1.0148,1.0148,30270,0
20160329,1.0148,1.1515,1.0148,1.1319,202969,0
20160330,1.1417,1.21,1.1417,1.1515,159723,0
20160331,1.1905,1.2588,1.1612,1.249,328728,0
20160401,1.2588,1.3661,1.2588,1.3661,184428,0
20160404,1.4052,1.5418,1.3954,1.5027,198430,0
20160405,1.5223,1.5223,1.3759,1.4052,78873,0
20160406,1.4637,1.5027,1.4052,1.4149,214429,0
20160407,1.454,1.4637,1.3954,1.4149,53446,0
20160408,1.454,1.493,1.3759,1.4344,142479,0
20160411,1.4637,1.4832,1.3173,1.4149,46014,0
20160412,1.4247,1.4247,1.2978,1.3076,36964,0
20160413,1.3173,1.3564,1.3173,1.3173,66735,0
20160414,1.3369,1.3369,1.2198,1.2685,113200,0
20160415,1.249,1.2978,1.2295,1.2685,112586,0
20160418,1.2685,1.3173,1.2295,1.3173,36221,0
20160419,1.3271,1.3661,1.3173,1.3564,49712,0
20160420,1.3564,1.3661,1.3466,1.3466,25883,0
20160421,1.3466,1.3466,1.3369,1.3466,4044,0
20160422,1.3466,1.4149,1.3173,1.4149,35823,0
20160425,1.4149,1.4149,1.3466,1.3856,14612,0
20160426,1.3759,1.3759,1.3271,1.3271,18026,0
20160427,1.3369,1.3369,1.3369,1.3369,29041,0
20160428,1.3369,1.3564,1.3369,1.3564,6532,0
20160429,1.3661,1.3661,1.3173,1.3564,3602,0
20160502,1.3661,1.3661,1.3661,1.3661,1112,0
20160504,1.3661,1.3661,1.3173,1.3661,21071,0
20160505,1.3564,1.3564,1.2783,1.3173,10704,0
20160506,1.2783,1.3173,1.2783,1.3173,2132,0
20160509,1.3173,1.3173,1.2783,1.2978,23386,0
20160510,1.2978,1.3076,1.2978,1.3076,41212,0
20160511,1.3173,1.4052,1.3173,1.3954,76423,0
20160512,1.4052,1.4052,1.3661,1.3661,9381,0
20160513,1.3856,1.4052,1.3466,1.3856,9201,0
20160516,1.3856,1.4149,1.3661,1.3856,55653,0
20160517,1.3856,1.4052,1.3466,1.3856,5793,0
20160518,1.3954,1.3954,1.2588,1.2978,55338,0
20160519,1.2588,1.2978,1.21,1.21,54031,0
20160520,1.2393,1.2393,1.1807,1.2295,20302,0
20160523,1.2393,1.2588,1.2198,1.2588,10357,0
20160524,1.2588,1.2685,1.21,1.249,1939,0
20160525,1.2588,1.3173,1.2393,1.3173,50999,0
20160527,1.3466,1.3564,1.2295,1.2685,37269,0
20160530,1.2978,1.3564,1.249,1.3271,108024,0
20160531,1.3466,1.3466,1.2588,1.2588,20606,0
20160601,1.3173,1.3173,1.2295,1.2685,21766,0
20160602,1.2198,1.2881,1.2198,1.2685,31251,0
20160603,1.2881,1.2881,1.2393,1.2685,4085,0
20160606,1.2685,1.2685,1.2393,1.2685,6930,0
20160607,1.2393,1.2588,1.21,1.2588,11744,0
20160608,1.249,1.2588,1.21,1.2588,18073,0
20160609,1.2588,1.2588,1.2295,1.249,18522,0
20160610,1.2295,1.249,1.2198,1.2295,9398,0
20160613,1.2295,1.2393,1.2002,1.2198,19224,0
20160614,1.2198,1.2198,1.21,1.2198,2442,0
20160615,1.21,1.2198,1.1515,1.171,14900,0
20160616,1.1807,1.1807,1.0734,1.1319,16583,0
20160617,1.1124,1.1222,1.1027,1.1222,8345,0
20160620,1.1612,1.1807,1.0734,1.1807,54258,0
20160621,1.20024,1.20024,1.12218,1.20024,3359,0
20160622,1.20024,1.20024,1.12218,1.20024,788,0
20160623,1.20024,1.20024,1.20024,1.20024,951,0
20160624,1.08315,1.18073,1.06363,1.18073,9331,0
20160627,1.19048,1.21976,1.19048,1.20024,17441,0
20160628,1.18073,1.21976,1.18073,1.21,121534,0
20160629,1.25,1.29,1.25,1.27,29217,0
20160630,1.28,1.33,1.28,1.31,72495,0
20160701,1.31,1.32,1.29,1.29,80548,0
20160704,1.32,1.32,1.31,1.32,32789,0
20160705,1.31,1.31,1.2,1.24,63081,0
20160706,1.23,1.24,1.15,1.2,65844,0
20160707,1.23,1.23,1.15,1.21,45460,0
20160708,1.19,1.19,1.13,1.16,11800,0
20160711,1.17,1.2,1.15,1.2,121805,0
20160712,1.21,1.22,1.17,1.22,64992,0
20160713,1.23,1.23,1.15,1.22,34189,0
20160714,1.21,1.21,1.17,1.2,602,0
20160715,1.21,1.21,1.14,1.18,24840,0
20160718,1.18,1.18,1.1,1.17,10943,0
20160719,1.18,1.18,1.13,1.17,29932,0
20160720,1.18,1.19,1.13,1.14,49491,0
20160721,1.16,1.16,1.11,1.15,5554,0
20160722,1.15,1.15,1.1,1.13,25307,0
20160725,1.13,1.15,1.09,1.14,70497,0
20160726,1.1,1.13,1.1,1.13,43807,0
20160727,1.12,1.12,1.04,1.09,103286,0
20160728,1.09,1.11,1.07,1.11,7542,0
20160729,1.11,1.11,1.1,1.1,48700,0
20160801,1.12,1.12,1.07,1.09,2540,0
20160802,1.11,1.11,1.04,1.09,39233,0
20160803,1.09,1.09,1.05,1.09,22177,0
20160804,1.09,1.09,1.05,1.09,20268,0
20160805,1.09,1.09,1.09,1.09,172,0
20160808,1.09,1.09,1.09,1.09,226,0
20160809,1.09,1.09,1.04,1.07,57917,0
20160810,1.08,1.09,1.07,1.09,34871,0
20160811,1.09,1.09,1.08,1.08,65276,0
20160812,1.09,1.13,1.08,1.13,24663,0
20160816,1.12,1.18,1.1,1.18,15870,0
20160817,1.15,1.15,1.11,1.14,49401,0
20160818,1.15,1.15,1.14,1.14,42449,0
20160819,1.15,1.17,1.15,1.16,61688,0
20160822,1.16,1.17,1.12,1.14,66905,0
20160823,1.16,1.16,1.13,1.14,8200,0
20160824,1.14,1.14,1.12,1.13,89372,0
20160825,1.13,1.14,1.12,1.14,85165,0
20160826,1.15,1.15,1.15,1.15,365,0
20160829,1.15,1.15,1.12,1.13,34472,0
20160830,1.12,1.12,1.09,1.12,4156,0
20160831,1.12,1.12,1.12,1.12,1826,0
20160901,1.12,1.12,1.09,1.12,43007,0
20160902,1.13,1.15,1.08,1.13,49187,0
20160905,1.13,1.13,1.07,1.11,50497,0
20160906,1.12,1.12,1.06,1.09,16688,0
20160907,1.1,1.1,1.06,1.08,27260,0
20160908,1.1,1.1,1.06,1.09,14286,0
20160909,1.09,1.09,1.05,1.07,38609,0
20160912,1.06,1.08,1.03,1.05,33813,0
20160913,1.08,1.08,1.03,1.07,22038,0
20160914,1.08,1.08,1.04,1.06,7400,0
20160915,1.08,1.08,1.04,1.04,2969,0
20160916,1.06,1.08,1.06,1.08,3232,0
20160919,1.08,1.08,1.06,1.08,985,0
20160920,1.08,1.08,1.03,1.08,35962,0
20160921,1.08,1.08,1.05,1.07,1116,0
20160922,1.08,1.08,1.04,1.07,22336,0
20160923,1.06,1.07,1.04,1.07,22522,0
20160926,1.07,1.09,1.06,1.09,43655,0
20160927,1.11,1.19,1.11,1.17,119691,0
20160928,1.21,1.29,1.2,1.23,341665,0
20160929,1.27,1.27,1.19,1.19,10729,0
20160930,1.21,1.21,1.21,1.21,2,0
20161003,1.2,1.2,1.13,1.19,5472,0
20161004,1.19,1.19,1.19,1.19,2,0
20161005,1.18,1.2,1.15,1.2,12855,0
20161006,1.2,1.2,1.2,1.2,36880,0
20161007,1.2,1.2,1.2,1.2,456,0
20161010,1.2,1.2,1.2,1.2,607,0
20161011,1.2,1.2,1.19,1.2,10751,0
20161012,1.2,1.2,1.2,1.2,5,0
20161013,1.2,1.2,1.13,1.18,37865,0
20161014,1.18,1.26,1.15,1.25,21336,0
20161017,1.28,1.29,1.23,1.28,40829,0
20161018,1.28,1.28,1.25,1.28,1913,0
20161019,1.26,1.28,1.26,1.28,2684,0
20161020,1.28,1.28,1.23,1.27,5123,0
20161021,1.27,1.27,1.2,1.26,4101,0
20161024,1.24,1.26,1.2,1.25,1379,0
20161025,1.25,1.25,1.24,1.25,41008,0
20161026,1.24,1.25,1.2,1.25,4557,0
20161027,1.24,1.24,1.24,1.24,927,0
20161028,1.25,1.25,1.2,1.24,8697,0
20161031,1.2,1.23,1.2,1.23,16334,0
20161102,1.23,1.23,1.19,1.22,8121,0
20161103,1.2,1.2,1.15,1.2,3331,0
20161104,1.2,1.21,1.17,1.21,33645,0
20161107,1.2,1.2,1.15,1.2,42923,0
