Date,Open,High,Low,Close,Volume,OpenInt
20080424,19.744,19.751,17.855,18.566,4218,0
20080425,18.962,18.962,17.816,18.836,1427,0
20080428,18.882,18.882,18.882,18.882,26,0
20080429,18.875,18.875,18.171,18.867,210,0
20080505,18.803,18.803,18.803,18.803,5,0
20080506,18.803,18.803,18.78,18.78,88,0
20080507,18.788,18.788,18.171,18.764,91,0
20080508,18.764,18.764,18.764,18.764,2,0
20080509,18.764,18.764,18.764,18.764,2,0
20080512,18.764,18.764,18.764,18.764,2,0
20080513,18.764,18.764,18.764,18.764,131,0
20080514,18.764,18.764,18.171,18.764,256,0
20080515,18.764,18.764,18.764,18.764,159,0
20080516,18.171,18.764,18.171,18.764,229,0
20080519,18.764,18.764,18.764,18.764,1,0
20080520,18.764,18.764,18.764,18.764,1,0
20080521,18.748,18.748,18.748,18.748,3,0
20080523,18.764,18.764,18.764,18.764,1,0
20080526,18.764,18.764,18.716,18.725,147,0
20080527,18.725,18.725,18.725,18.725,34,0
20080528,18.725,18.725,17.461,18.725,109,0
20080529,18.725,18.725,17.776,18.645,188,0
20080530,18.725,18.725,18.725,18.725,1,0
20080602,18.725,18.764,18.725,18.764,51,0
20080603,18.764,18.764,18.764,18.764,3,0
20080604,18.764,18.764,17.855,18.764,130,0
20080605,18.764,18.764,18.764,18.764,1,0
20080606,18.764,18.764,17.776,17.776,169,0
20080609,17.855,18.487,17.855,18.487,128,0
20080610,18.487,18.487,17.855,18.171,536,0
20080611,17.382,17.697,16.75,17.382,2326,0
20080612,17.776,18.803,17.776,17.855,585,0
20080613,18.164,18.164,18.164,18.164,1,0
20080616,18.164,18.164,18.164,18.164,2,0
20080617,18.164,18.164,18.164,18.164,2,0
20080618,18.164,18.164,16.591,18.155,3798,0
20080619,16.599,18.155,16.599,18.155,901,0
20080620,18.155,18.155,18.155,18.155,2,0
20080623,18.148,18.148,18.148,18.148,1,0
20080624,18.132,18.132,16.75,17.382,113,0
20080625,17.776,17.776,17.776,17.776,13,0
20080626,17.776,17.776,17.776,17.776,1,0
20080627,17.382,17.776,16.591,17.776,368,0
20080630,17.776,17.776,16.117,16.354,2039,0
20080701,16.907,16.907,15.959,16.828,53,0
20080704,16.039,16.354,15.802,16.354,267,0
20080708,15.802,15.802,14.868,15.761,597,0
20080709,15.683,15.683,15.011,15.683,128,0
20080710,15.761,15.761,15.722,15.722,206,0
20080711,16.156,16.156,16.156,16.156,1,0
20080714,16.156,16.156,16.156,16.156,1,0
20080715,14.868,16.584,14.868,16.584,88,0
20080716,16.584,16.584,14.892,15.722,371,0
20080717,15.722,15.722,14.142,15.541,813,0
20080721,15.248,15.248,15.248,15.248,1,0
20080722,15.406,15.406,15.406,15.406,1,0
20080723,15.398,15.398,15.398,15.398,1,0
20080724,15.39,15.39,15.39,15.39,13,0
20080725,15.367,15.367,15.367,15.367,1,0
20080728,15.343,15.343,14.063,14.995,978,0
20080730,14.924,15.248,13.549,15.248,1967,0
20080731,15.326,15.326,15.319,15.319,26,0
20080801,15.326,15.326,15.326,15.326,1,0
20080804,15.326,15.326,15.287,15.287,87,0
20080805,15.153,15.153,13.826,15.004,173,0
20080806,15.004,15.004,14.221,14.995,180,0
20080807,15.153,15.153,15.09,15.09,10,0
20080808,15.083,15.083,15.083,15.083,1,0
20080811,15.145,15.145,15.145,15.145,1,0
20080812,15.13,15.13,15.13,15.13,1,0
20080813,15.122,15.122,15.122,15.122,1,0
20080814,15.13,15.13,15.13,15.13,1,0
20080818,15.114,15.114,15.114,15.114,1,0
20080819,15.122,15.122,15.122,15.122,1,0
20080820,15.114,15.114,15.114,15.114,13,0
20080821,15.098,15.122,15.083,15.122,407,0
20080822,15.074,15.074,15.074,15.074,1,0
20080825,15.074,15.074,15.074,15.074,1,0
20080826,14.308,15.074,14.308,15.074,520,0
20080827,15.074,15.074,15.074,15.074,1,0
20080828,15.074,15.074,15.074,15.074,1,0
20080829,15.074,15.074,15.074,15.074,1,0
20080901,15.011,15.011,15.011,15.011,1,0
20080902,14.995,14.995,14.995,14.995,1,0
20080903,15.004,15.004,15.004,15.004,1,0
20080904,15.004,15.004,15.004,15.004,1,0
20080905,15.004,15.004,15.004,15.004,64,0
20080908,15.004,15.004,15.004,15.004,1,0
20080909,15.004,15.004,15.004,15.004,1,0
20080910,14.932,14.932,14.932,14.932,1,0
20080911,14.917,14.917,14.917,14.917,1,0
20080912,14.917,14.917,14.917,14.917,1,0
20080915,14.892,14.892,14.892,14.892,1,0
20080916,14.885,14.885,12.641,14.055,1130,0
20080917,14.055,14.055,14.055,14.055,1,0
20080918,14.039,14.039,14,14.008,101,0
20080919,14.031,14.031,14.031,14.031,1,0
20080922,13.976,13.976,13.976,13.976,1,0
20080923,13.952,13.952,13.952,13.952,1,0
20080924,12.633,12.641,12.633,12.641,1165,0
20080925,12.641,12.641,12.483,12.633,195,0
20080926,12.633,12.633,12.01,12.633,209,0
20080929,12.633,12.633,11.851,12.633,257,0
20080930,12.633,12.641,12.403,12.641,695,0
20081001,12.633,12.633,12.633,12.633,26,0
20081002,12.01,12.555,11.455,12.403,4756,0
20081003,12.475,12.475,12.475,12.475,1,0
20081006,12.317,12.475,12.317,12.475,1265,0
20081008,12.475,12.475,12.475,12.475,1,0
20081009,12.468,12.468,12.468,12.468,1,0
20081010,12.468,12.468,11.455,12.468,130,0
20081013,12.468,12.468,12.468,12.468,1,0
20081014,12.444,12.444,12.444,12.444,1,0
20081015,12.444,12.444,11.298,12.444,469,0
20081016,12.444,12.444,12.444,12.444,1,0
20081017,12.444,12.444,12.444,12.444,1,0
20081020,12.444,12.444,12.444,12.444,1,0
20081021,12.444,12.444,11.851,12.238,1081,0
20081022,12.238,12.238,12.238,12.238,1,0
20081023,12.238,12.238,12.238,12.238,1,0
20081024,12.088,12.088,12.088,12.088,1,0
20081027,12.088,12.088,12.088,12.088,1,0
20081028,12.088,12.088,12.088,12.088,1,0
20081029,12.088,12.088,12.088,12.088,1,0
20081030,11.455,11.455,10.745,10.745,690,0
20081031,10.903,10.903,10.903,10.903,255,0
20081103,11.298,11.298,11.14,11.14,14,0
20081104,11.298,11.298,11.298,11.298,1,0
20081105,11.258,11.258,11.258,11.258,19,0
20081106,11.298,11.298,11.298,11.298,1,0
20081107,11.101,11.101,11.101,11.101,5,0
20081110,11.219,11.219,11.219,11.219,1,0
20081112,11.061,11.061,11.061,11.061,1,0
20081113,11.061,11.061,11.061,11.061,1,0
20081114,11.061,11.061,11.061,11.061,1,0
20081117,11.061,11.061,10.823,10.903,15,0
20081118,11.053,11.053,10.982,10.982,2,0
20081119,10.982,10.982,10.43,10.982,143,0
20081120,10.903,10.903,10.113,10.887,199,0
20081121,11.061,11.061,11.061,11.061,1,0
20081124,11.061,11.061,11.061,11.061,1,0
20081125,11.061,11.061,11.061,11.061,1,0
20081126,11.061,11.061,10.903,11.061,60,0
20081127,11.061,11.061,11.061,11.061,1,0
20081128,11.061,11.061,11.061,11.061,1,0
20081201,11.061,11.061,11.061,11.061,1,0
20081202,11.061,11.061,10.271,11.061,260,0
20081203,11.061,11.061,11.061,11.061,1,0
20081204,11.061,11.061,11.061,11.061,1,0
20081205,11.061,11.061,10.034,11.061,10628,0
20081208,11.053,11.053,11.053,11.053,34,0
20081209,11.053,11.053,11.053,11.053,1,0
20081210,11.053,11.053,11.053,11.053,1,0
20081211,11.053,11.053,11.053,11.053,1,0
20081212,11.053,11.053,11.053,11.053,1,0
20081215,11.053,11.053,11.053,11.053,1,0
20081216,11.053,11.053,11.053,11.053,1,0
20081217,11.053,11.053,11.053,11.053,1,0
20081218,11.053,11.053,10.903,10.903,14,0
20081219,11.053,11.053,11.053,11.053,1,0
20081222,11.053,11.053,11.053,11.053,1,0
20081223,11.053,11.053,11.053,11.053,2,0
20081229,11.053,11.053,11.053,11.053,1,0
20081230,11.053,11.053,11.053,11.053,1,0
20081231,11.053,11.053,11.053,11.053,1,0
20090105,11.037,11.037,11.037,11.037,13,0
20090106,11.045,11.045,10.982,11.006,193,0
20090107,11.045,11.045,11.045,11.045,1,0
20090108,11.045,11.045,11.045,11.045,1,0
20090109,11.045,11.045,9.4803,10.982,557,0
20090112,10.975,10.975,9.954,10.975,75,0
20090113,10.975,10.975,10.975,10.975,1,0
20090114,10.975,10.975,10.975,10.975,1,0
20090115,10.975,10.975,10.975,10.975,1,0
20090116,10.975,10.975,10.975,10.975,1,0
20090119,10.975,10.975,10.975,10.975,1,0
20090120,10.271,10.903,10.271,10.903,761,0
20090121,10.975,10.975,10.975,10.975,1,0
20090122,10.975,10.975,10.975,10.975,1,0
20090123,10.975,10.975,10.975,10.975,1,0
20090126,10.975,10.975,10.975,10.975,1,0
20090127,10.975,10.975,10.975,10.975,1,0
20090128,11.061,11.061,11.061,11.061,1265,0
20090129,11.061,11.061,11.061,11.061,1,0
20090130,11.061,11.061,11.061,11.061,1,0
20090202,11.061,11.061,11.061,11.061,1,0
20090203,11.061,11.061,11.061,11.061,1,0
20090204,11.061,11.069,9.954,11.069,1232,0
20090205,11.069,11.069,11.069,11.069,1,0
20090206,11.132,11.132,11.132,11.132,1,0
20090209,11.132,11.132,11.132,11.132,1,0
20090210,11.132,11.132,11.132,11.132,1,0
20090211,11.132,11.132,11.132,11.132,1,0
20090212,11.211,11.211,11.211,11.211,1,0
20090213,11.211,11.211,11.211,11.211,1,0
20090216,11.211,11.211,11.211,11.211,1,0
20090217,11.211,11.211,9.875,9.875,1186,0
20090218,9.56,9.56,9.4803,9.4803,506,0
20090219,9.2508,9.2508,9.164,9.164,205,0
20090220,9.788,9.788,9.788,9.788,1,0
20090223,10.263,10.263,10.263,10.263,1,0
20090224,9.797,9.797,9.2433,9.2433,287,0
20090225,9.4803,9.875,9.4803,9.875,50,0
20090302,10.113,10.658,10.113,10.658,379,0
20090303,10.658,10.658,10.618,10.618,2,0
20090304,10.618,10.618,10.618,10.618,1,0
20090305,10.895,10.895,10.895,10.895,1,0
20090306,10.895,10.895,10.895,10.895,1,0
20090309,10.895,10.895,10.895,10.895,1,0
20090310,10.895,10.895,10.895,10.895,28,0
20090311,10.903,10.903,10.271,10.271,139,0
20090312,10.271,10.271,10.271,10.271,2,0
20090316,10.666,10.666,10.666,10.666,13,0
20090317,10.666,10.666,9.875,9.875,126,0
20090318,9.875,9.875,9.402,9.402,70,0
20090320,9.402,9.402,9.164,9.164,126,0
20090323,9.4803,9.954,9.4803,9.954,139,0
20090324,10.271,10.43,10.271,10.43,26,0
20090326,10.745,11.14,10.745,10.982,516,0
20090330,10.982,10.982,10.982,10.982,1,0
20090401,11.021,11.021,10.271,10.271,28,0
20090402,11.021,11.021,11.021,11.021,26,0
20090403,11.021,11.021,9.954,10.271,2025,0
20090406,10.271,10.745,10.271,10.271,155,0
20090407,10.982,10.982,10.982,10.982,1,0
20090408,10.982,10.982,10.271,10.823,1420,0
20090409,10.823,10.855,10.271,10.855,503,0
20090414,9.773,10.508,9.773,10.271,1979,0
20090415,10.508,10.586,10.508,10.586,394,0
20090416,10.823,10.823,10.823,10.823,1,0
20090417,10.823,10.823,10.823,10.823,39,0
20090420,10.666,10.666,10.192,10.469,88,0
20090421,10.46,10.46,10.46,10.46,2,0
20090422,10.823,10.823,10.823,10.823,1,0
20090423,10.823,10.823,10.823,10.823,1,0
20090424,10.816,10.816,9.875,10.745,665,0
20090427,10.823,10.966,10.271,10.966,11659,0
20090428,10.958,10.958,10.958,10.958,41,0
20090429,10.982,11.14,10.958,11.061,300,0
20090430,11.061,11.061,10.823,10.823,70,0
20090504,11.203,11.203,10.745,10.745,416,0
20090505,11.211,11.211,10.271,10.895,133,0
20090506,11.211,11.211,10.192,10.43,355,0
20090507,10.421,10.705,10.318,10.705,65,0
20090508,10.666,10.666,10.666,10.666,1,0
20090511,10.823,10.823,10.271,10.823,163,0
20090512,10.666,10.666,10.113,10.278,1356,0
20090513,10.31,10.658,10.278,10.658,855,0
20090514,10.658,10.658,10.658,10.658,1,0
20090515,10.658,10.658,10.658,10.658,1,0
20090518,10.65,10.65,10.2,10.287,958,0
20090519,10.287,10.287,9.954,10.271,180,0
20090520,10.232,10.232,10.192,10.232,81,0
20090521,10.287,10.287,10.287,10.287,1,0
20090522,10.271,10.271,10.271,10.271,1,0
20090525,10.271,10.271,10.271,10.271,1,0
20090526,10.271,10.271,10.271,10.271,1,0
20090527,10.271,10.271,10.271,10.271,761,0
20090528,10.271,10.31,10.271,10.31,90,0
20090529,10.271,10.271,10.271,10.271,1,0
20090601,10.642,10.642,10.642,10.642,1,0
20090602,10.642,10.642,10.586,10.586,255,0
20090603,10.586,10.586,10.586,10.586,1,0
20090604,11.338,11.338,10.586,10.903,1055,0
20090605,10.586,10.586,10.271,10.271,333,0
20090608,10.389,10.389,9.4803,10.192,2923,0
20090609,10.271,10.271,9.505,9.56,2021,0
20090610,9.6,9.639,9.3226,9.3226,3996,0
20090612,9.639,9.875,9.3226,9.4803,671,0
20090615,9.6,9.639,9.4803,9.4803,589,0
20090616,9.552,9.552,9.0856,9.52,1356,0
20090617,9.622,9.622,8.6907,9.0454,2970,0
20090618,9.4654,9.4654,8.643,8.643,1367,0
20090619,8.8483,8.912,8.4777,8.5008,1346,0
20090622,8.7614,9.457,8.5323,9.164,23441,0
20090623,9.164,9.164,8.6983,9.0072,9944,0
20090624,9.4412,9.4412,8.8886,8.9194,6350,0
20090625,8.8961,8.8961,8.6907,8.8091,709,0
20090626,8.9278,9.639,8.6907,8.8483,3359,0
20090629,8.8483,8.8483,8.4539,8.6907,513,0
20090630,8.5323,9.3226,8.5323,9.3226,1323,0
20090701,9.2834,9.2834,9.2433,9.2433,14,0
20090702,9.3226,9.639,9.3226,9.639,2002,0
20090703,9.733,9.733,9.678,9.678,678,0
20090706,9.884,9.884,9.678,9.678,634,0
20090707,9.733,9.733,9.733,9.733,1,0
20090708,9.718,9.718,9.718,9.718,2,0
20090709,9.718,9.718,9.718,9.718,1,0
20090710,9.678,9.678,9.678,9.678,2,0
20090713,9.86,9.86,8.6907,9.0072,3010,0
20090714,9.0697,9.0697,8.6115,8.6353,1586,0
20090715,8.683,8.683,8.027,8.2954,3506,0
20090716,8.3193,8.3355,8.2878,8.3355,4401,0
20090717,8.3355,8.3747,8.0427,8.3747,2283,0
20090720,8.6907,8.8886,8.4539,8.4616,16217,0
20090721,8.6515,9.023,8.4616,8.5323,6347,0
20090722,8.7614,8.7614,8.2324,8.4539,5356,0
20090723,8.683,8.683,8.3431,8.5323,15167,0
20090724,8.683,8.9036,8.3747,8.6907,7557,0
20090727,8.8802,8.8802,8.2878,8.2954,6944,0
20090728,8.4539,8.4539,8.1379,8.1379,5244,0
20090729,8.2954,8.2954,7.7426,7.782,5139,0
20090730,8.0586,8.0586,7.8215,7.9006,4182,0
20090731,8.5723,8.6115,7.9795,8.1379,16391,0
20090803,8.4855,8.6038,8.2562,8.3747,16346,0
20090804,8.3747,8.3747,8.2009,8.2954,6840,0
20090805,8.2954,8.2954,8.2954,8.2954,732,0
20090806,8.2954,8.2954,8.2954,8.2954,468,0
20090807,8.2954,8.2954,8.1771,8.1848,758,0
20090810,8.2954,8.2954,8.2954,8.2954,945,0
20090811,8.3355,8.43,8.3355,8.43,525,0
20090812,8.4139,8.4139,8.2562,8.3509,634,0
20090813,8.4139,8.4377,8.4139,8.4377,668,0
20090814,8.4539,8.5877,8.4539,8.5323,1771,0
20090817,8.5323,8.5323,8.0586,8.367,2356,0
20090818,8.2878,8.2954,8.2878,8.2954,695,0
20090819,8.4539,8.4539,8.3747,8.4139,485,0
20090820,8.4139,8.4139,8.0191,8.1379,2716,0
20090821,8.2878,8.2878,8.0191,8.2163,2194,0
20090824,8.2163,8.4139,8.0586,8.4062,5492,0
20090825,8.4062,8.4062,8.0743,8.1379,4539,0
20090826,8.3509,8.3509,8.1379,8.1379,1639,0
20090827,8.0191,8.39,8.0191,8.2248,2734,0
20090828,8.3747,8.4454,8.264,8.4454,7249,0
20090831,8.3747,9.275,8.3747,9.0146,13939,0
20090901,8.6983,8.6983,8.1771,8.2954,6474,0
20090902,8.3355,8.6038,8.2163,8.2163,11351,0
20090903,8.4855,8.4855,8.1379,8.2163,1997,0
20090904,8.367,8.4855,8.367,8.3747,8961,0
20090907,8.4931,8.4931,8.2163,8.2163,960,0
20090908,8.2163,8.2324,8.0664,8.0664,995,0
20090909,8.0586,8.2163,8.0586,8.2163,641,0
20090911,7.9163,8.0586,7.9084,8.0586,773,0
20090914,7.9163,8.0586,7.9163,8.0586,13113,0
20090915,8.0586,8.0586,8.0586,8.0586,130,0
20090916,8.0506,8.0506,8.0506,8.0506,2,0
20090917,7.9243,8.0191,7.2685,7.5055,3461,0
20090918,7.9006,8.0586,7.7426,8.0586,2280,0
20090921,8.0586,8.1379,7.5451,7.9006,449,0
20090922,8.0586,8.0586,8.0586,8.0586,5,0
20090923,8.0586,8.0586,7.9795,7.9795,133,0
20090924,7.9795,8.0586,7.9795,8.0586,1448,0
20090925,8.0586,8.0586,8.0586,8.0586,246,0
20090928,8.0586,8.0586,7.8215,7.8215,1712,0
20090929,7.79,7.9322,7.6003,7.9322,11335,0
20090930,7.9322,7.9322,7.5055,7.9006,5752,0
20091001,7.5292,7.5845,7.5213,7.5845,272,0
20091002,7.7426,7.7426,7.7426,7.7426,5,0
20091005,7.7346,7.7346,7.7346,7.7346,2,0
20091006,7.624,7.624,7.5845,7.5845,498,0
20091007,7.7267,7.7267,7.5924,7.624,36078,0
20091008,7.7189,8.0032,7.7189,7.8847,978,0
20091009,7.8847,7.8847,7.6003,7.6003,941,0
20091012,7.624,7.6399,7.624,7.6399,161,0
20091013,7.6794,7.6794,7.6794,7.6794,175,0
20091014,7.782,7.782,7.7742,7.782,108,0
20091015,7.8215,7.8611,7.8215,7.8215,1165,0
20091016,7.8611,7.8611,7.8611,7.8611,5,0
20091019,7.8847,7.9163,7.782,7.782,1015,0
20091020,7.0315,7.4186,7.0315,7.2606,4980,0
20091021,7.2923,7.3317,7.2923,7.3317,197,0
20091022,7.3554,7.4581,7.3475,7.3475,1088,0
20091023,7.316,8.0823,7.316,8.0664,2182,0
20091026,7.6635,7.6635,7.308,7.4976,2734,0
20091027,7.4976,7.4976,7.4265,7.4976,346,0
20091028,7.4976,7.4976,7.3475,7.4897,663,0
20091029,7.4819,7.4819,7.4819,7.4819,2,0
20091030,7.4265,7.4265,7.0393,7.1895,1088,0
20091102,7.4186,7.4186,7.1895,7.1895,687,0
20091103,7.4186,7.5371,7.4186,7.5371,1449,0
20091104,7.7426,7.7426,7.6556,7.6635,706,0
20091105,7.6635,7.6635,7.0393,7.5845,1557,0
20091106,7.6635,7.6635,7.2685,7.2685,913,0
20091109,7.4897,7.6635,7.4265,7.4265,2155,0
20091110,7.6556,7.6556,6.9524,7.5845,3310,0
20091112,7.6635,7.6635,7.6635,7.6635,5,0
20091113,7.6635,7.94,7.6635,7.94,4046,0
20091116,7.9795,8.1771,7.6794,7.6794,1239,0
20091117,7.7426,7.7426,7.5055,7.7426,48,0
20091118,7.8847,7.8847,7.5924,7.5924,10,0
20091119,7.5055,7.8847,7.1104,7.8847,2930,0
20091120,7.8847,7.8847,7.1974,7.2053,3015,0
20091123,7.5845,7.5845,7.1104,7.1104,3447,0
20091124,7.1104,7.1104,7.1104,7.1104,1892,0
20091125,7.2685,7.2685,7.1104,7.2685,2330,0
20091126,7.2685,7.2685,7.1104,7.1104,635,0
20091127,7.1895,7.1895,7.1895,7.1895,63,0
20091130,7.1737,7.2685,7.1104,7.1104,1964,0
20091201,7.1104,7.4265,7.1104,7.4265,95,0
20091202,7.4819,7.4819,7.4819,7.4819,2,0
20091203,7.5371,7.5371,7.5371,7.5371,5,0
20091204,7.466,7.466,6.9524,6.9524,5570,0
20091207,7.15,7.15,6.9604,6.9604,6969,0
20091208,6.9604,7.2606,6.8893,7.1104,8636,0
20091209,7.1104,7.2685,7.1026,7.2606,936,0
20091210,7.1184,7.2291,6.913,7.1104,647,0
20091211,6.9209,7.3475,6.9209,7.3475,1277,0
20091214,7.3475,7.3475,7.1104,7.3239,304,0
20091215,7.308,7.308,7.1104,7.3001,4174,0
20091216,7.308,7.308,7.308,7.308,13,0
20091217,7.3239,7.3239,6.913,7.1104,531,0
20091218,7.1104,7.1104,6.913,6.913,649,0
20091221,6.913,6.9604,6.913,6.9604,1481,0
20091222,6.913,6.913,6.5575,6.7313,18954,0
20091223,6.8972,6.9524,6.5575,6.7865,12855,0
20091228,6.7944,6.7944,6.7313,6.7313,1708,0
20091229,6.7155,6.9445,6.7155,6.9445,582,0
20091230,6.9524,6.9524,6.9445,6.9524,639,0
20091231,6.9445,6.9445,6.9445,6.9445,823,0
20100104,7.0157,7.0157,6.8024,6.834,1681,0
20100105,6.8735,6.8735,6.8103,6.834,6923,0
20100106,6.7155,6.8656,6.7155,6.8656,750,0
20100107,6.8656,6.8656,6.7155,6.8656,4965,0
20100108,6.7233,6.7944,6.7233,6.7944,2645,0
20100111,6.8656,7.1895,6.8577,7.1659,11922,0
20100112,7.158,7.4423,6.597,7.1104,8610,0
20100113,7.1104,7.1104,7.1026,7.1104,7499,0
20100114,7.2291,7.2291,7.2291,7.2291,126,0
20100115,7.2211,7.2211,7.2211,7.2211,139,0
20100118,6.9604,7.2211,6.9604,7.2211,4703,0
20100119,7.2606,8.2954,7.2606,8.2954,15393,0
20100120,8.2163,8.2486,7.5529,7.9006,6104,0
20100121,7.9006,8.0112,7.9006,7.9006,1658,0
20100122,7.9006,8.1064,7.9006,7.9006,9128,0
20100125,7.9006,9.3226,7.9006,8.6907,19668,0
20100126,8.6907,8.912,8.5323,8.6907,8639,0
20100127,8.8802,9.0772,8.327,8.6907,5891,0
20100128,8.9278,9.0856,8.9278,9.038,3178,0
20100129,9.0856,10.263,9.0072,10.025,21882,0
20100201,10.184,11.377,10.034,10.942,21171,0
20100202,10.666,10.927,10.232,10.57,12723,0
20100203,10.499,10.499,10.09,10.271,4071,0
20100204,10.271,10.271,10.034,10.113,3555,0
20100205,9.678,10.034,9.678,10.034,6280,0
20100208,9.646,9.947,9.646,9.947,1375,0
20100209,9.994,9.994,9.797,9.797,459,0
20100210,10.018,10.018,9.639,9.875,3046,0
20100211,9.939,10.586,9.939,10.43,7664,0
20100212,10.43,10.666,10.152,10.586,2957,0
20100215,9.954,10.46,9.954,10.121,797,0
20100216,10.113,10.113,10.113,10.113,816,0
20100217,10.43,10.43,10.113,10.389,1155,0
20100218,10.271,10.271,10.113,10.192,2207,0
20100219,9.875,10.586,9.875,10.586,3019,0
20100222,10.586,10.586,10.271,10.586,2501,0
20100223,10.586,10.586,10.586,10.586,5,0
20100224,10.508,10.642,10.508,10.642,3158,0
20100225,10.658,11.021,10.658,10.982,987,0
20100226,10.982,11.021,10.586,10.982,237,0
20100301,10.823,11.377,10.823,11.267,2634,0
20100302,11.258,11.93,11.076,11.89,2591,0
20100303,11.89,12.246,11.89,12.246,3885,0
20100304,12.246,12.246,11.851,12.246,1608,0
20100305,12.562,13.035,12.483,13.035,6916,0
20100308,13.518,14.379,13.518,14.142,6025,0
20100309,14.608,14.608,14.221,14.3,2242,0
20100310,13.518,14.063,13.518,14.063,4047,0
20100311,14.063,14.221,13.746,14.024,2985,0
20100312,14.024,14.024,13.122,13.273,1769,0
20100315,12.76,12.799,11.945,12.799,7626,0
20100316,12.285,13.115,12.175,13.115,2765,0
20100317,13.565,13.787,12.246,13.273,3522,0
20100318,13.976,13.976,13.075,13.818,2605,0
20100319,13.194,13.431,12.799,13.273,2771,0
20100322,13.233,13.233,12.325,12.617,4283,0
20100323,12.641,13.155,12.641,13.1,1399,0
20100324,13.035,13.265,13.035,13.265,2216,0
20100325,13.281,13.826,13.281,13.826,3412,0
20100326,13.826,14.3,13.431,14.3,2240,0
20100329,14.221,14.221,14.135,14.135,968,0
20100330,14.197,14.197,14.126,14.126,1219,0
20100331,14.063,14.205,13.826,14.024,2747,0
20100401,13.59,14.024,13.59,13.983,1374,0
20100406,13.668,14.221,13.668,13.842,1251,0
20100407,13.842,13.842,13.842,13.842,204,0
20100408,13.842,13.842,13.431,13.81,1624,0
20100409,13.438,13.707,13.431,13.668,1223,0
20100412,13.668,13.746,13.431,13.746,2189,0
20100413,13.51,14.142,13.431,14.142,5092,0
20100414,14.197,14.221,13.842,14.181,1265,0
20100415,13.842,14.024,13.431,14.024,6371,0
20100416,14.142,14.142,13.431,14.142,5853,0
20100419,13.431,13.905,13.431,13.905,1137,0
20100420,13.471,13.826,13.431,13.826,4316,0
20100421,13.431,13.787,13.431,13.787,1583,0
20100422,13.115,13.746,13.035,13.746,1850,0
20100423,14.142,14.142,14.142,14.142,1419,0
20100426,12.909,14.024,12.909,14.024,1440,0
20100427,13.471,13.983,13.471,13.983,193,0
20100428,13.826,13.857,13.431,13.857,1337,0
20100429,13.865,13.905,13.431,13.865,729,0
20100430,13.865,13.865,13.36,13.826,1386,0
20100504,13.787,13.787,13.06,13.51,1264,0
20100505,13.052,13.194,13.052,13.052,863,0
20100506,12.72,12.72,12.641,12.641,2671,0
20100507,12.246,12.641,11.858,12.641,1251,0
20100510,12.72,12.72,12.72,12.72,493,0
20100511,12.728,13.035,12.728,13.035,72,0
20100512,13.035,13.035,12.641,12.878,616,0
20100513,12.878,12.878,12.799,12.799,59,0
20100514,13.035,13.035,12.483,12.483,101,0
20100517,12.246,12.483,12.246,12.483,15,0
20100518,12.641,12.641,12.483,12.483,470,0
20100519,12.641,12.641,12.246,12.246,123,0
20100520,12.246,12.246,11.377,11.843,3051,0
20100521,11.685,11.685,11.495,11.495,539,0
20100524,11.495,11.495,11.021,11.455,272,0
20100525,11.258,11.258,10.508,11.037,1210,0
20100526,11.037,11.037,11.037,11.037,19,0
20100527,11.037,11.772,11.037,11.772,461,0
20100528,11.93,11.969,11.535,11.969,481,0
20100531,11.416,11.772,11.368,11.368,3537,0
20100601,11.258,11.258,11.061,11.219,297,0
20100602,11.219,11.219,11.219,11.219,13,0
20100604,11.219,11.219,11.219,11.219,5,0
20100607,11.14,11.14,10.666,11.061,3373,0
20100608,11.101,11.101,11.101,11.101,13,0
20100609,11.061,11.061,10.586,11.037,1832,0
20100610,11.061,11.101,11.045,11.101,1370,0
20100611,11.14,11.455,11.14,11.455,703,0
20100614,11.472,11.472,11.455,11.455,275,0
20100615,11.465,11.472,11.455,11.472,1816,0
20100616,11.448,11.455,11.298,11.298,3177,0
20100617,11.219,11.455,11.219,11.455,267,0
20100618,11.455,11.843,11.455,11.843,5817,0
20100621,12.088,12.246,11.93,12.166,1033,0
20100622,12.483,13.493,12.483,13.431,4746,0
20100623,13.352,13.668,12.893,13.493,2174,0
20100624,13.629,13.629,13.493,13.493,614,0
20100625,13.493,13.493,12.641,12.72,1137,0
20100628,12.403,12.403,11.535,12.119,1424,0
20100629,11.455,11.455,11.227,11.44,1501,0
20100630,11.439,11.439,10.979,11.38,461,0
20100701,11.44,11.44,11.377,11.377,270,0
20100702,11.377,11.44,11.377,11.44,10,0
20100705,11.432,11.432,11.377,11.377,87,0
20100706,11.219,11.424,10.919,11.424,3139,0
20100707,11.432,11.432,11.424,11.424,63,0
20100708,11.432,11.432,11.424,11.424,543,0
20100709,11.432,11.432,11.432,11.432,13,0
20100712,11.432,11.432,11.432,11.432,5,0
20100713,11.432,11.432,11.424,11.424,133,0
20100714,11.432,11.432,11.061,11.424,842,0
20100715,11.432,11.432,11.432,11.432,5,0
20100716,11.44,11.44,10.982,11.432,113,0
20100719,11.432,11.432,11.432,11.432,5,0
20100720,11.416,11.424,10.942,11.424,1697,0
20100721,11.424,11.424,11.061,11.424,392,0
20100722,11.424,11.424,11.424,11.424,5,0
20100723,11.409,11.409,10.903,10.934,708,0
20100726,10.745,11.377,10.666,11.377,222,0
20100727,11.235,11.235,11.235,11.235,191,0
20100728,11.393,11.393,11.061,11.061,282,0
20100729,11.409,11.409,10.903,11.18,719,0
20100730,11.258,11.258,11.101,11.101,33,0
20100802,11.061,11.061,10.666,11.006,1056,0
20100803,11.053,11.053,10.358,10.895,528,0
20100804,10.942,10.942,10.895,10.895,616,0
20100805,10.666,11.021,10.666,10.975,672,0
20100806,10.997,10.997,10.997,10.997,164,0
20100809,10.508,10.997,10.508,10.989,1397,0
20100810,10.982,10.982,10.975,10.975,287,0
20100811,10.982,10.982,10.271,10.903,918,0
20100812,10.982,10.982,10.903,10.903,639,0
20100813,10.982,10.982,10.745,10.919,474,0
20100816,10.784,10.927,10.784,10.927,539,0
20100817,10.927,10.927,10.681,10.919,1605,0
20100818,10.927,10.927,10.508,10.823,38,0
20100819,10.927,10.927,10.823,10.903,539,0
20100820,10.903,10.903,10.903,10.903,5,0
20100823,10.903,10.903,10.903,10.903,1137,0
20100824,10.895,10.895,10.895,10.895,130,0
20100825,10.895,10.895,10.761,10.761,246,0
20100826,10.666,10.887,10.666,10.887,1525,0
20100827,10.823,11.021,10.823,11.021,2269,0
20100830,10.903,11.021,10.903,11.021,932,0
20100831,11.065,11.065,11.056,11.065,133,0
20100901,10.508,11.061,10.508,11.053,134,0
20100902,11.061,11.061,10.666,11.037,2205,0
20100903,11.258,11.258,11.258,11.258,5,0
20100906,11.061,11.061,11.061,11.061,150,0
20100907,10.625,10.982,10.618,10.982,183,0
20100908,10.997,10.997,10.982,10.982,133,0
20100909,10.586,10.975,10.586,10.903,1170,0
20100910,10.903,10.903,10.887,10.895,1161,0
20100913,10.942,10.997,10.942,10.982,2664,0
20100914,11.061,11.851,11.061,11.495,4685,0
20100915,11.511,11.52,11.298,11.298,2446,0
20100916,11.298,13.629,11.298,12.348,8419,0
20100917,12.348,12.948,12.348,12.941,1808,0
20100920,13.013,13.013,12.246,12.918,2701,0
20100921,12.98,12.98,11.858,12.246,3975,0
20100922,12.546,12.546,12.01,12.396,4218,0
20100923,12.475,12.483,12.403,12.403,2977,0
20100924,12.475,12.475,11.851,12.317,2262,0
20100927,12.317,12.317,11.883,12.238,315,0
20100928,12.317,12.317,12.08,12.08,272,0
20100929,11.851,12.206,11.472,12.01,1189,0
20100930,11.851,11.851,11.732,11.851,602,0
20101001,12.159,12.159,12.159,12.159,3,0
20101004,12.001,12.01,12.001,12.01,1366,0
20101005,12.104,12.104,12.024,12.024,86,0
20101006,12.08,12.08,12.001,12.01,21,0
20101007,12.01,12.01,11.772,11.923,1140,0
20101008,11.938,11.938,11.772,11.938,192,0
20101011,11.938,11.938,11.701,11.923,444,0
20101012,11.945,11.945,11.377,11.772,896,0
20101013,11.732,11.945,11.732,11.93,2038,0
20101014,11.93,11.93,11.93,11.93,2,0
20101015,11.93,11.93,11.93,11.93,47,0
20101018,12.01,12.444,12.01,12.246,2915,0
20101019,12.285,12.285,12.088,12.088,529,0
20101020,12.246,12.246,11.89,12.198,405,0
20101021,12.198,12.198,12.198,12.198,196,0
20101022,12.198,12.198,12.198,12.198,13,0
20101025,12.215,12.215,12.088,12.183,672,0
20101026,12.183,12.183,11.89,12.166,576,0
20101027,12.166,12.166,12.166,12.166,2,0
20101028,12.088,12.088,11.653,11.772,1152,0
20101029,11.772,11.848,11.772,11.848,436,0
20101102,11.827,11.827,11.455,11.772,2838,0
20101103,11.732,11.732,11.18,11.18,8836,0
20101104,11.377,11.377,10.982,11.045,9653,0
20101105,11.148,11.148,10.745,11.045,1491,0
20101108,11.148,11.148,10.666,10.903,8343,0
20101109,10.887,10.975,10.784,10.975,1244,0
20101110,10.975,10.975,10.745,10.934,855,0
20101112,10.681,10.903,10.681,10.903,913,0
20101115,12.594,12.594,11.93,12.364,8277,0
20101116,12.594,12.594,11.772,12.088,9175,0
20101117,12.01,12.246,11.772,12.246,22623,0
20101118,11.954,12.246,11.954,12.23,10362,0
20101119,12.238,12.538,12.166,12.42,17578,0
20101122,12.538,12.878,12.538,12.878,5117,0
20101123,12.957,13.273,12.957,13.155,4369,0
20101124,13.249,13.668,13.249,13.581,6856,0
20101125,13.636,13.66,13.51,13.51,8121,0
20101126,13.463,13.463,12.562,12.878,5856,0
20101129,13.115,13.194,13.035,13.194,2194,0
20101130,13.194,13.356,13.032,13.356,2402,0
20101201,13.629,14.063,13.352,14.063,5626,0
20101202,13.59,14.063,13.59,13.983,3818,0
20101203,14.221,14.221,14.024,14.221,8767,0
20101206,14.3,14.585,14.221,14.221,3132,0
20101207,14.695,14.774,14.459,14.774,34822,0
20101208,15.24,16.473,15.24,16.473,30921,0
20101209,16.591,18.171,16.591,16.978,42105,0
20101210,16.441,16.986,16.196,16.196,8866,0
20101213,16.205,16.205,15.722,16.109,15380,0
20101214,16.591,16.591,16.117,16.22,12658,0
20101215,15.959,16.591,15.959,16.173,1752,0
20101216,16.205,16.205,16.039,16.039,871,0
20101217,16.156,16.156,15.881,15.999,5240,0
20101220,16.078,16.196,16.039,16.196,648,0
20101221,16.196,16.67,16.156,16.67,5913,0
20101222,16.67,17.184,16.441,16.828,1893,0
20101223,16.986,17.302,16.837,17.208,2530,0
20101227,16.844,17.697,16.844,17.681,10243,0
20101228,17.768,17.855,17.619,17.697,845,0
20101229,17.7,17.776,17.384,17.538,1537,0
20101230,17.776,17.776,17.299,17.734,2697,0
20101231,17.776,17.776,17.342,17.768,2262,0
20110103,17.768,17.816,17.302,17.61,3071,0
20110104,17.57,18.33,17.508,18.33,8725,0
20110105,18.566,18.962,17.697,17.697,2554,0
20110107,17.697,17.697,17.302,17.382,20447,0
20110110,17.382,17.382,17.239,17.374,3254,0
20110111,17.302,17.697,17.302,17.697,888,0
20110112,18.369,18.566,17.736,18.527,2560,0
20110113,18.566,19.735,18.171,19.593,2647,0
20110114,19.593,20.478,19.593,20.186,7572,0
20110117,20.486,21.094,20.383,21.094,4602,0
20110118,21.332,21.885,21.332,21.885,13475,0
20110119,22.201,22.359,22.114,22.271,17730,0
20110120,22.256,22.256,20.936,21.687,4976,0
20110121,21.726,22.083,21.332,22.083,3918,0
20110124,22.083,22.083,21.497,21.805,1440,0
20110125,22.074,22.074,21.734,21.956,3793,0
20110126,21.956,21.956,21.451,21.885,1081,0
20110127,21.885,21.885,21.49,21.726,1788,0
20110128,21.726,21.726,21.094,21.213,2732,0
20110131,21.209,21.209,20.306,20.306,7836,0
20110201,20.296,20.936,19.988,20.936,2265,0
20110202,20.936,22.122,20.936,21.726,5357,0
20110203,21.798,21.805,21.355,21.789,3421,0
20110204,21.805,22.28,21.726,22.083,8916,0
20110207,22.517,23.385,22.517,23.141,3653,0
20110208,23.219,23.219,22.517,22.912,5103,0
20110209,22.288,22.793,22.28,22.714,1030,0
20110210,22.714,22.714,22.122,22.122,3506,0
20110211,22.122,22.754,22.114,22.517,2249,0
20110214,22.28,22.517,22.201,22.517,437,0
20110215,22.517,22.517,21.964,22.414,1702,0
20110216,22.406,22.406,21.964,22.122,1134,0
20110217,22.122,22.28,21.766,22.28,2232,0
20110218,22.398,22.398,21.83,22.271,392,0
20110221,22.24,22.24,21.726,22.042,1607,0
20110222,21.726,22.28,21.726,22.28,5461,0
20110223,21.774,22.833,21.774,22.517,3912,0
20110224,21.971,22.517,21.971,22.517,293,0
20110225,22.517,22.517,22.042,22.476,1694,0
20110228,22.478,23.705,22.478,22.905,4910,0
20110301,22.991,23.504,22.951,23.07,28013,0
20110302,22.92,22.92,22.517,22.517,16171,0
20110303,22.517,22.517,21.726,22.28,2523,0
20110304,22.264,22.264,21.924,22.122,1138,0
20110307,22.122,22.596,21.529,22.122,44538,0
20110308,22.35,22.35,21.648,21.648,17203,0
20110309,21.419,21.964,21.419,21.664,15665,0
20110310,21.648,21.648,21.253,21.49,13267,0
20110311,21.482,21.482,20.542,20.936,6983,0
20110314,20.691,21.253,20.691,20.857,4213,0
20110315,20.542,20.77,20.146,20.699,3229,0
20110316,20.542,20.542,18.969,20.146,6315,0
20110317,20.144,20.928,20.119,20.928,7744,0
20110318,20.921,21.726,20.779,21.34,8825,0
20110321,21.734,22.359,21.734,22.359,2992,0
20110322,22.359,22.509,22.201,22.509,734,0
20110323,22.517,22.517,22.28,22.295,1422,0
20110324,22.517,22.517,22.359,22.359,16105,0
20110325,22.367,22.446,22.359,22.375,2313,0
20110328,22.138,22.201,21.83,21.845,4347,0
20110329,21.885,22.32,21.885,22.295,1824,0
20110330,22.517,22.517,22.28,22.28,386,0
20110331,22.291,22.436,22.197,22.282,2587,0
20110401,22.437,22.573,22.201,22.398,3187,0
20110404,22.517,22.517,22.201,22.359,8320,0
20110405,22.359,22.359,22.121,22.282,5563,0
20110406,22.28,22.359,20.699,22.114,76554,0
20110407,22.104,22.112,22.001,22.112,2782,0
20110408,22.177,22.28,20.218,21.34,478711,0
20110411,21.34,22.042,21.34,21.845,4773,0
20110412,21.968,22.164,21.729,22.027,7798,0
20110413,22.24,22.32,22.122,22.264,8907,0
20110414,22.493,22.493,21.758,22.248,12462,0
20110415,21.426,21.726,21.174,21.253,10674,0
20110418,21.49,21.49,21.253,21.315,4767,0
20110419,21.094,21.332,20.699,21.332,12136,0
20110420,21.332,21.332,20.628,20.928,13361,0
20110421,20.936,20.936,20.928,20.936,2263,0
20110426,20.936,20.936,20.775,20.936,8167,0
20110427,20.936,20.936,20.866,20.936,13516,0
20110428,20.906,20.936,20.857,20.936,7958,0
20110429,20.936,20.936,20.92,20.936,9658,0
20110502,21.126,21.332,21.126,21.332,6722,0
20110504,21.729,21.729,21.149,21.149,7067,0
20110505,21.149,21.328,21.099,21.099,8536,0
20110506,21.328,21.328,21.175,21.312,5750,0
20110509,21.328,21.413,21.209,21.252,16597,0
20110510,21.295,21.925,21.192,21.754,6443,0
20110511,21.805,22.036,21.78,21.857,5138,0
20110512,21.882,22.027,21.175,21.805,16990,0
20110513,22.317,22.317,21.295,22.265,9411,0
20110516,22.317,22.317,21.848,22.232,12021,0
20110517,22.223,22.232,20.528,21.295,10840,0
20110518,21.312,21.712,21.209,21.704,2587,0
20110519,21.704,21.704,20.868,20.868,4772,0
20110520,20.656,21.295,20.656,21.209,993,0
20110523,21.295,21.295,20.698,20.783,1418,0
20110524,20.707,20.868,20.656,20.868,4372,0
20110525,20.826,20.826,18.782,20.144,4620,0
20110526,20.144,20.783,19.591,20.775,4764,0
20110527,20.451,21.201,20.451,21.201,1157,0
20110530,21.124,21.201,20.868,21.107,2846,0
20110531,21.099,21.099,20.443,20.486,3571,0
20110601,20.486,20.868,20.443,20.528,1751,0
20110602,20.29,20.408,20.026,20.026,4538,0
20110603,20.179,20.528,20.034,20.187,4692,0
20110606,20.528,20.528,20.187,20.187,895,0
20110607,20.272,20.571,20.187,20.187,1153,0
20110608,20.272,20.426,20.042,20.426,1440,0
20110609,20.127,20.903,20.127,20.852,7388,0
20110610,20.868,20.868,20.46,20.528,1869,0
20110613,20.596,21.627,20.272,20.281,3443,0
20110614,20.272,20.656,20.187,20.656,775,0
20110615,20.358,20.963,20.358,20.656,3817,0
20110616,20.954,21.295,20.29,20.656,3811,0
20110617,20.868,20.868,20.272,20.775,1865,0
20110620,21.039,21.039,20.247,20.571,2910,0
20110621,20.272,20.571,20.195,20.222,1631,0
20110622,20.272,20.272,20.111,20.23,384,0
20110624,20.852,20.852,20.23,20.511,834,0
20110627,20.69,20.69,20.017,20.102,1931,0
20110628,20.358,20.358,20.017,20.017,16371,0
20110629,20.017,20.017,19.846,20.008,1178,0
20110630,20.017,20.102,19.846,20.102,934,0
20110701,20.102,20.4,19.846,20.315,1265,0
20110704,20.391,20.391,19.94,20.366,942,0
20110705,20.383,20.383,20.375,20.375,1213,0
20110706,20.383,20.383,19.803,20.017,3143,0
20110707,20.222,20.222,19.889,20.187,1260,0
20110708,20.358,20.358,19.846,19.931,1534,0
20110711,20.358,20.358,19.931,20.264,348,0
20110712,20.349,20.349,19.693,19.803,4157,0
20110713,20.187,20.187,19.523,19.677,954,0
20110714,20.094,20.094,19.506,19.506,400,0
20110715,19.344,19.582,19.344,19.582,3211,0
20110718,19.421,19.421,18.824,19.242,2168,0
20110719,19.242,19.242,17.887,18.654,8712,0
20110720,18.654,18.654,18.057,18.313,357,0
20110721,18.313,18.628,17.887,18.321,11407,0
20110722,18.654,18.654,17.887,18.612,3559,0
20110725,18.654,18.654,17.972,18.313,4234,0
20110726,18.271,18.612,18.228,18.228,426,0
20110727,18.228,18.228,17.981,18.228,4044,0
20110728,18.228,18.569,17.291,18.569,7076,0
20110729,18.569,18.569,18.117,18.526,1286,0
20110801,18.517,18.74,18.313,18.74,2853,0
20110802,18.74,18.74,17.887,17.887,763,0
20110803,18.313,18.313,17.035,17.035,4240,0
20110804,16.448,17.035,16.354,16.525,8472,0
20110805,14.097,16.184,14.097,16.184,24071,0
20110808,14.915,15.502,14.906,15.324,8458,0
20110809,14.906,14.906,14.821,14.906,10899,0
20110810,15.247,15.375,14.651,14.651,5605,0
20110811,14.651,15.102,14.054,15.102,6110,0
20110812,15.161,16.618,14.906,15.758,1742,0
20110816,15.844,16.61,15.844,16.585,230,0
20110817,16.49,16.601,16.405,16.601,883,0
20110818,16.61,16.61,15.247,16.056,1853,0
20110819,14.906,15.758,14.906,15.758,810,0
20110822,15.758,15.758,15.332,15.673,432,0
20110823,15.425,15.63,15.247,15.357,3121,0
20110824,15.332,15.545,15.332,15.332,223,0
20110825,15.801,15.801,14.991,15.247,1182,0
20110826,15.63,15.63,15.256,15.588,318,0
20110829,16.184,16.184,15.673,16.098,9296,0
20110830,16.269,16.78,16.013,16.269,6433,0
20110831,16.61,17.035,16.354,16.61,11254,0
20110901,16.907,16.907,16.678,16.78,253,0
20110902,16.61,16.95,15.928,16.098,5953,0
20110905,14.651,15.289,14.651,15.076,6936,0
20110906,14.821,15.315,14.625,15.281,2120,0
20110907,15.588,15.844,15.588,15.758,954,0
20110908,15.928,15.928,15.289,15.545,897,0
20110909,15.161,15.161,14.659,14.889,1845,0
20110912,14.821,14.821,14.097,14.395,3299,0
20110913,14.48,14.991,14.097,14.991,3733,0
20110914,14.897,14.897,14.48,14.812,197,0
20110915,14.897,14.897,14.693,14.693,8341,0
20110916,14.651,15.247,14.395,14.395,992,0
20110919,14.48,14.48,13.629,14.088,11597,0
20110920,14.088,14.31,14.088,14.31,2966,0
20110921,14.224,14.352,14.139,14.352,734,0
20110922,14.344,14.472,13.551,14.472,2562,0
20110923,14.48,14.48,13.543,14.139,676,0
20110926,13.969,14.387,13.969,14.31,6532,0
20110927,14.48,14.48,14.139,14.352,500,0
20110928,14.395,14.48,14.139,14.31,9454,0
20110929,14.139,14.651,14.139,14.651,305,0
20110930,14.736,14.736,14.071,14.48,417,0
20111003,14.395,14.395,13.884,14.31,359,0
20111004,14.31,14.31,14.054,14.054,2762,0
20111005,14.48,14.48,13.969,14.224,1089,0
20111006,14.48,14.48,14.224,14.395,9117,0
20111007,14.395,14.761,14.054,14.727,2099,0
20111010,14.566,15.136,14.566,15.136,1532,0
20111011,15.332,15.332,14.779,15.204,1900,0
20111012,15.204,16.013,15.204,16.013,2236,0
20111013,16.686,16.686,15.758,16.056,4792,0
20111014,16.013,16.184,15.716,16.141,2249,0
20111017,16.175,16.184,15.801,16.184,1696,0
20111018,16.098,16.098,15.417,15.758,1129,0
20111019,15.758,15.758,15.758,15.758,12,0
20111020,15.758,15.758,15.085,15.085,2486,0
20111021,15.375,15.375,14.991,15.289,707,0
20111024,15.161,15.332,15.161,15.332,2295,0
20111025,15.332,15.716,15,15.289,6117,0
20111026,15.375,15.758,15.332,15.716,490,0
20111027,16.013,16.013,15.588,15.886,11287,0
20111028,16.013,16.013,15.758,15.928,1031,0
20111031,16.414,16.414,15.844,16.048,2088,0
20111102,14.915,15.656,14.915,15.656,2185,0
20111103,15.588,15.656,15.417,15.588,1038,0
20111104,15.256,15.332,15.256,15.332,2250,0
20111107,15.171,15.656,15.171,15.579,4592,0
20111108,15.656,15.656,15.247,15.562,245,0
20111109,15.613,15.613,14.906,15.247,4036,0
20111110,15.332,15.332,14.523,14.966,3367,0
20111114,15.239,15.239,14.063,14.182,10221,0
20111115,14.139,14.48,13.969,14.48,571,0
20111116,14.736,14.736,14.224,14.642,320,0
20111117,14.557,14.557,14.224,14.523,396,0
20111118,14.523,14.566,14.139,14.566,1051,0
20111121,14.566,14.566,14.267,14.276,795,0
20111122,14.566,14.566,14.054,14.224,544,0
20111123,14.054,14.472,14.054,14.054,1480,0
20111124,14.387,14.387,13.807,13.807,1548,0
20111125,13.714,14.054,13.637,14.054,541,0
20111128,14.054,14.054,13.202,13.543,2519,0
20111129,13.629,14.054,13.373,14.054,2636,0
20111130,14.139,14.139,13.646,13.969,987,0
20111201,14.216,14.216,14.054,14.054,716,0
20111202,14.412,14.651,14.395,14.651,5263,0
20111205,15.161,15.161,14.651,14.651,739,0
20111206,15,15,14.48,14.736,739,0
20111207,14.736,14.736,14.395,14.48,2881,0
20111208,14.48,14.48,14.395,14.395,1460,0
20111209,14.395,14.48,14.395,14.48,2613,0
20111212,14.48,16.252,14.224,16.252,3885,0
20111213,16.013,16.013,15.332,15.417,3265,0
20111214,15.758,15.758,15.204,15.502,805,0
20111215,15.588,15.673,15.256,15.588,575,0
20111216,15.588,15.588,15.332,15.494,1232,0
20111219,15.502,15.502,15.332,15.332,1112,0
20111220,15.502,16.184,15.332,16.098,4848,0
20111221,16.056,16.056,15.502,15.588,1307,0
20111222,16.056,16.056,15.52,15.749,290,0
20111223,15.749,15.758,15.375,15.741,1618,0
20111227,15.673,15.673,15,15.161,1522,0
20111228,14.991,15.502,14.991,15.502,136,0
20111229,15.494,15.494,15.332,15.494,71,0
20111230,15.332,15.485,15.161,15.46,76,0
20120102,15.588,15.588,15.588,15.588,364,0
20120103,15.588,15.588,15.417,15.588,970,0
20120104,15.417,15.902,15.417,15.902,572,0
20120105,15.886,15.937,15.63,15.937,233,0
20120109,15.937,15.937,15.502,15.902,666,0
20120110,15.902,15.902,15.417,15.758,205,0
20120111,15.817,15.817,15.383,15.749,882,0
20120112,15.834,15.834,15.46,15.749,1100,0
20120113,15.886,15.886,15.34,15.749,181,0
20120116,15.741,15.902,15.741,15.902,3117,0
20120117,15.902,16.354,15.758,15.902,44392,0
20120118,16.439,16.439,15.502,15.92,1483,0
20120119,15.928,15.97,15.902,15.902,629,0
20120120,15.902,15.902,15.536,15.894,404,0
20120123,15.894,16.184,15.886,16.184,193,0
20120124,16.346,16.346,16.184,16.312,1976,0
20120125,16.312,16.312,16.184,16.226,1239,0
20120126,16.226,17.844,16.013,17.462,7423,0
20120127,17.376,17.462,17.095,17.384,2287,0
20120130,16.61,17.291,16.61,17.206,874,0
20120131,16.917,17.462,16.917,17.462,1379,0
20120201,17.632,18.313,17.632,18.305,2057,0
20120202,18.288,18.288,17.547,17.547,2172,0
20120203,17.717,17.717,17.163,17.717,1045,0
20120206,17.708,17.717,17.189,17.547,3789,0
20120207,17.547,17.887,17.291,17.299,1256,0
20120208,17.316,17.879,17.316,17.632,1572,0
20120209,17.717,17.717,17.121,17.547,1734,0
20120210,17.7,17.7,17.291,17.7,1683,0
20120213,17.7,17.7,17.231,17.7,372,0
20120214,17.794,17.794,17.402,17.411,405,0
20120215,17.776,18.321,17.751,18.321,11226,0
20120216,17.887,18.909,17.887,18.909,359,0
20120217,18.399,19.165,18.399,19.165,20340,0
20120220,19.122,19.787,18.577,19.787,1740,0
20120221,19.599,20.681,19.591,20.059,7482,0
20120222,19.591,19.957,19.421,19.957,133,0
20120223,19.949,19.949,19.335,19.753,471,0
20120224,19.582,19.582,18.16,19.454,7228,0
20120227,18.373,19.165,18.373,18.74,2130,0
20120228,18.74,19.327,18.569,18.824,2581,0
20120229,19.421,20.613,18.552,19.412,2908,0
20120301,19.438,19.634,18.492,18.74,1676,0
20120302,18.484,18.901,18.484,18.901,54,0
20120305,18.399,18.697,18.313,18.654,2130,0
20120306,18.313,18.313,18.313,18.313,1918,0
20120307,18.16,19.591,18.16,19.591,5921,0
20120308,19.591,19.591,18.748,19.591,1218,0
20120309,19.591,19.591,19.25,19.25,377,0
20120312,19.846,19.846,19.173,19.173,503,0
20120313,19.097,19.591,18.994,19.591,946,0
20120314,19.591,19.591,19.216,19.412,57,0
20120315,19.421,19.421,19.122,19.421,1058,0
20120316,19.421,20.272,19.421,20.094,29728,0
20120319,19.574,21.124,19.208,19.574,7487,0
20120320,19.591,19.591,18.85,18.918,2542,0
20120321,19.208,19.208,17.632,17.632,5142,0
20120322,17.675,18.143,17.044,17.972,6642,0
20120323,17.887,18.228,17.632,18.228,1186,0
20120326,18.228,18.228,17.811,18.22,4131,0
20120327,18.185,18.228,17.93,18.015,2857,0
20120328,17.972,17.972,17.547,17.547,6771,0
20120329,17.632,17.632,17.547,17.632,216,0
20120330,17.59,17.717,16.865,17.206,7464,0
20120402,17.206,17.462,17.206,17.453,3913,0
20120403,17.887,17.887,17.419,17.802,736,0
20120404,17.794,17.794,17.376,17.376,66,0
20120405,17.708,17.717,17.291,17.708,1379,0
20120410,17.708,17.708,16.771,16.942,5859,0
20120411,16.763,16.763,15.928,16.695,4556,0
20120412,16.61,16.695,16.184,16.678,2897,0
20120413,16.61,17.504,16.61,16.678,6320,0
20120416,16.95,16.95,16.95,16.95,12,0
20120417,17.035,17.035,16.601,16.601,735,0
20120418,16.439,16.61,16.439,16.61,364,0
20120419,16.865,16.865,16.823,16.823,124,0
20120420,17.035,17.035,16.61,16.61,275,0
20120423,16.78,16.78,15.588,15.928,3262,0
20120424,15.732,16.439,15.588,15.588,1762,0
20120425,16.184,16.184,15.417,15.844,1326,0
20120426,15.877,15.962,15.844,15.844,173,0
20120427,15.834,15.834,14.583,15.324,2990,0
20120430,15.324,15.324,14.736,15.161,1039,0
20120502,15.153,15.494,15.153,15.494,1176,0
20120504,15.485,15.485,15.417,15.417,378,0
20120507,15.332,15.46,15.239,15.332,8779,0
20120508,15.485,15.494,15.298,15.46,6985,0
20120509,15.784,15.784,15,15,11871,0
20120510,15.324,15.332,15.161,15.161,494,0
20120511,15.171,15.545,15.171,15.324,1026,0
20120514,15.043,15.043,13.799,14.224,5341,0
20120515,13.978,14.054,12.308,12.692,11360,0
20120516,12.692,12.905,12.351,12.752,45057,0
20120517,12.802,13.032,12.606,12.692,1818,0
20120518,12.742,12.742,12.692,12.692,394,0
20120521,12.768,12.845,12.01,12.325,5368,0
20120522,12.521,12.521,11.499,11.916,2793,0
20120523,11.925,11.925,10.911,10.911,5265,0
20120524,10.911,10.911,9.881,10.213,12770,0
20120525,10.213,10.213,9.796,10.085,9051,0
20120528,9.821,9.982,9.718,9.924,2580,0
20120529,9.932,10.009,9.633,9.71,1469,0
20120530,9.966,9.966,9.4551,9.821,1108,0
20120531,9.829,10.86,9.829,10.221,13275,0
20120601,10.221,10.434,10.051,10.051,11335,0
20120604,9.4803,10.051,9.4551,9.71,1796,0
20120605,10.051,10.051,8.9437,9.4458,21801,0
20120606,9.1229,9.532,9.0286,9.0286,13252,0
20120608,9.2844,9.4887,8.9008,9.4887,971,0
20120611,9.753,9.787,9.3693,9.4551,26651,0
20120612,9.4551,9.4551,9.3693,9.3693,1264,0
20120613,9.702,9.702,9.3273,9.3273,1168,0
20120614,9.3693,9.3693,8.9437,9.1481,1890,0
20120615,9.4551,9.4971,8.8672,9.2676,25287,0
20120618,9.2676,9.796,9.2414,9.54,6808,0
20120619,9.693,10.051,9.4971,9.821,9339,0
20120620,10,10.136,9.796,9.881,2098,0
20120621,10.178,10.306,9.796,10.264,11210,0
20120622,10.306,11.082,9.966,10.843,2712,0
20120625,11.082,12.189,11.082,11.755,6402,0
20120626,11.746,11.755,11.073,11.158,5439,0
20120627,11.21,12.18,11.21,11.755,4557,0
20120628,12.087,12.087,11.678,12.069,3629,0
20120629,12.079,12.079,11.218,11.328,7873,0
20120702,11.584,11.584,11.115,11.328,2095,0
20120703,11.584,11.584,10.391,10.639,2680,0
20120704,10.221,10.426,10.051,10.281,35185,0
20120705,10.306,10.306,9.3693,9.778,3774,0
20120706,9.838,9.838,9.4971,9.532,1868,0
20120709,9.872,9.982,9.787,9.982,42170,0
20120710,10.017,11.073,10.017,11.073,12793,0
20120711,11.065,11.065,10.221,10.391,3910,0
20120712,10.639,10.766,10.639,10.647,56052,0
20120713,10.946,11.073,10.673,11.073,983,0
20120716,10.562,10.86,10.221,10.86,1129,0
20120717,11.047,11.073,10.528,11.073,2459,0
20120718,11.073,11.073,10.851,10.886,395,0
20120719,10.562,11.073,10.562,10.988,280,0
20120720,10.954,10.954,10.647,10.954,343,0
20120723,11.056,11.073,10.647,10.801,4308,0
20120724,10.809,10.809,10.647,10.801,4344,0
20120725,10.894,10.903,10.647,10.766,1867,0
20120726,10.979,10.979,10.69,10.818,225,0
20120727,11.073,11.073,11.073,11.073,12,0
20120730,11.056,11.056,10.221,10.733,995,0
20120731,10.733,10.733,10.306,10.502,3186,0
20120801,10.665,10.665,10.391,10.545,5646,0
20120802,10.655,10.665,10.306,10.562,1197,0
20120803,10.63,10.63,10.221,10.519,1599,0
20120806,10.597,10.597,10.349,10.349,294,0
20120807,10.434,10.434,10.221,10.221,670,0
20120808,10.409,10.409,10.391,10.409,527,0
20120809,10.587,10.665,10.306,10.562,3090,0
20120810,10.528,10.528,10.306,10.383,974,0
20120813,10.145,10.639,10.145,10.477,6545,0
20120814,10.622,10.665,10.605,10.665,339,0
20120816,10.665,10.818,10.613,10.818,842,0
20120817,10.818,11.482,10.562,10.903,1744,0
20120820,11.065,11.065,10.673,10.946,1186,0
20120821,10.647,11.073,10.647,11.073,658,0
20120822,11.303,11.303,11.073,11.073,932,0
20120823,11.295,11.295,11.073,11.073,503,0
20120824,11.278,11.278,11.073,11.269,7402,0
20120827,11.286,11.371,11.269,11.269,612,0
20120828,11.491,11.491,11.073,11.406,1229,0
20120829,11.414,11.414,10.647,11.371,31480,0
20120830,11.073,11.328,10.86,11.328,545,0
20120831,10.971,11.491,10.818,11.491,27296,0
20120903,11.499,11.584,11.107,11.328,13819,0
20120904,11.158,11.167,11.158,11.167,6371,0
20120905,11.278,11.278,11.022,11.022,2592,0
20120906,11.073,11.073,11.056,11.073,353,0
20120907,11.073,11.073,10.988,10.988,12,0
20120910,10.647,10.835,10.647,10.835,734,0
20120911,11.073,11.073,10.733,11.065,11207,0
20120912,11.073,11.073,10.818,10.818,1800,0
20120913,10.818,10.826,10.775,10.775,973,0
20120914,10.86,11.115,10.86,11.073,584,0
20120917,11.073,11.243,10.673,11.073,2317,0
20120918,11.243,11.243,10.869,10.988,859,0
20120919,11.073,11.158,10.911,11.158,366,0
20120920,11.243,11.243,10.911,11.073,5054,0
20120921,10.903,11.158,10.903,11.158,220,0
20120924,11.328,11.328,10.562,11.039,8461,0
20120925,11.073,11.073,10.655,10.835,299,0
20120926,10.818,11.15,10.818,11.15,587,0
20120927,11.158,11.158,11.158,11.158,24,0
20120928,11.243,11.243,11.073,11.243,1170,0
20121001,11.286,11.286,11.278,11.278,131,0
20121002,11.406,11.406,11.406,11.406,12,0
20121003,11.371,11.371,10.911,11.065,1408,0
20121004,11.328,11.328,11.031,11.243,1186,0
20121005,11.328,11.371,11.15,11.371,4219,0
20121008,11.32,11.84,11.073,11.328,12971,0
20121009,11.499,11.823,11.201,11.201,3537,0
20121010,10.988,11.414,10.988,11.158,1819,0
20121011,11.073,11.073,10.826,10.903,1421,0
20121012,10.903,11.328,10.733,11.328,2641,0
20121015,11.303,11.303,11.303,11.303,317,0
20121016,11.218,11.218,10.843,11.107,4173,0
20121017,11.227,11.227,11.227,11.227,24,0
20121018,11.243,11.482,10.851,11.406,2724,0
20121019,11.073,11.235,10.988,11.235,1377,0
20121022,11.235,11.235,10.733,11.073,2610,0
20121023,11.065,11.065,10.647,10.647,1569,0
20121024,10.315,10.971,10.315,10.894,3701,0
20121025,10.946,10.946,10.903,10.903,192,0
20121026,10.996,10.996,10.639,10.639,1158,0
20121029,10.946,10.946,10.477,10.758,1633,0
20121030,10.843,10.843,10.306,10.723,3806,0
20121031,10.647,10.69,10.136,10.69,6121,0
20121102,10.937,10.937,10.818,10.818,50,0
20121105,10.903,10.946,10.647,10.946,482,0
20121106,11.15,11.15,11.15,11.15,5,0
20121107,11.142,11.142,11.142,11.142,72,0
20121108,11.142,11.142,11.142,11.142,118,0
20121109,10.818,11.115,10.306,11.115,1174,0
20121112,11.115,11.115,11.073,11.073,32,0
20121113,11.073,11.073,10.562,10.835,1130,0
20121114,10.979,10.979,10.979,10.979,66,0
20121115,10.597,10.843,10.587,10.723,15799,0
20121116,10.723,10.723,10.723,10.723,5,0
20121119,10.639,10.639,10.136,10.451,1702,0
20121120,10.622,10.946,10.136,10.946,11311,0
20121121,10.946,10.946,10.605,10.647,167,0
20121122,10.979,10.979,10.979,10.979,5,0
20121123,10.733,10.979,10.238,10.639,948,0
20121126,10.869,10.869,10.869,10.869,12,0
20121127,10.869,10.869,10.818,10.818,927,0
20121128,10.851,10.851,10.332,10.792,101,0
20121129,10.792,10.818,10.758,10.818,231,0
20121130,10.766,11.073,10.758,11.073,1938,0
20121203,11.031,11.031,10.587,10.988,147,0
20121204,10.988,10.988,10.988,10.988,17,0
20121205,10.988,10.988,10.988,10.988,5,0
20121206,10.979,10.979,10.647,10.647,246,0
20121207,10.971,10.971,10.647,10.647,417,0
20121210,10.69,11.073,10.69,11.073,2207,0
20121211,11.073,11.073,10.86,11.065,270,0
20121212,10.733,11.065,10.733,10.733,786,0
20121213,10.647,11.073,10.57,11.073,2208,0
20121214,11.073,11.073,11.073,11.073,118,0
20121217,11.039,11.039,11.031,11.039,516,0
20121218,10.733,10.988,10.733,10.818,38721,0
20121219,11.022,13.074,11.022,13.074,11165,0
20121220,13.288,13.288,12.351,13.16,4853,0
20121221,12.777,13.45,12.351,13.365,7196,0
20121227,13.441,14.31,12.947,14.224,6795,0
20121228,14.046,14.608,14.046,14.472,4868,0
20130102,14.651,14.651,13.969,14.302,653,0
20130103,14.199,14.199,13.629,14.139,33852,0
20130104,14.038,14.038,13.501,14.038,1460,0
20130107,14.038,14.038,13.501,13.501,35,0
20130108,13.629,13.969,13.629,13.884,436,0
20130109,13.884,14.038,13.424,13.799,8437,0
20130110,13.714,13.884,13.629,13.714,375,0
20130111,13.884,14.267,13.714,14.267,1970,0
20130114,14.31,14.48,14.063,14.259,4846,0
20130115,14.267,14.48,14.25,14.438,2793,0
20130116,14.395,14.395,14.054,14.054,259,0
20130117,14.31,14.31,13.662,13.662,1232,0
20130118,14.054,14.054,13.373,13.619,3299,0
20130121,13.619,13.969,13.373,13.629,5465,0
20130122,13.671,15.153,13.671,15.153,34401,0
20130123,15.239,16.754,15.239,16.175,6319,0
20130124,16.261,16.558,15.801,16.269,2343,0
20130125,16.184,16.184,15.758,16.073,588,0
20130128,16.013,17.384,15.57,17.384,5970,0
20130129,17.248,17.376,16.525,17.027,6985,0
20130130,17.035,17.359,16.78,16.942,1472,0
20130131,16.942,17.717,16.61,17.376,28375,0
20130201,17.368,17.368,17.019,17.027,1545,0
20130204,17.027,17.879,16.78,16.78,5328,0
20130205,16.738,17.027,16.269,16.269,5964,0
20130206,16.738,16.738,16.013,16.184,1394,0
20130207,16.184,16.184,16.141,16.141,381,0
20130208,15.801,15.801,15.332,15.639,2243,0
20130211,15.639,15.664,15.008,15.051,4237,0
20130212,15.034,16.533,14.966,16.533,9999,0
20130213,16.184,16.184,16.013,16.184,1500,0
20130214,16.013,16.465,15.639,16.269,1111,0
20130215,16.252,16.252,16.124,16.124,35,0
20130218,16.082,16.082,15.775,15.775,446,0
20130219,15.844,15.844,15.34,15.749,2880,0
20130220,15.716,15.716,15.171,15.664,414,0
20130221,15.673,15.673,14.906,15.664,4635,0
20130222,15.664,16.073,15.664,15.664,1097,0
20130225,15.664,15.97,15.332,15.97,360,0
20130226,15.596,16.073,14.906,15.332,1755,0
20130227,15.247,15.332,15.034,15.332,1026,0
20130228,15.417,16.61,15.332,16.61,4353,0
20130301,16.61,16.61,16.098,16.61,4084,0
20130304,16.525,16.567,16.193,16.226,1914,0
20130305,16.525,16.601,15.86,15.86,1817,0
20130306,16.175,16.175,15.844,15.844,321,0
20130307,16.073,16.073,15.681,15.681,692,0
20130308,16.056,16.175,15.63,16.175,2932,0
20130311,16.133,16.141,15.511,15.844,4174,0
20130312,15.844,15.844,14.906,15.588,7487,0
20130313,15.502,15.502,14.574,15,2283,0
20130314,15.247,15.247,14.991,15.034,1348,0
20130315,15.452,15.452,15.161,15.324,1921,0
20130318,15.332,15.332,14.608,14.608,2381,0
20130319,14.608,14.889,14.583,14.889,3112,0
20130320,14.574,14.574,13.943,14.054,18993,0
20130321,14.054,14.139,13.458,13.875,2052,0
20130322,13.586,13.875,13.569,13.619,3443,0
20130325,13.433,13.79,12.87,12.87,2867,0
20130326,12.777,12.777,11.499,11.499,11483,0
20130327,11.082,12.189,10.655,12.189,29837,0
20130328,12.436,13.679,12.01,13.679,77283,0
20130402,13.799,13.799,12.752,12.752,6862,0
20130403,12.606,12.606,12.351,12.351,369,0
20130404,12.351,12.606,12.351,12.351,433,0
20130405,12.692,12.777,11.755,11.755,4769,0
20130408,11.916,11.916,11.584,11.755,11152,0
20130409,11.916,11.916,11.158,11.703,3943,0
20130410,11.661,11.661,11.158,11.456,1221,0
20130411,11.414,11.414,10.903,11.328,3121,0
20130412,11.78,11.78,11.082,11.295,434,0
20130415,11.755,11.755,10.988,11.295,272,0
20130417,11.286,11.286,11.286,11.286,40,0
20130418,11.235,11.456,11.073,11.073,34976,0
20130419,11.396,11.396,11.142,11.142,5791,0
20130422,11.328,11.328,10.647,11.047,666,0
20130423,11.065,11.243,10.477,11.243,6487,0
20130424,11.243,11.916,10.519,11.056,6927,0
20130425,11.056,11.056,10.519,10.877,16085,0
20130426,10.877,10.886,10.519,10.886,10975,0
20130429,10.886,11.073,10.733,11.073,5681,0
20130430,11.073,11.414,11.073,11.414,2378,0
20130502,11.865,11.865,11.584,11.584,60,0
20130506,11.857,11.857,11.414,11.414,64,0
20130507,11.831,11.831,10.996,10.996,5935,0
20130508,11.499,11.499,10.783,11.056,2267,0
20130509,11.371,11.371,11.371,11.371,12,0
20130510,11.491,11.491,10.903,11.414,6279,0
20130513,11.371,11.371,10.647,10.988,6232,0
20130514,10.988,10.988,10.647,10.946,1636,0
20130515,11.073,11.414,10.647,10.886,6982,0
20130516,10.597,10.605,9.881,10.434,6289,0
20130517,10.051,10.213,10.051,10.06,2568,0
20130520,10.068,10.178,10.068,10.17,752,0
20130521,10.17,10.17,10.136,10.162,576,0
20130522,10.17,10.17,10.009,10.153,1003,0
20130523,10.017,10.017,9.4635,9.54,1874,0
20130524,9.898,9.898,9.2844,9.753,4695,0
20130527,9.753,9.753,9.3693,9.71,4795,0
20130528,9.753,10.042,9.633,9.796,2590,0
20130529,9.966,9.966,9.71,9.71,1353,0
20130531,10.136,10.639,9.71,10.639,7603,0
20130603,10.639,10.639,10.562,10.613,1041,0
20130604,10.639,10.639,10.221,10.519,2260,0
20130605,10.562,10.562,9.71,10.136,8523,0
20130606,10.136,10.391,9.881,9.966,2997,0
20130607,9.881,10.587,9.881,10.221,2207,0
20130610,10.605,10.63,10.068,10.213,1360,0
20130611,10.077,10.136,10.06,10.136,675,0
20130612,10.298,10.306,10.221,10.221,4166,0
20130613,10.221,10.221,9.744,9.744,3671,0
20130614,10.094,10.094,9.1649,9.191,9800,0
20130617,9.3693,9.3693,8.7733,8.8672,3936,0
20130618,8.8672,9.2414,8.4326,8.4326,20826,0
20130619,8.6626,8.6626,7.9301,8.1771,3959,0
20130620,8.0323,8.1345,7.9556,7.9641,3060,0
20130621,7.8619,7.8619,7.4956,7.666,13156,0
20130624,7.8194,7.8194,7.3424,7.5383,2182,0
20130625,7.6234,7.666,7.4105,7.6234,4862,0
20130626,7.5808,7.683,7.3424,7.4105,15025,0
20130627,7.6574,7.683,7.2401,7.2487,37620,0
20130628,7.1635,7.4105,7.0698,7.0698,20100,0
20130701,7.3849,8.0067,7.3253,7.9045,4658,0
20130702,8.0919,8.0919,7.666,7.9216,3608,0
20130703,7.9982,7.9982,7.4956,7.7512,7510,0
20130704,7.7427,8.0834,7.5808,7.7427,4166,0
20130705,7.8023,7.8023,7.6574,7.6574,7028,0
20130708,7.8108,7.8108,7.2827,7.6574,2752,0
20130709,7.6574,7.6574,7.2401,7.2401,2563,0
20130710,7.3678,7.3678,7.0698,7.3594,4097,0
20130711,7.2401,7.3934,7.2401,7.3934,761,0
20130712,7.4105,7.4105,7.172,7.2401,2993,0
20130715,7.3678,7.3678,6.8994,7.1464,7182,0
20130716,7.1464,7.1464,6.9845,7.1464,1389,0
20130717,7.1464,7.1464,6.8994,7.0698,8303,0
20130718,7.0698,7.0698,6.729,7.0272,6431,0
20130719,7.0613,7.189,6.729,6.9591,4717,0
20130722,6.712,7.4105,6.6354,7.4105,7342,0
20130723,7.4105,7.5808,7.4105,7.5808,5679,0
20130724,7.6234,8.126,7.3424,7.9897,9636,0
20130725,7.666,7.913,7.666,7.8108,2821,0
20130726,7.6745,7.8789,7.3253,7.8364,20959,0
20130729,7.8364,8.3474,7.8364,7.9641,4740,0
20130730,7.9641,8.4326,7.6745,8.4326,27847,0
20130731,8.4326,8.4326,8.3389,8.4326,2409,0
20130801,8.4752,8.9437,8.4496,8.4496,5033,0
20130802,8.5178,8.8159,8.2197,8.5518,7965,0
20130805,8.6455,8.8159,8.5178,8.7563,2744,0
20130806,8.7307,8.7307,8.3049,8.6882,4838,0
20130807,8.5008,8.7052,8.5008,8.7052,3287,0
20130808,8.7307,8.7307,8.5178,8.637,10158,0
20130809,8.4752,8.5945,8.3474,8.5178,9018,0
20130812,8.603,8.603,8.3474,8.5178,3375,0
20130813,8.5093,8.5178,8.3474,8.5178,501,0
20130814,8.5093,8.603,8.4326,8.5604,2756,0
20130816,8.603,8.603,8.5178,8.5178,951,0
20130819,8.5178,8.6285,8.5093,8.5093,2797,0
20130820,8.4837,8.5945,8.3474,8.5945,2283,0
20130821,8.5945,8.7137,8.2878,8.2878,7138,0
20130822,8.5178,8.5433,8.5178,8.5433,2390,0
20130823,8.603,8.603,8.3219,8.5008,4825,0
20130826,8.3219,8.5008,8.3219,8.4496,1637,0
20130827,8.5008,8.603,8.3474,8.4837,4916,0
20130828,8.5008,8.5008,8.3474,8.5008,2462,0
20130829,8.3389,8.5178,8.3134,8.5178,8724,0
20130830,8.5178,8.6626,8.5178,8.6626,5531,0
20130902,8.3645,8.5093,8.3559,8.5093,3154,0
20130903,8.1856,8.4752,8.1856,8.4752,799,0
20130904,8.3134,8.4752,8.3134,8.4752,1034,0
20130905,8.2197,8.2708,8.0834,8.0834,3859,0
20130906,7.7767,8.3049,7.7767,8.2963,2119,0
20130909,7.9641,8.4326,7.9641,8.4326,1367,0
20130910,8.1345,8.4326,8.1345,8.4241,1273,0
20130911,8.4241,8.4326,8.0919,8.4326,4237,0
20130912,8.2878,8.4326,8.1345,8.3389,4591,0
20130913,8.4241,8.4241,8.1345,8.3389,1720,0
20130916,8.2793,8.7563,8.2793,8.7563,6794,0
20130917,8.9269,9.796,8.6882,8.9866,22941,0
20130918,9.1994,9.1994,8.9866,9.0716,6452,0
20130919,9.1145,9.532,9.1145,9.1994,3885,0
20130920,9.71,9.71,9.233,9.6,17853,0
20130923,9.838,10.128,9.625,10.042,6197,0
20130924,10.042,10.051,9.804,10.051,2776,0
20130925,10.145,10.639,10.06,10.426,14689,0
20130926,10.562,10.562,10.221,10.562,10534,0
20130927,10.562,11.669,10.221,11.669,12810,0
20130930,11.499,12.265,10.988,11.925,17562,0
20131001,11.669,12.683,11.669,12.351,3897,0
20131002,12.479,12.513,12.01,12.189,3115,0
20131003,11.968,12.317,11.184,11.414,5826,0
20131004,11.175,11.499,11.115,11.158,2759,0
20131007,11.474,11.507,11.073,11.406,9300,0
20131008,10.903,11.192,10.903,11.158,10000,0
20131009,11.082,11.082,10.86,10.946,8098,0
20131010,10.86,11.584,10.733,11.576,9696,0
20131011,11.584,11.584,11.073,11.073,5022,0
20131014,10.869,11.38,10.869,11.38,3757,0
20131015,11.073,11.584,11.073,11.584,2187,0
20131016,11.652,11.652,11.065,11.243,3615,0
20131017,11.286,11.431,11.286,11.431,330,0
20131018,11.414,11.431,10.911,11.431,4817,0
20131021,11.491,12.01,11.142,11.942,5853,0
20131022,12.001,12.556,11.984,12.556,6936,0
20131023,12.556,12.564,12.18,12.547,2197,0
20131024,12.248,12.564,12.248,12.513,6016,0
20131025,12.248,12.504,12.248,12.496,986,0
20131028,12.487,12.487,12.215,12.274,675,0
20131029,12.223,12.3,12.104,12.291,3136,0
20131030,12.121,12.947,12.121,12.606,14223,0
20131031,12.777,13.117,12.351,12.777,16178,0
20131104,12.521,12.768,11.338,11.507,6744,0
20131105,11.499,11.584,10.349,10.349,39936,0
20131106,9.881,10.205,9.0716,9.3273,164051,0
20131107,9.3273,10.094,9.1145,9.2078,23739,0
20131108,9.617,9.617,8.9437,9.276,10578,0
20131112,9.523,9.54,8.884,9.1145,8050,0
20131113,9.3357,9.3357,8.7307,9.1145,6540,0
20131114,8.8756,9.1052,8.8585,8.8585,3372,0
20131115,8.8924,9.608,8.8924,9.54,46269,0
20131118,9.54,10.221,9.523,10.051,16365,0
20131119,10.06,10.434,9.668,10.009,9290,0
20131120,9.796,10.042,9.796,10.034,37050,0
20131121,10.034,10.06,9.753,9.974,6863,0
20131122,9.796,10.391,9.796,10.205,29218,0
20131125,10.298,10.477,9.881,10.221,18433,0
20131126,10.323,10.647,9.881,10.17,14386,0
20131127,10.196,10.213,9.949,10.213,8720,0
20131128,10.221,10.639,9.992,10.639,12427,0
20131129,10.102,11.584,9.1145,11.584,26548,0
20131202,10.647,11.499,10.647,10.988,12744,0
20131203,10.979,10.979,10.733,10.775,3948,0
20131204,10.477,10.647,10.443,10.622,4946,0
20131205,10.434,10.647,10.009,10.009,8445,0
20131206,10.034,10.647,10.025,10.221,798,0
20131209,10.034,10.221,10.025,10.213,1411,0
20131210,9.4458,10.136,9.4458,10.136,355,0
20131211,9.881,9.94,9.846,9.846,1651,0
20131212,9.4803,9.881,8.8672,9.787,9335,0
20131213,9.54,10.178,9.3693,10.178,8423,0
20131216,10.051,10.051,9.4971,9.617,2352,0
20131217,9.6,10.128,9.4635,9.4719,3107,0
20131218,9.4635,9.966,9.4635,9.557,2381,0
20131219,9.744,9.949,9.6,9.6,3067,0
20131220,9.693,9.693,9.3777,9.617,2808,0
20131223,9.625,10.17,9.1145,10.119,20984,0
20131227,10.051,10.119,9.4551,10.119,7434,0
20131230,10.119,10.119,9.718,10.119,10176,0
20140102,10.306,10.69,10.136,10.221,1861,0
20140103,10.306,10.63,10.221,10.63,1840,0
20140107,10.63,10.63,10.349,10.554,1254,0
20140108,10.554,10.554,10.323,10.451,1064,0
20140109,10.383,10.383,9.796,10.221,793,0
20140110,10.213,10.213,9.796,10.17,1020,0
20140113,10.221,10.221,10.094,10.221,604,0
20140114,10.094,10.213,9.881,10.17,978,0
20140115,10.187,10.221,10.136,10.136,1753,0
20140116,10.136,10.136,9.982,10.051,536,0
20140117,10.009,10.009,9.914,10,1025,0
20140120,9.881,9.957,9.881,9.881,2915,0
20140121,9.821,10.128,9.821,9.992,223,0
20140122,9.881,9.881,9.54,9.829,1439,0
20140123,9.0716,9.778,9.0716,9.1826,5016,0
20140124,9.3693,9.702,9.1145,9.3189,1902,0
20140127,9.3693,9.3693,9.1145,9.1145,661,0
20140128,8.9866,9.191,8.9866,9.191,836,0
20140129,9.0286,9.1733,9.0286,9.1733,1295,0
20140130,9.0632,9.532,9.0632,9.532,41,0
20140131,9.2844,9.4458,9.2844,9.3357,1683,0
20140203,9.1145,9.1565,9.0286,9.1313,1839,0
20140204,9.08,9.1994,9.08,9.1994,388,0
20140205,9.1145,9.2928,9.0548,9.1145,2273,0
20140206,9.0548,9.2844,9.0548,9.2162,885,0
20140207,9.1145,9.3609,9.1145,9.3441,755,0
20140210,9.2078,9.3357,9.1145,9.276,2794,0
20140211,9.1229,9.1826,8.8672,8.8672,7415,0
20140212,8.8756,9.1145,8.8756,9.1145,1893,0
20140213,9.1733,9.1733,9.0286,9.0286,2236,0
20140214,9.0286,9.1649,9.0202,9.0286,2592,0
20140217,9.0286,9.1397,9.0286,9.1313,7130,0
20140218,9.1313,9.1313,8.9437,8.9437,3612,0
20140219,8.9521,9.1145,8.9008,8.9008,4553,0
20140220,9.1052,9.1052,8.8756,9.0286,3457,0
20140221,9.0884,9.0884,8.7989,8.8159,7477,0
20140224,8.8159,9.0884,8.6882,8.8244,5412,0
20140225,9.0202,9.1052,8.9866,9.0884,1775,0
20140226,9.0286,9.0286,8.8159,8.9269,3927,0
20140227,8.8159,8.8924,8.7904,8.7904,736,0
20140228,8.7733,8.8585,8.7733,8.8585,1412,0
20140303,8.7307,8.7307,8.1345,8.3474,7391,0
20140304,8.1515,8.9185,8.1515,8.7733,89,0
20140305,8.85,9.0286,8.7563,8.9269,4097,0
20140306,8.9269,9.0286,8.5178,8.5604,43392,0
20140307,8.5604,8.6455,8.4411,8.4496,5775,0
20140310,8.5178,8.5178,8.1771,8.1771,1968,0
20140311,8.1856,8.5093,7.9471,8.0919,4757,0
20140312,8.0919,8.0919,7.7938,7.9982,6096,0
20140313,7.9982,8.2963,7.9982,8.0067,4004,0
20140314,7.7682,7.9982,7.7086,7.7086,12676,0
20140317,7.913,8.1004,7.8789,8.0834,4174,0
20140318,8.1345,8.2622,8.1345,8.2622,2084,0
20140319,7.9216,8.0919,7.8789,8.0919,1965,0
20140320,7.7171,8.2537,7.6405,8.2537,6113,0
20140321,8.0067,8.2452,7.9216,8.1515,1046,0
20140324,8.4241,8.9437,8.2793,8.39,28970,0
20140325,8.5178,8.8585,8.2793,8.5433,8355,0
20140326,8.4411,8.5008,8.2708,8.39,23154,0
20140327,8.3474,8.3986,8.2197,8.2963,2745,0
20140328,8.373,8.373,8.1856,8.3304,830,0
20140331,8.3134,8.8585,8.3134,8.62,34989,0
20140401,8.62,8.9185,8.5178,8.5178,81188,0
20140402,8.6882,8.6882,8.4496,8.5945,8406,0
20140403,8.603,8.8414,8.5945,8.8244,1667,0
20140404,8.8244,9.668,8.8244,9.668,12200,0
20140407,9.4551,10.23,9.4551,10.017,9922,0
20140408,10.009,10.009,9.565,9.582,1833,0
20140409,9.633,9.856,9.633,9.846,353,0
20140410,9.77,9.864,9.77,9.864,1421,0
20140411,9.846,10.477,9.796,10.29,4811,0
20140414,10.213,10.562,9.974,10.306,8630,0
20140415,10.306,10.477,9.966,10.009,14350,0
20140416,10.009,10.009,9.1994,9.3693,19833,0
20140417,9.523,9.523,9.1994,9.2414,1999,0
20140422,9.4551,9.642,9.3693,9.3777,3019,0
20140423,9.2508,9.54,9.2508,9.387,475,0
20140424,9.2508,9.54,9.2508,9.4551,5679,0
20140425,9.4971,9.4971,9.037,9.037,5183,0
20140428,9.2414,9.3273,8.4496,8.8672,7631,0
20140429,9.1145,9.1145,8.7733,8.7733,20505,0
20140430,9.1052,9.796,8.7733,9.796,8294,0
20140502,9.796,9.796,9.3777,9.71,193,0
20140505,9.54,9.54,9.523,9.54,259,0
20140506,9.532,9.532,9.0286,9.3693,283,0
20140507,9.3693,9.3693,9.3693,9.3693,344,0
20140508,9.4551,9.4551,9.1994,9.2676,880,0
20140509,9.276,9.4458,8.7989,9.3525,621,0
20140512,9.3525,9.3525,8.9437,9.0286,535,0
20140513,9.3693,9.3693,9.0286,9.3357,651,0
20140514,9.3693,9.3693,9.3693,9.3693,717,0
20140515,9.3693,9.3693,9.0286,9.2676,1307,0
20140516,9.037,9.3693,8.9353,9.3693,4512,0
20140519,9.2844,9.3693,9.0286,9.3609,1632,0
20140520,9.3609,9.3609,9.1145,9.3609,1828,0
20140521,9.4458,9.4458,9.4458,9.4458,5,0
20140522,9.191,9.191,9.08,9.1145,916,0
20140523,9.191,9.191,9.0716,9.0716,780,0
20140526,8.9521,9.1994,8.5263,9.1994,3926,0
20140527,9.276,9.276,9.2592,9.2676,130,0
20140528,9.276,9.4374,9.2246,9.4122,3618,0
20140529,9.4458,9.4458,8.9437,9.2844,1311,0
20140530,9.3693,10.221,9.3525,10.221,11785,0
20140602,10.051,10.221,9.625,9.796,2071,0
20140603,9.796,9.881,9.3777,9.66,843,0
20140604,9.4635,9.77,9.4038,9.71,800,0
20140605,9.838,9.838,9.829,9.838,407,0
20140606,9.838,10,9.4551,9.591,5660,0
20140609,9.744,9.744,9.71,9.71,358,0
20140610,9.821,10.477,9.4551,10.477,82820,0
20140611,10.391,10.477,10.213,10.349,7030,0
20140612,10.391,10.545,9.846,10.196,12745,0
20140613,10.221,10.221,9.856,9.856,1019,0
20140616,9.846,10.213,9.4551,9.838,880,0
20140617,9.548,10.051,9.548,10.051,368,0
20140618,9.66,9.838,9.66,9.838,542,0
20140620,9.821,9.821,9.54,9.718,2060,0
20140623,9.957,10.221,9.54,10.009,3345,0
20140624,10.009,10.009,9.557,9.685,1376,0
20140625,9.54,9.77,9.3609,9.761,7191,0
20140626,9.744,9.881,9.3693,9.881,5756,0
20140627,9.881,9.881,9.787,9.881,3618,0
20140630,9.864,10.136,9.728,9.957,12945,0
20140701,10.051,10.341,9.966,10.341,2157,0
20140702,10.315,10.409,10.221,10.221,4702,0
20140703,10.374,10.374,10.068,10.221,2219,0
20140704,10.29,10.29,10.29,10.29,24,0
20140707,10.29,10.29,10.094,10.221,443,0
20140708,10.281,10.281,9.881,10.238,1261,0
20140709,10.255,10.255,10.06,10.068,335,0
20140710,10.051,10.178,9.821,10.178,572,0
20140711,10.255,10.264,9.889,10.264,88,0
20140714,10.255,10.477,10.221,10.391,2995,0
20140715,10.469,10.928,10.391,10.809,2832,0
20140716,10.809,10.809,10.673,10.673,85,0
20140717,10.639,10.639,10.545,10.545,24,0
20140718,10.391,10.545,10.383,10.545,987,0
20140721,10.537,10.537,10.315,10.511,481,0
20140722,10.537,10.809,10.537,10.69,539,0
20140723,10.733,10.809,10.401,10.477,1080,0
20140724,10.401,10.766,10.401,10.758,143,0
20140725,10.647,10.647,10.06,10.06,7676,0
20140728,9.71,9.949,9.506,9.548,7515,0
20140729,9.796,9.796,9.4551,9.4719,2887,0
20140730,9.4551,9.728,9.1994,9.66,16717,0
20140731,9.702,9.702,9.66,9.676,980,0
20140801,9.54,9.702,9.54,9.702,3203,0
20140804,9.728,9.728,9.693,9.71,593,0
20140805,9.71,9.71,9.71,9.71,12,0
20140806,9.685,9.685,9.3441,9.3693,700,0
20140807,9.3693,9.3693,9.0118,9.3441,704,0
20140808,9.3693,9.3693,8.9269,9.3693,3495,0
20140811,9.702,9.71,9.3693,9.685,1493,0
20140812,9.685,9.685,9.1994,9.523,1118,0
20140813,9.617,9.617,9.2844,9.2844,120,0
20140814,9.574,9.574,9.548,9.548,12,0
20140818,9.574,9.693,9.1229,9.693,2648,0
20140819,9.796,10.554,9.796,10.051,2389,0
20140820,10.221,10.818,10.009,10.562,5778,0
20140821,10.801,10.903,10.562,10.562,6212,0
20140822,10.723,10.809,10.715,10.809,1293,0
20140825,10.613,10.809,10.605,10.809,1376,0
20140826,10.809,10.809,10.332,10.783,1452,0
20140827,10.554,10.647,10.349,10.587,3667,0
20140828,10.723,10.723,9.872,10.587,4269,0
20140829,10.579,10.579,10.434,10.554,1575,0
20140901,10.511,10.511,9.957,10.06,4576,0
20140902,10.221,10.519,9.966,10.221,7778,0
20140903,10.383,10.715,10.298,10.486,4863,0
20140904,10.63,10.818,10.434,10.434,27540,0
20140905,10.434,10.434,10.306,10.391,2002,0
20140908,10.391,10.434,10.213,10.434,10362,0
20140909,10.434,10.434,9.838,10.221,6244,0
20140910,10.205,10.213,9.744,10.162,2893,0
20140911,10.196,10.196,9.718,9.718,1925,0
20140912,9.957,10.23,9.71,10.221,10343,0
20140915,10.128,10.136,10.051,10.051,1414,0
20140916,10.034,10.349,9.796,9.796,4694,0
20140917,9.881,10.042,9.744,10.042,2295,0
20140918,10.042,10.221,9.974,9.974,5756,0
20140919,10.128,10.128,9.881,10.077,4696,0
20140922,10.085,10.085,10.025,10.068,266,0
20140923,10.119,10.119,10.119,10.119,5,0
20140924,10.119,10.119,9.718,9.718,2318,0
20140925,10.11,10.119,9.753,9.753,1026,0
20140926,9.71,10.051,9.71,9.881,1498,0
20140929,10.034,10.034,9.702,10.034,1317,0
20140930,10.034,10.034,9.796,9.881,416,0
20141001,9.957,9.957,9.872,9.872,246,0
20141002,9.872,9.881,9.872,9.872,794,0
20141003,9.914,9.914,9.506,9.6,124,0
20141006,9.6,9.872,9.4635,9.872,1473,0
20141007,9.906,9.906,9.838,9.838,12,0
20141008,9.548,9.838,9.4551,9.753,9825,0
20141009,9.753,9.753,9.676,9.676,19,0
20141010,9.787,9.787,9.787,9.787,5,0
20141013,9.778,9.787,9.778,9.787,29,0
20141014,9.872,9.881,9.71,9.71,673,0
20141015,9.881,9.881,9.796,9.796,3846,0
20141016,9.838,9.838,9.702,9.702,5877,0
20141017,9.71,9.796,9.702,9.796,1985,0
20141020,9.796,9.796,9.676,9.796,140,0
20141021,9.787,9.787,9.565,9.565,72,0
20141022,9.77,10.221,9.71,10.068,3163,0
20141023,10.205,10.306,10.051,10.306,2101,0
20141024,10.298,10.306,10.298,10.306,741,0
20141027,10.306,10.306,10.221,10.221,2697,0
20141028,10.221,10.221,10.221,10.221,810,0
20141029,10.221,10.221,9.966,9.966,834,0
20141030,10.178,10.178,10.051,10.136,810,0
20141031,10.213,10.221,10.051,10.205,1403,0
20141103,10.221,10.221,10.017,10.051,8736,0
20141104,10.213,10.349,10.213,10.349,2164,0
20141105,10.417,10.783,10.417,10.63,7321,0
20141106,10.605,10.605,10.366,10.366,1891,0
20141107,10.469,10.477,10.383,10.469,1389,0
20141110,10.469,10.469,10.469,10.469,3,0
20141112,10.46,10.562,10.46,10.562,107,0
20141113,10.511,10.511,10.451,10.451,806,0
20141114,10.451,10.451,10.409,10.409,358,0
20141117,10.639,10.639,10.443,10.545,4063,0
20141118,10.477,10.477,9.574,10.077,1893,0
20141119,10.11,10.11,9.3693,9.4971,11261,0
20141120,9.625,9.974,9.3693,9.625,5800,0
20141121,9.957,9.957,9.506,9.506,1067,0
20141124,9.54,10.221,9.54,10.042,6444,0
20141125,9.974,10,9.591,9.617,2529,0
20141126,9.881,9.881,9.591,9.591,1036,0
20141127,9.71,9.71,9.608,9.608,360,0
20141128,9.796,9.881,9.54,9.753,3901,0
20141201,9.718,9.744,9.4971,9.4971,1003,0
20141202,9.804,9.804,9.2844,9.4458,801,0
20141203,9.4458,9.4458,9.4374,9.4374,310,0
20141204,9.4551,9.4551,9.1994,9.429,707,0
20141205,9.2928,9.4551,9.2844,9.4551,1289,0
20141208,9.4551,9.4551,9.2844,9.2844,758,0
20141209,9.3609,9.3609,8.9008,9.1313,1668,0
20141210,9.037,9.0454,8.6967,8.8585,6316,0
20141211,8.8585,8.8585,8.7307,8.8585,5083,0
20141212,8.9437,8.9437,8.7733,8.9185,1862,0
20141215,8.7392,9.037,8.7392,8.8585,744,0
20141216,8.85,8.85,8.5178,8.5263,4176,0
20141217,8.3049,8.7222,8.3049,8.5178,2908,0
20141218,8.5178,8.7648,8.4752,8.7052,8891,0
20141219,8.6967,8.6967,8.4923,8.5178,1410,0
20141222,8.4923,8.603,7.9301,8.5178,7898,0
20141223,8.7563,8.7563,8.1771,8.373,2799,0
20141229,8.373,8.373,8.2282,8.3474,4179,0
20141230,8.4326,8.6882,8.3474,8.5178,2207,0
20150102,8.2622,8.7222,8.1345,8.7222,722,0
20150105,8.8924,8.8924,8.5263,8.6455,394,0
20150107,8.884,8.884,8.5178,8.8414,2912,0
20150108,8.7733,8.7733,8.6882,8.7648,1363,0
20150109,8.7733,9.1052,8.7648,8.85,8905,0
20150112,8.9008,8.9269,8.7904,8.9269,283,0
20150113,8.9353,8.9353,8.6115,8.62,863,0
20150114,8.6455,8.6796,8.1345,8.5945,4650,0
20150115,8.5945,8.5945,8.5093,8.5178,1186,0
20150116,8.6796,8.6796,8.3559,8.5604,4407,0
20150119,8.6711,8.6711,8.4752,8.4752,6264,0
20150120,8.5178,8.5178,8.5178,8.5178,149,0
20150121,8.5178,8.5178,8.0919,8.2197,1216,0
20150122,8.5008,8.5178,8.5008,8.5178,22125,0
20150123,8.5178,8.5178,8.3474,8.3559,7597,0
20150126,8.3559,8.5093,8.3559,8.5093,2697,0
20150127,8.5178,8.5178,8.4837,8.4837,713,0
20150128,8.3645,8.4923,8.3559,8.4923,3278,0
20150129,8.4923,8.5178,8.4923,8.5178,1236,0
20150130,8.5008,8.5178,8.4411,8.5178,2823,0
20150202,8.5093,8.6882,8.5093,8.5178,4738,0
20150203,8.4582,8.5178,8.4582,8.4752,3742,0
20150204,8.4752,8.4752,8.3986,8.3986,919,0
20150205,8.3645,8.5178,8.1004,8.5178,8210,0
20150206,8.4496,8.5178,8.4496,8.5178,1434,0
20150209,8.5178,8.5178,8.2622,8.5178,4394,0
20150210,8.5178,8.5178,8.5178,8.5178,12,0
20150211,8.5178,9.3693,8.5178,9.0454,45284,0
20150212,9.3525,9.3525,8.7819,9.0202,4882,0
20150213,9.0202,9.0202,8.6115,8.6967,8002,0
20150216,8.7222,8.8585,8.7222,8.8585,1156,0
20150217,9.0454,9.0454,8.8159,9.0034,62,0
20150218,8.9605,9.2844,8.9605,9.1052,11810,0
20150219,9.3525,9.924,9.2508,9.924,4771,0
20150220,9.949,10.068,9.949,10,21613,0
20150223,10.077,10.077,9.608,9.914,8308,0
20150224,10.136,10.136,9.838,9.966,4932,0
20150225,9.804,9.924,9.804,9.924,2922,0
20150226,9.966,10.605,9.966,10.136,10981,0
20150227,10.17,10.17,10.051,10.077,23809,0
20150302,10.205,10.205,9.898,9.932,2062,0
20150303,9.924,10.128,9.924,10.128,48,0
20150304,10.128,10.213,10.119,10.213,1017,0
20150305,10.136,10.136,10.136,10.136,223,0
20150306,10.205,10.205,9.914,10.128,933,0
20150309,10.128,10.128,9.982,10.034,8636,0
20150310,9.949,10.128,9.949,10.128,356,0
20150311,10.034,10.034,10.025,10.025,434,0
20150312,10.025,10.025,9.633,9.796,1396,0
20150313,9.796,10.034,9.796,10.034,1718,0
20150316,10.025,10.153,9.898,9.949,685,0
20150317,9.94,10,9.881,10,4076,0
20150318,9.932,11.158,9.932,10.698,23628,0
20150319,10.979,11.142,10.486,10.562,9924,0
20150320,10.562,10.647,10.273,10.477,7356,0
20150323,10.57,10.579,10.323,10.562,3328,0
20150324,10.264,10.298,9.591,10.136,5086,0
20150325,10.17,10.178,9.71,9.71,2295,0
20150326,9.625,9.625,8.7733,9.3273,12880,0
20150327,9.037,9.3189,8.9689,9.3189,542,0
20150330,9.2844,9.77,9.2844,9.6,1216,0
20150331,9.6,9.702,9.2844,9.2844,2673,0
20150401,9.2414,9.2508,8.9605,9.2508,3142,0
20150402,9.71,9.924,9.71,9.71,9270,0
20150407,9.846,10.119,9.846,10.051,5234,0
20150408,10.136,10.136,9.796,9.957,6185,0
20150409,9.957,10.025,9.778,9.889,643,0
20150410,9.949,10.136,9.813,9.966,2504,0
20150413,10.136,10.136,9.949,9.966,3173,0
20150414,10.085,10.085,9.949,10.017,1151,0
20150415,10.017,10.017,9.881,9.974,1014,0
20150416,9.974,10.009,9.889,10.009,1802,0
20150417,9.966,10.009,9.761,10,2873,0
20150420,10.009,10.009,10.009,10.009,235,0
20150421,9.804,9.924,9.804,9.889,4826,0
20150422,9.881,9.889,9.872,9.889,1430,0
20150423,9.856,9.856,9.821,9.829,1408,0
20150424,9.787,9.838,9.787,9.838,516,0
20150427,9.838,9.94,9.633,9.668,7234,0
20150428,9.676,9.676,9.54,9.668,2536,0
20150429,9.54,9.668,9.54,9.668,919,0
20150430,9.625,9.796,9.4887,9.796,3133,0
20150504,9.617,9.787,9.617,9.77,1784,0
20150505,9.685,9.71,9.676,9.71,969,0
20150506,9.744,9.796,9.685,9.796,2332,0
20150507,9.753,9.787,9.728,9.728,1526,0
20150508,9.728,9.838,9.728,9.796,1572,0
20150511,9.787,9.787,9.71,9.71,4284,0
20150512,9.685,9.685,9.685,9.685,88,0
20150513,9.506,9.514,9.2592,9.2592,10227,0
20150514,9.4122,9.4206,9.0286,9.0286,12541,0
20150515,9.1052,9.1052,8.9521,9.0548,3794,0
20150518,8.9866,9.0202,8.5263,9.0202,10254,0
20150519,9.0632,9.0716,8.9437,8.9437,18324,0
20150520,8.9605,9.0632,8.9437,8.9605,2516,0
20150521,8.9689,9.0632,8.9605,9.0632,1426,0
20150522,9.1145,9.4635,9.1145,9.4635,3106,0
20150525,9.4635,9.4803,9.2928,9.2928,2332,0
20150526,9.3525,9.3525,9.3273,9.3273,7067,0
20150527,9.1994,9.3693,9.1994,9.3693,707,0
20150528,9.3609,9.3609,9.3273,9.3525,410,0
20150529,9.3357,9.3357,9.1733,9.1733,3864,0
20150601,9.2414,9.2414,9.1826,9.1826,2545,0
20150602,9.2592,9.2592,9.0286,9.037,3324,0
20150603,9.0716,9.0968,9.0716,9.08,1752,0
20150605,9.08,9.3189,9.08,9.3189,1157,0
20150608,9.3189,9.3189,9.1052,9.1994,3001,0
20150609,9.1994,9.1994,9.0034,9.0118,2324,0
20150610,8.995,9.0454,8.9008,8.9605,2734,0
20150611,9.0286,9.1994,9.0286,9.1994,5767,0
20150612,9.2844,9.3273,9.2844,9.3273,170,0
20150615,9.3693,9.4551,9.3693,9.4551,176,0
20150616,9.1649,9.787,9.1649,9.66,15665,0
20150617,9.668,9.668,9.3693,9.4971,5640,0
20150618,9.3693,9.532,9.3693,9.514,3633,0
20150619,9.523,9.77,9.523,9.753,1356,0
20150622,9.557,9.744,9.557,9.744,102,0
20150623,9.685,9.685,9.685,9.685,5,0
20150624,9.668,9.71,9.668,9.71,798,0
20150625,9.71,9.744,9.71,9.736,747,0
20150626,9.728,9.728,9.728,9.728,12,0
20150629,9.3954,9.617,9.3693,9.4719,17017,0
20150630,9.582,9.625,9.4122,9.625,2309,0
20150701,9.608,9.744,9.608,9.744,1818,0
20150702,9.796,9.829,9.753,9.796,6290,0
20150703,9.829,9.829,9.4551,9.753,9426,0
20150706,9.921,9.921,9.706,9.706,1346,0
20150707,9.706,9.744,9.52,9.52,2028,0
20150708,9.4822,9.51,9.3329,9.3796,6751,0
20150709,9.3329,9.4822,9.3329,9.4822,386,0
20150710,9.501,9.501,9.3329,9.501,9710,0
20150713,9.51,9.912,9.51,9.912,1614,0
20150714,9.856,9.884,9.501,9.884,767,0
20150715,9.8,9.828,9.8,9.828,1398,0
20150716,10.266,10.453,10.08,10.08,16929,0
20150717,10.033,10.201,10.033,10.033,1345,0
20150720,10.033,10.033,10.033,10.033,129,0
20150721,10.22,10.22,9.893,9.958,4989,0
20150722,10.136,10.136,9.79,10.033,1014,0
20150723,10.033,10.266,9.529,10.248,5960,0
20150724,10.08,10.21,10.08,10.21,23,0
20150727,10.257,10.257,9.902,9.902,246,0
20150728,9.986,10.22,9.8,9.893,2000,0
20150729,10.22,10.509,10.22,10.49,34900,0
20150730,10.49,10.602,10.36,10.378,4074,0
20150731,10.285,10.313,10.276,10.313,16722,0
20150803,10.36,10.49,10.35,10.388,3722,0
20150804,10.453,10.453,10.294,10.294,1076,0
20150805,10.294,10.313,10.285,10.304,1586,0
20150806,10.313,10.583,10.313,10.583,2,0
20150807,10.416,10.453,10.406,10.453,1286,0
20150810,10.406,10.546,10.406,10.462,3857,0
20150811,10.462,10.546,10.416,10.462,818,0
20150812,10.593,11.199,10.425,11.153,10349,0
20150813,11.153,11.19,10.826,11.19,14701,0
20150814,11.19,11.19,10.835,11.162,1105,0
20150817,11.181,11.199,11.181,11.19,3073,0
20150818,11.106,11.106,10.966,10.966,1274,0
20150819,11.013,11.013,10.639,10.714,6516,0
20150820,10.826,10.826,10.826,10.826,5,0
20150821,10.639,10.639,10.35,10.35,1673,0
20150824,10.304,10.304,9.4356,9.4729,19278,0
20150825,9.4635,10.07,9.4635,10.024,8210,0
20150826,10.024,10.024,9.977,9.977,408,0
20150827,9.977,10.014,9.8,10.014,5588,0
20150828,10.042,10.22,9.921,10.22,2417,0
20150831,10.22,10.22,9.529,9.725,4865,0
20150901,9.734,9.949,9.706,9.949,4659,0
20150902,9.986,9.986,9.977,9.986,215,0
20150903,9.986,10.08,9.986,9.986,6324,0
20150904,9.986,10.192,9.548,9.893,22267,0
20150907,9.93,9.94,9.846,9.94,2441,0
20150908,9.94,10.07,9.902,10.033,545,0
20150909,10.033,10.126,10.024,10.024,31,0
20150910,10.024,10.173,9.986,10.173,1300,0
20150911,10.173,10.593,9.912,10.164,6683,0
20150914,10.192,10.201,10.192,10.201,490,0
20150915,10.266,10.639,10.266,10.639,1308,0
20150916,10.574,10.611,10.36,10.406,820,0
20150918,10.406,10.406,9.837,10.08,3466,0
20150921,10.136,10.369,10.089,10.266,2388,0
20150922,10.266,10.266,9.949,10.108,8159,0
20150923,10.173,10.173,10.173,10.173,8,0
20150924,10.117,10.154,9.93,10.154,2057,0
20150925,10.21,10.733,10.21,10.733,6076,0
20150928,10.723,10.723,10.658,10.658,87,0
20150929,10.593,10.593,10.266,10.388,3385,0
20150930,10.602,10.602,10.546,10.593,748,0
20151001,10.611,10.611,10.546,10.546,538,0
20151002,10.546,10.733,10.546,10.733,1488,0
20151005,10.733,11.097,10.733,11.022,9933,0
20151006,11.022,11.022,10.733,11.013,7691,0
20151007,11.097,11.097,10.826,11.097,8458,0
20151008,11.199,12.011,11.199,11.517,6904,0
20151009,11.619,11.619,11.423,11.619,1344,0
20151012,11.619,12.506,11.573,12.226,9403,0
20151013,12.394,12.497,11.899,12.469,28211,0
20151014,12.413,12.413,12.133,12.273,3133,0
20151015,12.366,12.459,12.226,12.459,1666,0
20151016,12.487,13.253,12.319,13.234,13508,0
20151019,13.206,13.206,12.879,13.066,4441,0
20151020,13.066,13.439,13.066,13.43,4254,0
20151021,13.346,13.346,12.851,13.103,1234,0
20151022,13.15,13.15,13.094,13.094,2,0
20151023,12.926,13.01,12.637,12.786,3958,0
20151026,12.935,12.935,12.179,12.487,2407,0
20151027,12.273,12.954,12.226,12.861,3291,0
20151028,12.861,12.889,12.599,12.889,7876,0
20151029,12.898,13.486,12.898,13.066,25235,0
20151030,13.159,13.393,13.159,13.327,2762,0
20151102,13.346,13.346,13.01,13.01,10162,0
20151103,13.29,13.29,12.357,12.749,5354,0
20151104,13.103,13.113,13.057,13.113,4073,0
20151105,13.197,13.197,13.066,13.066,2,0
20151106,13.066,13.066,13.01,13.01,658,0
20151109,13.01,13.579,13.01,13.346,6006,0
20151110,13.337,13.579,13.337,13.523,1936,0
20151112,13.533,13.794,13.533,13.766,7838,0
20151113,13.626,13.626,13.393,13.393,2043,0
20151116,13.383,14.27,13.299,14.27,17550,0
20151117,14.27,14.559,14.27,14.513,8022,0
20151118,14.513,14.746,14.503,14.746,5317,0
20151119,14.746,14.83,14.653,14.793,1792,0
20151120,14.653,15.343,14.653,15.119,11707,0
20151123,15.119,15.119,14.746,14.746,569,0
20151124,14.933,14.933,13.906,14.419,7058,0
20151125,14.69,14.69,14.317,14.643,2953,0
20151126,14.643,14.643,14.279,14.606,2583,0
20151127,14.606,14.606,13.533,13.589,5891,0
20151130,13.579,13.682,13.346,13.346,7494,0
20151201,13.346,13.663,13.346,13.654,514,0
20151202,13.654,13.953,13.066,13.533,4311,0
20151203,13.859,13.859,13.066,13.523,1972,0
20151204,13.523,13.85,13.449,13.682,2744,0
20151207,13.299,13.663,13.299,13.617,2581,0
20151208,13.617,13.617,12.973,13.346,8878,0
20151209,13.393,13.393,13.066,13.346,762,0
20151210,13.346,13.355,13.253,13.355,109,0
20151211,13.113,13.719,13.113,13.626,5670,0
20151214,13.626,13.701,13.299,13.533,5812,0
20151215,13.654,13.654,13.626,13.626,1271,0
20151216,13.533,13.533,13.477,13.477,1645,0
20151217,13.514,13.663,13.514,13.663,4681,0
20151218,13.663,14.363,13.626,13.859,9284,0
20151221,13.859,13.859,13.719,13.719,5195,0
20151222,13.859,14.177,13.859,14.139,1579,0
20151223,14.457,14.457,13.999,14.111,1200,0
20151228,14.111,14.111,13.813,13.99,2650,0
20151229,14.111,14.111,13.999,14.111,4416,0
20151230,14.111,14.233,13.43,14.233,8533,0
20160104,14.233,14.933,13.589,13.981,4146,0
20160105,13.981,13.981,13.589,13.971,347,0
20160107,13.971,13.971,13.393,13.514,3108,0
20160108,13.897,13.962,13.43,13.813,2205,0
20160111,13.43,13.897,13.43,13.766,280,0
20160112,13.766,13.813,13.738,13.738,359,0
20160113,13.738,13.738,13.701,13.701,561,0
20160114,13.682,13.682,13.001,13.15,3975,0
20160115,13.029,13.719,13.029,13.71,2455,0
20160118,13.719,14.746,13.066,14.139,9705,0
20160119,14.41,14.41,13.775,14.093,185,0
20160120,14.177,14.177,13.775,14.177,1287,0
20160121,14.167,14.167,13.533,13.533,698,0
20160122,13.859,13.999,13.533,13.579,2853,0
20160125,13.719,14.559,13.626,14.261,2929,0
20160126,14.223,14.233,14.177,14.233,1723,0
20160127,14.261,14.279,13.953,14.27,4312,0
20160128,14.373,14.373,13.999,14.186,774,0
20160129,14.186,14.186,13.542,13.766,7890,0
20160201,13.719,14.839,13.719,14.606,3253,0
20160202,14.606,14.653,14.373,14.373,1533,0
20160203,14.373,15.483,14.373,15.269,4431,0
20160204,15.483,15.483,15.399,15.483,597,0
20160205,15.483,15.483,15.446,15.446,68,0
20160208,15.483,15.483,15.007,15.399,18,0
20160209,15.381,15.381,14.746,15.371,2572,0
20160210,15.343,15.343,15.063,15.063,2,0
20160211,15.063,15.063,14.279,15.017,18189,0
20160212,14.914,14.914,14.746,14.746,2,0
20160215,14.718,14.718,14.102,14.466,865,0
20160216,14.373,14.737,14.102,14.513,3431,0
20160217,14.513,14.55,14.513,14.55,2,0
20160218,14.55,14.55,14.466,14.541,359,0
20160219,14.531,14.55,14.466,14.466,354,0
20160222,14.905,14.905,14.279,14.709,1558,0
20160223,14.709,14.709,14.466,14.466,2,0
20160224,14.466,14.466,14.139,14.466,2622,0
20160225,14.466,14.466,14.139,14.466,1074,0
20160226,14.466,14.709,14.139,14.709,1426,0
20160229,14.699,14.746,14.559,14.737,938,0
20160301,14.737,14.839,14.559,14.783,1770,0
20160302,14.783,14.886,14.662,14.839,3219,0
20160303,14.839,14.933,14.746,14.839,3772,0
20160304,14.839,14.923,14.839,14.886,504,0
20160307,14.886,14.914,14.886,14.886,1564,0
20160308,14.886,14.914,14.886,14.914,344,0
20160309,14.914,14.933,14.905,14.933,1696,0
20160310,14.933,15.119,14.914,15.11,612,0
20160311,15.119,15.623,14.942,15.623,5311,0
20160314,15.763,15.763,15.446,15.763,1079,0
20160315,15.866,17.266,15.754,16.986,7411,0
20160316,17.079,17.079,16.333,16.435,6088,0
20160317,17.219,17.639,16.781,17.229,9082,0
20160318,17.639,18.096,17.359,18.096,2953,0
20160321,18.096,18.479,18.096,18.386,4083,0
20160322,18.059,18.059,17.499,17.854,4837,0
20160323,17.863,17.863,17.499,17.732,1805,0
20160324,18.19,18.19,16.799,17.714,2877,0
20160329,17.704,18.199,17.546,18.096,6129,0
20160330,18.386,18.479,17.938,18.423,3577,0
20160331,18.46,18.479,18.274,18.348,4622,0
20160401,18.432,19.104,18.432,18.852,23881,0
20160404,18.852,19.394,18.852,19.3,10792,0
20160405,19.739,19.739,19.048,19.226,6544,0
20160406,19.272,19.739,18.666,19.011,10225,0
20160407,19.73,19.73,18.572,18.572,4866,0
20160408,18.712,18.806,18.059,18.712,2650,0
20160411,19.123,19.123,17.462,17.826,4707,0
20160412,17.863,18.544,17.863,18.348,1842,0
20160413,18.572,18.572,18.106,18.106,378,0
20160414,18.376,18.376,16.799,17.91,4120,0
20160415,17.826,17.826,16.799,17.574,3933,0
20160418,17.574,17.872,17.359,17.816,2292,0
20160419,17.863,17.872,17.835,17.835,312,0
20160420,17.835,17.872,17.397,17.835,138,0
20160421,17.872,17.872,17.453,17.732,305,0
20160422,17.723,17.723,16.155,17.62,8839,0
20160425,17.639,17.639,16.846,16.846,2172,0
20160426,16.799,16.827,15.969,15.969,6624,0
20160427,15.959,16.678,15.913,16.585,5085,0
20160428,16.613,16.753,16.286,16.398,8869,0
20160429,16.286,16.333,15.679,15.866,6823,0
20160502,15.866,16.771,15.866,16.771,2299,0
20160504,16.771,18.096,16.771,17.872,6002,0
20160505,17.863,17.863,17.266,17.732,109,0
20160506,17.732,17.732,16.706,16.79,3085,0
20160509,16.753,17.014,16.753,16.977,3733,0
20160510,16.939,16.939,15.819,16.239,5731,0
20160511,16.305,16.799,16.249,16.753,4374,0
20160512,16.734,16.79,16.473,16.473,1619,0
20160513,16.762,16.762,16.389,16.706,348,0
20160516,16.781,16.781,16.753,16.753,2228,0
20160517,16.753,16.781,15.091,15.427,14798,0
20160518,15.605,15.605,15.241,15.399,538,0
20160519,15.549,15.549,13.999,14.653,11101,0
20160520,14.653,15.203,14.653,15.194,2925,0
20160523,15.698,15.698,14.933,15.166,4048,0
20160524,15.194,15.194,14.933,14.933,3199,0
20160525,15.026,15.698,14.933,15.698,1321,0
20160527,15.679,15.679,14.933,15.194,7440,0
20160530,15.194,15.194,14.914,14.914,1134,0
20160531,15.194,15.194,14.914,14.914,410,0
20160601,14.867,14.867,13.999,14.447,10562,0
20160602,14.447,14.466,14.279,14.466,575,0
20160603,14.466,14.466,14.27,14.438,1123,0
20160606,14.438,14.438,13.794,13.999,3766,0
20160607,13.999,13.999,13.915,13.953,12939,0
20160608,13.999,13.999,13.953,13.953,525,0
20160609,13.953,13.953,13.906,13.906,379,0
20160610,13.906,13.906,13.533,13.533,4497,0
20160613,13.533,13.803,12.693,13.486,4923,0
20160614,13.477,13.477,12.795,13.066,4746,0
20160615,13.066,13.337,12.702,13.066,6262,0
20160616,13.477,13.477,12.786,13.066,763,0
20160617,13.066,13.066,12.982,13.066,56,0
20160620,13.019,13.066,12.879,13.066,3381,0
20160621,13.066,13.495,13.057,13.486,1858,0
20160622,13.495,14.419,13.495,14.037,1236,0
20160623,14.037,14.373,14.037,14.335,576,0
20160624,13.066,13.439,12.973,13.383,12206,0
20160627,13.393,13.747,13.393,13.719,2996,0
20160628,13.673,14.093,13.449,14.093,2081,0
20160629,14.093,14.401,14.093,14.279,204,0
20160630,14.354,14.354,14.242,14.279,2829,0
20160701,14.279,14.279,13.906,14.223,919,0
20160704,14.279,14.279,13.635,14.27,4971,0
20160705,14.27,14.27,13.9993,13.9993,261,0
20160706,14.2607,14.2607,13.4394,13.9993,5279,0
20160707,14.1767,14.1767,13.9433,14.0927,601,0
20160708,14.1767,14.1767,13.8593,13.99,2353,0
20160711,14.1,14.15,13.87,13.87,1603,0
20160712,13.9,14,13.9,14,903,0
20160713,13.97,13.97,13.7,13.88,439,0
20160714,13.88,13.98,13.8,13.8,442,0
20160715,13.8,14,13.8,13.9,344,0
20160718,13.79,14,13.79,14,3277,0
20160719,14,14,13.95,13.98,2212,0
20160720,13.81,13.98,13,13.48,5790,0
20160721,13.9,13.9,13.32,13.5,4060,0
20160722,13.5,13.5,13.45,13.45,451,0
20160725,13.5,13.5,13.1,13.1,5223,0
20160726,13.45,13.47,13.11,13.39,6210,0
20160727,13.39,13.4,13.3,13.39,239,0
20160728,13.39,13.4,13.15,13.29,1636,0
20160729,13.29,13.29,13.28,13.28,92,0
20160801,13.28,13.29,13,13,2233,0
20160802,13,13.28,12.96,13.27,12376,0
20160803,13.28,13.46,13.28,13.38,8234,0
20160804,13.46,13.46,13.38,13.44,1432,0
20160805,13.46,13.85,13.44,13.84,14441,0
20160808,13.84,13.84,13.6,13.81,706,0
20160809,13.36,14.5,12.77,14.25,32347,0
20160810,14.24,14.24,13.9,14.19,2610,0
20160811,14.19,14.23,13.9,14.19,2008,0
20160812,14.19,14.29,14.19,14.28,2514,0
20160816,14.28,14.28,14.2,14.28,142,0
20160817,14.28,14.28,13.6,14.26,993,0
20160818,14.29,14.29,13.6,14.28,1067,0
20160819,14.28,14.29,14,14.29,707,0
20160822,14.29,14.29,13.9,14.2,178,0
20160823,14.2,14.29,13.98,14.2,980,0
20160824,14,14.29,14,14.2,1414,0
20160825,14.29,14.29,14,14.22,823,0
20160826,14.22,14.22,13.8,13.88,1711,0
20160829,13.8,14,13.13,13.3,3311,0
20160830,13.44,13.44,13.04,13.35,1842,0
20160831,12.8,13.35,12.05,12.7,15245,0
20160901,13.1,13.95,13.1,13.75,8869,0
20160902,13.75,14.19,12.5,13.75,15186,0
20160905,14.06,14.06,13.3,13.75,2556,0
20160906,14.05,14.05,13.37,13.37,3090,0
20160907,13.45,13.76,13.45,13.55,2479,0
20160908,13.65,13.88,13.56,13.75,5861,0
20160909,13.75,13.85,13.55,13.74,1898,0
20160912,13.7,13.7,13.45,13.65,2610,0
20160913,13.74,13.74,13.25,13.6,1802,0
20160914,13.7,13.7,13.36,13.67,364,0
20160915,13.55,13.55,13.36,13.55,221,0
20160916,13.67,13.74,13.45,13.69,711,0
20160919,13.74,13.74,13.65,13.74,402,0
20160920,13.74,13.74,13.2,13.2,2140,0
20160921,13.5,13.74,12.85,12.9,4785,0
20160922,13.43,13.43,13.4,13.4,2,0
20160923,13.44,13.44,13,13,883,0
20160926,13.39,13.44,12.9,13.44,301,0
20160927,13.44,13.44,13.01,13.41,508,0
20160928,13.43,13.43,13,13,464,0
20160929,13.2,13.2,13,13.17,2266,0
20160930,13.2,13.2,13.02,13.2,958,0
20161003,13.25,13.25,12.29,12.94,2344,0
20161004,12.95,12.95,12.17,12.84,3688,0
20161005,12.84,12.95,12.63,12.87,2347,0
20161006,12.85,12.85,12.51,12.8,841,0
20161007,12.8,12.8,12.56,12.8,54,0
20161010,12.8,12.8,12.78,12.78,2,0
20161011,12.8,12.8,12.5,12.7,3497,0
20161012,12.71,12.71,12.67,12.67,73,0
20161013,12.66,12.66,12.63,12.63,2,0
20161014,12.62,12.62,12.02,12.47,2513,0
20161017,12.35,12.35,11.75,12.02,2614,0
20161018,11.99,12.02,11.99,11.99,170,0
20161019,11.99,11.99,11.23,11.63,3294,0
20161020,11.51,11.55,11.14,11.39,3198,0
20161021,11.38,11.39,10.77,11.25,3046,0
20161024,11.29,11.29,11.01,11.15,4220,0
20161025,11.36,11.36,10.93,11.1,731,0
20161026,11.1,11.31,11.1,11.31,426,0
20161027,11.31,11.31,10.93,11.1,1257,0
20161028,11.1,11.1,10.96,11.1,788,0
20161031,11.31,11.36,11,11.36,4261,0
20161102,11.89,11.89,11.1,11.3,2487,0
20161103,11.05,11.66,11.05,11.6,1203,0
20161104,11.62,11.88,11.31,11.88,1202,0
20161107,11.89,11.89,11.6,11.6,262,0
