Date,Open,High,Low,Close,Volume,OpenInt
20110412,6.7346,7.1646,6.7276,7.0469,782352,0
20110413,7.0744,7.2131,7.0191,7.0398,259540,0
20110414,7.0191,7.0191,6.8732,6.915,87603,0
20110415,6.9081,6.9356,6.6097,6.8664,98038,0
20110418,6.8594,7.0398,6.7346,6.9356,128665,0
20110419,6.8664,7.1022,6.8664,7.0675,51062,0
20110420,7.0051,7.0744,6.9704,7.0051,15081,0
20110421,7.0051,7.1022,6.9428,7.0884,142079,0
20110426,7.1092,7.4558,7.1092,7.3935,118408,0
20110427,7.3935,7.8997,7.3519,7.7404,121576,0
20110428,7.7056,7.872,7.6987,7.7957,35615,0
20110429,7.6987,7.8096,7.6987,7.7472,12908,0
20110502,7.6987,7.6987,7.5739,7.6709,9907,0
20110504,7.6017,7.7749,7.2826,7.7333,57961,0
20110505,7.6987,7.8028,7.4906,7.7749,26631,0
20110506,7.7681,7.8581,7.5044,7.8581,50029,0
20110509,7.7472,7.8651,7.5599,7.8028,14260,0
20110510,7.761,7.8373,7.5877,7.8028,22310,0
20110511,7.5946,7.8373,7.5946,7.7957,23556,0
20110512,7.6779,7.8305,7.6779,7.8234,25352,0
20110513,7.7333,7.8305,7.7333,7.7889,25234,0
20110516,7.7681,7.8305,7.6641,7.7333,30792,0
20110517,7.6363,7.7681,7.5946,7.6294,16906,0
20110518,7.6294,7.8373,7.6294,7.8373,52626,0
20110519,7.8305,8.1773,7.6641,8.0733,48077,0
20110520,7.9895,8.1144,7.9761,8.0944,16591,0
20110523,7.9829,7.9829,7.8305,7.9761,11287,0
20110524,7.8581,7.9829,7.8581,7.9829,4922,0
20110525,7.9761,7.9761,7.7126,7.9069,26052,0
20110526,7.7404,7.9694,7.7194,7.8929,1998,0
20110527,7.9694,7.9761,7.6363,7.8028,4654,0
20110530,7.6987,8.1078,7.6294,7.9275,25046,0
20110531,7.9069,7.9206,7.6363,7.6987,4163,0
20110601,7.6641,7.7681,7.5669,7.7681,2784,0
20110602,7.761,7.8373,7.6294,7.8028,8650,0
20110603,7.6363,7.8373,7.6363,7.8373,8920,0
20110606,7.6363,7.8028,7.6294,7.6987,3857,0
20110607,7.6987,7.7681,7.0051,7.6224,9817,0
20110608,7.6224,7.761,7.3728,7.7333,7555,0
20110609,7.5599,7.6918,7.5599,7.6294,3734,0
20110610,7.6294,7.6294,7.5599,7.6294,4051,0
20110613,7.5599,7.6294,7.5599,7.6224,5070,0
20110614,7.3728,7.6641,7.3519,7.5531,36439,0
20110615,7.3519,7.5531,7.1438,7.4906,7131,0
20110616,7.1856,7.5531,7.1438,7.3519,6637,0
20110617,7.1092,7.3033,7.1092,7.1646,4697,0
20110620,7.1092,7.1092,6.8664,7.0675,24756,0
20110621,6.9356,6.9356,6.8664,6.9356,2347,0
20110622,6.9356,6.9981,6.8732,6.9356,43987,0
20110624,6.8387,6.8664,6.8387,6.8456,1921,0
20110627,6.8456,6.9356,6.7623,6.9288,2802,0
20110628,6.7623,6.8317,6.7276,6.7276,4660,0
20110629,6.7276,6.9288,6.5959,6.9288,9198,0
20110630,6.901,6.901,6.6375,6.8942,1834,0
20110701,6.6029,6.9219,6.6029,6.915,6910,0
20110704,6.915,6.9219,6.915,6.915,1890,0
20110705,6.6653,6.8594,6.6653,6.7969,4614,0
20110706,6.7901,6.7969,6.7901,6.7969,2162,0
20110707,6.7969,6.7969,6.7276,6.7901,5173,0
20110708,6.6029,6.8247,6.6029,6.7484,5463,0
20110711,6.6375,6.7901,6.589,6.7831,3379,0
20110712,6.589,6.7416,6.4989,6.7346,2439,0
20110713,6.589,6.7762,6.5334,6.7554,3334,0
20110714,6.589,6.7416,6.5681,6.6375,3019,0
20110715,6.3878,6.589,6.3878,6.5819,11500,0
20110718,6.5752,6.5819,5.937,6.2421,30380,0
20110719,6.0342,6.2421,5.9994,5.9994,3442,0
20110720,5.9994,6.0342,5.8954,6.0272,839,0
20110721,5.9301,6.0272,5.9301,6.0272,229,0
20110722,5.9301,6.0481,5.9301,6.0481,1035,0
20110725,5.937,5.937,5.8954,5.9301,3394,0
20110726,5.8954,5.8954,5.833,5.8954,1606,0
20110727,5.9648,5.9648,5.7567,5.9301,597,0
20110728,5.7567,5.9301,5.618,5.9301,323,0
20110729,5.9301,5.9301,5.6319,5.6873,3627,0
20110801,5.618,5.6526,5.2156,5.3614,3704,0
20110802,5.3891,5.5417,5.2296,5.5417,5529,0
20110803,5.6804,5.6804,5.1256,5.4723,29604,0
20110804,5.2088,5.2088,5.07,5.2019,7003,0
20110805,4.9036,5.2019,4.7856,5.2019,7329,0
20110808,4.8551,5.2504,4.7856,5.0216,38895,0
20110809,4.6469,4.6538,4.1615,4.2308,17020,0
20110810,4.2308,4.5081,3.9534,4.2308,24184,0
20110811,4.1615,4.5776,4.0367,4.3695,10742,0
20110812,4.8203,4.8203,4.5776,4.7163,3633,0
20110816,4.8203,5.188,4.8203,5.188,2866,0
20110817,5.2019,5.2019,5.1463,5.1463,364,0
20110818,4.9244,4.9244,4.5776,4.8897,2665,0
20110819,4.6817,4.8412,4.6817,4.8412,2884,0
20110822,4.7163,4.7163,4.7163,4.7163,43,0
20110823,4.8551,4.8551,4.5081,4.5081,2822,0
20110824,4.5081,4.5081,4.5081,4.5081,1814,0
20110825,4.5081,4.5081,4.5081,4.5081,228,0
20110826,4.5081,4.5081,4.5081,4.5081,278,0
20110829,4.5081,4.8203,4.1615,4.1961,7884,0
20110830,4.2308,4.5014,4.2308,4.3002,2755,0
20110831,4.5014,4.5638,4.1615,4.1822,3915,0
20110901,4.3002,4.3002,4.1615,4.1615,1500,0
20110902,4.1615,4.1615,3.8841,3.8841,621,0
20110905,3.7454,3.8841,3.6135,3.6205,5084,0
20110906,3.6205,3.6205,3.5372,3.5372,1957,0
20110907,3.5372,3.8079,3.468,3.8079,13688,0
20110908,3.8147,3.8147,3.6759,3.8147,5333,0
20110909,4.0228,4.3695,4.0228,4.3348,6441,0
20110912,4.1615,4.1615,3.8147,4.092,15867,0
20110913,4.092,4.1059,3.7522,4.0853,4422,0
20110914,4.1615,4.3348,4.0853,4.0853,5392,0
20110915,4.0853,4.3695,4.0853,4.3695,19748,0
20110916,4.3903,4.3903,4.3695,4.3903,1837,0
20110919,4.0853,4.3833,4.0853,4.3833,1196,0
20110921,4.092,4.092,4.092,4.092,287,0
20110922,4.092,4.2239,4.092,4.2239,6921,0
20110923,4.1893,4.2656,4.0228,4.2656,4087,0
20110926,4.0575,4.0575,4.0228,4.0297,2237,0
20110927,4.0297,4.0297,3.8356,4.0158,4105,0
20110929,3.7522,3.9812,3.6066,3.8494,63148,0
20110930,3.8771,3.9881,3.8147,3.8147,1972,0
20111003,3.7383,3.7383,3.7106,3.7106,931,0
20111004,3.5372,3.8356,3.5372,3.8356,750,0
20111005,3.8147,3.8147,3.8079,3.8147,1455,0
20111006,3.7454,3.9672,3.6135,3.6135,2903,0
20111007,3.6759,3.6759,3.5719,3.6759,3579,0
20111010,3.6898,3.6898,3.6759,3.6829,5196,0
20111011,3.6898,3.6898,3.6898,3.6898,1441,0
20111012,3.7176,3.7176,3.7176,3.7176,2389,0
20111013,3.7454,3.7454,3.7454,3.7454,2507,0
20111014,3.8147,3.8217,3.8147,3.8217,12672,0
20111017,3.8563,3.8563,3.8563,3.8563,50,0
20111018,3.8563,3.8563,3.8494,3.8563,1753,0
20111019,3.8494,3.8494,3.8494,3.8494,3451,0
20111020,3.8494,3.8494,3.8494,3.8494,203,0
20111021,3.8841,3.8841,3.8841,3.8841,216,0
20111024,3.8494,3.9534,3.8494,3.9534,6856,0
20111025,3.891,4.3002,3.8841,4.3002,3074,0
20111026,4.2656,4.3002,4.0297,4.0297,7550,0
20111027,4.3002,4.4319,4.3002,4.425,1011,0
20111028,4.425,4.425,4.3348,4.425,797,0
20111031,4.425,4.425,4.425,4.425,162,0
20111102,4.4181,4.4389,4.1059,4.1059,8482,0
20111103,4.4319,4.5014,4.21,4.2169,5485,0
20111104,4.2239,4.2239,4.2239,4.2239,1580,0
20111107,4.2378,4.2378,4.1059,4.2378,3569,0
20111108,4.2308,4.3626,4.2308,4.3626,473,0
20111109,4.3626,4.3626,3.8841,3.8841,7318,0
20111110,4.0228,4.2656,4.0228,4.2656,1619,0
20111114,4.2656,4.2656,4.2656,4.2656,25,0
20111115,4.2308,4.2585,4.1961,4.2585,405,0
20111116,4.2169,4.2585,4.2169,4.2585,299,0
20111117,4.0158,4.1615,3.891,4.1615,1507,0
20111118,4.1615,4.2656,4.0228,4.2656,827,0
20111123,3.7522,4.1615,3.7522,4.1615,644,0
20111125,4.1545,4.1545,4.1545,4.1545,95,0
20111129,3.7661,4.1615,3.7661,4.1615,1643,0
20111130,4.16,4.3026,3.8669,4.16,3465,0
20111201,4.1406,4.1406,4.1269,4.1269,29688,0
20111202,4.1199,4.1615,4.1199,4.1615,1364,0
20111205,4.1545,4.1545,3.8563,4.1476,300,0
20111206,3.8632,4.092,3.8147,4.092,1707,0
20111207,4.092,4.1269,3.8841,4.092,22331,0
20111208,4.092,4.3002,4.092,4.1615,2641,0
20111209,4.3348,4.3348,4.3348,4.3348,105,0
20111212,4.1615,4.3695,4.1615,4.3695,1501,0
20111213,4.1615,4.3695,4.1615,4.3695,67530,0
20111214,4.0228,4.1545,3.9187,4.1545,6074,0
20111215,3.8217,4.1615,3.8217,4.092,3055,0
20111216,4.092,4.2239,4.0228,4.2239,1155,0
20111219,4.2031,4.2031,3.8356,4.1338,18472,0
20111220,3.8494,4.0781,3.8494,4.0781,193,0
20111221,3.8147,4.0713,3.8147,4.0228,342,0
20111222,3.8285,4.0228,3.8147,3.8217,3574,0
20111223,3.8217,4.0019,3.7454,4.0019,5858,0
20111227,3.7454,3.7454,3.6066,3.7106,2792,0
20111228,3.7106,3.7106,3.7106,3.7106,1227,0
20111229,3.7454,3.8147,3.7106,3.7106,937,0
20111230,3.8114,3.9699,3.8114,3.9303,25756,0
20120102,3.9881,4.1406,3.8147,4.1406,2339,0
20120103,4.1269,4.5081,4.1269,4.5081,3470,0
20120104,4.4736,4.4736,4.2656,4.2656,356,0
20120105,4.425,4.425,4.1961,4.1961,497,0
20120109,4.2656,4.2656,3.9534,4.092,5519,0
20120110,4.1545,4.1545,4.1545,4.1545,1,0
20120111,4.1545,4.1545,4.1545,4.1545,2885,0
20120112,3.995,4.092,3.995,4.092,1552,0
20120113,4.092,4.092,3.891,3.9256,3801,0
20120116,4.0713,4.1615,3.8563,4.1615,7379,0
20120117,4.1615,4.5776,4.1615,4.3556,25026,0
20120118,4.1961,4.1961,4.092,4.1961,2348,0
20120119,4.3002,4.328,4.1754,4.1754,20603,0
20120120,4.1961,4.2585,4.1683,4.2308,1106,0
20120123,4.2932,4.2932,4.1338,4.1338,1302,0
20120124,4.1961,4.1961,4.0991,4.1961,508,0
20120125,4.1961,4.2656,4.1754,4.2656,1002,0
20120126,4.2585,4.3002,4.2308,4.3002,39273,0
20120127,4.3348,4.4111,4.3348,4.3695,2603,0
20120130,4.3626,4.3626,4.2308,4.2308,597,0
20120131,4.3501,4.3581,4.3106,4.3106,5558,0
20120201,4.3556,4.3556,4.1683,4.3348,2052,0
20120202,4.328,4.328,4.1683,4.2308,2444,0
20120203,4.2656,4.2656,4.1615,4.2308,2301,0
20120206,4.3002,4.3002,4.1615,4.2308,8318,0
20120207,4.3002,4.4111,4.3002,4.3002,1780,0
20120208,4.4111,4.4736,4.2031,4.4736,17639,0
20120209,4.4667,4.5706,4.314,4.5706,9366,0
20120210,4.5081,4.5081,4.3833,4.4389,5008,0
20120213,4.5081,4.6122,4.5014,4.6122,6362,0
20120214,4.6054,4.7856,4.5568,4.7856,2947,0
20120215,4.8203,5.0145,4.8203,5.0145,27987,0
20120216,4.9244,5.0422,4.8134,5.0422,10424,0
20120217,4.9314,5.084,4.8551,5.084,3027,0
20120220,5.1117,5.1117,4.9106,5.0978,1545,0
20120221,5.0978,5.0978,4.8897,4.9869,522,0
20120222,4.9869,4.9869,4.8551,4.9244,3576,0
20120223,5.084,5.188,5.07,5.1671,2184,0
20120224,5.2712,5.4793,5.2227,5.4583,6436,0
20120227,5.5486,5.5486,5.4793,5.4793,6218,0
20120228,5.5486,5.5486,5.2781,5.299,3991,0
20120229,5.4831,5.4831,5.2535,5.4119,8177,0
20120301,5.4098,5.9509,5.396,5.8259,12608,0
20120302,5.9509,5.9509,5.8259,5.8954,3999,0
20120305,5.8606,5.8606,5.6526,5.6666,1713,0
20120306,5.6319,5.6873,5.6319,5.6666,5049,0
20120307,5.6526,5.6526,5.6526,5.6526,6,0
20120308,6.1034,6.1034,5.7219,5.833,11152,0
20120309,5.833,5.833,5.8259,5.8259,10193,0
20120312,5.8259,5.8259,5.7219,5.8259,787,0
20120313,5.7567,5.8884,5.7567,5.7914,1101,0
20120314,5.8259,5.9509,5.8259,5.9301,5266,0
20120315,5.9787,5.9925,5.8259,5.8259,11713,0
20120316,5.8259,5.8259,5.7358,5.7358,14748,0
20120319,5.8954,5.8954,5.7219,5.8259,1588,0
20120320,5.8192,5.833,5.5486,5.5486,49224,0
20120321,5.5208,5.5208,5.2019,5.2019,1706,0
20120322,4.8758,4.9937,4.8551,4.8551,2128,0
20120323,4.8551,4.8689,4.8551,4.8689,450,0
20120326,5.1949,5.1949,4.9592,4.9592,829,0
20120327,5.1256,5.1256,4.8551,4.8551,23290,0
20120328,4.8481,4.8481,4.543,4.543,2796,0
20120329,4.5776,4.8412,4.543,4.8412,7464,0
20120330,4.8415,5.198,4.8415,5.198,86988,0
20120402,5.0978,5.0978,4.8551,4.8551,986,0
20120403,5.188,5.188,4.9244,4.9244,405,0
20120404,4.9314,4.9314,4.9244,4.9244,184,0
20120405,5.1047,5.4098,5.1047,5.3058,38326,0
20120410,5.2781,5.2781,5.0631,5.0631,6736,0
20120411,4.9799,5.1671,4.966,5.1671,2783,0
20120412,5.396,5.396,5.0284,5.0769,3897,0
20120413,4.9453,5.1671,4.9453,5.0631,1690,0
20120416,5.1671,5.299,5.0978,5.299,3986,0
20120417,5.2931,5.5467,5.2931,5.5307,13767,0
20120418,5.5347,5.7914,5.5347,5.7567,19527,0
20120419,5.7496,5.7567,5.5486,5.7567,2046,0
20120420,5.7496,5.7496,5.5001,5.7496,2446,0
20120423,5.7219,5.7496,5.3406,5.7496,14488,0
20120424,5.5486,5.8121,5.2227,5.3406,14036,0
20120425,5.299,5.5347,5.2088,5.2156,5032,0
20120426,5.2156,5.4655,5.2019,5.2156,7330,0
20120427,5.2227,5.4445,5.2227,5.2434,564,0
20120430,5.4754,5.4831,5.3723,5.3723,1874,0
20120502,5.4098,5.4098,5.2504,5.2504,6934,0
20120504,5.3406,5.3406,5.3406,5.3406,448,0
20120507,5.2574,5.4098,5.2574,5.4031,2579,0
20120508,5.4031,5.5139,5.4031,5.5139,2089,0
20120509,5.5069,5.515,5.4198,5.515,1788,0
20120510,5.4435,5.5467,5.4435,5.515,1458,0
20120511,5.7209,5.7209,5.4673,5.515,1884,0
20120514,5.5486,5.6873,5.3753,5.4098,8941,0
20120515,5.4793,5.6873,5.3406,5.611,58098,0
20120516,5.6873,5.6873,5.5972,5.6526,6435,0
20120517,5.618,5.6893,5.618,5.6893,4136,0
20120518,5.6576,5.6576,5.4198,5.4198,6850,0
20120521,5.5467,5.6496,5.4912,5.618,8189,0
20120522,5.6258,5.6893,5.4198,5.6893,90352,0
20120523,5.4198,5.7052,5.4198,5.5467,14755,0
20120524,5.7131,5.7131,5.5625,5.5625,43597,0
20120525,5.3881,5.5467,4.9128,5.5467,37076,0
20120528,5.6576,5.6576,5.5467,5.5467,31466,0
20120529,5.6258,5.7844,5.4673,5.7844,40422,0
20120530,5.5782,5.5782,5.3881,5.3881,2497,0
20120531,5.4673,5.6656,5.4277,5.6656,24478,0
20120601,5.6656,5.6656,5.4277,5.4356,4072,0
20120604,5.4356,5.4356,5.4277,5.4277,5492,0
20120606,5.4277,5.4277,5.3486,5.3486,1671,0
20120608,5.3565,5.3565,5.3565,5.3565,176,0
20120611,5.3565,5.3565,5.3486,5.3486,2793,0
20120612,5.3486,5.3565,5.3486,5.3565,388,0
20120613,5.3881,5.3881,5.3881,5.3881,126,0
20120614,5.3565,5.5467,5.3486,5.3881,9287,0
20120615,5.5467,5.824,5.5387,5.824,1716,0
20120618,5.8003,5.8635,5.8003,5.824,5689,0
20120619,5.6893,5.7052,5.6814,5.7052,5654,0
20120620,5.7052,5.7052,5.7052,5.7052,190,0
20120621,5.7052,5.8398,5.7052,5.7131,1099,0
20120622,5.7052,5.8635,5.7052,5.8635,4955,0
20120625,5.8556,5.8635,5.7844,5.8081,2466,0
20120626,5.7844,5.9429,5.7844,5.9429,7571,0
20120627,6.1806,6.2597,5.9429,6.2122,66490,0
20120628,6.2597,6.2597,5.9825,5.9825,3343,0
20120629,5.9507,6.0933,5.7288,5.9429,26851,0
20120702,5.9429,5.9825,5.9429,5.9825,539,0
20120703,5.9825,5.9825,5.9825,5.9825,91,0
20120704,5.9825,5.9825,5.9429,5.9429,7307,0
20120705,5.9429,5.9825,5.9429,5.9825,3174,0
20120706,5.9429,5.9429,5.9429,5.9429,8096,0
20120709,5.7922,5.8635,5.7922,5.8635,1382,0
20120710,5.7844,5.7844,5.5467,5.5467,11757,0
20120711,5.5467,5.6576,5.4435,5.5467,4695,0
20120712,5.5467,6.1014,5.5467,6.1014,111640,0
20120713,6.2597,6.4182,6.2597,6.2597,9063,0
20120716,6.2597,6.2597,5.9429,6.2597,581,0
20120717,6.1806,6.1806,6.1806,6.1806,64,0
20120718,6.2994,6.339,5.9667,6.339,5432,0
20120719,6.1806,6.5767,6.1806,6.5767,5611,0
20120720,6.5767,6.5767,6.2678,6.2678,3116,0
20120723,6.1014,6.1014,6.1014,6.1014,252,0
20120724,6.1014,6.1014,6.022,6.022,882,0
20120725,6.1251,6.1251,5.9429,5.9429,31,0
20120726,6.1251,6.339,5.9429,6.339,1468,0
20120727,6.339,6.339,5.9825,6.0062,917,0
20120730,6.0062,6.1806,5.9825,5.9825,235,0
20120731,6.0618,6.0618,6.0618,6.0618,5,0
20120801,6.0618,6.0618,5.8635,5.8635,625,0
20120802,5.6734,6.022,5.6734,6.022,318,0
20120803,5.6338,6.5767,5.6338,6.5767,13806,0
20120806,6.1884,6.5767,6.1884,6.5767,10417,0
20120807,6.6084,6.6084,6.3231,6.3231,929,0
20120808,6.5767,6.5767,6.1806,6.1806,940,0
20120809,6.1014,6.6084,6.1014,6.6084,1582,0
20120810,6.6084,6.6084,6.339,6.339,1799,0
20120813,6.5767,6.8144,6.5371,6.7352,19165,0
20120814,6.8144,6.8144,6.5767,6.5767,115258,0
20120816,6.8065,6.8065,6.5767,6.5767,5185,0
20120817,6.5767,6.5767,6.5767,6.5767,4036,0
20120820,6.7352,6.7352,6.339,6.339,127,0
20120821,6.339,6.339,6.1093,6.2044,988,0
20120822,6.4182,6.7352,6.2044,6.2044,2932,0
20120823,6.2281,6.2281,6.2201,6.2281,554,0
20120827,6.4024,6.4975,6.4024,6.4975,612,0
20120828,6.5767,6.5767,6.3548,6.3628,1011,0
20120829,6.7352,7.5196,6.7352,7.5196,24478,0
20120830,7.4482,7.9237,7.4482,7.5356,20396,0
20120831,7.3929,7.3929,7.3929,7.3929,379,0
20120903,7.3769,7.8445,7.3769,7.8445,24909,0
20120904,7.8049,7.9157,7.8049,7.8049,13901,0
20120905,7.8049,7.8049,7.5909,7.7653,2426,0
20120906,7.6069,7.7731,7.6069,7.7731,16975,0
20120907,7.8445,7.8445,7.6465,7.6465,5197,0
20120910,7.6069,7.6465,7.6069,7.6465,4991,0
20120911,7.6069,7.6069,7.488,7.488,2211,0
20120912,7.4482,7.6069,7.4482,7.6069,930,0
20120913,7.6069,7.6069,7.3691,7.6069,1587,0
20120914,7.6069,7.6069,7.4087,7.5672,2547,0
20120917,7.6069,7.6384,7.5593,7.5672,7134,0
20120918,7.6069,7.6306,7.5831,7.5831,9802,0
20120919,7.5831,8.3198,7.5831,7.9237,42064,0
20120920,8.256,8.256,7.7653,7.7653,14800,0
20120921,7.7335,7.9237,7.7335,7.9237,4635,0
20120924,7.7415,7.9237,7.7257,7.9237,5438,0
20120925,8.2164,8.2164,8.1219,8.1219,4,0
20120926,7.7969,8.003,7.694,8.003,1067,0
20120927,7.8762,7.9237,7.7019,7.9237,6975,0
20120928,7.712,7.8433,7.712,7.8433,3830,0
20121001,7.7653,8.003,7.7653,7.7891,1798,0
20121002,7.9237,7.9237,7.6544,7.9157,2490,0
20121003,7.9157,7.9237,7.8049,7.8683,4107,0
20121004,7.8445,7.8445,7.7335,7.7653,2425,0
20121005,7.7653,7.7653,7.7335,7.7335,777,0
20121008,7.8367,7.8367,7.7573,7.7573,1362,0
20121009,7.8367,7.8367,7.6861,7.6861,3310,0
20121010,7.8049,7.8049,7.5276,7.5276,346,0
20121011,7.5356,7.5988,7.5276,7.5276,32632,0
20121015,7.5276,7.5276,7.1314,7.4482,123065,0
20121016,7.1394,7.3929,7.1394,7.3929,6847,0
20121017,7.179,7.4482,7.179,7.4482,2112,0
20121018,7.4087,7.4087,7.2503,7.2978,918,0
20121019,7.2978,7.4087,7.2978,7.2978,3566,0
20121022,7.3056,7.3056,7.1314,7.2978,177808,0
20121023,6.9888,7.1314,6.9888,7.1314,3211,0
20121024,7.1314,7.2027,7.1314,7.1314,10587,0
20121025,7.2106,7.2899,7.1314,7.1314,589,0
20121026,7.1394,7.2344,7.1314,7.1394,3880,0
20121029,7.1472,7.7653,7.1314,7.6781,8305,0
20121030,7.7019,8.0826,7.7019,7.9237,8204,0
20121031,7.9172,8.7044,7.9172,8.319,12942,0
20121102,7.9555,8.2414,7.9555,8.2414,615,0
20121105,8.2164,8.2164,7.9237,7.9237,2214,0
20121106,7.908,8.0826,7.908,7.9237,3074,0
20121107,8.0826,8.1539,8.0826,8.1539,1881,0
20121108,7.9318,8.1455,7.9318,7.9711,213,0
20121109,7.9318,8.003,7.9237,8.003,5822,0
20121112,7.6465,8.2164,7.6465,8.2164,889,0
20121113,8.003,8.2328,8.003,8.1295,40289,0
20121114,8.1295,8.1848,8.0189,8.1848,1068,0
20121115,8.1539,8.1614,8.1539,8.1614,1446,0
20121116,8.1539,8.5578,8.0106,8.5578,40963,0
20121119,8.6294,8.7078,8.4784,8.7078,6806,0
20121120,8.7078,8.8667,8.637,8.8352,11789,0
20121121,8.7948,9.112,8.7948,9.112,126038,0
20121122,9.263,10.056,9.112,9.969,120104,0
20121123,10.301,10.301,9.906,10.031,14678,0
20121126,10.039,10.294,10.039,10.181,8079,0
20121127,10.181,10.221,10.08,10.143,3695,0
20121128,10.08,10.181,9.833,10.181,260918,0
20121129,10.134,10.221,10.11,10.143,6202,0
20121130,10.131,10.222,9.96,10.222,2986,0
20121203,10.294,10.301,10.143,10.221,8614,0
20121204,10.221,10.221,9.929,10.103,3185,0
20121205,10.157,10.157,10.039,10.039,2479,0
20121206,10.039,10.143,9.833,10.134,5211,0
20121207,10.127,10.143,9.993,10.127,1368,0
20121210,9.936,10.301,9.936,10.301,4044,0
20121211,10.341,10.887,10.341,10.887,3221,0
20121212,10.887,10.934,10.317,10.317,3630,0
20121213,10.308,10.381,10.23,10.332,4147,0
20121214,10.301,10.332,10.23,10.301,11515,0
20121217,10.301,10.697,10.301,10.435,2182,0
20121218,10.435,10.618,10.332,10.365,19641,0
20121219,10.618,10.618,10.308,10.308,11658,0
20121220,10.308,10.341,10.157,10.221,6681,0
20121221,10.07,10.419,10.07,10.419,1569,0
20121227,10.238,10.697,10.238,10.618,3349,0
20121228,10.697,10.736,10.452,10.736,6620,0
20130102,10.381,11.094,10.381,11.094,2903,0
20130103,11.244,11.244,11.094,11.094,718,0
20130104,11.085,11.094,10.817,10.817,20687,0
20130107,10.856,11.094,10.697,11.054,5678,0
20130108,11.054,11.37,11.054,11.181,5226,0
20130109,11.49,11.544,11.331,11.331,4848,0
20130110,11.704,11.704,11.268,11.6,1649,0
20130111,11.593,11.593,11.252,11.252,5095,0
20130114,11.268,11.331,11.141,11.331,3914,0
20130115,11.259,11.259,11.149,11.172,532,0
20130116,11.172,11.331,11.132,11.331,1645,0
20130117,11.481,11.481,11.195,11.331,924,0
20130118,11.45,11.481,11.252,11.45,3133,0
20130121,11.481,11.49,11.45,11.45,867,0
20130122,11.569,11.664,11.49,11.664,1987,0
20130123,11.732,11.863,11.569,11.863,4649,0
20130124,11.869,12.994,11.869,12.994,17666,0
20130125,13.152,13.152,12.364,12.512,6078,0
20130128,12.512,12.519,12.281,12.44,4498,0
20130129,12.519,12.947,12.297,12.44,4287,0
20130130,12.338,12.44,11.355,11.973,9810,0
20130131,11.847,11.847,11.356,11.847,5057,0
20130201,11.806,11.847,11.569,11.724,8839,0
20130204,11.845,11.845,11.49,11.608,7714,0
20130205,11.815,11.815,11.412,11.806,31476,0
20130206,11.806,11.806,11.584,11.65,2786,0
20130207,11.881,11.881,11.289,11.289,12787,0
20130208,11.182,11.469,11.118,11.469,3801,0
20130211,11.469,11.469,11.331,11.331,3079,0
20130212,11.756,11.756,11.281,11.486,6293,0
20130213,11.569,11.569,11.331,11.527,5055,0
20130214,11.412,11.569,11.248,11.444,20364,0
20130215,11.444,11.486,11.132,11.43,31135,0
20130218,11.593,11.65,11.436,11.584,6638,0
20130219,11.863,11.863,11.339,11.65,1539,0
20130220,11.486,11.643,11.388,11.601,3162,0
20130221,11.412,11.412,10.83,11.191,20546,0
20130222,11.158,11.478,11.158,11.469,3792,0
20130225,11.519,12.381,11.519,11.994,24360,0
20130226,12.281,12.281,11.756,12.019,2006,0
20130227,11.797,12.119,11.797,12.077,8761,0
20130228,12.06,12.381,11.831,12.101,16758,0
20130301,12.019,12.717,12.019,12.431,5293,0
20130304,12.224,12.717,12.119,12.707,12918,0
20130305,12.717,13.456,12.717,13.431,10763,0
20130306,13.537,13.537,12.955,12.98,4568,0
20130307,12.98,13.005,12.306,12.34,9147,0
20130308,12.151,12.872,12.151,12.47,5376,0
20130311,12.356,12.504,12.306,12.504,535,0
20130312,12.431,12.749,12.175,12.749,11687,0
20130313,12.479,12.717,12.322,12.717,2149,0
20130314,12.553,12.594,12.553,12.553,1164,0
20130315,12.553,13.307,12.553,13.128,4658,0
20130318,12.553,12.881,12.553,12.881,2148,0
20130319,12.717,12.881,12.717,12.717,1274,0
20130320,12.717,13.044,12.717,12.717,1530,0
20130321,12.963,13.128,12.553,12.56,20626,0
20130322,12.56,12.56,11.716,12.389,10627,0
20130325,12.143,12.791,12.143,12.717,3977,0
20130326,12.717,12.717,12.528,12.528,518,0
20130327,12.47,12.594,12.431,12.594,3305,0
20130328,12.389,12.717,12.389,12.707,4011,0
20130402,12.707,12.717,12.494,12.717,2593,0
20130403,12.479,12.881,12.479,12.881,63858,0
20130404,12.872,13.044,12.757,12.881,3284,0
20130405,12.897,13.037,12.676,12.89,1428,0
20130408,12.89,12.89,12.717,12.89,839,0
20130409,13.005,13.005,12.749,13.005,4887,0
20130410,12.914,12.963,12.742,12.742,14905,0
20130411,12.644,13.044,12.644,13.044,1513,0
20130412,13.044,13.044,12.767,12.931,1429,0
20130415,12.798,12.798,12.634,12.634,1047,0
20130417,12.798,12.798,11.895,11.895,1873,0
20130418,11.667,12.101,11.331,12.06,10204,0
20130419,11.527,12.06,11.486,12.06,3446,0
20130422,11.979,12.143,11.856,11.863,2205,0
20130423,12.101,12.306,11.797,11.797,2778,0
20130424,11.486,12.019,11.486,12.019,1423,0
20130425,12.06,12.06,11.895,11.895,353,0
20130426,11.658,11.895,11.65,11.895,11270,0
20130429,12.101,12.101,11.65,11.716,1212,0
20130430,11.584,11.815,11.584,11.815,989,0
20130502,11.97,11.97,11.97,11.97,256,0
20130506,11.822,11.97,11.815,11.905,985,0
20130507,11.937,12.306,11.937,12.183,12687,0
20130508,12.192,12.192,11.905,11.92,1234,0
20130509,11.92,12.143,11.92,11.92,3487,0
20130510,12.175,12.725,12.175,12.634,5575,0
20130513,12.634,12.634,12.594,12.594,1309,0
20130514,12.405,12.413,12.109,12.109,1941,0
20130515,12.011,12.224,12.011,12.143,1470,0
20130516,12.143,12.421,12.143,12.413,19335,0
20130517,12.413,12.413,12.143,12.143,1137,0
20130520,12.183,12.306,12.183,12.306,631,0
20130521,12.347,12.381,12.306,12.381,2017,0
20130522,12.389,12.455,12.256,12.256,648,0
20130523,12.224,12.232,12.011,12.232,1539,0
20130524,12.028,12.455,12.028,12.315,720,0
20130527,12.389,12.47,12.389,12.47,401,0
20130528,12.47,13.201,12.47,13.201,8800,0
20130529,13.144,14.357,13.144,13.947,8496,0
20130531,13.949,13.949,13.538,13.538,3963,0
20130603,13.545,14.3,13.537,14.268,2235,0
20130604,13.669,14.594,13.669,14.521,17490,0
20130605,14.594,14.769,14.506,14.521,2176,0
20130606,14.521,14.604,14.038,14.276,2598,0
20130607,13.972,14.062,13.66,14.062,22087,0
20130610,13.988,14.111,13.947,14.111,1939,0
20130611,13.956,14.111,13.956,14.111,265,0
20130612,14.111,14.431,14.03,14.431,632,0
20130613,14.431,14.44,14.357,14.44,9957,0
20130614,13.956,14.931,13.66,14.769,9319,0
20130617,14.562,15.169,14.538,14.769,17982,0
20130618,14.744,14.751,14.556,14.751,1025,0
20130619,14.556,14.556,14.44,14.44,4916,0
20130620,14.357,14.604,13.964,14.079,6936,0
20130621,13.956,14.111,12.757,13.865,5099,0
20130624,13.545,13.857,13.291,13.783,2158,0
20130625,13.381,13.783,13.381,13.775,2908,0
20130626,13.381,13.52,12.881,13.406,3358,0
20130627,13.019,13.356,13.019,13.356,1138,0
20130628,13.128,13.348,13.019,13.128,784,0
20130701,13.291,13.291,12.955,12.963,8465,0
20130702,13.128,13.25,12.963,13.25,1066,0
20130703,13.294,13.294,12.959,12.959,4484,0
20130704,13.496,16.383,13.496,15.67,41376,0
20130705,15.67,15.956,15.063,15.424,4201,0
20130708,15.875,16.236,15.186,15.67,15638,0
20130709,15.424,15.432,15.021,15.178,20653,0
20130710,14.604,15.589,14.604,15.219,160,0
20130711,15.219,15.589,14.357,15.194,4187,0
20130712,15.301,15.589,14.956,15.547,652,0
20130715,15.259,15.547,15.259,15.424,187,0
20130716,15.259,15.424,15.259,15.424,459,0
20130717,15.424,15.424,15.256,15.381,117,0
20130718,15.178,15.424,15.178,15.424,852,0
20130719,15.096,15.998,15.096,15.982,3883,0
20130722,15.99,16.163,15.99,16.081,19658,0
20130723,16.236,16.244,15.843,15.843,725,0
20130724,15.769,16.163,15.178,15.982,3825,0
20130725,15.982,15.982,15.269,15.432,1275,0
20130726,15.917,15.917,15.259,15.589,720,0
20130729,15.893,15.893,15.112,15.178,3369,0
20130730,15.178,15.893,15.178,15.752,564,0
20130731,15.736,15.736,15.736,15.736,139,0
20130801,15.734,15.734,15.349,15.349,1062,0
20130802,15.581,15.581,15.301,15.424,2687,0
20130805,15.432,15.432,15.424,15.424,964,0
20130806,15.341,15.341,15.341,15.341,116,0
20130807,15.407,15.752,15.211,15.752,1845,0
20130808,15.432,15.982,15.432,15.982,9820,0
20130809,15.843,17.23,15.596,17.23,105045,0
20130812,17.23,18.953,17.23,18.862,31478,0
20130813,18.87,19.682,18.665,19.239,6781,0
20130814,18.878,19.281,18.378,19.281,3510,0
20130816,19.239,19.239,18.599,18.599,1040,0
20130819,18.599,19.239,18.568,19.026,17083,0
20130820,18.954,19.037,18.458,19.037,4538,0
20130821,19.033,19.239,19.033,19.239,3022,0
20130822,19.239,19.239,19.033,19.033,579,0
20130823,19.113,19.238,18.861,19.238,4191,0
20130826,19.075,19.075,18.781,18.993,3175,0
20130827,18.702,19.196,18.627,19.196,9018,0
20130828,19.19,19.19,18.706,19.174,10817,0
20130829,19.174,19.174,18.788,19.116,4002,0
20130830,19.116,19.231,18.721,19.181,13729,0
20130902,19.215,19.239,19.009,19.215,3783,0
20130903,19.196,19.196,18.969,19.045,595,0
20130904,19.029,19.281,18.568,19.281,2875,0
20130905,18.962,19.281,15.794,19.281,78690,0
20130906,19.264,20.831,19.264,20.119,8725,0
20130909,20.119,21.544,20.119,21.544,85838,0
20130910,21.544,23.463,21.544,23.053,11096,0
20130911,23.053,23.471,22.431,23.053,3791,0
20130912,22.969,22.969,21.794,22.801,5699,0
20130913,22.642,23.053,22.642,22.96,1500,0
20130916,23.37,23.38,22.466,23.053,5624,0
20130917,22.809,23.044,22.633,22.969,13853,0
20130918,22.7,22.801,21.51,22.549,4383,0
20130919,22.751,23.035,22.381,22.542,4458,0
20130920,22.542,23.035,22.542,23.035,1603,0
20130923,23.229,23.229,22.557,22.625,3740,0
20130924,22.952,22.952,22.231,22.381,3424,0
20130925,22.222,23.219,22.222,22.567,3394,0
20130926,22.708,22.994,22.582,22.633,3316,0
20130927,23.053,23.053,22.607,22.607,975,0
20130930,22.633,23.881,22.633,23.806,11098,0
20131001,23.881,24.017,23.572,24.017,109506,0
20131002,24.644,25.819,24.394,25.148,5052,0
20131003,25.274,25.777,24.906,24.921,2910,0
20131004,24.914,25.819,24.914,25.45,11356,0
20131007,25.727,25.727,25.45,25.483,2669,0
20131008,25.483,25.734,25.399,25.399,3960,0
20131009,25.156,25.165,25.148,25.148,964,0
20131010,25.148,25.518,25.065,25.392,7441,0
20131011,25.568,25.651,25.483,25.618,1525,0
20131014,25.903,27.285,25.903,26.825,12898,0
20131015,27.244,27.244,26.079,26.656,16807,0
20131016,26.648,26.648,25.986,26.155,5644,0
20131017,26.17,26.9,25.986,26.9,2009,0
20131018,27.076,27.16,26.817,27.069,3730,0
20131021,27.411,28.468,27.411,27.998,9720,0
20131022,29.758,29.758,25.986,25.986,21017,0
20131023,25.819,25.986,25.274,25.568,5117,0
20131024,25.442,25.986,25.256,25.903,4230,0
20131025,26.648,26.825,25.986,26.825,8385,0
20131028,26.918,27.202,25.483,25.869,8123,0
20131029,25.819,26.49,25.316,26.406,14754,0
20131030,26.406,26.666,25.299,25.299,5097,0
20131031,25.299,25.978,24.419,25.978,9552,0
20131104,25.894,25.894,24.73,25.148,6817,0
20131105,25.392,25.475,24.855,24.855,4175,0
20131106,24.737,24.737,23.606,23.74,12693,0
20131107,23.614,24.259,23.564,23.856,4420,0
20131108,23.891,24.226,23.471,24.226,12099,0
20131112,23.179,24.226,23.053,24.226,16985,0
20131113,24.226,24.226,23.295,23.295,3734,0
20131114,23.337,23.471,22.139,22.524,4437,0
20131115,22.189,22.197,21.057,22.197,41394,0
20131118,22.121,22.156,21.804,21.895,4546,0
20131119,21.786,21.794,20.538,20.538,60010,0
20131120,20.16,20.789,19.85,20.538,29850,0
20131121,20.203,22.131,20.203,22.089,424466,0
20131122,22.466,24.184,22.172,24.125,22453,0
20131125,24.151,24.218,22.131,24.143,21847,0
20131126,23.355,23.723,22.768,23.723,4721,0
20131127,23.471,23.639,23.405,23.471,4757,0
20131128,22.793,23.849,22.793,23.471,17129,0
20131129,23.061,23.806,22.424,23.715,7557,0
20131202,23.471,24.896,23.471,23.974,8203,0
20131203,23.907,24.309,22.718,22.718,4686,0
20131204,22.718,23.43,22.391,23.244,2188,0
20131205,23.806,23.806,22.633,23.471,82342,0
20131206,23.463,23.556,23.053,23.556,3026,0
20131209,23.556,23.639,23.305,23.305,4037,0
20131210,23.305,23.514,23.002,23.514,2063,0
20131211,23.053,23.471,22.859,22.859,248,0
20131212,22.826,22.826,21.401,22.633,12577,0
20131213,22.801,23.295,22.718,22.718,489,0
20131216,22.633,23.597,22.096,23.597,15663,0
20131217,23.471,23.471,22.758,22.758,1307,0
20131218,22.718,22.768,22.356,22.356,698,0
20131219,22.214,22.633,22.214,22.298,18915,0
20131220,22.381,22.381,22.131,22.131,1109,0
20131223,22.206,22.633,22.046,22.633,353,0
20131227,22.969,24.344,22.969,23.471,2560,0
20131230,24.687,24.687,23.144,23.144,7938,0
20140102,24.158,24.158,23.481,23.572,469,0
20140103,23.589,23.589,23.305,23.305,591,0
20140107,23.153,23.153,22.272,22.633,4035,0
20140108,22.466,23.295,22.466,22.633,2712,0
20140109,22.056,22.633,22.056,22.633,1084,0
20140110,22.164,23.053,22.156,23.053,1051,0
20140113,23.194,23.194,22.089,22.089,1938,0
20140114,22.046,22.826,22.046,22.214,436,0
20140115,22.096,22.34,22.089,22.089,1052,0
20140116,22.542,23.128,22.466,22.819,941,0
20140117,22.247,22.877,22.046,22.131,3777,0
20140120,22.131,22.131,21.955,21.955,933,0
20140121,22.131,22.381,21.819,22.206,353,0
20140122,22.197,22.844,21.887,22.844,8542,0
20140123,22.844,22.844,21.157,22.139,35037,0
20140124,22.147,22.172,22.131,22.131,731,0
20140127,21.728,22.381,21.728,22.381,669,0
20140128,22.231,22.927,22.231,22.718,10572,0
20140129,23.053,23.053,22.718,22.844,779,0
20140130,22.718,22.718,22.718,22.718,72,0
20140131,23.035,23.035,22.222,22.466,623,0
20140203,23.094,23.094,22.758,22.758,6540,0
20140204,22.801,22.801,22.222,22.784,1252,0
20140205,23.219,23.219,22.625,22.625,1992,0
20140206,23.212,23.212,22.449,22.449,8880,0
20140207,22.381,22.381,22.214,22.214,20815,0
20140210,22.34,22.633,22.298,22.298,266,0
20140211,22.549,22.549,22.214,22.549,48317,0
20140212,22.633,23.061,22.633,23.053,6782,0
20140213,22.718,22.718,22.306,22.625,689,0
20140214,23.128,23.128,22.222,22.466,283,0
20140217,22.466,22.592,20.412,21.794,60090,0
20140218,21.711,21.794,21.149,21.794,60704,0
20140219,21.794,21.794,21.293,21.409,136,0
20140220,21.233,21.419,21.233,21.419,300533,0
20140221,21.779,21.779,20.956,20.973,4404,0
20140224,20.956,21.653,20.203,20.219,33459,0
20140225,20.228,20.512,20.119,20.369,1742,0
20140226,20.538,20.538,19.531,19.531,2150,0
20140227,19.281,19.692,19.281,19.314,1167,0
20140228,19.49,19.49,18.609,18.609,5154,0
20140303,18.332,19.289,17.519,18.181,5152,0
20140304,17.378,18.702,17.378,17.604,9190,0
20140305,18.332,18.332,17.687,18.106,1093,0
20140306,17.939,19.356,17.939,19.281,82255,0
20140307,19.868,19.883,19.281,19.281,8733,0
20140310,18.869,18.869,18.106,18.191,1536,0
20140311,18.443,18.443,18.015,18.022,974,0
20140312,17.637,17.856,17.277,17.604,2304,0
20140313,17.419,17.428,17.184,17.184,361,0
20140314,16.849,16.867,15.927,16.346,13211,0
20140317,16.019,17.101,16.019,17.083,2158,0
20140318,16.983,17.184,16.932,17.109,437,0
20140319,16.581,17.018,15.55,16.64,2128,0
20140320,16.346,16.925,16.346,16.766,2525,0
20140321,16.766,17.234,16.597,17.093,18320,0
20140324,16.766,16.766,16.64,16.64,137,0
20140325,16.849,16.867,16.731,16.731,4358,0
20140326,17,17.083,16.756,17.083,7563,0
20140327,17.093,17.093,16.806,16.816,1540,0
20140328,16.849,16.849,16.681,16.681,476,0
20140331,17.269,17.269,16.681,17.26,1577,0
20140401,17.419,17.436,17.411,17.411,8221,0
20140402,17.469,17.469,17.394,17.403,2738,0
20140403,17.511,18.317,17.478,17.478,137345,0
20140404,17.612,18.417,17.151,18.417,2804,0
20140407,18.443,18.861,18.443,18.861,8924,0
20140408,18.853,19.18,18.819,19.18,1852,0
20140409,19.18,19.18,18.869,19.029,497,0
20140410,19.163,19.44,18.886,19.196,1134,0
20140411,18.903,19.087,18.861,18.861,2418,0
20140414,18.861,18.861,18.115,18.45,69259,0
20140415,18.45,19.473,18.443,18.778,67117,0
20140416,18.735,18.861,18.735,18.735,754,0
20140417,19.196,19.196,18.778,18.778,248,0
20140422,18.778,18.861,18.357,18.677,61127,0
20140423,18.853,19.281,18.483,18.483,3369,0
20140424,18.493,18.534,18.031,18.443,19526,0
20140425,18.443,18.443,16.857,18.106,2479,0
20140428,18.106,18.106,17.269,18.106,41544,0
20140429,18.098,18.106,17.36,17.981,834,0
20140502,17.436,17.972,17.436,17.922,393,0
20140505,17.436,18.332,17.436,18.332,1234,0
20140506,18.325,18.325,17.856,18.317,391,0
20140507,17.645,18.317,17.645,17.655,13911,0
20140508,17.972,17.972,17.604,17.813,12283,0
20140509,17.806,17.806,17.436,17.604,606,0
20140512,17.595,17.595,17.595,17.595,12,0
20140513,17.595,17.604,17.511,17.604,824,0
20140514,17.595,17.856,17.569,17.856,745,0
20140515,17.846,18.241,17.327,18.224,756,0
20140516,16.867,17.101,15.381,15.676,45983,0
20140519,15.769,15.769,14.208,14.218,193234,0
20140520,14.024,14.074,13.831,13.991,16871,0
20140521,13.956,13.982,12.725,12.725,36070,0
20140522,13.069,13.069,11.987,12.181,53406,0
20140523,12.481,13.102,12.465,13.027,7362,0
20140526,13.228,13.329,13.035,13.219,7521,0
20140527,13.329,13.581,13.044,13.219,7072,0
20140528,13.102,13.119,12.574,12.574,8630,0
20140529,13.035,13.035,12.574,12.574,4533,0
20140530,13.128,13.286,12.7,12.893,6064,0
20140602,13.161,14.359,13.161,14.293,55277,0
20140603,14.334,14.519,14.334,14.377,3700,0
20140604,14.384,14.384,13.916,14.334,973,0
20140605,14.293,14.394,14.293,14.394,226,0
20140606,14.293,14.334,14.016,14.042,1905,0
20140609,14.049,14.15,13.84,13.999,4243,0
20140610,14.167,14.167,13.848,13.856,19584,0
20140611,13.831,14.218,13.538,14.125,2199,0
20140612,14.125,14.251,13.999,14.233,613,0
20140613,14.243,14.544,14.208,14.251,2195,0
20140616,13.916,14.233,13.916,14.233,2792,0
20140617,13.916,14.251,13.916,14.251,1036,0
20140618,14.092,14.092,14.092,14.092,59,0
20140620,14.369,14.528,14.024,14.419,1689,0
20140623,14.611,14.628,14.611,14.628,66259,0
20140624,14.586,14.628,14.427,14.435,895,0
20140625,14.435,14.435,13.999,13.999,7041,0
20140626,14.193,14.46,13.999,14.46,5240,0
20140627,14.452,14.452,14.452,14.452,2,0
20140630,14.444,14.46,14.251,14.251,2573,0
20140701,14.251,14.258,14.243,14.243,639,0
20140702,14.082,14.233,12.994,13.496,1873,0
20140703,13.094,13.488,13.094,13.354,683,0
20140704,13.135,13.161,13.135,13.161,14,0
20140707,13.161,13.831,13.161,13.74,232,0
20140708,13.697,13.697,13.254,13.681,143,0
20140709,13.664,13.664,13.664,13.664,5,0
20140710,13.664,13.664,13.56,13.56,214,0
20140711,14.181,14.181,14.181,14.181,346,0
20140714,14.13,14.13,13.466,13.466,699,0
20140715,13.448,13.448,12.508,13.431,2323,0
20140716,13.431,13.431,13.146,13.156,2738,0
20140717,13.354,13.354,12.544,12.552,2250,0
20140718,12.518,12.716,12.164,12.716,810,0
20140721,12.5,12.5,12.069,12.069,1939,0
20140722,12.164,12.37,12.156,12.328,2017,0
20140723,12.242,12.328,12.138,12.319,1512,0
20140724,12.069,12.069,11.268,11.268,4069,0
20140725,11.508,11.508,10.69,10.698,4634,0
20140728,10.784,11.19,10.784,10.88,1456,0
20140729,11.12,11.569,11.094,11.552,4222,0
20140730,11.388,11.552,11.302,11.396,1765,0
20140731,11.276,11.302,10.81,11.284,1054,0
20140801,11.276,11.646,10.992,11.466,3264,0
20140804,11.198,11.956,11.198,11.224,174,0
20140805,11.544,11.544,11.224,11.232,761,0
20140806,11.232,11.258,11.232,11.258,12,0
20140807,11.216,11.336,11.216,11.224,6113,0
20140808,11.38,11.38,10.69,10.862,13141,0
20140811,10.862,11.319,10.862,11.319,610,0
20140812,10.88,11.294,10.88,11.294,1898,0
20140813,11.12,11.13,10.906,10.966,921,0
20140814,10.966,10.966,10.88,10.88,1048,0
20140818,11.026,11.19,10.784,11.19,98,0
20140819,11.12,11.466,11.12,11.12,60512,0
20140820,11.206,11.224,10.172,10.172,32966,0
20140821,10.344,10.672,10.344,10.672,2532,0
20140822,10.732,10.742,10.69,10.69,1253,0
20140825,10.742,10.742,10.37,10.37,1197,0
20140826,10.37,10.37,10.008,10.284,746,0
20140827,10.172,10.37,10.172,10.37,1536,0
20140828,10.37,10.37,9.4824,9.4824,2461,0
20140829,9.578,10.336,9.578,10.094,5786,0
20140901,10.344,10.344,10.198,10.258,987,0
20140902,10.344,10.344,9.828,9.828,2291,0
20140903,10.164,10.164,10.13,10.13,162,0
20140904,10.172,10.181,10.12,10.13,3097,0
20140905,9.94,9.94,9.828,9.914,1400,0
20140908,9.914,10.044,9.586,9.992,2782,0
20140909,10.034,10.034,9.656,9.81,2034,0
20140910,9.828,9.906,9.664,9.906,2150,0
20140911,9.612,9.612,9.1037,9.1037,5460,0
20140912,9.2241,9.4741,9.2241,9.4398,2250,0
20140915,9.2417,9.362,9.2417,9.3278,2362,0
20140916,9.4657,9.4824,9.2324,9.4398,8791,0
20140917,9.4824,9.87,9.4741,9.656,14984,0
20140918,9.888,9.888,9.612,9.828,18410,0
20140919,9.914,10.776,9.914,10.776,37792,0
20140922,10.776,11.81,10.776,11.12,31416,0
20140923,11.13,11.284,10.69,11.069,6435,0
20140924,10.716,11.052,10.276,10.276,9477,0
20140925,10.284,10.656,9.94,9.956,8503,0
20140926,9.956,10.328,9.906,9.906,5059,0
20140929,9.914,10.518,9.914,10.31,4104,0
20140930,10.344,10.482,9.931,10.19,3937,0
20141001,10.258,10.258,9.656,9.75,6545,0
20141002,9.828,9.828,9.4824,9.4824,9231,0
20141003,9.544,9.544,8.8019,9.0343,7404,0
20141006,9.0343,9.2157,8.5258,8.612,11355,0
20141007,8.612,8.6552,8.319,8.612,6289,0
20141008,8.6206,9.0083,8.6206,8.9657,3245,0
20141009,8.9565,8.9657,8.7069,8.8019,1666,0
20141010,8.6206,8.6294,8.5258,8.6206,3362,0
20141013,8.9139,8.9139,8.5604,8.5604,1907,0
20141014,8.5604,8.5604,8.5344,8.5344,834,0
20141015,8.6638,8.8796,8.5344,8.8278,1138,0
20141016,8.5431,8.6638,8.5344,8.6466,359,0
20141017,8.6206,8.8796,8.6206,8.8361,9195,0
20141020,8.9222,8.9222,8.6724,8.8361,1764,0
20141021,8.9222,9.0861,8.9222,9.0778,1677,0
20141022,8.9741,9.0861,8.9139,8.9139,5026,0
20141023,8.8444,8.9056,8.7414,8.9056,4294,0
20141024,8.862,8.862,8.681,8.7844,1008,0
20141027,8.7844,8.7844,8.7844,8.7844,168,0
20141028,8.7844,9.569,8.681,9.526,80884,0
20141029,9.56,10.344,9.3185,10.344,48315,0
20141030,10.094,10.742,10.094,10.5,14208,0
20141031,10.672,10.732,10.456,10.604,3722,0
20141103,10.604,10.604,10.294,10.354,24682,0
20141104,10.354,10.776,10.354,10.776,27459,0
20141105,10.768,10.768,10.518,10.75,34387,0
20141106,10.776,10.776,10.518,10.604,5166,0
20141107,10.578,10.586,10.518,10.518,3241,0
20141110,10.526,10.638,10.518,10.518,2617,0
20141112,10.518,10.69,10.518,10.69,618,0
20141113,10.518,10.706,10.518,10.706,2532,0
20141114,10.534,10.612,10.534,10.604,18654,0
20141117,10.594,10.681,10.518,10.526,71888,0
20141118,10.518,10.604,10.518,10.604,1861,0
20141119,10.594,10.63,10.594,10.63,2394,0
20141120,10.62,10.63,10.604,10.63,2295,0
20141121,10.604,10.62,10.604,10.62,1106,0
20141124,10.63,10.63,10.518,10.63,12665,0
20141125,10.63,10.63,10.56,10.62,6127,0
20141126,10.62,10.62,10.56,10.604,546,0
20141127,10.594,10.776,10.594,10.776,11552,0
20141128,10.784,11.104,10.448,10.448,4101,0
20141201,10.518,10.716,10.518,10.604,1050,0
20141202,10.518,10.518,9.828,10.164,2055,0
20141203,10.164,10.164,10.086,10.146,1933,0
20141204,10.146,10.594,10.146,10.552,1051,0
20141205,10.258,10.784,10.258,10.69,1782,0
20141208,10.544,10.784,10.544,10.784,1459,0
20141209,10.776,10.776,10.724,10.768,887,0
20141210,10.544,10.552,10.354,10.552,5275,0
20141211,10.482,10.75,10.482,10.75,7825,0
20141212,10.732,10.75,10.706,10.75,3926,0
20141215,10.768,10.768,10.448,10.69,1716,0
20141216,10.448,10.594,10.344,10.594,1582,0
20141217,10.552,10.75,10.552,10.604,3900,0
20141218,10.604,10.776,10.594,10.776,21193,0
20141219,10.776,10.776,10.69,10.69,1015,0
20141222,10.526,10.776,10.526,10.776,7852,0
20141223,10.784,10.784,10.638,10.732,2311,0
20141229,10.776,10.776,10.638,10.724,418,0
20141230,10.638,10.776,10.638,10.776,10633,0
20150102,10.768,10.776,10.768,10.776,1491,0
20150105,10.698,10.784,10.656,10.69,1271,0
20150107,10.518,10.776,10.172,10.768,34730,0
20150108,10.81,11.81,10.776,11.81,6795,0
20150109,11.81,11.854,11.078,11.544,2186,0
20150112,11.336,11.492,10.206,10.862,13343,0
20150113,10.94,11.052,10.742,11.026,541,0
20150114,10.974,10.982,10.974,10.982,407,0
20150115,10.784,10.982,10.784,10.982,141,0
20150116,10.612,10.854,10.612,10.854,213,0
20150119,10.854,10.854,10.612,10.612,97,0
20150120,10.896,10.896,10.518,10.87,316,0
20150121,10.768,10.896,10.44,10.896,54211,0
20150122,10.982,10.982,10.63,10.974,50,0
20150123,10.862,11.354,10.862,11.242,2588,0
20150126,11.086,11.552,11.086,11.456,976,0
20150127,11.224,11.552,11.224,11.552,2,0
20150128,11.552,11.552,10.982,11.206,544,0
20150129,11,11,10.344,10.448,2055,0
20150130,10.518,10.732,10.518,10.732,545,0
20150202,10.732,10.732,10.526,10.732,137,0
20150204,10.862,10.948,10.862,10.862,740,0
20150205,10.862,10.862,10.862,10.862,188,0
20150206,11.06,11.06,11.06,11.06,11,0
20150209,11.06,11.06,10.724,10.724,419,0
20150210,10.69,10.862,10.69,10.862,58,0
20150211,10.69,10.69,10.518,10.518,442,0
20150212,10.456,10.56,10.448,10.56,324,0
20150213,10.56,10.56,10.474,10.482,1591,0
20150216,10.482,10.482,9.742,10,7319,0
20150217,10.044,10.431,10.044,10.336,6424,0
20150218,10.336,10.69,10.336,10.69,13252,0
20150219,10.724,11.034,10.724,10.862,4072,0
20150220,10.69,11.06,10.69,11.034,7612,0
20150223,11.06,11.078,10.716,10.906,1868,0
20150224,10.896,11.206,10.776,11.206,2159,0
20150225,11.284,11.794,11.206,11.646,7262,0
20150226,11.88,12.456,11.87,12.37,5710,0
20150227,12.44,12.87,12.44,12.87,4757,0
20150302,12.87,13.966,12.87,13.922,3824,0
20150303,13.992,14.224,13.62,13.672,4170,0
20150304,13.672,14.069,13.62,14.069,1697,0
20150305,14.069,14.138,13.62,13.62,1898,0
20150306,13.794,14.034,13.62,13.794,1873,0
20150309,13.706,13.706,13.534,13.706,2211,0
20150310,13.706,13.794,13.62,13.638,334,0
20150311,13.5,13.706,13.5,13.706,524,0
20150312,13.698,14.138,12.604,14.138,8730,0
20150313,14.138,14.31,14.138,14.31,2765,0
20150316,13.784,14.224,13.706,14.224,8497,0
20150317,14.052,14.268,13.794,14.224,12021,0
20150318,14.138,14.276,13.794,14.276,46726,0
20150319,14.232,14.482,14.232,14.482,8154,0
20150320,14.656,14.656,14.362,14.638,1271,0
20150323,14.656,14.656,14.034,14.638,696,0
20150324,13.794,13.794,13.112,13.156,13093,0
20150325,13.06,13.06,12.156,12.914,21814,0
20150326,12.906,12.906,12.181,12.526,2192,0
20150327,12.706,12.706,12.672,12.672,527,0
20150330,12.706,12.706,12.164,12.534,1404,0
20150331,12.482,12.482,12.078,12.414,2759,0
20150401,12.406,12.5,12.406,12.5,1226,0
20150402,12.414,12.534,12.164,12.448,555,0
20150407,12.448,12.448,12.12,12.156,2868,0
20150408,12.146,12.146,11.87,11.931,4895,0
20150409,11.88,12.156,11.862,12.06,1524,0
20150410,12.069,12.198,12.06,12.112,3887,0
20150413,12.104,12.328,12.104,12.328,4571,0
20150414,12.328,12.328,11.948,12.018,9887,0
20150415,12.018,12.018,11.732,11.732,4068,0
20150416,11.724,11.724,11.552,11.56,1074,0
20150417,11.56,11.56,11.164,11.164,7809,0
20150420,11.164,11.164,10.862,11.008,5549,0
20150421,10.87,10.948,10.776,10.776,6274,0
20150422,10.732,11.336,10.732,11.198,1469,0
20150423,11.294,11.638,11.294,11.578,3339,0
20150424,11.594,11.768,11.594,11.724,1603,0
20150427,11.802,11.81,11.75,11.758,4490,0
20150428,11.758,11.87,11.758,11.87,2156,0
20150429,11.87,11.896,11.742,11.88,2080,0
20150504,11.966,11.982,11.966,11.982,756,0
20150505,11.854,11.966,11.638,11.638,262,0
20150506,11.604,11.931,11.604,11.888,186,0
20150507,11.62,11.638,11.456,11.456,1051,0
20150508,11.456,11.466,11.456,11.456,200,0
20150511,11.466,11.466,11.138,11.456,1723,0
20150512,11.146,11.146,11.146,11.146,492,0
20150513,11.026,11.026,10.646,10.948,1764,0
20150514,10.716,10.948,10.706,10.706,2055,0
20150515,10.758,11.456,10.758,11.224,3771,0
20150518,11.206,11.38,11.138,11.138,2027,0
20150519,11.294,11.294,11.206,11.206,2552,0
20150520,11.138,11.38,11.138,11.38,6,0
20150521,11.12,11.294,11.12,11.12,17207,0
20150522,11.38,11.38,11.294,11.294,453,0
20150525,11.38,11.681,11.38,11.681,4806,0
20150526,11.681,11.81,11.681,11.768,4345,0
20150527,11.854,12.406,11.81,12.396,5063,0
20150528,12.354,12.854,12.354,12.844,125481,0
20150529,12.844,12.844,12.37,12.758,4069,0
20150601,12.87,12.87,12.38,12.38,1344,0
20150602,12.396,12.396,12.094,12.242,2775,0
20150603,12.242,12.284,12.069,12.069,4540,0
20150605,12.232,12.466,12.232,12.456,1058,0
20150608,12.456,12.456,12.456,12.456,12,0
20150609,12.328,12.328,12.198,12.198,826,0
20150610,12.448,12.448,12.069,12.069,35249,0
20150611,12.069,12.232,12.069,12.112,2546,0
20150612,12.044,12.044,11.982,11.982,1349,0
20150615,12.069,12.284,12.069,12.284,1571,0
20150616,12.284,12.284,12.284,12.284,1102,0
20150617,12.284,12.448,12.284,12.284,720,0
20150618,12.156,12.406,12.156,12.406,59,0
20150619,12.156,12.156,12.104,12.104,459,0
20150622,12.069,12.069,11.982,11.982,326,0
20150623,11.948,12.37,11.948,12.31,1231,0
20150624,12.37,12.37,12.138,12.37,22706,0
20150625,12.328,12.37,12.319,12.328,4062,0
20150626,12.31,12.5,12.242,12.5,32468,0
20150629,12.315,13.426,11.389,13.426,11578,0
20150630,12.963,13.796,12.963,13.426,11531,0
20150701,13.333,13.426,12.963,13.426,21601,0
20150702,13.426,13.426,13.426,13.426,216,0
20150703,12.685,13.139,12.509,12.556,948,0
20150706,13.139,13.139,12.963,12.963,149,0
20150707,12.963,12.963,12.963,12.963,11,0
20150708,12.963,12.963,12.5,12.5,119,0
20150709,12.407,12.407,12.176,12.176,1906,0
20150710,12.185,12.796,12.185,12.796,551,0
20150713,12.796,12.796,12.796,12.796,11,0
20150714,12.583,12.583,12.491,12.491,1469,0
20150715,12.491,12.491,12.13,12.13,168,0
20150716,12.472,12.5,12.139,12.5,66487,0
20150717,12.759,12.759,12.407,12.407,32,0
20150720,12.278,12.278,12.269,12.269,107,0
20150721,12.269,12.269,11.528,11.685,2186,0
20150722,11.685,11.935,11.435,11.435,2532,0
20150723,11.75,11.75,11.75,11.75,11,0
20150724,11.852,11.852,11.852,11.852,140,0
20150727,11.843,11.843,11.843,11.843,11,0
20150728,11.87,12.185,11.759,12.046,33083,0
20150729,12.065,12.093,11.5,12.093,1739,0
20150730,12.185,12.185,12.037,12.037,21636,0
20150731,12.028,12.037,11.852,12.037,17790,0
20150803,11.75,12.472,11.75,12.472,715,0
20150804,12.472,12.815,12.472,12.815,657,0
20150805,12.806,12.806,12.806,12.806,11,0
20150806,12.778,12.778,12.778,12.778,757,0
20150807,12.5,12.593,12.5,12.5,1047,0
20150810,12.593,12.593,12.315,12.593,22,0
20150811,12.315,12.5,12.315,12.5,303,0
20150813,12.315,12.583,12.315,12.583,229,0
20150814,12.583,12.944,12.5,12.944,66396,0
20150817,12.87,13.13,12.87,12.87,538,0
20150818,12.861,12.861,12.593,12.694,739,0
20150819,12.852,12.852,12.852,12.852,11,0
20150820,12.824,12.824,12.5,12.574,1339,0
20150821,12.583,12.815,12.574,12.602,502,0
20150824,12.407,12.407,11.389,11.481,27106,0
20150825,11.389,11.389,11.111,11.157,1356,0
20150826,11.157,11.574,11.157,11.574,5670,0
20150827,11.852,11.852,11.852,11.852,81,0
20150828,11.806,11.87,11.806,11.87,2798,0
20150831,12.185,12.861,12.185,12.407,733,0
20150901,12.102,12.102,12.037,12.037,891,0
20150902,12.037,12.963,12.037,12.87,15691,0
20150903,13.102,13.102,12.963,13.056,233,0
20150904,12.963,12.963,12.963,12.963,10323,0
20150907,13.056,13.056,13.046,13.056,97,0
20150908,13.046,13.046,12.87,12.972,27205,0
20150909,12.963,13.056,12.963,12.963,51343,0
20150910,12.963,12.963,12.963,12.963,145,0
20150911,12.963,13.139,12.963,13.139,374,0
20150914,13.139,13.481,13.139,13.315,510,0
20150915,13.426,13.426,12.972,13.38,1091,0
20150916,13.352,13.352,13.352,13.352,11,0
20150917,13.324,13.324,13.324,13.324,35,0
20150918,13.102,13.102,12.981,12.981,140,0
20150921,12.981,13.25,12.815,13.231,294,0
20150922,13.157,13.157,12.685,12.685,198,0
20150923,12.954,13.009,12.556,13.009,210,0
20150928,12.5,12.963,12.5,12.963,483,0
20150929,12.954,12.954,12.954,12.954,22,0
20150930,12.963,13.009,12.963,13.009,402,0
20151001,12.407,12.407,12.407,12.407,109,0
20151005,12.815,12.815,12.815,12.815,18,0
20151007,12.546,12.546,12.407,12.417,1588,0
20151008,12.5,12.815,12.5,12.806,59,0
20151009,12.593,12.593,12.593,12.593,10800,0
20151012,12.593,12.593,12.5,12.5,171,0
20151013,12.407,12.407,12.407,12.407,63,0
20151014,12.407,12.731,12.13,12.731,135,0
20151015,12.5,12.5,12.407,12.407,355,0
20151016,12.5,12.991,12.5,12.704,1824,0
20151019,13.139,13.694,13.12,13.472,4903,0
20151020,13.657,13.657,13.046,13.241,1412,0
20151021,13.417,13.417,13.056,13.194,887,0
20151022,13.046,13.046,13.046,13.046,45,0
20151023,13.278,13.287,12.972,12.972,474,0
20151026,12.972,13.13,12.972,13.13,291,0
20151028,13.148,13.148,13,13,405,0
20151029,13.472,13.472,13.472,13.472,76,0
20151030,13.056,13.056,13.056,13.056,270,0
20151102,12.722,13.056,12.722,13.056,166,0
20151103,12.769,13.38,12.769,13.38,667,0
20151104,13.472,13.602,13.472,13.509,2170,0
20151105,13.611,13.611,13.426,13.435,323,0
20151106,13.602,13.602,13.426,13.426,1643,0
20151109,13.417,13.417,13.046,13.046,1841,0
20151110,13.056,13.056,13.056,13.056,54,0
20151112,13.056,13.38,13.056,13.38,351,0
20151113,13.361,13.37,13.333,13.37,1026,0
20151116,13.333,13.38,13.102,13.38,284,0
20151117,13.38,13.38,13.37,13.38,1544,0
20151118,13.222,13.426,13.222,13.426,2344,0
20151119,13.463,13.463,13.463,13.463,108,0
20151120,13.333,13.333,13.278,13.278,305,0
20151123,13.287,13.287,13.009,13.056,1906,0
20151124,13.065,13.065,12.722,13.056,2091,0
20151125,12.685,12.704,12.685,12.704,467,0
20151126,12.537,13,12.537,12.963,300,0
20151127,12.963,13.009,12.963,13.009,22,0
20151130,12.963,12.963,12.778,12.963,2322,0
20151201,12.778,12.898,12.778,12.898,626,0
20151202,12.917,12.917,12.917,12.917,227,0
20151203,12.917,12.917,12.917,12.917,11,0
20151208,12.917,12.917,12.435,12.435,775,0
20151209,12.407,12.407,12.037,12.037,377,0
20151210,12.037,12.037,12.037,12.037,252,0
20151211,12.185,12.185,12.037,12.037,498,0
20151214,11.944,11.944,11.111,11.111,3118,0
20151215,10.796,11.111,10.759,10.87,3303,0
20151216,10.861,10.861,10.602,10.852,475,0
20151217,10.852,10.852,10.852,10.852,494,0
20151218,10.87,11.009,10.611,10.648,3570,0
20151221,10.648,10.648,10.454,10.593,1212,0
20151222,10.593,10.593,10.509,10.593,7163,0
20151223,10.657,10.889,10.648,10.657,610,0
20151228,10.648,10.815,10.472,10.815,7022,0
20151229,10.824,10.824,10.509,10.509,6550,0
20151230,10.648,10.88,10.648,10.648,16569,0
20160104,10.509,10.509,10.509,10.509,76,0
20160105,10.528,10.528,10.528,10.528,112,0
20160107,10.528,10.769,10.398,10.509,2256,0
20160108,10.759,10.759,10.648,10.759,127,0
20160111,10.556,10.981,10.556,10.981,52798,0
20160112,11.111,12.213,11.111,11.889,7016,0
20160113,12.037,12.102,11.907,11.907,3656,0
20160114,11.898,12.037,11.5,11.657,12322,0
20160115,11.648,11.648,11.111,11.574,38715,0
20160118,11.222,11.222,11.083,11.204,6124,0
20160119,11.111,11.204,11.111,11.204,13284,0
20160120,11.287,11.296,11.111,11.296,31851,0
20160121,11.296,11.37,11.296,11.343,259,0
20160122,11.306,11.306,11.306,11.306,189,0
20160125,11.028,11.519,11.028,11.519,227,0
20160126,11.343,11.38,11.343,11.38,783,0
20160127,11.472,11.472,11.472,11.472,11,0
20160128,11.343,11.528,11.343,11.528,529,0
20160129,11.556,12.435,11.556,12.435,1366,0
20160201,12.435,12.435,11.87,11.87,1347,0
20160202,11.87,11.87,11.769,11.769,1309,0
20160203,11.769,11.769,11.769,11.769,852,0
20160204,11.759,11.806,11.759,11.759,1965,0
20160205,11.667,11.713,11.667,11.713,270,0
20160208,11.944,11.944,11.944,11.944,11,0
20160209,11.796,11.796,11.546,11.796,710,0
20160210,11.796,11.796,11.75,11.75,173,0
20160211,11.556,11.556,11.5,11.5,287,0
20160215,11.389,11.389,11.324,11.324,4675,0
20160216,11.389,11.389,11.111,11.38,1213,0
20160217,11.111,11.389,11.111,11.389,22195,0
20160218,11.389,11.528,11.306,11.306,2214,0
20160219,11.454,11.454,11.454,11.454,5,0
20160222,11.389,11.389,11.111,11.111,2555,0
20160223,11.111,11.361,11.111,11.352,2624,0
20160224,11.37,11.37,11.111,11.333,1212,0
20160225,11.333,11.333,10.972,11.111,29291,0
20160226,11.111,11.287,11.111,11.287,907,0
20160229,11.287,11.287,11.102,11.287,5537,0
20160301,11.111,11.287,11.111,11.287,10,0
20160302,11.287,11.287,11.111,11.287,434,0
20160303,11.056,11.287,11.056,11.287,540,0
20160304,11.287,11.287,11.287,11.287,11,0
20160307,11.287,11.287,11.287,11.287,46,0
20160308,11.204,11.204,11.111,11.111,1318,0
20160309,11.111,11.12,11.111,11.12,10903,0
20160310,11.204,11.204,11.111,11.12,2860,0
20160311,11.278,11.278,11.111,11.111,732,0
20160314,11.13,11.13,11.111,11.13,4737,0
20160315,11.13,11.13,11.13,11.13,28,0
20160316,11.13,11.13,11.13,11.13,13189,0
20160317,11.139,11.139,11.13,11.13,1052,0
20160318,11.278,11.944,11.278,11.759,33253,0
20160321,11.843,11.944,11.694,11.944,5895,0
20160322,11.852,11.852,11.806,11.806,1365,0
20160323,11.944,11.944,11.824,11.935,896,0
20160324,11.824,11.852,11.824,11.852,457,0
20160329,11.778,12.361,11.778,12.361,18044,0
20160330,12.361,12.806,12.361,12.685,1484,0
20160331,12.741,12.759,12.685,12.685,1257,0
20160401,12.639,12.639,12.454,12.454,1021,0
20160404,12.537,12.639,12.454,12.639,954,0
20160405,12.639,12.639,12.333,12.333,1062,0
20160406,12.5,12.5,12.333,12.5,175,0
20160407,12.648,12.648,12.13,12.13,2264,0
20160408,12.13,12.185,11.787,12.185,7064,0
20160411,12.167,12.167,11.944,12.037,92,0
20160412,11.944,12.046,11.944,11.944,929,0
20160413,12.167,12.167,11.944,12.065,1061,0
20160414,12.065,12.065,12.065,12.065,211,0
20160415,12.167,12.528,12.167,12.398,1867,0
20160418,12.528,12.528,12.528,12.528,11,0
20160419,12.528,12.528,12.519,12.528,635,0
20160420,12.491,12.528,12.324,12.5,1371,0
20160421,12.481,12.481,12.269,12.398,734,0
20160422,12.389,12.389,12.176,12.37,649,0
20160425,12.37,12.731,12.37,12.731,7726,0
20160426,12.815,12.815,12.583,12.778,787,0
20160427,12.685,13.102,12.685,12.87,774,0
20160428,12.87,13.046,12.519,13.037,1140,0
20160429,12.963,12.963,12.509,12.963,119,0
20160502,12.954,12.954,12.954,12.954,11,0
20160504,12.769,12.963,12.593,12.593,1607,0
20160505,12.593,12.944,12.593,12.944,815,0
20160506,12.963,12.963,12.639,12.639,43,0
20160509,12.87,12.954,12.648,12.954,175,0
20160510,12.954,12.954,12.648,12.648,1090,0
20160511,12.648,12.778,12.648,12.713,28296,0
20160512,12.685,12.685,12.639,12.639,346,0
20160513,12.639,12.639,12.241,12.38,1355,0
20160516,12.389,12.389,12.176,12.176,1013,0
20160517,12.778,12.778,12.5,12.676,2725,0
20160518,12.778,12.778,12.778,12.778,80,0
20160519,12.5,12.5,12.5,12.5,108,0
20160520,12.481,12.481,12.315,12.324,1143,0
20160523,12.454,12.685,12.454,12.685,279,0
20160524,12.5,12.731,12.231,12.63,2904,0
20160525,12.63,12.63,12.546,12.546,2483,0
20160527,12.5,12.611,12.269,12.611,199,0
20160530,12.593,12.713,12.593,12.593,1433,0
20160531,12.639,12.639,12.583,12.593,1716,0
20160601,12.593,12.593,12.491,12.5,8128,0
20160602,12.5,12.6389,12.2778,12.5,4384,0
20160603,12.73,12.84,12.01,12.7,75088,0
20160606,12.79,12.8,12.71,12.71,1200,0
20160607,12.4,12.4,12.4,12.4,130,0
20160608,12.5,12.5,12.28,12.46,2518,0
20160609,12.44,12.44,12.44,12.44,10,0
20160610,12.32,12.32,12.01,12.1,2001,0
20160613,12.12,12.3,12.03,12.03,2361,0
20160614,12.02,12.25,12.02,12.02,153,0
20160615,12.2,12.2,12.04,12.04,573,0
20160616,12.03,12.24,11.99,11.99,2730,0
20160617,12.01,12.03,12.01,12.03,319,0
20160620,12.25,12.25,12.01,12.01,291,0
20160621,12.25,12.25,12,12.15,47,0
20160622,12.15,12.15,12,12,3417,0
20160623,11.92,11.92,11.75,11.75,1621,0
20160624,11.35,11.35,11.28,11.34,6242,0
20160627,11.35,11.35,11.1,11.1,2690,0
20160628,11,11.1,10.94,10.94,406,0
20160629,11.1,11.1,11.1,11.1,2642,0
20160630,11.2,11.59,11.1,11.1,3611,0
20160701,11.1,11.1,11,11,1703,0
20160704,11.3,11.3,11.28,11.28,162,0
20160705,11.27,11.27,11,11.27,1010,0
20160706,11.26,11.26,11.2,11.2,4,0
20160707,11.15,11.15,11.15,11.15,300,0
20160708,11.15,11.15,10.96,11.1,928,0
20160711,11.3,11.81,11.3,11.8,3574,0
20160712,11.79,11.87,11.61,11.61,3382,0
20160713,11.8,11.9,11.75,11.9,6484,0
20160714,11.89,11.9,11.89,11.9,4835,0
20160715,11.9,11.9,11.75,11.75,106,0
20160718,11.75,11.75,11.75,11.75,642,0
20160719,11.85,11.85,11.85,11.85,100,0
20160720,11.9,12.2,11.9,12.05,8474,0
20160721,12,12,12,12,100,0
20160722,12.1,12.1,12.05,12.05,601,0
20160725,12.39,12.39,12.05,12.05,49,0
20160726,12.1,12.1,12.1,12.1,5,0
20160727,12.39,12.39,12.39,12.39,72,0
20160728,12.49,12.49,12.49,12.49,2,0
20160801,12.48,12.48,12.48,12.48,101,0
20160802,12.02,12.39,12,12.39,262,0
20160803,12.39,12.39,12.39,12.39,92,0
20160804,12,12.01,12,12.01,141,0
20160805,12.01,12.35,12.01,12.35,39,0
20160808,12.35,12.35,12.35,12.35,5,0
20160810,12.35,12.35,12.1,12.1,352,0
20160811,12.34,12.34,12.34,12.34,10,0
20160812,12.33,12.34,12.1,12.1,338,0
20160816,12.1,12.1,11.88,12.1,1053,0
20160817,12.2,12.47,12.2,12.47,2064,0
20160818,12.47,12.53,12.3,12.53,6573,0
20160819,12.53,12.53,12.4,12.41,1051,0
20160822,12.65,12.66,12.55,12.66,458,0
20160823,12.41,12.41,12.4,12.4,200,0
20160824,12.4,12.4,12.4,12.4,300,0
20160825,12.79,12.9,12.41,12.47,1414,0
20160826,12.42,12.42,12.3,12.3,2039,0
20160829,12.35,12.78,12.35,12.78,750,0
20160830,12.65,12.65,12.2,12.3,837,0
20160831,12.3,12.4,12.3,12.4,204,0
20160901,12.59,12.59,12.2,12.2,127,0
20160902,12.49,12.49,12.2,12.49,126,0
20160905,12.49,12.83,12.45,12.83,966,0
20160906,12.85,12.97,12.81,12.85,4901,0
20160907,12.98,12.99,12.9,12.99,3095,0
20160908,12.95,13.16,12.95,13.06,5008,0
20160909,13.06,13.11,12.9,12.9,13850,0
20160912,12.9,12.9,12.7,12.75,2484,0
20160913,12.8,13,12.8,12.9,1099,0
20160914,12.9,13.11,12.9,13.11,5863,0
20160915,13.11,13.16,13.11,13.16,395,0
20160916,13.2,13.2,13.07,13.2,1135,0
20160919,13.2,13.2,13.07,13.2,890,0
20160920,13.1,13.49,13.1,13.48,2189,0
20160921,13.47,13.48,13.3,13.48,2190,0
20160922,13.41,13.48,13.25,13.48,312,0
20160923,13.48,13.48,13.25,13.3,11620,0
20160926,13.3,13.3,13.1,13.3,592,0
20160927,13.3,13.3,13.3,13.3,2292,0
20160928,13.45,13.45,13.45,13.45,2,0
20160929,13.1,13.45,13.1,13.45,32,0
20160930,13.4,13.45,13,13.45,878,0
20161003,13.45,13.45,13.45,13.45,10,0
20161004,13.45,13.45,13.45,13.45,2,0
20161005,13.41,13.41,13,13.3,970,0
20161006,13.2,13.2,13,13.1,330,0
20161007,13.1,13.1,12.8,12.84,756,0
20161010,13.1,13.1,12.9,13,354,0
20161011,13.09,13.1,12.6,12.6,3371,0
20161012,12.6,12.6,12.5,12.6,1205,0
20161013,12.65,12.65,12.55,12.6,2276,0
20161014,12.6,12.6,12.6,12.6,424,0
20161017,12.6,12.6,12.5,12.58,655,0
20161018,12.58,12.66,12.53,12.66,1680,0
20161019,12.68,12.75,12.65,12.65,428,0
20161020,12.65,12.83,12.65,12.83,165,0
20161021,12.8,13,12.66,13,624,0
20161024,13,13.2,12.8,12.95,5218,0
20161025,13,13,13,13,3000,0
20161026,13,13,13,13,3510,0
20161027,12.99,13.19,12.99,13,5547,0
20161028,13,13,12.9,13,3941,0
20161031,12.99,13,12.99,13,3487,0
20161102,13,13,13,13,2,0
20161103,12.98,12.98,12.74,12.74,76,0
20161104,12.89,12.89,12.89,12.89,2,0
20161107,12.94,12.94,12.94,12.94,2,0
