Date,Open,High,Low,Close,Volume,OpenInt
20080214,8.6512,8.6512,3.7008,3.8257,278603,0
20080215,3.7488,5.6713,3.6239,5.0465,242330,0
20080218,5.0465,7.2574,5.0465,6.6806,284121,0
20080219,6.7767,7.4112,5.8636,6.1039,131338,0
20080220,6.2481,6.7287,5.3829,5.7578,57982,0
20080221,5.7674,5.9597,5.1619,5.3157,43366,0
20080222,5.1426,5.2772,4.5371,5.0753,39115,0
20080225,4.9984,5.6713,4.5851,4.8158,88260,0
20080226,4.9023,4.9023,4.1333,4.2295,132832,0
20080227,4.3064,4.7389,4.2487,4.5755,75098,0
20080228,4.614,5.1715,4.3256,4.4698,54690,0
20080229,4.5274,4.9023,4.2487,4.5563,36810,0
20080303,4.2775,4.4025,4.0372,4.4025,13921,0
20080304,4.191,5.1907,4.191,4.8062,57488,0
20080305,5.0369,5.0753,4.4025,4.6332,58526,0
20080306,4.5371,4.6524,4.4698,4.5755,14827,0
20080307,4.5947,4.5947,4.4409,4.5659,3260,0
20080310,4.4794,4.4794,4.1814,4.3256,15485,0
20080311,4.3064,4.3064,4.0564,4.2006,11708,0
20080312,4.2775,4.2775,3.9988,4.0853,17471,0
20080313,3.9988,4.9984,3.9603,4.4794,101859,0
20080314,4.5659,4.8062,4.2775,4.5274,25255,0
20080317,4.2295,4.2295,3.6239,3.8257,93863,0
20080318,3.7584,3.9891,3.6335,3.9891,14765,0
20080319,4.0853,4.0853,3.893,3.893,147,0
20080320,3.9891,3.9891,3.7008,3.7777,3091,0
20080325,3.9411,3.9411,3.7681,3.8834,8139,0
20080326,3.7969,3.9219,3.6623,3.7008,17795,0
20080327,3.7296,3.7296,3.6623,3.7008,2692,0
20080328,4.0372,4.0372,3.6816,3.7008,6033,0
20080331,3.6527,3.7296,3.5662,3.7296,4609,0
20080401,3.6143,3.7296,3.6143,3.6239,1129,0
20080402,3.6335,3.6527,3.5085,3.6527,4080,0
20080403,3.4605,3.6143,3.3163,3.5278,7391,0
20080404,3.5181,3.5181,3.2682,3.4124,11940,0
20080407,3.4124,3.7777,3.4124,3.6816,9086,0
20080408,3.6527,3.6527,3.4989,3.5566,5793,0
20080409,3.4124,3.4509,3.2874,3.2874,10747,0
20080410,3.374,3.6431,3.2874,3.6431,14738,0
20080411,3.6623,3.7969,3.5566,3.6527,12239,0
20080414,3.5181,3.5566,3.4701,3.4701,2562,0
20080415,3.4701,3.6047,3.4701,3.4701,7474,0
20080416,3.5566,3.5566,3.4124,3.547,1786,0
20080417,3.5758,3.5758,3.4124,3.4124,313,0
20080418,3.4124,3.5374,3.3836,3.5278,3438,0
20080421,3.3259,3.547,3.3259,3.547,1654,0
20080422,3.5374,3.5374,3.124,3.3643,4937,0
20080423,3.1721,3.3355,2.9126,3.3163,4433,0
20080424,3.0279,3.3067,3.0279,3.2682,2315,0
20080425,3.2682,3.5181,3.2682,3.4605,3145,0
20080428,3.4605,3.4605,2.8837,3.3547,9422,0
20080429,3.3643,3.3643,3.124,3.3547,629,0
20080430,3.3451,3.595,3.1721,3.3163,7133,0
20080505,3.5085,3.547,3.3163,3.3643,6478,0
20080506,3.3355,3.7008,3.3355,3.6719,15311,0
20080507,3.6816,4.0372,3.547,4.0372,41586,0
20080508,3.7777,4.2583,3.7777,3.893,15550,0
20080509,3.9315,4.018,3.845,3.9795,2524,0
20080512,3.9507,3.9507,3.6527,3.9219,21781,0
20080513,3.6719,3.845,3.5085,3.845,12200,0
20080514,3.7008,3.7969,3.7008,3.7008,1211,0
20080515,3.595,3.7392,3.5181,3.7392,15507,0
20080516,3.5278,3.845,3.5278,3.845,13478,0
20080519,3.6527,3.7008,3.6527,3.7008,1248,0
20080520,3.7873,3.7969,3.7873,3.7969,364,0
20080521,3.5566,3.7488,3.5085,3.7488,2186,0
20080523,3.72,3.7777,3.72,3.7777,1805,0
20080526,3.7873,3.9315,3.6527,3.8353,8537,0
20080527,3.8353,3.8353,3.6047,3.7488,3369,0
20080528,3.7969,3.8353,3.5566,3.7969,8857,0
20080529,3.6047,3.7873,3.5566,3.5662,2949,0
20080530,3.6527,3.7488,3.5566,3.72,7958,0
20080602,3.7104,3.845,3.7008,3.7969,5961,0
20080603,3.7969,3.7969,3.6527,3.6527,674,0
20080604,3.6527,3.7488,3.6527,3.7488,593,0
20080605,3.6047,3.7777,3.5566,3.7777,624,0
20080606,3.7873,3.8065,3.6527,3.8065,5794,0
20080609,3.8065,3.8065,3.5566,3.7392,959,0
20080610,3.5566,3.7008,3.5085,3.6816,3530,0
20080611,3.7008,3.7584,3.7008,3.7488,3209,0
20080612,3.7488,3.7488,3.7392,3.7392,778,0
20080613,3.7392,3.7488,3.7392,3.7488,270,0
20080616,3.7488,3.7584,3.7488,3.7584,322,0
20080617,3.7488,3.7488,3.7488,3.7488,597,0
20080618,3.6239,3.72,3.5085,3.72,2809,0
20080619,3.6527,3.6527,3.5085,3.6527,2717,0
20080620,3.6431,3.6431,3.6431,3.6431,1,0
20080623,3.6335,3.6335,3.4605,3.5085,3725,0
20080624,3.6047,3.6047,3.4124,3.4124,1571,0
20080625,3.3643,3.3643,3.2682,3.2682,2705,0
20080626,3.3163,3.5278,3.1721,3.1817,4751,0
20080627,3.3932,3.3932,3.3932,3.3932,1,0
20080630,3.3643,3.3643,3.3643,3.3643,1,0
20080701,3.1721,3.3643,3.076,3.3643,3268,0
20080702,3.1048,3.1048,3.076,3.076,6180,0
20080703,2.9798,2.9895,2.9318,2.9318,1145,0
20080704,2.9318,3.249,2.8837,2.8933,5462,0
20080707,2.7972,2.8357,2.7876,2.8357,2743,0
20080708,2.7107,2.8837,2.7107,2.8837,13836,0
20080709,3.0279,3.2202,3.0279,3.2202,1519,0
20080710,3.2682,3.3547,3.2202,3.2202,2923,0
20080711,3.1721,3.1721,3.1721,3.1721,520,0
20080714,2.9798,3.0279,2.9798,3.0279,1092,0
20080715,2.7876,3.0279,2.7876,3.0279,261,0
20080716,2.8068,2.8068,2.8068,2.8068,1,0
20080717,2.8357,3.0279,2.8357,3.0279,833,0
20080718,3.076,3.076,3.0279,3.076,1745,0
20080721,2.9318,3.1529,2.9318,3.1529,390,0
20080722,2.8933,2.8933,2.8933,2.8933,1040,0
20080723,3.1433,3.1433,3.1433,3.1433,432,0
20080724,3.124,3.124,3.124,3.124,5,0
20080725,3.1433,3.1433,2.7972,3.1144,2642,0
20080728,2.8933,2.8933,2.8933,2.8933,208,0
20080729,2.9798,2.9895,2.9798,2.9798,3043,0
20080730,3.1336,3.1336,3.0279,3.0279,3649,0
20080731,3.1144,3.1144,2.9798,3.1144,3305,0
20080801,3.1433,3.1721,3.1433,3.1721,1632,0
20080804,3.0952,3.2202,3.0856,3.124,4380,0
20080805,3.076,3.1721,3.0279,3.0279,2819,0
20080806,3.0279,3.1721,3.0279,3.1721,520,0
20080807,3.3451,3.3451,3.3451,3.3451,42,0
20080808,3.0375,3.3547,3.0375,3.3547,1418,0
20080811,3.3547,3.4124,3.3547,3.4124,1292,0
20080812,3.5085,3.6047,3.5085,3.6047,1061,0
20080813,3.5085,3.5085,3.5085,3.5085,3641,0
20080814,3.5085,3.5085,3.5085,3.5085,1,0
20080819,3.4605,3.4605,3.1721,3.1721,1041,0
20080821,3.2586,3.2586,3.2586,3.2586,1,0
20080825,3.2202,3.2202,3.1529,3.1529,1507,0
20080826,3.2586,3.2586,3.2586,3.2586,1,0
20080827,3.1721,3.1721,3.1721,3.1721,1,0
20080828,3.2586,3.2586,3.2586,3.2586,1,0
20080829,3.2586,3.2586,3.2586,3.2586,1,0
20080901,3.0471,3.2586,3.0471,3.2586,499,0
20080902,3.0375,3.0375,3.0375,3.0375,127,0
20080903,3.0856,3.0856,2.7876,2.7876,7964,0
20080904,2.7395,2.7876,2.2397,2.2589,43905,0
20080905,2.2781,2.4031,1.9225,2.1436,88516,0
20080908,2.182,2.2974,2.182,2.1916,8431,0
20080909,2.4031,2.6915,2.3839,2.5184,18796,0
20080910,2.4992,2.5761,2.4031,2.5761,5562,0
20080911,2.6434,2.6626,2.6434,2.653,3221,0
20080912,2.6434,2.6434,2.4992,2.4992,583,0
20080915,2.4031,2.5857,2.3839,2.5857,1977,0
20080916,2.4512,2.5857,2.3166,2.5665,4575,0
20080917,2.4512,2.5761,2.4512,2.5473,9442,0
20080918,2.307,2.48,2.307,2.4031,3418,0
20080919,2.4416,2.4416,2.307,2.307,7199,0
20080922,2.4031,2.4031,2.2878,2.307,1508,0
20080923,2.2974,2.2974,2.2109,2.2878,3034,0
20080924,2.4704,2.4704,2.3839,2.4512,2559,0
20080925,2.4416,2.4704,2.4416,2.4512,1144,0
20080926,2.4992,2.4992,2.4031,2.4031,1560,0
20080929,2.2397,2.2589,2.2397,2.2589,1330,0
20080930,2.3935,2.4031,2.2493,2.4031,2390,0
20081001,2.5088,2.5088,2.307,2.307,1113,0
20081002,2.355,2.355,2.2109,2.2109,3414,0
20081003,2.2781,2.2781,2.2781,2.2781,1111,0
20081006,2.2012,2.2205,2.2012,2.2205,312,0
20081007,2.1628,2.1628,2.134,2.134,927,0
20081008,2.0667,2.134,1.9225,2.134,2310,0
20081009,2.1243,2.1243,2.1147,2.1243,3108,0
20081010,2.0667,2.0667,2.0667,2.0667,520,0
20081013,2.0667,2.0667,2.0667,2.0667,697,0
20081014,2.1628,2.3935,2.1628,2.3935,1196,0
20081015,2.2109,2.2109,2.2109,2.2109,1769,0
20081016,2.1628,2.1628,2.1243,2.1628,3683,0
20081017,2.0667,2.0667,2.0667,2.0667,624,0
20081021,2.1628,2.2109,2.0667,2.2109,7828,0
20081022,2.2109,2.355,1.9417,1.9417,8541,0
20081023,2.1051,2.1051,1.9225,1.9225,1764,0
20081024,1.9225,2.1147,1.9225,2.1147,1352,0
20081027,2.1147,2.1147,1.9225,2.0859,2122,0
20081028,2.0667,2.1147,2.0667,2.1147,5789,0
20081029,2.134,2.1628,2.134,2.1628,549,0
20081030,2.1436,2.2109,2.1436,2.2109,1821,0
20081031,2.2109,2.2781,2.2109,2.2781,2640,0
20081103,2.1147,2.1628,2.1147,2.1628,2790,0
20081104,2.1147,2.2781,2.1147,2.2781,4153,0
20081105,2.2878,2.2878,2.1243,2.2781,2653,0
20081106,2.2781,2.3166,2.2781,2.3166,2601,0
20081107,2.1916,2.1916,2.1916,2.1916,721,0
20081110,2.2974,2.2974,2.1916,2.1916,313,0
20081112,2.1628,2.1628,2.1628,2.1628,520,0
20081113,2.1147,2.1147,2.0763,2.1147,12673,0
20081114,2.1147,2.4512,2.1147,2.4512,17675,0
20081117,2.3935,2.3935,2.3935,2.3935,1,0
20081118,2.2589,2.2589,2.2109,2.2589,4057,0
20081119,2.2589,2.2589,2.1147,2.2109,8061,0
20081120,2.1147,2.1147,2.1147,2.1147,624,0
20081121,2.1147,2.2012,2.1147,2.2012,5998,0
20081124,2.2109,2.2109,2.1628,2.2109,3018,0
20081125,2.2109,2.2109,2.2012,2.2109,3485,0
20081126,2.1724,2.2589,2.1724,2.2589,2704,0
20081127,2.2974,2.3166,2.2974,2.3166,3121,0
20081128,2.2589,2.3166,2.2589,2.3166,934,0
20081201,2.2205,2.2589,2.2109,2.2589,6253,0
20081202,2.1628,2.307,2.1628,2.307,1904,0
20081203,2.307,2.355,2.307,2.355,469,0
20081204,2.355,2.355,2.355,2.355,1040,0
20081205,2.3166,2.3454,2.3166,2.3454,1040,0
20081208,2.2205,2.307,2.2109,2.307,2398,0
20081209,2.307,2.307,2.307,2.307,1,0
20081210,2.2974,2.4512,2.2974,2.4416,12797,0
20081211,2.4992,2.605,2.3358,2.605,4073,0
20081212,2.653,3.0279,2.653,3.0279,20547,0
20081215,3.076,3.076,2.8068,3.0567,17331,0
20081216,2.8837,2.9606,2.7876,2.951,15639,0
20081217,2.9798,2.9798,2.6915,2.6915,2726,0
20081218,2.8741,2.8741,2.8741,2.8741,1223,0
20081219,2.6915,2.8357,2.6915,2.8357,2086,0
20081222,2.826,2.826,2.6146,2.6915,7943,0
20081223,2.5953,2.8068,2.5953,2.8068,910,0
20081230,2.8357,2.8357,2.653,2.826,22164,0
20081231,2.7876,2.8357,2.7876,2.8357,8112,0
20090105,2.8741,2.8837,2.8741,2.8837,4470,0
20090106,2.9798,3.2586,2.9798,3.2298,21675,0
20090107,3.124,3.124,3.124,3.124,728,0
20090108,3.0279,3.249,2.9318,3.249,23307,0
20090109,3.1336,3.1336,3.124,3.124,718,0
20090112,3.1721,3.1721,3.124,3.1721,1098,0
20090113,3.1625,3.1625,3.1625,3.1625,609,0
20090114,3.1721,3.1721,3.076,3.124,1644,0
20090115,2.9318,3.1144,2.8837,3.1144,2608,0
20090116,2.9798,2.9798,2.9798,2.9798,884,0
20090119,2.9798,2.9798,2.8837,2.8837,3795,0
20090120,3.1144,3.1144,3.1144,3.1144,3,0
20090121,2.7876,2.8837,2.7876,2.8837,2081,0
20090122,2.7876,2.7876,2.7876,2.7876,1040,0
20090123,2.6915,2.7876,2.5473,2.7876,3433,0
20090127,2.5569,2.5569,2.5569,2.5569,1040,0
20090128,2.8837,2.8837,2.8837,2.8837,832,0
20090129,2.6434,2.8837,2.5953,2.8837,3027,0
20090130,2.7876,2.7876,2.5953,2.6915,1873,0
20090202,2.7876,2.7876,2.7876,2.7876,1040,0
20090203,2.8741,2.8741,2.5953,2.5953,3121,0
20090204,2.5953,2.7395,2.5953,2.5953,2728,0
20090205,2.7395,2.7395,2.605,2.605,889,0
20090206,2.8357,2.8357,2.6434,2.6434,3131,0
20090209,2.8357,2.8357,2.8357,2.8357,4241,0
20090210,2.8837,2.8837,2.8837,2.8837,1734,0
20090211,2.8837,3.076,2.8837,2.9798,4627,0
20090213,2.9318,2.9318,2.8837,2.8837,1029,0
20090217,2.8068,2.8068,2.4992,2.5953,16819,0
20090218,2.5953,2.5953,2.4223,2.5953,4700,0
20090219,2.5953,2.8549,2.5953,2.8549,3027,0
20090220,2.8357,2.8357,2.605,2.605,1108,0
20090224,2.6146,2.7876,2.5953,2.5953,2971,0
20090226,2.5184,2.5473,2.5184,2.5281,9259,0
20090227,2.6915,2.6915,2.6915,2.6915,165,0
20090302,2.5184,2.5184,2.4992,2.4992,728,0
20090303,2.4992,2.5088,2.4992,2.4992,4651,0
20090304,2.5953,2.7011,2.355,2.7011,2289,0
20090309,2.6915,2.6915,2.4992,2.4992,614,0
20090310,2.5088,2.5088,2.4992,2.4992,8629,0
20090311,2.4223,2.4992,2.4031,2.4992,2746,0
20090316,2.4127,2.4992,2.4031,2.4992,19536,0
20090318,2.4896,2.4896,2.4896,2.4896,3226,0
20090319,2.4896,2.4992,2.4896,2.4992,10275,0
20090320,2.5953,2.5953,2.48,2.48,1938,0
20090323,2.5473,2.6722,2.5473,2.6722,8490,0
20090324,2.5473,2.7684,2.5281,2.7684,4420,0
20090325,2.778,2.7876,2.6915,2.7876,2251,0
20090326,2.8741,2.8741,2.6434,2.6434,2393,0
20090401,2.7876,2.7876,2.7876,2.7876,8603,0
20090402,2.8357,2.8741,2.8357,2.8741,1352,0
20090403,2.8741,3.5566,2.8741,3.547,21333,0
20090406,3.1625,3.1625,2.9798,3.1529,1457,0
20090407,2.9798,2.9798,2.9798,2.9798,42,0
20090408,2.9798,2.9798,2.9798,2.9798,520,0
20090409,3.0664,3.076,3.0664,3.076,900,0
20090414,2.9798,2.9798,2.8837,2.9318,2549,0
20090415,2.8837,2.8837,2.8837,2.8837,661,0
20090416,2.7972,3.076,2.7395,3.076,2876,0
20090417,2.8837,2.951,2.8837,2.951,5789,0
20090420,2.8837,3.076,2.7876,2.8837,15078,0
20090421,2.8741,2.9991,2.8741,2.9991,110,0
20090423,2.8933,2.8933,2.8837,2.8837,723,0
20090424,2.9798,2.9798,2.7972,2.7972,1943,0
20090427,2.7876,2.7876,2.7876,2.7876,936,0
20090428,2.7395,2.7395,2.605,2.6242,6211,0
20090429,2.8357,2.8549,2.7876,2.8549,1959,0
20090430,2.8164,2.8453,2.6819,2.826,8546,0
20090504,2.7876,2.8357,2.6915,2.8357,5048,0
20090506,2.8164,2.8357,2.7011,2.7011,3433,0
20090507,2.8549,2.8549,2.6915,2.7876,2818,0
20090508,2.7011,2.7876,2.7011,2.7876,1776,0
20090512,2.826,2.826,2.826,2.826,520,0
20090513,2.826,2.8837,2.826,2.8357,2378,0
20090514,2.7876,2.7876,2.7876,2.7876,1087,0
20090515,2.7876,2.7876,2.7876,2.7876,265,0
20090518,2.7876,2.7876,2.7588,2.7588,696,0
20090520,2.7588,2.7588,2.7588,2.7588,520,0
20090521,2.8837,2.8837,2.8357,2.8837,1826,0
20090525,2.7588,2.7588,2.7011,2.7011,241,0
20090527,2.8453,2.8837,2.8453,2.8837,4317,0
20090528,2.7876,2.7876,2.7876,2.7876,520,0
20090529,2.7876,2.7876,2.7876,2.7876,3898,0
20090602,2.8741,2.8837,2.8068,2.8068,1737,0
20090604,2.8068,2.8068,2.7876,2.7876,3121,0
20090605,2.778,2.778,2.778,2.778,421,0
20090608,2.7588,2.7588,2.7588,2.7588,499,0
20090609,2.778,2.778,2.7203,2.7203,450,0
20090616,2.8549,2.9798,2.8549,2.9798,5202,0
20090622,2.7972,2.8837,2.7972,2.8837,140,0
20090623,2.7972,2.7972,2.7876,2.7876,1794,0
20090624,2.8741,2.8741,2.7876,2.7876,1040,0
20090626,2.8741,2.8837,2.8741,2.8837,1926,0
20090630,2.9798,2.9798,2.7011,2.7011,2816,0
20090702,2.8741,2.8741,2.8741,2.8741,728,0
20090706,2.8068,2.8068,2.8068,2.8068,1029,0
20090707,2.9126,2.9126,2.9126,2.9126,520,0
20090710,2.8837,2.8837,2.8837,2.8837,312,0
20090714,2.8837,2.8837,2.7684,2.7684,122,0
20090716,2.9029,2.9414,2.9029,2.9414,2832,0
20090717,2.9702,2.9702,2.8068,2.8068,1526,0
20090720,2.8837,2.9414,2.8837,2.9414,1248,0
20090721,2.8837,2.8837,2.8837,2.8837,2,0
20090722,2.9414,2.9414,2.9414,2.9414,102,0
20090723,2.9414,2.9798,2.9414,2.9414,2104,0
20090724,2.9798,3.3067,2.9798,3.3067,2898,0
20090728,2.9895,2.9895,2.9895,2.9895,135,0
20090729,3.0856,3.1721,2.8933,3.1721,10027,0
20090804,3.1721,3.1721,3.1721,3.1721,156,0
20090805,3.2394,3.3451,3.2394,3.3451,2341,0
20090806,3.1721,3.2202,3.1721,3.1721,1352,0
20090810,3.076,3.0952,3.076,3.076,2601,0
20090811,3.076,3.076,3.076,3.076,1040,0
20090812,3.0183,3.0183,3.0183,3.0183,499,0
20090814,3.0567,3.1625,3.0087,3.1625,1833,0
20090819,3.0087,3.0952,2.9414,3.0952,2053,0
20090820,3.1144,3.1144,2.9702,2.9702,3641,0
20090821,3.0567,3.0664,3.0567,3.0664,1040,0
20090824,3.0567,3.0567,3.0567,3.0567,1271,0
20090825,3.1144,3.1721,2.9798,3.1721,2070,0
20090826,3.1721,3.1721,3.1721,3.1721,312,0
20090827,3.1721,3.1721,3.1721,3.1721,416,0
20090831,3.1721,3.2105,3.1721,3.2105,1248,0
20090902,3.2105,3.3355,3.2105,3.3355,699,0
20090904,3.2971,3.2971,3.2971,3.2971,166,0
20090909,3.2586,3.2586,3.0087,3.0087,1779,0
20090910,3.0279,3.1529,3.0279,3.1529,3173,0
20090914,3.0087,3.0567,2.8837,3.0567,3122,0
20090916,2.9126,2.9126,2.9126,2.9126,1040,0
20090917,2.9798,3.0183,2.8837,3.0183,4352,0
20090918,2.9798,2.9798,2.9798,2.9798,884,0
20090921,2.9798,2.9798,2.8837,2.8837,1560,0
20090922,2.8837,2.9798,2.8837,2.9029,6779,0
20090923,2.9029,2.9798,2.8837,2.9798,1456,0
20090924,2.9798,3.0664,2.9798,3.0664,3433,0
20090925,2.9126,2.9126,2.8837,2.8837,5722,0
20090928,2.9029,2.9029,2.8933,2.8933,308,0
20090929,2.9702,2.9702,2.8837,2.8933,7141,0
20090930,2.8837,2.8837,2.8837,2.8837,1873,0
20091001,2.8837,2.8837,2.8837,2.8837,930,0
20091002,2.8741,2.8837,2.8741,2.8837,516,0
20091005,2.8741,2.8741,2.8741,2.8741,1040,0
20091007,2.826,2.826,2.826,2.826,156,0
20091009,2.826,2.826,2.826,2.826,88,0
20091012,2.826,2.9222,2.826,2.9222,1306,0
20091013,2.8933,2.8933,2.8357,2.8357,1040,0
20091015,2.9126,2.9126,2.8837,2.8837,1040,0
20091016,2.8837,2.8837,2.8837,2.8837,1769,0
20091020,2.8837,2.8837,2.8837,2.8837,69,0
20091022,2.8837,2.9895,2.8837,2.9606,3090,0
20091023,2.9606,2.9991,2.9606,2.9991,2730,0
20091026,2.9029,2.9029,2.8837,2.8837,1040,0
20091027,2.8933,2.8933,2.8837,2.8837,19444,0
20091028,2.8741,2.8741,2.8741,2.8741,1696,0
20091029,2.8645,2.8837,2.8645,2.8837,1248,0
20091030,2.8837,2.8837,2.8837,2.8837,2081,0
20091102,2.8741,2.8741,2.8741,2.8741,23,0
20091103,2.9414,2.9414,2.9414,2.9414,520,0
20091104,2.9606,3.3451,2.9606,3.249,5755,0
20091105,3.2202,3.2202,3.2202,3.2202,38,0
20091106,3.2105,3.2105,2.9798,2.9798,832,0
20091110,2.9798,2.9798,2.9798,2.9798,1248,0
20091112,2.9798,3.076,2.9798,3.076,2957,0
20091116,3.076,3.076,3.076,3.076,2061,0
20091117,3.1336,3.1336,3.076,3.076,1151,0
20091118,3.0856,3.0856,3.0856,3.0856,947,0
20091119,3.0856,3.0856,3.076,3.076,3772,0
20091120,3.1048,3.1048,3.1048,3.1048,1092,0
20091123,3.076,3.076,2.9126,2.9606,4366,0
20091124,3.076,3.076,3.076,3.076,1600,0
20091125,3.076,3.076,3.076,3.076,3121,0
20091126,3.124,3.124,3.124,3.124,3475,0
20091127,2.9798,2.9798,2.9798,2.9798,1734,0
20091203,3.076,3.076,2.9798,2.9798,1280,0
20091204,2.9798,2.9798,2.9606,2.9606,3121,0
20091208,2.9318,2.9318,2.9318,2.9318,2010,0
20091209,2.9318,2.9318,2.9318,2.9318,1144,0
20091210,2.9318,2.9318,2.9222,2.9222,2497,0
20091211,2.9126,2.9126,2.8933,2.8933,1656,0
20091214,2.9126,2.9126,2.9029,2.9029,1156,0
20091215,2.9318,2.9798,2.9318,2.9798,1040,0
20091216,2.9798,2.9798,2.9798,2.9798,4053,0
20091221,2.9318,3.0087,2.9318,3.0087,1042,0
20091222,3.0087,3.0087,2.9029,2.9029,1173,0
20091229,2.9222,2.951,2.9222,2.9222,2601,0
20091230,2.9414,2.9414,2.9414,2.9414,416,0
20100104,2.9895,2.9895,2.9895,2.9895,520,0
20100105,3.076,3.076,2.9895,2.9895,957,0
20100107,2.9798,2.9798,2.9126,2.9126,1889,0
20100108,2.9318,2.9318,2.9318,2.9318,4161,0
20100112,2.9126,2.9126,2.9126,2.9126,520,0
20100113,2.9318,3.0279,2.8933,3.0279,4920,0
20100114,2.9798,3.076,2.9798,3.076,1821,0
20100115,2.9798,2.9798,2.9606,2.9606,1144,0
20100119,3.076,3.3451,3.076,3.3451,14047,0
20100120,3.3451,3.4028,3.2682,3.2682,2453,0
20100121,3.1336,3.5854,3.1336,3.5566,5537,0
20100122,3.2009,3.547,3.2009,3.547,275,0
20100129,3.3643,3.3643,3.3643,3.3643,520,0
20100201,3.3643,3.3643,3.3643,3.3643,104,0
20100202,3.3643,3.374,3.3643,3.3643,973,0
20100203,3.3643,3.3643,3.2586,3.2586,654,0
20100204,3.2586,3.2586,3.2394,3.2394,1092,0
20100205,3.3643,3.3643,3.2682,3.3355,2315,0
20100208,3.3643,3.5374,3.3643,3.374,5892,0
20100210,3.5278,3.5566,3.5278,3.5566,2889,0
20100215,3.2394,3.3643,3.2394,3.3643,3951,0
20100216,3.3643,3.547,3.2971,3.547,5239,0
20100217,3.4509,3.5085,3.4509,3.5085,1873,0
20100218,3.5085,3.5085,3.5085,3.5085,427,0
20100222,3.5085,3.5566,3.4605,3.4797,2454,0
20100224,3.3547,3.5374,3.3451,3.5374,981,0
20100225,3.4605,3.5566,3.4605,3.5566,538,0
20100226,3.4605,3.4605,3.4605,3.4605,505,0
20100301,3.547,3.547,3.4124,3.547,4010,0
20100302,3.5566,3.8257,3.5566,3.8257,10004,0
20100303,3.7008,3.7969,3.6047,3.7969,994,0
20100304,3.5854,3.5854,3.5854,3.5854,381,0
20100305,3.5854,3.5854,3.5854,3.5854,333,0
20100308,3.7488,3.7488,3.3643,3.3643,6197,0
20100310,3.4701,3.4701,3.4701,3.4701,270,0
20100311,3.4797,3.5085,3.4797,3.5085,611,0
20100312,3.6527,3.7488,3.6527,3.7296,4161,0
20100315,3.7296,3.7296,3.5278,3.5278,3327,0
20100316,3.5181,3.6431,3.5181,3.5566,3790,0
20100317,3.5662,3.5662,3.5374,3.5374,3121,0
20100318,3.5374,3.5374,3.5181,3.5181,655,0
20100322,3.5085,3.5566,3.4605,3.5566,1578,0
20100326,3.422,3.4605,3.422,3.4605,1116,0
20100329,3.4893,3.5566,3.4797,3.5566,2457,0
20100331,3.5085,3.5085,3.5085,3.5085,520,0
20100401,3.5374,3.5374,3.5374,3.5374,1,0
20100406,3.5181,3.5181,3.5181,3.5181,1,0
20100407,3.6143,3.6143,3.6143,3.6143,83,0
20100408,3.6143,3.6143,3.6143,3.6143,1009,0
20100409,3.7008,4.4409,3.7008,4.316,41906,0
20100412,4.1622,4.7005,3.9603,4.7005,13120,0
20100413,4.787,4.787,4.0468,4.4602,6336,0
20100414,4.4602,4.4602,3.9411,3.9411,7512,0
20100415,3.9507,3.9507,3.8642,3.8642,3375,0
20100416,3.9411,3.9411,3.9411,3.9411,520,0
20100419,3.9411,4.018,3.9411,4.018,1384,0
20100420,3.8738,4.0372,3.8642,3.9122,1852,0
20100421,3.9411,3.9891,3.9411,3.9891,869,0
20100422,4.0757,4.0757,4.0757,4.0757,281,0
20100423,4.0468,4.2967,4.0468,4.2967,4704,0
20100426,4.1333,4.2295,4.1333,4.2295,1352,0
20100430,4.2006,4.2871,4.2006,4.2871,1358,0
20100505,4.2295,4.2295,3.9988,4.1237,4646,0
20100506,4.1333,4.316,4.1333,4.316,2393,0
20100507,4.1333,4.1333,3.9988,4.1333,2383,0
20100511,4.1333,4.2006,4.0084,4.2006,3768,0
20100512,4.0853,4.2295,4.0853,4.2295,2350,0
20100513,4.1333,4.1333,4.0853,4.1333,604,0
20100514,4.1333,4.3064,4.1333,4.2679,3596,0
20100517,4.2679,4.2679,4.1333,4.2295,856,0
20100518,4.0468,4.0468,3.845,3.9411,9281,0
20100519,3.893,3.893,3.845,3.845,1568,0
20100521,3.845,3.9795,3.6527,3.9795,1722,0
20100524,3.845,3.9795,3.845,3.9795,551,0
20100526,3.9891,4.018,3.9891,4.018,728,0
20100527,4.018,4.0853,3.9122,4.0757,3870,0
20100528,4.0757,4.191,3.9891,4.191,2091,0
20100531,4.0853,4.191,3.9507,4.1237,791,0
20100601,4.1237,4.1237,4.1237,4.1237,520,0
20100602,4.1814,4.1814,4.1333,4.1333,962,0
20100604,4.1333,4.1333,4.1333,4.1333,520,0
20100608,3.9411,4.0949,3.9411,4.0949,235,0
20100610,4.1045,4.1333,4.1045,4.1333,468,0
20100611,4.1333,4.1333,4.1333,4.1333,1040,0
20100614,4.1526,4.316,4.1526,4.316,1092,0
20100615,4.316,4.316,4.0468,4.2871,1363,0
20100616,4.2198,4.2198,4.2198,4.2198,52,0
20100617,4.2006,4.316,4.2006,4.316,2081,0
20100618,4.316,4.316,4.316,4.316,534,0
20100621,4.4025,4.4025,4.3929,4.3929,750,0
20100630,4.2775,4.3736,4.2775,4.364,191,0
20100701,4.2775,4.2775,4.1045,4.2679,1562,0
20100702,4.0853,4.2295,4.0853,4.2295,417,0
20100707,4.2775,4.2775,4.2775,4.2775,52,0
20100708,4.2775,4.2775,4.2775,4.2775,208,0
20100709,4.2775,4.2775,4.0853,4.2583,1039,0
20100713,4.2487,4.2487,4.2487,4.2487,1,0
20100714,4.2487,4.3256,4.2487,4.3256,1873,0
20100715,4.3256,4.3256,4.2775,4.2871,1160,0
20100716,4.2871,4.2871,4.2871,4.2871,5,0
20100719,4.2775,4.2775,4.0949,4.2775,630,0
20100720,4.1141,4.2775,4.1141,4.2775,126,0
20100723,4.1333,4.1333,4.1333,4.1333,1254,0
20100727,4.1333,4.1333,4.1333,4.1333,1010,0
20100729,4.1333,4.1333,4.1333,4.1333,177,0
20100730,4.1333,4.2198,4.0372,4.0372,3014,0
20100802,4.0372,4.1622,4.0372,4.1622,915,0
20100803,4.1141,4.1141,4.1141,4.1141,508,0
20100804,4.1622,4.1622,4.1526,4.1526,2617,0
20100805,4.1333,4.1333,4.1333,4.1333,104,0
20100806,4.1237,4.1237,3.7681,3.7681,7866,0
20100809,3.845,3.845,3.7104,3.7104,3145,0
20100810,3.7488,3.7488,3.6047,3.6047,3436,0
20100811,3.6047,3.6335,3.5278,3.6335,4110,0
20100812,3.6335,3.6335,3.4701,3.5854,6247,0
20100813,3.4797,3.5278,3.4124,3.4989,7916,0
20100816,3.5662,3.5662,3.5566,3.5566,1399,0
20100817,3.6527,3.72,3.6527,3.72,2530,0
20100818,3.7296,3.7777,3.7296,3.7488,2812,0
20100819,3.7777,3.9411,3.7777,3.845,4896,0
20100820,3.845,3.845,3.845,3.845,31,0
20100823,3.9219,3.9219,3.9219,3.9219,281,0
20100824,3.8546,3.8546,3.8546,3.8546,52,0
20100825,3.8546,3.8546,3.8546,3.8546,1040,0
20100826,3.7969,3.7969,3.7488,3.7488,1040,0
20100831,3.7873,3.7873,3.7873,3.7873,156,0
20100901,3.8353,3.8353,3.8353,3.8353,957,0
20100902,3.893,3.893,3.7488,3.7488,2835,0
20100903,3.8257,3.8546,3.8257,3.8546,2081,0
20100906,3.7873,3.7969,3.7777,3.7969,785,0
20100908,3.8353,3.8353,3.8353,3.8353,1040,0
20100909,3.8353,3.8834,3.8353,3.8834,3100,0
20100910,3.8642,3.8642,3.8642,3.8642,1056,0
20100913,3.9122,3.9315,3.9122,3.9315,1254,0
20100914,3.9507,4.0084,3.7488,3.845,3558,0
20100915,3.7488,3.7488,3.6527,3.7488,7261,0
20100916,3.7488,3.7488,3.6623,3.6623,635,0
20100917,3.7392,3.7392,3.7392,3.7392,574,0
20100920,3.7392,3.7392,3.6623,3.7104,3639,0
20100921,3.7392,3.7392,3.6623,3.6623,6242,0
20100922,3.72,3.72,3.5854,3.7104,2382,0
20100923,3.6431,3.7392,3.6047,3.7392,11319,0
20100924,3.7392,3.7392,3.7392,3.7392,125,0
20100927,3.7392,3.7488,3.7392,3.7392,4578,0
20100928,3.845,3.845,3.7488,3.8353,5036,0
20100929,3.7969,3.8353,3.7969,3.8353,468,0
20100930,3.8161,3.8161,3.7296,3.7969,317,0
20101001,3.7969,3.7969,3.7969,3.7969,1040,0
20101004,3.8065,3.8065,3.7392,3.7392,1472,0
20101005,3.7392,3.7969,3.7392,3.7969,224,0
20101007,3.72,3.72,3.7104,3.7104,979,0
20101011,3.8065,3.8065,3.8065,3.8065,1,0
20101012,3.8065,3.8353,3.8065,3.8257,3433,0
20101015,3.7488,3.8353,3.72,3.8353,6716,0
20101018,3.8353,3.8353,3.7008,3.8257,3272,0
20101019,3.72,3.8257,3.7008,3.7969,10957,0
20101020,3.7873,3.8257,3.6527,3.8161,11530,0
20101021,3.7104,3.7969,3.7104,3.7969,270,0
20101022,3.7969,3.7969,3.7488,3.7969,3379,0
20101025,3.8353,3.893,3.8161,3.845,12230,0
20101026,3.547,3.7873,3.547,3.72,408485,0
20101027,3.7104,3.7104,3.6047,3.6431,46021,0
20101028,3.6335,3.6527,3.595,3.6143,21289,0
20101029,3.6143,3.6239,3.6047,3.6143,10349,0
20101102,3.6143,3.7008,3.6047,3.7008,37085,0
20101103,3.7008,3.7681,3.6527,3.7488,101307,0
20101104,3.7488,3.7681,3.7008,3.7488,25317,0
20101105,3.7392,3.7681,3.7392,3.7488,12238,0
20101108,3.7681,3.8834,3.7488,3.8353,129432,0
20101109,3.8065,3.9026,3.7969,3.9026,33294,0
20101110,3.9026,3.9122,3.8065,3.8834,23201,0
20101112,3.8353,3.8642,3.7584,3.845,7962,0
20101115,3.8738,3.8738,3.6623,3.7584,30209,0
20101116,3.7584,3.7584,3.6623,3.72,10898,0
20101117,3.7008,3.7008,3.6623,3.6816,9105,0
20101118,3.7296,3.7873,3.6912,3.7488,7577,0
20101119,3.72,3.7969,3.6719,3.6912,5265,0
20101122,3.6816,3.72,3.6719,3.72,3596,0
20101123,3.6816,3.7296,3.5758,3.7296,18008,0
20101124,3.6431,3.72,3.6431,3.72,5813,0
20101125,3.6719,3.7392,3.6719,3.7392,1415,0
20101126,3.6623,3.7296,3.6623,3.7104,957,0
20101129,3.6335,3.6912,3.6143,3.6912,4350,0
20101130,3.6239,3.6719,3.6239,3.6527,2508,0
20101201,3.6719,3.7008,3.6719,3.7008,341,0
20101202,3.7008,3.7104,3.6143,3.6143,5709,0
20101203,3.6143,3.6527,3.6047,3.6239,10820,0
20101206,3.4124,3.6239,3.4124,3.6143,15944,0
20101207,3.6431,3.6527,3.6431,3.6527,630,0
20101208,3.6335,3.6335,3.5854,3.6335,6442,0
20101209,3.6527,3.6527,3.5566,3.6239,5052,0
20101210,3.5566,3.6239,3.5566,3.6047,7871,0
20101213,3.6239,3.6239,3.6239,3.6239,1144,0
20101214,3.5566,3.6527,3.5566,3.6527,29578,0
20101215,3.6623,3.6816,3.6623,3.6719,15698,0
20101216,3.6912,3.7104,3.6335,3.6527,7001,0
20101217,3.72,3.72,3.6527,3.6527,2865,0
20101220,3.6527,3.7008,3.6527,3.7008,13521,0
20101221,3.595,3.6719,3.595,3.6719,13690,0
20101222,3.6912,3.7296,3.6239,3.6239,7698,0
20101223,3.6239,3.7392,3.6143,3.7392,92586,0
20101227,3.6816,3.7584,3.6816,3.7488,15190,0
20101228,3.7488,3.845,3.7488,3.8161,44301,0
20101229,3.7488,3.8161,3.7488,3.7488,4485,0
20101230,3.7488,3.8161,3.7392,3.7681,3595,0
20101231,3.7681,3.7969,3.7681,3.7969,4164,0
20110103,3.7488,3.7969,3.7488,3.7969,1612,0
20110104,3.7969,3.7969,3.7488,3.7488,4608,0
20110105,3.7296,3.7296,3.6816,3.7296,1643,0
20110107,3.72,3.7296,3.72,3.7296,676,0
20110110,3.6816,3.6816,3.6335,3.6527,1188,0
20110111,3.6527,3.6527,3.6047,3.6143,2017,0
20110112,3.6527,3.6719,3.6527,3.6719,3299,0
20110113,3.6719,3.6719,3.6527,3.6527,11010,0
20110114,3.6527,3.6527,3.6527,3.6527,3675,0
20110117,3.6527,3.7008,3.6527,3.6527,6661,0
20110118,3.6527,3.6527,3.6527,3.6527,1540,0
20110119,3.6912,3.6912,3.5662,3.6527,1851,0
20110120,3.6527,3.6527,3.6527,3.6527,520,0
20110121,3.6239,3.6527,3.6143,3.6527,6805,0
20110124,3.5854,3.6527,3.5854,3.6527,2497,0
20110125,3.6527,3.6527,3.6527,3.6527,5469,0
20110126,3.6527,3.6527,3.6527,3.6527,1404,0
20110127,3.6527,3.6527,3.6047,3.6047,1560,0
20110128,3.595,3.6047,3.595,3.595,4969,0
20110131,3.5758,3.595,3.5758,3.595,2981,0
20110201,3.595,3.6047,3.595,3.595,5722,0
20110202,3.595,3.595,3.5662,3.5662,10781,0
20110203,3.595,3.595,3.5662,3.5854,2930,0
20110204,3.6047,3.6047,3.5854,3.6047,1400,0
20110207,3.5758,3.5758,3.5374,3.5566,8919,0
20110208,3.595,3.6527,3.5374,3.5374,5306,0
20110209,3.5085,3.5085,3.4989,3.5085,7416,0
20110210,3.5566,3.5566,3.4989,3.547,2886,0
20110211,3.5181,3.547,3.4989,3.4989,6242,0
20110214,3.547,3.5566,3.5374,3.547,8186,0
20110215,3.595,3.595,3.5566,3.5566,2955,0
20110216,3.547,3.547,3.4893,3.4893,2958,0
20110217,3.4989,3.5085,3.4893,3.5085,2932,0
20110218,3.4797,3.4797,3.4797,3.4797,2377,0
20110221,3.4797,3.4893,3.4797,3.4893,2720,0
20110222,3.5085,3.6047,3.5085,3.6047,7391,0
20110223,3.6047,3.6431,3.6047,3.6431,1470,0
20110224,3.6047,3.6047,3.6047,3.6047,312,0
20110225,3.6047,3.6047,3.6047,3.6047,104,0
20110228,3.5758,3.5758,3.5181,3.5181,2689,0
20110301,3.5181,3.5566,3.5181,3.5566,182,0
20110302,3.547,3.6816,3.547,3.6527,15064,0
20110303,3.6527,3.6719,3.6527,3.6527,15033,0
20110304,3.6527,3.6623,3.6143,3.6623,630,0
20110307,3.6527,3.6527,3.6143,3.6431,8692,0
20110308,3.6527,3.6527,3.6047,3.6047,5943,0
20110309,3.5758,3.5854,3.5566,3.5566,17758,0
20110310,3.6431,3.6431,3.5181,3.5374,26178,0
20110311,3.5374,3.5374,3.5374,3.5374,2739,0
20110314,3.5374,3.5374,3.5374,3.5374,832,0
20110315,3.5278,3.547,3.4412,3.4701,10852,0
20110316,3.4605,3.5374,3.4605,3.5374,667,0
20110318,3.4701,3.4701,3.4701,3.4701,1400,0
20110321,3.4605,3.5758,3.4605,3.5758,250,0
20110323,3.5566,3.5566,3.5085,3.5085,629,0
20110324,3.4797,3.5566,3.4797,3.5566,4628,0
20110325,3.5566,3.5758,3.547,3.547,3933,0
20110328,3.5181,3.5566,3.5181,3.5566,2507,0
20110329,3.5566,3.5566,3.5278,3.5278,11147,0
20110330,3.5181,3.5181,3.5181,3.5181,1160,0
20110331,3.5374,3.6239,3.5374,3.5374,4328,0
20110401,3.5758,3.6431,3.5758,3.6431,2778,0
20110405,3.5758,3.595,3.5566,3.595,2659,0
20110406,3.5566,3.6239,3.5566,3.6239,1519,0
20110407,3.5662,3.5758,3.5662,3.5758,3462,0
20110408,3.6239,3.6239,3.6239,3.6239,104,0
20110411,3.5662,3.6047,3.5662,3.6047,1038,0
20110412,3.5662,3.5662,3.5662,3.5662,1726,0
20110413,3.5662,3.5662,3.5662,3.5662,3555,0
20110414,3.5662,3.5662,3.5566,3.5662,7994,0
20110415,3.5566,3.5662,3.5566,3.5566,6346,0
20110419,3.5085,3.5854,3.5085,3.5566,1198,0
20110420,3.5085,3.5566,3.5085,3.5566,2375,0
20110421,3.5566,3.5566,3.5566,3.5566,128,0
20110426,3.5758,3.5758,3.5758,3.5758,1400,0
20110427,3.5566,3.5566,3.5566,3.5566,1560,0
20110428,3.5758,3.6239,3.5758,3.6239,13651,0
20110429,3.5566,3.5566,3.5566,3.5566,312,0
20110502,3.5566,3.5566,3.5566,3.5566,1463,0
20110505,3.4797,3.4797,3.4605,3.4701,8379,0
20110506,3.4701,3.4701,3.4701,3.4701,1140,0
20110509,3.4605,3.4605,3.4605,3.4605,2601,0
20110510,3.4605,3.4797,3.4605,3.4605,5722,0
20110511,3.4605,3.4893,3.4605,3.4605,1040,0
20110512,3.4605,3.4605,3.4605,3.4605,239,0
20110513,3.4893,3.5085,3.4605,3.4605,2112,0
20110516,3.4605,3.4989,3.4605,3.4989,3504,0
20110518,3.4605,3.5278,3.4605,3.5278,686,0
20110523,3.5374,3.5374,3.4124,3.4605,7397,0
20110524,3.4893,3.4893,3.4893,3.4893,208,0
20110526,3.4701,3.4701,3.4701,3.4701,349,0
20110527,3.4605,3.4701,3.4605,3.4701,9160,0
20110530,3.4605,3.4605,3.4605,3.4605,1631,0
20110531,3.4509,3.4509,3.4509,3.4509,520,0
20110602,3.4509,3.4509,3.4509,3.4509,1126,0
20110603,3.4124,3.4509,3.4028,3.4509,3079,0
20110606,3.4509,3.4509,3.2202,3.4124,14990,0
20110607,3.3643,3.3836,3.249,3.3836,1384,0
20110609,3.2778,3.3643,3.2682,3.3643,15776,0
20110610,3.3163,3.3163,3.2682,3.2682,2278,0
20110613,3.2394,3.3643,3.2394,3.2682,5081,0
20110614,3.249,3.3547,3.249,3.3547,5779,0
20110615,3.2586,3.2682,3.2394,3.2682,3642,0
20110616,3.2682,3.3259,3.2682,3.3259,2794,0
20110617,3.2202,3.3547,3.2105,3.3547,3257,0
20110620,3.2298,3.3547,3.2202,3.3163,3747,0
20110621,3.3067,3.3067,3.1817,3.3067,1093,0
20110622,3.3067,3.3932,3.3067,3.3932,8255,0
20110624,3.3643,3.3643,3.3643,3.3643,270,0
20110627,3.2105,3.3836,3.2009,3.2009,3954,0
20110628,3.3547,3.3547,3.2105,3.2105,1105,0
20110629,3.2298,3.2298,3.2298,3.2298,165,0
20110630,3.2298,3.374,3.2298,3.374,563,0
20110704,3.3643,3.374,3.3643,3.374,603,0
20110705,3.249,3.3067,3.2394,3.3067,749,0
20110707,3.249,3.249,3.2394,3.2394,276,0
20110708,3.249,3.249,3.076,3.1048,58186,0
20110711,3.1144,3.1144,2.8837,2.8837,38550,0
20110712,2.8837,2.8837,2.6434,2.7972,29201,0
20110713,2.7972,2.7972,2.653,2.6915,40451,0
20110714,2.6434,2.6819,2.5473,2.653,26939,0
20110715,2.653,2.653,2.5953,2.5953,12042,0
20110718,2.5569,2.653,2.4127,2.5281,36206,0
20110719,2.4704,2.4992,2.4512,2.4992,4161,0
20110720,2.48,2.48,2.4223,2.4223,3069,0
20110721,2.4896,2.4992,2.4896,2.4992,2393,0
20110722,2.5281,2.5953,2.5281,2.5953,3131,0
20110725,2.5953,2.605,2.5953,2.605,697,0
20110726,2.605,2.6146,2.605,2.6146,4713,0
20110727,2.6242,2.6242,2.6146,2.6146,2807,0
20110728,2.605,2.605,2.605,2.605,1056,0
20110729,2.605,2.605,2.605,2.605,311,0
20110801,2.6146,2.6146,2.6146,2.6146,416,0
20110802,2.6146,2.6146,2.5953,2.5953,2136,0
20110803,2.4896,2.4896,2.3743,2.3935,11271,0
20110804,2.3935,2.4031,2.3743,2.3743,5376,0
20110805,2.1147,2.2974,2.1147,2.2974,9083,0
20110808,2.134,2.134,1.9321,1.9321,7449,0
20110809,2.0186,2.0186,2.009,2.0186,2830,0
20110810,2.1628,2.1628,2.1628,2.1628,781,0
20110811,2.1147,2.1628,2.1051,2.1147,1855,0
20110812,2.1147,2.1628,2.1147,2.1628,4547,0
20110816,2.1628,2.355,2.1628,2.355,5064,0
20110817,2.355,2.355,2.355,2.355,312,0
20110818,2.355,2.355,2.2685,2.2685,4947,0
20110823,2.2685,2.355,2.2685,2.355,3836,0
20110825,2.2781,2.2781,2.2685,2.2685,3121,0
20110826,2.2589,2.2589,2.2589,2.2589,442,0
20110829,2.2589,2.2685,2.2589,2.2685,874,0
20110830,2.2685,2.355,2.2685,2.355,3464,0
20110831,2.2685,2.355,2.2685,2.2685,6559,0
20110902,2.2878,2.355,2.2781,2.355,2669,0
20110905,2.2589,2.2589,2.1628,2.1628,7221,0
20110906,2.1243,2.1628,2.1147,2.1628,4161,0
20110908,2.1628,2.1628,2.1243,2.1243,387,0
20110909,2.1628,2.2974,2.1628,2.2974,8441,0
20110912,2.2685,2.2685,2.182,2.2685,4040,0
20110913,2.2685,2.3743,2.2685,2.3743,4437,0
20110914,2.3743,2.3743,2.2685,2.3743,759,0
20110915,2.355,2.3743,2.355,2.3743,2393,0
20110916,2.3743,2.3743,2.3743,2.3743,20,0
20110919,2.3743,2.3743,2.2781,2.3743,1556,0
20110921,2.3743,2.3743,2.3743,2.3743,18,0
20110926,2.2685,2.2685,2.2685,2.2685,416,0
20110927,2.355,2.355,2.355,2.355,1,0
20110928,2.2685,2.2685,2.2685,2.2685,5285,0
20110929,2.182,2.2109,2.182,2.2109,1129,0
20110930,2.1916,2.2205,2.1628,2.2012,3467,0
20111003,2.1243,2.2109,2.1243,2.2109,8999,0
20111005,2.1147,2.2012,2.1147,2.2012,525,0
20111010,2.2012,2.2109,2.2012,2.2109,2393,0
20111011,2.2109,2.2685,2.1243,2.2685,3245,0
20111012,2.1916,2.4512,2.1916,2.3358,7814,0
20111013,2.3743,2.3935,2.3743,2.3935,1873,0
20111014,2.4031,2.4031,2.4031,2.4031,2081,0
20111017,2.3358,2.3358,2.307,2.307,3168,0
20111018,2.307,2.3839,2.307,2.3839,4334,0
20111019,2.3647,2.4992,2.355,2.4896,5515,0
20111020,2.4896,2.5569,2.4896,2.4992,8660,0
20111021,2.4992,2.5281,2.4992,2.5281,4803,0
20111024,2.5088,2.5281,2.5088,2.5088,2913,0
20111025,2.4992,2.4992,2.4992,2.4992,3335,0
20111026,2.5281,2.5281,2.5281,2.5281,239,0
20111027,2.4319,2.4992,2.4319,2.4992,782,0
20111028,2.5281,2.5281,2.48,2.48,1612,0
20111031,2.4992,2.5281,2.4992,2.5281,1217,0
20111102,2.48,2.5281,2.48,2.48,1842,0
20111103,2.4512,2.4512,2.4512,2.4512,3329,0
20111104,2.4512,2.5281,2.4319,2.4319,4261,0
20111107,2.4896,2.5281,2.4896,2.5281,2467,0
20111109,2.5184,2.5281,2.5184,2.5281,369,0
20111115,2.4031,2.4031,2.3935,2.4031,8041,0
20111116,2.4127,2.4127,2.4127,2.4127,497,0
20111117,2.4704,2.4896,2.4127,2.4127,831,0
20111118,2.48,2.48,2.48,2.48,180,0
20111121,2.48,2.48,2.4127,2.4127,1988,0
20111122,2.4127,2.4127,2.4127,2.4127,416,0
20111123,2.4127,2.4127,2.4127,2.4127,3602,0
20111124,2.4127,2.4319,2.4127,2.4319,1873,0
20111125,2.4127,2.4127,2.4127,2.4127,2165,0
20111128,2.4127,2.4223,2.4031,2.4223,3953,0
20111129,2.4319,2.48,2.4319,2.48,1977,0
20111130,2.4608,2.4704,2.4608,2.4704,1560,0
20111201,2.4704,2.4704,2.4704,2.4704,884,0
20111202,2.4704,2.4704,2.4704,2.4704,418,0
20111205,2.4223,2.4704,2.4031,2.4704,9373,0
20111206,2.4704,2.4704,2.4704,2.4704,572,0
20111207,2.3839,2.4704,2.3839,2.4704,395,0
20111209,2.3839,2.4031,2.3262,2.4031,7756,0
20111212,2.3743,2.4704,2.3743,2.4704,1571,0
20111213,2.4031,2.4031,2.3935,2.3935,10799,0
20111214,2.4031,2.4704,2.3166,2.4512,8896,0
20111216,2.4416,2.4704,2.4416,2.4512,4512,0
20111219,2.3839,2.4704,2.3743,2.4704,4301,0
20111220,2.4704,2.4704,2.3166,2.4704,7118,0
20111221,2.4031,2.4223,2.4031,2.4223,32250,0
20111222,2.4031,2.4031,2.4031,2.4031,36099,0
20111223,2.4031,2.4704,2.4031,2.4704,228030,0
20111227,2.4704,2.5184,2.4512,2.5184,4453,0
20111228,2.4416,2.4416,2.4031,2.4031,93175,0
20111229,2.4992,2.4992,2.4031,2.4992,57787,0
20111230,2.4031,2.4992,2.4031,2.4992,7906,0
20120102,2.5088,2.5088,2.4992,2.4992,3704,0
20120103,2.48,2.4992,2.48,2.4992,1696,0
20120104,2.4992,2.4992,2.3839,2.4992,2566,0
20120105,2.4992,2.4992,2.4992,2.4992,624,0
20120109,2.4031,2.4031,2.4031,2.4031,122,0
20120110,2.4031,2.4992,2.4031,2.4992,4103,0
20120111,2.4896,2.4992,2.4896,2.4896,5930,0
20120112,2.4896,2.4896,2.4896,2.4896,1710,0
20120113,2.4896,2.4896,2.4896,2.4896,936,0
20120116,2.4896,2.4896,2.4896,2.4896,1903,0
20120117,2.4896,2.4896,2.4896,2.4896,1269,0
20120118,2.4896,2.4896,2.4896,2.4896,832,0
20120119,2.4896,2.4992,2.4896,2.4992,1779,0
20120120,2.4416,2.4992,2.4416,2.4992,322,0
20120123,2.4992,2.4992,2.4031,2.4992,2170,0
20120125,2.4992,2.4992,2.4896,2.4992,1425,0
20120126,2.4031,2.4992,2.4031,2.4992,1977,0
20120127,2.4896,2.4992,2.4896,2.4992,580,0
20120131,2.4992,2.6819,2.4992,2.6819,13928,0
20120201,2.6722,2.6722,2.6722,2.6722,1040,0
20120203,2.5953,2.6626,2.5953,2.6626,2399,0
20120206,2.6819,2.9991,2.6819,2.8837,14419,0
20120207,2.8741,2.9991,2.7395,2.9222,11015,0
20120208,2.9991,2.9991,2.9991,2.9991,22,0
20120209,2.8837,2.8837,2.6434,2.826,7028,0
20120213,2.826,2.826,2.7876,2.826,1873,0
20120214,2.7876,2.9991,2.7876,2.9991,1984,0
20120215,2.8837,2.9991,2.8837,2.8837,2622,0
20120216,2.9895,2.9895,2.8837,2.8837,322,0
20120217,2.8837,2.9318,2.8837,2.9318,3230,0
20120220,2.8933,2.9798,2.8933,2.9798,1103,0
20120221,2.9895,2.9895,2.9798,2.9798,828,0
20120222,2.8933,2.8933,2.8837,2.8837,1550,0
20120223,2.9798,2.9798,2.8837,2.9798,718,0
20120224,2.8837,2.951,2.8837,2.951,1685,0
20120227,2.8837,2.9606,2.8837,2.9606,1120,0
20120228,2.9126,2.9606,2.9126,2.9606,176,0
20120229,2.9606,2.9798,2.9606,2.9798,695,0
20120301,2.9126,2.9126,2.8837,2.8837,4339,0
20120302,2.8837,2.9895,2.8837,2.8837,7752,0
20120305,2.8837,2.8837,2.8837,2.8837,313,0
20120306,2.8837,2.8837,2.8837,2.8837,1040,0
20120309,2.8837,2.8837,2.8837,2.8837,458,0
20120314,2.7588,2.8837,2.7491,2.8837,1068,0
20120315,2.7491,2.9895,2.7491,2.9895,4003,0
20120316,2.8837,2.8837,2.8357,2.8741,7813,0
20120319,2.7588,2.8741,2.7491,2.8741,531,0
20120320,2.8741,2.8741,2.8741,2.8741,312,0
20120322,2.7491,2.8741,2.7491,2.8741,2643,0
20120323,2.7876,2.7876,2.7876,2.7876,1040,0
20120328,2.7491,2.7491,2.7491,2.7491,343,0
20120329,2.7491,2.7491,2.7491,2.7491,5859,0
20120330,2.7491,2.7491,2.7491,2.7491,490,0
20120402,2.7491,2.8741,2.7491,2.8741,1899,0
20120404,2.8645,2.8645,2.7588,2.8645,733,0
20120411,2.8645,2.8645,2.7491,2.8645,2138,0
20120412,2.7588,2.8645,2.7491,2.8645,2091,0
20120413,2.7491,2.7491,2.6242,2.7395,3747,0
20120416,2.7395,2.7395,2.7395,2.7395,837,0
20120417,2.7299,2.7395,2.7299,2.7395,2601,0
20120418,2.6338,2.7299,2.6338,2.7299,843,0
20120419,2.7299,2.7395,2.6242,2.7395,2080,0
20120423,2.6242,2.6242,2.6242,2.6242,3485,0
20120424,2.6242,2.7395,2.6242,2.7395,3121,0
20120430,2.6819,2.6819,2.6819,2.6819,999,0
20120504,2.605,2.605,2.5953,2.605,4231,0
20120507,2.5953,2.6915,2.5088,2.6915,1519,0
20120508,2.5473,2.5473,2.5473,2.5473,20103,0
20120510,2.5088,2.5088,2.4319,2.4319,9363,0
20120515,2.4319,2.4319,2.3839,2.3839,3506,0
20120516,2.3839,2.4416,2.3166,2.3262,5914,0
20120518,2.3262,2.3262,2.3262,2.3262,1447,0
20120521,2.3262,2.4319,2.3262,2.4319,4411,0
20120522,2.4319,2.4416,2.4319,2.4416,1040,0
20120523,2.3262,2.4416,2.3166,2.4416,9217,0
20120524,2.3358,2.3358,2.3262,2.3262,624,0
20120525,2.4416,2.4416,2.3358,2.4031,1072,0
20120528,2.4031,2.4031,2.4031,2.4031,1144,0
20120604,2.3262,2.3262,2.3262,2.3262,3246,0
20120605,2.3262,2.3262,2.2397,2.2397,1356,0
20120606,2.3262,2.4416,2.3262,2.4416,3912,0
20120612,2.3935,2.3935,2.3935,2.3935,531,0
20120613,2.3358,2.3358,2.3262,2.3262,3388,0
20120615,2.3262,2.3262,2.3166,2.3262,1508,0
20120619,2.2301,2.2301,2.2205,2.2205,2336,0
20120620,2.3262,2.3262,2.3262,2.3262,572,0
20120621,2.2205,2.2205,2.2205,2.2205,1040,0
20120622,2.2205,2.3262,2.2205,2.3262,1697,0
20120626,2.3262,2.3262,2.3262,2.3262,312,0
20120627,2.3262,2.3839,2.3262,2.3839,3329,0
20120628,2.3839,2.4031,2.3839,2.4031,1633,0
20120629,2.4031,2.4031,2.4031,2.4031,1945,0
20120703,2.3262,2.4416,2.3262,2.4416,1259,0
20120705,2.4416,2.4416,2.4416,2.4416,10,0
20120706,2.3262,2.3262,2.3262,2.3262,588,0
20120709,2.4031,2.4031,2.4031,2.4031,10,0
20120711,2.3935,2.4416,2.3935,2.4416,1821,0
20120712,2.4416,2.4416,2.4416,2.4416,104032,0
20120718,2.4223,2.6242,2.4223,2.6242,10403,0
20120720,2.6434,2.6626,2.6434,2.6626,4898,0
20120723,2.5377,2.6626,2.5377,2.6626,624,0
20120724,2.5377,2.5377,2.4992,2.4992,5473,0
20120725,2.5377,2.5377,2.5377,2.5377,10,0
20120803,2.4319,2.6915,2.4223,2.6915,5337,0
20120806,2.7203,2.7203,2.6242,2.7203,1155,0
20120807,2.7203,2.7491,2.7203,2.7491,809,0
20120808,2.7491,2.7491,2.6242,2.7107,2153,0
20120810,2.6915,2.6915,2.6819,2.6819,2585,0
20120820,2.6626,2.7395,2.6626,2.7011,3511,0
20120821,2.7876,2.7876,2.6915,2.7876,1032,0
20120823,2.826,2.826,2.6915,2.7684,1113,0
20120827,2.7684,2.7684,2.7684,2.7684,416,0
20120828,2.6434,2.7684,2.5665,2.6819,3183,0
20120829,2.5665,2.6819,2.5665,2.6819,1092,0
20120830,2.5665,2.5953,2.5569,2.5953,6011,0
20120831,2.6915,2.6915,2.6915,2.6915,2729,0
20120904,2.7203,2.7203,2.5473,2.6722,1217,0
20120906,2.6722,2.6722,2.6722,2.6722,15,0
20120911,2.6722,2.7876,2.6722,2.7876,8882,0
20120912,2.7876,2.8549,2.7876,2.8453,1958,0
20120914,2.8549,2.8645,2.8453,2.8645,1970,0
20120924,2.7395,2.7395,2.7395,2.7395,115,0
20120925,2.7972,2.7972,2.7395,2.7395,2842,0
20120926,2.7876,2.7876,2.7395,2.7395,3069,0
20120927,2.778,2.778,2.6626,2.7011,1581,0
20120928,2.7011,2.7876,2.7011,2.7876,2133,0
20121001,2.7876,2.7876,2.7684,2.7684,3033,0
20121002,2.6915,2.8357,2.6915,2.7876,14956,0
20121003,2.7107,2.7395,2.6915,2.6915,4785,0
20121004,2.7011,2.7684,2.7011,2.7684,780,0
20121005,2.7684,2.7876,2.7684,2.7876,5212,0
20121008,2.7011,2.7011,2.7011,2.7011,416,0
20121009,2.6915,2.7203,2.6915,2.7203,3236,0
20121010,2.6915,2.7203,2.6915,2.7203,874,0
20121011,2.7011,2.778,2.7011,2.778,8003,0
20121012,2.7395,2.7876,2.7395,2.7876,107,0
20121015,2.778,2.7876,2.778,2.7876,1040,0
20121016,2.7395,2.8357,2.7395,2.8068,7786,0
20121017,2.6915,2.8068,2.6915,2.8068,2091,0
20121018,2.6242,2.7203,2.6242,2.7203,322,0
20121019,2.6338,2.6338,2.6338,2.6338,832,0
20121022,2.6242,2.6915,2.6242,2.6915,1051,0
20121023,2.4223,2.6722,2.4223,2.6722,14691,0
20121025,2.7107,2.7107,2.7107,2.7107,10,0
20121105,2.7107,2.7107,2.7107,2.7107,42,0
20121107,2.6722,2.6722,2.6722,2.6722,220,0
20121108,2.5953,2.6146,2.5953,2.6146,5470,0
20121109,2.5953,2.6146,2.5953,2.6146,3433,0
20121113,2.5953,2.6146,2.5953,2.5953,7760,0
20121115,2.6242,2.9702,2.6242,2.8549,402330,0
20121116,2.8741,2.9991,2.8549,2.9126,10141,0
20121119,2.9126,2.9702,2.8837,2.9222,13106,0
20121120,2.8837,2.9702,2.8837,2.9318,28508,0
20121121,2.9606,2.9606,2.8645,2.9318,8194,0
20121122,2.8837,3.2202,2.8645,3.1625,63406,0
20121123,3.1625,3.3643,3.1625,3.2298,29970,0
20121126,3.2202,3.2202,3.076,3.0856,4416,0
20121127,3.0856,3.3932,3.0856,3.3067,48217,0
20121128,3.3163,3.4509,3.2298,3.3067,54741,0
20121129,3.3259,3.595,3.2971,3.5566,42975,0
20121130,3.5085,3.595,3.4316,3.5566,38334,0
20121203,3.5854,3.6912,3.4605,3.547,72909,0
20121204,3.5662,3.6239,3.5085,3.5758,39366,0
20121205,3.5662,3.5662,3.5085,3.5085,13557,0
20121206,3.4989,3.5085,3.422,3.4893,4427,0
20121207,3.4989,3.547,3.4509,3.5085,15272,0
20121210,3.4989,3.547,3.4124,3.547,8594,0
20121211,3.547,3.547,3.5085,3.5085,13599,0
20121212,3.4989,3.5181,3.422,3.4893,11307,0
20121213,3.5085,3.5085,3.4124,3.4701,3985,0
20121214,3.4316,3.4316,3.2682,3.3836,12986,0
20121217,3.3163,3.4797,3.2682,3.4412,7632,0
20121218,3.422,3.4797,3.3163,3.3643,16048,0
20121219,3.2971,3.3643,3.2202,3.3547,12253,0
20121220,3.2682,3.3643,3.249,3.3451,13525,0
20121221,3.374,3.4701,3.2778,3.374,7613,0
20121227,3.374,3.374,3.3451,3.3451,2081,0
20121228,3.3547,3.4124,3.2682,3.2682,13863,0
20130102,3.2778,3.4124,3.2778,3.4124,4566,0
20130103,3.422,3.7104,3.422,3.6527,36981,0
20130104,3.6623,3.8353,3.6047,3.6816,64644,0
20130107,3.6047,3.7488,3.6047,3.72,16475,0
20130108,3.7008,3.7488,3.6143,3.6527,7435,0
20130109,3.7008,3.7392,3.6047,3.7392,7239,0
20130110,3.7104,3.845,3.6623,3.7777,103276,0
20130111,3.8257,3.9026,3.7008,3.7681,42569,0
20130114,3.7873,3.9026,3.5374,3.6623,101834,0
20130115,3.6623,3.72,3.5854,3.6816,8923,0
20130116,3.6527,3.6719,3.6335,3.6719,5420,0
20130117,3.6719,3.7008,3.5662,3.6431,3417,0
20130118,3.6239,3.72,3.6047,3.7104,10411,0
20130121,3.6623,3.9026,3.6239,3.845,89640,0
20130122,3.845,3.9315,3.8065,3.8834,25106,0
20130123,3.845,3.9315,3.845,3.9219,13815,0
20130124,3.893,3.893,3.845,3.8642,4979,0
20130125,3.8065,4.0372,3.7584,3.9411,99974,0
20130128,3.9411,4.2198,3.9411,4.1333,43015,0
20130129,4.0853,4.1333,4.0372,4.0853,3376,0
20130130,4.0564,4.1045,3.9411,4.1045,7619,0
20130131,3.9507,4.1045,3.9507,4.1045,1222,0
20130201,4.0757,4.2102,4.0468,4.1333,27104,0
20130204,4.1333,4.1814,4.1045,4.1526,29726,0
20130205,4.1622,4.1622,3.845,3.9891,30244,0
20130206,3.8642,3.9699,3.845,3.9315,4920,0
20130207,3.8642,4.066,3.8642,4.018,41820,0
20130208,4.0084,4.316,4.0084,4.1718,94282,0
20130211,4.2391,4.5659,4.2391,4.4698,152358,0
20130212,4.4794,4.7197,4.3352,4.6524,103134,0
20130213,4.614,4.7005,4.4602,4.4794,73983,0
20130214,4.4794,4.5851,4.2871,4.5851,35691,0
20130215,4.5659,4.6043,4.4217,4.4217,688,0
20130218,4.5178,4.5178,4.3736,4.4602,10664,0
20130219,4.4217,4.4505,4.2775,4.3929,20599,0
20130220,4.2679,4.3929,4.1814,4.3736,15970,0
20130221,4.2487,4.3736,4.2198,4.3736,10404,0
20130222,4.2775,4.4025,4.2583,4.3929,2116,0
20130225,4.4025,4.6332,4.3256,4.614,22651,0
20130226,4.3736,4.5659,4.3736,4.5563,5564,0
20130227,4.5178,4.5851,4.4217,4.5659,6646,0
20130228,4.5178,4.5178,4.4025,4.5082,2646,0
20130301,4.4025,4.4698,4.3736,4.4698,5633,0
20130304,4.4602,4.4698,4.3736,4.3736,11897,0
20130305,4.3736,4.4602,4.3736,4.3833,3279,0
20130306,4.4794,4.6236,4.4217,4.5178,10848,0
20130307,4.5178,4.5178,4.3929,4.4986,1938,0
20130308,4.4698,4.4986,4.4409,4.4409,2334,0
20130311,4.4602,4.5178,4.4602,4.5178,10732,0
20130312,4.489,4.5851,4.4698,4.5178,9969,0
20130313,4.4986,4.5082,4.4217,4.4794,9732,0
20130314,4.4505,4.5178,4.4217,4.5178,4612,0
20130315,4.4986,4.5178,4.4505,4.4505,10470,0
20130318,4.4602,4.5274,4.4602,4.5274,3046,0
20130319,4.5371,4.8735,4.5371,4.7389,36716,0
20130320,4.7678,4.8254,4.6909,4.7774,20987,0
20130321,4.6332,4.6332,4.1526,4.3736,208500,0
20130322,4.1237,4.3256,4.1237,4.2679,14566,0
20130325,4.3256,4.3448,4.2295,4.2295,5633,0
20130326,4.2006,4.2967,4.1333,4.2967,1456,0
20130327,4.1333,4.2295,4.018,4.1237,14820,0
20130328,4.0853,4.3256,4.0276,4.2775,40863,0
20130402,4.316,4.3256,4.2295,4.2295,13671,0
20130403,4.2775,4.2775,4.1429,4.1429,4993,0
20130404,4.1429,4.2679,4.1429,4.2679,27185,0
20130405,4.2198,4.2967,4.2198,4.2775,2920,0
20130408,4.2871,4.3352,4.2871,4.3256,7476,0
20130409,4.3448,4.5563,4.3352,4.5178,8418,0
20130410,4.5947,4.6524,4.5947,4.6524,7194,0
20130411,4.6524,4.6524,4.5371,4.6043,2112,0
20130412,4.4698,4.5947,4.4698,4.5947,4952,0
20130415,4.5178,4.5851,4.4409,4.5851,3260,0
20130417,4.4505,4.614,4.4505,4.614,1753,0
20130418,4.4505,4.5178,4.4505,4.5178,1805,0
20130419,4.4602,4.6043,4.4602,4.5082,1612,0
20130422,4.4409,4.5371,4.4409,4.5371,5512,0
20130423,4.5371,4.614,4.5371,4.5659,6968,0
20130424,4.5371,4.5371,4.1141,4.4409,14892,0
20130425,4.3256,4.3352,4.2006,4.3352,5438,0
20130426,4.3352,4.4025,4.3256,4.4025,4464,0
20130429,4.4409,4.489,4.3736,4.489,789,0
20130430,4.2871,4.4794,4.2775,4.2775,36966,0
20130502,4.2487,4.4121,4.2487,4.4121,1848,0
20130506,4.4505,4.4505,4.2871,4.4121,1774,0
20130507,4.4121,4.4121,4.3256,4.4025,1037,0
20130508,4.3352,4.4025,4.3352,4.4025,10691,0
20130509,4.3352,4.4217,4.3352,4.3352,3783,0
20130510,4.3448,4.4505,4.2775,4.4217,4091,0
20130513,4.3256,4.4505,4.3256,4.4505,7640,0
20130514,4.4409,4.5178,4.4409,4.5178,8360,0
20130515,4.614,4.7197,4.5659,4.5947,39744,0
20130516,4.5947,4.6909,4.5659,4.6909,6180,0
20130517,4.7005,4.7389,4.614,4.7101,7628,0
20130520,4.7101,4.7197,4.662,4.7101,2272,0
20130521,4.7101,4.7101,4.5274,4.7005,7593,0
20130522,4.5274,4.5851,4.5274,4.5467,3139,0
20130523,4.5274,4.5467,4.5274,4.5371,1468,0
20130524,4.7005,4.7101,4.5274,4.6909,7736,0
20130527,4.6909,4.6909,4.5947,4.6909,4441,0
20130528,4.614,4.6812,4.614,4.6812,1040,0
20130529,4.6909,4.787,4.6909,4.7581,47648,0
20130531,4.7581,4.787,4.662,4.7197,7247,0
20130603,4.787,4.787,4.662,4.7485,1399,0
20130604,4.7581,5.1811,4.7581,5.1619,54010,0
20130605,5.1619,5.3541,5.0273,5.2868,35221,0
20130606,5.2868,5.4406,4.9984,5.2388,99691,0
20130607,4.9984,5.2291,4.9984,5.2195,10497,0
20130610,5.1811,5.2291,5.0753,5.2291,31393,0
20130611,5.1907,5.1907,5.085,5.1426,18551,0
20130612,5.1426,5.1811,5.0465,5.1811,16962,0
20130613,5.1426,5.2388,5.0561,5.1811,23776,0
20130614,5.1138,5.1811,5.085,5.1811,8967,0
20130617,5.0946,5.1811,5.0946,5.0946,7513,0
20130618,5.1522,5.4695,5.0946,5.2388,93117,0
20130619,5.258,5.3733,5.2388,5.258,9092,0
20130620,5.1234,5.1907,4.9023,4.9119,66515,0
20130621,4.9216,5.0946,4.9216,5.0753,4569,0
20130624,4.9216,5.0753,4.9216,5.0465,3224,0
20130625,5.0561,5.0946,5.0561,5.085,2277,0
20130626,4.9792,5.0946,4.9408,5.0946,69718,0
20130627,5.0081,5.0465,4.9504,4.9984,10341,0
20130628,5.0465,5.0946,4.9408,4.9504,5770,0
20130701,4.9888,5.0369,4.9312,5.0369,3758,0
20130702,4.9984,5.1811,4.9984,5.1811,1566,0
20130703,5.1811,5.2388,5.1811,5.1907,2993,0
20130704,5.1426,5.431,5.1138,5.431,8872,0
20130705,5.4214,5.4214,5.2964,5.2964,3743,0
20130708,5.3157,5.4502,5.3157,5.4214,2153,0
20130709,5.4502,5.4502,5.2964,5.4214,4739,0
20130710,5.431,5.431,5.3829,5.4214,1679,0
20130711,5.3157,5.431,5.3157,5.4214,2527,0
20130712,5.3541,5.4118,5.2964,5.4118,14518,0
20130715,5.3541,5.4118,5.2868,5.4022,3331,0
20130716,5.2964,5.3829,5.2868,5.3829,2776,0
20130717,5.2964,5.4022,5.2964,5.3829,23963,0
20130718,5.3349,5.7386,5.3349,5.7194,28228,0
20130719,5.7002,6.3442,5.5848,6.3346,47854,0
20130722,6.2096,7.2093,6.1616,7.1228,55158,0
20130723,7.1901,7.4016,6.5941,6.9209,76630,0
20130724,6.7287,7.0843,6.2577,6.9209,36875,0
20130725,6.9209,6.9209,6.7287,6.7287,4363,0
20130726,6.6326,6.9113,6.1808,6.9113,39409,0
20130729,6.9209,7.0267,6.7287,7.0267,6066,0
20130730,7.0171,7.0363,6.9209,7.0171,2316,0
20130731,6.9498,7.0267,6.9402,7.0267,58100,0
20130801,7.0267,7.4016,7.0171,7.2862,35899,0
20130802,7.3054,7.6707,7.2285,7.5842,21339,0
20130805,7.5073,7.5073,7.4016,7.4592,5232,0
20130806,7.315,7.4881,7.315,7.4881,11788,0
20130807,7.3247,7.3919,7.0843,7.1709,5755,0
20130808,7.2381,7.2478,7.0555,7.142,13831,0
20130809,7.1612,7.1612,6.9209,7.0074,5166,0
20130812,6.9786,7.1036,6.9786,7.0843,11343,0
20130813,7.0651,7.4016,7.0651,7.1805,21501,0
20130814,7.267,7.3919,7.1805,7.2381,34603,0
20130816,7.2381,7.2958,7.0651,7.2478,3992,0
20130819,7.2958,7.2958,7.0171,7.1324,6390,0
20130820,7.0651,7.142,7.0074,7.142,5045,0
20130821,7.0171,7.142,7.0171,7.142,1416,0
20130822,6.9978,7.1612,6.9978,7.1516,4260,0
20130823,7.1132,7.1132,6.8729,7.1132,5882,0
20130826,6.8825,7.0843,6.8729,7.0843,6300,0
20130827,6.9113,6.9113,6.2577,6.7575,19012,0
20130828,6.4499,6.8152,6.4499,6.7767,8353,0
20130829,6.5364,7.0459,6.5364,7.0459,4060,0
20130830,7.0363,7.1612,6.8152,6.8152,15013,0
20130902,6.9209,7.0651,6.5653,6.796,22852,0
20130903,6.8056,6.8056,6.5557,6.5557,2431,0
20130904,6.5364,6.5653,6.3922,6.4499,11818,0
20130905,6.3826,6.4019,5.9789,6.1327,17212,0
20130906,6.1327,6.969,6.1327,6.7767,25677,0
20130909,6.8344,6.969,6.8248,6.969,5567,0
20130910,6.969,6.969,6.9113,6.969,3464,0
20130911,6.969,7.1805,6.7479,7.1612,8117,0
20130912,6.9786,7.1612,6.9786,7.1612,1262,0
20130913,7.1612,7.2285,6.9978,7.2285,4176,0
20130916,7.0267,7.2381,7.0267,7.1132,11679,0
20130917,7.0171,7.2093,6.969,7.1516,11838,0
20130918,7.0171,7.0171,6.3442,6.7287,51922,0
20130919,6.8248,6.969,6.7191,6.8633,18568,0
20130920,6.7287,6.9498,6.7287,6.9113,4751,0
20130923,6.8248,6.9402,6.7287,6.9402,11144,0
20130924,6.7767,6.8633,6.671,6.8633,6464,0
20130925,6.6902,6.6902,6.4403,6.5845,47552,0
20130926,6.6133,6.7191,6.546,6.6902,65702,0
20130927,6.6806,6.6902,6.6518,6.6806,3117,0
20130930,6.7383,6.8825,6.6422,6.6902,8881,0
20131001,6.8633,6.9209,6.6902,6.8248,16123,0
20131002,6.7287,6.8248,6.7287,6.8248,9531,0
20131003,6.7767,6.9113,6.6037,6.6037,5231,0
20131004,6.6422,6.8248,6.6326,6.8248,24834,0
20131007,6.6902,6.8056,6.6902,6.6902,25623,0
20131008,6.6806,6.7767,6.6806,6.7287,13895,0
20131009,6.7383,6.8056,6.7287,6.7479,11024,0
20131010,6.7383,6.8344,6.7287,6.8344,3075,0
20131011,6.7671,7.1997,6.7287,7.1997,24139,0
20131014,7.2189,7.3343,7.1612,7.3054,15557,0
20131015,7.3343,7.3535,7.1612,7.3535,3623,0
20131016,7.2381,7.3054,7.2093,7.2093,3849,0
20131017,7.1612,7.1612,7.0171,7.1132,7528,0
20131018,7.1132,7.1132,7.1036,7.1132,4993,0
20131021,7.1132,7.142,6.7287,7.142,15141,0
20131022,7.1324,7.1324,6.9498,7.1324,6967,0
20131023,6.9594,7.094,6.9594,7.094,1365,0
20131024,7.1228,7.2766,6.9786,7.094,7773,0
20131025,7.094,7.2958,7.0171,7.0843,6240,0
20131028,7.2093,7.3054,7.0651,7.2478,29617,0
20131029,7.315,7.44,7.2093,7.3919,20170,0
20131030,7.4016,7.565,7.4016,7.5361,21724,0
20131031,7.5073,7.5938,7.44,7.44,46557,0
20131104,7.5457,7.5842,7.4208,7.5169,6803,0
20131105,7.6611,7.6707,7.4496,7.5938,38980,0
20131106,7.5457,7.5938,7.4496,7.5938,44714,0
20131107,7.4977,7.5938,7.4977,7.5842,4229,0
20131108,7.5842,7.5842,7.094,7.2381,11006,0
20131112,7.2381,7.2381,6.8056,7.1036,11701,0
20131113,7.0267,7.0267,6.9113,6.9209,11471,0
20131114,6.5364,6.8056,6.5364,6.7575,15607,0
20131115,6.8344,7.1132,6.8344,7.1132,4107,0
20131118,7.1132,7.1132,6.9498,7.0171,870,0
20131119,6.9402,7.0171,6.9402,7.0171,473,0
20131120,6.9402,7.0747,6.9402,7.0747,4721,0
20131121,6.9209,7.0363,6.9209,6.9305,2948,0
20131122,7.0747,7.0747,6.9017,6.9017,5720,0
20131125,6.9113,7.0171,6.7864,6.8344,3028,0
20131126,6.8248,7.0747,6.7767,6.8248,10912,0
20131127,6.7383,6.7383,6.7287,6.7383,4870,0
20131128,6.7383,6.9113,6.7383,6.9113,1534,0
20131129,6.9113,6.9209,6.7287,6.7287,534,0
20131202,6.7287,6.8248,6.7287,6.7864,17956,0
20131203,6.8633,6.9209,6.6806,6.6806,1841,0
20131204,6.6133,6.7287,6.5941,6.7287,877,0
20131205,6.6998,6.6998,6.6326,6.6326,2205,0
20131206,6.4788,6.7383,6.4788,6.5172,6087,0
20131209,6.4788,6.7191,6.4788,6.5557,3195,0
20131210,6.7191,6.7191,6.5845,6.5845,1050,0
20131211,6.7287,6.7383,6.5845,6.7383,7364,0
20131212,6.7479,6.7479,6.6037,6.6422,6173,0
20131213,6.6422,6.6518,6.4788,6.6518,7514,0
20131216,6.6326,6.6326,6.4499,6.4499,6965,0
20131217,6.4403,6.5076,6.3922,6.3922,3644,0
20131218,6.2673,6.3826,6.1039,6.1904,9723,0
20131219,6.2481,6.3922,6.2,6.2,5733,0
20131220,6.1519,6.1808,6.0174,6.0558,5417,0
20131223,6.1808,6.4788,6.1808,6.4403,6995,0
20131227,6.4403,6.6902,6.4403,6.6229,3304,0
20131230,6.6326,6.9786,6.4884,6.4884,14112,0
20140102,6.4115,6.671,6.4115,6.6229,5050,0
20140103,6.5941,6.5941,6.5941,6.5941,624,0
20140107,6.6998,6.6998,6.3922,6.3922,3567,0
20140108,6.5941,6.5941,6.3442,6.5845,775,0
20140109,6.5557,6.7287,6.5557,6.6037,3771,0
20140110,6.6422,6.7191,6.4403,6.7191,1049,0
20140113,6.6806,6.7287,6.671,6.7287,1028,0
20140114,6.7287,6.7287,6.7287,6.7287,7,0
20140115,6.7287,6.7287,6.7287,6.7287,208,0
20140116,6.7287,6.7575,6.7287,6.7575,208,0
20140117,6.6326,6.8248,6.6326,6.8248,3130,0
20140120,6.8152,6.8633,6.8152,6.8633,941,0
20140121,6.9209,7.1997,6.9209,7.1516,3843,0
20140122,7.1516,7.1612,7.0267,7.1516,3695,0
20140123,7.1612,7.1901,6.9978,6.9978,3557,0
20140124,7.0267,7.142,6.9882,7.1036,21255,0
20140127,6.9209,7.1036,6.9209,6.9209,525,0
20140128,6.9209,6.9978,6.9209,6.9498,299,0
20140129,6.8344,7.0074,6.3538,6.9594,7590,0
20140130,6.7864,7.0555,6.7864,7.0555,3249,0
20140131,7.1516,7.1516,6.8825,7.0555,45854,0
20140203,7.1516,7.1516,7.0555,7.1132,20874,0
20140204,7.1516,7.1516,6.8729,7.0459,306,0
20140206,6.8825,7.0459,6.8729,6.969,1441,0
20140207,6.8729,7.1997,6.8729,7.1132,28536,0
20140210,7.0074,7.0074,6.3346,6.7287,115472,0
20140211,6.6326,6.969,6.6326,6.9209,844840,0
20140212,6.9209,6.9209,6.8248,6.8248,1007,0
20140213,6.9209,6.9209,6.7191,6.7575,2226,0
20140214,6.8056,7.0843,6.8056,7.0555,5544,0
20140218,7.0171,7.3727,7.0171,7.2574,12826,0
20140219,7.3054,7.6419,7.2862,7.6419,20258,0
20140220,7.6419,7.6419,7.4977,7.5265,1799,0
20140221,7.4208,7.6322,7.4208,7.5842,1002,0
20140224,7.3919,8.0936,7.3919,8.0648,47736,0
20140225,7.8053,8.0648,7.8053,8.0071,11941,0
20140226,8.0071,8.0071,7.6803,7.6803,90778,0
20140227,7.8822,7.8822,7.5938,7.6803,31225,0
20140228,7.6803,7.7668,7.5457,7.6611,28199,0
20140303,7.4977,7.4977,6.7767,7.0267,27887,0
20140304,6.9786,7.3054,6.9786,7.3054,12048,0
20140305,7.2381,7.2574,7.2285,7.2574,3852,0
20140306,7.2189,7.4592,7.2189,7.4496,2038,0
20140307,7.4496,7.4496,7.4496,7.4496,27,0
20140310,7.2381,7.2381,7.2093,7.2093,2923,0
20140311,7.2093,7.3919,7.2093,7.3343,5821,0
20140312,7.4016,7.4016,6.8729,6.9017,8454,0
20140313,6.8056,6.9978,6.796,6.8729,3338,0
20140314,6.7864,6.796,6.5557,6.5845,9628,0
20140317,6.5364,7.0074,6.5364,6.6422,7217,0
20140318,6.6518,6.844,6.6422,6.6806,8904,0
20140319,6.8248,6.969,6.8248,6.969,1135,0
20140320,6.969,6.969,6.6518,6.6806,7642,0
20140321,6.7383,6.9113,6.7287,6.8633,3877,0
20140324,6.8633,7.1036,6.8633,7.1036,12841,0
20140325,7.1324,7.2093,6.8248,7.1997,7917,0
20140326,7.1901,7.1901,6.8248,7.094,6258,0
20140327,7.0747,7.1612,7.0747,7.1612,1211,0
20140328,6.9786,7.142,6.969,6.969,4246,0
20140331,7.0074,7.1036,7.0074,7.1036,177,0
20140401,7.142,7.142,7.0171,7.0171,1416,0
20140402,7.1228,7.1228,7.0363,7.1036,1777,0
20140403,7.1036,7.1036,6.9209,7.0843,12385,0
20140407,7.0555,7.0651,6.969,6.969,5962,0
20140408,7.0651,7.0651,6.969,7.0651,4715,0
20140409,7.0363,7.0651,6.8729,6.8729,12325,0
20140410,6.8536,6.8729,6.844,6.844,3190,0
20140411,6.8056,6.8633,6.8056,6.8633,453,0
20140414,6.8344,6.8344,6.7191,6.7383,1790,0
20140415,6.8633,6.8633,6.7191,6.8248,1260,0
20140416,6.7287,6.8152,6.7095,6.7095,1995,0
20140417,6.7191,6.7191,6.6326,6.671,3263,0
20140422,6.6614,6.7767,6.5653,6.6133,4529,0
20140423,6.7287,6.844,6.7287,6.7287,3104,0
20140424,6.8536,6.8921,6.7479,6.7479,5204,0
20140425,6.7287,6.7287,6.7287,6.7287,1115,0
20140428,6.7287,6.7287,6.2481,6.671,10677,0
20140429,6.7095,6.7095,6.5845,6.5845,76,0
20140430,6.3346,6.4884,6.3346,6.3442,5646,0
20140502,6.5364,6.5845,6.5364,6.5845,395,0
20140505,6.3346,6.3922,6.3346,6.3442,2912,0
20140506,6.325,6.5268,6.1519,6.1519,8558,0
20140507,6.2,6.2384,6.0558,6.1039,6452,0
20140508,6.1039,6.2,5.8155,5.9981,18449,0
20140509,5.9981,6.1135,5.6136,5.7578,18517,0
20140512,5.7578,5.7674,5.6233,5.6617,10915,0
20140513,5.7674,6.0366,5.7194,5.9597,19140,0
20140514,5.9597,6.0847,5.8443,6.0366,4898,0
20140515,6.4403,6.671,6.2577,6.4019,73448,0
20140516,6.4499,6.6422,6.4211,6.4307,4025,0
20140519,6.4307,6.4403,6.3826,6.3826,3690,0
20140520,6.5557,6.5557,6.4211,6.4211,2106,0
20140521,6.4115,6.6518,6.4019,6.5845,4208,0
20140522,6.6229,6.9209,6.4595,6.7767,7222,0
20140523,6.9209,6.9209,6.7479,6.7479,670,0
20140526,6.7767,6.796,6.373,6.7479,5053,0
20140527,6.7479,6.7479,6.7479,6.7479,10,0
20140528,6.6326,7.2093,6.498,7.1132,57612,0
20140529,7.1132,7.1805,7.1132,7.1709,3926,0
20140530,7.1901,7.2574,7.1132,7.2574,14625,0
20140602,7.2093,7.2093,6.7287,7.1612,6881,0
20140603,7.0363,7.142,7.0363,7.142,137,0
20140604,7.0459,7.1516,7.0171,7.1516,1571,0
20140605,7.2574,7.5938,7.2574,7.3343,15675,0
20140606,7.4016,7.4016,7.3343,7.3631,2454,0
20140609,7.44,7.44,7.1324,7.3343,3305,0
20140610,7.2093,7.2958,6.9978,7.2958,1318,0
20140611,7.1997,7.2766,7.1228,7.2766,522,0
20140612,7.3054,7.3054,7.0747,7.0747,862,0
20140613,7.0171,7.1612,6.9402,6.9498,2501,0
20140616,6.844,7.4016,6.844,7.1132,5761,0
20140617,7.0651,7.0651,6.9402,7.0651,2884,0
20140618,7.1036,7.1036,6.796,6.796,1789,0
20140620,7.1132,7.1132,6.844,7.1132,3836,0
20140623,7.1132,7.3631,7.0171,7.3631,3359,0
20140624,7.0843,7.2958,7.0747,7.2285,7523,0
20140625,7.2285,7.2285,6.9209,6.9209,9601,0
20140626,7.2862,7.2862,6.8056,6.844,712,0
20140627,6.8152,7.1132,6.8152,7.1132,16141,0
20140630,7.2093,7.2574,6.969,7.2574,1607,0
20140701,6.9786,7.1997,6.969,6.969,159,0
20140702,7.1612,7.1612,6.9209,6.969,2002,0
20140703,6.8633,6.8633,6.844,6.8633,2538,0
20140704,6.969,7.0074,6.969,7.0074,3142,0
20140708,6.8536,7.0074,6.8536,7.0074,248431,0
20140709,7.0074,7.1132,7.0074,7.1132,229,0
20140710,7.0651,7.0651,7.0651,7.0651,52016,0
20140711,7.1036,7.1036,6.8536,7.1036,111,0
20140717,6.8536,6.969,6.8536,6.969,31730,0
20140718,6.8536,7.094,6.8056,7.094,2737,0
20140721,7.0843,7.0843,7.0459,7.0843,52024,0
20140722,7.0843,7.0843,6.969,7.0171,512,0
20140723,7.0843,7.0843,7.0171,7.0651,380,0
20140724,7.0267,7.094,6.8729,7.0171,35121,0
20140725,7.094,7.094,7.094,7.094,5,0
20140728,6.8248,7.0843,6.8056,7.0843,465,0
20140801,6.8248,7.44,6.7767,7.3823,10999,0
20140804,7.4016,7.4208,7.1132,7.2958,5874,0
20140805,7.1709,7.1709,7.1132,7.1709,3554,0
20140806,7.1132,7.1516,7.0843,7.1516,1139,0
20140807,6.9305,7.1132,6.9209,7.1132,5593,0
20140811,6.9978,7.1036,6.9978,7.0171,389,0
20140812,7.1036,7.1036,7.1036,7.1036,3,0
20140813,7.0171,7.0171,7.0074,7.0074,175,0
20140814,7.0074,7.0074,6.8825,6.8825,518,0
20140818,6.8729,6.9594,6.8729,6.9594,3540,0
20140819,6.969,7.1132,6.8344,7.1132,531,0
20140820,6.9594,6.969,6.9113,6.9113,20130,0
20140821,6.9113,7.0651,6.9113,7.0267,480,0
20140822,7.0267,7.0267,6.969,7.0267,214,0
20140825,7.0267,7.1036,7.0267,7.1036,1526,0
20140826,7.0171,7.142,7.0171,7.142,7871,0
20140827,6.9786,7.3343,6.9786,7.0171,4371,0
20140828,7.315,7.315,6.8344,6.8344,2807,0
20140829,7.0555,7.2862,6.9978,7.0459,5366,0
20140901,7.0459,7.1132,6.969,7.1132,12921,0
20140903,6.9305,7.0555,6.9209,7.0555,3411,0
20140904,7.2093,7.2093,6.9498,7.2093,4944,0
20140905,7.1997,7.2093,6.9498,7.1997,1306,0
20140908,6.969,7.1612,6.9498,7.1612,1352,0
20140909,6.9786,7.1901,6.8248,6.969,14983,0
20140910,6.9305,7.2285,6.9305,7.2285,13837,0
20140911,7.5457,7.786,7.4688,7.786,57675,0
20140912,7.786,7.8629,7.5842,7.6899,12288,0
20140915,7.4784,7.6995,7.4784,7.6899,15561,0
20140916,7.6899,7.8629,7.6899,7.8245,15015,0
20140917,7.8822,8.1417,7.8533,8.1321,45557,0
20140918,8.1513,8.209,7.7764,8.0744,10013,0
20140919,7.9879,8.209,7.9302,8.1802,54300,0
20140922,7.9687,8.1513,7.9687,8.1417,39695,0
20140923,8.0264,8.1321,8.0167,8.0264,8924,0
20140924,8.036,8.1513,8.036,8.1417,85175,0
20140925,7.9591,8.0456,7.7668,7.8822,3553,0
20140926,8.1417,8.1417,7.8053,7.8053,1865,0
20140929,7.7764,7.9495,7.7091,7.8533,5081,0
20140930,7.7188,7.9206,7.7188,7.7572,1306,0
20141001,7.9687,7.9687,7.7572,7.8726,1498,0
20141002,7.9014,7.9014,7.6515,7.786,3486,0
20141003,7.9591,7.9591,7.6419,7.6419,9690,0
20141006,7.9591,7.9591,7.9591,7.9591,1,0
20141007,7.9495,7.9495,7.9495,7.9495,10,0
20141008,7.8341,7.8341,7.6419,7.786,10329,0
20141010,7.6803,7.738,7.565,7.738,48476,0
20141013,7.6034,7.6419,7.4784,7.6226,8444,0
20141014,7.4784,7.7572,7.3439,7.5938,10723,0
20141015,7.613,7.8245,7.6034,7.6899,43144,0
20141016,7.7284,7.8629,7.6803,7.7476,4268,0
20141017,7.7476,7.7476,7.6995,7.7188,3545,0
20141020,7.7188,7.911,7.44,7.6995,9969,0
20141021,7.6995,7.6995,7.6899,7.6899,2852,0
20141022,7.8726,7.9398,7.7091,7.9302,3331,0
20141023,7.7091,7.8053,7.7091,7.7476,2200,0
20141024,7.7476,7.9591,7.7476,7.9014,4503,0
20141027,7.8726,8.0456,7.8341,8.0456,1909,0
20141028,8.0456,8.0456,7.7668,8.0456,1373,0
20141030,7.9014,8.0744,7.9014,8.0744,1046,0
20141031,8.0744,8.0744,7.9302,8.0744,1309,0
20141103,7.8822,7.8822,7.738,7.738,4085,0
20141104,7.8533,8.1033,7.7957,8.036,9928,0
20141105,8.036,8.4589,8.036,8.2667,9212,0
20141106,8.2763,8.4781,8.2571,8.4589,5168,0
20141107,8.4589,8.4589,8.2667,8.4589,1704,0
20141110,8.4589,8.4685,8.3147,8.3628,7161,0
20141112,8.4781,8.4781,8.3628,8.3628,5155,0
20141113,8.4109,8.5743,8.3628,8.3916,11633,0
20141114,8.4301,8.4301,8.2474,8.3628,18649,0
20141117,8.4878,8.555,8.2571,8.2763,2744,0
20141118,8.2571,8.2571,8.2474,8.2474,2099,0
20141119,8.3724,8.6416,8.2667,8.6031,8178,0
20141120,8.6416,8.6416,8.3628,8.3916,5892,0
20141121,8.3916,8.4397,8.3436,8.4205,4971,0
20141124,8.4205,8.5166,8.1321,8.3436,9584,0
20141125,8.1129,8.1705,8.036,8.036,2803,0
20141126,7.9302,8.3628,7.9206,8.1994,103545,0
20141127,8.1321,8.1321,8.0744,8.1225,4619,0
20141128,7.911,8.1129,7.9014,8.0744,2300,0
20141201,8.2667,8.2667,7.911,7.9302,1738,0
20141202,8.2667,8.3916,8.0264,8.1129,2053,0
20141203,8.3916,8.3916,8.0552,8.3436,1886,0
20141204,8.3436,8.3436,8.1609,8.2571,1425,0
20141205,8.0456,8.6416,7.7572,8.6416,346943,0
20141208,8.6127,8.6127,8.3243,8.6031,4024,0
20141209,8.3243,8.7569,8.3147,8.6512,12374,0
20141210,8.6319,8.6512,8.4109,8.6031,3714,0
20141211,8.3724,8.8819,8.3724,8.6512,47467,0
20141212,8.8819,8.8819,8.6512,8.6704,2001,0
20141215,8.6416,8.6512,8.3532,8.6512,47589,0
20141216,8.382,8.6608,8.382,8.6608,43622,0
20141217,8.5454,8.8338,8.5358,8.8338,35156,0
20141218,8.6512,8.8915,8.5358,8.5358,4834,0
20141219,8.334,8.7377,8.334,8.6127,4871,0
20141222,8.382,8.6704,8.382,8.6512,19709,0
20141223,8.4109,8.68,8.3916,8.68,10995,0
20141229,8.4589,8.555,8.4589,8.507,530,0
20141230,8.507,8.6512,8.507,8.6512,29816,0
20150102,8.68,9.1318,8.4589,9.0357,7575,0
20150105,9.0933,9.1895,8.68,8.978,3685,0
20150107,9.0357,9.0837,8.7953,9.0357,1420,0
20150108,8.853,9.0068,8.853,8.978,2083,0
20150109,8.978,9.026,8.9203,8.9299,14195,0
20150112,8.8722,8.978,8.8722,8.9395,4042,0
20150113,8.9395,9.1318,8.8915,9.0837,12619,0
20150114,8.9395,9.0357,8.8434,9.0357,802,0
20150115,8.7281,9.0068,8.7281,9.0068,2169,0
20150116,8.7088,9.026,8.7088,9.0164,2330,0
20150119,8.7088,9.0164,8.7088,9.0164,626,0
20150120,8.9395,8.9876,8.8434,8.9395,4516,0
20150121,8.8434,9.026,8.8434,9.0164,1837,0
20150122,8.9107,9.0068,8.8915,8.9203,4175,0
20150123,8.9395,9.026,8.9107,8.9491,56190,0
20150126,8.9395,9.0357,8.9395,9.0357,2579,0
20150127,8.9491,9.1798,8.9395,9.1798,7759,0
20150128,9.0837,9.766,9.0837,9.66,20561,0
20150129,9.3817,9.776,9.3817,9.526,10039,0
20150130,9.555,9.564,9.4202,9.564,5461,0
20150202,9.507,9.564,9.3913,9.526,2135,0
20150203,9.574,9.574,9.2279,9.516,2390,0
20150204,9.516,9.516,9.449,9.4682,3383,0
20150205,9.4202,9.4682,9.4202,9.4682,640,0
20150206,9.4202,9.564,9.4202,9.564,1831,0
20150209,9.4682,9.891,9.4682,9.891,7734,0
20150210,9.612,9.891,9.564,9.603,11661,0
20150211,9.564,9.699,9.564,9.699,5871,0
20150212,9.901,9.901,9.516,9.612,4815,0
20150213,9.507,9.516,9.2952,9.3625,11185,0
20150216,9.3721,9.516,9.3336,9.516,4663,0
20150217,9.4202,9.507,9.4202,9.507,3898,0
20150218,9.4394,9.805,9.4394,9.516,6969,0
20150219,9.4778,9.516,9.4682,9.516,6051,0
20150220,9.516,9.516,9.4682,9.4971,3981,0
20150223,9.4778,9.516,9.4682,9.516,4138,0
20150224,9.516,9.516,9.4682,9.516,6637,0
20150225,9.4682,9.516,9.4682,9.4971,12233,0
20150226,9.4971,9.622,9.4682,9.4778,15714,0
20150227,9.4682,10.285,9.4682,10.237,34763,0
20150302,9.901,11.439,9.901,11.054,27654,0
20150303,11.054,11.054,10.429,10.429,17561,0
20150304,10.381,10.574,10.093,10.574,9287,0
20150305,10.574,10.852,10.093,10.747,28746,0
20150306,10.766,10.814,10.304,10.478,19432,0
20150309,10.574,10.574,10.237,10.526,63169,0
20150310,10.381,10.381,9.757,9.757,44577,0
20150311,9.814,10.035,9.612,9.612,77921,0
20150312,9.68,9.997,9.3817,9.949,10000,0
20150313,9.641,10.083,9.612,10.083,41240,0
20150316,9.997,9.997,9.728,9.853,8791,0
20150317,9.737,9.805,9.699,9.805,5397,0
20150318,9.689,9.689,9.2567,9.3433,6652,0
20150319,9.2664,9.603,9.2664,9.516,9925,0
20150320,9.3144,9.4682,9.0837,9.4682,20846,0
20150323,9.2279,9.2279,8.382,8.9876,19940,0
20150324,8.7184,9.0741,8.7088,8.8434,86105,0
20150325,8.7473,9.1029,8.7473,8.8915,1568,0
20150326,8.9395,9.0549,8.7473,9.0549,2734,0
20150327,8.8626,9.0741,8.853,8.9491,2525,0
20150330,9.1222,9.1222,8.9588,9.0357,3027,0
20150331,9.0357,9.0837,8.9588,9.0837,2273,0
20150401,9.0357,9.564,9.026,9.564,10501,0
20150402,9.516,9.516,9.4202,9.516,1030,0
20150407,9.324,9.324,9.1606,9.324,1782,0
20150408,9.0837,9.564,9.026,9.1318,28107,0
20150409,9.1414,9.536,9.1318,9.536,1826,0
20150410,9.1414,9.4105,9.1414,9.3913,5115,0
20150413,9.3913,9.4298,9.1318,9.4298,4084,0
20150414,9.1895,9.324,9.1798,9.324,1853,0
20150415,9.1895,9.4009,9.1895,9.4009,10126,0
20150416,9.2279,9.324,9.151,9.324,13285,0
20150420,9.0645,9.0645,9.0549,9.0549,1969,0
20150421,9.1318,9.2279,8.9203,9.1318,5412,0
20150422,8.9491,9.1222,8.7953,9.1222,7156,0
20150423,8.8146,9.0837,8.7665,8.7665,2617,0
20150424,8.9395,8.9395,8.7473,8.7473,2503,0
20150427,8.7473,8.9876,8.7473,8.7473,1582,0
20150428,8.8819,8.8819,8.8434,8.8434,2319,0
20150429,8.7569,8.7953,8.7473,8.7569,38465,0
20150430,8.7473,8.9299,8.7473,8.7473,2397,0
20150504,8.9299,8.9299,8.7473,8.7569,2399,0
20150505,8.8434,9.0068,8.8434,8.978,3099,0
20150506,8.8915,8.9972,8.8819,8.9972,6066,0
20150507,8.9203,8.9395,8.7569,8.9395,922,0
20150508,8.8338,8.9491,8.7569,8.8146,7677,0
20150511,8.7761,8.8626,8.7761,8.8626,1916,0
20150512,8.805,9.026,8.805,8.9876,5904,0
20150513,8.8915,8.9299,8.8434,8.853,51491,0
20150514,8.8434,8.9588,8.8434,8.9299,1864,0
20150515,8.6512,8.8242,8.382,8.7473,35146,0
20150518,8.7473,8.7473,8.7473,8.7473,8225,0
20150519,8.7665,8.7665,8.7473,8.7665,876,0
20150520,8.7665,8.7665,8.6512,8.7665,2703,0
20150521,8.7665,8.7665,8.7665,8.7665,6,0
20150522,8.6992,8.6992,8.6992,8.6992,11,0
20150525,8.6416,8.7665,8.6127,8.7665,3805,0
20150527,8.6416,8.6512,8.6416,8.6416,42010,0
20150528,8.3147,8.6704,8.2186,8.6704,5886,0
20150529,8.6512,8.6608,8.6416,8.6512,2152,0
20150601,8.6416,8.6416,8.5647,8.6416,4893,0
20150602,8.6416,8.7857,8.6031,8.7857,3403,0
20150603,8.6896,8.7857,8.6416,8.7857,2789,0
20150605,8.7473,8.7665,8.6512,8.7665,1074,0
20150608,8.6704,8.68,8.1802,8.2667,21405,0
20150609,8.1898,8.1898,8.1705,8.1705,6537,0
20150610,8.3628,8.5262,8.3628,8.5262,1428,0
20150611,8.1802,8.4589,8.1705,8.4589,731,0
20150612,8.1705,8.5262,8.0167,8.0167,2376,0
20150615,8.0744,8.2474,7.9783,8.2474,562,0
20150616,7.9783,8.2186,7.8629,7.9014,1009,0
20150617,8.209,8.209,7.8437,7.8437,858,0
20150618,7.786,8.2282,7.786,8.2282,160,0
20150619,8.1225,8.1225,8.1225,8.1225,53,0
20150623,7.738,7.9495,7.738,7.911,845,0
20150624,7.9014,8.2186,7.5938,8.1705,3096,0
20150625,8.1417,8.1417,8.1417,8.1417,208,0
20150626,8.1994,8.1994,7.8245,8.0264,28823,0
20150629,7.6899,8.1994,7.6899,8.1994,1859,0
20150630,8.0264,8.1898,8.0264,8.0264,26455,0
20150701,8.0071,8.1802,7.6995,7.8341,27358,0
20150702,8.1705,8.1705,7.4977,8.0264,30935,0
20150703,8.0167,8.0167,8.0071,8.0071,253,0
20150706,7.6995,7.8726,7.6899,7.6899,418,0
20150707,7.6899,7.6899,7.4977,7.4977,635,0
20150708,7.4208,7.4208,6.8825,7.2093,9480,0
20150709,7.3247,7.3247,6.969,7.315,446,0
20150710,6.9786,7.3247,6.9786,7.3247,867,0
20150713,7.3247,7.8629,7.3247,7.8341,778,0
20150714,7.8533,7.8533,7.8341,7.8341,2,0
20150715,7.3535,7.8629,7.3535,7.8533,6762,0
20150716,7.8629,7.8629,7.8629,7.8629,697,0
20150717,7.8726,7.9687,7.6995,7.9687,1431,0
20150720,7.9014,7.911,7.5169,7.9014,774,0
20150722,7.8918,7.8918,7.8918,7.8918,32,0
20150723,7.6803,7.6803,7.6803,7.6803,119,0
20150724,8.0071,8.0167,7.9783,7.9783,666,0
20150727,7.9687,7.9783,7.9687,7.9783,31,0
20150729,7.9783,7.9783,7.6899,7.6899,728,0
20150730,7.9687,7.9687,7.4977,7.4977,409,0
20150731,7.7764,7.7764,7.6803,7.6803,73,0
20150803,7.7476,7.7572,7.5361,7.5361,713,0
20150804,7.738,7.9014,7.6899,7.6899,44330,0
20150805,7.8245,8.0552,7.8245,7.8918,11629,0
20150806,8.0552,8.5935,8.0552,8.4109,4813,0
20150807,8.5935,8.5935,8.1705,8.507,4284,0
20150810,8.4589,8.4974,8.4589,8.4589,265,0
20150811,8.3628,8.3628,8.1225,8.3147,3612,0
20150812,8.2667,8.2667,7.7284,8.1225,12436,0
20150813,8.1129,8.1129,8.0936,8.0936,312,0
20150814,7.8918,8.5262,7.8918,8.334,598,0
20150817,8.1705,8.334,8.0744,8.0744,1376,0
20150818,8.1033,8.1033,7.738,7.9206,1214,0
20150819,8.0648,8.0648,7.6419,7.8629,6656,0
20150820,7.8629,7.8918,7.5842,7.6226,373,0
20150821,7.7668,7.7764,7.5553,7.5553,1193,0
20150824,7.5553,7.8437,6.1519,6.8248,23810,0
20150825,6.8248,7.2862,6.796,6.9209,13329,0
20150826,7.267,7.267,6.7287,6.8729,9216,0
20150827,7.3823,7.3823,6.9113,6.9209,2752,0
20150828,7.0171,7.2093,6.8825,6.9402,3114,0
20150831,7.2766,7.2766,6.7671,6.7671,2800,0
20150901,6.5845,6.9498,6.5268,6.7287,3549,0
20150902,6.8633,6.9017,6.7767,6.8921,1153,0
20150903,6.9305,6.969,6.9209,6.969,2107,0
20150904,6.9209,6.9786,6.8825,6.9786,777,0
20150907,6.9882,7.1709,6.8248,7.1324,3398,0
20150908,7.1805,7.1805,6.969,7.0651,246,0
20150909,7.0459,7.0459,6.9209,7.0459,442,0
20150910,7.0363,7.1901,7.0363,7.1901,594,0
20150911,6.8729,7.1228,6.8729,7.1228,4629,0
20150914,7.1612,7.1612,7.1324,7.142,4162,0
20150915,7.1516,7.1516,6.969,7.1516,997,0
20150917,7.1132,7.1132,6.969,7.1036,936,0
20150918,7.1036,7.1036,6.969,7.1036,770,0
20150922,6.969,7.1997,6.844,7.1997,3897,0
20150923,7.1997,7.1997,6.7671,7.1901,331,0
20150924,6.7671,7.0555,6.7479,7.0074,7671,0
20150925,6.969,7.142,6.6806,7.1036,4256,0
20150928,7.1805,7.1805,6.546,7.1132,4134,0
20150929,6.7383,7.1132,6.7383,7.0555,770,0
20150930,7.1516,7.1516,6.7575,7.1132,1572,0
20151001,6.7767,6.7767,6.6902,6.6902,3921,0
20151002,6.4307,7.0651,6.4211,6.5845,4608,0
20151005,6.8729,6.8729,6.8729,6.8729,551,0
20151006,6.8633,6.9113,6.8633,6.9113,762,0
20151007,6.8729,6.8729,6.8729,6.8729,120,0
20151008,6.8633,6.8633,6.6326,6.8633,1551,0
20151009,6.9402,6.9402,6.9113,6.9402,575,0
20151012,6.969,6.969,6.969,6.969,2991,0
20151013,6.9209,6.969,6.9209,6.969,437,0
20151015,6.8248,7.1901,6.8248,7.1901,3666,0
20151016,7.1805,7.4496,7.1805,7.4496,5913,0
20151019,7.4304,7.4304,7.4304,7.4304,1,0
20151020,7.4112,7.4208,7.3054,7.4208,1051,0
20151021,7.0171,7.3919,6.9786,6.9882,1243,0
20151022,6.9978,7.2958,6.9978,7.2958,125,0
20151023,7.1997,7.2093,7.1132,7.2093,1424,0
20151026,7.2093,7.2093,7.2093,7.2093,208,0
20151029,7.2093,7.2093,7.2093,7.2093,160,0
20151102,7.3919,7.3919,7.1997,7.2093,2087,0
20151103,7.267,7.5938,7.2093,7.5938,3090,0
20151104,7.5938,7.5938,7.2093,7.5842,320,0
20151105,6.9786,7.5746,6.9786,7.5746,125,0
20151106,7.3054,7.3823,7.3054,7.3823,239,0
20151109,7.3823,7.3823,7.0171,7.0171,248,0
20151110,7.0459,7.3343,6.9305,7.3247,859,0
20151112,7.315,7.315,6.9305,6.9305,57,0
20151113,7.2862,7.2862,6.9498,7.2862,1498,0
20151116,6.9402,7.2574,6.6806,6.8825,7245,0
20151117,6.7191,6.8921,6.7095,6.8921,442,0
20151118,6.7191,6.7191,6.7191,6.7191,117,0
20151119,6.8729,7.0171,6.7095,7.0171,311,0
20151120,6.6806,7.0171,6.6806,6.9209,30215,0
20151123,6.6133,6.9402,6.6133,6.7287,11667,0
20151124,6.7287,6.8248,6.7287,6.7287,12604,0
20151125,6.7287,6.7287,6.7287,6.7287,5202,0
20151126,6.8248,6.8248,6.7287,6.7287,1046,0
20151127,6.7287,6.8248,6.7287,6.7287,1983,0
20151130,6.7287,6.7383,6.7287,6.7383,1789,0
20151201,6.7287,7.0171,6.7287,7.0171,2540,0
20151202,6.9978,6.9978,6.9978,6.9978,5,0
20151203,6.9978,6.9978,6.9978,6.9978,3,0
20151204,6.9978,6.9978,6.6037,6.9017,906,0
20151207,6.9209,6.9209,6.9209,6.9209,3,0
20151208,6.9209,6.9209,6.9209,6.9209,21069,0
20151209,6.9882,6.9882,6.9209,6.9209,9099,0
20151210,6.9209,6.9978,6.9209,6.9209,21131,0
20151211,6.969,6.969,6.969,6.969,1,0
20151214,6.9113,6.969,6.6229,6.6326,5876,0
20151215,6.6326,6.9113,6.4307,6.8729,6542,0
20151216,6.8729,6.8729,6.6518,6.6902,1253,0
20151217,6.7287,6.7287,6.4211,6.7287,5579,0
20151218,6.7287,6.7287,6.6614,6.6614,1250,0
20151221,6.7287,6.7287,6.4403,6.6326,1020,0
20151222,6.7287,6.8729,6.5268,6.6326,11522,0
20151223,6.8729,6.9209,6.6326,6.9209,4642,0
20151228,6.969,6.969,6.796,6.9209,8007,0
20151229,7.1132,7.1997,7.0171,7.1132,8014,0
20151230,7.1132,7.1997,7.1132,7.1997,5202,0
20160104,7.0267,7.0651,6.7287,7.0555,2993,0
20160105,7.0555,7.0555,7.0555,7.0555,2,0
20160107,6.9978,6.9978,6.671,6.9498,4549,0
20160108,6.9978,7.1132,6.7383,6.7767,2327,0
20160111,7.1132,7.1132,6.7383,6.9017,1445,0
20160112,7.1132,7.1132,6.7767,6.7767,2803,0
20160113,6.969,6.969,6.9402,6.9498,5050,0
20160114,6.9017,6.9017,6.7287,6.7287,6522,0
20160115,6.9017,6.9017,6.7287,6.8152,1564,0
20160118,6.9113,6.9113,6.6998,6.8248,110,0
20160119,6.8248,6.9017,6.7287,6.8536,5975,0
20160120,6.8921,6.8921,6.6326,6.7575,5414,0
20160121,6.844,6.844,6.546,6.7191,3220,0
20160122,6.844,6.844,6.6806,6.7767,680,0
20160125,6.7864,6.7864,6.5845,6.5845,2305,0
20160126,6.844,6.844,6.5557,6.7191,8069,0
20160127,6.7767,6.7767,6.5845,6.7095,6452,0
20160128,6.7191,6.7191,6.5845,6.5845,1563,0
20160129,6.5845,6.7191,6.5076,6.6326,4646,0
20160201,6.7767,6.7767,6.1616,6.5172,7739,0
20160202,6.6518,6.6518,6.5172,6.5653,5777,0
20160203,6.8152,6.8152,6.7191,6.7191,2,0
20160204,6.7287,6.7287,6.4115,6.6518,642,0
20160205,6.6806,6.6806,6.6806,6.6806,2,0
20160208,6.6806,6.6806,6.6133,6.6133,2,0
20160209,6.6133,6.6133,6.4115,6.5845,2863,0
20160210,6.6133,6.6133,6.6133,6.6133,2,0
20160211,6.6133,6.6133,6.4019,6.6037,1527,0
20160212,6.4403,6.5364,6.4403,6.5364,2646,0
20160215,6.6133,6.6133,6.2481,6.546,17620,0
20160216,6.546,6.546,6.4019,6.4403,14144,0
20160217,6.5845,6.8152,6.4499,6.7767,11938,0
20160218,6.7767,6.796,6.5364,6.796,32449,0
20160219,6.9113,6.9113,6.7864,6.7864,2,0
20160222,6.9113,6.9113,6.6133,6.9017,1302,0
20160223,6.9113,6.9113,6.6326,6.9113,273,0
20160224,6.9113,6.9113,6.9113,6.9113,1,0
20160225,6.9113,7.1036,6.7671,6.7671,5303,0
20160226,7.0651,7.1132,6.7575,6.8248,7298,0
20160229,7.1132,7.1132,6.8344,7.0651,1608,0
20160301,7.0651,7.2574,7.0651,7.0843,23114,0
20160302,7.2574,7.2574,7.0267,7.2574,1586,0
20160303,7.3535,7.8629,7.3535,7.7957,8542,0
20160304,7.8533,7.8533,7.8437,7.8533,629,0
20160307,7.8629,8.2667,7.8629,8.0552,10990,0
20160308,8.1609,8.1609,7.8918,7.9975,1568,0
20160309,8.1513,8.1513,7.9783,7.9783,1172,0
20160310,7.4112,8.1513,7.4112,8.0936,76534,0
20160311,7.7476,8.0744,7.7476,8.0648,468,0
20160314,8.0648,8.0648,7.7188,8.0648,1201,0
20160315,8.1609,8.1609,8.0744,8.1321,50,0
20160316,8.1417,8.1417,8.1129,8.1129,3851,0
20160317,8.1129,8.1129,7.8629,8.0264,1783,0
20160318,8.0264,8.1417,7.8822,8.1225,539,0
20160321,8.1417,8.1417,7.8918,8.0744,111,0
20160322,8.1033,8.1033,7.8629,7.9495,3691,0
20160323,8.1033,8.1033,7.9783,7.9783,50,0
20160324,7.9783,7.9783,7.4496,7.8341,2850,0
20160329,7.8726,7.8726,7.6419,7.7764,2192,0
20160330,7.6899,7.7764,7.2093,7.5457,5212,0
20160331,7.5457,7.5457,7.2574,7.44,3002,0
20160401,7.5457,7.8629,7.4016,7.8341,11899,0
20160404,7.8726,8.0648,7.4112,7.786,3838,0
20160405,7.786,7.786,7.7668,7.7668,2,0
20160406,7.7668,7.7668,7.6707,7.6707,2,0
20160407,7.6707,7.6707,7.4977,7.6707,153,0
20160408,7.6707,7.6707,7.4977,7.6707,270,0
20160411,7.738,7.738,7.6803,7.6803,2,0
20160412,7.6803,7.6803,7.094,7.094,2770,0
20160413,7.1324,7.6803,7.1324,7.5553,9947,0
20160414,7.5457,7.5457,7.4881,7.4881,2,0
20160415,7.4881,7.5361,7.4016,7.5361,475,0
20160418,7.5361,7.5361,7.094,7.3343,20032,0
20160419,7.3343,7.3823,7.3343,7.3727,9573,0
20160420,7.2574,7.4016,7.2574,7.3343,6051,0
20160421,7.5361,7.5361,7.3439,7.5361,5243,0
20160422,7.5361,7.5361,7.3535,7.4016,1615,0
20160425,7.4016,7.4688,7.2189,7.4688,4719,0
20160426,7.4688,7.4688,7.2285,7.4112,2608,0
20160427,7.4688,7.4688,7.1805,7.4688,5263,0
20160428,7.4688,7.4688,7.1805,7.1805,8427,0
20160429,7.3054,7.3054,7.1612,7.2574,3743,0
20160502,7.2574,7.3054,7.0171,7.3054,605,0
20160504,7.3054,7.3054,6.844,6.9209,4742,0
20160505,6.9305,6.9978,6.9305,6.9978,1264,0
20160506,7.1612,7.1612,7.1324,7.1324,210,0
20160509,7.1612,7.1997,7.0651,7.1997,4272,0
20160510,7.1997,7.1997,6.969,7.1132,5655,0
20160511,7.1132,7.1132,6.9209,6.9209,23118,0
20160512,6.9209,6.9209,6.8248,6.8921,11183,0
20160513,6.7575,6.8921,6.7479,6.8921,16235,0
20160516,7.0074,7.0074,6.6806,6.9786,35753,0
20160517,7.0171,7.0171,6.7383,7.0074,21118,0
20160518,7.0171,7.0171,6.7767,6.9978,522,0
20160519,6.9978,6.9978,6.4595,6.844,23058,0
20160520,6.969,6.969,6.6326,6.9209,1386,0
20160523,6.9209,6.9209,6.8248,6.8248,7994,0
20160524,6.8152,6.8536,6.8152,6.8536,3643,0
20160525,6.9209,6.9209,6.9113,6.9113,2,0
20160527,6.9113,6.9113,6.8248,6.9017,4073,0
20160530,6.9017,6.9017,6.8921,6.8921,80,0
20160531,6.8921,6.9113,6.8248,6.9113,9177,0
20160601,6.9113,6.9113,6.5845,6.7287,9834,0
20160602,6.844,6.844,6.5941,6.7287,1839,0
20160603,6.844,6.844,6.6326,6.7767,12172,0
20160606,6.7671,6.7671,6.6902,6.7479,39173,0
20160607,6.8056,6.844,6.6806,6.7767,237547,0
20160608,6.844,6.844,6.844,6.844,2,0
20160609,6.844,7.4496,6.7287,7.3054,17556,0
20160610,7.6899,7.6899,7.2093,7.2093,834,0
20160613,7.3535,7.3535,7.0267,7.3535,2094,0
20160614,7.6899,7.6899,7.0267,7.2381,7687,0
20160615,7.2381,7.2478,6.9209,7.2478,82498,0
20160616,7.2478,7.4016,7.1516,7.2093,75222,0
20160617,7.2574,7.4977,7.142,7.4977,24353,0
20160620,7.6899,7.6899,7.142,7.3535,1997,0
20160621,7.3535,7.3535,7.142,7.3535,7874,0
20160622,7.35349,7.35349,7.35349,7.35349,2,0
20160623,7.35349,7.35349,7.35349,7.35349,27,0
20160624,6.74791,7.09395,6.72868,7.06512,4387,0
20160627,7.06512,7.06512,6.75752,6.99783,712,0
20160628,6.99783,7.24775,6.99783,7.11318,2356,0
20160629,7.25736,7.25736,6.82481,7.11318,486,0
20160630,7.25736,7.49767,6.87287,7.07473,7689,0
20160701,7.49767,7.49767,7.09395,7.44,679,0
20160704,7.78,7.78,7.7,7.7,2,0
20160705,7.74,7.74,7.37,7.74,402,0
20160706,7.74,7.74,7.74,7.74,2,0
20160707,7.74,7.74,7.74,7.74,2,0
20160708,7.74,7.74,7.37,7.6,12002,0
20160711,7.6,7.6,7.49,7.49,4,0
20160712,7.49,7.49,7.49,7.49,2,0
20160713,7.49,7.49,7.25,7.49,556,0
20160714,7.49,7.49,7.17,7.17,9427,0
20160715,7.35,7.35,7.14,7.17,4434,0
20160718,7.2,7.2,7.05,7.09,564,0
20160719,7.01,7.1,7.01,7.1,1492,0
20160720,7.1,7.1,7.1,7.1,2,0
20160721,7.1,7.1,7.1,7.1,2,0
20160722,6.87,7.09,6.87,7.09,1200,0
20160725,7.09,7.09,6.86,7.09,2579,0
20160726,7.09,7.29,6.9,7.29,12,0
20160727,7.19,7.19,6.9,7,1363,0
20160728,7.15,7.15,6.85,7.08,1524,0
20160729,7.09,7.09,7.09,7.09,2,0
20160801,7.09,7.09,7.09,7.09,2,0
20160802,7.09,7.09,7.09,7.09,2,0
20160803,7.09,7.09,7.09,7.09,2,0
20160804,7,7.09,7,7.09,2,0
20160805,7.09,7.09,7,7.07,25,0
20160808,7.05,7.05,7.05,7.05,2,0
20160809,7.05,7.05,6.51,6.74,12782,0
20160810,6.74,6.74,6.41,6.54,16005,0
20160811,6.62,6.62,6.54,6.54,1232,0
20160812,6.58,6.58,6.16,6.45,12759,0
20160816,6.3,6.45,6.18,6.29,2824,0
20160817,6.29,6.29,6.15,6.15,1291,0
20160818,6.29,6.29,6.1,6.29,1406,0
20160819,6.29,6.29,6.29,6.29,431,0
20160822,6.29,6.29,6.29,6.29,2,0
20160823,6.29,6.29,6.29,6.29,2,0
20160824,6.29,6.29,6.29,6.29,2,0
20160825,6.29,6.29,6.1,6.1,3226,0
20160826,6.1,6.31,6.1,6.23,485,0
20160829,6.3,6.3,6.1,6.3,3137,0
20160830,6.3,6.3,6.3,6.3,2,0
20160831,6.29,6.3,6,6.3,8621,0
20160901,6.3,6.49,6.3,6.3,889,0
20160902,6.3,6.41,6.3,6.38,6407,0
20160905,6.39,6.39,6.38,6.38,8882,0
20160906,6.38,6.4,6.17,6.38,13669,0
20160907,6.38,6.38,6.3,6.3,2,0
20160908,6.38,6.41,6.3,6.38,1315,0
20160909,6.38,6.38,6.05,6.13,23059,0
20160912,6.38,6.38,6.16,6.16,41,0
20160913,6.38,6.38,5.96,6.07,42432,0
20160914,6.38,6.38,5.96,6.11,44567,0
20160915,6.37,6.83,6.06,6.73,100080,0
20160916,6.73,7.24,6.73,7.06,4531,0
20160919,7.2,7.2,6.8,7.03,4189,0
20160920,7,7,6.7,6.8,14740,0
20160921,6.92,6.92,6.75,6.9,3002,0
20160922,6.91,6.91,6.91,6.91,2,0
20160923,6.91,6.91,6.7,6.7,17499,0
20160926,6.91,6.91,6.65,6.7,362,0
20160927,6.9,6.9,6.9,6.9,2,0
20160928,6.9,6.9,6.85,6.9,482,0
20160929,6.65,7.09,6.65,7.09,3851,0
20160930,7.19,7.19,6.94,7.15,602,0
20161003,7.14,7.34,7.08,7.3,1301,0
20161004,7.34,7.34,7.28,7.28,4389,0
20161005,7.28,7.28,7.26,7.26,2,0
20161006,7.27,7.3,7.27,7.3,10002,0
20161007,7.29,7.29,6.94,6.94,2792,0
20161010,7.19,7.19,6.96,7.11,13,0
20161011,7.18,7.18,7.12,7.12,2,0
20161012,7.17,7.18,6.96,6.96,4154,0
20161013,7.18,7.18,6.99,7.08,3713,0
20161014,7.08,7.08,6.99,7.08,1573,0
20161017,7.2,7.5,7.2,7.4,3544,0
20161018,7.4,7.4,7,7.34,10041,0
20161019,7.4,7.4,7.03,7.4,202,0
20161020,7.4,7.4,7.01,7.3,3453,0
20161021,7.2,7.2,7.15,7.2,2566,0
20161024,7.2,7.2,6.99,7.1,5504,0
20161025,7.2,7.2,7,7.19,1291,0
20161026,7.2,7.3,7.19,7.3,1738,0
20161027,7.25,7.28,7.19,7.28,3457,0
20161028,7.28,7.28,7.1,7.1,1002,0
20161031,7.1,7.2,7.01,7.14,32393,0
20161102,7.15,7.15,6.9,7.15,111,0
20161103,7.15,7.15,6.91,7.15,20631,0
20161104,7.15,7.15,6.9,7,2291,0
20161107,7.15,7.15,7.05,7.05,5003,0
