Date,Open,High,Low,Close,Volume,OpenInt
20110510,38.982,41.07,38.336,40.884,946419,0
20110511,40.786,40.786,40.197,40.197,56374,0
20110512,39.894,40.678,39.041,40.189,78075,0
20110513,39.796,39.875,39.6,39.727,12694,0
20110516,39.747,40.09,39.679,39.983,40613,0
20110517,39.894,39.973,39.6,39.61,70865,0
20110518,39.698,39.825,39.61,39.698,8046,0
20110519,39.698,39.757,38.668,39.747,23964,0
20110520,39.777,39.777,39.433,39.698,22128,0
20110523,39.708,39.708,39.423,39.502,40206,0
20110524,39.208,39.698,38.816,39.698,42314,0
20110525,39.6,40.189,39.6,40.189,9398,0
20110526,39.943,40.58,39.894,39.894,34016,0
20110527,39.61,39.992,39.61,39.943,10144,0
20110530,39.659,39.796,39.306,39.316,15352,0
20110531,39.247,40.855,39.198,40.639,61667,0
20110601,40.639,40.639,39.698,40.531,1558,0
20110602,40.482,40.482,39.698,40.375,6177,0
20110603,39.747,40.335,39.698,39.747,5924,0
20110606,39.61,40.189,39.404,40.189,39009,0
20110607,39.698,40.189,39.698,40.189,55325,0
20110608,39.698,40.189,39.698,40.189,120459,0
20110609,39.992,39.992,39.698,39.698,38574,0
20110610,39.6,39.698,39.306,39.698,57970,0
20110613,39.6,39.796,39.6,39.747,22314,0
20110614,39.247,39.512,39.247,39.512,58982,0
20110615,39.218,39.698,39.218,39.679,12003,0
20110616,37.444,39.257,37.444,39.208,17112,0
20110617,39.061,39.208,38.62,39.208,43126,0
20110620,37.738,39.208,37.738,38.914,98845,0
20110621,38.718,39.208,38.718,38.914,115180,0
20110622,38.728,39.688,38.728,39.208,3129,0
20110624,39.198,39.404,39.022,39.208,11952,0
20110627,39.13,39.306,39.11,39.208,53926,0
20110628,38.424,39.208,38.424,39.208,2678,0
20110629,39.11,39.404,39.11,39.404,8497,0
20110630,39.698,39.698,39.208,39.698,11877,0
20110701,40.189,42.1,40.189,41.962,35762,0
20110704,41.904,42.638,41.904,42.638,24001,0
20110705,42.786,42.834,42.168,42.442,12703,0
20110706,42.306,42.442,41.364,42.442,8850,0
20110707,42.442,42.932,41.796,42.638,14656,0
20110708,42.442,42.884,41.217,41.217,5239,0
20110711,41.188,42.05,41.139,41.266,4604,0
20110712,41.874,41.874,38.796,41.149,43549,0
20110713,40.189,41.658,40.189,41.168,6556,0
20110714,40.295,41.158,40.295,41.149,17304,0
20110715,41.149,41.149,40.678,40.972,636,0
20110718,40.305,40.305,39.698,40.09,2264,0
20110719,39.894,40.09,39.227,39.698,2530,0
20110720,39.698,40.041,39.335,39.345,1998,0
20110721,39.6,39.6,38.728,39.208,4117,0
20110722,39.218,40.041,39.218,40.041,52032,0
20110725,40.159,40.159,39.502,40.139,2641,0
20110726,40.149,40.669,39.992,40.189,3999,0
20110727,40.189,40.385,39.698,39.698,2607,0
20110728,39.698,39.698,38.914,39.306,6820,0
20110729,39.903,39.903,39.12,39.894,23729,0
20110801,39.218,39.453,38.61,38.718,50190,0
20110802,39.061,39.061,38.62,38.62,21459,0
20110803,39.012,39.012,36.757,37.836,33891,0
20110804,36.267,38.13,36.267,36.463,34655,0
20110805,31.366,36.757,31.366,36.071,27710,0
20110808,33.425,35.777,33.327,34.209,24994,0
20110809,33.327,33.376,30.102,32.837,144340,0
20110810,33.719,34.306,30.494,31.366,68957,0
20110811,31.856,33.327,31.072,33.327,12667,0
20110812,34.748,35.189,33.817,35.022,3353,0
20110816,36.071,36.071,33.621,34.699,8667,0
20110817,35.944,35.944,34.306,34.306,1989,0
20110818,34.288,35.12,32.543,32.543,10185,0
20110819,32.543,33.905,32.543,33.886,3724,0
20110822,34.306,34.895,33.817,34.797,953,0
20110823,34.993,34.993,34.306,34.306,1662,0
20110824,34.111,34.306,34.111,34.306,447,0
20110825,34.404,35.287,34.404,34.797,814,0
20110826,35.62,35.62,34.797,35.287,1207,0
20110829,35.679,36.071,34.797,36.071,53419,0
20110830,36.071,36.071,35.679,35.875,28512,0
20110831,37.071,38.522,36.071,36.953,29401,0
20110901,37.738,37.738,35.287,36.747,1855,0
20110902,36.022,36.767,36.022,36.63,4977,0
20110905,35.777,36.267,34.993,36.267,2472,0
20110906,36.247,36.561,35.875,36.561,72799,0
20110907,36.561,37.208,36.513,36.855,631,0
20110908,39.208,39.208,38.374,39.208,320259,0
20110909,39.188,39.306,37.267,38.816,14791,0
20110912,38.816,38.816,36.905,37.345,4367,0
20110913,37.345,38.238,36.757,37.247,3191,0
20110914,37.247,37.345,37.247,37.247,15418,0
20110915,38.032,38.032,37.649,37.698,1280,0
20110916,37.257,38.698,37.257,38.668,1746,0
20110919,38.718,38.718,37.542,38.326,66210,0
20110920,38.326,38.914,38.326,38.914,2580,0
20110921,38.718,40.051,38.718,39.6,3049,0
20110922,39.208,39.208,38.374,38.522,6318,0
20110923,37.561,39.051,37.561,38.032,119990,0
20110926,38.718,39.521,38.404,39.521,2523,0
20110927,39.502,41.168,39.502,40.678,13837,0
20110928,40.776,42.354,40.776,42.246,61115,0
20110929,42.148,43.001,42.148,43.001,10156,0
20110930,41.658,43.442,41.658,42.148,64282,0
20111003,42.148,42.148,40.287,41.354,7592,0
20111004,41.168,41.168,39.531,39.6,11123,0
20111005,40.189,41.374,40.09,41.354,6098,0
20111006,41.443,42.148,41.266,41.658,678,0
20111007,41.374,41.374,41.021,41.168,6348,0
20111010,41.168,41.168,40.287,41.168,9224,0
20111011,41.443,41.462,40.972,41.462,42176,0
20111012,41.56,41.854,40.737,41.854,33726,0
20111013,41.854,43.109,41.08,41.56,6391,0
20111014,41.198,41.56,41.168,41.266,41659,0
20111017,42.442,42.442,41.168,41.168,1427,0
20111018,40.697,41.168,39.943,41.168,1865,0
20111019,41.168,41.168,40.385,40.884,5660,0
20111020,40.678,41.168,40.197,41.168,4226,0
20111021,40.786,40.786,40.385,40.385,1266,0
20111024,40.237,40.923,39.512,40.923,19089,0
20111025,41.168,41.394,40.482,41.286,603,0
20111026,41.158,41.286,39.708,41.256,1120,0
20111027,41.168,41.854,40.678,41.854,3611,0
20111028,42.148,42.148,40.992,40.992,562,0
20111031,40.335,42.119,40.335,41.56,6480,0
20111102,40.189,41.364,39.727,41.168,4707,0
20111103,41.364,41.658,40.678,41.658,1364,0
20111104,40.972,41.56,40.972,41.56,4925,0
20111107,41.452,41.462,41.07,41.413,219632,0
20111108,41.56,42.128,41.266,41.952,2036,0
20111109,41.854,41.854,40.992,41.168,1022,0
20111110,40.678,41.07,40.189,40.963,525,0
20111114,41.119,41.55,40.257,40.678,1965,0
20111115,40.385,40.678,37.394,40.678,5539,0
20111116,40.717,41.658,40.717,41.658,2434,0
20111117,41.658,41.756,40.874,41.658,1054,0
20111118,41.227,41.227,39.845,41.168,8815,0
20111121,40.678,40.678,39.698,39.708,1684,0
20111122,39.698,40.189,39.698,40.189,9825,0
20111123,40.678,40.678,39.423,39.708,67197,0
20111124,39.992,40.482,39.992,40.159,983,0
20111125,39.796,41.56,39.708,41.119,10699,0
20111128,39.894,40.874,39.894,40.874,3598,0
20111129,40.197,40.874,40.197,40.865,2491,0
20111130,40.58,43.129,40.58,43.129,60917,0
20111201,42.158,43.129,41.668,41.854,31717,0
20111202,42.972,42.972,41.894,42.1,1591,0
20111205,41.952,42.638,41.668,42.05,790,0
20111206,42.148,42.148,41.756,41.756,468,0
20111207,42.04,42.04,41.462,41.472,2052,0
20111208,41.296,42.148,40.865,42.148,6287,0
20111209,41.756,42.54,41.021,41.952,646,0
20111212,42.138,42.53,42.138,42.138,7578,0
20111213,41.756,41.952,41.668,41.952,432,0
20111214,42.148,42.334,42.148,42.148,684,0
20111215,42.246,42.246,41.364,41.364,905,0
20111216,41.364,41.462,41.364,41.462,60,0
20111219,42.148,42.236,41.619,41.619,23955,0
20111220,41.364,42.344,41.364,41.688,177446,0
20111221,42.296,42.834,42.148,42.638,109201,0
20111222,42.148,42.246,41.864,42.148,1110,0
20111223,42.344,42.344,42.148,42.148,6869,0
20111227,41.462,42.246,41.364,42.148,3707,0
20111228,42.54,43.129,42.54,42.982,2571,0
20111229,43.021,43.021,42.658,42.658,29437,0
20111230,42.638,42.874,42.208,42.854,481,0
20120102,42.952,42.952,42.286,42.423,1653,0
20120103,42.638,42.913,42.148,42.638,51612,0
20120104,42.638,42.638,42.442,42.442,210,0
20120105,42.442,42.638,42.246,42.246,1877,0
20120109,42.158,42.638,42.148,42.638,2271,0
20120110,42.638,42.638,41.952,41.952,1759,0
20120111,41.952,42.148,41.315,41.315,1890,0
20120112,41.168,42.208,40.482,41.658,6223,0
20120113,42.609,42.609,41.658,42.06,8016,0
20120116,41.56,41.806,41.56,41.776,18708,0
20120117,41.844,41.854,41.61,41.825,3098,0
20120118,42.609,42.609,41.511,42.148,4264,0
20120119,42.148,42.148,41.658,41.952,40704,0
20120120,41.345,42.246,41.345,42.246,1047,0
20120123,41.668,41.992,41.619,41.992,1716,0
20120124,42.05,42.198,42.05,42.148,5162,0
20120125,41.904,41.962,41.57,41.962,108,0
20120126,41.58,42.148,41.58,41.806,46430,0
20120127,42.138,42.198,41.854,42.198,8131,0
20120130,41.688,42.148,41.374,42.148,1844,0
20120131,42.138,42.148,41.374,41.541,1289,0
20120201,41.854,42.05,41.776,41.854,2613,0
20120202,41.854,41.864,41.756,41.756,136632,0
20120203,41.658,42.002,41.168,42.002,3384,0
20120206,42.05,43.08,42.012,42.638,5081,0
20120207,43.08,45.579,43.031,45.579,20490,0
20120208,46.266,47.539,45.099,45.579,8751,0
20120209,44.942,45.668,44.403,44.403,4387,0
20120210,44.383,44.403,43.433,44.089,2120,0
20120213,44.403,45.079,43.667,44.109,8247,0
20120214,44.119,44.187,44.089,44.109,2365,0
20120215,44.109,45.079,44.109,45.06,28678,0
20120216,45.05,45.972,44.893,45.874,2213,0
20120217,45.874,45.972,45.54,45.677,5105,0
20120220,45.726,45.972,45.197,45.962,3088,0
20120221,45.972,46.07,45.598,46.07,1741,0
20120222,46.07,46.168,44.413,44.579,5895,0
20120223,44.501,45.932,44.501,45.383,3145,0
20120224,45.089,45.668,45.089,45.579,1140,0
20120227,45.481,46.951,45.481,46.687,6940,0
20120228,46.687,47.049,45.972,46.658,19990,0
20120229,46.56,47,45.726,46.168,1712,0
20120301,45.776,46.05,45.099,45.952,1667,0
20120302,46.55,46.55,45.628,45.628,2796,0
20120305,45.785,46.256,45.776,46.07,993,0
20120306,45.794,45.794,43.138,44.207,5579,0
20120307,44.207,44.893,44.119,44.893,28305,0
20120308,45.079,46.755,45.079,46.5,4143,0
20120309,46.608,46.608,46.07,46.354,478,0
20120312,46.648,46.648,44.893,46.402,4033,0
20120313,46.51,46.51,44.873,44.893,24881,0
20120314,46.05,46.481,44.913,46.088,90458,0
20120315,46.266,47.147,46.266,46.951,7041,0
20120316,47.049,47.373,46.56,46.932,3229,0
20120319,45.874,46.658,45.285,45.285,3488,0
20120320,45.481,46.55,45.285,46.354,3683,0
20120321,46.56,47.049,45.932,47.049,11913,0
20120322,47.236,48.52,47.236,47.981,19617,0
20120323,48.98,49.892,48.52,49.402,14419,0
20120326,49.5,49.745,49.206,49.5,63303,0
20120327,49.402,49.402,49.01,49.157,323653,0
20120328,49.108,49.892,49.01,49.892,15870,0
20120329,49.892,50.48,48.677,48.725,54886,0
20120330,48.725,49.451,48.725,49.206,23691,0
20120402,49.206,50.872,47.549,48.039,23763,0
20120403,48.647,49.598,48.127,48.569,25891,0
20120404,49.01,49.01,47.637,47.637,12590,0
20120405,47.647,49,47.647,48.677,23703,0
20120410,49.402,49.402,47.775,47.805,6544,0
20120411,47.805,49.01,46.56,48.52,37429,0
20120412,49,50.578,49,50.578,9709,0
20120413,50.97,50.97,49.99,49.99,15208,0
20120416,49.5,50.48,49.5,50.088,3774,0
20120417,50.284,50.284,49.5,50.088,1981,0
20120418,50.137,50.284,49.01,49.99,7603,0
20120419,49.99,49.99,49.01,49.01,4134,0
20120420,49.01,49.01,48.069,48.814,4001,0
20120423,48.961,48.961,46.07,46.07,10472,0
20120424,46.266,47.627,46.266,46.755,16808,0
20120425,47.441,47.539,47.049,47.049,15625,0
20120426,47.627,47.627,47.147,47.245,6878,0
20120427,47.539,48.019,47.295,47.343,3246,0
20120430,47.931,47.931,47.343,47.343,1555,0
20120502,47.343,47.343,46.266,47.03,3640,0
20120504,46.364,47.01,46.07,46.902,1842,0
20120507,45.295,46.706,45.295,46.462,3849,0
20120508,47.226,47.539,47.216,47.539,1952,0
20120509,47.491,47.833,46.951,47.637,1254,0
20120510,47.735,48.51,46.951,47.931,491,0
20120511,47.931,48.127,47.098,48.127,1330,0
20120514,48.52,48.52,47.157,47.539,816,0
20120515,47.059,47.539,46.853,46.853,22510,0
20120516,46.755,46.755,44.109,46.118,12854,0
20120517,46.07,46.07,44.069,44.109,12143,0
20120518,43.119,45.04,43.119,44.942,3680,0
20120521,45.256,45.648,45.256,45.579,759,0
20120522,45.677,46.51,44.354,45.04,2494,0
20120523,44.893,44.991,44.893,44.991,20588,0
20120524,44.109,44.599,44.109,44.599,694,0
20120525,44.119,44.795,44.109,44.795,1172,0
20120528,44.452,45.089,44.452,45.089,192,0
20120529,44.217,44.991,44.217,44.217,144,0
20120530,44.109,44.119,44.109,44.109,1072,0
20120531,43.717,45.776,43.717,45.187,8121,0
20120601,45.079,45.579,45.079,45.079,609,0
20120604,44.255,45.079,44.207,44.255,2510,0
20120605,44.255,44.962,43.187,44.795,1602,0
20120606,43.276,45.187,43.276,45.187,1203,0
20120608,45.226,45.756,44.433,45.079,1123,0
20120611,45.285,46.04,45.285,45.883,4446,0
20120612,46.06,46.148,45.874,46.148,41761,0
20120613,46.07,46.148,45.776,45.776,12146,0
20120614,45.668,45.668,45.148,45.197,12059,0
20120615,44.697,45.716,44.139,44.854,259,0
20120618,45.089,45.864,44.903,44.903,6225,0
20120619,44.991,44.991,43.971,44.109,11021,0
20120620,44.109,44.109,43.383,44.059,1109,0
20120621,44.059,44.903,43.717,44.109,24842,0
20120622,44.109,44.109,43.335,44.109,1590,0
20120625,44.109,44.109,43.717,44.099,955,0
20120626,43.648,44.452,43.619,44.452,2890,0
20120627,44.305,44.305,43.863,44.305,418,0
20120628,44.109,44.109,43.765,44.109,19716,0
20120629,44.109,45.383,43.629,45.383,3262,0
20120702,44.697,45.981,44.697,45.981,3163,0
20120703,45.922,45.942,45.099,45.334,43860,0
20120704,45.952,45.952,45.089,45.089,1783,0
20120705,45.383,46.01,45.383,45.579,2724,0
20120706,45.579,45.922,44.609,45.922,5345,0
20120709,45.962,45.962,45.089,45.138,629,0
20120710,45.383,45.942,45.118,45.118,1253,0
20120711,45.118,45.912,45.04,45.04,866,0
20120712,45.04,45.04,44.265,44.501,249,0
20120713,44.599,44.599,43.913,44.109,2237,0
20120716,43.737,44.599,43.737,44.109,97,0
20120717,43.619,44.942,43.619,44.942,1762,0
20120718,44.942,44.942,44.217,44.893,30790,0
20120719,44.315,44.403,44.167,44.207,7164,0
20120720,43.629,44.481,43.629,44.461,802,0
20120723,44.255,44.255,41.168,42.834,13219,0
20120724,43.119,43.56,43.119,43.129,4282,0
20120725,43.129,43.472,43.129,43.472,710,0
20120726,43.129,43.129,43.129,43.129,747,0
20120727,43.207,44.011,43.207,44.011,443,0
20120730,44.109,44.207,44.011,44.109,1413,0
20120731,44.059,44.491,43.619,44.491,4568,0
20120801,44.55,44.55,43.913,43.913,611,0
20120802,43.335,43.374,43.129,43.374,27291,0
20120803,43.374,44.599,43.227,44.589,4690,0
20120806,43.913,44.746,43.913,44.599,1207,0
20120807,43.923,44.452,43.913,44.109,1284,0
20120808,44.109,44.599,44.109,44.599,34071,0
20120809,43.491,44.599,43.129,44.589,8128,0
20120810,44.619,44.619,44.109,44.109,496,0
20120813,44.109,44.109,43.765,43.765,231,0
20120814,43.765,44.501,43.717,44.501,490,0
20120816,43.667,44.109,43.667,43.785,1961,0
20120817,43.737,44.109,43.737,43.756,6365,0
20120820,43.667,44.109,43.667,44.109,2231,0
20120821,44.207,45.285,44.207,45.285,2347,0
20120822,44.893,45.53,44.893,45.089,1932,0
20120823,45.364,45.364,45.089,45.089,2739,0
20120824,44.599,44.795,44.452,44.795,836,0
20120827,44.893,45.383,44.109,45.373,2050,0
20120828,45.373,45.383,44.599,44.599,470,0
20120829,44.315,45.393,44.315,45.285,2665,0
20120830,45.285,45.285,45.089,45.089,5732,0
20120831,45.187,46.07,45.187,46.07,3624,0
20120903,45.246,45.383,45.109,45.177,1082,0
20120904,45.099,45.472,44.942,45.089,16304,0
20120905,45.089,45.089,44.109,44.501,1396,0
20120906,43.677,44.197,43.619,44.197,38403,0
20120907,44.207,44.579,43.667,43.913,11492,0
20120910,43.57,44.109,43.57,43.677,6412,0
20120911,43.619,44.099,43.619,44.099,1293,0
20120912,44.099,45.03,43.677,43.677,1142,0
20120913,43.697,43.775,43.697,43.717,21149,0
20120914,44.971,44.981,43.727,44.981,13331,0
20120917,45.089,45.089,43.825,43.854,5287,0
20120918,44.403,44.403,43.737,44.109,771,0
20120919,44.207,44.207,43.639,44.109,412,0
20120920,44.109,44.54,43.325,44.305,33998,0
20120921,44.393,44.393,43.325,43.325,3466,0
20120924,44.099,44.099,43.423,43.423,8898,0
20120925,43.815,43.815,43.815,43.815,609,0
20120926,44.001,44.011,43.717,43.815,41182,0
20120927,43.619,43.903,43.472,43.472,326,0
20120928,43.472,43.893,43.423,43.863,30353,0
20121001,43.863,43.863,43.863,43.863,3,0
20121002,43.863,44.157,43.717,44.157,2256,0
20121003,44.109,44.246,43.913,44.246,975,0
20121004,44.255,45.089,44.255,44.609,59400,0
20121005,44.697,44.697,44.325,44.325,1695,0
20121008,44.021,44.109,44.011,44.109,56680,0
20121009,44.305,44.354,44.207,44.227,73159,0
20121010,44.207,44.305,43.815,44.295,136298,0
20121011,43.667,44.011,43.667,44.011,14540,0
20121012,44.011,44.109,44.011,44.109,81,0
20121015,44.109,44.109,43.667,43.717,2299,0
20121016,43.717,44.099,43.717,44.099,6031,0
20121017,43.717,44.109,43.717,43.717,6187,0
20121018,43.717,43.815,43.717,43.717,3178,0
20121019,44.011,44.079,43.423,43.717,39253,0
20121022,43.619,43.619,43.433,43.521,222,0
20121023,43.423,43.423,43.227,43.374,1030,0
20121024,43.227,43.325,42.638,43.325,880,0
20121025,43.325,44.109,43.325,43.717,5138,0
20121026,43.619,43.717,42.844,42.844,4995,0
20121029,43.717,43.717,42.932,42.942,1117,0
20121030,43.129,44.011,43.129,43.619,25965,0
20121031,44.079,44.079,42.736,42.736,2785,0
20121102,42.746,42.796,42.746,42.796,793,0
20121105,42.796,43.374,42.638,42.638,1679,0
20121106,42.638,43.031,42.57,42.59,283,0
20121107,42.442,42.727,42.148,42.717,1410,0
20121108,42.148,42.148,41.56,42.05,23173,0
20121109,41.658,42.05,41.58,41.61,826,0
20121112,42.002,43.129,42.002,42.148,1626,0
20121113,42.138,42.58,41.854,41.864,720,0
20121114,41.864,44.109,41.864,44.109,7763,0
20121115,44.109,44.109,43.031,43.227,742,0
20121116,44.099,44.099,43.178,44.001,9707,0
20121119,44.109,44.109,43.717,43.913,12357,0
20121120,43.913,43.913,43.178,43.619,26169,0
20121121,43.619,43.717,43.129,43.227,721,0
20121122,43.579,43.579,42.6,42.6,755,0
20121123,42.452,43.325,42.256,43.119,405,0
20121126,42.276,43.129,42.256,42.884,4175,0
20121127,43.119,43.119,42.658,43.119,162,0
20121128,43.109,43.119,42.648,43.119,259,0
20121129,43.119,43.129,42.55,42.57,4138,0
20121130,42.932,42.982,42.638,42.932,1096,0
20121203,42.932,42.932,42.638,42.834,2278,0
20121204,42.638,43.129,42.638,42.727,645,0
20121205,42.344,42.834,42.344,42.688,1994,0
20121206,42.266,42.952,42.266,42.502,3326,0
20121207,42.619,42.638,42.148,42.168,39405,0
20121210,42.315,42.315,42.168,42.178,375,0
20121211,42.158,42.638,42.021,42.06,1117,0
20121212,41.904,41.904,41.58,41.708,4861,0
20121213,41.756,42.246,41.727,42.246,573,0
20121214,42.727,43.031,42.148,43.011,4669,0
20121217,43.109,43.227,43.04,43.227,3550,0
20121218,43.442,43.56,43.442,43.521,1008,0
20121219,43.619,44.109,43.521,44.109,95285,0
20121220,44.207,45.275,44.207,45.236,9439,0
20121221,45.089,45.462,43.619,43.619,13958,0
20121227,43.619,44.599,43.129,43.619,8619,0
20121228,43.472,43.619,43.148,43.187,1721,0
20130102,43.227,44.109,43.129,44.109,5715,0
20130103,44.599,44.599,44.059,44.109,6726,0
20130104,44.109,44.403,44.109,44.109,7784,0
20130107,44.109,44.403,44.109,44.109,3280,0
20130108,44.119,45.236,44.119,45.089,3976,0
20130109,45.089,45.726,45.089,45.579,2612,0
20130110,45.579,47.539,45.579,47.441,38993,0
20130111,47.637,48.814,47.177,48.716,6095,0
20130114,48.814,49.01,48.716,49.01,1176,0
20130115,48.716,48.716,47.539,47.833,1873,0
20130116,47.197,48.618,47.197,48.618,988,0
20130117,48.235,48.51,48.225,48.51,369,0
20130118,48.51,48.912,48.137,48.912,54720,0
20130121,48.177,48.421,48.147,48.412,2142,0
20130122,48.412,48.853,48.412,48.853,2528,0
20130123,48.814,48.912,47.295,48.52,7031,0
20130124,48.049,48.52,48.029,48.235,12885,0
20130125,48.235,48.814,48.225,48.765,1793,0
20130128,48.52,48.804,48.177,48.716,30030,0
20130129,48.706,48.706,48.569,48.569,5512,0
20130130,48.569,49.01,48.569,49.01,6527,0
20130131,49.01,49.941,49.01,49.304,12628,0
20130201,49.304,49.402,48.52,48.52,3361,0
20130204,49.01,49.304,48.52,48.52,7701,0
20130205,48.912,48.912,48.549,48.618,15500,0
20130206,49.01,49.402,48.569,49.402,6166,0
20130207,49.99,51.951,49.5,51.019,6246,0
20130208,51.951,52.441,51.461,51.461,3347,0
20130211,51.461,52.441,51.461,51.951,4461,0
20130212,52.245,52.391,50.872,50.872,2642,0
20130213,50.872,50.872,50.529,50.725,1405,0
20130214,50.529,50.97,50.529,50.725,2840,0
20130215,50.725,52.343,50.529,52.343,1812,0
20130218,52.343,52.343,51.461,52.293,849,0
20130219,52.293,52.293,47.491,49.99,3619,0
20130220,49.99,50.725,49.99,50.088,10301,0
20130221,50.088,51.117,49.598,50.186,12349,0
20130222,50.186,51.363,50.186,50.333,31062,0
20130225,50.48,52.343,50.48,51.951,4574,0
20130226,52.245,52.343,51.461,52.147,4762,0
20130227,52.049,52.147,51.461,52.049,1144,0
20130228,52.049,53.42,51.657,53.274,5033,0
20130301,52.784,53.812,52.784,53.812,5607,0
20130304,53.812,53.862,51.657,52.147,3519,0
20130305,51.853,53.666,51.853,53.42,3295,0
20130306,53.714,53.714,51.951,53.714,4261,0
20130307,53.714,54.303,53.714,54.107,12231,0
20130308,54.107,54.401,53.224,54.401,8802,0
20130311,54.793,56.312,53.518,56.263,8962,0
20130312,55.969,56.116,55.038,55.921,5985,0
20130313,55.871,56.067,54.499,55.381,1146,0
20130314,54.695,55.969,54.695,55.871,4372,0
20130315,55.871,57.734,54.401,54.401,10849,0
20130318,55.871,57.734,54.891,56.95,43988,0
20130319,57.782,58.861,57.782,58.812,45219,0
20130320,58.812,63.419,58.812,62.635,48124,0
20130321,62.635,64.889,61.262,61.752,13746,0
20130322,59.596,61.752,59.008,60.772,13580,0
20130325,60.772,60.772,57.88,58.714,3922,0
20130326,57.88,58.174,57.832,58.126,2612,0
20130327,57.93,58.126,55.332,57.684,6775,0
20130328,57.832,61.41,57.734,57.734,15335,0
20130402,59.008,62.242,58.812,62.242,12001,0
20130403,61.654,61.654,59.008,59.301,24937,0
20130404,60.38,62.487,60.38,60.772,43961,0
20130405,61.654,61.654,60.772,61.066,6265,0
20130408,61.654,61.752,60.282,60.772,42175,0
20130409,61.606,61.606,60.38,60.772,45939,0
20130410,62.046,62.046,60.821,61.312,34396,0
20130411,61.556,61.654,60.674,60.772,41113,0
20130412,60.576,60.968,60.38,60.772,15828,0
20130415,60.772,61.066,60.429,60.625,11636,0
20130417,60.625,60.772,60.38,60.458,11285,0
20130418,60.586,61.262,60.39,61.164,11759,0
20130419,60.782,61.262,60.586,60.782,11208,0
20130422,60.586,60.762,60.576,60.752,1464,0
20130423,60.576,61.066,60.576,60.772,68552,0
20130424,61.262,61.262,60.576,60.772,6049,0
20130425,60.772,60.772,59.645,59.811,1828,0
20130426,60.821,60.821,59.939,60.576,1398,0
20130429,60.086,60.576,60.086,60.086,2635,0
20130430,60.115,60.478,60.105,60.282,1501,0
20130502,60.155,60.576,60.155,60.282,17710,0
20130506,60.468,61.262,60.282,60.733,8155,0
20130507,60.782,61.252,60.772,61.096,1949,0
20130508,61.654,65.184,61.556,63.713,10178,0
20130509,64.693,66.605,64.203,65.771,18547,0
20130510,65.379,66.447,64.693,65.282,13955,0
20130513,65.036,67.585,65.036,67.035,36281,0
20130514,66.947,66.947,65.046,66.359,12961,0
20130515,66.545,66.722,66.212,66.359,16817,0
20130516,66.359,66.624,65.673,66.359,3997,0
20130517,66.457,66.457,60.772,64.996,73426,0
20130520,64.693,65.673,64.105,65.184,5223,0
20130521,65.134,66.653,64.703,66.163,8969,0
20130522,65.771,68.271,65.771,67.633,17513,0
20130523,66.653,67.633,66.163,67.633,17921,0
20130524,67.153,69.574,64.693,65.036,430469,0
20130527,66.653,66.653,65.232,65.673,12324,0
20130528,65.673,65.673,64.898,65.282,35846,0
20130529,63.84,64.791,62.252,63.027,34792,0
20130531,62.733,62.733,60.88,61.458,117977,0
20130603,61.262,63.615,61.262,63.615,5457,0
20130604,63.615,65.124,63.419,63.811,8255,0
20130605,63.821,64.84,63.223,63.517,11857,0
20130606,63.713,64.742,63.233,63.625,10973,0
20130607,63.713,64.889,63.625,63.909,13400,0
20130610,64.693,64.85,64.017,64.693,111017,0
20130611,64.889,65.673,62.752,65.085,4345,0
20130612,65.496,65.496,63.811,64.595,2081,0
20130613,64.105,65.496,63.713,64.889,1752,0
20130614,64.693,65.477,64.203,65.184,10517,0
20130617,65.184,65.496,63.723,64.007,58445,0
20130618,64.007,65.184,63.135,65.174,5133,0
20130619,64.693,65.134,63.517,63.762,48831,0
20130620,63.713,63.713,61.968,62.056,8292,0
20130621,61.752,63.713,61.566,62.733,14149,0
20130624,61.606,62.733,61.262,61.262,15396,0
20130625,61.018,62.242,61.018,61.292,14247,0
20130626,61.086,62.713,60.782,62.713,5482,0
20130627,63.615,63.615,59.792,60.037,12155,0
20130628,60.282,61.262,60.282,60.606,14083,0
20130701,62.233,62.233,60.87,61.752,12997,0
20130702,62.439,62.439,61.586,61.586,15349,0
20130703,62.439,62.439,60.674,61.752,3000,0
20130704,62.242,62.242,60.88,61.566,2866,0
20130705,61.948,61.948,60.919,61.752,752,0
20130708,61.752,61.752,61.164,61.752,10905,0
20130709,61.752,61.752,61.36,61.508,3025,0
20130710,61.262,61.262,61.066,61.262,464,0
20130711,61.214,63.223,61.214,63.223,7316,0
20130712,62.34,63.713,62.34,62.448,47166,0
20130715,63.223,63.527,62.733,63.517,88154,0
20130716,64.693,64.693,62.929,63.713,3625,0
20130717,63.223,64.693,63.223,64.693,14055,0
20130718,65.134,65.134,63.271,64.595,397,0
20130719,65.076,65.076,64.154,64.154,350,0
20130722,64.193,64.693,63.909,64.693,320,0
20130723,64.693,64.693,63.909,64.693,34308,0
20130724,64.546,64.693,63.713,64.634,1240,0
20130725,63.713,63.713,62.733,63.713,2050,0
20130726,62.635,63.713,62.635,63.713,2508,0
20130729,63.713,64.624,63.419,64.203,2915,0
20130730,64.017,64.183,63.429,63.625,43987,0
20130731,63.565,64.007,63.565,64.007,6659,0
20130801,63.369,64.085,63.369,63.723,596,0
20130802,64.085,64.203,63.733,63.958,38407,0
20130805,64.448,65.566,64.252,65.184,3785,0
20130806,65.184,65.33,64.84,65.232,4357,0
20130807,65.242,66.653,65.242,66.506,4569,0
20130808,66.565,67.928,66.163,67.437,15156,0
20130809,67.624,67.624,66.849,67.143,1610,0
20130812,67.143,67.143,65.82,67.143,5771,0
20130813,67.143,68.006,66.653,67.535,7665,0
20130814,67.339,67.633,67.133,67.487,4747,0
20130816,66.849,67.633,66.163,67.379,966,0
20130819,67.379,67.633,64.8,65.654,6649,0
20130820,65.184,65.664,63.223,64.693,13520,0
20130821,64.693,65.36,64.683,64.683,17460,0
20130822,64.693,64.987,63.713,64.987,11724,0
20130823,67.095,67.133,65.192,65.192,2402,0
20130826,64.86,65.184,64.693,64.693,1582,0
20130827,65.673,65.673,63.821,64.301,3064,0
20130828,64.291,64.683,63.909,63.938,22329,0
20130829,63.713,65.232,63.713,64.32,1351,0
20130830,63.713,64.693,63.713,64.693,1884,0
20130902,66.683,68.408,66.683,68.182,10250,0
20130903,68.614,70.378,67.143,67.143,10532,0
20130904,67.153,67.427,66.163,66.457,1823,0
20130905,65.771,66.849,59.792,64.683,12925,0
20130906,63.615,66.555,63.615,65.898,12466,0
20130909,67.535,67.535,65.673,66.173,3127,0
20130910,66.261,67.427,66.261,67.427,1615,0
20130911,67.633,69.054,67.633,68.222,35469,0
20130912,68.232,69.584,68.232,68.742,6572,0
20130913,69.202,69.398,69.006,69.114,3377,0
20130916,68.614,69.692,68.614,69.594,21554,0
20130917,69.594,70.378,69.594,70.378,1966,0
20130918,70.368,70.574,70.368,70.535,27236,0
20130919,71.163,72.515,71.065,71.065,6216,0
20130920,71.555,72.338,69.594,69.643,7005,0
20130923,69.643,71.545,69.643,70.741,46196,0
20130924,71.545,71.545,69.594,69.594,5619,0
20130925,69.594,70.565,69.594,70.565,1496,0
20130926,70.565,71.555,70.378,71.555,5599,0
20130927,73.122,73.613,72.456,72.524,4037,0
20130930,72.524,72.524,71.652,72.044,6917,0
20131001,72.094,72.338,71.946,72.142,10618,0
20131002,72.436,72.436,71.359,71.555,1631,0
20131003,71.457,72.044,71.387,72.044,3629,0
20131004,72.534,72.534,71.359,71.897,1800,0
20131007,71.555,71.946,71.555,71.946,1196,0
20131008,72.24,72.338,71.555,71.946,1641,0
20131009,71.75,71.75,70.574,70.789,953,0
20131010,70.789,71.946,70.789,71.75,26241,0
20131011,72.182,72.182,71.652,72.142,2379,0
20131014,72.142,72.192,72.044,72.142,1631,0
20131015,71.946,72.907,71.946,72.436,16952,0
20131016,72.534,73.024,72.534,72.828,7445,0
20131017,72.534,74.299,72.142,74.289,45444,0
20131018,74.691,80.866,74.465,79.396,47803,0
20131021,79.494,79.856,78.641,79.396,16569,0
20131022,78.905,80.866,78.661,80.67,21164,0
20131023,81.356,81.376,79.886,81.356,3305,0
20131024,81.356,84.288,80.376,84.288,10786,0
20131025,84.296,86.551,84.296,85.767,23889,0
20131028,85.963,86.993,85.963,86.747,3761,0
20131029,86.767,87.688,86.453,86.747,9317,0
20131030,86.845,86.845,80.866,82.337,8689,0
20131031,81.474,83.287,79.984,80.68,3727,0
20131104,80.866,86.159,78.905,84.806,59927,0
20131105,84.846,85.747,81.356,82.337,6877,0
20131106,82.581,83.268,81.847,83.268,22182,0
20131107,83.317,84.248,82.925,83.709,12662,0
20131108,83.611,84.238,83.121,83.807,2012,0
20131112,84.296,84.296,82.533,82.533,919,0
20131113,83.317,84.492,82.239,82.337,4691,0
20131114,84.296,85.424,84.296,84.296,3282,0
20131115,84.296,86.727,84.296,86.649,15947,0
20131118,86.649,88.218,86.649,87.776,37103,0
20131119,90.179,90.179,87.972,87.972,10594,0
20131120,87.972,90.021,87.972,89.786,6434,0
20131121,89.786,92.148,89.012,89.394,28208,0
20131122,89.394,90.179,87.728,88.708,10957,0
20131125,89.198,89.198,87.247,87.728,22895,0
20131126,87.237,87.826,86.904,87.826,1379,0
20131127,87.826,87.826,87.237,87.728,1772,0
20131128,87.728,87.728,82.435,85.767,8224,0
20131129,83.718,86.453,82.581,86.443,1337,0
20131202,86.022,89.178,86.022,87.972,5890,0
20131203,88.218,88.218,83.317,87.188,3045,0
20131204,87.12,87.12,85.032,86.257,1781,0
20131205,86.159,88.12,85.032,85.277,1442,0
20131206,85.277,87.022,85.277,86.649,1546,0
20131209,88.218,88.218,85.522,86.257,2159,0
20131210,85.483,86.904,83.532,84.296,4904,0
20131211,84.777,84.777,80.376,80.376,30121,0
20131212,79.513,80.376,78.611,78.641,4991,0
20131213,78.415,79.396,76.652,78.317,31253,0
20131216,78.317,78.317,76.946,77.73,29352,0
20131217,78.406,81.611,76.75,77.044,22025,0
20131218,77.24,79.592,76.946,78.965,5131,0
20131219,81.837,83.317,79.396,79.396,22027,0
20131220,81.356,82.327,78.611,78.611,17018,0
20131223,82.131,82.131,78.611,78.611,11593,0
20131227,78.611,81.699,78.611,78.807,6672,0
20131230,79.396,81.16,76.896,81.121,92550,0
20140102,80.426,82.317,78.621,81.062,4821,0
20140103,80.866,81.18,80.768,81.18,1087,0
20140107,81.18,81.18,80.396,81.062,2877,0
20140108,82.287,82.287,78.023,78.023,89859,0
20140109,78.023,80.278,74.103,76.456,180704,0
20140110,76.406,76.406,75.514,75.965,2438,0
20140113,75.573,78.415,75.534,77.014,5905,0
20140114,78.367,78.905,77.573,78.503,86572,0
20140115,78.611,79.837,78.611,79.837,32314,0
20140116,80.915,81.356,79.396,81.356,57333,0
20140117,81.356,81.876,80.984,81.082,1401,0
20140120,80.866,81.082,79.954,81.082,46967,0
20140121,79.798,82.827,79.798,82.385,5468,0
20140122,82.347,83.62,82.347,83.307,22756,0
20140123,83.307,83.562,82.827,83.307,3189,0
20140124,83.268,83.307,82.827,83.121,3460,0
20140127,83.111,83.121,82.385,82.817,50524,0
20140128,82.729,83.209,81.464,82.493,5294,0
20140129,82.493,83.013,82.043,82.081,3492,0
20140130,82.337,82.375,79.2,80.033,5673,0
20140131,80.043,80.768,79.543,80.768,9798,0
20140203,79.896,80.768,79.592,80.768,2069,0
20140204,80.768,80.768,79.2,79.386,7679,0
20140205,79.396,82.17,78.817,79.886,43373,0
20140206,81.356,82.033,80.866,81.042,2498,0
20140207,81.042,81.356,79.651,79.661,9424,0
20140210,79.641,81.356,79.347,79.7,20260,0
20140211,79.69,80.376,79.2,79.396,47007,0
20140212,80.376,81.013,80.19,80.906,7173,0
20140213,81.062,81.847,81.062,81.356,48297,0
20140214,82.033,83.003,81.856,83.003,3356,0
20140217,83.023,87.041,83.023,86.199,4670,0
20140218,85.277,85.767,84.796,85.503,2108,0
20140219,85.267,85.277,83.415,85.179,16708,0
20140220,83.611,84.238,82.611,84.1,2739,0
20140221,85.179,85.179,81.356,84.904,2209,0
20140224,84.983,85.963,84.787,85.571,4274,0
20140225,85.865,87.237,85.865,86.747,5990,0
20140226,86.943,87.12,82.729,83.513,1752,0
20140227,82.739,84.386,82.739,83.023,6923,0
20140228,82.935,85.16,80.524,81.18,4969,0
20140303,79.494,81.111,79.494,80.376,23423,0
20140304,79.494,83.219,79.494,80.602,6585,0
20140305,80.866,81.356,80.376,80.426,2387,0
20140306,80.866,80.866,79.406,80.416,1416,0
20140307,80.426,80.426,79.592,79.788,10725,0
20140310,79.788,80.356,78.191,79.396,25046,0
20140311,78.896,79.004,78.573,78.621,378,0
20140312,78.415,78.415,76.063,76.946,6247,0
20140313,76.946,78.709,76.946,77.436,6038,0
20140314,75.583,77.288,75.583,75.671,15015,0
20140317,74.299,78.709,74.299,76.848,2743,0
20140318,78.709,78.709,76.161,76.23,7901,0
20140319,76.161,79.004,76.161,78.798,7737,0
20140320,78.779,79.2,76.161,76.161,5191,0
20140321,78.219,78.219,76.475,76.554,7505,0
20140324,78.269,78.269,76.161,76.161,7498,0
20140325,75.965,78.709,75.965,77.788,4386,0
20140326,78.415,78.896,78.033,78.896,1452,0
20140327,78.415,79.396,78.415,79.298,5246,0
20140328,79.396,80.67,79.004,80.376,2471,0
20140331,80.376,81.366,80.376,81.16,16035,0
20140401,81.16,84.787,80.484,84.296,34587,0
20140402,84.394,86.649,84.394,85.346,35058,0
20140403,84.296,85.277,84.296,84.552,4494,0
20140404,84.316,85.277,83.444,85.032,26366,0
20140407,84.787,84.787,83.816,83.816,1106,0
20140408,83.424,84.296,83.424,84.198,18886,0
20140409,84.15,85.277,83.718,84.296,23793,0
20140410,84.296,84.296,83.542,83.807,1222,0
20140411,83.503,84.248,83.081,83.121,2805,0
20140414,82.837,82.837,80.836,80.866,1336,0
20140415,80.67,80.876,79.69,80.376,1798,0
20140416,79.886,79.896,78.415,78.641,3490,0
20140417,78.651,79.592,78.651,79.543,3879,0
20140422,79.69,81.847,79.69,81.847,1721,0
20140423,81.847,82.043,81.356,81.945,2588,0
20140424,82.141,82.669,82.023,82.141,1757,0
20140425,81.356,81.356,79.739,80.866,12285,0
20140428,80.474,81.847,80.474,80.866,15087,0
20140429,81.062,81.65,80.866,81.356,6924,0
20140430,80.729,81.65,80.729,81.65,2532,0
20140502,82.239,82.679,82.239,82.455,940,0
20140505,82.337,82.581,82.337,82.337,4301,0
20140506,82.337,84.296,82.337,83.317,5206,0
20140507,81.67,83.258,81.67,83.17,20950,0
20140508,82.395,83.189,81.797,83.071,11046,0
20140509,83.121,83.121,79.798,81.65,16562,0
20140512,81.905,82.043,78.513,80.376,7168,0
20140513,79.396,79.396,78.915,79.298,10909,0
20140514,81.895,86.669,81.895,86.669,16461,0
20140515,85.297,89.198,85.277,86.669,98184,0
20140516,89.188,89.188,86.747,87.169,3422,0
20140519,87.237,87.237,86.297,86.453,8234,0
20140520,86.453,87.228,86.307,87.228,11079,0
20140521,87.091,89.345,87.091,88.218,49086,0
20140522,89.1,89.1,87.394,88.218,36826,0
20140523,89.1,89.198,88.698,89.139,526,0
20140526,89.188,89.188,87.384,88.266,1529,0
20140527,88.218,89.492,88.218,89.482,5519,0
20140528,89.688,91.06,88.512,90.766,14905,0
20140529,91.746,96.843,91.746,93.903,31693,0
20140530,94.883,95.569,94.119,94.599,3089,0
20140602,94.599,95.569,94.599,95.275,10291,0
20140603,95.275,95.275,91.364,93.609,21393,0
20140604,94.001,94.001,92.236,93.099,4856,0
20140605,94.001,94.099,93.315,93.599,2502,0
20140606,94.099,95.001,93.599,93.599,5332,0
20140609,93.707,94.295,93.707,94.197,13385,0
20140610,94.981,94.981,91.198,92.932,5545,0
20140611,93.119,93.119,91.698,92.628,3233,0
20140612,93.197,93.755,93.109,93.413,2233,0
20140613,93.619,94.089,91.746,94.079,3355,0
20140616,94.079,94.079,93.129,93.511,2463,0
20140617,92.266,93.853,92.266,93.707,3480,0
20140618,94.197,94.197,93.559,93.559,3495,0
20140620,94.04,94.049,93.609,94.001,10728,0
20140623,93.609,93.903,93.119,93.903,5598,0
20140624,93.119,93.903,92.628,93.521,8087,0
20140625,93.511,93.511,92.138,92.138,18003,0
20140626,92.138,92.138,89.688,89.884,3104,0
20140627,90.179,90.864,87.345,87.345,7765,0
20140630,87.738,88.688,87.345,87.482,3230,0
20140701,87.482,89.198,87.482,89.1,13996,0
20140702,89.492,89.492,89.198,89.325,48323,0
20140703,89.198,89.315,88.414,89.188,647,0
20140704,88.414,89.306,88.414,89.306,463,0
20140707,89.306,90.609,88.708,88.708,4110,0
20140708,89.198,90.541,88.61,90.541,7723,0
20140709,89.315,91.011,89.315,91.011,8798,0
20140710,91.011,91.011,89.149,90.051,2975,0
20140711,89.355,90.491,89.355,90.491,2533,0
20140714,90.179,92.128,90.169,91.011,3783,0
20140715,91.07,91.648,91.011,91.06,989,0
20140716,91.06,91.06,89.639,89.884,3277,0
20140717,89.884,90.179,89.492,90.179,1843,0
20140718,89.296,89.541,88.462,88.61,9924,0
20140721,88.414,88.414,88.022,88.022,1504,0
20140722,87.934,89.198,86.257,89.188,10130,0
20140723,89.002,89.002,87.394,87.394,5104,0
20140724,87.404,88.022,87.404,88.022,2995,0
20140725,87.394,90.179,87.394,88.022,3708,0
20140728,88.022,89.707,88.012,89.688,1632,0
20140729,89.59,89.6,88.364,88.512,2896,0
20140730,89.571,89.688,87.728,88.002,29238,0
20140731,87.394,88.002,83.66,84.924,9853,0
20140801,83.807,85.503,83.807,84.934,9797,0
20140804,85.375,89.58,85.375,89.1,5087,0
20140805,89.1,89.991,88.316,89.835,3307,0
20140806,89.688,89.688,89.257,89.688,18857,0
20140807,89.688,89.688,86.257,88.12,2022,0
20140808,85.385,87.139,84.522,85.767,1906,0
20140811,85.767,88.09,85.767,86.061,6493,0
20140812,85.963,86.317,85.963,86.257,1267,0
20140813,86.747,86.767,85.915,85.915,3211,0
20140814,88.218,88.688,85.591,85.591,6011,0
20140818,85.728,87.228,85.728,86.767,36570,0
20140819,86.953,87.826,86.757,87.247,7281,0
20140820,88.306,89.669,88.306,89.669,1329,0
20140821,89.59,93.109,89.58,92.923,5793,0
20140822,92.923,92.923,92.138,92.138,2247,0
20140825,92.334,93.07,92.286,92.736,23608,0
20140826,93.119,96.843,93.119,96.647,14788,0
20140827,96.941,99.004,96.853,98.806,35262,0
20140828,99.489,99.489,92.726,94.491,11206,0
20140829,94.491,97.627,93.609,94.099,9809,0
20140901,97.823,99.004,97.098,97.823,27735,0
20140902,98.117,98.658,96.01,96.06,29820,0
20140903,95.962,99.489,95.962,98.509,64629,0
20140904,99.39,102.92,96.549,102.92,69481,0
20140905,102.92,104.88,102.04,104.88,58272,0
20140908,105.76,105.76,102.68,102.77,12633,0
20140909,102.43,102.43,99.489,102.33,87793,0
20140910,101.84,104.78,101.15,103.9,39640,0
20140911,104.78,106.5,104.39,106.35,52185,0
20140912,106.35,106.69,104.39,104.88,7325,0
20140915,105.37,105.47,103.9,104.73,84798,0
20140916,104.69,104.73,102.92,103.75,99928,0
20140917,103.75,103.8,103.46,103.75,51957,0
20140918,103.71,103.75,103.21,103.41,36677,0
20140919,103.21,106.35,103.02,104.39,63931,0
20140922,103.66,105.52,103.41,105.17,48818,0
20140923,105.17,105.37,105.03,105.22,39082,0
20140924,105.03,105.57,104.88,105.42,18933,0
20140925,105.86,107.77,105.37,107.38,41853,0
20140926,107.19,108.17,106.4,107.82,39842,0
20140929,107.82,108.12,105.86,107.82,31414,0
20140930,107.82,107.82,105.62,106.64,3876,0
20141001,105.62,106.45,103.61,104.78,1524,0
20141002,104.73,104.73,101.75,102.13,22302,0
20141003,102.13,106.84,102.13,106.84,9124,0
20141006,106.94,107.14,105.86,107.14,4735,0
20141007,106.84,106.84,104.88,106.79,7057,0
20141008,106.64,106.64,104.93,105.32,1159,0
20141009,106.16,106.2,105.52,105.62,638,0
20141010,105.17,105.17,102.92,104.39,81933,0
20141013,104.34,104.39,103.07,104.39,4904,0
20141014,102.97,105.37,101.94,104.39,5542,0
20141015,105.32,105.32,102.92,102.92,9455,0
20141016,102.48,103.71,102.13,102.92,11216,0
20141017,102.09,103.9,100.32,103.41,4306,0
20141020,103.31,103.8,102.23,103.8,1197,0
20141021,103.51,105.86,102.73,105.86,19938,0
20141022,105.86,105.86,105.37,105.86,2263,0
20141023,105.86,105.86,104.64,105.47,910,0
20141024,105.71,105.86,104.69,104.88,8650,0
20141027,104.88,105.86,104.1,104.1,3259,0
20141028,104.15,104.83,103.66,103.9,1425,0
20141029,103.85,104.64,103.41,103.41,21405,0
20141030,103.31,103.85,103.02,103.41,1425,0
20141031,103.41,105.62,103.41,105.62,13917,0
20141103,105.76,107.48,103.9,104.24,6406,0
20141104,103.9,110.27,103.8,109.78,22844,0
20141105,110.13,110.76,108.17,108.9,2657,0
20141106,108.31,110.08,108.31,109.29,7857,0
20141107,109.39,109.98,108.8,109.2,4892,0
20141110,109.15,109.78,108.95,109.39,3426,0
20141112,105.86,112.52,103.41,111.64,96111,0
20141113,111.69,115.08,110.42,114,66263,0
20141114,114.63,115.66,114.63,115.13,11901,0
20141117,115.13,115.36,114,114,17318,0
20141118,114,115.36,114,115.18,16360,0
20141119,114.34,115.32,114.34,114.58,4303,0
20141120,114.53,114.68,113.7,114,6943,0
20141121,114.2,114.73,114,114.58,3390,0
20141124,114.2,114.68,114,114,16892,0
20141125,114,115.08,114,115.03,12174,0
20141126,115.18,116.64,114.2,114.2,44157,0
20141127,113.75,115.41,113.75,114.2,17055,0
20141128,114.05,114.58,114,114.15,54964,0
20141201,114.1,114.68,114,114,1389,0
20141202,114.34,114.34,114,114.2,1104,0
20141203,115.36,116.64,115.36,116.64,16825,0
20141204,116.64,116.84,114.68,114.68,6328,0
20141205,114.78,115.66,114,114.68,7035,0
20141208,114.68,115.61,114,114.63,14748,0
20141209,114.3,117.47,114.1,114.1,16379,0
20141210,114.15,116.06,114,116.06,6941,0
20141211,116.01,116.01,115.23,115.61,8386,0
20141212,115.56,115.71,114,114.15,44683,0
20141215,114.2,115.51,114.05,114.2,42157,0
20141216,114,114.25,107.53,109.78,91986,0
20141217,108.12,110.13,108.12,109.34,45755,0
20141218,110.08,112.72,109.58,109.78,118937,0
20141219,107.82,110.66,107.82,109.29,12642,0
20141222,104.88,108.65,102.43,107.82,37341,0
20141223,107.82,109.24,107.04,107.92,26169,0
20141229,103.9,108.75,103.41,108.7,23319,0
20141230,104.88,108.7,100.52,107.82,131909,0
20150102,107.72,107.72,106.25,107.23,1934,0
20150105,106.84,106.84,105.86,106.79,10876,0
20150107,106.89,109.73,106.89,107.33,14337,0
20150108,109.53,112.24,108.22,110.66,10959,0
20150109,112.72,114.63,111.26,114.63,44947,0
20150112,114.68,115.51,110.86,114.68,10147,0
20150113,114.68,114.68,112.72,114.38,14706,0
20150114,114.68,114.68,113.7,114.2,7198,0
20150115,114.2,117.14,113.75,116.64,22596,0
20150116,116.54,116.54,112.77,113.7,7957,0
20150119,115.56,115.56,112.24,112.29,18334,0
20150120,112.29,115.18,112.29,112.72,7653,0
20150121,113.7,114.3,112.24,112.72,8583,0
20150122,113.65,113.7,110.66,110.66,6880,0
20150123,113.22,113.22,110.66,110.76,13505,0
20150126,110.81,112.33,109.29,110.76,5113,0
20150127,109.44,113.7,109.44,113.7,44283,0
20150128,114.2,114.2,112.92,114.1,2701,0
20150129,114.1,114.2,113.12,113.12,4394,0
20150130,114.05,115.66,112.67,112.67,6490,0
20150202,114.58,114.58,113.6,113.65,3769,0
20150203,114.63,114.63,113.27,113.31,5064,0
20150204,113.75,115.13,112.72,114.2,1672,0
20150205,114.68,114.88,113.22,113.7,9056,0
20150206,113.8,115.66,113.22,115.66,36926,0
20150209,115.66,116.54,115.66,116.44,13585,0
20150210,115.76,117.28,115.66,117.14,10868,0
20150211,117.19,119.58,116.74,119.58,13935,0
20150212,120.41,121.01,119.34,119.58,17630,0
20150213,120.51,120.51,119.15,120.32,60007,0
20150216,120.46,120.46,118.36,120.08,14681,0
20150217,120.08,120.37,119.1,120.03,9765,0
20150218,119.68,120.86,119.58,119.58,12610,0
20150219,119.88,120.76,119.34,119.48,21257,0
20150220,119.88,121.06,119.1,119.58,19962,0
20150223,125.37,125.37,121.06,123.02,44807,0
20150224,124.19,125.17,124.19,125.02,35822,0
20150225,125.37,127.23,124.24,126.5,26762,0
20150226,127.03,127.23,124.48,127.23,32824,0
20150227,127.33,127.72,126,126.45,9914,0
20150302,126.45,128.8,126.15,128.41,5546,0
20150303,128.8,130.22,128.01,129.78,7440,0
20150304,130.37,130.85,128.41,130.37,16106,0
20150305,131.05,131.05,128.89,129.09,19741,0
20150306,129.29,130.17,127.96,130.07,4684,0
20150309,130.8,131.1,130.07,131.1,17344,0
20150310,130.8,130.8,123.8,125.22,14994,0
20150311,125.56,131.35,125.56,128.75,14467,0
20150312,129.49,133.31,128.89,132.38,19889,0
20150313,134.44,136.15,132.03,132.33,8037,0
20150316,131.2,135.27,130.66,131.4,9297,0
20150317,133.26,133.84,127.43,129.39,14201,0
20150318,129.39,129.73,126.45,126.45,6614,0
20150319,124.48,130.37,124.24,129.39,30257,0
20150320,130.37,132.33,130.37,132.33,24654,0
20150323,132.33,132.33,129.54,131.45,5360,0
20150324,131.64,132.28,130.66,130.85,53440,0
20150325,131.69,133.61,131.5,132.13,28272,0
20150326,132.08,132.96,129.68,130.37,9018,0
20150327,130.37,132.76,130.37,131.83,94307,0
20150330,132.91,133.31,131.4,132.81,10355,0
20150331,133.31,133.31,132.33,133.21,15065,0
20150401,133.01,137.67,132.38,137.03,51857,0
20150402,137.23,138.84,136.25,136.83,6057,0
20150407,136.83,139.09,135.85,136.35,35023,0
20150408,136.83,137.33,132.67,135.17,17039,0
20150409,134.87,139.63,134.87,139.63,11848,0
20150410,139.97,143.94,139.19,139.77,21173,0
20150413,139.77,141.15,139.77,141.15,27317,0
20150414,142.13,143.11,141.78,142.91,6160,0
20150415,143.6,145.02,140.07,140.22,37971,0
20150416,140.27,144.09,140.27,144.09,25660,0
20150417,144.58,146.05,143.16,145.41,20265,0
20150420,145.07,145.95,144.97,145.95,22142,0
20150421,145.95,149.48,145.95,148.25,22347,0
20150422,149.48,149.48,148.5,148.6,18955,0
20150423,148.99,149.88,148.7,149.18,8230,0
20150424,149.09,154.78,149.09,154.78,15117,0
20150427,155.85,156.44,152.92,153.4,14262,0
20150428,153.9,155.56,151.84,152.92,13193,0
20150429,154.03,154.38,148.01,150.16,14183,0
20150430,150.46,151.44,150.16,150.16,8849,0
20150504,151.19,152.77,151.19,151.93,4520,0
20150505,152.27,152.92,150.76,150.95,6013,0
20150506,150.95,154.88,150.16,154.88,22081,0
20150507,154.38,155.85,154.38,155.85,9985,0
20150508,156.74,156.74,155.06,155.81,9743,0
20150511,157.81,161.64,157.77,161.54,31908,0
20150512,158.99,162.71,158.99,162.03,13180,0
20150513,162.71,163.45,162.17,162.71,13103,0
20150514,163.2,165.41,159.82,161.73,28916,0
20150515,161.83,163.69,158.89,159.03,9233,0
20150518,158.89,163.45,158.89,162.22,6467,0
20150519,162.66,163.45,156.88,162.22,17760,0
20150520,161.73,162.07,160.75,161.73,10243,0
20150521,161.73,162.61,160.75,161.64,12295,0
20150522,161.73,162.71,161.64,162.66,21446,0
20150525,160.95,162.52,156.93,159.23,5423,0
20150526,158.79,161.05,158.79,160.36,15510,0
20150527,160.26,161.64,158.79,160.06,18185,0
20150528,160.16,160.66,158.94,159.77,2878,0
20150529,159.77,159.97,157.77,158.1,33814,0
20150601,157.81,159.28,157.42,159.28,12276,0
20150602,159.38,159.38,157.37,157.81,9693,0
20150603,157.81,158.79,157.37,157.81,16121,0
20150605,157.81,157.81,154.18,155.36,9354,0
20150608,154.38,154.38,150.26,152.95,14694,0
20150609,152.72,152.92,144.24,148.5,34690,0
20150610,147.03,151.44,147.03,151.44,20217,0
20150611,151.98,153.25,148.01,150.26,9870,0
20150612,149.97,149.97,148.01,148.99,5111,0
20150615,147.57,148.99,144.48,148.75,9274,0
20150616,148.4,149.78,148.11,149.04,4038,0
20150617,150.46,150.46,147.62,147.62,8480,0
20150618,146.69,148.89,146.69,148.01,7130,0
20150619,148.8,149.97,147.62,147.62,11087,0
20150622,147.13,151.93,147.13,151.74,10951,0
20150623,153.35,155.56,152.95,155.26,20170,0
20150624,155.36,157.32,154.88,156.34,4646,0
20150625,156.14,156.74,151.98,152.02,7772,0
20150626,152.92,155.71,152.92,154.03,10311,0
20150629,148.7,152.42,138.31,152.42,9938,0
20150630,151.43,153.41,149.55,149.55,10396,0
20150701,150.94,153.31,149.7,151.03,7018,0
20150702,151.03,154.4,151.03,153.41,12298,0
20150703,153.61,153.61,151.53,152.92,2098,0
20150706,149.5,153.01,149.5,151.93,9724,0
20150707,152.92,153.51,151.93,152.02,11612,0
20150708,151.43,152.32,149.65,151.93,17679,0
20150709,151.43,154.99,150.64,154.99,3786,0
20150710,156.68,158.95,156.58,158.36,27973,0
20150713,158.36,165.88,157.42,164.54,47337,0
20150714,165.73,165.73,162.37,163.31,9616,0
20150715,164.3,165.78,163.16,165.24,9411,0
20150716,166.18,166.28,165.29,166.28,45787,0
20150717,166.47,168.16,166.18,167.86,35896,0
20150720,168.26,169.64,165.24,167.66,12418,0
20150721,168.26,168.26,162.52,168.06,16829,0
20150722,165.63,167.96,165.29,165.29,3552,0
20150723,165.29,166.62,165.29,166.28,5699,0
20150724,167.71,168.21,166.28,168.21,24605,0
20150727,167.76,168.16,165.73,167.46,3568,0
20150728,167.46,168.11,166.62,167.46,1025,0
20150729,167.27,170.24,166.62,169.99,5079,0
20150730,170.24,174.44,170.24,172.26,7632,0
20150731,173.21,173.95,170.33,171.62,18004,0
20150803,173.21,173.21,168.26,172.31,32578,0
20150804,172.26,176.12,172.26,174.69,18225,0
20150805,175.23,178.15,173.5,175.63,33063,0
20150806,175.68,176.62,173.35,175.18,9493,0
20150807,174.54,177.96,174.34,175.68,14052,0
20150810,175.73,179.04,175.73,176.17,6842,0
20150811,178.15,179.79,176.12,178.7,13564,0
20150812,179.54,182.06,179.49,180.48,17669,0
20150813,182.11,185.58,179.19,180.63,24270,0
20150814,182.51,183.4,180.13,180.53,7947,0
20150817,180.53,181.62,179.64,179.64,19751,0
20150818,179.64,180.43,179.24,180.13,16521,0
20150819,180.38,181.22,179.74,180.63,7129,0
20150820,180.13,180.13,174.69,179,20300,0
20150821,178.15,179.09,175.18,179,20045,0
20150824,173.21,174.19,169.74,173.11,44002,0
20150825,168.26,174.69,166.77,172.71,34754,0
20150826,173.11,173.11,158.85,166.87,47775,0
20150827,170.43,175.38,170.24,173.4,12204,0
20150828,176.17,176.17,168.26,174.15,12300,0
20150831,164.4,173.21,162.42,172.86,8782,0
20150901,170.88,171.82,168.95,170.29,27563,0
20150902,170.24,171.72,166.47,168.26,13261,0
20150903,168.26,168.26,164.64,167.76,21381,0
20150904,168.26,171.23,167.27,167.96,40832,0
20150907,168.01,169.15,166.08,169.05,15449,0
20150908,169.2,171.03,166.08,169.74,19941,0
20150909,169.49,171.08,168.85,171.08,20407,0
20150910,170.58,171.23,168.31,171.23,14003,0
20150911,170.98,171.13,167.27,170.63,18966,0
20150914,170.24,170.63,167.27,169.79,9429,0
20150915,169.84,170.24,167.27,170.04,4795,0
20150916,168.9,169.99,168.31,169.44,2675,0
20150917,169.74,169.94,168.85,169.25,8527,0
20150918,167.51,170.33,167.46,169.64,27091,0
20150921,169.64,169.94,168.85,169.94,11932,0
20150922,169.94,170.04,169.64,169.84,2519,0
20150923,169.84,170.24,169.64,169.84,74983,0
20150924,170.24,170.24,169.44,170.09,2621,0
20150925,170.24,173.21,170.24,172.22,3449,0
20150928,173.21,173.21,169.84,170.68,2893,0
20150929,169.74,169.74,168.36,169.25,17633,0
20150930,168.26,172.31,168.26,172.31,10848,0
20151001,172.41,172.41,169.74,170.24,17343,0
20151002,171.18,171.18,168.65,169.25,8713,0
20151005,169.99,172.17,169.59,172.17,3896,0
20151006,171.52,172.46,171.23,172.22,7457,0
20151007,172.36,178.15,171.72,178.15,49370,0
20151008,174.24,180.13,174.24,178.55,5192,0
20151009,178.8,180.03,178.25,179.34,6605,0
20151012,178.15,179.29,177.26,178.55,16317,0
20151013,178.15,178.55,178.15,178.35,2715,0
20151014,177.21,182.16,177.21,179.74,5758,0
20151015,181.12,183.1,180.63,181.12,47285,0
20151016,181.12,181.12,178.15,179.79,8764,0
20151019,177.66,180.13,177.66,180.13,3233,0
20151020,179.19,183.1,179.19,183.1,4417,0
20151021,183.84,184.49,182.06,182.9,4935,0
20151022,183.1,183.55,180.83,181.82,8089,0
20151023,182.11,183.1,181.62,182.61,238662,0
20151026,183.5,183.5,180.88,181.17,5648,0
20151027,182.81,183.1,181.62,181.62,6102,0
20151028,180.73,182.95,179.74,180.88,4903,0
20151029,180.73,181.12,178.45,179.94,8857,0
20151030,180.13,182.71,179.24,182.06,9334,0
20151102,182.51,183.6,182.11,182.46,61624,0
20151103,182.51,183.2,182.16,182.36,19442,0
20151104,182.36,189.63,182.36,189.04,22215,0
20151105,188.05,188.05,185.68,186.07,7119,0
20151106,186.07,186.07,181.87,181.87,4230,0
20151109,181.62,183.1,180.08,181.12,5475,0
20151110,181.12,181.12,177.16,177.16,11167,0
20151112,178.65,179.74,173.21,178.65,30620,0
20151113,182.11,186.86,182.11,185.82,23789,0
20151116,185.82,188.05,185.68,188,52109,0
20151117,188.05,188.05,184.09,184.09,19651,0
20151118,185.58,187.8,184.09,186.07,4968,0
20151119,187.01,187.01,183.6,184.04,41188,0
20151120,185.03,185.03,181.17,182.11,9575,0
20151123,183.65,183.65,179.14,179.14,10138,0
20151124,180.13,182.11,180.03,182.11,12974,0
20151125,182.81,187.85,182.61,187.36,63754,0
20151126,187.66,191.12,185.77,189.29,27140,0
20151127,189.29,189.29,182.76,186.07,25916,0
20151130,184.09,186.91,184.09,185.03,144679,0
20151201,186.67,186.67,182.41,185.13,14895,0
20151202,184.98,189.04,181.17,182.95,40525,0
20151203,182.11,182.81,178.3,180.08,16078,0
20151204,180.13,181.62,177.16,179.84,34408,0
20151207,179.89,183.2,179.64,182.11,21214,0
20151208,182.11,185.82,181.12,183.1,24000,0
20151209,183.1,184.19,179.64,183.1,235182,0
20151210,183.1,183.1,177.21,177.21,14066,0
20151211,177.21,179.54,168.75,171.62,48640,0
20151214,171.08,171.08,166.77,168.85,107167,0
20151215,168.75,178.15,168.6,175.68,59505,0
20151216,176.17,176.92,173.21,173.21,16527,0
20151217,173.21,177.21,171.97,177.21,26550,0
20151218,177.96,177.96,172.41,175.09,9630,0
20151221,175.09,176.17,174,175.68,6008,0
20151222,175.18,175.78,172.22,172.22,4499,0
20151223,172.22,172.41,170.38,170.73,12511,0
20151228,170.73,172.36,170.73,171.97,7205,0
20151229,173.21,175.18,173.21,174.59,5974,0
20151230,174.19,174.34,171.13,172.22,33271,0
20160104,170.24,172.22,168.26,169.25,71607,0
20160105,168.75,172.26,168.75,169.74,24834,0
20160107,168.26,169.25,161.38,165.78,34974,0
20160108,165.29,166.18,159.35,159.65,66475,0
20160111,159.25,159.25,150.44,152.42,183113,0
20160112,150.54,155.29,150.54,154.99,46419,0
20160113,155.29,158.85,155.29,158.56,39382,0
20160114,158.36,158.36,151.03,151.98,39863,0
20160115,151.43,153.36,149.95,150.74,31532,0
20160118,148.46,150.44,145.1,148.46,22634,0
20160119,150.79,151.93,149.4,149.4,48097,0
20160120,150.05,150.09,147.67,147.87,40017,0
20160121,147.87,149.55,146.48,149.55,86622,0
20160122,150.44,152.87,149.45,152.77,43291,0
20160125,153.36,159.74,153.36,158.85,13385,0
20160126,156.68,161.77,154.4,160.24,15029,0
20160127,159.35,163.31,159.35,163.31,28451,0
20160128,163.31,165.24,159.5,159.5,30507,0
20160129,160.49,162.27,160.49,161.87,15489,0
20160201,161.87,167.27,161.87,166.97,22228,0
20160202,167.27,168.16,165.34,167.66,10955,0
20160203,166.62,167.22,162.32,163.65,15222,0
20160204,165.39,168.26,164.05,167.86,23124,0
20160205,168.26,170.24,165.49,166.28,35914,0
20160208,166.28,167.27,162.96,163.31,22306,0
20160209,163.21,169.74,161.58,164.99,17787,0
20160210,164.79,169.25,164.64,165.19,12176,0
20160211,167.27,168.21,163.21,165.93,12583,0
20160212,165.93,167.17,165.29,165.29,10110,0
20160215,165.29,168.65,160.88,167.27,28556,0
20160216,167.76,168.06,163.8,164.79,24257,0
20160217,165.44,167.56,165.44,167.27,19960,0
20160218,167.71,170.24,165.63,168.36,14217,0
20160219,169.49,170.04,166.77,169.64,31868,0
20160222,170.04,177.81,169.79,176.92,32542,0
20160223,176.92,185.53,175.73,184.59,104192,0
20160224,181.42,182.95,180.28,181.52,33304,0
20160225,180.03,180.03,174.39,175.53,38379,0
20160226,177.61,177.61,173.95,174.69,26555,0
20160229,175.53,181.07,174.44,180.53,20430,0
20160301,183,183,178.6,179.14,7663,0
20160302,179.59,180.23,178.2,179.04,5771,0
20160303,180.13,185.92,180.13,185.58,56641,0
20160304,185.58,188.05,183.5,186.86,21762,0
20160307,187.01,188.05,184.09,187.06,27756,0
20160308,187.06,187.56,185.18,187.56,27954,0
20160309,187.56,187.56,186.12,187.06,34453,0
20160310,187.01,188.05,185.92,187.21,35024,0
20160311,187.06,187.9,184.49,185.58,26185,0
20160314,185.38,190.53,184.64,189.34,32429,0
20160315,188.05,192.9,188.05,192.9,31089,0
20160316,191.02,191.02,186.47,188.3,48762,0
20160317,188.3,188.89,186.07,187.06,36735,0
20160318,186.07,187.06,175.18,181.12,151220,0
20160321,181.12,185.13,181.12,182.01,15578,0
20160322,181.32,182.71,179.04,182.11,40889,0
20160323,182.41,182.95,181.22,181.62,21466,0
20160324,182.46,182.46,179.94,181.62,34663,0
20160329,181.42,182.31,180.83,182.31,144158,0
20160330,182.31,183,179.34,181.12,11372,0
20160331,180.03,181.12,178.15,178.15,34877,0
20160401,178.05,178.15,175.78,176.17,74861,0
20160404,176.17,181.07,176.17,179.14,8514,0
20160405,178.3,178.9,176.17,176.17,36224,0
20160406,176.67,177.11,170.98,172.12,42756,0
20160407,171.23,178.01,170.93,175.68,11785,0
20160408,175.28,184.09,175.28,184.09,23724,0
20160411,184.09,184.09,176.77,178.65,17714,0
20160412,179.14,181.87,178.3,179.14,44129,0
20160413,178.15,185.53,178.15,185.53,40488,0
20160414,184.19,184.19,181.27,183.99,20835,0
20160415,183.99,184.98,182.41,183.45,42264,0
20160418,183.45,185.58,181.17,185.53,24099,0
20160419,185.08,186.57,183.99,185.33,14520,0
20160420,185.43,189.49,183.35,188.55,26234,0
20160421,188.05,190.03,184.59,185.53,25324,0
20160422,185.48,190.97,183.3,183.35,31923,0
20160425,184.29,185.87,182.21,183.4,11752,0
20160426,184.98,187.56,183.5,183.99,75043,0
20160427,186.47,187.46,182.86,187.06,7576,0
20160428,187.06,188.1,183.55,184.09,36224,0
20160429,183.25,188.55,183.25,188.55,36241,0
20160502,188.05,188.69,185.97,186.57,49682,0
20160504,186.07,188.35,184.69,186.57,90980,0
20160505,186.57,187.06,184.09,186.22,13529,0
20160506,185.48,187.06,184.19,186.07,17353,0
20160509,186.07,187.9,184.09,186.76,59144,0
20160510,186.27,187.51,184.09,186.12,100428,0
20160511,186.12,189.29,185.28,189.29,45678,0
20160512,188.05,188.94,186.27,188.35,33364,0
20160513,188.05,188.99,187.16,188.94,18430,0
20160516,188.94,188.94,185.08,187.06,48490,0
20160517,187.06,192.01,187.06,190.03,51172,0
20160518,190.03,192.01,188.25,192.01,49266,0
20160519,191.91,191.91,187.06,187.11,13982,0
20160520,185.08,190.03,185.08,188.05,19341,0
20160523,188.05,189.49,187.7,189.49,25358,0
20160524,188.05,190.53,188.05,188.5,29306,0
20160525,189.24,190.53,187.85,189.04,18297,0
20160527,189.04,190.53,188.69,190.03,37149,0
20160530,190.43,190.43,186.32,186.47,26125,0
20160531,186.12,189.54,186.07,189.44,29268,0
20160601,189.04,189.04,184.24,185.08,19272,0
20160602,184.19,186.57,183.65,185.08,13045,0
20160603,185.08,188.05,184.64,186.27,13010,0
20160606,188.05,189.04,186.12,186.57,18816,0
20160607,186.57,190.33,186.57,190.03,105260,0
20160608,190.03,190.03,188.69,189.73,45670,0
20160609,189.98,190.72,188.15,190.72,23452,0
20160610,190.72,190.92,189.39,190.67,8554,0
20160613,190.67,190.67,186.32,187.56,13598,0
20160614,188.05,188.99,179.29,183,26026,0
20160615,183,189.44,182.41,188,27116,0
20160616,188.05,188.35,185.18,185.92,23755,0
20160617,186.07,192.95,185.68,192.9,42837,0
20160620,192.9,192.9,187.7,192.6,33604,0
20160621,192.51,192.95,191.76,192.95,28880,0
20160622,192.95,192.95,191.66,192.75,11290,0
20160623,192.41,207.85,192.41,202.16,47859,0
20160624,185.03,192.95,183.2,189.73,49222,0
20160627,191.021,192.01,189.585,190.823,10812,0
20160628,190.823,197.503,190.823,197.157,33482,0
20160629,198.889,201.71,196.217,197.949,42192,0
20160630,197.949,199.73,196.464,199.73,10016,0
20160701,197.85,199.73,196.959,199.73,88253,0
20160704,196.217,196.217,193.594,194.93,12758,0
20160705,194.979,195.573,193.049,193.99,7241,0
20160706,193.891,195.969,193,193,11346,0
20160707,194.95,204,193.1,203.5,93873,0
20160708,203.75,206,201.1,204.5,16259,0
20160711,203,207.5,203,207.4,39553,0
20160712,207.55,211.25,207.55,209,112360,0
20160713,209,209.8,207.45,208.3,130934,0
20160714,208,208.95,206.85,207.2,39437,0
20160715,207,207,206,206,3596,0
20160718,206,208,204.9,207.3,41534,0
20160719,208,208,205.05,205.4,13355,0
20160720,205.95,206,203.15,206,17199,0
20160721,207,207,204.95,206.3,10928,0
20160722,206.4,207,205,206.25,11162,0
20160725,206,206.2,204.8,205.3,60726,0
20160726,205.3,206.95,204.4,204.5,7835,0
20160727,205.05,207,203.5,205.3,51937,0
20160728,205.5,208,204.5,207,8340,0
20160729,207.5,210,206.3,209.5,67697,0
20160801,210,211,209,211,13122,0
20160802,211,224.95,211,219.1,39185,0
20160803,219,223.1,217.1,222.8,27264,0
20160804,222.8,224,219.2,220.9,7807,0
20160805,220.1,223.8,217.85,222.8,13747,0
20160808,221.2,222,213.4,218.65,22396,0
20160809,217.05,224.8,217.05,224.8,31316,0
20160810,222,225,222,224.8,21663,0
20160811,225,225.45,223,225.45,18596,0
20160812,225.3,232.85,225.3,232.85,14260,0
20160816,235,238.45,233.5,235.15,107787,0
20160817,235.15,235.95,232.5,234,31903,0
20160818,236.85,236.85,234.05,235.35,17398,0
20160819,236.9,236.9,234.05,235.45,8332,0
20160822,236.5,242.65,235.5,241,30224,0
20160823,242.4,249.55,241.35,246,17183,0
20160824,247,248.1,243,244,30587,0
20160825,246.5,247.95,245.7,247,25602,0
20160826,249,249.5,246.6,248.3,24952,0
20160829,240,240,225.5,226.9,67702,0
20160830,225,225,215.5,216.1,77419,0
20160831,216,225.55,216,225,45363,0
20160901,226,231.65,225.25,231,71266,0
20160902,230.05,234.3,230.05,232.55,48529,0
20160905,233.5,239.8,232.25,236.5,35453,0
20160906,240,246.6,239.1,245.9,66233,0
20160907,245,245,240.45,241.8,29766,0
20160908,243,247.85,242,247.75,28132,0
20160909,246.75,246.75,240,242.25,34552,0
20160912,240.4,244.4,235.3,235.3,22392,0
20160913,236.5,241,232.2,235,20713,0
20160914,235.15,240.6,235.15,237.5,15877,0
20160915,236.1,244,236,243,26574,0
20160916,243,252.85,242.2,252.45,145101,0
20160919,250,255.95,246.8,250.1,54979,0
20160920,249.1,253.5,249,249,122177,0
20160921,249,250.85,247,247,54444,0
20160922,249.65,251.7,247.5,249.5,61445,0
20160923,249.8,252.9,248.45,249,111635,0
20160926,250,251,248.2,249.05,41745,0
20160927,248.5,249.35,247.9,249,38316,0
20160928,248,252.95,243.65,244.5,80024,0
20160929,244.4,248.9,235,235,69815,0
20160930,228,240.3,225.2,238,141405,0
20161003,239.85,240.9,235.25,235.25,45772,0
20161004,235.3,237.8,230,232,35281,0
20161005,230.2,235.95,228.85,235,34771,0
20161006,236.8,236.8,228,230,22552,0
20161007,230.4,232.8,222.15,223.5,48672,0
20161010,225,230,221,226,35778,0
20161011,227.35,230.3,220.2,224.15,45923,0
20161012,220.1,226,217.1,217.85,48856,0
20161013,219.9,222.9,214.65,215.15,41736,0
20161014,215.3,225.8,215.3,216.3,33227,0
20161017,220,223.9,218.3,222.7,19859,0
20161018,223.75,228.9,221.5,227.5,32432,0
20161019,229,229,225,228.25,62091,0
20161020,229.6,229.8,227,227.35,46903,0
20161021,228.95,228.95,217.55,218.3,23401,0
20161024,218.55,223,216.8,218.5,27394,0
20161025,220,220.9,216.1,218.05,67535,0
20161026,218.2,219.5,215.2,218.25,20949,0
20161027,217.15,220.25,217.15,220.25,40741,0
20161028,220.25,220.25,217,217,6251,0
20161031,217.2,227.5,217.2,227.5,48230,0
20161102,226.5,226.5,204.65,206,57383,0
20161103,211,211,200,200.95,57422,0
20161104,200,200,192.2,198.9,60009,0
20161107,200.4,203.65,196.05,200.05,25026,0
