Date,Open,High,Low,Close,Volume,OpenInt
20071206,73.778,73.778,59.196,64.925,18381,0
20071207,65.967,68.136,63.796,67.571,3190,0
20071210,68.05,68.05,62.755,66.834,358,0
20071211,65.967,67.919,60.238,63.622,2720,0
20071212,60.759,63.58,57.373,63.362,1376,0
20071213,62.494,63.362,59.456,63.362,700,0
20071214,63.796,63.796,59.891,63.362,1123,0
20071217,59.891,59.891,57.373,58.111,1582,0
20071218,57.807,58.154,53.814,58.111,1398,0
20071219,60.759,60.759,56.419,57.287,548,0
20071220,62.494,62.494,62.494,62.494,57,0
20071221,63.796,63.796,56.853,59.022,7737,0
20071227,64.23,64.23,58.675,59.891,139,0
20071228,59.022,59.891,57.287,59.803,6092,0
20080102,61.627,61.627,60.412,60.412,3457,0
20080103,58.675,58.675,55.985,56.462,295,0
20080104,58.502,58.502,57.287,58.502,114,0
20080107,56.419,61.627,56.419,61.627,714,0
20080108,59.891,61.193,59.891,61.193,126,0
20080109,60.541,60.845,59.891,60.759,1051,0
20080111,57.287,60.628,57.287,60.628,24,0
20080115,60.541,60.541,54.682,59.891,60,0
20080116,59.022,59.022,59.022,59.022,3,0
20080121,56.419,58.154,56.419,58.154,302,0
20080122,52.947,53.814,52.079,52.079,4329,0
20080123,52.947,52.947,47.305,51.905,23243,0
20080124,51.818,51.992,48.607,50.776,643,0
20080125,47.825,51.124,47.825,49.041,2081,0
20080128,48.607,48.607,48.607,48.607,487,0
20080129,50.343,50.343,47.739,47.739,127,0
20080130,51.211,51.211,51.124,51.211,293,0
20080131,51.211,51.211,50.776,50.776,2,0
20080201,50.516,50.776,47.739,47.739,4352,0
20080204,50.299,50.299,48.607,48.607,354,0
20080206,48.563,48.607,47.739,47.739,5818,0
20080207,48.52,48.607,46.002,46.002,307,0
20080208,46.437,46.871,46.002,46.871,125,0
20080211,44.267,46.176,44.267,46.176,492,0
20080212,44.398,44.398,44.398,44.398,24,0
20080213,46.871,46.871,46.871,46.871,4787,0
20080214,47.305,47.739,46.871,46.871,340,0
20080215,45.135,47.044,45.135,47.044,378,0
20080218,48.954,48.954,47.651,47.739,1594,0
20080219,47.739,47.739,47.739,47.739,97,0
20080220,47.651,47.651,46.002,46.09,235,0
20080222,46.784,46.871,43.399,46.61,375,0
20080225,46.61,46.61,46.61,46.61,21,0
20080226,47.739,47.739,47.739,47.739,11,0
20080229,43.833,46.002,43.833,43.92,41,0
20080304,47.651,47.651,46.871,46.871,461,0
20080305,47.651,47.651,43.573,44.267,220,0
20080306,46.871,46.871,46.871,46.871,1,0
20080307,45.265,47.478,45.265,47.478,107,0
20080310,47.392,47.392,47.392,47.392,10,0
20080311,47.305,48.607,47.305,48.173,10366,0
20080312,49.604,49.604,49.604,49.604,104,0
20080314,49.562,53.814,49.562,53.814,184,0
20080317,49.474,53.814,48.694,48.824,847,0
20080318,46.871,59.022,46.871,59.022,1228,0
20080319,58.154,58.979,53.424,53.424,599,0
20080320,56.331,56.375,52.079,52.079,352,0
20080325,56.158,56.158,53.814,53.814,374,0
20080326,56.201,60.628,54.682,60.628,4753,0
20080327,64.318,68.57,62.581,68.57,8893,0
20080328,71.131,71.174,64.23,66.834,8726,0
20080331,71.695,71.695,67.225,68.136,5565,0
20080401,69.178,69.178,61.02,63.753,4381,0
20080402,61.193,63.362,61.02,63.102,1740,0
20080403,60.021,62.365,59.977,61.409,327,0
20080404,62.494,62.842,60.759,61.627,548,0
20080407,62.972,62.972,59.891,61.973,490,0
20080408,60.759,60.759,57.46,57.46,477,0
20080409,59.022,59.544,56.419,59.544,517,0
20080410,60.759,60.759,57.287,60.759,235,0
20080411,59.891,60.759,57.373,59.891,241,0
20080414,60.324,60.324,55.55,55.594,466,0
20080415,59.022,59.022,52.122,52.122,837,0
20080416,49.996,52.947,47.739,52.817,2770,0
20080417,54.466,54.466,52.86,52.86,1733,0
20080418,53.814,54.682,53.814,53.814,1531,0
20080421,53.814,54.423,50.516,54.423,406,0
20080422,53.989,54.032,53.989,54.032,29,0
20080423,54.205,54.205,53.772,54.032,42,0
20080424,53.814,54.032,53.772,53.772,64,0
20080425,53.814,53.814,52.947,52.947,49,0
20080428,53.728,53.728,50.343,52.86,99,0
20080429,53.294,53.381,51.211,53.381,820,0
20080430,53.381,53.381,50.776,53.207,45,0
20080505,52.947,52.947,52.947,52.947,47,0
20080506,52.947,54.682,52.947,54.682,118,0
20080507,52.122,54.552,52.122,54.552,126,0
20080508,54.597,54.597,53.814,53.814,29,0
20080509,54.509,54.682,51.992,54.682,11595,0
20080512,54.682,54.682,51.428,54.597,1184,0
20080513,54.509,54.509,52.209,52.469,510,0
20080514,53.598,53.598,52.513,52.513,104,0
20080515,53.51,54.248,52.947,52.947,497,0
20080516,53.728,54.248,53.728,54.248,58,0
20080519,54.205,54.205,51.211,53.989,69,0
20080520,53.728,53.728,50.82,51.557,866,0
20080521,53.381,53.381,51.732,51.732,497,0
20080523,51.732,53.207,51.732,53.207,41,0
20080526,52.947,53.077,50.776,51.949,979,0
20080527,52.99,53.077,51.428,52.947,232,0
20080528,52.903,52.947,52.903,52.947,33,0
20080529,52.903,52.947,51.515,52.817,629,0
20080530,52.817,52.86,52.817,52.86,17,0
20080602,52.86,52.86,52.86,52.86,23,0
20080603,52.036,52.86,52.036,52.86,19,0
20080604,52.036,52.036,51.211,51.298,1007,0
20080605,51.949,51.949,51.298,51.298,311,0
20080606,51.992,51.992,49.604,49.604,28,0
20080609,50.256,50.256,50.256,50.256,40,0
20080610,50.126,50.212,49.474,49.474,149,0
20080611,49.474,49.474,49.474,49.474,27,0
20080612,48.998,50.256,47.044,50.256,612,0
20080613,50.256,50.256,50.256,50.256,358,0
20080616,51.861,51.861,51.861,51.861,11,0
20080617,51.775,51.818,51.775,51.818,34,0
20080618,51.992,51.992,51.992,51.992,18,0
20080619,51.818,51.818,51.818,51.818,21,0
20080620,51.818,51.818,51.818,51.818,18,0
20080623,51.992,51.992,51.992,51.992,18,0
20080624,51.818,54.248,51.818,51.992,939,0
20080625,51.645,51.645,50.429,50.516,35328,0
20080626,51.645,51.992,51.645,51.992,297,0
20080627,51.905,51.905,51.905,51.905,203,0
20080630,56.983,56.983,52.903,52.903,578,0
20080701,54.248,54.248,54.248,54.248,14,0
20080702,53.989,54.032,53.989,54.032,19,0
20080703,53.294,53.381,53.294,53.381,24,0
20080704,53.989,53.989,53.989,53.989,9,0
20080707,54.032,54.032,50.56,52.86,387,0
20080708,52.86,52.86,47.739,51.949,97,0
20080709,51.818,51.818,48.65,51.732,45,0
20080710,51.732,51.732,51.732,51.732,27,0
20080711,51.645,52.425,50.864,51.992,99,0
20080714,51.732,51.732,48.65,51.341,166,0
20080715,51.168,51.168,47.739,49.388,215,0
20080716,51.08,51.08,51.08,51.08,2,0
20080717,49.388,51.211,49.388,51.211,55,0
20080718,50.343,50.343,48.607,50.299,191,0
20080721,50.256,50.256,47.782,50.212,120,0
20080722,50.212,50.212,46.827,49.3,497,0
20080723,48.607,48.78,46.133,48.78,859,0
20080724,46.61,48.434,46.176,47.696,560,0
20080725,48.216,48.216,46.133,46.654,250,0
20080728,47.305,47.305,43.399,45.482,2031,0
20080729,45.439,45.439,43.096,43.39,920,0
20080730,45.222,45.222,45.091,45.135,22,0
20080731,45.135,47.566,44.701,45.525,209,0
20080801,45.525,45.525,45.525,45.525,1,0
20080804,45.482,45.482,43.399,43.399,619,0
20080805,44.875,44.875,42.635,42.635,388,0
20080806,44.918,44.918,42.661,44.701,1102,0
20080807,44.571,44.918,44.571,44.918,51,0
20080808,44.918,44.918,43.39,43.399,278,0
20080811,43.399,44.526,43.399,44.526,22,0
20080812,44.267,44.267,41.506,43.79,87,0
20080813,43.833,43.833,43.833,43.833,1,0
20080814,43.833,43.833,43.833,43.833,1,0
20080818,43.833,43.833,43.79,43.833,35,0
20080819,43.833,43.833,43.833,43.833,1,0
20080820,43.833,44.353,43.833,44.353,41,0
20080821,44.31,44.31,44.31,44.31,1,0
20080822,44.137,44.137,44.137,44.137,1,0
20080825,44.137,44.137,44.137,44.137,1,0
20080826,44.137,44.137,41.663,44.137,244,0
20080827,43.746,43.746,43.746,43.746,1,0
20080828,43.746,43.746,43.746,43.746,1,0
20080829,43.616,43.616,42.115,42.115,198,0
20080901,43.833,43.833,43.833,43.833,1,0
20080902,43.79,43.79,43.79,43.79,2,0
20080903,43.79,43.79,43.79,43.79,1,0
20080904,43.79,44.094,41.672,44.094,115,0
20080908,44.094,44.094,41.924,41.924,341,0
20080909,43.356,43.356,43.312,43.312,24,0
20080910,43.269,43.269,42.531,43.269,14,0
20080911,43.269,43.269,42.792,42.834,54,0
20080912,42.834,42.834,42.834,42.834,2,0
20080918,42.531,42.531,42.531,42.531,115,0
20080919,42.826,42.826,42.792,42.826,126,0
20080922,41.09,41.195,39.624,39.624,240,0
20080923,41.177,41.177,39.624,40.77,383,0
20080924,41.133,41.133,41.125,41.133,99,0
20080925,41.185,41.185,40.786,41.185,319,0
20080926,41.169,41.228,41.169,41.177,139,0
20080929,41.394,41.394,37.757,40.777,208,0
20080930,35.674,39.883,35.674,39.805,274,0
20081001,40.77,40.77,38.191,39.051,358,0
20081002,39.051,40.37,39.051,40.37,2,0
20081003,40.283,40.283,38.104,39.909,301,0
20081006,38.191,39.753,38.191,39.753,22,0
20081007,39.65,39.65,37.323,37.323,391,0
20081008,37.323,37.323,32.549,34.719,748,0
20081009,34.164,34.164,34.146,34.154,125,0
20081010,36.437,36.437,32.116,35.327,346,0
20081013,36.369,36.369,34.589,36.326,203,0
20081014,36.369,36.369,34.719,36.247,501,0
20081015,36.186,36.186,33.07,34.285,284,0
20081016,33.044,34.277,33.044,34.277,48,0
20081017,34.259,34.259,31.699,32.861,493,0
20081020,32.801,32.801,32.801,32.801,1,0
20081021,31.898,31.898,30.466,30.466,114,0
20081022,32.888,32.888,29.606,29.606,339,0
20081023,31.065,31.065,28.643,30.067,476,0
20081024,30.067,30.067,28.123,29.511,56,0
20081027,30.058,30.067,28.209,28.626,47,0
20081028,30.058,30.058,30.058,30.058,1,0
20081029,28.401,29.511,27.055,29.511,168,0
20081030,30.067,30.067,30.067,30.067,70,0
20081103,28.643,28.643,27.862,28.6,60,0
20081104,29.58,30.093,29.511,30.093,89,0
20081105,30.9,30.9,30.128,30.292,207,0
20081106,29.511,29.511,29.511,29.511,116,0
20081107,30.9,30.9,30.9,30.9,1,0
20081110,30.414,30.414,28.643,30.336,52,0
20081112,30.414,30.414,28.643,28.904,303,0
20081113,28.904,28.904,26.907,28.895,144,0
20081114,29.599,29.599,28.209,29.589,545,0
20081117,29.511,29.511,27.776,29.164,435,0
20081118,29.077,29.077,29.077,29.077,1,0
20081119,28.47,28.47,26.559,27.793,244,0
20081120,27.255,27.255,25.953,27.246,118,0
20081121,27.211,27.211,26.039,26.907,112,0
20081124,26.474,26.474,25.97,25.97,37,0
20081125,25.518,25.518,25.171,25.518,243,0
20081126,25.606,25.606,24.998,25.518,170,0
20081127,25.336,25.336,25.336,25.336,1,0
20081128,25.129,25.129,25.129,25.129,1,0
20081201,24.39,25.518,24.39,25.518,2,0
20081202,25.345,25.345,25.258,25.258,154,0
20081203,25.258,26.039,25.258,26.039,309,0
20081204,25.97,25.97,24.825,25.97,72,0
20081205,26.039,26.039,24.737,25.771,993,0
20081208,26.039,26.152,24.91,26.152,593,0
20081209,24.825,24.825,24.737,24.737,196,0
20081210,23.869,24.694,23.869,24.694,418,0
20081211,24.694,24.694,24.694,24.694,1,0
20081212,24.694,24.694,23.609,24.303,321,0
20081215,25.735,25.735,25.693,25.693,63,0
20081216,25.693,25.693,23.869,24.998,254,0
20081217,25.606,25.606,25.431,25.431,56,0
20081218,25.735,25.735,24.303,25.518,186,0
20081219,25.431,25.431,23.261,25.389,381,0
20081222,25.345,25.345,25.293,25.302,773,0
20081223,25.345,26.907,25.345,26.907,2139,0
20081229,26.899,26.907,26.144,26.144,180,0
20081230,26.907,26.907,24.737,25.866,1434,0
20081231,26.134,26.63,26.134,26.63,2,0
20090105,26.63,27.055,25.171,25.701,120,0
20090106,25.883,25.883,25.883,25.883,1,0
20090107,25.701,25.701,25.171,25.171,2514,0
20090108,25.345,25.345,25.345,25.345,115,0
20090109,25.518,25.518,25.518,25.518,1,0
20090112,25.797,25.797,24.573,25.336,463,0
20090113,24.217,25.423,24.217,25.345,208,0
20090114,25.059,25.059,24.06,24.955,88,0
20090115,24.789,24.789,24.789,24.789,1,0
20090116,24.606,24.606,24.606,24.606,1,0
20090119,24.946,24.946,24.946,24.946,1,0
20090120,24.511,24.511,23.539,24.511,130,0
20090121,24.946,24.946,23.192,24.122,125,0
20090122,24.104,24.104,24.104,24.104,1,0
20090123,24.946,24.946,24.946,24.946,1,0
20090126,24.606,24.606,23.192,23.192,647,0
20090127,23.235,23.235,23.235,23.235,1,0
20090128,24.199,24.199,24.199,24.199,1,0
20090129,24.199,24.381,24.199,24.381,2,0
20090130,24.381,24.469,24.381,24.469,2,0
20090202,24.469,24.469,24.469,24.469,1,0
20090203,24.469,24.469,24.469,24.469,1,0
20090204,23.513,23.513,23.261,23.261,24,0
20090205,23.513,23.513,22.568,23.513,54,0
20090206,23.513,23.513,23.513,23.513,1,0
20090209,24.469,24.469,24.469,24.469,1,0
20090210,24.469,24.469,24.469,24.469,1,0
20090211,23.513,23.513,22.394,23.513,243,0
20090212,23.513,23.513,21.7,22.568,1076,0
20090213,23.166,23.166,23.166,23.166,1,0
20090216,22.993,22.993,22.993,22.993,1,0
20090217,22.993,22.993,20.701,22.203,1385,0
20090218,22.203,22.203,22.203,22.203,1,0
20090219,22.203,22.203,21.7,22.203,14,0
20090220,22.203,22.203,19.799,22.203,188,0
20090223,22.203,22.203,22.203,22.203,9,0
20090224,22.203,22.203,22.185,22.185,2,0
20090225,22.177,22.177,22.177,22.177,1,0
20090226,22.177,22.177,21.135,21.135,359,0
20090227,21.231,21.231,20.232,21.222,118,0
20090302,21.222,21.222,21.222,21.222,1,0
20090303,21.222,21.222,21.222,21.222,1,0
20090304,21.994,21.994,21.994,21.994,1,0
20090305,21.69,21.69,21.69,21.69,1,0
20090306,19.963,19.963,19.521,19.963,2630,0
20090309,20.806,20.806,20.806,20.806,1,0
20090310,20.389,20.389,19.963,19.963,48,0
20090311,19.963,20.389,19.963,20.389,367,0
20090312,20.319,20.319,19.356,19.956,463,0
20090313,19.956,20.319,19.364,19.364,697,0
20090316,18.488,19.521,18.488,19.521,161,0
20090317,19.096,19.096,19.096,19.096,1,0
20090318,18.662,18.662,17.81,18.271,1302,0
20090319,18.67,18.679,17.898,17.898,287,0
20090320,18.792,18.792,17.915,17.915,278,0
20090323,17.915,17.915,17.906,17.915,575,0
20090324,17.429,17.429,17.429,17.429,11,0
20090325,18.228,18.653,18.045,18.653,1042,0
20090326,19.582,19.616,19.582,19.582,725,0
20090327,19.139,19.607,19.139,19.607,395,0
20090330,17.681,19.356,17.681,18.583,464,0
20090331,18.774,19.348,17.993,17.993,171,0
20090401,18.662,19.348,18.662,19.348,155,0
20090402,19.096,19.348,18.922,19.096,569,0
20090403,19.685,20.389,19.139,20.389,1864,0
20090406,20.381,20.806,20.381,20.806,877,0
20090407,20.832,21.457,20.832,20.84,614,0
20090408,21.005,22.914,21.005,22.914,2298,0
20090409,22.568,23.609,22.568,23.409,771,0
20090414,24.173,24.217,24.173,24.217,232,0
20090415,24.207,24.207,24.207,24.207,713,0
20090416,24.737,24.737,24.303,24.73,535,0
20090417,23.696,24.651,23.696,24.651,342,0
20090420,24.73,24.73,24.73,24.73,47,0
20090421,23.696,24.694,23.696,24.694,24,0
20090422,24.043,24.651,24.043,24.651,131,0
20090423,24.642,24.651,24.642,24.651,230,0
20090424,24.651,24.651,23.782,23.782,127,0
20090427,23.609,23.609,23.609,23.609,335,0
20090429,22.784,22.784,22.784,22.784,57,0
20090430,22.133,22.133,22.133,22.133,115,0
20090504,22.394,22.689,21.612,22.689,2624,0
20090505,22.602,22.602,22.602,22.602,175,0
20090506,21.7,22.672,21.7,22.133,490,0
20090507,21.717,21.717,21.708,21.708,296,0
20090508,22.177,22.177,22.133,22.133,52,0
20090511,21.708,22.203,21.708,22.203,473,0
20090512,22.194,22.194,22.194,22.194,115,0
20090513,21.621,21.621,21.621,21.621,114,0
20090514,21.265,21.265,21.265,21.265,223,0
20090515,21.179,21.179,21.179,21.179,49,0
20090518,21.265,21.265,21.265,21.265,5,0
20090519,21.005,21.413,21.005,21.413,671,0
20090520,22.038,22.22,22.038,22.22,1047,0
20090521,21.552,22.307,21.526,22.047,2643,0
20090522,22.133,23.869,22.133,23.306,2491,0
20090525,24.694,26.039,24.694,26.039,2335,0
20090526,26.907,28.427,26.474,26.474,5026,0
20090527,25.276,25.276,24.043,25.171,1744,0
20090528,24.39,25.779,24.39,25.779,235,0
20090529,25.779,25.779,25.171,25.779,686,0
20090601,25.779,26.559,25.779,26.474,349,0
20090602,25.822,26.379,25.606,26.379,960,0
20090603,25.266,25.389,25.266,25.389,1228,0
20090605,25.606,25.606,25.606,25.606,148,0
20090608,25.085,25.085,25.085,25.085,345,0
20090609,25.258,25.258,25.258,25.258,57,0
20090610,25.258,25.258,24.303,25.076,1483,0
20090612,24.052,30.553,24.052,30.553,3374,0
20090615,30.64,30.64,27.783,29.329,7950,0
20090616,29.321,29.511,29.295,29.295,341,0
20090617,29.295,29.511,27.776,28.47,2285,0
20090618,28.427,28.427,26.907,28.123,1106,0
20090619,27.992,27.992,26.907,26.907,280,0
20090622,27.342,27.342,26.039,26.734,1393,0
20090623,26.907,26.907,26.039,26.039,314,0
20090624,26.248,26.248,26.248,26.248,29,0
20090625,25.544,26.517,25.536,26.517,113,0
20090626,26.517,26.837,26.517,26.517,181,0
20090629,26.474,26.474,26.474,26.474,1,0
20090630,26.039,26.039,25.987,25.987,173,0
20090701,25.953,25.953,25.953,25.953,145,0
20090702,26.43,26.43,25.779,26.43,484,0
20090703,26.821,26.821,26.821,26.821,35,0
20090706,26.604,26.604,26.604,26.604,5,0
20090707,25.441,26.907,25.441,26.907,921,0
20090708,26.899,27.151,26.3,27.151,1305,0
20090709,26.907,27.081,26.474,26.907,5893,0
20090710,26.907,26.907,26.907,26.907,69,0
20090713,27.767,27.767,26.3,26.3,207,0
20090714,26.308,27.167,26.3,26.855,602,0
20090715,26.881,26.881,26.881,26.881,1,0
20090716,26.881,27.081,26.881,27.081,407,0
20090717,27.072,27.072,27.072,27.072,1,0
20090720,26.907,26.916,26.039,26.734,1026,0
20090721,26.734,26.734,26.734,26.734,23,0
20090722,27.072,27.072,26.056,26.725,636,0
20090723,26.049,26.474,26.049,26.474,73,0
20090724,27.064,27.064,27.064,27.064,1,0
20090727,26.734,26.907,26.734,26.742,344,0
20090728,26.69,26.69,26.474,26.69,166,0
20090729,26.049,26.664,26.039,26.039,679,0
20090730,26.343,26.907,26.343,26.552,2346,0
20090731,27.081,27.081,26.222,26.222,756,0
20090803,26.213,27.497,26.039,27.497,771,0
20090804,27.081,27.081,26.907,26.907,226,0
20090805,27.081,27.497,26.647,27.177,1647,0
20090806,27.342,27.767,27.081,27.767,601,0
20090807,27.776,28.201,27.09,27.385,2890,0
20090810,27.167,27.776,27.167,27.167,515,0
20090811,27.116,27.167,25.996,25.996,1089,0
20090812,25.431,25.701,24.867,24.936,732,0
20090813,25.693,26.023,25.171,25.171,1252,0
20090814,24.998,25.666,24.737,25.649,458,0
20090817,25.649,25.649,24.485,25.596,747,0
20090818,25.588,25.596,25.588,25.596,330,0
20090819,25.657,25.657,25.475,25.475,772,0
20090820,25.475,25.475,25.475,25.475,589,0
20090821,25.518,25.518,25.475,25.475,382,0
20090824,25.606,28.018,25.431,28.018,5206,0
20090825,27.428,27.61,26.481,26.907,1214,0
20090826,27.602,27.602,25.171,26.031,2713,0
20090827,25.97,26.474,25.606,26.039,484,0
20090828,26.474,26.474,26.039,26.082,980,0
20090831,26.379,26.379,25.693,26.039,430,0
20090901,25.606,25.606,24.756,25.518,737,0
20090902,25.606,25.606,24.651,24.651,243,0
20090903,24.477,24.955,24.26,24.955,1435,0
20090904,23.869,24.972,23.869,24.972,207,0
20090907,23.878,24.877,23.878,24.303,282,0
20090908,24.564,24.564,24,24.303,255,0
20090909,23.878,23.878,23.869,23.869,47,0
20090910,23.869,24.303,23.609,23.609,582,0
20090911,24.122,24.303,22.914,22.914,1290,0
20090914,21.7,23.869,21.7,23.869,500,0
20090915,24.477,24.477,23.349,23.349,240,0
20090916,24.303,24.303,23.261,23.261,323,0
20090917,23.696,23.696,23.313,23.313,52,0
20090918,23.574,23.574,23.436,23.574,216,0
20090921,23.696,23.696,21.786,23.235,1314,0
20090922,22.777,24.13,22.777,24.13,173453,0
20090923,24.147,24.26,24.147,24.26,363,0
20090924,24.13,24.651,23.782,24.651,164302,0
20090925,25.171,25.171,24.312,24.91,425,0
20090928,25.171,25.171,23.869,24.651,957,0
20090929,23.522,25.866,23.522,25.866,2682,0
20090930,26.023,27.342,25.467,27.289,9316,0
20091001,26.039,27.342,26.039,27.342,6569,0
20091002,27.342,27.342,26.127,27.289,1545,0
20091005,27.289,27.385,26.794,27.385,3077,0
20091006,26.334,29.077,26.334,29.077,7100,0
20091007,28.201,29.06,27.376,29.051,2628,0
20091008,29.034,29.034,27.862,28.991,1846,0
20091009,28.93,29.008,28.556,28.991,1960,0
20091012,29.069,29.077,28.244,29.077,1864,0
20091013,28.244,29.077,28.244,29.077,656,0
20091014,29.069,30.292,29.069,29.929,2942,0
20091015,30.37,30.37,29.511,29.929,1348,0
20091016,30.154,30.154,28.73,29.893,4148,0
20091019,30.076,30.11,29.077,30.11,3398,0
20091020,30.162,32.116,28.991,32.116,4234,0
20091021,32.116,32.809,30.813,32.809,3571,0
20091022,32.116,32.116,32.106,32.106,72,0
20091023,32.106,32.809,31.248,31.977,2596,0
20091026,32.063,32.063,31.248,31.716,5685,0
20091027,31.855,31.855,30.709,31.69,272,0
20091028,30.744,31.751,30.735,31.248,18497,0
20091029,31.421,32.724,29.945,32.116,4356,0
20091030,31.898,32.983,31.343,32.983,4367,0
20091102,31.941,32.888,31.69,32.879,2882,0
20091103,32.376,32.376,31.421,32.106,4669,0
20091104,32.367,34.025,31.421,34.025,1841,0
20091105,33.851,33.851,31.378,32.879,5616,0
20091106,32.376,32.549,32.116,32.116,170,0
20091109,31.421,31.898,31.248,31.898,1232,0
20091110,31.985,31.985,30.718,30.718,654,0
20091112,28.774,31.481,28.774,31.117,1554,0
20091113,30.718,30.718,29.867,29.867,36,0
20091116,30.37,30.37,30.37,30.37,60,0
20091117,30.813,32.975,30.205,32.975,1955,0
20091118,32.116,32.116,30.596,32.029,1921,0
20091119,31.898,32.116,31.898,32.116,581,0
20091120,32.116,32.549,31.082,32.549,1324,0
20091123,32.662,32.662,32.549,32.549,42,0
20091124,31.117,32.116,31.117,32.116,2475,0
20091125,32.116,32.975,30.292,32.975,7225,0
20091126,32.853,32.983,31.768,32.983,2498,0
20091127,31.507,33.4,31.507,33.4,2993,0
20091130,32.819,33.417,32.116,33.391,4508,0
20091201,33.417,33.417,33.417,33.417,115,0
20091202,33.374,33.374,32.41,33.079,1270,0
20091203,32.245,32.801,32.245,32.801,53,0
20091204,33.417,33.417,32.254,33.208,616,0
20091207,33.33,33.33,32.289,33.234,5,0
20091208,33.27,33.27,32.575,33.156,256,0
20091209,33.156,33.156,32.237,33.156,206,0
20091210,33.634,33.634,32.471,33.417,25,0
20091211,32.671,33.765,32.671,33.765,697,0
20091214,33.721,33.721,32.809,33.461,995,0
20091215,33.409,33.409,32.601,32.897,314,0
20091216,32.975,33.374,32.297,33.374,1158,0
20091217,33.417,33.426,32.471,33.426,590,0
20091218,30.128,33.417,30.128,33.417,1355,0
20091221,33.33,33.417,32.567,33.417,220,0
20091222,32.601,34.172,32.601,33.851,1433,0
20091223,33.851,37.15,33.851,36.447,1461,0
20091228,38.191,38.191,37.315,37.323,318,0
20091229,37.323,38.191,37.253,38.104,849,0
20091230,38.148,38.191,37.757,38.191,1149,0
20091231,39.059,40.361,39.059,40.361,1457,0
20100104,39.493,39.493,39.059,39.38,301,0
20100105,39.276,39.276,37.323,39.042,1247,0
20100106,39.042,39.042,35.344,38.348,1344,0
20100107,38.886,38.886,35.847,38.191,957,0
20100108,37.757,37.757,35.761,37.757,1369,0
20100111,37.749,37.749,36.455,37.583,56,0
20100112,37.923,37.923,36.055,36.803,405,0
20100113,36.455,37.323,36.029,37.323,476,0
20100114,37.367,37.367,36.195,36.88,662,0
20100115,35.604,36.022,34.458,36.022,1110,0
20100118,36.447,37.002,35.587,35.596,785,0
20100119,35.587,36.455,34.893,36.455,900,0
20100120,38.625,39.059,37.323,39.059,684,0
20100121,39.84,40.101,37.436,40.101,1432,0
20100122,39.493,41.228,38.573,41.228,1032,0
20100125,39.927,41.221,39.059,40.752,2207,0
20100126,40.752,40.752,40.752,40.752,5,0
20100127,40.708,40.708,38.755,40.682,1785,0
20100128,40.7,40.7,39.598,40.352,575,0
20100129,40.327,41.663,39.857,41.663,1872,0
20100201,40.708,40.708,40.213,40.335,2132,0
20100202,40.327,40.327,39.059,39.736,1844,0
20100203,39.493,39.927,39.059,39.059,205,0
20100204,39.546,39.546,38.33,39.406,33,0
20100205,40.101,40.179,38.278,40.179,241,0
20100208,40.786,40.786,39.059,39.059,2314,0
20100209,39.059,39.667,39.059,39.667,130,0
20100210,39.579,39.579,38.556,39.553,423,0
20100211,38.721,39.562,38.668,39.562,2731,0
20100212,40.248,40.248,40.248,40.248,230,0
20100215,40.344,40.344,38.729,39.024,1650,0
20100216,39.042,39.042,37.887,38.972,373,0
20100217,37.992,38.972,37.992,38.928,654,0
20100218,38.79,38.886,38.034,38.034,206,0
20100219,38.703,38.703,38.703,38.703,1,0
20100222,37.93,37.93,37.323,37.331,1619,0
20100223,37.331,39.068,37.331,39.059,3520,0
20100224,39.068,39.068,37.896,37.896,62,0
20100225,37.331,38.668,36.959,36.967,694,0
20100226,38.972,38.972,37.331,38.928,141,0
20100301,38.104,38.842,37.54,38.842,1017,0
20100302,38.582,38.582,38.582,38.582,57,0
20100303,37.566,37.566,37.54,37.54,232,0
20100304,37.505,38.182,37.367,38.182,1144,0
20100305,38.104,39.353,38.104,38.79,13219,0
20100308,38.616,40.361,38.616,40.361,18149,0
20100309,40.361,40.361,39.363,39.493,6832,0
20100310,39.493,41.663,39.484,41.663,9845,0
20100311,41.663,42.097,41.195,42.053,24100,0
20100312,42.01,42.01,40.621,41.663,922,0
20100315,41.663,41.663,40.621,41.663,1222,0
20100316,41.663,41.663,41.663,41.663,5896,0
20100317,42.097,43.573,41.437,43.399,4330,0
20100318,43.92,43.92,42.445,43.485,3497,0
20100319,43.485,43.573,43.399,43.399,1148,0
20100322,43.573,46.002,43.399,46.002,10951,0
20100323,47.478,49.474,46.35,47.478,10544,0
20100324,47.739,48.824,47.435,48.303,10835,0
20100325,48.563,48.563,47.218,48.043,2993,0
20100326,47.305,47.739,46.002,47.739,1531,0
20100329,47.739,48.173,46.61,48.173,1501,0
20100330,48.303,48.39,47.305,48.39,18463,0
20100331,48.694,49.474,46.567,47.739,8861,0
20100401,47.044,47.348,47.044,47.348,49,0
20100406,47.739,48.173,46.524,46.914,1606,0
20100407,46.871,46.871,45.569,46.741,1359,0
20100408,45.829,47.392,45.829,47.305,2184,0
20100409,47.87,51.168,47.739,50.343,8044,0
20100412,50.343,50.343,50.343,50.343,4531,0
20100413,50.343,50.343,48.65,50.083,1611,0
20100414,50.256,50.256,49.127,50.256,633,0
20100415,50.256,50.256,48.998,49.908,376,0
20100416,49.908,49.908,48.607,49.735,880,0
20100419,49.431,49.431,45.655,49.388,4765,0
20100420,49.345,49.908,48,49.908,11024,0
20100421,49.908,49.996,49.649,49.649,2767,0
20100422,49.735,49.735,48.607,49.735,1301,0
20100423,49.562,49.735,49.474,49.735,2324,0
20100426,47.392,49.388,47.305,49.388,1284,0
20100427,49.474,49.474,48.347,49.474,789,0
20100428,49.474,49.474,47.825,49.127,2057,0
20100429,49.431,49.474,48.39,49.474,2080,0
20100430,49.562,49.823,48.434,49.823,811,0
20100504,49.865,49.865,48.086,48.607,1150,0
20100505,48.607,48.607,47.044,47.739,10920,0
20100506,46.09,47.566,46.09,47.478,7111,0
20100507,47.478,47.478,43.399,43.399,1506,0
20100510,44.224,46.394,43.66,46.394,5147,0
20100511,46.263,46.61,46.263,46.61,760,0
20100512,46.35,48.39,46.35,48.39,1078,0
20100513,46.784,48.824,46.784,48.824,935,0
20100514,48.607,48.824,47.218,48.78,1082,0
20100517,47.739,48.173,46.827,46.871,2043,0
20100518,48.086,48.086,45.091,46.784,20538,0
20100519,46.48,46.48,43.399,43.833,1846,0
20100520,45.655,45.655,42.965,43.399,1193,0
20100521,42.834,43.399,40.456,43.399,880,0
20100524,43.226,43.269,41.663,42.357,985,0
20100525,41.247,42.697,41.247,42.079,2469,0
20100526,42.079,42.079,40.665,41.81,3167,0
20100527,41.81,41.81,40.708,41.81,1199,0
20100528,41.576,42.531,40.881,42.531,1247,0
20100531,42.419,42.419,42.419,42.419,576,0
20100601,42.792,42.792,42.496,42.496,14,0
20100602,41.159,41.88,41.143,41.663,854,0
20100604,41.228,41.228,39.971,39.971,369,0
20100607,38.278,39.753,38.278,39.753,461,0
20100608,39.753,39.753,38.374,39.059,16,0
20100609,38.227,39.918,38.191,38.191,365,0
20100610,39.398,39.398,38.104,39.232,78,0
20100611,38.191,43.129,38.191,42.522,8437,0
20100614,42.357,42.357,40.014,40.301,4248,0
20100615,38.634,40.613,38.634,39.32,1009,0
20100616,40.101,40.101,38.66,39.033,190,0
20100617,40.101,40.101,38.486,39.918,359,0
20100618,39.927,39.927,38.886,39.059,1200,0
20100621,39.927,39.927,37.757,39.059,664,0
20100622,39.059,39.059,37.766,39.059,731,0
20100623,37.766,38.886,37.766,38.886,141,0
20100624,39.493,39.493,38.191,38.955,528,0
20100625,39.051,39.059,37.678,38.964,20,0
20100628,39.059,39.059,38.018,39.042,9,0
20100629,38.92,38.928,37.384,38.886,47,0
20100630,37.193,38.877,37.193,38.799,467,0
20100701,41.576,41.576,38.104,38.842,746,0
20100702,38.208,38.842,36.49,38.747,593,0
20100705,38.191,38.833,36.976,38.269,224,0
20100706,37.54,38.608,37.54,38.608,162,0
20100707,38.842,38.859,37.593,38.79,18,0
20100708,38.191,38.191,38.191,38.191,202,0
20100709,38.191,38.599,38.191,38.599,69,0
20100712,38.452,39.024,37.757,37.757,127,0
20100713,38.59,38.59,38.59,38.59,2,0
20100715,37.757,38.686,36.924,38.616,5841,0
20100716,37.41,39.572,37.41,39.059,35168,0
20100719,39.059,39.232,38.018,39.232,87,0
20100720,41.576,41.576,39.285,39.493,525,0
20100721,41.221,41.221,40.361,40.361,153,0
20100722,40.795,40.795,40.795,40.795,1,0
20100723,40.708,40.708,39.059,39.059,178075,0
20100726,39.927,39.927,39.163,39.927,2654,0
20100727,39.918,39.918,39.232,39.232,118,0
20100728,39.32,39.32,39.32,39.32,176,0
20100730,39.059,40.76,39.059,40.76,68574,0
20100802,40.777,41.228,39.945,41.221,141,0
20100804,40.535,41.228,40.535,41.185,115317,0
20100805,41.228,42.063,39.753,42.063,842,0
20100806,42.063,42.079,42.063,42.063,199,0
20100809,42.089,42.089,42.089,42.089,41,0
20100810,40.621,41.228,40.621,41.228,410,0
20100812,41.403,41.403,39.935,41.403,1484,0
20100813,40.969,40.969,39.588,40.969,1146,0
20100816,39.961,39.961,39.961,39.961,2,0
20100817,41.576,41.576,41.576,41.576,2,0
20100818,41.663,41.663,40.127,41.663,12,0
20100819,42.089,42.436,41.663,41.663,558,0
20100820,42.436,42.436,42.436,42.436,1,0
20100823,42.436,42.436,40.456,41.228,577,0
20100824,40.535,40.535,38.712,39.927,1213,0
20100825,40.786,40.786,40.786,40.786,29,0
20100826,40.795,41.012,39.111,39.111,6,0
20100827,40.101,40.101,39.059,39.927,1575,0
20100830,41.228,41.228,41.228,41.228,225,0
20100831,40.11,41.228,40.11,41.228,694,0
20100901,41.228,41.228,41.228,41.228,1295,0
20100902,41.228,41.228,40.795,40.795,202,0
20100903,40.795,41.228,40.361,41.228,336,0
20100906,40.404,41.228,40.404,41.228,1009,0
20100908,41.221,41.221,41.221,41.221,115,0
20100909,41.221,41.221,40.691,40.795,168,0
20100910,39.935,41.159,39.935,41.159,155,0
20100913,41.143,41.228,40.049,41.228,742,0
20100914,40.135,41.221,40.135,41.221,119,0
20100915,40.387,41.228,40.387,41.228,175,0
20100916,41.055,41.055,40.11,41.055,41,0
20100917,40.37,41.055,40.361,41.055,369,0
20100920,41.047,41.055,40.317,41.055,406,0
20100921,41.012,41.012,40.969,40.969,58,0
20100922,40.969,40.969,39.971,40.708,467,0
20100923,40.795,40.795,40.795,40.795,1,0
20100924,40.708,40.969,39.971,40.969,1797,0
20100927,40.17,41.228,39.094,39.519,1452,0
20100928,40.101,41.663,40.014,41.663,1331,0
20100929,40.057,41.94,39.232,41.94,1356,0
20100930,41.385,42.01,41.385,41.403,789,0
20101001,41.993,42.097,40.717,41.228,906,0
20101004,41.924,41.924,40.656,40.656,348,0
20101005,40.977,41.924,40.881,41.924,1501,0
20101006,41.924,42.01,41.924,42.01,3719,0
20101007,43.226,43.833,41.836,42.965,735,0
20101008,42.704,44.31,42.027,44.137,1252,0
20101011,44.31,45.091,43.442,44.745,1392,0
20101012,44.83,45.091,43.616,44.526,1348,0
20101013,44.526,44.83,44.094,44.657,487,0
20101014,45.049,45.049,43.833,44.701,40246,0
20101015,43.833,44.745,43.833,44.745,554,0
20101018,44.961,44.961,44.961,44.961,2,0
20101019,45.005,45.005,44.267,44.267,19,0
20101020,44.267,44.267,43.399,43.399,305369,0
20101021,42.704,46.002,42.704,46.002,2286,0
20101022,45.917,47.305,45.049,47.305,1108,0
20101025,46.871,47.305,45.265,47.305,1378,0
20101026,45.917,46.784,45.655,46.784,664,0
20101027,46.827,46.871,46.827,46.871,102,0
20101028,46.784,46.871,46.784,46.871,132,0
20101029,46.871,46.871,46.002,46.871,282,0
20101102,46.871,46.871,46.871,46.871,297,0
20101103,46.784,46.784,44.31,46.437,52576,0
20101104,46.437,46.437,46.437,46.437,1248,0
20101105,46.437,46.437,46.437,46.437,109,0
20101108,46.394,46.437,45.309,46.394,1207,0
20101109,45.178,46.437,44.875,46.35,563,0
20101110,45.959,46.263,45.959,46.263,369,0
20101112,46.002,46.437,45.352,46.437,9382,0
20101115,45.395,46.437,45.395,46.437,5878,0
20101116,45.309,45.309,45.049,45.135,1248,0
20101117,45.135,45.135,43.026,45.135,1971,0
20101118,46.263,46.263,44.31,45.439,914,0
20101119,46.176,46.263,44.918,46.263,718,0
20101122,45.959,46.263,45.439,46.263,489,0
20101123,44.571,46.263,44.571,46.263,30,0
20101124,44.701,46.698,44.701,46.698,1201,0
20101125,46.698,46.698,46.567,46.567,106,0
20101126,46.524,46.524,45.699,45.699,104,0
20101129,44.918,46.524,44.83,46.524,981,0
20101130,44.875,46.871,44.875,46.871,1954,0
20101201,46.871,46.871,45.829,46.698,3434,0
20101202,46.654,46.654,46.654,46.654,95,0
20101203,45.569,45.959,45.439,45.873,508,0
20101206,45.309,46.437,43.616,45.873,4720,0
20101207,45.873,46.784,44.875,46.784,114458,0
20101208,46.784,46.784,43.399,46.437,8093,0
20101209,46.394,46.394,45.049,46.394,2202,0
20101210,45.309,46.002,44.961,45.569,7036,0
20101213,45.482,45.786,44.484,45.786,2227,0
20101214,44.745,45.569,44.701,45.569,779,0
20101215,44.701,45.829,43.876,45.829,5293,0
20101216,44.788,45.439,44.788,45.222,23332,0
20101217,44.918,48.78,44.918,48.52,17150,0
20101220,48.607,48.607,46.914,47.739,8621,0
20101221,47.739,47.739,46.48,46.871,6601,0
20101222,45.569,46.871,45.569,46.871,673,0
20101223,46.871,47.262,46.09,46.958,2096,0
20101227,46.133,46.958,46.133,46.958,2349,0
20101228,46.958,46.958,46.958,46.958,345,0
20101229,47.218,47.218,47.218,47.218,230,0
20101230,47.218,47.739,47.218,47.696,141,0
20101231,47.696,52.382,46.871,52.382,34537,0
20110103,52.947,52.947,50.343,51.211,10995,0
20110104,51.124,51.124,50.994,51.037,4356,0
20110105,51.211,51.211,49.692,50.343,1073,0
20110107,49.823,49.823,49.474,49.474,388,0
20110110,47.305,48.65,47.305,48.607,991,0
20110111,48.52,48.52,46.394,46.871,1019,0
20110112,47.044,48.563,47.044,48.563,650,0
20110113,47.739,47.739,47.739,47.739,370,0
20110114,46.871,47.739,46.871,47.739,164,0
20110117,46.61,48.867,46.524,47.305,140573,0
20110118,46.437,49.562,46.437,49.474,8129,0
20110119,48.607,51.384,48.607,51.384,46766,0
20110120,50.126,51.124,49.952,49.952,335,0
20110121,49.952,52.079,49.604,51.298,2873,0
20110124,51.905,52.079,50.864,51.298,13907,0
20110125,50.516,51.905,50.343,51.861,484,0
20110126,52.036,52.079,51.298,52.079,4990,0
20110127,51.211,52.079,51.211,52.079,765,0
20110128,51.211,52.036,51.211,52.036,70,0
20110131,51.645,52.079,50.343,52.079,4085,0
20110201,52.513,55.55,52.513,54.248,3473,0
20110202,53.814,54.205,53.641,53.814,2138,0
20110203,53.814,53.814,52.947,53.814,977,0
20110204,53.814,53.814,52.947,52.947,461,0
20110207,52.817,52.947,52.686,52.903,535,0
20110208,52.296,52.296,52.252,52.252,115,0
20110209,52.947,52.947,52.947,52.947,2,0
20110210,51.861,52.773,51.818,52.513,222,0
20110211,53.337,54.074,51.861,53.814,6405,0
20110214,53.901,53.901,53.814,53.814,255,0
20110215,52.165,53.814,51.905,53.814,7435,0
20110216,53.814,53.814,52.252,52.513,23366,0
20110217,52.513,52.513,51.211,51.211,433,0
20110218,52.513,52.86,51.211,52.773,190,0
20110221,52.903,52.947,52.252,52.86,149,0
20110222,52.252,54.248,51.384,54.248,3941,0
20110223,52.122,53.814,52.122,53.294,800,0
20110224,52.165,53.337,52.165,52.209,189,0
20110225,52.947,52.947,52.079,52.079,50,0
20110301,52.947,53.814,51.818,51.818,237,0
20110302,51.124,51.949,51.124,51.949,29,0
20110303,51.124,52.686,51.124,52.686,41,0
20110304,51.472,52.86,51.472,52.86,409,0
20110307,52.86,52.86,51.905,51.905,669,0
20110308,51.949,52.079,50.343,52.079,292397,0
20110309,50.256,54.248,50.256,54.248,2537,0
20110310,52.252,52.947,51.949,51.949,5488,0
20110311,52.079,53.033,51.384,53.033,1304,0
20110315,51.732,53.033,51.732,53.033,604,0
20110316,52.99,53.294,51.818,53.294,580,0
20110317,54.248,54.248,54.248,54.248,1151,0
20110318,53.381,53.381,50.343,53.337,2304,0
20110321,52.947,53.337,52.947,53.337,23100,0
20110322,53.814,54.248,52.817,54.248,133,0
20110323,52.99,54.248,52.99,54.248,348,0
20110324,53.207,54.248,52.947,54.074,46613,0
20110325,53.207,54.162,53.207,54.162,235,0
20110328,53.294,54.074,53.294,54.074,523,0
20110329,53.207,53.814,52.425,53.814,303,0
20110330,53.814,53.814,52.86,53.814,180,0
20110331,52.947,53.381,52.947,52.947,1314,0
20110401,52.122,53.381,52.122,52.947,2279,0
20110404,51.037,53.814,51.037,53.814,322,0
20110405,53.901,53.901,53.901,53.901,461,0
20110406,53.814,53.814,52.599,52.729,73,0
20110407,52.644,53.901,52.296,52.644,159,0
20110408,52.556,53.858,52.556,52.729,4881,0
20110411,54.032,54.032,52.296,52.729,900,0
20110412,52.903,52.947,52.903,52.947,764,0
20110414,52.773,52.773,52.773,52.773,230,0
20110415,53.294,53.554,52.947,53.554,199,0
20110418,52.296,53.337,52.296,53.294,420,0
20110420,49.823,53.207,49.823,53.207,19,0
20110421,52.036,52.947,52.036,52.86,352,0
20110426,48.347,52.773,48.347,52.773,186,0
20110427,51.992,53.381,51.992,53.381,130,0
20110428,53.51,53.51,52.947,52.947,99082,0
20110429,52.773,53.424,52.773,53.424,295,0
20110502,53.814,53.814,52.469,52.469,64,0
20110504,53.814,53.814,52.425,52.513,23,0
20110506,52.513,52.513,52.513,52.513,1533,0
20110509,53.814,53.814,52.903,53.772,15444,0
20110510,52.382,52.382,52.382,52.382,1,0
20110511,52.947,52.947,52.599,52.947,118565,0
20110512,52.947,52.947,52.947,52.947,11,0
20110516,52.947,52.947,52.947,52.947,5,0
20110517,52.947,52.947,52.947,52.947,115,0
20110523,52.903,52.903,50.82,52.903,168,0
20110524,50.864,52.903,50.82,50.82,21,0
20110525,50.82,51.211,50.82,50.907,6,0
20110526,50.82,50.82,50.82,50.82,1,0
20110527,52.079,52.079,52.079,52.079,11,0
20110530,51.211,52.079,50.864,50.864,19401,0
20110531,51.037,52.079,51.037,52.079,133,0
20110602,51.992,51.992,51.992,51.992,568,0
20110603,51.949,51.949,51.905,51.905,478,0
20110606,51.211,51.905,50.691,51.905,540,0
20110608,50.82,50.82,50.82,50.82,37,0
20110610,50.776,50.776,50.776,50.776,46,0
20110613,50.776,51.905,50.343,51.905,1231,0
20110614,51.124,52.079,51.124,52.079,380,0
20110616,52.079,52.079,50.776,52.079,853,0
20110617,52.036,52.036,52.036,52.036,73,0
20110621,51.905,51.905,51.905,51.905,21,0
20110624,51.428,51.428,50.82,50.82,23,0
20110627,50.733,51.211,50.299,51.211,348,0
20110628,51.211,51.211,50.733,50.733,203,0
20110629,51.341,51.341,51.341,51.341,193,0
20110630,50.776,51.905,49.562,51.905,2594,0
20110704,50.343,50.691,49.952,49.952,717,0
20110705,49.735,50.169,49.735,50.169,697,0
20110706,49.171,49.171,48.043,48.043,511,0
20110707,48.043,48.043,48.043,48.043,11,0
20110708,48,48,47.305,47.305,595,0
20110711,47.955,47.955,47.955,47.955,7,0
20110712,46.09,47.955,46.09,47.955,72,0
20110714,46.437,48,44.745,46.437,714,0
20110715,46.48,46.48,46.437,46.437,47,0
20110718,48.129,48.129,48.129,48.129,5,0
20110719,48.129,49.388,48.129,49.388,241,0
20110720,46.437,48.694,46.437,48.694,89,0
20110721,46.958,49.215,46.871,49.215,404,0
20110722,44.353,49.215,44.353,48.434,301,0
20110725,47.001,48.52,47.001,48.52,14,0
20110726,46.914,48,46.914,47.955,6,0
20110727,48.694,48.694,46.741,48.347,54,0
20110728,48.607,48.607,48.607,48.607,3,0
20110729,48.78,49.258,46.437,48.607,1512,0
20110801,49.041,49.041,49.041,49.041,57,0
20110803,47.825,48.607,47.825,48.607,553,0
20110804,48.129,48.303,45.569,48.303,2611,0
20110805,47.131,47.131,43.66,47.044,1164,0
20110808,46.437,46.437,43.008,44.614,716,0
20110809,42.105,42.105,41.143,42.097,831,0
20110810,41.238,41.967,41.238,41.663,165,0
20110811,41.654,41.663,41.654,41.663,626,0
20110812,46.437,46.437,45.005,45.005,130,0
20110816,45.049,45.049,43.39,43.39,616,0
20110817,41.75,42.079,40.43,42.079,725,0
20110818,40.795,40.795,39.232,39.927,1645,0
20110819,38.642,39.059,38.191,39.059,2342,0
20110822,37.323,37.341,36.889,36.889,581,0
20110823,37.809,37.809,36.889,36.889,3,0
20110824,37.323,37.583,36.889,37.323,180,0
20110825,36.455,37.323,36.455,37.323,21,0
20110826,37.583,37.583,36.038,37.323,34,0
20110830,36.967,36.967,35.692,35.692,21,0
20110831,36.906,36.906,35.587,36.889,3417,0
20110901,35.77,35.77,35.77,35.77,23,0
20110902,35.787,36.447,35.596,36.447,134,0
20110905,35.674,36.369,34.754,34.754,92,0
20110906,34.719,34.719,32.557,34.677,883,0
20110907,35.986,35.986,35.986,35.986,11,0
20110909,35.118,35.118,35.118,35.118,57,0
20110912,33.018,36.238,32.593,36.238,1269,0
20110913,33.504,35.084,33.504,33.548,338,0
20110914,34.172,36.681,34.146,35.821,259,0
20110915,36.385,36.455,34.719,34.719,260,0
20110916,34.025,35.578,34.025,35.578,14,0
20110919,32.992,34.677,32.992,34.677,189,0
20110920,33.035,35.587,33.035,35.587,289,0
20110921,33.86,37.323,33.86,37.323,2075,0
20110922,35.587,35.587,32.549,32.549,5402,0
20110923,32.593,32.983,30.388,32.072,1906,0
20110926,30.388,34.719,30.388,34.285,1083,0
20110927,34.632,34.632,34.632,34.632,199,0
20110930,34.719,36.437,33.417,33.417,12560,0
20111006,33.426,33.851,32.983,33.851,617,0
20111011,33.851,33.851,31.542,33.59,466,0
20111012,33.765,33.765,31.863,33.07,6,0
20111013,30.379,33.044,30.379,31.681,29,0
20111014,31.248,33.721,31.248,33.721,124,0
20111017,33.851,34.268,33.851,34.19,251,0
20111018,34.154,34.154,34.154,34.154,115,0
20111020,30.813,33.851,30.813,33.851,120,0
20111021,34.112,34.112,34.112,34.112,1,0
20111024,33.851,34.095,33.851,34.095,42,0
20111025,31.595,33.842,31.595,32.029,68,0
20111026,33.842,33.842,32.324,32.324,25,0
20111027,31.629,34.112,31.629,34.112,36,0
20111028,31.951,33.556,31.951,33.556,238,0
20111031,31.681,34.719,31.681,34.719,2938,0
20111102,31.951,34.458,31.951,34.458,2,0
20111103,32.297,33.479,32.245,32.809,384,0
20111104,32.914,32.983,31.716,32.983,601,0
20111107,34.71,34.71,33.244,34.103,9,0
20111108,34.632,34.632,34.632,34.632,1,0
20111110,33.851,33.851,31.281,33.851,6,0
20111114,31.248,33.33,31.248,32.949,592,0
20111115,33.851,33.851,31.248,31.941,600,0
20111116,28.965,32.888,28.965,32.888,32,0
20111117,30.388,32.888,30.388,32.888,432,0
20111118,29.98,33.59,29.98,33.59,2,0
20111122,30.423,33.59,30.423,33.59,2,0
20111123,33.59,33.59,30.553,32.116,907,0
20111124,32.897,32.897,30.302,32.549,11,0
20111125,30.31,32.897,30.31,32.897,2,0
20111128,30.302,32.801,30.302,32.801,1837,0
20111129,30.302,33.938,30.302,33.938,376,0
20111130,30.848,33.999,30.848,33.999,116,0
20111202,33.938,33.938,33.938,33.938,33,0
20111205,33.938,33.938,33.938,33.938,11,0
20111206,33.765,33.765,33.765,33.765,57,0
20111207,33.791,33.791,30.414,30.813,372,0
20111208,31.248,32.116,31.248,32.116,109,0
20111209,33.851,33.851,33.851,33.851,4,0
20111212,31.281,33.365,31.281,32.116,260,0
20111213,32.809,32.809,31.248,32.376,9,0
20111214,32.983,32.983,31.169,32.766,83,0
20111215,29.955,32.983,29.955,32.983,9,0
20111216,33.851,33.851,32.983,32.983,2,0
20111219,32.505,32.505,32.505,32.505,11,0
20111220,30.154,32.505,30.154,32.505,20,0
20111222,32.505,32.505,32.505,32.505,1,0
20111227,32.505,32.505,32.505,32.505,1025,0
20111228,31.69,31.69,31.69,31.69,60,0
20111229,32.376,33.851,32.116,32.116,697,0
20120102,33.851,33.851,30.727,31.16,176,0
20120103,32.367,32.367,32.358,32.358,6,0
20120104,32.549,32.549,32.462,32.479,134,0
20120109,30.57,31.889,30.553,31.889,236,0
20120110,32.497,32.497,32.497,32.497,5,0
20120113,32.541,32.541,32.541,32.541,2,0
20120117,32.975,32.975,30.379,30.379,6,0
20120118,32.446,32.446,30.822,30.822,4,0
20120119,30.379,32.724,30.379,32.724,62,0
20120126,32.497,32.497,32.489,32.489,6,0
20120127,32.454,32.454,32.454,32.454,11,0
20120130,32.436,32.627,32.436,32.627,2,0
20120131,32.546,32.629,32.546,32.629,137,0
20120201,32.966,32.966,32.966,32.966,3,0
20120202,32.116,36.238,32.116,33.808,122,0
20120203,33.4,33.4,32.315,32.983,115,0
20120206,33.018,37.323,33.018,37.323,28822,0
20120207,37.279,37.323,36.455,37.323,47,0
20120208,37.228,37.228,37.228,37.228,1,0
20120210,33.512,37.202,33.512,37.176,279,0
20120216,36.889,36.889,36.889,36.889,5,0
20120217,36.889,36.889,35.24,36.889,124,0
20120220,36.88,36.889,36.542,36.889,62,0
20120221,36.88,36.88,36.88,36.88,29,0
20120222,36.889,36.889,36.889,36.889,5,0
20120228,36.803,36.803,35.587,35.587,119,0
20120229,36.846,36.846,36.846,36.846,93,0
20120301,36.62,36.846,36.62,36.846,2,0
20120302,36.411,36.411,35.587,35.587,68,0
20120305,36.542,36.542,33.417,35.231,734,0
20120306,35.179,35.179,35.179,35.179,2,0
20120307,33.851,34.71,33.851,34.71,164,0
20120308,34.719,34.719,32.983,34.719,9,0
20120309,34.719,34.719,34.719,34.719,1,0
20120312,35.934,35.934,35.934,35.934,1,0
20120314,35.543,35.934,35.543,35.587,1084,0
20120315,34.719,34.719,33.156,33.765,1507,0
20120316,33.834,33.851,32.42,33.851,798,0
20120319,34.242,34.242,32.116,33.851,76,0
20120320,34.172,34.172,34.172,34.172,5,0
20120328,32.549,34.138,32.549,34.138,2,0
20120330,33.852,34.111,33.852,34.111,4,0
20120402,34.233,34.233,34.172,34.172,277,0
20120412,33.929,33.929,33.929,33.929,1,0
20120413,32.549,34.172,32.549,34.172,49,0
20120419,32.42,33.842,32.202,33.816,81,0
20120420,32.393,33.964,30.987,32.983,516,0
20120423,32.098,32.098,32.098,32.098,184,0
20120430,31.684,31.684,29.6,29.6,2306,0
20120502,31.941,33.07,29.641,29.641,398,0
20120504,32.376,32.549,29.599,32.549,64,0
20120507,32.462,32.462,32.029,32.029,4,0
20120508,31.76,31.76,31.76,31.76,2,0
20120509,31.464,31.464,29.599,29.599,95,0
20120510,29.511,29.511,29.425,29.425,432,0
20120511,29.503,29.503,29.329,29.329,149,0
20120514,30.336,30.336,29.485,29.485,7,0
20120515,29.425,29.425,29.338,29.338,7,0
20120516,29.295,29.295,29.295,29.295,3,0
20120517,28.705,28.705,28.705,28.705,2,0
20120518,28.427,28.427,28.365,28.365,4,0
20120521,28.305,28.305,26.039,27.757,2890,0
20120522,27.776,28.417,27.776,28.391,32,0
20120523,28.375,28.375,25.606,28.365,137,0
20120524,28.357,28.357,28.253,28.253,4,0
20120525,28.253,28.253,28.253,28.253,4,0
20120528,28.253,28.253,28.235,28.235,4,0
20120529,28.244,28.244,28.244,28.244,4,0
20120530,28.244,28.244,26.907,28.227,18,0
20120531,28.229,28.229,28.229,28.229,4,0
20120601,28.209,28.209,28.209,28.209,4,0
20120604,28.209,28.209,28.209,28.209,4,0
20120605,27.339,27.339,25.217,27.339,579,0
20120606,26.63,27.602,26.63,27.298,5,0
20120608,27.255,27.255,26.039,27.142,38,0
20120611,28.166,28.166,28.156,28.166,28,0
20120612,28.192,28.192,25.606,25.761,267,0
20120613,25.761,27.342,25.761,27.342,16,0
20120614,27.298,27.298,27.298,27.298,4,0
20120615,27.298,27.298,27.298,27.298,2,0
20120618,28.166,28.166,27.819,27.819,3,0
20120619,27.992,28.123,27.776,28.123,205,0
20120620,28.123,28.123,28.123,28.123,31,0
20120621,28.123,28.123,26.082,28.08,348,0
20120622,27.905,27.905,25.363,27.731,51,0
20120625,27.731,27.905,25.171,25.606,487,0
20120626,27.636,27.636,25.171,27.515,154,0
20120627,27.515,27.731,26.039,27.724,178,0
20120628,27.715,27.715,25.944,25.944,4,0
20120629,26.032,27.691,25.94,25.94,2241,0
20120702,26.039,26.039,25.171,25.171,262,0
20120703,25.606,26.042,25.606,26.042,4,0
20120704,26.042,26.042,26.042,26.042,4,0
20120705,26.032,26.032,26.032,26.032,4,0
20120706,26.032,26.032,25.949,25.949,83,0
20120709,27.646,27.646,23.947,25.119,149,0
20120710,25.129,25.129,23.887,23.921,138,0
20120711,25.085,25.953,25.085,25.909,57,0
20120712,25.987,26.039,25.909,26.039,119,0
20120713,25.866,26.042,25.866,26.042,5,0
20120716,25.866,26.042,25.866,26.042,6,0
20120717,26.042,26.042,26.042,26.042,4,0
20120718,26.042,26.042,26.042,26.042,41,0
20120719,26.042,26.042,25.523,26.032,126,0
20120720,26.042,26.042,26.042,26.042,183,0
20120723,26.042,27.691,26.042,27.515,426,0
20120724,28.71,28.71,27.793,27.793,4,0
20120725,29.46,29.46,27.7,28.58,438,0
20120726,28.525,28.525,28.256,28.525,84,0
20120727,28.441,28.441,27.793,28.432,112,0
20120730,28.441,28.441,26.866,28.413,24,0
20120731,29.46,29.46,29.46,29.46,2,0
20120801,28.617,28.617,28.441,28.441,4,0
20120802,28.256,28.256,28.256,28.256,2,0
20120803,28.247,28.247,27.765,27.765,4,0
20120806,28.617,28.617,27.783,27.783,4,0
20120807,28.71,28.71,28.58,28.58,4,0
20120808,28.664,28.664,28.589,28.589,4,0
20120809,28.617,28.617,28.145,28.145,4,0
20120810,28.071,28.071,28.071,28.071,2,0
20120813,28.701,28.701,25.949,25.949,8,0
20120814,28.247,28.247,28.209,28.209,24,0
20120816,27.793,27.793,25.94,27.7,175,0
20120817,27.765,27.765,27.144,27.673,33,0
20120820,27.654,27.654,27.607,27.607,4,0
20120821,28.515,28.515,27.793,27.793,4,0
20120822,27.765,27.765,25.477,27.283,686,0
20120823,27.497,27.497,25.477,25.477,24,0
20120824,26.404,26.672,26.404,26.672,4,0
20120827,26.672,26.672,25.755,25.755,110,0
20120828,27.005,27.005,27.005,27.005,2,0
20120829,26.848,27.005,25.013,27.005,805,0
20120830,27.7,27.7,25.431,25.588,262,0
20120831,27.561,27.561,25.569,25.569,4,0
20120903,26.126,26.126,25.894,25.894,4,0
20120904,25.894,25.894,25.477,25.801,16,0
20120905,25.569,25.569,24.643,24.643,140,0
20120906,25.912,25.912,24.087,25.894,72,0
20120907,25.829,25.829,25.792,25.792,184,0
20120910,25.884,25.894,25.884,25.894,4,0
20120911,25.884,25.884,24.087,24.087,36,0
20120912,25.894,25.894,25.875,25.875,4,0
20120913,25.884,25.894,25.884,25.894,4,0
20120914,25.894,25.894,25.894,25.894,4,0
20120917,25.894,25.894,25.894,25.894,4,0
20120918,25.894,25.894,25.894,25.894,4,0
20120919,25.894,25.894,25.894,25.894,4,0
20120920,25.894,25.894,25.894,25.894,4,0
20120921,25.894,25.894,25.894,25.894,4,0
20120924,25.894,25.894,25.894,25.894,1,0
20120925,25.884,25.884,24.087,24.087,183,0
20120926,25.848,25.848,25.848,25.848,1,0
20120927,25.671,25.671,25.671,25.671,1,0
20120928,25.569,25.569,25.569,25.569,1,0
20121001,25.477,25.616,24.087,25.569,186,0
20121002,25.848,25.848,25.662,25.662,4,0
20121003,25.848,25.848,25.848,25.848,4,0
20121004,25.848,25.848,25.848,25.848,4,0
20121005,25.848,25.848,25.848,25.848,12,0
20121008,25.838,25.838,25.838,25.838,2,0
20121009,25.848,25.848,25.848,25.848,2,0
20121010,26.255,26.255,26.255,26.255,2,0
20121011,25.653,25.653,25.653,25.653,2,0
20121012,25.894,25.894,25.894,25.894,2,0
20121015,25.792,25.792,23.624,25.708,241,0
20121016,25.653,25.653,25.653,25.653,2,0
20121017,25.56,25.56,25.56,25.56,10,0
20121018,25.829,25.829,24.273,25.347,298,0
20121019,25.736,25.736,25.477,25.477,2,0
20121022,25.662,25.662,25.662,25.662,1,0
20121023,25.606,25.606,25.606,25.606,2,0
20121024,25.477,25.477,25.477,25.477,1,0
20121025,24.958,24.958,24.829,24.829,2,0
20121026,24.735,24.735,24.735,24.735,2,0
20121029,24.958,24.958,24.958,24.958,1,0
20121030,24.939,24.939,24.735,24.735,2,0
20121031,24.958,24.958,22.466,24.809,577,0
20121102,24.541,24.541,24.541,24.541,1,0
20121105,24.457,24.457,24.457,24.457,2,0
20121106,24.087,24.087,24.087,24.087,1,0
20121107,24.087,24.087,24.087,24.087,1,0
20121108,24.041,24.041,24.041,24.041,1,0
20121109,24.078,24.078,24.078,24.078,1,0
20121112,23.995,23.995,23.985,23.985,2,0
20121113,23.902,23.995,23.902,23.995,2,0
20121114,23.995,23.995,23.995,23.995,1,0
20121115,23.995,23.995,23.995,23.995,2,0
20121116,23.995,23.995,23.995,23.995,2,0
20121119,23.995,23.995,23.995,23.995,1,0
20121120,23.985,23.985,23.985,23.985,1,0
20121121,23.16,23.16,23.16,23.16,5,0
20121122,23.16,23.16,23.16,23.16,2,0
20121123,23.16,23.16,23.16,23.16,2,0
20121126,23.16,23.16,23.16,23.16,6,0
20121127,23.16,23.16,23.16,23.16,12,0
20121128,23.16,23.16,23.16,23.16,12,0
20121129,23.16,23.16,23.16,23.16,2,0
20121130,23.16,23.16,21.493,23.16,191,0
20121203,23.16,23.16,23.16,23.16,12,0
20121204,23.16,23.16,23.068,23.068,2,0
20121205,23.068,23.068,21.863,23.058,125,0
20121206,23.058,23.058,21.585,22.698,21,0
20121207,22.698,22.698,22.688,22.688,12,0
20121210,22.688,22.688,22.67,22.67,57,0
20121211,22.679,22.679,22.632,22.632,25,0
20121212,22.632,22.632,22.596,22.596,12,0
20121213,22.596,22.596,22.596,22.596,12,0
20121214,22.596,22.596,22.596,22.596,12,0
20121217,22.642,22.642,22.642,22.642,12,0
20121218,22.642,22.642,22.605,22.605,121,0
20121219,22.605,22.605,22.605,22.605,12,0
20121220,22.605,22.605,22.605,22.605,11,0
20121221,22.605,22.605,22.605,22.605,12,0
20121227,23.05,23.05,23.05,23.05,1,0
20121228,23.022,23.022,23.022,23.022,23,0
20130102,22.976,22.976,22.882,22.882,174,0
20130103,22.882,22.882,22.234,22.864,23,0
20130104,22.864,23.624,22.864,23.624,1092,0
20130107,24.875,24.875,24.865,24.865,12,0
20130108,24.865,24.865,24.819,24.819,10,0
20130109,24.819,24.819,24.819,24.819,2,0
20130110,24.819,24.819,24.819,24.819,23,0
20130111,24.633,24.819,24.633,24.819,12,0
20130114,24.735,24.735,24.551,24.727,40,0
20130115,24.727,24.727,24.717,24.717,2,0
20130116,24.717,24.717,24.661,24.661,12,0
20130117,24.661,25.005,24.661,25.005,19,0
20130118,25.005,25.477,25.005,25.477,11,0
20130121,25.477,25.662,25.477,25.662,4,0
20130122,25.662,25.848,25.662,25.848,4,0
20130123,26.774,26.774,26.681,26.681,2,0
20130124,26.681,27.024,26.681,27.024,87,0
20130125,27.024,27.024,26.866,26.866,56,0
20130128,26.959,26.959,26.959,26.959,12,0
20130129,26.876,26.876,26.876,26.876,12,0
20130130,26.876,26.959,26.876,26.959,9,0
20130131,26.959,26.959,26.959,26.959,12,0
20130201,26.959,27.024,26.959,27.024,24,0
20130204,27.024,27.024,27.024,27.024,11,0
20130205,27.024,27.024,27.024,27.024,1,0
20130206,27.024,27.024,27.024,27.024,2,0
20130207,27.024,27.024,27.015,27.015,2,0
20130208,27.015,27.015,27.015,27.015,2,0
20130211,27.015,27.015,26.764,26.764,2,0
20130212,25.94,26.764,25.94,26.764,3,0
20130213,26.764,26.764,26.764,26.764,2,0
20130214,26.764,26.764,26.764,26.764,2,0
20130215,26.764,26.764,25.013,26.764,10,0
20130218,26.764,26.764,24.254,24.254,23,0
20130219,26.404,26.404,26.394,26.394,2,0
20130220,27.793,27.793,27.607,27.607,127,0
20130221,27.607,27.607,27.33,27.33,179,0
20130222,27.793,27.793,27.793,27.793,2,0
20130225,27.793,27.793,27.793,27.793,2,0
20130226,27.793,27.793,27.793,27.793,2,0
20130227,27.793,27.793,27.793,27.793,2,0
20130228,27.783,27.783,27.775,27.775,2,0
20130301,26.042,27.765,26.042,27.765,4,0
20130304,27.793,27.793,27.793,27.793,2,0
20130305,27.793,27.793,27.775,27.775,2,0
20130306,27.793,27.793,27.747,27.747,2,0
20130307,27.7,27.7,27.33,27.33,2,0
20130308,27.7,27.7,27.654,27.654,2,0
20130311,27.654,27.654,27.654,27.654,2,0
20130312,27.654,27.654,24.893,27.561,255,0
20130313,27.561,27.561,27.283,27.283,2,0
20130314,27.33,27.33,24.755,27.33,1273,0
20130315,27.33,27.33,25.662,26.356,95,0
20130318,26.866,26.866,26.774,26.774,27,0
20130319,26.866,26.866,26.866,26.866,2,0
20130320,26.866,26.866,26.866,26.866,2,0
20130321,26.866,26.866,26.866,26.866,1,0
20130322,26.866,26.866,26.866,26.866,2,0
20130325,26.866,26.866,26.866,26.866,2,0
20130326,26.866,26.866,26.404,26.404,2,0
20130327,26.866,26.866,25.013,26.626,86,0
20130328,26.866,26.866,24.875,25.662,484,0
20130402,26.356,26.356,26.356,26.356,1,0
20130403,26.542,26.542,26.542,26.542,1,0
20130404,25.884,25.884,25.884,25.884,1,0
20130405,25.848,25.848,25.848,25.848,1,0
20130408,25.801,26.079,25.801,26.079,2,0
20130409,26.024,26.024,25.848,25.848,2,0
20130410,25.829,25.829,25.829,25.829,2,0
20130411,26.588,26.588,26.44,26.44,2,0
20130412,26.394,26.394,25.746,25.746,2,0
20130415,26.394,26.394,25.848,25.848,2,0
20130417,25.848,25.848,25.013,25.013,2,0
20130418,25.746,25.884,25.746,25.884,2,0
20130419,25.884,25.884,24.087,25.884,6,0
20130422,25.866,25.866,25.801,25.801,2,0
20130423,25.616,25.616,25.569,25.569,2,0
20130424,25.884,25.884,25.569,25.569,2,0
20130425,25.569,25.616,25.569,25.616,2,0
20130426,25.634,25.634,25.616,25.616,2,0
20130429,26.302,26.302,26.302,26.302,1,0
20130430,26.255,26.255,26.172,26.172,2,0
20130502,26.126,26.172,26.126,26.172,2,0
20130506,26.172,26.172,25.94,26.172,12,0
20130507,26.172,26.172,26.172,26.172,2,0
20130508,26.172,26.172,26.172,26.172,2,0
20130509,26.172,26.172,26.172,26.172,2,0
20130510,26.172,26.172,26.172,26.172,2,0
20130513,26.024,26.032,26.024,26.032,2,0
20130514,26.032,26.032,26.032,26.032,2,0
20130515,26.032,26.032,26.032,26.032,2,0
20130516,26.032,26.032,26.032,26.032,2,0
20130517,26.032,26.032,26.032,26.032,2,0
20130520,26.032,26.032,26.032,26.032,2,0
20130521,26.032,26.032,26.032,26.032,2,0
20130522,26.032,26.032,26.032,26.032,2,0
20130523,26.032,26.032,26.032,26.032,1,0
20130524,26.032,26.032,26.032,26.032,2,0
20130527,26.032,26.032,25.958,25.958,2,0
20130528,25.958,25.958,25.94,25.94,2,0
20130529,25.94,25.94,25.94,25.94,2,0
20130531,25.94,25.94,25.94,25.94,2,0
20130603,25.94,25.94,25.94,25.94,2,0
20130604,25.94,25.94,25.931,25.931,2,0
20130605,25.931,26.218,25.931,26.218,326,0
20130606,26.208,26.208,26.208,26.208,2,0
20130607,26.208,26.208,26.208,26.208,2,0
20130610,26.208,26.208,26.079,26.079,2,0
20130611,26.208,26.208,26.126,26.126,2,0
20130612,26.126,26.126,26.126,26.126,2,0
20130613,26.126,26.126,26.126,26.126,2,0
20130614,26.126,26.126,26.126,26.126,2,0
20130617,26.126,26.126,26.126,26.126,2,0
20130618,26.126,26.126,26.126,26.126,2,0
20130619,26.126,26.126,26.126,26.126,2,0
20130620,26.126,26.126,26.126,26.126,2,0
20130621,26.126,26.126,26.126,26.126,2,0
20130624,26.126,26.126,26.126,26.126,2,0
20130625,26.126,26.126,26.126,26.126,2,0
20130626,26.116,26.116,26.116,26.116,1,0
20130627,26.116,26.116,26.079,26.079,2,0
20130628,26.079,26.079,26.07,26.07,2,0
20130701,26.07,26.07,26.07,26.07,2,0
20130702,26.07,26.07,26.07,26.07,2,0
20130703,26.07,26.07,26.07,26.07,2,0
20130704,26.07,26.07,26.07,26.07,2,0
20130705,26.07,26.07,26.07,26.07,2,0
20130708,26.07,26.07,26.07,26.07,1,0
20130709,25.94,25.94,25.94,25.94,2,0
20130710,25.94,25.94,25.94,25.94,2,0
20130711,25.94,25.94,25.94,25.94,2,0
20130712,25.931,25.931,25.931,25.931,1,0
20130715,25.838,25.838,25.838,25.838,1,0
20130716,25.662,25.662,25.662,25.662,1,0
20130717,25.662,25.662,25.662,25.662,1,0
20130718,25.653,25.653,25.653,25.653,1,0
20130719,25.606,25.606,25.606,25.606,1,0
20130722,25.523,25.523,22.976,25.523,253,0
20130723,26.07,26.07,26.07,26.07,1,0
20130724,26.07,26.07,26.07,26.07,1,0
20130725,26.07,26.07,26.07,26.07,1,0
20130726,26.07,26.07,26.07,26.07,1,0
20130729,26.032,26.032,26.032,26.032,2,0
20130730,26.024,26.024,26.024,26.024,2,0
20130731,26.024,26.024,26.024,26.024,2,0
20130801,26.024,26.024,26.024,26.024,2,0
20130802,26.024,26.024,26.024,26.024,2,0
20130805,26.024,26.024,26.024,26.024,2,0
20130806,26.024,26.024,26.024,26.024,2,0
20130807,26.024,26.024,26.024,26.024,2,0
20130808,26.024,26.024,26.024,26.024,2,0
20130809,26.024,26.024,26.024,26.024,12,0
20130812,26.024,26.024,25.023,26.014,30,0
20130813,26.005,26.005,25.977,25.977,2,0
20130814,25.977,25.977,25.977,25.977,2,0
20130816,25.977,25.977,25.977,25.977,2,0
20130819,25.958,25.958,23.457,24.541,106,0
20130820,25.922,25.922,25.875,25.875,2,0
20130821,25.875,25.875,25.875,25.875,33,0
20130822,25.894,25.894,25.894,25.894,2,0
20130823,25.866,25.866,25.848,25.848,2,0
20130826,25.986,26.032,25.977,26.024,337,0
20130827,25.94,25.94,25.94,25.94,3,0
20130828,26.032,26.032,23.948,25.884,166,0
20130829,25.884,25.884,25.884,25.884,2,0
20130830,25.884,25.884,25.884,25.884,2,0
20130902,25.884,25.884,25.884,25.884,2,0
20130903,25.884,25.884,25.884,25.884,2,0
20130904,25.884,25.884,23.392,25.884,230,0
20130905,25.884,25.884,25.856,25.856,2,0
20130906,25.856,25.856,25.838,25.838,2,0
20130909,25.838,25.838,25.838,25.838,2,0
20130910,25.838,25.838,25.782,25.782,2,0
20130911,25.782,25.782,25.736,25.736,2,0
20130912,25.931,25.94,25.922,25.922,129,0
20130913,26.032,26.032,26.024,26.024,12,0
20130916,26.032,26.032,24.551,24.551,2,0
20130917,24.551,24.551,24.551,24.551,245,0
20130918,24.551,24.551,23.16,23.16,339,0
20130919,24.226,24.393,22.976,24.309,257,0
20130920,24.337,24.337,24.059,24.059,2,0
20130923,24.05,24.457,24.05,24.059,64,0
20130924,24.087,24.087,24.087,24.087,2,0
20130925,24.087,24.087,21.771,24.069,289,0
20130926,23.791,23.791,23.791,23.791,217,0
20130927,24.078,24.087,24.078,24.087,110,0
20130930,24.087,25.94,24.087,25.94,1550,0
20131001,25.94,25.94,25.94,25.94,1,0
20131002,25.94,25.94,25.384,25.94,56,0
20131003,25.94,25.94,25.931,25.931,2,0
20131004,25.931,25.931,25.931,25.931,1,0
20131007,25.931,25.931,25.931,25.931,2,0
20131008,25.931,25.931,25.755,25.755,2,0
20131009,25.755,25.755,25.755,25.755,2,0
20131010,25.755,25.755,25.755,25.755,2,0
20131011,25.755,28.256,25.755,25.755,2528,0
20131014,25.755,25.755,25.755,25.755,2,0
20131015,25.755,27.885,25.755,27.885,217,0
20131016,27.83,27.83,26.866,27.793,29,0
20131017,27.747,27.747,26.857,26.857,2,0
20131018,26.857,26.857,25.115,26.857,112261,0
20131021,26.857,26.857,26.857,26.857,2,0
20131022,26.857,27.747,26.857,27.747,621,0
20131023,26.913,27.747,26.913,27.747,16,0
20131024,27.747,27.747,27.7,27.747,110,0
20131025,27.793,27.793,27.7,27.747,30,0
20131028,27.793,27.793,26.866,26.866,61,0
20131029,27.793,29.553,27.793,29.553,201,0
20131030,29.506,29.506,26.876,28.497,14860,0
20131031,27.793,28.719,26.931,28.719,6483,0
20131104,29.182,29.182,27.793,27.793,109,0
20131105,28.719,28.719,28.719,28.719,1,0
20131106,28.719,28.719,28.719,28.719,1,0
20131107,28.719,28.719,28.719,28.719,1,0
20131108,28.691,28.691,27.154,28.682,5,0
20131112,28.719,28.719,27.793,28.71,149,0
20131113,28.719,28.719,26.94,28.71,553,0
20131114,28.719,28.719,26.978,27.144,590,0
20131115,28.719,28.719,27.191,27.191,2,0
20131118,28.71,28.71,28.256,28.256,2,0
20131119,28.71,28.719,28.627,28.719,326,0
20131120,28.719,28.719,27.126,28.534,77,0
20131121,27.052,27.209,27.052,27.181,78,0
20131122,28.719,28.719,28.701,28.701,349,0
20131125,28.719,28.719,28.701,28.701,2,0
20131126,28.719,28.719,28.719,28.719,2,0
20131127,28.256,28.719,28.256,28.719,31,0
20131128,28.719,28.719,28.719,28.719,2,0
20131129,28.719,28.719,28.719,28.719,2,0
20131202,28.719,28.719,26.866,26.866,2,0
20131203,28.719,28.719,25.848,25.848,3,0
20131204,28.256,28.256,25.431,25.431,4,0
20131205,25.431,27.7,25.431,27.7,2,0
20131206,27.7,27.7,27.7,27.7,2,0
20131209,27.7,27.7,25.569,27.33,977,0
20131210,27.33,27.7,25.94,27.7,133,0
20131211,27.7,27.7,27.293,27.293,2,0
20131212,27.293,27.293,24.643,25.681,7519,0
20131213,27.283,27.283,24.18,24.18,700,0
20131216,24.133,24.133,24.078,24.078,650,0
20131217,24.078,24.087,23.16,24.078,6763,0
20131218,24.087,24.087,22.698,22.698,60191,0
20131219,24.921,24.921,21.595,21.595,21,0
20131220,22.234,24.087,21.781,24.087,261,0
20131223,25.94,26.31,24.735,26.31,631,0
20131227,26.31,26.31,26.31,26.31,1,0
20131230,25.94,25.94,25.94,25.94,66,0
20140102,27.673,27.673,25.477,25.477,5,0
20140103,27.237,27.237,24.653,24.653,46,0
20140107,24.152,26.31,24.115,26.31,21,0
20140108,26.31,26.866,24.124,26.755,10,0
20140109,26.746,26.746,24.087,26.681,327,0
20140110,26.736,26.866,25.013,26.866,1159,0
20140113,26.866,26.866,26.866,26.866,2,0
20140114,26.857,26.857,25.013,26.838,28,0
20140115,26.838,26.838,26.838,26.838,2,0
20140116,26.838,26.838,26.83,26.83,2,0
20140117,26.82,26.82,26.82,26.82,2,0
20140120,26.82,26.82,26.802,26.802,24,0
20140121,26.802,26.802,26.404,26.404,24,0
20140122,26.394,26.394,26.394,26.394,2,0
20140123,26.394,26.394,26.394,26.394,2,0
20140124,26.394,26.394,26.394,26.394,1,0
20140127,26.394,26.404,26.394,26.404,153,0
20140128,26.404,26.404,26.404,26.404,1,0
20140129,26.404,26.404,26.384,26.384,2,0
20140130,26.384,26.384,26.384,26.384,2,0
20140131,26.404,26.681,25.013,26.662,1665,0
20140203,27.404,27.404,27.395,27.395,2,0
20140204,27.395,27.395,27.052,27.052,2,0
20140205,27.052,27.052,26.774,26.774,2,0
20140206,26.774,27.376,26.774,27.376,1081,0
20140207,27.376,27.376,26.755,26.755,2,0
20140210,26.755,26.755,26.755,26.755,2,0
20140211,26.755,26.755,26.755,26.755,2,0
20140212,26.755,26.755,26.746,26.746,2,0
20140213,26.746,26.746,26.746,26.746,2,0
20140214,26.736,26.736,26.736,26.736,2,0
20140217,26.728,26.728,26.728,26.728,1,0
20140218,26.7,26.728,26.7,26.728,2,0
20140219,26.7,26.728,26.7,26.728,2,0
20140220,26.7,26.709,26.7,26.709,2,0
20140221,26.709,26.709,26.709,26.709,2,0
20140224,26.709,26.709,26.7,26.7,2,0
20140225,26.7,26.7,26.7,26.7,2,0
20140226,26.69,26.69,26.69,26.69,2,0
20140227,26.681,26.681,26.681,26.681,1,0
20140228,26.672,26.672,26.672,26.672,1,0
20140303,26.654,26.654,25.013,25.477,107,0
20140304,26.634,26.634,26.634,26.634,3,0
20140305,26.616,26.616,26.588,26.588,2,0
20140306,26.626,26.626,26.626,26.626,1,0
20140307,26.607,26.607,26.56,26.56,2,0
20140310,26.542,26.542,26.514,26.514,2,0
20140311,26.45,26.496,26.45,26.496,2,0
20140312,26.486,26.486,26.356,26.356,2,0
20140313,26.394,26.394,24.087,25.931,264,0
20140314,25.922,25.922,25.746,25.746,2,0
20140317,25.727,25.727,23.254,23.54,1314,0
20140318,25.727,25.727,23.207,24.18,1928,0
20140319,25.727,25.727,25.708,25.708,2,0
20140320,25.69,25.69,25.69,25.69,2,0
20140321,24.829,24.829,23.809,23.809,1190,0
20140324,24.041,24.041,23.18,24.041,1003,0
20140325,24.041,24.921,23.8,24.921,4477,0
20140326,24.829,24.829,24.18,24.829,4180,0
20140327,24.829,24.829,24.829,24.829,2,0
20140328,24.829,24.829,23.16,24.829,7,0
20140331,24.819,24.819,24.819,24.819,2,0
20140401,24.829,24.829,24.829,24.829,2,0
20140402,24.829,24.829,24.829,24.829,2,0
20140403,24.829,24.829,24.829,24.829,2,0
20140404,24.829,24.829,24.829,24.829,2,0
20140407,24.829,24.829,24.819,24.819,2,0
20140408,24.819,24.819,24.819,24.819,2,0
20140409,24.819,24.819,24.819,24.819,2,0
20140410,24.819,24.819,23.17,24.791,1730,0
20140411,24.633,24.791,23.198,24.791,120,0
20140414,24.781,24.781,24.773,24.773,2,0
20140415,24.763,24.763,24.755,24.755,2,0
20140416,24.745,24.745,24.735,24.735,2,0
20140417,24.735,24.735,22.698,24.087,340,0
20140422,24.689,24.689,24.689,24.689,1,0
20140423,23.976,23.976,23.976,23.976,1,0
20140424,24.365,24.365,24.365,24.365,1,0
20140425,23.976,23.976,23.976,23.976,1,0
20140428,24.689,24.689,24.671,24.671,2,0
20140429,24.633,24.633,24.495,24.495,2,0
20140430,24.273,24.273,24.078,24.078,2,0
20140502,24.449,24.449,23.985,23.985,2,0
20140505,24.504,24.504,24.069,24.069,2,0
20140506,24.059,24.059,23.985,23.985,2,0
20140507,23.976,23.976,23.957,23.957,2,0
20140508,23.948,23.948,23.939,23.939,2,0
20140509,23.93,23.93,22.234,22.234,8945,0
20140512,23.856,23.856,23.856,23.856,1,0
20140513,23.92,23.92,23.142,23.142,2,0
20140514,23.856,23.856,23.828,23.828,2,0
20140515,23.8,23.8,23.763,23.763,2,0
20140516,23.754,23.754,23.522,23.522,2,0
20140519,23.29,23.29,23.16,23.16,2,0
20140520,23.152,23.16,23.152,23.16,2,0
20140521,23.152,23.152,23.132,23.132,2,0
20140522,23.132,24.05,23.132,24.05,3,0
20140523,24.041,24.041,24.041,24.041,1,0
20140526,23.614,23.763,23.614,23.763,2,0
20140527,23.614,24.031,23.16,24.031,165,0
20140528,24.022,24.022,23.985,23.985,2,0
20140529,24.717,24.717,24.717,24.717,1,0
20140530,24.735,24.735,22.234,23.624,3920,0
20140602,24.031,24.031,23.624,23.624,2,0
20140603,22.253,24.031,22.253,23.606,67,0
20140604,23.606,23.606,23.17,23.17,2,0
20140605,23.086,23.18,23.086,23.17,31,0
20140606,23.18,23.18,23.132,23.132,2,0
20140609,23.132,23.132,22.234,23.114,171,0
20140610,23.114,23.114,23.114,23.114,2,0
20140611,23.114,23.114,23.114,23.114,2,0
20140612,23.114,23.114,23.114,23.114,2,0
20140613,23.114,23.114,23.114,23.114,2,0
20140616,23.114,23.114,23.114,23.114,2,0
20140617,23.114,23.124,23.114,23.124,56,0
20140618,23.124,23.124,23.124,23.124,2,0
20140620,23.124,24.551,23.124,24.551,70,0
20140623,24.745,24.745,24.745,24.745,1,0
20140624,24.18,24.18,21.771,23.902,3383,0
20140625,24.087,24.087,21.771,21.771,7221,0
20140626,22.318,22.318,22.318,22.318,1,0
20140627,22.308,22.308,22.308,22.308,22,0
20140630,22.596,22.596,22.596,22.596,1,0
20140701,22.605,22.605,21.307,21.771,194,0
20140702,21.957,21.957,21.901,21.901,3,0
20140703,21.891,21.891,21.891,21.891,1,0
20140704,21.761,21.761,21.761,21.761,1,0
20140707,21.725,22.16,21.725,22.16,110,0
20140708,22.16,22.16,21.901,21.901,2,0
20140709,22.966,22.966,22.929,22.929,2,0
20140710,22.864,22.864,22.327,22.327,2,0
20140711,22.549,22.549,22.466,22.466,3,0
20140714,22.688,22.688,22.503,22.503,2,0
20140715,22.234,22.373,22.234,22.318,56,0
20140716,22.549,22.549,22.503,22.503,2,0
20140717,22.503,22.503,22.42,22.42,2,0
20140718,22.503,22.503,22.41,22.41,2,0
20140721,22.447,22.447,22.447,22.447,2,0
20140722,22.41,22.41,22.225,22.225,2,0
20140723,22.225,22.225,22.225,22.225,2,0
20140724,22.225,22.225,21.169,22.225,6,0
20140725,22.225,22.225,22.225,22.225,2,0
20140728,22.596,22.596,22.596,22.596,1,0
20140729,22.577,22.577,22.577,22.577,1,0
20140730,21.169,22.624,21.169,22.624,61,0
20140731,22.596,22.596,22.596,22.596,1,0
20140801,22.188,22.188,22.188,22.188,1,0
20140804,22.151,22.151,22.151,22.151,2,0
20140805,22.225,22.225,22.179,22.179,2,0
20140806,22.179,22.179,18.529,19.455,1162,0
20140807,19.455,19.732,17.602,18.501,648,0
20140808,18.501,18.501,18.501,18.501,1,0
20140811,18.501,19.316,18.501,19.316,2,0
20140812,19.455,19.455,19.446,19.446,52,0
20140813,18.733,19.177,17.232,17.509,210,0
20140814,18.529,18.529,17.185,18.251,193,0
20140818,19.122,21.03,18.529,20.965,1150,0
20140819,20.937,20.937,20.743,20.845,945,0
20140820,20.845,21.307,20.845,21.307,315,0
20140821,21.307,21.307,21.307,21.307,541,0
20140822,21.307,21.307,21.307,21.307,1,0
20140825,21.307,21.307,21.307,21.307,1,0
20140826,21.307,21.307,21.307,21.307,1,0
20140827,21.307,21.307,21.307,21.307,1,0
20140828,21.307,21.307,19.186,21.307,649,0
20140829,21.307,21.307,21.307,21.307,1,0
20140901,20.845,21.771,20.845,21.771,487,0
20140902,21.761,21.761,20.382,20.382,14,0
20140903,21.771,21.771,19.918,19.918,218,0
20140904,21.679,21.679,19.918,19.918,216,0
20140905,21.725,21.725,19.918,20.01,208,0
20140908,21.206,21.215,21.206,21.215,218,0
20140909,19.918,21.215,19.918,20.845,1303,0
20140910,21.169,21.169,19.918,20.289,115,0
20140911,21.113,21.113,20.289,20.289,7,0
20140912,20.752,20.752,19.594,19.872,694,0
20140915,20.752,20.752,19.918,19.918,22,0
20140916,20.382,20.382,18.389,18.389,658,0
20140917,19.584,20.474,19.584,20.474,2,0
20140918,19.909,20.891,18.992,20.891,446,0
20140919,20.891,20.891,19.455,20.335,94705,0
20140922,21.03,21.03,19.464,20.382,219,0
20140923,21.03,21.03,19.557,19.918,368,0
20140924,20.845,20.845,20.845,20.845,1,0
20140925,21.307,21.307,21.307,21.307,582,0
20140926,21.307,21.307,21.307,21.307,1,0
20140929,21.307,21.307,21.307,21.307,1,0
20140930,21.299,21.299,19.918,21.197,114,0
20141001,21.28,21.28,19.918,20.382,95424,0
20141002,21.28,21.28,21.28,21.28,1,0
20141003,21.28,21.28,20.382,20.382,37445,0
20141006,20.845,20.845,20.382,20.382,75560,0
20141007,20.845,20.845,20.382,20.382,6988,0
20141008,20.845,20.845,20.845,20.845,1,0
20141009,21.28,21.28,19.362,20.845,77,0
20141010,20.835,20.835,19.548,20.456,232,0
20141013,20.835,20.835,19.557,20.826,88,0
20141014,20.817,21.123,20.817,21.123,11,0
20141015,21.123,21.123,21.123,21.123,1,0
20141016,21.021,21.021,21.021,21.021,2,0
20141017,21.021,21.021,20.465,20.465,56,0
20141020,21.03,21.03,21.03,21.03,1,0
20141021,19.455,20.372,19.455,20.372,324,0
20141022,20.344,20.344,19.112,20.344,29,0
20141023,20.344,20.344,20.344,20.344,1,0
20141024,20.344,20.344,18.361,20.335,1408,0
20141027,20.382,20.382,20.382,20.382,64,0
20141028,20.104,20.104,20.104,20.104,1,0
20141029,20.104,20.104,20.104,20.104,1,0
20141030,20.104,20.104,20.104,20.104,1,0
20141031,20.104,20.104,20.104,20.104,1,0
20141103,20.104,20.104,20.104,20.104,1,0
20141104,20.104,20.289,20.104,20.289,66,0
20141105,20.289,20.289,20.289,20.289,1,0
20141106,20.289,20.289,18.992,19.918,121,0
20141107,19.918,19.918,18.529,18.529,639,0
20141110,19.584,19.584,18.529,19.548,110,0
20141112,19.548,19.548,19.529,19.529,2,0
20141113,19.529,19.529,19.529,19.529,2,0
20141114,19.529,19.529,18.065,18.065,4297,0
20141117,18.065,18.065,18.065,18.065,2,0
20141118,18.881,18.881,17.973,18.862,46,0
20141119,18.862,18.862,18.862,18.862,1,0
20141120,18.862,18.862,16.212,18.529,3676,0
20141121,18.325,18.325,18.325,18.325,1,0
20141124,18.529,18.529,18.529,18.529,1,0
20141125,18.529,18.529,18.529,18.529,1,0
20141126,18.51,18.529,18.51,18.529,3,0
20141127,18.529,18.529,18.529,18.529,1,0
20141128,18.491,18.491,17.973,18.491,63622,0
20141201,18.436,18.436,16.676,18.389,179,0
20141202,18.491,18.491,18.491,18.491,1,0
20141203,18.436,18.436,17.241,18.436,2161,0
20141204,18.436,18.436,16.908,17.139,92,0
20141205,17.139,18.389,17.139,18.389,225,0
20141208,18.389,18.389,17.139,18.353,224,0
20141209,18.353,18.353,18.297,18.297,28,0
20141210,18.353,18.353,18.353,18.353,1,0
20141211,18.353,18.353,18.353,18.353,1,0
20141212,18.343,18.353,18.343,18.353,2,0
20141215,18.353,18.353,18.353,18.353,1,0
20141216,18.343,18.343,18.343,18.343,1,0
20141217,18.343,18.343,18.343,18.343,1,0
20141218,18.343,18.343,18.343,18.343,1,0
20141219,18.343,18.343,18.343,18.343,1,0
20141222,18.343,18.343,18.343,18.343,1,0
20141223,18.343,18.343,18.343,18.343,1,0
20141229,18.343,18.343,18.343,18.343,1,0
20141230,18.343,18.343,18.343,18.343,1,0
20150102,18.343,18.343,18.343,18.343,1,0
20150105,19.529,20.168,18.529,18.529,2754,0
20150107,20.168,20.168,18.065,18.343,1056,0
20150108,20.104,20.104,18.519,18.519,818,0
20150109,19.918,19.918,19.446,19.446,3,0
20150112,18.529,18.529,18.529,18.529,425,0
20150113,19.455,19.455,18.529,18.529,4055,0
20150114,19.455,19.455,19.455,19.455,1,0
20150115,19.455,19.455,19.455,19.455,1,0
20150116,19.455,19.455,19.455,19.455,1,0
20150119,19.455,19.455,18.065,19.455,6383,0
20150120,19.455,19.455,19.455,19.455,1,0
20150121,19.455,19.455,18.992,19.436,141689,0
20150122,19.436,19.436,19.436,19.436,217,0
20150123,20.196,21.307,20.196,20.826,3043,0
20150126,20.316,21.975,20.316,21.66,2513,0
20150127,21.753,21.753,21.679,21.753,3,0
20150128,21.539,21.539,21.539,21.539,1,0
20150129,21.697,21.697,20.576,21.679,2259,0
20150130,20.576,21.401,20.576,21.391,5791,0
20150202,20.632,21.558,20.632,21.558,282,0
20150203,20.641,21.307,20.622,20.622,88,0
20150204,21.299,21.299,20.622,20.659,219,0
20150205,21.299,21.299,20.613,21.299,205,0
20150206,21.299,21.299,20.613,21.215,111,0
20150209,21.299,21.307,20.622,21.307,252,0
20150210,21.307,21.539,21.307,21.539,496,0
20150211,21.539,21.539,19.566,21.077,3931,0
20150212,21.077,21.299,19.742,21.299,469,0
20150213,21.299,21.299,20.382,21.299,88,0
20150216,21.215,21.299,19.576,21.28,1393,0
20150217,19.928,21.539,19.928,21.123,2345,0
20150218,20.104,22.049,20.104,22.049,2268,0
20150219,20.548,22.651,20.548,22.651,1456,0
20150220,21.215,22.651,21.215,22.586,338,0
20150223,21.789,22.642,21.789,22.596,1199,0
20150224,22.596,22.596,21.808,22.54,477,0
20150225,22.605,23.068,22.605,22.882,3048,0
20150226,23.068,24.273,22.948,23.068,5169,0
20150227,24.328,24.328,22.846,23.364,6175,0
20150302,25.013,25.153,23.624,25.005,2545,0
20150303,26.218,27.33,26.218,26.31,19133,0
20150304,26.56,26.56,25.023,26.404,7488,0
20150305,26.56,26.588,26.56,26.588,515,0
20150306,26.82,28.025,26.82,26.866,6626,0
20150309,27.7,27.7,25.986,26.681,984,0
20150310,26.681,26.681,25.94,25.94,1902,0
20150311,25.848,26.681,25.848,25.94,3342,0
20150312,26.681,27.589,26.404,27.052,1370,0
20150313,27.339,27.654,26.404,27.33,1150,0
20150316,27.422,28.025,26.913,27.237,935,0
20150317,26.838,27.747,26.838,27.747,1942,0
20150318,27.747,27.775,27.654,27.775,1081,0
20150319,27.775,27.775,27.497,27.497,147,0
20150320,27.497,27.839,26.866,27.783,2201,0
20150323,26.922,27.32,26.913,27.32,541,0
20150324,27.228,27.376,27.228,27.376,679,0
20150325,27.376,27.376,27.32,27.32,152,0
20150326,27.376,27.376,26.032,26.098,2769,0
20150327,27.218,27.218,25.949,26.913,394,0
20150330,26.913,26.913,26.681,26.681,287,0
20150331,26.681,26.681,26.208,26.681,110,0
20150401,26.681,26.681,26.032,26.404,9006,0
20150402,26.404,26.404,25.848,26.384,487,0
20150407,26.404,26.959,26.31,26.959,8785,0
20150408,26.959,27.7,26.959,27.607,1912,0
20150409,27.524,27.561,27.422,27.561,903,0
20150410,27.561,27.561,27.376,27.376,603,0
20150413,26.866,28.719,26.588,28.256,2895,0
20150414,28.256,28.256,28.256,28.256,541,0
20150415,28.256,28.256,27.793,28.247,1086,0
20150416,28.256,28.719,27.33,28.719,3154,0
20150417,27.747,28.719,27.144,28.608,876,0
20150420,28.71,28.719,28.608,28.719,1357,0
20150421,28.719,28.719,28.701,28.719,1814,0
20150422,28.163,28.719,28.163,28.719,1370,0
20150423,28.719,31.591,28.719,30.202,5726,0
20150424,30.554,32.98,29.553,32.98,50334,0
20150427,32.193,34.111,32.193,33.184,3306,0
20150428,33.352,35.204,33.352,34.603,8451,0
20150429,34.297,35.195,33.815,34.324,22985,0
20150430,34.278,35.714,34.278,35.195,9061,0
20150504,35.482,35.649,35.019,35.649,778,0
20150505,35.668,35.668,34.324,35.204,2594,0
20150506,35.668,35.668,33.815,34.324,2345,0
20150507,35.019,36.13,33.602,36.13,31396,0
20150508,36.964,39.142,35.251,37.983,115871,0
20150511,38.373,38.808,37.613,37.983,2368,0
20150512,37.419,37.975,37.159,37.789,1315,0
20150513,37.983,37.983,35.297,37.521,6585,0
20150514,35.946,37.511,35.946,36.964,1526,0
20150515,38.169,40.763,37.613,40.753,25284,0
20150518,42.06,42.301,40.3,40.717,23815,0
20150519,41.967,41.967,40.485,40.855,3007,0
20150520,41.133,42.282,41.133,41.597,5150,0
20150521,40.67,41.217,38.91,40.522,6122,0
20150522,40.513,40.513,39.558,39.836,2590,0
20150525,40.383,40.383,38.558,39.466,1765,0
20150526,39.456,39.836,38.91,39.836,1267,0
20150527,39.827,39.836,39.827,39.836,542,0
20150528,39.836,39.836,39.577,39.744,959,0
20150529,39.78,39.78,36.964,38.447,3069,0
20150601,38.437,38.437,36.482,38.067,2405,0
20150602,37.99,38.153,35.875,36.452,3975,0
20150603,36.452,38.288,36.153,37.028,4019,0
20150605,38.403,38.403,37.5,37.5,242,0
20150608,37.5,37.865,36.442,37.827,2033,0
20150609,37.836,37.836,36.346,37.403,1903,0
20150610,36.557,37.355,35.375,35.586,6630,0
20150611,35.153,35.769,33.952,33.952,1929,0
20150612,33.846,33.846,32.692,33.461,4811,0
20150615,33.461,35.096,31.971,35.096,79358,0
20150616,35.086,35.096,34.615,35.067,1224,0
20150617,35.067,35.096,33.702,35.096,2853,0
20150618,34.894,35,33.702,35,1036,0
20150619,35,36.346,33.894,36.346,2801,0
20150622,36.528,38.336,34.961,38.028,1475,0
20150623,38.211,38.211,37.5,37.884,483,0
20150624,37.875,37.875,36.538,37.855,8356,0
20150625,37.865,37.865,37.788,37.855,283,0
20150626,37.211,37.211,36.028,36.548,1705,0
20150629,35.471,36.288,34.134,34.134,2852,0
20150630,34,34.115,32.404,33.509,7757,0
20150701,32.5,34.577,32.5,33.654,463,0
20150702,34.596,34.596,33.173,34.182,132,0
20150703,34.327,35.096,33.077,34.73,642,0
20150706,34.615,34.615,34.605,34.615,1530,0
20150707,34.605,34.605,33.961,34.596,70,0
20150708,33.471,34.49,33.086,33.086,261,0
20150709,33.211,34.038,32.702,33.173,947,0
20150710,33.173,33.173,32.019,32.692,34407,0
20150713,33.173,33.173,32.692,33.077,41037,0
20150714,33.077,33.077,32.692,33.057,1902,0
20150715,33.077,33.077,32.692,33.067,709,0
20150716,33.077,33.173,32.98,33.173,4321,0
20150717,33.971,34.605,33.971,34.134,2208,0
20150720,34.134,34.278,33.673,34.038,1188,0
20150721,34.134,34.134,33.173,34.125,656,0
20150722,34.182,34.182,33.557,34,252,0
20150723,34.086,34.086,33.173,33.654,1343,0
20150724,33.73,34.134,33.654,34.134,2697,0
20150727,34.596,34.605,34.23,34.23,666,0
20150728,34.5,36.538,33.702,35.577,8873,0
20150729,35.577,35.577,35.384,35.567,3001,0
20150730,35.961,35.961,34.759,35.509,543,0
20150731,36.25,36.25,35.567,35.577,1550,0
20150803,35.577,36.009,35.567,35.586,2000,0
20150804,35.567,35.567,33.942,33.942,53028,0
20150805,33.98,34.788,33.98,34.317,1229,0
20150806,34.423,35.096,34.423,34.615,2749,0
20150807,34.423,34.519,33.99,34.461,2069,0
20150810,34.461,35.98,34.134,35.605,338,0
20150811,35.577,35.577,34.942,35.278,10655,0
20150812,35.259,35.278,34.615,35.202,5104,0
20150813,35.202,35.202,35.202,35.202,1,0
20150814,35.192,35.192,34.25,34.615,4214,0
20150817,34.99,34.99,34.99,34.99,1,0
20150818,34.952,34.952,34.952,34.952,1,0
20150819,34.952,35.567,34.144,35.567,1317,0
20150820,35.528,35.528,35.528,35.528,1,0
20150821,35.288,35.288,34.144,35,2023,0
20150824,33.846,34.903,32.019,34.615,168285,0
20150825,34.615,34.615,32.692,33.932,633,0
20150826,34.577,34.577,32.932,33.654,2128,0
20150827,34.153,34.182,33.673,33.788,300,0
20150828,34.5,34.615,33.894,34.615,5509,0
20150831,32.692,33.654,30.865,33.654,23149,0
20150901,32.49,33.067,32.49,32.692,3092,0
20150902,32.692,33.413,32.692,32.98,201,0
20150903,32.798,32.971,32.692,32.692,919,0
20150904,32.971,32.971,32.115,32.692,624,0
20150907,32.019,32.692,30.875,32.692,903,0
20150908,32.692,33.134,32.317,32.327,1693,0
20150909,32.404,33.077,32.404,33.077,1130,0
20150910,33.317,33.317,32.327,33.298,239,0
20150911,33.317,33.317,31.73,32.692,314,0
20150914,33.307,33.307,31.538,32.663,674,0
20150915,32.654,32.654,31.548,32.654,885,0
20150916,32.644,32.644,32.644,32.644,1,0
20150917,32.211,32.211,31.827,32.211,150,0
20150918,32.625,32.884,31.548,32.884,307,0
20150921,33.125,33.548,33.077,33.077,578,0
20150922,31.923,33.548,29.942,33.077,620,0
20150923,33.548,33.548,33.548,33.548,1,0
20150924,33.173,33.173,33.173,33.173,1,0
20150925,33.163,33.163,33.163,33.163,1,0
20150928,33.173,33.173,31.836,32.692,544,0
20150929,33.173,33.173,31.836,33.173,510,0
20150930,33.557,33.557,31.836,33.115,2735,0
20151001,33.557,33.557,31.846,32.509,136,0
20151002,33.125,33.461,31.855,33.173,484,0
20151005,33.163,33.163,31.846,32.692,231,0
20151006,33.163,33.163,31.923,32.211,353,0
20151007,32.663,32.663,31.25,31.432,163,0
20151008,31.279,31.721,29.855,29.855,1623,0
20151009,29.807,30.105,29.807,29.807,2498,0
20151012,30.327,30.327,28.942,29.365,128,0
20151013,30.182,30.182,28.846,29.336,460,0
20151014,30.375,30.375,29.134,29.48,44014,0
20151015,30.279,31.625,29.711,30.49,1163,0
20151016,31.24,32.115,31.24,32.115,2317,0
20151019,32.548,33.173,32.5,33.173,2865,0
20151020,33.077,35.173,31.73,34.605,2052,0
20151021,34.519,35.038,34.519,34.98,690,0
20151022,35,35,35,35,1,0
20151023,34.99,34.99,34.134,34.615,41,0
20151026,33.942,34.615,33.423,34.615,3663,0
20151027,34.048,34.98,34.048,34.98,10799,0
20151028,35.086,35.086,35.086,35.086,1,0
20151029,35.086,35.086,32.884,34.615,16364,0
20151030,35.077,35.077,33.663,34.615,9363,0
20151102,35,35,34.615,34.615,1353,0
20151103,34.952,34.952,33.24,34.038,250,0
20151104,34.615,34.615,33.557,33.605,263,0
20151105,33.654,33.654,33.654,33.654,2,0
20151106,34.509,34.509,33.654,33.654,62,0
20151109,33.654,33.654,31.74,32.807,210,0
20151110,33.644,33.644,33.644,33.644,1,0
20151112,33.644,33.644,33.644,33.644,1,0
20151113,33.644,33.644,32.798,32.798,53,0
20151116,33.644,33.644,32.884,32.884,2,0
20151117,32.202,32.211,29.038,32.211,2513,0
20151118,32.211,32.692,30.586,31.73,4212,0
20151119,33.173,33.173,31.154,31.442,2957,0
20151120,33.625,33.625,31.73,31.827,324,0
20151123,33.615,33.615,30.769,31.73,553,0
20151124,32.682,32.682,31.73,31.73,11,0
20151125,33.365,33.461,31.73,33.461,315,0
20151126,32.702,32.702,32.692,32.692,3967,0
20151127,33.625,33.625,31.73,32.692,266,0
20151130,31.894,33.461,31.894,33.182,1541,0
20151201,33.654,33.654,32.519,32.548,12,0
20151202,33.173,33.173,32.211,32.211,105,0
20151203,33.163,33.163,33.163,33.163,1,0
20151204,32.692,32.692,30.971,32.692,4,0
20151207,33.154,33.154,33.154,33.154,208,0
20151208,33.144,33.144,30.875,32.692,36,0
20151209,32.692,32.692,30,30,34,0
20151210,31.73,32.692,31.73,32.692,937,0
20151211,32.692,32.692,30.779,30.779,2,0
20151214,30.577,32.577,30.577,32.567,259,0
20151215,32.673,32.673,32.673,32.673,1,0
20151216,32.5,32.5,32.019,32.019,3,0
20151217,32.673,32.673,31.73,31.73,105,0
20151218,32.5,32.5,31.096,31.73,803,0
20151221,32.673,32.673,30.779,32.5,579,0
20151222,32.673,32.673,31.73,31.73,59,0
20151223,32.673,32.673,30.961,32.663,2151,0
20151228,32.663,32.673,32.115,32.673,2123,0
20151229,32.663,32.663,32.211,32.211,53,0
20151230,32.596,32.596,30.971,31.25,11142,0
20160104,32.692,32.692,31.73,31.73,146,0
20160105,31.73,31.73,31.25,31.73,528,0
20160107,31.73,31.73,30.384,30.384,63,0
20160108,31.73,31.73,30.288,30.288,17,0
20160111,31.25,31.346,31.24,31.346,3,0
20160112,31.154,31.154,30.288,30.288,43,0
20160114,30.288,30.288,30.288,30.288,1,0
20160115,30.288,30.288,28.942,28.942,43,0
20160118,29.807,29.807,28.605,28.605,321,0
20160119,27.692,27.692,26.057,27.692,1376,0
20160120,26.442,29.327,26.442,29.327,2657,0
20160121,29.807,29.807,27.884,27.884,210,0
20160122,28.846,29.327,27.596,29.327,2578,0
20160125,29.327,29.807,28.846,29.807,54,0
20160126,29.807,29.807,29.807,29.807,1,0
20160127,29.807,29.807,29.807,29.807,1,0
20160128,29.807,29.807,29.807,29.807,1,0
20160129,29.807,29.807,28.942,29.807,2435,0
20160201,31.73,31.73,30.769,30.769,33,0
20160202,30.769,30.769,30.769,30.769,1,0
20160203,30.711,30.711,30.23,30.23,22,0
20160204,30.769,30.769,30.211,30.211,7,0
20160205,30.759,30.759,28.567,28.567,216,0
20160208,30.75,30.75,30,30,230,0
20160209,30.759,30.759,29.807,29.807,121,0
20160210,30.759,30.759,28.855,29.807,315,0
20160211,30.759,30.759,28.654,29.807,420,0
20160212,29.807,29.807,28.846,29.807,230,0
20160215,30.759,30.759,29.807,29.807,4,0
20160216,29.807,29.807,29.327,29.327,316,0
20160217,29.327,29.327,29.327,29.327,1,0
20160218,29.317,29.317,27.98,28.846,712,0
20160219,28.846,28.846,27.98,27.98,755,0
20160222,29.327,29.327,27.884,27.884,22,0
20160223,28.846,28.846,27.884,27.884,116,0
20160224,28.846,28.846,27.884,27.884,194,0
20160225,28.846,28.846,28.846,28.846,1,0
20160226,28.846,28.846,28.846,28.846,1,0
20160229,29.317,29.317,29.317,29.317,1,0
20160301,29.317,29.327,29.317,29.327,293,0
20160302,29.307,29.307,29.307,29.307,1,0
20160303,29.307,29.307,29.307,29.307,1,0
20160304,29.327,29.327,29.298,29.327,84,0
20160307,29.327,29.327,27.98,27.98,11,0
20160308,28.846,28.846,28.846,28.846,1,0
20160309,28.846,28.846,28.846,28.846,1,0
20160310,28.846,28.846,28.846,28.846,19,0
20160311,28.846,28.846,28.846,28.846,1,0
20160314,28.846,28.846,28.846,28.846,152,0
20160315,28.846,28.846,28.846,28.846,33,0
20160316,29.327,30.577,28.846,28.846,3122,0
20160317,29.807,29.807,29.807,29.807,1,0
20160318,29.807,29.807,29.807,29.807,240,0
20160321,29.807,29.807,29.807,29.807,42,0
20160322,28.884,29.23,28.134,29.23,7480,0
20160323,28.846,28.846,28.846,28.846,832,0
20160324,29.134,30.769,29.134,29.904,3857,0
20160329,29.904,30.654,29.904,30.288,3147,0
20160330,30.625,30.625,30.625,30.625,1,0
20160331,30.625,30.625,29.807,30.625,2601,0
20160401,30.625,30.625,30.625,30.625,209,0
20160404,30.625,30.625,30.625,30.625,1,0
20160405,30.625,30.625,29.365,29.365,63,0
20160406,30.288,30.288,29.327,29.327,1561,0
20160407,29.519,29.519,29.327,29.327,126,0
20160408,30.288,30.288,29.432,29.432,11,0
20160411,29.23,29.23,29.221,29.221,105,0
20160412,29.221,30.288,29.221,30.288,1671,0
20160413,30.288,30.288,30.288,30.288,1,0
20160414,30.288,30.288,30.288,30.288,1,0
20160415,30.288,30.288,29.327,29.413,333,0
20160418,30.279,30.288,29.807,29.807,510,0
20160419,29.807,30.625,29.807,30.625,944,0
20160420,30.625,30.625,30.625,30.625,99,0
20160421,30.615,33.654,30.288,33.654,6080,0
20160422,34.615,35.48,34.134,34.615,107,0
20160425,34.605,35.288,33.654,33.654,1396,0
20160426,35.452,35.452,35.182,35.202,3686,0
20160427,35.769,35.865,34.615,35.577,2377,0
20160428,35.865,35.865,35.855,35.855,32,0
20160429,35.865,35.865,35.865,35.865,1,0
20160502,35.625,35.625,35.625,35.625,1,0
20160504,35.615,35.807,35.605,35.807,724,0
20160505,35.865,36.346,35.865,35.894,1849,0
20160506,36.346,36.346,35.615,35.615,43,0
20160509,36.346,36.346,36.346,36.346,1,0
20160510,36.317,37.5,35.759,37.5,1926,0
20160511,38.259,38.259,37.384,37.5,782,0
20160512,38.259,38.259,36.586,37.5,115,0
20160513,37.5,38.077,37.5,37.5,149,0
20160516,38.259,38.259,36.153,37.019,1537,0
20160517,37.49,37.49,37.019,37.019,18,0
20160518,36.067,37.49,36.067,37.49,17,0
20160519,37.009,37.009,37.009,37.009,257,0
20160520,37.019,37.019,37.019,37.019,1,0
20160523,36.538,36.538,35.769,36.538,360,0
20160524,36.538,36.538,35.894,36.528,118,0
20160525,36.48,38.461,35.682,37.5,13150,0
20160527,38.413,38.413,37.019,37.5,204,0
20160530,37.98,37.98,37.5,37.5,3,0
20160531,37.5,37.5,36.827,37.5,2318,0
20160601,37.5,37.98,36.153,37.98,212,0
20160602,37.4996,37.9804,37.4996,37.4996,1042,0
20160603,37.9804,37.9804,37.0669,37.0669,636,0
20160606,37.9804,37.9804,36.6342,36.6342,82,0
20160607,36.6342,37.49,36.6342,37.49,461,0
20160608,38.99,38.99,37,37.1,42,0
20160609,38.5,38.5,37.12,37.12,43,0
20160610,37.5,38.99,36.5,38.99,1420,0
20160613,38.99,38.99,38.99,38.99,1,0
20160614,38.5,39.89,37.12,39.89,1017,0
20160615,39.87,39.87,38.01,39.49,1005,0
20160616,39.4,39.4,38.01,39,1908,0
20160617,39.5,39.5,38.01,39,3011,0
20160620,39.3,39.3,39.3,39.3,1,0
20160621,39,39,39,39,1,0
20160622,39,39,39,39,1,0
20160623,39,39,37.51,39,1522,0
20160624,37.01,39,36.11,39,1077,0
20160627,38.5,38.99,38.2,38.2,891,0
20160628,38.5,38.78,37.51,38.78,1006,0
20160629,38.99,39.88,38.5,39,10923,0
20160630,39,39,38.8,39,10342,0
20160701,39,39,39,39,1,0
20160704,38.99,39,38.01,39,5026,0
20160705,39,39,39,39,1,0
20160706,39,39,39,39,1,0
20160707,38.99,38.99,38.99,38.99,1,0
20160708,38.9,39,37.61,39,3031,0
20160711,39,39,39,39,1,0
20160712,39,39,39,39,1,0
20160713,38.99,38.99,38.01,38.01,4,0
20160714,38.99,38.99,38.99,38.99,1,0
20160715,38.99,38.99,38.99,38.99,1,0
20160718,38.99,39,38.99,39,151,0
20160719,39,39,39,39,1,0
20160720,39,39,38,38,171,0
20160721,39,39,39,39,1,0
20160722,40,41.5,39.97,40,28067,0
20160725,40.49,40.5,40.49,40.49,696,0
20160726,40.44,40.44,39.6,39.6,638,0
20160727,40.45,40.45,40.45,40.45,1,0
20160728,40.35,40.35,40.35,40.35,1,0
20160729,40.35,40.35,40.35,40.35,1,0
20160801,40.35,40.35,40.35,40.35,1,0
20160802,40.35,40.35,40.15,40.15,141,0
20160803,40.35,40.35,39,40.35,157,0
20160804,40.29,40.29,39,40,989,0
20160805,40.24,40.24,40.24,40.24,1,0
20160808,39.99,39.99,39.99,39.99,241,0
20160809,39.99,40,39.99,40,501,0
20160810,39.99,39.99,39.99,39.99,1,0
20160811,39.99,39.99,39,39.99,1441,0
20160812,39.99,39.99,39.99,39.99,1,0
20160816,39.99,39.99,39,39,56,0
20160817,39.98,39.98,39.97,39.97,20,0
20160818,39.97,39.97,39.97,39.97,1,0
20160819,39.93,39.93,39,39,4382,0
20160822,39.7,39.99,39.7,39.99,1001,0
20160823,39.99,39.99,39.99,39.99,1,0
20160824,39.99,39.99,39.01,39.99,3801,0
20160825,39.99,40,39.02,40,2601,0
20160826,39.35,40.24,39.35,40,962,0
20160829,40.25,40.25,39,39,4092,0
20160830,39.5,39.5,39.5,39.5,1000,0
20160831,39.6,40,39.5,40,1790,0
20160901,40.5,41,39.31,39.97,7894,0
20160902,39.97,40,39.97,39.97,830,0
20160905,39.21,39.21,39.21,39.21,59,0
20160906,39.53,39.99,39.53,39.99,281,0
20160907,39.95,40,39.21,40,947,0
20160908,40.17,40.17,40.17,40.17,1,0
20160909,40.17,40.17,40,40,7,0
20160912,40,40,39.99,39.99,201,0
20160913,39.99,39.99,39.21,39.21,499,0
20160914,39.79,39.79,38.51,38.51,449,0
20160915,38.38,40,38.01,40,1880,0
20160916,40.1,40.1,40,40,26,0
20160919,40,40,39.11,40,2032,0
20160920,40,40,38.51,39,11226,0
20160921,40,40,39.84,39.84,2001,0
20160922,39.8,39.96,39,39.89,2912,0
20160923,39.9,39.9,38.5,38.5,1935,0
20160926,39.01,39.01,39.01,39.01,1,0
20160927,38.5,39.79,38.5,39.79,1645,0
20160928,39.8,39.94,39.8,39.94,2001,0
20160929,39.98,39.98,38.72,38.72,349,0
20160930,39.99,39.99,39.9,39.9,2001,0
20161003,39.5,39.97,39.5,39.97,2331,0
20161004,38,38,32.48,32.48,13252,0
20161005,31.4,31.4,29.13,29.13,9350,0
20161006,29.13,29.89,28.01,28.7,1323,0
20161007,29.15,29.15,27.75,28.6,15481,0
20161010,29.5,29.5,27.55,27.8,431,0
20161011,28.47,28.47,27.75,27.75,1077,0
20161012,28.4,28.4,28.34,28.34,42,0
20161013,28.23,28.23,27.59,27.6,264,0
20161014,27.69,27.69,27.11,27.45,540,0
20161017,27,27,25.04,25.04,1000,0
20161018,24.9,24.9,22.42,23,23212,0
20161019,23.5,23.99,22.85,23,4223,0
20161020,23,23.77,23,23.49,647,0
20161021,24.55,26.76,22.5,22.5,8907,0
20161024,22.96,22.96,20.9,20.9,20003,0
20161025,21,23,20.9,22.99,14797,0
20161026,23.75,25,23,23.05,6819,0
20161027,23.39,23.64,22.5,23.19,1206,0
20161028,23.81,23.81,22.55,23.05,3981,0
20161031,23.52,23.52,22.55,22.9,1082,0
20161102,22.9,22.9,22,22.88,1926,0
20161103,22.02,22.2,21.71,21.71,1292,0
20161104,22,22.2,22,22.2,430,0
20161107,22.89,22.89,22.3,22.3,119,0
