Date,Open,High,Low,Close,Volume,OpenInt
20071001,42.401,45.228,39.47,41.458,29312,0
20071002,41.458,41.458,39.574,39.574,11814,0
20071003,40.516,42.392,38.651,42.392,8887,0
20071004,42.392,44.266,42.392,43.814,5425,0
20071005,43.343,43.343,41.93,41.93,2068,0
20071008,43.296,43.296,40.988,41.458,4848,0
20071009,42.09,42.09,41.458,41.93,1577,0
20071010,41.882,41.882,40.516,40.516,642,0
20071011,40.516,41.458,40.121,40.988,3997,0
20071012,41.364,42.024,41.364,42.024,2409,0
20071015,42.024,42.024,40.893,40.893,623,0
20071016,40.046,40.516,40.046,40.506,1758,0
20071017,39.122,40.516,39.122,40.046,204,0
20071018,39.122,39.574,39.103,39.574,728,0
20071019,40.14,40.14,39.574,39.668,1075,0
20071022,38.632,39.998,38.632,39.988,264,0
20071023,39.998,41.45,39.574,41.45,10882,0
20071024,41.93,41.93,40.799,41.364,5815,0
20071025,41.355,41.355,41.176,41.261,382,0
20071026,41.082,41.45,40.988,41.364,31128,0
20071029,40.988,41.364,40.988,41.355,3939,0
20071030,41.176,41.176,41.082,41.176,94,0
20071031,40.046,40.046,40.046,40.046,32,0
20071102,40.516,40.516,40.516,40.516,2567,0
20071105,39.584,40.988,39.564,40.988,880,0
20071106,40.988,40.988,40.988,40.988,531,0
20071107,39.574,39.574,37.69,37.69,1465,0
20071108,36.276,37.69,36.276,37.69,1043,0
20071109,38.161,38.161,38.161,38.161,1273,0
20071112,38.538,38.538,36.748,38.152,1512,0
20071113,37.501,38.255,37.501,38.255,477,0
20071114,37.699,37.699,37.69,37.69,477,0
20071115,37.69,37.69,36.276,37.69,1708,0
20071116,35.852,37.69,35.852,37.69,754,0
20071119,37.972,38.02,37.972,38.02,191,0
20071120,36.748,38.066,36.748,38.066,2441,0
20071121,37.972,37.972,37.972,37.972,58,0
20071122,37.218,37.737,37.218,37.737,365,0
20071126,37.963,37.963,37.642,37.879,280,0
20071127,37.963,37.963,37.869,37.879,319,0
20071128,37.784,37.784,37.784,37.784,24,0
20071129,37.972,37.972,37.69,37.69,457,0
20071130,37.114,37.114,36.795,36.795,242,0
20071203,37.03,37.03,37.03,37.03,106,0
20071204,37.963,37.963,36.748,37.642,159,0
20071205,37.596,37.596,37.492,37.501,205,0
20071206,36.748,36.748,36.748,36.748,53,0
20071207,37.68,37.68,37.501,37.501,186,0
20071210,37.69,37.972,37.69,37.972,174,0
20071211,37.972,37.972,37.69,37.69,849,0
20071214,37.784,37.972,37.784,37.972,1245,0
20071217,36.841,37.218,36.841,37.218,849,0
20071218,36.559,37.69,36.559,37.69,472,0
20071219,36.748,38.161,36.748,38.161,8331,0
20071220,37.972,38.642,37.879,38.632,1608,0
20071221,38.443,38.632,38.443,38.632,492,0
20071227,39.376,39.376,39.376,39.376,37,0
20071228,39.376,40.036,39.376,39.574,12356,0
20080102,39.857,39.857,39.857,39.857,1308,0
20080103,39.857,39.857,39.574,39.857,1613,0
20080104,39.103,39.103,39.103,39.103,158,0
20080107,37.699,37.699,37.69,37.69,159,0
20080109,37.69,37.69,36.748,37.69,608,0
20080110,36.465,36.465,36.465,36.465,257,0
20080111,35.805,35.805,34.674,34.674,1470,0
20080114,33.921,33.921,32.696,33.921,1339,0
20080115,32.979,32.979,31.848,32.979,8427,0
20080116,31.942,31.942,30.812,31.848,596,0
20080117,31.848,31.848,30.906,30.906,1240,0
20080118,30.812,30.812,29.964,30.812,826,0
20080121,30.717,30.717,29.869,29.869,133,0
20080122,28.267,28.267,28.267,28.267,531,0
20080123,27.608,28.267,27.608,28.267,5034,0
20080124,29.209,29.209,29.209,29.209,531,0
20080125,29.681,29.681,28.267,28.267,793,0
20080128,27.325,27.325,27.325,27.325,357,0
20080129,26.854,28.362,26.854,28.362,897,0
20080130,29.209,29.209,28.267,28.644,870,0
20080201,31.471,31.471,29.37,29.37,303,0
20080205,29.209,29.398,29.209,29.398,55,0
20080206,29.209,29.209,28.267,28.267,81,0
20080207,28.635,28.635,28.635,28.635,22,0
20080208,27.89,28.833,27.89,28.833,55,0
20080211,27.89,28.267,27.325,28.267,852,0
20080213,28.456,28.456,28.456,28.456,1,0
20080215,28.267,28.644,27.749,28.644,776,0
20080218,28.644,29.681,28.644,29.681,1592,0
20080219,30.151,30.151,30.151,30.151,15,0
20080220,29.681,29.681,29.681,29.681,106,0
20080221,30.057,30.057,29.209,29.209,538,0
20080222,29.209,29.209,29.209,29.209,212,0
20080225,29.681,29.681,29.681,29.681,73,0
20080226,29.681,29.681,29.681,29.681,615,0
20080227,30.151,30.151,29.209,29.209,154,0
20080229,28.267,28.267,28.267,28.267,531,0
20080303,27.325,27.325,25.441,25.441,3340,0
20080304,25.441,27.325,25.441,27.325,1305,0
20080305,27.514,28.267,27.325,27.325,1443,0
20080306,26.948,27.042,25.441,27.042,1069,0
20080307,26.383,27.325,26.383,27.325,43,0
20080310,27.796,27.796,26.194,26.854,799,0
20080311,26.835,27.608,26.675,27.608,9105,0
20080312,27.325,27.984,27.042,27.042,473,0
20080313,26.854,26.854,26.392,26.854,1061,0
20080317,25.921,26.854,25.912,25.912,639,0
20080318,26.383,26.383,26.383,26.383,15,0
20080319,26.854,26.854,26.854,26.854,33,0
20080325,26.854,26.854,26.854,26.854,22,0
20080328,26.854,26.854,26.854,26.854,42,0
20080331,26.383,26.383,26.383,26.383,159,0
20080401,26.383,26.383,26.383,26.383,10,0
20080402,26.383,26.572,26.383,26.572,116,0
20080403,25.912,25.912,25.912,25.912,38,0
20080404,25.912,25.912,25.534,25.534,103,0
20080407,25.723,25.723,25.723,25.723,53,0
20080408,25.912,25.912,25.252,25.817,241,0
20080409,26.383,26.43,25.629,25.629,7506,0
20080411,25.441,25.912,25.441,25.912,191,0
20080414,25.441,25.817,25.064,25.064,821,0
20080415,25.629,25.629,24.969,25.629,233,0
20080416,24.781,24.969,24.781,24.781,608,0
20080417,24.969,24.969,24.969,24.969,28,0
20080418,24.969,24.969,24.969,24.969,21,0
20080421,24.216,24.969,24.216,24.969,136,0
20080422,24.969,25.441,24.969,25.441,744,0
20080423,24.498,25.158,24.498,24.498,1425,0
20080424,24.498,24.498,24.498,24.498,32,0
20080425,25.064,25.064,25.064,25.064,128,0
20080428,25.355,25.355,25.355,25.355,85,0
20080429,24.404,25.158,24.404,25.158,28,0
20080505,24.592,24.592,24.498,24.592,58,0
20080506,24.969,24.969,24.592,24.592,85,0
20080507,24.687,24.687,24.687,24.687,42,0
20080508,24.771,24.771,24.498,24.498,393,0
20080509,24.771,26.383,24.498,24.498,861,0
20080513,25.064,25.064,25.064,25.064,73,0
20080514,24.584,24.584,24.584,24.584,30,0
20080515,24.969,24.969,24.969,24.969,52,0
20080516,24.498,24.498,24.498,24.498,107,0
20080519,24.687,24.687,24.498,24.498,531,0
20080521,24.498,24.498,23.763,24.498,2123,0
20080523,24.857,24.857,24.857,24.857,42,0
20080529,24.404,24.404,24.404,24.404,106,0
20080530,24.498,24.498,24.498,24.498,33,0
20080602,24.122,24.122,24.122,24.122,455,0
20080603,23.556,23.556,23.499,23.499,159,0
20080604,23.499,23.499,23.499,23.499,106,0
20080605,23.085,23.085,23.085,23.085,106,0
20080606,22.897,23.104,22.519,23.104,244,0
20080609,22.614,22.897,22.142,22.897,716,0
20080610,22.425,22.425,21.718,22.425,1775,0
20080611,22.425,22.425,22.142,22.425,401,0
20080612,22.614,22.614,22.614,22.614,670,0
20080616,22.897,22.897,22.897,22.897,1,0
20080619,22.897,22.897,22.897,22.897,32,0
20080624,22.142,22.614,22.142,22.614,132,0
20080625,22.802,22.802,22.425,22.425,719,0
20080626,22.897,22.897,22.897,22.897,583,0
20080627,22.897,22.897,22.425,22.897,719,0
20080701,22.237,22.237,22.237,22.237,690,0
20080703,21.483,21.483,21.483,21.483,48,0
20080707,20.918,20.918,20.918,20.918,29,0
20080708,20.918,20.918,20.73,20.73,85,0
20080714,20.738,20.738,20.738,20.738,144,0
20080715,20.541,20.541,20.541,20.541,148,0
20080716,20.258,20.258,20.258,20.258,170,0
20080718,20.918,20.918,20.918,20.918,27,0
20080721,20.541,20.541,20.541,20.541,79,0
20080723,20.541,20.541,20.541,20.541,531,0
20080728,20.069,20.069,20.069,20.069,265,0
20080730,20.164,20.164,20.164,20.164,212,0
20080731,19.599,19.788,19.599,19.788,22,0
20080801,19.505,19.505,19.505,19.505,319,0
20080804,19.824,19.824,19.824,19.824,49,0
20080818,19.788,19.788,19.788,19.788,180,0
20080819,19.316,19.316,19.316,19.316,32,0
20080820,19.505,19.505,19.505,19.505,22,0
20080821,19.788,19.788,19.788,19.788,30,0
20080822,20.069,20.069,20.069,20.069,1,0
20080901,19.505,19.505,19.505,19.505,42,0
20080904,19.41,19.41,19.41,19.41,69,0
20080915,19.505,19.505,19.505,19.505,42,0
20080916,19.033,19.033,19.033,19.033,159,0
20080917,19.033,19.505,18.939,18.939,244,0
20080918,18.374,18.939,16.536,16.536,29483,0
20080919,17.055,17.055,17.055,17.055,74,0
20080922,17.554,17.554,14.605,17.526,3776,0
20080924,16.772,16.96,16.301,16.96,30323,0
20080925,17.432,17.432,17.432,17.432,53,0
20080926,17.526,17.997,17.338,17.902,1574,0
20080929,18.374,18.374,16.489,17.243,2855,0
20080930,16.018,16.395,16.018,16.018,18523,0
20081001,16.348,16.348,16.348,16.348,124,0
20081002,15.924,16.018,15.085,15.547,1870,0
20081003,15.472,15.472,15.472,15.472,143,0
20081006,15.942,16.084,14.416,14.416,1573,0
20081007,14.982,14.982,14.472,14.567,1119,0
20081009,15.113,15.113,13.663,14.04,7700,0
20081010,14.134,14.134,13.945,13.945,1475,0
20081013,13.945,14.227,13.003,13.663,23742,0
20081014,14.322,14.322,13.954,13.954,433,0
20081016,14.322,14.623,14.134,14.416,2249,0
20081017,14.426,14.426,11.496,14.416,12206,0
20081020,14.51,14.51,14.02,14.51,26,0
20081021,14.51,14.51,13.191,13.945,3731,0
20081022,13.38,13.38,13.38,13.38,1167,0
20081023,13.022,13.022,13.022,13.022,53,0
20081030,13.191,13.191,13.191,13.191,1167,0
20081031,12.795,12.795,12.795,12.795,212,0
20081104,13.239,13.285,13.239,13.285,1698,0
20081105,13.596,13.596,13.201,13.201,1822,0
20081106,12.928,12.928,12.928,12.928,22,0
20081110,13.361,13.361,13.361,13.361,4,0
20081112,12.909,12.909,11.307,11.317,7896,0
20081113,11.496,12.202,10.186,10.186,1583,0
20081114,10.723,10.723,9.3751,9.668,29071,0
20081117,9.743,10.082,9.4315,9.611,3122,0
20081118,9.781,9.781,9.781,9.781,84322,0
20081119,9.799,11.307,9.799,9.893,4522,0
20081120,9.743,9.941,9.62,9.62,2229,0
20081121,9.4227,9.752,9.4227,9.705,16556,0
20081124,9.62,11.024,9.611,11.024,24142,0
20081125,10.93,10.93,10.082,10.365,21292,0
20081126,10.158,10.553,9.658,10.553,2750,0
20081127,10.459,10.77,10.176,10.77,3716,0
20081128,10.459,10.817,10.459,10.817,108,0
20081201,10.459,10.544,9.611,9.781,6944,0
20081202,9.752,10.365,9.705,10.365,4262,0
20081203,9.893,10.035,9.705,10.035,1795,0
20081204,10.035,10.176,10.026,10.176,1275,0
20081205,10.233,10.233,9.4315,10.233,1713,0
20081208,9.658,10.365,9.4509,10.365,3824,0
20081209,10.092,10.365,9.582,10.035,25781,0
20081210,10.271,10.628,9.63,9.63,458,0
20081211,9.931,9.931,9.611,9.611,1260,0
20081212,10.562,10.562,9.507,9.507,33,0
20081215,10.365,10.365,9.526,9.526,35,0
20081216,10.355,10.6,10.261,10.6,2463,0
20081217,10.365,10.742,9.771,9.818,5170,0
20081218,9.827,9.827,9.1397,9.4227,5347,0
20081219,9.0455,9.413,9.0455,9.0644,2395,0
20081222,9.0644,9.0644,8.6686,9.0644,329,0
20081223,8.6686,9.507,8.4802,9.507,2006,0
20081229,8.4802,9.2339,8.009,8.8571,1988,0
20081230,8.8571,8.8571,8.4802,8.4802,26820,0
20081231,8.5649,8.6686,7.7264,8.6686,13055,0
20090105,8.386,8.678,8.386,8.6686,581,0
20090106,8.6686,8.6686,8.4896,8.6404,1786,0
20090107,8.4802,8.6027,8.4802,8.6027,1699,0
20090108,8.5932,8.6027,8.5932,8.6027,38,0
20090109,8.4424,8.5649,8.1504,8.5649,277,0
20090112,8.5273,8.5273,8.5273,8.5273,1071,0
20090113,8.5273,8.6121,8.5273,8.6121,159,0
20090114,8.5179,8.5744,8.5179,8.5744,10,0
20090115,8.4802,8.4802,8.0938,8.1975,1779,0
20090116,8.3388,8.386,8.3388,8.386,1617,0
20090119,8.4802,8.4802,7.7923,7.7923,1682,0
20090120,7.717,7.8395,7.2081,7.8395,3703,0
20090121,7.8583,7.8583,7.1611,7.3966,2156,0
20090122,7.5379,7.5379,7.5285,7.5285,621,0
20090123,7.6322,7.6322,7.2553,7.6322,277,0
20090126,7.8206,7.8206,7.8206,7.8206,2,0
20090127,8.0185,8.0185,7.6322,8.0185,587,0
20090128,8.1787,9.1586,8.1032,8.1032,4072,0
20090129,8.3106,8.3106,7.9148,7.9148,138,0
20090130,8.2163,8.4802,7.9243,8.4802,44,0
20090202,8.8571,9.2808,8.4802,8.6498,721,0
20090203,8.6686,8.9513,8.6686,8.9513,663,0
20090204,9.3284,10.138,9.1397,10.138,750,0
20090205,9.847,9.847,9.611,9.611,1587,0
20090206,9.893,9.893,9.4315,9.893,212,0
20090209,9.4227,9.893,9.4227,9.4227,869,0
20090210,9.564,9.847,9.517,9.847,110,0
20090211,9.799,9.893,9.799,9.893,184,0
20090212,9.893,9.893,8.8099,8.9513,1731,0
20090213,8.9607,8.9607,8.9607,8.9607,5,0
20090217,8.9042,8.9984,8.2918,8.2918,2032,0
20090218,8.3012,8.3012,8.3012,8.3012,53,0
20090219,8.4613,8.4613,8.4613,8.4613,880,0
20090220,8.4802,8.8571,8.4802,8.8571,898,0
20090223,9.0644,9.893,9.0644,9.893,1074,0
20090224,10.308,10.355,9.799,10.355,815,0
20090225,10.355,10.355,9.988,10.355,864,0
20090226,9.847,10.223,9.847,10.223,492,0
20090227,10.223,10.223,9.847,9.893,1033,0
20090302,9.893,9.893,9.893,9.893,582,0
20090303,9.941,9.941,9.517,9.517,4972,0
20090304,9.658,9.658,9.2808,9.658,1237,0
20090305,9.705,9.705,9.2438,9.705,461,0
20090306,9.4227,9.4227,9.4227,9.4227,16376,0
20090309,9.4227,9.602,9.2438,9.602,225,0
20090310,9.4227,9.4227,9.2808,9.3284,1919,0
20090311,9.602,9.602,8.8571,8.8571,3642,0
20090312,8.6592,9.2339,8.6215,9.2339,2857,0
20090313,9.4509,9.4509,9.4412,9.4509,236,0
20090316,9.602,9.847,9.602,9.847,930,0
20090317,9.705,10.082,9.4227,9.4227,777,0
20090318,9.4315,9.893,9.4315,9.893,443,0
20090319,9.941,10.648,9.941,10.648,1772,0
20090320,10.365,11.118,10.365,10.365,18517,0
20090323,10.553,10.638,10.195,10.638,1427,0
20090324,10.365,10.6,10.355,10.365,4345,0
20090325,10.355,10.459,10.082,10.365,6541,0
20090326,10.365,10.459,10.271,10.459,1250,0
20090327,10.13,10.365,10.082,10.271,1609,0
20090330,10.487,10.487,10.365,10.459,312,0
20090331,10.553,10.553,10.138,10.553,641,0
20090401,10.648,10.648,9.893,10.223,37772,0
20090402,10.176,10.176,9.799,9.799,6750,0
20090403,9.875,9.978,9.517,9.893,23204,0
20090406,9.799,10.1,9.705,9.978,5166,0
20090407,9.893,9.913,9.611,9.676,14891,0
20090408,9.752,9.885,9.658,9.668,6045,0
20090409,9.705,9.885,9.611,9.705,28222,0
20090414,9.799,9.885,9.611,9.827,46405,0
20090415,9.799,9.855,9.705,9.799,31339,0
20090416,9.988,10.176,9.799,10.176,21669,0
20090417,10.365,11.562,10.365,11.213,23276,0
20090420,11.476,11.684,11.024,11.024,14133,0
20090421,11.024,11.024,10.459,10.742,10120,0
20090422,10.996,11.062,10.939,11.052,12319,0
20090423,11.052,11.496,11.024,11.024,8865,0
20090424,11.288,11.288,11.024,11.203,840,0
20090427,11.203,12.06,11.203,11.439,12257,0
20090428,11.213,11.91,11.213,11.815,9941,0
20090429,12.221,13.163,12.183,12.721,20346,0
20090430,14.605,15.528,13.568,14.134,42343,0
20090504,14.934,15.076,14.143,14.227,14185,0
20090505,14.227,14.407,13.945,14.398,5160,0
20090506,14.492,14.492,14.143,14.313,2918,0
20090507,14.049,14.086,13.135,13.135,6795,0
20090508,13.757,13.757,11.354,12.362,53742,0
20090511,13.21,13.663,13.191,13.285,18416,0
20090512,13.945,13.945,12.833,13.663,25369,0
20090513,14.227,14.982,14.171,14.888,19801,0
20090514,15.057,15.33,14.605,15.265,8653,0
20090515,15.999,18.138,15.999,18.138,14692,0
20090518,19.693,19.693,18.185,19.693,27751,0
20090519,19.768,19.768,17.808,17.856,18648,0
20090520,18.091,18.091,17.856,17.902,6326,0
20090521,17.62,17.62,16.499,16.772,6839,0
20090522,15.566,17.121,15.406,16.207,31249,0
20090525,16.207,16.489,16.113,16.432,3554,0
20090526,16.583,16.583,15.83,16.432,12247,0
20090527,16.914,17.055,16.725,17.007,13087,0
20090528,16.677,16.856,16.301,16.489,4189,0
20090529,16.536,16.942,16.508,16.942,2833,0
20090601,17.29,17.902,17.29,17.761,1614,0
20090602,17.714,17.902,17.149,17.243,2404,0
20090603,17.243,17.526,17.243,17.243,2131,0
20090604,17.657,17.657,16.979,16.989,1306,0
20090605,17.007,17.3,16.593,16.593,5037,0
20090608,16.762,16.866,16.395,16.395,3435,0
20090609,16.442,16.536,16.395,16.395,2793,0
20090610,16.404,17.093,16.404,17.055,1784,0
20090612,17.093,17.093,16.583,16.677,2744,0
20090615,16.659,16.772,16.432,16.432,1374,0
20090616,16.932,16.932,15.839,15.839,1683,0
20090617,15.265,15.697,15.265,15.274,1683,0
20090618,15.293,15.538,14.134,15.066,4867,0
20090619,14.793,15.057,14.793,15.048,1367,0
20090622,15.057,15.057,14.501,14.51,1650,0
20090623,14.227,14.652,14.227,14.322,15314,0
20090624,14.595,14.652,14.378,14.378,1089,0
20090625,14.322,15.452,14.134,15.057,3851,0
20090626,15.83,16.583,15.66,16.574,4990,0
20090629,16.744,16.744,16.301,16.659,2254,0
20090630,16.329,16.951,16.113,16.395,1657,0
20090701,16.395,16.659,16.207,16.659,1059,0
20090702,16.677,16.677,15.641,15.641,1965,0
20090703,16.018,16.301,16.018,16.018,3268,0
20090706,16.018,16.018,16.018,16.018,4542,0
20090707,16.018,16.018,15.801,16.018,13950,0
20090708,15.962,16.113,15.962,16.018,3608,0
20090709,16.348,16.489,16.254,16.254,1401,0
20090710,16.442,16.442,16.254,16.254,2279,0
20090713,16.018,16.018,16.018,16.018,23,0
20090714,16.159,16.96,16.159,16.499,6316,0
20090715,17.055,17.149,16.96,16.96,3567,0
20090716,16.781,17.252,16.762,17.149,5114,0
20090717,17.95,18.892,17.055,17.902,8772,0
20090720,17.902,18.657,17.902,18.383,4790,0
20090721,18.374,19.599,18.374,19.363,7064,0
20090722,19.316,19.636,18.374,19.636,2571,0
20090723,19.684,21.483,19.684,21.106,11081,0
20090724,21.012,21.672,20.513,21.2,9202,0
20090727,21.2,21.577,20.616,21.577,410,0
20090728,21.577,21.577,19.316,21.191,22843,0
20090729,20.258,20.73,19.796,20.352,2048,0
20090730,19.599,19.788,19.505,19.788,3382,0
20090731,19.788,19.975,19.788,19.788,5226,0
20090803,19.788,19.891,19.788,19.891,3471,0
20090804,20.069,20.258,20.069,20.258,4261,0
20090805,20.258,21.012,20.258,20.73,5079,0
20090806,20.73,20.824,20.73,20.73,545,0
20090807,20.824,20.824,20.73,20.73,1669,0
20090810,20.258,22.237,20.258,22.218,5918,0
20090811,22.425,22.595,21.2,21.2,3757,0
20090812,21.7,21.7,20.673,20.776,8648,0
20090813,21.248,21.248,20.776,20.776,64,0
20090814,21.182,21.2,21.182,21.2,1086,0
20090817,20.73,20.73,20.673,20.73,1623,0
20090818,20.258,20.268,20.258,20.258,301,0
20090819,20.258,20.71,20.258,20.258,496,0
20090820,20.73,22.142,20.73,22.142,2032,0
20090821,21.577,24.31,21.577,24.027,6042,0
20090824,24.592,26.373,24.216,25.252,2338,0
20090825,24.687,25.064,22.802,25.064,2597,0
20090826,25.441,25.441,23.849,24.969,1396,0
20090827,24.865,24.865,22.859,24.489,1899,0
20090828,24.517,24.517,22.812,23.556,7200,0
20090831,23.556,23.556,22.991,23.132,2953,0
20090901,23.556,24.027,23.085,23.744,23179,0
20090902,23.085,23.462,20.824,22.152,5365,0
20090903,22.134,24.102,22.134,23.085,8681,0
20090904,24.027,25.347,24.027,24.498,1437,0
20090907,26.854,26.854,24.498,24.498,788,0
20090908,26.665,26.665,23.556,24.687,1603,0
20090909,24.498,24.687,23.849,24.687,79,0
20090910,24.922,25.912,24.922,24.96,1109,0
20090911,24.96,24.96,24.216,24.96,321,0
20090914,23.763,24.253,23.085,24.253,9950,0
20090915,23.744,23.744,23.744,23.744,440,0
20090916,23.744,24.027,23.744,24.027,531,0
20090917,23.566,23.566,23.566,23.566,20,0
20090918,24.584,24.584,24.584,24.584,155,0
20090921,23.566,24.498,23.566,24.489,1810,0
20090922,24.395,24.404,24.375,24.404,8740,0
20090923,24.687,24.687,23.744,23.744,682,0
20090924,24.122,24.122,24.122,24.122,190,0
20090925,24.404,24.404,23.566,23.575,1205,0
20090928,23.933,23.933,22.821,23.933,1020,0
20090929,23.933,23.933,23.933,23.933,743,0
20090930,23.933,23.933,22.812,23.933,420,0
20091001,24.498,25.158,23.566,23.744,964,0
20091002,24.168,24.168,23.114,23.367,1130,0
20091005,23.829,23.839,21.106,23.528,1842,0
20091006,22.943,23.546,22.943,22.953,535,0
20091007,23.528,23.537,23.085,23.085,1020,0
20091008,22.755,23.085,22.755,23.085,583,0
20091009,23.076,25.393,23.076,24.781,6827,0
20091012,24.951,24.969,24.592,24.592,1054,0
20091013,24.969,24.969,24.687,24.687,206,0
20091014,24.969,24.969,24.498,24.498,3279,0
20091015,24.781,24.96,24.084,24.781,3283,0
20091016,24.781,24.781,24.743,24.771,1363,0
20091019,24.969,24.969,24.094,24.479,732,0
20091020,24.442,24.489,23.839,23.839,2872,0
20091021,24.498,24.498,23.556,23.556,37515,0
20091022,24.385,24.385,23.556,24.074,3366,0
20091023,24.451,24.451,24.451,24.451,106,0
20091026,24.216,24.489,23.744,24.404,3967,0
20091027,23.791,24.404,22.614,24.216,2103,0
20091028,24.206,24.206,23.594,24.197,2625,0
20091029,24.197,24.197,23.791,24.197,686,0
20091030,24.168,24.546,24.168,24.489,1576,0
20091102,24.489,24.489,24.489,24.489,276,0
20091103,24.263,24.489,23.791,24.489,6524,0
20091104,24.498,25.393,24.498,25.347,3828,0
20091105,25.441,27.137,25.441,27.118,3440,0
20091106,27.127,27.231,26.402,26.901,12776,0
20091109,27.193,27.221,26.477,27.221,5984,0
20091110,26.901,28.739,26.901,28.456,2887,0
20091112,28.739,30.151,27.325,30.151,6168,0
20091113,30.199,30.199,28.267,29.209,5617,0
20091116,29.191,29.191,27.834,28.267,4046,0
20091117,29.191,29.304,29.012,29.012,3903,0
20091118,28.926,28.926,27.608,28.258,22060,0
20091119,28.267,28.267,27.278,28.173,890,0
20091120,28.079,28.079,27.325,27.946,1389,0
20091123,28.258,28.267,27.476,28.258,5085,0
20091124,28.739,28.739,27.514,28.635,2484,0
20091125,28.833,28.833,28.079,28.258,3058,0
20091126,28.267,28.833,26.665,28.267,157569,0
20091127,27.89,30.105,27.89,30.105,5473,0
20091130,30.623,31.461,30.623,31.094,868,0
20091201,31.094,32.979,31.094,32.884,13017,0
20091202,33.629,33.921,32.073,33.581,22270,0
20091203,33.722,33.921,33.356,33.921,12033,0
20091204,33.826,33.826,32.507,33.826,1157,0
20091207,34.392,34.863,33.826,34.487,21364,0
20091208,34.487,34.487,32.997,34.487,447,0
20091209,33.921,34.392,33.921,34.204,427,0
20091210,34.345,34.392,33.911,34.392,2887,0
20091211,34.487,34.58,33.921,34.58,14329,0
20091214,34.58,34.863,34.487,34.863,1767,0
20091215,34.053,35.466,34.053,35.334,1208,0
20091216,35.466,35.466,35.24,35.447,722,0
20091217,35.466,35.466,35.429,35.466,405,0
20091218,34.204,35.541,34.204,35.541,2170,0
20091221,35.645,35.654,34.91,35.654,1592,0
20091222,35.051,36.088,34.449,36.088,53672,0
20091223,36.088,36.276,35.155,36.088,826,0
20091228,36.088,36.267,36.088,36.267,677,0
20091229,35.805,36.182,34.872,36.182,1203,0
20091230,36.276,36.276,35.437,36.182,1125,0
20091231,36.276,36.748,35.051,35.899,3048,0
20100104,36.276,36.276,33.921,35.899,33290,0
20100105,35.343,35.899,35.334,35.899,1868,0
20100106,35.899,35.993,35.899,35.919,1728,0
20100107,35.343,36.512,35.334,36.512,1990,0
20100108,36.559,37.218,36.559,37.218,257,0
20100111,37.218,37.501,37.218,37.501,2626,0
20100112,37.501,37.501,35.805,35.805,2764,0
20100113,35.447,36.691,35.447,36.691,978,0
20100114,36.644,37.331,36.644,37.331,3452,0
20100115,37.501,37.501,37.501,37.501,289,0
20100118,37.454,37.501,37.454,37.463,133,0
20100119,37.218,37.218,37.218,37.218,880,0
20100120,37.492,37.492,36.766,36.766,297,0
20100121,36.766,37.294,36.38,37.218,703,0
20100122,37.162,37.162,36.088,36.276,539,0
20100125,36.276,36.465,35.947,35.993,2015,0
20100126,35.447,35.447,34.025,34.278,14228,0
20100127,33.732,33.732,31.848,33.073,4670,0
20100128,33.356,33.732,33.073,33.591,10705,0
20100129,33.591,35.617,32.8,35.033,11746,0
20100201,34.957,35.711,34.392,35.033,6069,0
20100202,35.654,35.654,34.515,35.306,149,0
20100203,34.515,35.503,34.515,34.59,241,0
20100204,34.505,34.552,33.204,33.921,2353,0
20100205,33.543,33.543,31.094,32.979,1468,0
20100208,32.14,33.732,32.14,32.225,1573,0
20100209,32.225,32.743,31.848,32.743,980,0
20100210,31.961,33.722,31.961,33.525,4412,0
20100211,33.101,33.12,33.091,33.091,644,0
20100212,33.091,33.091,33.091,33.091,5,0
20100215,33.167,33.449,33.167,33.449,192,0
20100216,33.214,33.262,33.214,33.262,587,0
20100217,33.591,34.373,33.591,34.373,985,0
20100218,34.373,34.863,33.28,34.863,2437,0
20100219,33.921,34.863,33.921,34.863,2091,0
20100222,34.957,35.334,33.977,35.334,548,0
20100223,34.872,34.957,34.872,34.872,255,0
20100224,34.119,35.334,34.119,35.146,920,0
20100225,34.674,34.957,34.392,34.392,332,0
20100226,34.033,34.863,34.033,34.863,3751,0
20100301,34.184,35.184,34.184,35.184,388,0
20100302,34.307,35.23,34.298,34.515,321,0
20100303,34.242,34.863,34.242,34.863,289,0
20100304,35.23,35.23,35.146,35.146,191,0
20100305,35.146,35.617,34.42,35.617,1014,0
20100308,35.796,35.796,34.487,34.487,1409,0
20100309,35.174,35.174,34.392,35.117,1193,0
20100310,35.08,35.24,34.487,34.694,1140,0
20100311,35.381,35.381,34.487,35.325,641,0
20100312,35.362,35.362,34.656,35.334,9645,0
20100315,35.334,35.334,35.334,35.334,128,0
20100316,35.429,36.116,35.429,36.116,1880,0
20100317,36.276,36.276,35.24,35.24,4441,0
20100318,35.871,35.871,34.58,35.796,930,0
20100319,35.711,36.55,35.702,36.088,3523,0
20100322,36.088,36.088,36.088,36.088,431,0
20100323,36.276,36.295,36.276,36.295,168,0
20100324,36.465,36.465,36.455,36.455,168,0
20100325,36.455,36.983,36.371,36.983,2024,0
20100326,37.2,37.482,37.2,37.482,1517,0
20100329,37.784,41.458,36.832,39.103,2699,0
20100330,39.574,40.506,39.103,40.046,1423,0
20100331,40.046,40.046,39.895,39.932,30986,0
20100401,40.422,40.422,38.642,39.847,213,0
20100406,39.847,39.847,36.879,37.784,1758,0
20100407,37.879,37.879,36.936,37.69,3882,0
20100408,37.596,38.594,37.218,38.594,206,0
20100409,38.161,38.161,38.161,38.161,570,0
20100412,39.009,39.009,39.009,39.009,113,0
20100413,37.972,38.528,37.228,37.69,836,0
20100414,37.69,38.528,37.313,37.69,27466,0
20100415,38.349,38.349,37.473,37.473,2062,0
20100416,37.69,37.699,37.322,37.596,10951,0
20100419,38.481,38.481,37.322,37.407,499,0
20100420,36.945,37.586,36.936,37.058,209,0
20100421,38.142,38.142,38.142,38.142,35,0
20100422,38.066,38.161,37.124,37.144,1072,0
20100423,38.066,38.066,37.69,37.69,191,0
20100426,38.066,38.066,36.869,38.038,736,0
20100427,37.972,37.972,37.548,37.548,314,0
20100428,37.548,37.596,37.548,37.596,40,0
20100429,36.936,36.936,36.936,36.936,338,0
20100430,37.03,38.066,37.03,38.066,1169,0
20100504,38.161,38.971,38.161,38.632,2555,0
20100505,37.662,38.161,36.568,38.161,6934,0
20100506,37.209,37.68,36.7,37.596,1110,0
20100507,36.841,37.124,36.088,37.124,3967,0
20100510,37.586,37.586,37.586,37.586,105,0
20100511,37.662,37.69,37.662,37.69,96,0
20100512,37.69,37.69,37.69,37.69,116,0
20100513,37.228,37.266,37.218,37.218,4893,0
20100514,37.596,37.596,36.662,36.662,106,0
20100517,36.748,37.218,36.654,36.654,380,0
20100518,36.654,37.209,36.654,37.209,123,0
20100519,36.654,36.654,35.927,36.654,965,0
20100520,36.654,36.654,36.654,36.654,94,0
20100521,35.739,36.654,33.007,36.654,2163,0
20100524,36.625,36.625,36.625,36.625,32,0
20100525,35.748,36.559,35.343,35.343,540,0
20100526,35.343,36.267,34.477,36.267,1120,0
20100527,36.182,37.218,36.182,37.218,354,0
20100528,37.106,37.492,37.106,37.492,305,0
20100531,37.576,37.69,36.748,37.69,1912,0
20100601,37.68,37.69,37.218,37.69,5737,0
20100602,37.68,37.69,36.936,37.69,56,0
20100604,37.69,37.69,37.501,37.501,274,0
20100607,36.748,36.748,36.748,36.748,48,0
20100608,36.748,37.501,36.748,37.501,291,0
20100609,36.55,37.144,36.276,36.276,723,0
20100610,37.114,37.114,37.03,37.03,9,0
20100611,37.172,37.172,36.182,37.03,124,0
20100614,37.162,37.162,37.144,37.144,182,0
20100616,36.21,36.748,36.21,36.748,28,0
20100617,36.276,36.276,36.276,36.276,99,0
20100618,35.909,36.465,35.372,36.465,301,0
20100621,36.719,36.719,36.719,36.719,1,0
20100623,36.559,36.559,35.805,35.993,475,0
20100624,35.984,35.984,35.984,35.984,22,0
20100625,35.805,35.805,35.089,35.146,282,0
20100628,34.863,35.146,34.863,35.146,699,0
20100629,35.334,35.334,34.467,34.58,2124,0
20100630,35.4,35.89,35.4,35.89,307,0
20100701,35.796,35.805,35.796,35.805,35,0
20100702,35.805,35.805,35.805,35.805,33,0
20100705,35.805,35.805,35.805,35.805,33,0
20100706,35.24,35.617,35.24,35.617,182,0
20100707,35.617,35.617,35.617,35.617,10,0
20100708,35.805,35.805,35.805,35.805,42,0
20100712,35.24,35.796,34.863,35.796,203,0
20100713,35.796,35.796,34.674,34.674,2,0
20100714,34.768,34.768,34.467,34.487,2028,0
20100715,34.768,35.042,34.487,34.957,1503,0
20100719,34.863,34.863,34.863,34.863,6156,0
20100720,34.863,34.863,34.863,34.863,16005,0
20100721,34.863,34.863,34.863,34.863,51,0
20100722,34.863,34.957,34.025,34.487,5140,0
20100723,34.58,34.674,34.487,34.487,479,0
20100726,34.401,34.863,34.401,34.863,477,0
20100728,34.392,34.863,34.109,34.863,240,0
20100729,34.627,34.627,34.627,34.627,7519,0
20100730,34.674,34.674,34.128,34.487,750,0
20100802,34.768,35.617,34.487,34.487,7927,0
20100803,34.053,34.863,34.053,34.674,3309,0
20100804,34.401,34.401,34.401,34.401,2126,0
20100805,34.59,34.844,34.222,34.222,2648,0
20100806,34.487,35.051,34.487,34.674,8791,0
20100809,35.711,35.711,34.487,34.487,2341,0
20100810,34.062,34.674,34.062,34.674,3485,0
20100811,34.128,34.863,34.128,34.298,1723,0
20100812,35.042,35.051,34.392,34.392,15296,0
20100813,34.298,34.392,34.298,34.392,1011,0
20100816,35.711,35.711,34.863,34.863,336,0
20100817,35.334,35.334,34.015,34.76,680,0
20100818,34.071,34.58,34.062,34.58,266,0
20100819,34.599,34.599,34.345,34.345,91,0
20100820,33.647,34.844,33.647,34.844,163,0
20100823,34.853,34.853,33.449,34.109,974,0
20100824,34.722,34.722,33.826,33.921,2419,0
20100825,34.74,34.74,34.298,34.298,255,0
20100826,34.156,34.467,33.78,33.921,2627,0
20100827,34.467,34.467,33.949,33.959,223,0
20100830,34.043,34.392,33.921,34.204,1202,0
20100831,33.921,33.921,33.553,33.921,1577,0
20100901,33.921,34.109,33.921,34.109,437,0
20100902,33.685,34.109,33.167,33.167,2220,0
20100903,33.874,33.874,33.864,33.864,447,0
20100906,33.921,34.853,33.657,34.853,18862,0
20100907,34.816,34.816,33.732,33.921,724,0
20100908,33.921,33.921,33.921,33.921,314,0
20100909,33.921,33.921,33.167,33.921,1344,0
20100910,33.647,33.921,33.638,33.921,546,0
20100913,34.364,34.364,32.507,33.921,1470,0
20100914,33.27,33.921,32.037,33.073,5969,0
20100915,33.921,33.921,33.449,33.497,280,0
20100916,33.28,33.921,33.28,33.826,460,0
20100917,33.921,33.921,33.591,33.591,1490,0
20100920,34.166,37.303,34.166,36.748,3883,0
20100921,37.218,38.632,37.218,38.038,2579,0
20100922,37.313,37.925,36.295,37.218,1191,0
20100923,37.218,37.218,36.748,37.218,753,0
20100924,37.69,37.69,37.642,37.642,266,0
20100927,36.748,37.501,36.748,37.501,53,0
20100928,36.748,37.69,36.305,37.69,6805,0
20100929,37.218,37.69,37.218,37.69,6686,0
20100930,37.68,37.69,37.218,37.69,3585,0
20101001,37.501,37.501,37.124,37.501,1320,0
20101004,37.124,37.69,37.124,37.69,3407,0
20101005,37.69,37.69,37.218,37.69,151,0
20101006,37.69,37.69,37.218,37.218,443,0
20101007,37.114,37.69,37.114,37.69,9849,0
20101008,37.69,37.69,36.757,36.757,4509,0
20101011,37.614,37.69,37.614,37.614,992,0
20101012,37.69,37.69,37.218,37.614,704,0
20101013,37.642,37.69,37.586,37.586,690,0
20101014,37.124,37.124,37.03,37.124,530,0
20101015,37.642,37.69,36.371,36.738,19271,0
20101018,36.286,36.286,34.674,35.56,1886,0
20101019,34.674,36.276,34.674,36.229,1636,0
20101020,35.146,36.446,35.146,36.446,1522,0
20101021,36.437,36.437,35.899,35.899,495,0
20101022,35.927,36.465,35.899,36.465,444,0
20101025,36.417,36.927,34.119,36.927,959,0
20101026,36.841,36.841,35.815,36.728,866,0
20101027,36.7,36.7,35.711,36.276,1330,0
20101028,37.096,37.096,35.833,36.465,588,0
20101029,35.852,36.276,35.852,36.276,252,0
20101102,36.276,36.276,35.899,35.899,467,0
20101103,35.899,36.182,35.805,36.088,5567,0
20101104,35.192,36.182,35.192,35.805,1131,0
20101105,35.013,36.465,35.013,36.465,1008,0
20101108,36.691,36.728,35.805,36.691,1357,0
20101109,35.815,36.691,35.805,36.691,1372,0
20101110,36.276,36.7,36.013,36.7,21878,0
20101112,35.956,36.616,35.956,36.616,87,0
20101115,35.993,36.559,35.899,35.899,77,0
20101116,36.606,36.606,35.108,35.805,998,0
20101117,35.805,35.805,35.051,35.315,724,0
20101118,34.863,35.005,34.487,34.58,1048,0
20101119,34.515,35.098,34.298,35.08,1057,0
20101122,34.863,34.863,34.863,34.863,10,0
20101123,34.392,34.863,34.392,34.863,190,0
20101124,34.487,34.863,34.487,34.863,314,0
20101125,34.487,34.768,34.204,34.768,416,0
20101126,34.401,35.146,34.204,35.146,340,0
20101129,35.296,36.069,34.411,35.993,645,0
20101130,35.523,35.523,34.25,35.061,216,0
20101201,35.89,36.267,35.805,35.805,507,0
20101202,34.91,35.805,34.91,35.796,231,0
20101203,34.495,36.164,34.495,36.164,2508,0
20101206,35.258,35.805,34.91,35.805,1023,0
20101207,35.334,36.267,35.334,36.267,1635,0
20101208,36.267,36.267,35.381,36.258,611,0
20101209,35.899,35.899,35.146,35.212,1701,0
20101210,35.984,35.984,35.965,35.975,194,0
20101213,35.108,36.182,35.042,36.182,2907,0
20101214,35.984,36.276,35.325,36.172,5531,0
20101215,35.551,36.267,35.127,36.135,2146,0
20101216,35.117,36.164,35.117,35.805,4530,0
20101217,35.287,35.796,33.308,35.796,43515,0
20101220,34.919,34.919,34.58,34.853,1994,0
20101221,34.401,34.863,34.392,34.863,1031,0
20101222,34.025,34.863,34.025,34.345,3156,0
20101223,34.392,34.58,34.392,34.487,32051,0
20101227,33.949,34.76,33.949,34.487,302,0
20101228,34.175,34.863,34.175,34.863,10721,0
20101229,34.278,35.466,34.278,35.466,1399,0
20101230,34.627,34.863,34.627,34.863,6584,0
20101231,34.863,35.457,34.571,35.457,844,0
20110103,35.457,35.457,35.457,35.457,23,0
20110104,34.58,35.334,34.204,35.334,741,0
20110105,34.863,35.466,34.599,35.325,587,0
20110107,35.278,35.278,34.401,35.212,523,0
20110110,34.561,35.325,34.561,35.325,548,0
20110111,34.515,34.515,34.515,34.515,101,0
20110112,35.24,35.24,34.523,34.523,214,0
20110113,35.315,35.899,34.627,35.692,987,0
20110114,35.664,35.664,34.919,34.939,612,0
20110117,34.939,35.664,34.939,35.664,772,0
20110118,35.664,35.664,34.976,35.325,396,0
20110119,35.654,35.654,35.654,35.654,4,0
20110120,35.664,36.154,35.391,36.154,822,0
20110121,36.154,36.154,35.805,35.805,292,0
20110124,35.805,36.164,35.495,35.993,213,0
20110125,35.993,35.993,35.617,35.984,156,0
20110126,35.984,35.984,35.805,35.899,12187,0
20110127,35.645,36.088,35.645,36.088,748,0
20110128,36.154,36.286,36.154,36.286,1676,0
20110131,36.305,36.559,36.276,36.314,939,0
20110201,36.314,37.69,36.314,37.69,21222,0
20110202,37.454,38.622,37.454,37.69,2071,0
20110203,37.831,38.584,37.642,38.528,248,0
20110204,38.51,38.51,37.407,37.511,737,0
20110207,36.945,37.52,36.945,37.501,2670,0
20110208,36.964,37.218,36.964,36.964,682,0
20110209,37.237,37.237,37.237,37.237,713,0
20110210,36.945,36.945,36.945,36.945,429,0
20110211,36.945,36.945,36.945,36.945,2343,0
20110214,36.992,36.992,36.945,36.945,76,0
20110215,36.945,37.021,36.748,36.748,17570,0
20110216,36.748,36.748,36.286,36.286,97,0
20110217,35.409,35.805,35.409,35.805,309,0
20110218,36.748,37.172,36.748,37.124,463,0
20110221,36.276,36.276,35.993,35.993,94,0
20110222,35.805,35.975,35.523,35.523,337,0
20110223,35.626,35.626,35.617,35.626,303,0
20110224,35.551,35.664,35.551,35.664,733,0
20110225,35.56,35.984,35.56,35.598,868,0
20110228,35.796,35.796,35.711,35.711,1343,0
20110301,35.692,35.692,35.617,35.617,1430,0
20110302,35.617,35.626,35.617,35.617,3605,0
20110303,35.626,35.664,35.626,35.664,185,0
20110304,35.805,35.805,35.805,35.805,67,0
20110307,36.088,36.465,35.541,36.417,26611,0
20110308,35.617,36.229,35.617,36.229,714,0
20110309,35.852,36.154,35.852,36.154,606,0
20110310,36.078,36.088,36.078,36.088,295,0
20110311,35.899,35.899,35.805,35.805,255,0
20110314,35.805,35.805,35.805,35.805,82,0
20110315,35.815,36.625,35.805,36.625,661,0
20110316,36.719,36.719,36.267,36.417,993,0
20110317,35.815,36.088,35.805,36.088,11047,0
20110318,35.758,35.805,35.645,35.805,185,0
20110321,35.805,35.815,35.805,35.805,419,0
20110322,35.805,35.805,35.805,35.805,260,0
20110323,35.805,36.088,35.805,36.088,1309,0
20110324,36.625,38.5,36.625,38.5,2497,0
20110325,37.068,38.528,37.068,38.49,1727,0
20110328,37.708,37.708,36.154,36.841,3939,0
20110329,37.482,38.434,37.379,38.434,1599,0
20110330,37.53,38.415,37.53,38.349,2194,0
20110331,37.162,38.161,37.162,38.161,2127,0
20110401,37.369,38.349,37.369,38.349,665,0
20110404,37.407,38.302,37.407,38.255,274,0
20110405,37.322,37.879,37.322,37.417,1005,0
20110406,37.417,37.879,37.417,37.69,226,0
20110407,38.349,38.349,37.69,38.161,1378,0
20110408,37.69,37.784,37.69,37.784,303,0
20110412,38.255,38.255,37.784,38.255,4510,0
20110413,37.435,38.321,37.435,38.255,616,0
20110414,38.255,38.302,38.161,38.161,956,0
20110415,37.69,37.69,37.69,37.69,55,0
20110418,37.69,37.69,37.69,37.69,679,0
20110419,37.69,37.69,37.218,37.69,1166,0
20110420,37.69,38.161,37.058,37.058,9465,0
20110421,37.058,37.058,37.058,37.058,459,0
20110426,36.757,37.68,36.757,37.68,463,0
20110427,37.134,37.218,37.134,37.218,259,0
20110428,37.407,37.69,37.407,37.69,3154,0
20110429,37.69,37.879,37.69,37.69,10502,0
20110502,37.266,38.01,37.266,38.01,154,0
20110504,38.236,38.349,37.69,37.69,1653,0
20110505,37.69,37.69,37.69,37.69,5,0
20110506,37.699,40.988,37.699,40.988,2988,0
20110509,40.988,40.988,39.574,40.046,5601,0
20110510,40.046,40.705,40.046,40.516,2988,0
20110511,40.046,40.046,39.584,39.988,735,0
20110512,39.602,40.611,39.602,40.506,7903,0
20110513,39.678,40.506,39.678,40.506,436,0
20110516,39.584,40.498,39.574,40.498,1110,0
20110517,39.584,40.516,39.574,40.498,1253,0
20110518,40.498,40.498,40.498,40.498,237,0
20110519,39.772,40.46,39.772,40.46,6721,0
20110520,39.772,40.347,38.783,40.347,8382,0
20110523,40.054,40.422,40.046,40.328,27736,0
20110524,40.328,40.328,39.112,39.197,9689,0
20110525,40.13,40.225,39.197,40.225,415,0
20110526,39.301,40.111,39.235,40.092,437,0
20110527,39.301,40.083,39.301,40.083,116,0
20110530,40.233,40.233,39.197,40.046,12161,0
20110531,40.046,40.988,39.857,40.988,5391,0
20110601,40.196,40.988,40.196,40.988,3799,0
20110602,41.251,41.271,40.281,40.667,376,0
20110603,40.968,40.968,40.281,40.968,251,0
20110606,40.046,40.516,39.48,39.48,1257,0
20110607,39.386,40.413,39.103,39.574,999,0
20110608,39.574,40.026,39.112,40.026,273,0
20110609,39.574,39.574,38.584,39.564,1557,0
20110610,38.584,39.951,38.584,39.574,475,0
20110613,40.026,40.026,39.574,40.017,961,0
20110614,39.122,40.017,39.122,39.574,707,0
20110615,39.16,39.942,39.15,39.574,1832,0
20110616,38.642,40.017,38.642,40.017,366,0
20110617,39.112,39.951,39.112,39.951,210,0
20110620,40.026,40.026,39.253,39.932,454,0
20110621,39.386,39.951,39.386,39.942,331,0
20110624,39.574,39.574,39.574,39.574,439,0
20110627,39.103,39.574,39.094,39.094,1033,0
20110628,39.951,39.951,38.255,38.915,879,0
20110629,39.094,39.094,38.255,38.924,1145,0
20110630,38.924,39.094,38.632,39.094,735,0
20110701,38.283,39.574,38.283,39.574,472,0
20110704,39.951,39.951,38.651,39.574,563,0
20110705,39.574,39.574,39.574,39.574,523,0
20110706,38.66,39.423,38.632,39.423,268,0
20110707,39.141,39.556,39.141,39.423,407,0
20110708,38.735,39.564,38.735,39.564,877,0
20110711,39.564,39.574,39.386,39.386,1614,0
20110712,38.755,38.755,38.717,38.717,468,0
20110713,38.632,38.632,38.632,38.632,357,0
20110714,39.536,39.536,37.699,37.699,313,0
20110715,38.066,38.594,38.066,38.17,171,0
20110719,37.473,37.473,35.174,36.654,972,0
20110720,35.815,35.815,34.373,34.487,1335,0
20110721,33.921,33.921,32.037,33.714,1404,0
20110722,34.392,35.146,33.732,34.863,1167,0
20110725,35.805,35.805,34.392,35.796,31403,0
20110726,35.051,35.598,34.392,35.598,19626,0
20110727,35.343,35.73,35.334,35.334,36,0
20110728,35.692,36.54,35.692,35.805,24201,0
20110729,35.805,36.748,35.334,36.578,84385,0
20110801,36.578,36.738,34.91,35.805,1702,0
20110802,35.485,36.333,35.051,35.485,333,0
20110803,35.485,35.485,32.979,35.334,4144,0
20110804,36.164,36.164,33.515,35.24,1372,0
20110805,33.449,34.863,32.545,34.863,1934,0
20110808,32.535,33.921,32.498,32.979,103316,0
20110809,32.149,32.149,29.728,32.037,2199,0
20110810,32.037,33.921,31.094,31.094,998,0
20110811,32.592,33.449,29.728,33.449,449,0
20110812,33.402,34.674,33.402,34.392,861,0
20110816,34.392,34.552,32.677,34.278,695,0
20110817,33.421,34.392,33.421,34.392,199,0
20110818,35.212,35.212,31.188,35.098,1366,0
20110819,34.222,35.098,34.222,34.863,227,0
20110822,33.997,34.863,32.131,34.863,1954,0
20110823,34.005,34.58,33.987,34.58,430,0
20110824,34.853,34.863,33.308,34.863,1271,0
20110825,35.098,35.098,34.222,35.098,2419,0
20110826,34.025,35.098,34.025,35.098,953,0
20110829,35.051,35.051,35.051,35.051,1167,0
20110830,35.051,35.051,34.863,34.863,698,0
20110831,35.051,35.429,34.863,34.863,600,0
20110901,34.863,35.617,34.694,35.617,418,0
20110902,35.993,35.993,35.089,35.334,544,0
20110905,34.457,35.23,33.921,35.051,2590,0
20110906,33.318,35.993,33.318,34.863,596,0
20110907,34.863,35.051,34.487,35.051,2108,0
20110908,34.674,35.051,33.722,35.051,1258,0
20110909,34.204,34.816,34.204,34.392,320,0
20110912,33.921,34.373,32.979,32.979,283,0
20110913,33.752,33.76,32.979,33.007,1140,0
20110914,32.979,32.979,32.979,32.979,334,0
20110915,32.979,32.979,30.255,30.83,8543,0
20110916,31.471,31.471,28.267,28.267,5218,0
20110919,29.624,30.039,24.027,29.209,23164,0
20110920,30.105,30.953,28.644,30.953,4225,0
20110921,30.906,31.923,30.906,31.923,393,0
20110922,32.667,32.667,30.906,31.848,1085,0
20110923,31.047,31.848,31.047,31.848,670,0
20110926,31.047,31.848,31.047,31.848,289,0
20110927,31.848,31.848,29.964,31.848,20392,0
20110928,32.404,32.404,31.226,31.226,913,0
20110929,31.216,31.65,31.216,31.65,53,0
20110930,32.318,32.318,31.094,31.094,3261,0
20111003,31.461,31.461,30.679,31.094,2167,0
20111004,30.623,31.094,30.246,31.094,1172,0
20111005,31.094,31.348,31.094,31.348,439,0
20111006,31.838,31.942,31.754,31.942,1153,0
20111007,32.037,34.298,32.037,34.298,467,0
20111010,33.44,34.298,32.601,34.298,1908,0
20111011,35.334,35.334,34.298,35.23,1596,0
20111012,34.863,35.051,34.392,35.005,1324,0
20111013,34.816,34.863,34.298,34.863,1224,0
20111014,35.042,35.042,34.081,34.947,955,0
20111017,34.081,34.599,34.081,34.58,686,0
20111018,33.732,35.033,33.714,34.853,1432,0
20111019,34.863,34.863,33.619,34.42,1229,0
20111020,33.563,34.618,33.563,34.392,756,0
20111021,33.921,34.561,33.921,34.561,1690,0
20111024,34.58,34.665,34.58,34.665,1061,0
20111025,34.58,34.58,34.571,34.571,2158,0
20111026,34.392,34.515,34.392,34.515,642,0
20111027,34.392,34.392,33.921,33.921,998,0
20111028,34.505,34.505,33.93,34.392,1295,0
20111031,34.674,34.844,34.392,34.844,1009,0
20111102,31.386,34.392,31.386,34.382,92,0
20111103,34.665,34.665,34.665,34.665,1,0
20111104,33.921,34.392,33.808,34.392,805,0
20111107,34.392,34.392,34.392,34.392,34,0
20111108,34.392,34.392,31.999,34.392,2794,0
20111109,34.392,34.392,33.921,34.382,514,0
20111114,34.58,34.58,34.58,34.58,106,0
20111115,34.382,34.392,34.382,34.392,639,0
20111116,34.015,34.288,33.676,34.288,494,0
20111117,33.949,34.674,33.949,34.674,69,0
20111118,33.921,34.298,33.921,34.298,2037,0
20111121,33.27,34.278,33.27,34.26,6699,0
20111123,33.921,34.232,33.921,34.232,599,0
20111124,33.921,34.222,33.921,34.222,595,0
20111125,33.921,34.222,33.921,34.222,567,0
20111128,33.921,34.204,33.874,34.204,1614,0
20111129,34.204,34.204,33.346,34.137,922,0
20111130,33.921,34.109,33.911,34.109,938,0
20111201,34.863,34.863,34.768,34.768,546,0
20111202,34.392,34.487,34.392,34.487,534,0
20111205,34.401,34.401,33.76,34.401,725,0
20111206,34.204,34.392,34.204,34.392,532,0
20111207,34.58,34.58,34.58,34.58,560,0
20111208,34.204,34.204,33.515,34.204,844,0
20111209,33.921,34.487,33.921,34.487,1954,0
20111212,33.629,34.853,33.629,34.853,12,0
20111213,34.487,34.806,34.487,34.806,335,0
20111214,34.768,34.768,34.768,34.768,10,0
20111215,33.911,36.276,33.28,36.276,1917,0
20111216,36.276,36.841,35.184,35.805,794,0
20111219,35.089,35.796,35.089,35.796,531,0
20111220,34.901,35.805,34.863,35.334,997,0
20111221,35.306,35.306,35.306,35.306,212,0
20111222,34.863,35.268,34.457,35.268,66,0
20111223,34.543,35.212,33.666,35.202,220,0
20111227,34.392,34.392,34.392,34.392,459,0
20111228,34.392,34.392,34.335,34.335,331,0
20111229,35.136,35.805,34.364,35.805,1106,0
20111230,35.805,35.805,35.805,35.805,316,0
20120102,35.805,35.805,35.805,35.805,3,0
20120103,36.446,36.446,36.417,36.417,323,0
20120104,36.417,36.417,34.345,35.164,549,0
20120105,34.354,35.174,34.354,34.373,843,0
20120109,34.392,36.738,34.392,35.334,908,0
20120110,36.164,36.455,34.835,35.805,581,0
20120111,35.334,36.078,35.174,35.334,396,0
20120112,36.164,36.446,35.532,35.805,459,0
20120113,34.919,34.919,34.863,34.863,357,0
20120116,35.664,35.664,34.768,35.664,504,0
20120117,34.863,35.805,34.863,35.805,567,0
20120118,35.805,35.805,35.805,35.805,59,0
20120119,35.805,35.805,34.863,35.758,1321,0
20120120,35.758,36.201,35.758,36.201,294,0
20120123,35.758,35.993,35.758,35.993,64,0
20120124,35.993,39.376,35.164,39.376,991,0
20120125,38.406,38.406,36.748,36.748,432,0
20120126,36.691,36.691,36.691,36.691,52,0
20120130,36.748,36.936,36.097,36.465,1175,0
20120131,36.596,36.596,36.229,36.229,2,0
20120201,36.682,36.682,35.768,36.182,484,0
20120202,38.481,38.481,35.334,36.465,1645,0
20120203,35.805,36.182,35.07,35.07,532,0
20120206,35.796,35.805,35.098,35.098,409,0
20120207,35.56,35.617,35.56,35.617,1063,0
20120208,37.784,37.784,36.748,37.784,2494,0
20120209,38.679,38.679,36.851,37.511,181,0
20120210,36.568,37.426,36.493,37.426,373,0
20120213,38.311,38.311,38.255,38.255,138,0
20120214,38.245,38.245,38.245,38.245,4,0
20120215,37.303,38.161,37.303,38.104,728,0
20120216,38.104,38.104,37.152,37.68,361,0
20120217,37.671,37.671,37.671,37.671,137,0
20120220,37.69,37.69,37.596,37.596,124,0
20120221,36.654,37.69,36.654,37.69,156,0
20120222,37.69,37.69,37.68,37.68,121,0
20120223,38.066,38.066,37.879,37.879,17,0
20120224,36.964,38.152,35.184,38.152,2415,0
20120227,37.209,38.161,37.209,38.161,420,0
20120228,37.218,38.632,36.276,38.632,730,0
20120229,37.737,38.576,36.945,38.576,590,0
20120301,37.624,38.49,37.53,38.161,246,0
20120302,38.255,38.359,36.748,37.69,1343,0
20120305,38.576,38.576,36.738,37.68,1214,0
20120306,38.538,38.538,36.654,38.161,1249,0
20120307,37.218,38.161,36.295,38.161,1083,0
20120308,37.68,38.49,34.449,37.03,25012,0
20120309,37.077,37.879,37.077,37.294,43174,0
20120312,38.18,38.18,37.784,37.784,646,0
20120313,38.622,38.821,38.443,38.821,671,0
20120314,38.821,39.574,38.821,39.574,204,0
20120315,39.574,40.488,39.574,40.488,74,0
20120316,40.488,40.846,40.422,40.846,25995,0
20120319,40.441,40.988,40.441,40.988,23,0
20120320,40.498,40.516,40.441,40.516,1354,0
20120321,40.516,41.261,40.516,41.261,154,0
20120322,41.261,41.261,38.594,40.516,3226,0
20120323,40.516,41.044,39.574,41.026,125,0
20120326,40.978,41.44,40.62,40.799,1700,0
20120327,41.44,41.44,40.046,40.978,113,0
20120330,40.149,40.95,40.149,40.95,1777,0
20120402,40.008,40.893,40.008,40.893,230,0
20120404,40.046,41.072,37.699,40.799,1002,0
20120405,41.063,41.063,41.063,41.063,1,0
20120410,40.046,40.516,40.046,40.516,5,0
20120411,39.518,40.45,38.632,39.574,1671,0
20120412,40.506,40.506,40.506,40.506,10,0
20120413,39.574,40.422,39.056,40.046,2564,0
20120416,40.046,40.506,38.735,39.857,1610,0
20120417,40.611,43.343,40.611,41.458,60821,0
20120418,43.061,43.061,41.468,42.024,2848,0
20120419,42.872,44.191,42.401,42.401,4941,0
20120420,42.401,43.211,41.271,42.203,1770,0
20120423,42.354,42.354,38.849,41.458,2041,0
20120424,41.458,42.401,39.16,41.93,2631,0
20120425,41.93,41.93,41.902,41.902,785,0
20120426,41.92,42.401,40.14,41.458,739,0
20120427,42.024,42.382,41.789,41.789,79,0
20120430,41.458,42.392,40.751,41.976,275,0
20120502,41.976,42.976,40.94,42.118,170,0
20120504,42.392,42.392,42.307,42.307,42,0
20120507,41.458,42.307,40.544,42.259,321,0
20120508,42.307,42.307,40.658,41.817,146,0
20120509,40.789,41.741,39.715,39.715,429,0
20120510,39.96,41.789,39.96,40.988,485,0
20120511,40.516,40.516,39.508,40.328,9808,0
20120514,40.422,40.422,38.632,40.413,1288,0
20120515,40.413,40.413,39.48,40.384,355,0
20120516,39.395,40.375,38.632,40.233,634,0
20120517,40.215,40.375,39.574,40.328,224,0
20120518,37.887,40.422,37.887,40.422,1535,0
20120521,39.48,40.422,39.48,40.422,446,0
20120522,39.433,41.458,39.433,41.458,431,0
20120523,42.213,42.401,39.103,42.401,2340,0
20120524,42.495,43.343,39.904,43.334,1097,0
20120525,42.259,43.334,41.468,43.334,1238,0
20120528,42.259,43.814,42.259,43.814,633,0
20120529,44.097,44.097,42.74,43.796,10955,0
20120530,42.994,44.191,42.9,44.191,1664,0
20120531,43.061,43.72,43.061,43.72,8532,0
20120601,43.343,43.343,42.655,42.655,691,0
20120604,43.324,43.324,40.988,42.872,1791,0
20120605,39.668,43.343,39.668,43.343,5005,0
20120606,41.026,43.343,41.026,43.334,3378,0
20120608,43.324,43.334,42.279,43.334,1362,0
20120611,42.872,43.334,41.817,43.334,601,0
20120612,42.259,43.334,42.259,43.334,267,0
20120613,43.117,43.117,42.711,43.117,5,0
20120614,43.334,43.334,42.118,42.9,1205,0
20120615,42.401,43.343,42.024,43.343,1338,0
20120618,42.41,43.343,42.41,43.343,1100,0
20120619,42.608,43.343,42.608,43.343,1082,0
20120620,42.966,43.343,42.872,43.343,1136,0
20120621,42.279,43.343,41.647,43.343,1988,0
20120622,41.666,43.343,41.666,43.343,1569,0
20120625,41.798,43.343,41.798,42.731,824,0
20120626,42.589,43.343,42.589,43.343,1107,0
20120627,41.854,43.343,41.854,43.343,2040,0
20120628,42.778,43.343,42.778,43.343,2551,0
20120629,42.778,43.343,42.778,43.343,1500,0
20120702,43.673,44.286,42.787,44.286,541,0
20120703,43.165,44.069,43.165,44.003,1517,0
20120704,43.418,44.097,43.343,44.097,1539,0
20120705,44.286,44.286,44.276,44.276,942,0
20120706,43.551,44.276,43.551,44.276,1826,0
20120709,43.541,44.276,43.541,43.908,1238,0
20120710,44.276,44.756,44.276,44.756,2120,0
20120711,44.286,45.133,44.257,44.945,2728,0
20120712,44.286,45.029,44.286,44.916,2091,0
20120713,44.286,44.719,44.135,44.719,1702,0
20120716,44.7,44.7,44.7,44.7,1273,0
20120717,44.135,45.039,44.135,45.039,1654,0
20120718,45.039,45.039,44.286,45.011,2130,0
20120719,44.295,44.992,44.295,44.992,263,0
20120720,44.323,44.842,43.343,43.343,1686,0
20120723,42.476,44.097,42.41,44.097,1367,0
20120724,42.542,44.097,42.542,44.097,951,0
20120725,43.107,44.173,43.107,44.097,1149,0
20120726,43.579,44.21,43.579,44.097,1164,0
20120727,43.569,44.21,43.569,44.097,1212,0
20120730,44.276,44.276,43.438,44.097,645,0
20120731,44.276,45.039,43.654,45.039,959,0
20120801,43.663,44.756,43.663,44.756,1041,0
20120802,43.908,44.747,43.814,43.814,913,0
20120803,43.683,44.747,43.683,44.747,746,0
20120806,44.756,44.756,44.747,44.747,1035,0
20120807,44.474,44.738,44.474,44.738,804,0
20120808,44.003,44.756,44.003,44.738,1121,0
20120809,44.031,44.756,43.352,43.814,274,0
20120810,44.756,44.756,40.996,43.343,2089,0
20120813,44.738,44.738,42.816,42.816,170,0
20120814,42.401,43.814,42.401,42.872,110,0
20120816,43.72,43.72,42.693,43.334,78,0
20120817,43.617,43.711,41.657,43.711,1864,0
20120820,43.72,44.173,43.72,44.173,84,0
20120821,44.173,44.756,44.173,44.756,215,0
20120823,44.756,44.756,44.663,44.728,94,0
20120827,42.43,44.257,42.43,44.257,2301,0
20120828,43.315,44.257,43.315,43.814,64859,0
20120829,43.814,44.257,43.814,44.257,57163,0
20120830,43.72,44.181,43.625,43.625,375,0
20120831,44.173,44.173,42.844,43.805,123,0
20120903,42.41,43.805,42.41,43.805,35,0
20120904,42.438,43.683,42.41,42.42,77,0
20120905,43.739,43.739,43.739,43.739,1,0
20120906,42.43,43.701,42.43,43.701,3,0
20120907,43.673,43.814,42.41,43.145,628,0
20120910,43.654,43.654,43.617,43.654,256,0
20120911,43.617,43.617,41.976,43.617,108,0
20120912,43.597,43.597,42.052,43.042,335,0
20120913,43.503,43.513,43.475,43.475,166,0
20120914,43.711,43.72,43.625,43.625,96,0
20120917,43.814,43.814,42.759,43.183,269,0
20120918,43.767,43.767,42.74,43.767,157,0
20120919,42.872,43.72,42.589,42.589,251,0
20120920,42.401,42.401,41.506,42.401,1064,0
20120921,43.051,43.061,43.051,43.061,33,0
20120924,43.306,43.306,43.306,43.306,1,0
20120925,41.902,41.902,39.97,41.731,195,0
20120926,40.046,41.412,40.046,41.412,428,0
20120927,40.884,41.45,40.884,41.45,172,0
20120928,42.862,42.862,42.862,42.862,1,0
20121001,41.798,42.392,41.798,42.297,269,0
20121005,40.667,42.25,38.773,39.998,1522,0
20121008,40.14,41.355,39.574,41.129,623,0
20121011,41.119,41.911,41.072,41.902,754,0
20121015,41.458,41.873,41.458,41.873,106176,0
20121016,41.836,43.201,41.836,43.201,724,0
20121018,42.392,42.392,41.544,42.392,47,0
20121019,41.45,41.968,40.611,41.968,97,0
20121022,42.382,42.382,42.382,42.382,32,0
20121023,42.382,42.392,42.382,42.392,67,0
20121024,42.382,42.392,42.382,42.392,105,0
20121025,42.354,42.354,42.354,42.354,37,0
20121026,42.344,42.344,42.344,42.344,4,0
20121029,42.382,42.382,40.611,41.11,163,0
20121030,41.92,41.92,40.47,41.458,74,0
20121031,41.92,41.92,41.506,41.882,69,0
20121102,41.45,41.873,41.45,41.873,235,0
20121106,41.873,41.92,41.873,41.92,106,0
20121107,41.902,41.911,40.658,41.223,53112,0
20121108,41.458,41.458,40.988,41.458,512,0
20121112,41.458,41.817,39.103,40.506,1916,0
20121113,40.046,40.47,38.642,39.103,575,0
20121114,40.506,40.506,40.046,40.441,555,0
20121115,40.432,41.317,40.092,40.516,2874,0
20121116,40.14,40.516,40.092,40.092,730,0
20121119,40.94,40.94,40.225,40.516,110,0
20121120,40.893,40.893,40.328,40.781,163,0
20121121,40.506,40.799,40.149,40.789,493,0
20121126,40.743,40.743,39.743,40.743,406,0
20121127,39.593,40.751,39.574,40.516,331,0
20121128,39.584,40.506,39.103,40.506,1504,0
20121129,39.668,39.668,39.668,39.668,291,0
20121130,39.574,39.97,39.178,39.97,1102,0
20121203,39.923,39.923,39.913,39.913,65,0
20121204,38.538,39.876,38.086,39.876,290,0
20121205,39.801,39.801,39.621,39.753,5863,0
20121206,39.574,39.735,39.574,39.735,1756,0
20121207,39.103,39.743,39.103,39.574,1917,0
20121210,39.574,39.753,39.574,39.753,1859,0
20121211,40.328,40.328,39.574,39.574,587,0
20121212,40.375,40.375,38.632,38.632,1631,0
20121213,38.632,39.564,38.632,39.564,599,0
20121214,39.546,39.546,39.15,39.386,887,0
20121217,39.546,39.546,38.066,38.622,28030,0
20121218,38.066,38.613,38.066,38.538,1621,0
20121219,38.622,38.622,38.622,38.622,3798,0
20121220,38.622,38.622,38.443,38.443,2913,0
20121221,38.462,38.462,37.972,38.415,3079,0
20121227,38.387,39.574,38.387,39.574,26482,0
20121228,40.375,40.705,39.48,40.046,2443,0
20130102,43.625,43.625,40.281,40.516,5398,0
20130103,40.611,40.611,39.574,40.478,2134,0
20130104,40.422,40.422,39.574,39.574,1327,0
20130107,39.103,40.036,39.103,39.574,334,0
20130108,39.339,39.602,39.339,39.602,36231,0
20130109,40.299,40.299,39.621,40.261,130,0
20130110,40.261,40.611,40.261,40.506,1171,0
20130111,40.506,40.751,40.506,40.751,446,0
20130114,40.751,41.223,40.516,40.846,18581,0
20130115,40.516,40.846,40.516,40.516,30105,0
20130116,40.751,40.751,40.751,40.751,1,0
20130117,40.893,40.893,40.422,40.884,1224,0
20130118,40.893,41.836,40.611,40.988,466,0
20130121,40.988,40.988,40.432,40.988,2950,0
20130122,41.364,41.364,41.082,41.364,1922,0
20130123,41.412,41.647,40.516,40.705,552,0
20130124,41.647,41.647,41.647,41.647,72,0
20130125,40.818,41.458,40.818,41.458,159,0
20130128,41.458,41.458,41.317,41.317,246,0
20130129,41.412,41.412,40.818,40.988,2673,0
20130130,40.978,41.458,40.978,40.988,1015,0
20130131,41.458,41.637,40.516,41.637,25534,0
20130201,41.458,41.647,41.458,41.637,585,0
20130204,40.715,42.683,40.705,42.542,341,0
20130205,42.401,42.401,41.524,42.401,166,0
20130206,42.542,42.542,42.401,42.401,107,0
20130207,42.542,42.542,41.524,42.495,241,0
20130208,42.542,42.862,41.496,42.862,95,0
20130211,42.438,42.542,41.486,42.542,513,0
20130212,41.591,42.778,41.581,42.778,180,0
20130213,42.043,42.768,42.043,42.768,43,0
20130214,42.118,42.778,42.024,42.778,390,0
20130215,42.778,43.908,42.778,43.908,30075,0
20130218,43.438,44.474,42.872,44.286,2950,0
20130219,44.483,46.075,44.483,45.887,1738,0
20130220,45.699,46.075,45.105,45.83,326,0
20130221,45.774,46.075,45.774,45.793,1599,0
20130222,46.075,46.17,45.51,46.17,293,0
20130225,46.17,46.641,45.699,46.631,6139,0
20130226,46.151,46.17,45.519,46.17,5390,0
20130227,46.17,46.641,45.228,46.631,6445,0
20130228,46.631,46.631,46.631,46.631,33,0
20130301,46.641,46.688,45.708,46.622,409,0
20130304,46.631,46.631,45.699,45.793,730,0
20130305,46.631,46.631,46.547,46.631,5733,0
20130306,46.631,46.631,43.908,46.123,1414,0
20130307,45.266,45.689,44.012,44.568,1328,0
20130308,45.228,45.228,43.362,45.218,4892,0
20130311,45.228,46.16,45.228,46.16,641,0
20130312,46.17,46.688,45.605,46.688,5693,0
20130313,47.017,47.017,45.312,46.095,52956,0
20130314,46.095,46.453,46.075,46.453,307,0
20130315,46.537,46.631,46.17,46.17,880,0
20130318,46.641,47.017,46.17,46.594,1124,0
20130319,45.991,46.631,45.981,46.631,3807,0
20130320,46.075,49.939,46.075,49.326,7981,0
20130321,50.41,50.834,49.232,49.939,17867,0
20130322,51.164,51.164,48.148,50.457,127940,0
20130325,50.457,50.457,46.264,48.997,50285,0
20130326,48.055,49.044,47.772,48.903,680,0
20130327,48.242,48.855,47.112,48.761,543,0
20130328,47.866,48.761,47.536,48.666,17074,0
20130402,48.525,49.891,48.525,49.891,37934,0
20130403,49.939,50.457,48.997,50.363,6587,0
20130404,48.62,50.692,48.62,50.692,4666,0
20130405,50.881,50.881,50.692,50.881,1499,0
20130408,48.997,50.834,48.997,49.467,480,0
20130409,50.692,50.787,48.666,48.997,2359952,0
20130410,49.467,50.457,49.467,50.457,824,0
20130411,50.41,50.881,50.128,50.881,1357,0
20130412,50.834,50.881,50.41,50.881,2497,0
20130415,50.881,50.881,50.881,50.881,181,0
20130417,50.41,50.41,48.997,50.41,53452,0
20130418,48.997,50.41,48.997,50.41,5331,0
20130419,48.997,50.881,48.931,50.881,383,0
20130422,49.185,50.881,49.185,50.881,5745,0
20130423,49.939,50.787,49.467,50.787,47980,0
20130424,49.148,49.845,49.148,49.845,110,0
20130425,49.373,49.939,49.006,49.939,4915,0
20130426,49.939,50.41,49.091,50.41,329,0
20130429,50.419,50.871,49.939,50.871,232,0
20130430,50.871,50.871,50.871,50.871,7,0
20130502,50.994,50.994,50.787,50.881,276,0
20130506,50.881,50.881,49.939,50.787,21632,0
20130507,50.683,50.787,49.467,50.787,33481,0
20130508,50.721,50.74,49.148,49.204,1557,0
20130509,49.204,50.504,49.204,50.504,289,0
20130510,50.306,50.316,49.279,50.306,206,0
20130513,50.504,50.504,49.939,50.316,10435,0
20130514,50.033,50.316,50.033,50.306,437,0
20130515,50.316,50.316,50.033,50.306,258,0
20130516,50.306,50.495,50.033,50.495,15937,0
20130517,50.042,50.787,50.042,50.787,285,0
20130520,50.598,53.708,50.532,53.425,3232,0
20130521,52.785,53.614,52.775,53.614,161,0
20130522,53.614,53.99,53.237,53.708,16463,0
20130523,53.425,53.425,51.409,52.012,7504,0
20130524,52.295,52.954,52.295,52.578,8646,0
20130527,52.747,52.747,52.436,52.747,413,0
20130528,53.708,54.414,52.624,54.414,9668,0
20130529,54.414,58.89,54.414,57.213,5227,0
20130531,57.185,57.185,55.121,56.346,4177,0
20130603,56.157,56.308,55.592,55.592,4715,0
20130604,56.346,58.324,55.97,56.534,7900,0
20130605,57.514,58.872,57.477,57.929,6148,0
20130606,57.053,58.221,56.912,57.938,1673,0
20130607,58.324,59.794,58.042,58.419,26623,0
20130610,58.419,58.872,57.533,58.702,2728,0
20130611,58.984,58.984,57.477,58.042,2370,0
20130612,57.477,59.267,57.477,58.975,4298,0
20130613,59.625,59.625,57.505,58.73,5971,0
20130614,58.692,58.73,57.524,57.9,616,0
20130617,57.759,58.419,57.759,58.278,7893,0
20130618,58.231,58.739,57.581,58.739,5917,0
20130619,58.419,58.758,57.571,58.739,17067,0
20130620,58.419,58.796,57.957,58.231,4138,0
20130621,57.665,58.231,55.592,56.534,4050,0
20130624,56.534,57.477,55.592,57.467,1078,0
20130625,56.534,58.739,56.525,58.739,1755,0
20130626,57.477,57.816,51.823,57.816,3329,0
20130627,57.892,59.258,57.006,58.324,22608,0
20130628,58.316,58.316,57.1,58.221,285,0
20130701,58.212,58.692,58.212,58.692,8340,0
20130702,59.248,61.509,59.248,61.123,6743,0
20130703,61.716,61.792,60.774,60.774,5095,0
20130704,60.774,60.774,59.842,60.304,3299,0
20130705,59.973,62.178,59.973,61.67,1975,0
20130708,60.407,61.716,60.407,61.708,820,0
20130709,61.688,61.688,60.209,60.209,879,0
20130710,60.209,60.539,59.88,60.304,1294,0
20130711,60.586,61.246,60.539,60.774,5817,0
20130712,61.246,63.507,61.246,61.246,17642,0
20130715,61.246,62.622,61.246,61.716,2337,0
20130716,61.905,62.602,61.905,62.471,1449,0
20130717,62.565,62.659,62.377,62.471,11575,0
20130718,62.518,64.478,62.471,64.072,4342,0
20130719,64.478,67.747,64.478,66.757,6859,0
20130722,66.852,67.841,66.757,67.832,11617,0
20130723,67.803,68.219,65.957,67.653,3280,0
20130724,67.653,67.653,66.146,67.558,8309,0
20130725,67.558,67.558,61.434,61.434,33125,0
20130726,61.481,63.319,59.88,63.281,27044,0
20130729,63.036,63.036,60.774,62.141,5299,0
20130730,62.188,62.565,61.057,62.282,2869,0
20130731,62.282,62.377,60.614,61.246,2672,0
20130801,61.349,62.659,60.68,62.659,2759,0
20130802,62.659,64.496,62.659,63.319,5189,0
20130805,64.072,65.957,63.79,64.166,10932,0
20130806,65.015,65.015,63.319,64.072,2711,0
20130807,64.138,64.506,62.31,63.602,12956,0
20130808,64.449,64.827,63.14,64.817,8999,0
20130809,65.373,65.373,63.941,64.751,4298,0
20130812,65.297,65.297,63.602,64.072,2691,0
20130813,63.648,64.496,63.272,64.496,5106,0
20130814,64.496,64.496,63.319,64.166,24056,0
20130816,64.063,64.063,63.328,64.063,2082,0
20130819,63.413,64.054,63.413,64.054,2147,0
20130820,63.602,64.054,63.413,63.696,7655,0
20130821,63.413,63.507,63.13,63.178,859,0
20130822,62.754,63.602,62.754,63.234,10594,0
20130823,63.234,63.602,63.215,63.602,1633,0
20130826,63.507,63.592,62.386,62.395,1101,0
20130827,62.386,63.13,58.523,60.916,5450,0
20130828,59.362,61.792,58.466,61.708,2748,0
20130829,60.869,61.604,60.304,61.604,875,0
20130830,60.417,61.246,59.917,61.246,6906,0
20130902,59.362,61.011,58.702,60.313,7309,0
20130903,58.9,59.738,58.9,59.738,6860,0
20130904,58.89,59.728,58.89,59.362,10298,0
20130905,59.079,59.079,56.063,56.723,18611,0
20130906,55.875,60.294,55.875,59.362,2598,0
20130909,59.362,60.304,59.125,59.38,6012,0
20130910,59.832,61.236,59.832,61.085,765,0
20130911,60.728,61.057,59.37,61.048,10190,0
20130912,61.246,61.293,60.37,60.803,1399,0
20130913,61.716,64.072,61.623,62.659,1409,0
20130916,62.659,64.544,62.659,64.072,3409,0
20130917,64.534,65.957,64.534,65.957,6124,0
20130918,65.863,65.957,65.203,65.863,1803,0
20130919,65.863,65.957,65.297,65.901,2078,0
20130920,65.297,65.881,65.297,65.863,2376,0
20130923,65.938,65.938,65.486,65.486,1186,0
20130924,65.486,65.533,64.072,65.297,15151,0
20130925,63.724,64.827,63.602,64.544,3597,0
20130926,64.544,65.015,64.072,64.496,2730,0
20130927,65.212,65.212,64.072,64.449,14205,0
20130930,63.61,64.967,62.188,64.967,18271,0
20131001,64.921,66.428,64.921,66.428,5189,0
20131002,66.899,67.464,66.428,66.899,5608,0
20131003,67.361,67.813,66.899,67.813,1899,0
20131004,67.813,67.841,66.146,67.464,2091,0
20131007,66.333,67.37,66.333,67.37,225,0
20131008,67.37,67.653,67.37,67.37,212,0
20131009,66.428,67.37,65.108,65.108,806,0
20131010,67.277,67.277,65.769,66.805,893,0
20131011,65.307,66.899,65.307,66.843,181,0
20131014,65.552,66.805,65.552,66.805,173,0
20131015,66.795,67.558,66.419,67.521,2027,0
20131016,66.437,69.631,66.437,68.765,5840,0
20131017,68.774,68.774,62.188,67.361,9327,0
20131018,66.428,70.187,66.239,70.187,7539,0
20131021,70.187,71.045,68.407,70.669,3485,0
20131022,70.951,71.611,69.745,71.374,1169,0
20131023,71.611,73.212,71.611,72.27,937,0
20131024,73.495,73.966,72.354,72.354,15666,0
20131025,72.072,72.176,70.856,72.081,1033,0
20131028,68.972,71.129,68.972,70.762,3433,0
20131029,70.48,72.063,70.48,71.611,1072,0
20131030,71.611,71.611,69.763,71.139,1071,0
20131031,71.601,71.601,68.03,69.255,1234,0
20131104,69.349,71.752,68.548,71.752,4819,0
20131105,72.553,72.553,71.611,71.611,2125,0
20131106,72.44,72.44,71.611,72.035,2298,0
20131107,72.364,72.364,71.611,72.081,1316,0
20131108,72.44,72.44,70.291,72.383,1692,0
20131112,72.44,73.363,72.44,72.93,2336,0
20131113,73.363,73.363,71.139,71.139,876,0
20131114,70.8,72.081,70.291,72.081,972,0
20131115,72.553,74.437,72.553,73.495,14039,0
20131118,74.427,76.086,74.061,74.531,2832,0
20131119,74.72,76.604,73.975,75.37,3384,0
20131120,75.379,75.851,74.013,74.069,1579,0
20131121,74.041,77.245,73.985,74.061,554,0
20131122,74.069,74.635,73.495,74.626,859,0
20131125,74.626,74.626,73.75,74.626,167,0
20131126,75.832,75.832,73.495,73.495,746,0
20131127,73.306,76.604,73.306,73.306,2463,0
20131128,73.316,74.908,73.316,74.852,396,0
20131129,75.427,75.427,74.314,74.314,1789,0
20131202,74.248,74.248,71.714,72.553,1820,0
20131203,72.647,73.023,69.924,70.197,7815,0
20131204,69.82,71.422,69.726,70.197,2623,0
20131205,70.669,71.554,69.726,70.669,1228,0
20131206,71.545,71.545,69.763,69.924,832,0
20131209,70.669,70.669,70.48,70.621,463,0
20131210,70.669,70.669,69.255,69.302,750,0
20131211,69.99,69.99,69.914,69.914,811,0
20131212,69.914,69.914,64.28,69.255,2780,0
20131213,68.313,69.255,67.841,67.841,1114,0
20131216,66.899,70.386,66.899,69.726,27655,0
20131217,70.424,73.495,69.161,70.669,35143,0
20131218,70.697,72.176,70.669,70.669,27398,0
20131219,73.354,75.379,72.816,72.816,28853,0
20131220,73.966,74.154,73.495,73.966,22602,0
20131223,75.191,75.351,74.343,74.437,15112,0
20131227,74.804,74.814,72.374,74.437,10709,0
20131230,74.041,74.71,74.041,74.437,2583,0
20140102,74.607,75.191,73.513,74.672,4956,0
20140103,74.766,75.003,74.343,74.465,9143,0
20140107,74.814,74.814,72.364,74.248,1467,0
20140108,73.485,73.495,72.081,73.023,255,0
20140109,71.619,72.911,70.669,70.669,137,0
20140110,69.085,71.978,69.085,70.669,3540,0
20140113,70.056,72.458,70.056,72.458,731,0
20140114,72.732,72.732,70.876,72.27,7301,0
20140115,72.77,72.77,71.045,72.421,2701,0
20140116,72.336,72.458,70.904,72.081,1525,0
20140117,70.951,71.987,70.951,70.951,356,0
20140120,70.856,70.856,69.934,69.934,203,0
20140121,69.942,70.942,69.942,70.669,51407,0
20140122,70.669,72.553,70.112,72.525,46067,0
20140123,72.176,73.495,72.091,73.485,4647,0
20140124,72.553,73.015,72.553,72.553,470,0
20140127,72.091,72.543,69.735,69.942,537,0
20140128,71.507,72.553,71.507,71.629,331,0
20140129,71.611,73.015,71.611,72.543,2129,0
20140130,72.543,74.626,70.706,74.626,1299,0
20140131,75.191,77.735,75.097,77.735,4295,0
20140203,77.923,79.289,77.744,77.744,11629,0
20140204,79.148,79.148,75.615,77.16,930,0
20140205,76.322,77.716,75.493,76.162,18532,0
20140206,76.228,76.303,76.228,76.303,17495,0
20140207,76.133,77.914,73.505,75.37,1466,0
20140210,75.332,75.361,74.908,75.285,204,0
20140211,74.531,76.312,74.531,76.124,1325,0
20140212,76.029,76.029,75.851,75.851,16389,0
20140213,75.756,76.322,74.644,75.851,14235,0
20140214,75.238,79.148,73.589,79.148,67807,0
20140217,79.148,80.044,79.148,79.807,30237,0
20140218,79.807,82.814,79.62,82.814,5436,0
20140219,81.032,82.918,81.032,82.069,492,0
20140220,80.1,81.975,80.09,80.42,2580,0
20140221,79.911,81.975,79.855,81.41,1559,0
20140224,82.87,82.87,80.223,81.966,2107,0
20140225,81.966,82.814,81.061,81.41,3462,0
20140226,80.185,81.353,77.264,77.264,2255,0
20140227,75.728,78.206,74.23,77.387,3615,0
20140228,76.369,78.187,76.369,78.187,4002,0
20140303,77.17,77.17,70.97,74.098,10007,0
20140304,72.553,77.17,72.553,74.626,6267,0
20140305,76.218,76.783,75.379,75.379,579,0
20140306,76.322,76.736,75.379,75.379,2627,0
20140307,75.389,75.851,75.379,75.379,1554,0
20140310,75.379,75.851,75.379,75.851,3678,0
20140311,75.945,75.945,75.379,75.756,2069,0
20140312,75.756,75.756,72.562,75.568,4322,0
20140313,75.473,75.473,72.75,73.844,716,0
20140314,72.553,72.553,69.726,70.669,6256,0
20140317,75.832,75.832,71.611,73.505,2499,0
20140318,73.495,73.495,73.306,73.495,4696,0
20140319,74.521,74.531,72.694,73.401,499,0
20140320,73.485,73.495,72.76,73.495,86,0
20140321,73.476,74.531,72.543,74.531,2687,0
20140324,75.379,77.236,75.379,75.897,6236,0
20140325,75.389,75.841,75.37,75.379,4686,0
20140326,75.379,76.312,74.437,75.379,4828,0
20140327,74.437,74.437,73.646,73.834,181,0
20140328,73.513,75.379,72.487,75.37,2203,0
20140331,74.635,75.841,74.635,75.832,2612,0
20140401,75.379,75.568,74.258,75.379,22033,0
20140402,73.985,75.379,73.985,75.37,574,0
20140403,73.513,75.191,73.513,74.437,811,0
20140404,73.541,74.72,73.495,74.202,634,0
20140407,72.496,73.872,72.496,73.872,367,0
20140408,72.656,73.485,70.762,73.334,1519,0
20140409,74.24,74.24,72.553,73.015,1250,0
20140410,74.098,74.098,72.571,73.023,2672,0
20140411,72.741,73.015,71.714,72.533,986,0
20140414,71.639,71.639,70.669,71.035,2929,0
20140415,70.856,70.856,69.161,69.707,6460,0
20140416,68.982,69.066,68.322,68.954,1496,0
20140417,68.954,69.255,67.841,68.783,22640,0
20140422,68.793,69.161,68.793,69.048,1130,0
20140423,70.574,70.574,68.03,68.171,534,0
20140424,67.832,68.171,67.813,67.823,4160,0
20140425,67.841,67.841,65.353,65.486,4808,0
20140428,65.486,66.899,64.261,65.194,2570,0
20140429,66.428,66.522,63.13,63.224,2472,0
20140430,65.881,65.881,63.13,65.486,2654,0
20140502,64.544,65.957,64.544,65.957,407,0
20140505,66.899,66.899,64.544,65.957,1920,0
20140506,65.957,65.957,64.166,65.562,4663,0
20140507,64.072,64.544,61.623,64.544,8138,0
20140508,63.13,64.61,62.989,62.989,4490,0
20140509,63.686,63.686,60.304,60.953,7470,0
20140512,60.963,65.015,58.796,65.015,25599,0
20140513,65.015,65.015,64.072,64.072,1238,0
20140514,64.544,64.544,64.072,64.525,737,0
20140515,64.072,64.525,64.072,64.525,470,0
20140516,64.44,64.544,64.072,64.544,2017,0
20140519,63.186,64.544,63.186,64.468,463,0
20140520,64.525,67.37,64.11,64.544,1905,0
20140521,66.004,67.37,64.072,66.428,47696,0
20140522,68.689,70.008,68.689,69.631,14222,0
20140523,70.565,70.565,69.651,69.659,4341,0
20140526,69.726,71.139,69.726,70.669,5668,0
20140527,70.197,71.507,70.197,71.507,2190,0
20140528,71.139,72.27,70.197,72.081,7758,0
20140529,71.611,72.364,71.601,72.364,3400,0
20140530,72.364,73.023,71.79,72.553,18293,0
20140602,72.553,72.553,71.611,72.449,5665,0
20140603,72.449,72.826,72.081,72.647,1224,0
20140604,72.647,72.647,72.364,72.553,3261,0
20140605,70.772,72.553,69.839,72.553,12375,0
20140606,71.262,72.741,71.262,72.553,3708,0
20140609,72.553,72.553,71.619,72.533,961,0
20140610,72.533,72.533,71.196,72.449,429,0
20140611,71.007,72.072,71.007,71.601,1002,0
20140612,70.781,70.876,69.349,69.726,3598,0
20140613,69.255,70.056,68.982,68.991,2399,0
20140616,68.982,68.982,67.803,68.972,2721,0
20140617,67.803,68.783,66.767,67.766,2635,0
20140618,66.777,66.909,65.957,66.08,1626,0
20140620,65.966,67.37,65.966,66.711,302,0
20140623,66.475,69.707,66.475,69.707,2006,0
20140624,69.726,70.103,67.474,67.558,2870,0
20140625,69.151,69.151,66.437,67.37,6356,0
20140626,66.89,66.899,65.015,66.899,2274,0
20140627,66.899,66.899,65.156,65.957,13923,0
20140630,66.871,67.277,65.966,66.899,175,0
20140701,65.966,66.899,65.966,66.899,3162,0
20140702,66.89,66.899,65.307,65.901,3230,0
20140703,66.89,66.89,65.015,65.015,1756,0
20140704,63.13,65.957,62.754,65.015,707,0
20140707,63.61,65.957,63.61,65.957,226,0
20140708,65.947,66.456,65.947,66.239,220,0
20140710,65.241,65.25,65.015,65.015,1845,0
20140711,63.79,65.957,63.63,64.411,8282,0
20140714,66.419,66.419,64.27,64.308,744,0
20140715,64.873,64.873,63.62,63.62,3024,0
20140716,64.478,64.553,63.13,63.13,6494,0
20140717,62.377,65.015,62.188,62.292,8463,0
20140718,61.434,62.178,60.407,61.236,3984,0
20140721,61.123,61.142,60.36,61.142,1906,0
20140722,61.236,61.236,60.539,60.68,1265,0
20140723,60.662,60.671,60.021,60.671,7088,0
20140724,60.869,60.869,59.549,59.549,37399,0
20140725,58.202,61.246,57.552,61.246,1511,0
20140728,61.256,61.256,61.236,61.246,6658,0
20140729,62.565,62.659,61.198,61.198,2171,0
20140730,59.945,59.945,59.37,59.804,2025,0
20140731,59.38,60.209,58.523,59.296,840,0
20140801,58.419,58.419,57.533,57.948,9988,0
20140804,58.231,58.268,57.477,57.477,2684,0
20140805,57.844,58.523,56.713,56.817,1221,0
20140806,57.938,59.267,54.641,55.687,5815,0
20140807,54.81,58.89,54.189,55.121,7242,0
20140808,54.659,56.902,54.631,55.592,17237,0
20140811,58.39,58.39,55.592,55.771,2756,0
20140812,56.996,58.41,56.365,56.949,7580,0
20140813,56.968,58.739,56.534,58.739,9814,0
20140814,58.73,60.218,58.73,60.218,1492,0
20140818,60.304,61.256,60.304,61.246,1197,0
20140819,62.047,62.188,60.021,60.492,7445,0
20140820,61.623,61.632,60.398,60.398,1133,0
20140821,61.246,61.34,60.304,60.426,574,0
20140822,60.435,61.246,60.304,61.246,944,0
20140825,61.566,62.188,60.172,62.188,1462,0
20140826,60.728,62.178,60.728,62.178,241,0
20140827,60.69,62.244,60.69,62.244,545,0
20140828,62.188,62.188,60.84,62.169,1099,0
20140829,62.178,62.772,62.178,62.772,98,0
20140901,62.744,65.108,62.744,65.108,3384,0
20140902,65.947,67.417,65.938,67.417,6682,0
20140903,67.653,69.726,63.243,69.726,3187,0
20140904,70.669,70.669,67.832,69.999,13248,0
20140905,68.322,70.197,67.841,70.197,2994,0
20140908,70.008,70.008,68.378,69.82,2180,0
20140909,70.018,70.018,69.283,70.008,24346,0
20140910,70.008,70.008,69.914,69.914,100,0
20140911,69.914,70.008,69.311,70.008,11832,0
20140912,70.187,70.187,70.187,70.187,108,0
20140915,70.565,70.565,68.896,70.47,673,0
20140916,68.831,70.291,68.831,70.291,468,0
20140917,70.48,70.669,69.754,70.669,1421,0
20140918,70.659,71.601,70.216,71.601,2782,0
20140919,70.669,72.553,70.669,72.081,1706,0
20140922,71.516,72.533,71.507,72.533,667,0
20140923,72.525,72.543,71.497,72.477,2301,0
20140924,72.553,72.581,71.233,72.458,2003,0
20140925,71.657,74.296,71.611,73.505,1443,0
20140926,73.485,73.957,71.733,73.495,731,0
20140929,74.39,74.39,72.807,73.495,2030,0
20140930,71.611,73.966,70.781,72.553,3111,0
20141001,73.467,73.721,72.553,73.495,5263,0
20141002,72.553,73.495,72.553,73.485,1179,0
20141003,73.033,73.033,71.752,71.808,4139,0
20141006,72.836,73.476,71.733,72.553,2663,0
20141007,73.203,73.495,72.562,73.495,7585,0
20141008,73.872,73.872,72.836,73.288,3480,0
20141009,73.495,73.505,73.109,73.485,3397,0
20141010,73.476,73.495,72.75,73.476,2462,0
20141013,73.391,73.505,72.788,73.495,768,0
20141014,73.862,73.862,72.571,73.73,1677,0
20141015,73.721,73.862,73.495,73.495,237,0
20141016,72.647,73.853,71.761,73.806,2135,0
20141017,73.495,73.495,73.485,73.495,618,0
20141020,73.589,73.589,73.495,73.495,1082,0
20141021,73.495,73.495,72.76,73.495,1116,0
20141022,73.495,73.617,73.495,73.495,1063,0
20141023,73.599,73.599,72.77,73.495,1249,0
20141024,72.807,73.26,72.798,73.26,47,0
20141027,73.306,73.495,73.306,73.495,46,0
20141028,73.306,73.306,73.306,73.306,2,0
20141029,73.306,73.306,73.306,73.306,73,0
20141030,73.306,73.495,72.562,73.495,308,0
20141031,73.608,73.608,73.608,73.608,21,0
20141103,73.608,73.608,73.401,73.485,151,0
20141104,73.495,73.495,73.033,73.495,909,0
20141105,73.485,73.485,73.278,73.401,106,0
20141106,72.562,73.071,72.553,72.553,552,0
20141107,71.611,71.619,70.207,70.442,1517,0
20141110,69.914,70.904,69.358,70.197,2478,0
20141112,71.149,71.601,69.98,69.99,679,0
20141113,71.055,72.081,70.018,72.081,1592,0
20141114,72.553,73.156,72.553,72.553,1653,0
20141117,73.278,73.288,71.893,72.543,275,0
20141118,71.987,74.654,71.884,74.437,3502,0
20141119,74.71,74.71,70.669,71.507,7386,0
20141120,72.091,72.091,71.507,71.507,336,0
20141121,71.507,71.507,70.131,71.328,442,0
20141124,71.318,71.328,70.027,70.037,1009,0
20141125,70.046,70.046,67.974,68.501,2640,0
20141126,68.783,69.717,65.024,67.05,5199,0
20141127,66.757,66.767,65.25,66.146,2849,0
20141128,66.899,66.899,64.572,65.005,1261,0
20141201,64.166,64.166,62.301,62.301,3542,0
20141202,63.13,63.13,62.659,62.961,923,0
20141203,62.961,62.961,61.915,61.915,814,0
20141204,61.716,61.716,60.313,60.313,2565,0
20141205,61.246,64.911,61.246,64.827,28066,0
20141208,64.845,67.464,64.544,64.544,9786,0
20141209,63.206,65.863,63.206,64.553,8262,0
20141210,64.11,65.015,63.149,64.921,1967,0
20141211,65.241,65.241,64.072,64.072,1240,0
20141212,63.884,63.884,63.13,63.602,766,0
20141215,63.602,64.025,60.794,62.659,1640,0
20141216,61.34,61.34,60.341,61.057,1479,0
20141217,60.304,63.13,60.125,61.152,6038,0
20141218,60.68,63.602,60.68,62.188,2137,0
20141219,62.188,64.873,62.188,62.188,1011,0
20141222,60.973,63.045,60.973,62.047,663,0
20141223,63.498,63.507,63.036,63.13,94,0
20141229,65.486,65.486,60.944,63.13,682,0
20141230,64.072,64.544,61.716,61.716,6279,0
20150102,60.878,61.708,60.878,61.679,247,0
20150105,60.803,65.005,60.803,63.13,441,0
20150107,62.81,64.534,60.803,63.582,553,0
20150108,65.015,65.015,62.329,63.13,9854,0
20150109,64.958,64.958,62.941,63.13,848,0
20150112,64.958,64.958,62.941,63.13,3045,0
20150113,64.958,64.958,62.941,63.13,2515,0
20150114,64.544,64.544,62.941,63.13,4674,0
20150115,63.158,64.016,63.036,63.158,1763,0
20150116,63.158,63.337,62.941,62.941,1328,0
20150119,62.941,63.13,60.897,61.434,913,0
20150120,63.488,63.488,61.434,62.188,81116,0
20150121,62.198,62.847,62.188,62.235,5471,0
20150122,62.235,63.13,62.235,62.357,687,0
20150123,63.309,63.309,62.329,62.329,17610,0
20150126,62.565,62.565,58.447,61.585,1369,0
20150127,61.226,61.236,60.774,60.869,15508,0
20150128,61.152,61.434,60.963,61.434,56,0
20150129,61.509,63.696,61.481,63.696,4960,0
20150130,63.696,64.166,63.696,64.166,213,0
20150202,64.158,64.158,62.188,63.809,1115,0
20150203,62.612,63.592,62.188,62.188,280,0
20150204,60.426,63.206,60.426,62.188,2705,0
20150205,62.659,63.602,62.659,63.224,1981,0
20150206,63.592,64.195,63.224,64.195,275,0
20150209,62.198,64.723,61.867,64.638,237,0
20150210,64.12,64.958,64.072,64.958,598,0
20150211,64.072,64.958,64.072,64.958,1295,0
20150212,64.685,64.685,64.685,64.685,46,0
20150213,62.198,64.873,62.198,64.873,1321,0
20150216,64.072,64.685,63.799,64.685,2445,0
20150217,64.732,64.732,63.61,64.732,1116,0
20150218,64.685,64.732,64.685,64.732,154,0
20150219,64.449,64.921,64.449,64.921,14523,0
20150220,64.911,64.921,64.911,64.921,75,0
20150223,64.723,67.455,64.723,67.455,1617,0
20150224,68.265,69.717,67.568,69.622,741,0
20150225,69.613,69.726,68.369,69.255,726,0
20150226,69.255,69.255,68.313,68.313,642,0
20150227,68.783,68.783,68.077,68.783,142,0
20150302,68.303,70.197,68.303,70.197,2400,0
20150303,70.555,70.555,69.726,69.726,1120,0
20150304,69.726,70.149,69.726,70.149,18072,0
20150305,70.149,70.149,69.255,69.811,105,0
20150306,70.272,70.272,69.321,69.792,148,0
20150309,70.093,70.093,68.51,69.33,562,0
20150310,68.783,68.783,67.097,67.974,420,0
20150311,67.954,68.783,67.492,68.03,224,0
20150312,67.417,67.841,67.417,67.427,166,0
20150313,67.436,67.436,65.769,65.966,441,0
20150316,64.186,66.805,64.186,64.553,1514,0
20150317,64.544,65.863,64.166,65.863,408,0
20150318,65.863,66.333,65.863,66.325,181,0
20150319,66.428,67.653,66.428,67.615,1641,0
20150320,67.37,67.37,64.072,67.088,11632,0
20150323,66.428,68.689,66.428,68.689,5762,0
20150324,68.407,68.689,65.495,68.124,1267,0
20150325,66.711,67.841,66.711,67.841,22,0
20150326,66.664,67.643,65.108,66.55,734,0
20150327,65.401,66.004,65.015,65.015,64123,0
20150330,65.015,65.91,64.873,65.91,799,0
20150331,65.91,65.91,65.015,65.015,909,0
20150401,65.005,65.486,62.763,63.272,2571,0
20150402,63.13,64.044,63.036,63.413,7859,0
20150407,63.413,63.413,61.999,62.188,2456,0
20150408,61.716,62.659,61.716,62.188,16342,0
20150409,62.188,62.546,62.188,62.226,2936,0
20150410,62.951,63.036,60.963,61.867,1956,0
20150413,61.811,62.178,61.246,62.178,467,0
20150414,64.638,64.638,61.716,61.716,852,0
20150415,61.443,62.377,61.443,61.716,33759,0
20150416,62.659,63.027,61.726,61.726,16300,0
20150417,62.188,62.367,61.858,62.188,615,0
20150420,62.188,62.188,61.716,61.716,762,0
20150421,62.169,62.178,62.169,62.178,261,0
20150422,62.188,62.188,60.774,61.905,1711,0
20150423,61.529,61.802,60.398,61.198,9409,0
20150424,60.398,60.463,59.362,60.463,33793,0
20150427,59.559,59.832,59.503,59.832,20524,0
20150428,59.927,59.927,59.644,59.644,991,0
20150429,60.304,61.246,60.294,60.304,2585,0
20150430,61.246,61.246,60.907,61.246,1393,0
20150504,61.198,61.198,60.304,60.539,1682,0
20150505,60.539,61.218,59.832,59.842,1074,0
20150506,59.37,60.869,59.37,60.115,1448,0
20150507,59.738,60.115,59.738,60.105,1597,0
20150508,60.831,60.831,60.746,60.746,1175,0
20150511,60.304,60.718,60.304,60.304,1342,0
20150512,60.774,60.774,59.635,59.635,1138,0
20150513,60.85,60.85,58.984,58.984,1202,0
20150514,58.89,58.89,57.675,58.419,5985,0
20150515,58.89,59.22,58.89,58.89,1159,0
20150518,58.796,59.362,58.372,58.89,12391,0
20150519,59.823,59.832,59.644,59.832,87,0
20150520,59.352,59.352,58.89,59.079,276,0
20150521,59.079,59.362,58.89,59.362,123,0
20150522,59.88,59.88,58.419,58.419,613,0
20150525,59.352,59.352,59.352,59.352,1,0
20150526,58.89,59.786,57.967,59.786,1501,0
20150527,59.757,59.786,59.362,59.362,471,0
20150528,59.362,60.021,59.362,60.021,1105,0
20150529,60.756,60.774,60.304,60.766,777,0
20150601,60.766,60.766,57.006,59.814,3380,0
20150602,58.9,59.832,58.9,59.832,493,0
20150603,59.832,59.832,59.173,59.173,88,0
20150605,58.9,58.947,58.513,58.513,2727,0
20150608,57.769,58.89,57.571,58.89,1562,0
20150609,57.948,58.419,57.948,58.419,2689,0
20150610,59.352,59.362,58.419,58.419,1739,0
20150611,58.419,59.117,57.571,57.571,9615,0
20150612,58.843,58.843,57.571,57.948,95,0
20150615,57.854,58.419,57.665,58.419,2153,0
20150616,57.834,58.419,57.627,58.4,157,0
20150617,58.324,58.4,58.137,58.137,205,0
20150618,57.571,58.4,57.571,58.023,1591,0
20150619,58.362,58.372,56.817,56.817,898,0
20150622,57.486,57.486,57.062,57.062,426,0
20150623,57.477,58.4,57.477,57.486,1485,0
20150624,57.477,57.477,57.477,57.477,109,0
20150625,57.477,57.477,56.581,56.667,404,0
20150626,56.534,57.477,54.857,57.477,1849,0
20150629,57.948,59.154,54.886,58.419,1083,0
20150630,54.914,61.246,54.904,61.246,4108,0
20150701,60.313,62.998,60.313,61.453,510,0
20150702,61.246,61.246,59.37,60.492,1028,0
20150703,59.314,59.314,57.684,58.231,454,0
20150706,57.684,58.127,55.79,58.042,411,0
20150707,57.938,57.948,57.006,57.006,159,0
20150708,57.006,57.006,56.534,56.534,244,0
20150709,56.534,56.534,56.534,56.534,212,0
20150710,58.333,58.333,58.333,58.333,729,0
20150713,58.333,58.333,57.371,58.139,175,0
20150714,58.236,59.733,57.857,58.333,1952,0
20150715,58.333,58.333,57.371,58.284,651,0
20150716,58.284,58.333,57.798,58.236,1177,0
20150717,58.284,58.284,57.361,58.032,940,0
20150720,57.419,57.419,56.884,56.884,1467,0
20150721,57.361,57.361,56.943,57.361,1874,0
20150722,57.361,57.361,55.903,55.903,2159,0
20150723,55.815,55.815,50.555,55.416,2065,0
20150724,55.416,55.416,54.153,54.153,1009,0
20150727,52.043,55.407,52.043,54.153,5227,0
20150729,54.25,54.279,53.005,53.472,427,0
20150730,55.028,55.028,53.764,53.764,123,0
20150803,53.005,53.005,52.111,52.111,2245,0
20150804,52.5,54.833,52.5,52.5,2721,0
20150805,53.453,54.444,52.5,54.444,16227,0
20150806,54.25,54.25,54.25,54.25,168,0
20150807,54.833,54.833,54.444,54.444,86,0
20150810,53.958,53.958,51.528,52.014,4017,0
20150811,52.014,52.014,50.701,51.139,136,0
20150812,51.139,51.528,50.653,50.653,1376,0
20150813,50.662,52.296,50.653,51.041,246,0
20150814,50.75,50.75,50.312,50.312,179,0
20150817,49.097,49.583,48.621,48.689,490,0
20150818,49.583,49.583,47.979,49.573,132,0
20150819,49.078,49.078,48.611,48.903,693,0
20150820,49.068,49.078,48.611,49.078,105,0
20150821,49.078,49.078,47.755,48.514,191,0
20150824,47.755,48.903,45.743,45.743,951,0
20150825,45.743,47.736,45.743,46.666,1785,0
20150826,46.861,46.861,46.666,46.666,53,0
20150827,46.657,49.107,45.276,49.107,1038,0
20150828,47.853,50.439,47.853,49.048,993,0
20150831,47.337,48.611,47.337,48.611,269,0
20150901,48.611,48.611,47.114,47.114,908,0
20150902,47.639,47.639,46.958,47.386,1487,0
20150903,47.153,47.639,46.666,47.639,1590,0
20150904,47.444,47.444,46.666,46.666,1045,0
20150907,47.648,47.648,47.143,47.153,9754,0
20150908,46.861,46.861,46.861,46.861,585,0
20150909,46.861,46.861,43.876,44.285,14547,0
20150910,46.628,46.628,42.875,44.139,4891,0
20150911,44.236,44.333,42.778,43.623,1665,0
20150914,43.75,43.75,43.264,43.264,1650,0
20150915,44.226,45.694,43.254,45.694,11667,0
20150916,46.161,48.135,46.161,48.135,1101,0
20150917,47.746,52.509,47.746,49.816,2841,0
20150918,50.604,51.518,49.69,51.489,1130,0
20150921,51.489,53.666,51.489,53.666,3707,0
20150922,53.715,53.715,51.644,52.704,2725,0
20150923,53.365,53.375,52.84,53.258,855,0
20150924,53.18,53.472,53.083,53.083,7006,0
20150925,53.851,53.861,53.423,53.472,2625,0
20150928,53.453,54.123,51.11,51.11,4235,0
20150929,51.11,52.986,51.11,52.986,1907,0
20150930,52.986,53.472,50.701,50.701,2983,0
20151001,52.976,52.986,52.208,52.597,9910,0
20151002,52.48,52.5,52.179,52.5,1480,0
20151005,52.5,52.889,52.5,52.889,3673,0
20151006,53.948,53.948,52.976,53.472,2455,0
20151007,53.861,53.861,53.472,53.472,962,0
20151008,53.18,54.153,53.18,53.472,2222,0
20151009,53.18,55.903,53.18,55.805,3397,0
20151012,55.805,55.805,53.608,54.347,1938,0
20151013,55.222,56.146,55.222,55.611,3573,0
20151014,55.611,56.729,55.611,56.107,5335,0
20151015,56.875,58.809,56.875,58.809,7922,0
20151016,59.305,59.509,56.846,59.509,1120,0
20151019,59.509,59.509,58.878,58.878,556,0
20151020,58.975,58.975,57.847,57.847,855,0
20151021,57.361,58.489,57.361,57.409,670,0
20151022,57.944,58.314,57.361,57.837,379,0
20151023,57.837,57.837,57.176,57.828,1223,0
20151026,57.828,57.828,57.828,57.828,103,0
20151027,57.828,57.828,57.555,57.555,2742,0
20151028,57.458,57.458,56.447,57.341,766,0
20151029,57.341,57.341,55.407,55.407,11245,0
20151030,56.039,57.361,54.483,55.416,1483,0
20151102,55.416,56.437,55.241,55.416,809,0
20151103,55.416,55.416,55.368,55.416,1059,0
20151104,55.407,55.416,55.407,55.416,45,0
20151105,54.473,55.416,54.473,55.416,295,0
20151106,54.464,55.407,54.454,54.454,252,0
20151109,53.278,53.278,52.626,52.626,192,0
20151110,52.626,52.626,51.528,51.761,1444,0
20151112,51.771,51.771,50.75,51.528,394,0
20151113,51.722,51.722,51.041,51.041,96,0
20151116,51.032,51.032,50.555,50.555,706,0
20151117,50.555,50.896,50.555,50.896,1658,0
20151118,50.886,50.886,50.371,50.371,170,0
20151119,50.021,50.021,49.778,49.972,6333,0
20151120,49.962,49.962,48.611,49.583,19379,0
20151123,49.583,49.583,48.173,48.173,1833,0
20151124,48.611,49.583,46.871,46.91,1552,0
20151125,48.601,48.611,47.639,47.639,4365,0
20151126,48.611,48.611,43.798,46.666,4635,0
20151127,47.444,49.583,47.444,48.932,49876,0
20151130,49.097,52.5,49.097,52.5,7420,0
20151201,53.375,57.944,53.375,57.361,3601,0
20151202,57.351,57.351,55.805,56.194,641,0
20151203,56.389,56.778,56,56.778,948,0
20151204,56.778,56.778,54.609,54.609,1269,0
20151207,55.416,55.484,54.94,55.407,16190,0
20151208,55.319,55.397,54.59,54.59,4391,0
20151209,54.59,54.59,54.065,54.065,3966,0
20151210,54.055,54.055,53.472,54.055,11525,0
20151211,55.387,55.387,54.444,54.444,5883,0
20151214,54.259,54.259,52.014,52.743,11450,0
20151215,52.937,52.986,52.937,52.986,5011,0
20151216,51.528,52.889,51.528,51.576,6700,0
20151217,51.576,54.444,51.508,54.444,53628,0
20151218,52.889,56.291,52.218,54.755,7603,0
20151221,54.755,57.361,54.755,56.875,3160,0
20151222,57.166,58.314,57.069,57.166,4551,0
20151223,59.305,59.305,53.968,55.416,6129,0
20151228,53.482,57.361,53.472,53.472,30333,0
20151229,56.389,56.389,53.764,54.444,33653,0
20151230,52.5,56.107,52.5,55.416,49381,0
20160104,55.416,57.244,55.028,57.069,3599,0
20160105,55.523,55.65,55.523,55.621,1598,0
20160107,55.805,57.234,54.444,56.369,2427,0
20160108,61.736,63.146,61.065,62.271,85776,0
20160111,62.232,62.698,62.115,62.251,32429,0
20160112,62.319,62.708,62.241,62.514,13718,0
20160113,62.455,64.157,62.455,64.001,30330,0
20160114,63.68,63.68,63.262,63.583,1035,0
20160115,63.389,63.661,63.214,63.214,7031,0
20160118,63.408,63.408,63.048,63.389,901,0
20160119,63.408,63.583,63.204,63.486,903,0
20160120,63.583,63.583,63.214,63.428,2416,0
20160121,63.34,63.34,63.126,63.33,23674,0
20160122,63.583,63.583,63,63.136,11446,0
20160125,63.146,63.389,62.611,62.708,12370,0
20160126,63.097,63.097,62.028,62.407,3468,0
20160127,62.465,62.465,62.028,62.222,698,0
20160128,62.134,62.212,61.075,61.444,16998,0
20160129,61.444,62.222,61.25,62.222,8001,0
20160201,61.755,62.193,61.6,62.193,1167,0
20160202,62.183,62.183,61.25,61.25,3506,0
20160203,61.153,61.639,61.075,61.483,4822,0
20160204,61.104,61.59,61.104,61.444,634,0
20160205,61.25,61.561,61.25,61.357,4894,0
20160208,61.25,61.648,61.25,61.648,832,0
20160209,61.736,61.784,61.347,61.755,302,0
20160210,61.765,61.765,61.25,61.716,4325,0
20160211,61.279,61.716,61.114,61.716,1658,0
20160212,61.065,61.444,60.764,61.055,3931,0
20160215,61.736,61.736,60.909,61.639,871,0
20160216,61.833,62.679,60.88,60.88,7027,0
20160217,60.764,61.726,60.764,61.707,1023,0
20160218,62.125,62.125,62.125,62.125,5,0
20160219,61.998,62.096,60.764,61.765,1898,0
20160222,61.823,61.823,60.278,61.532,4137,0
20160223,60.579,61.541,60.579,61.512,2978,0
20160224,61.814,61.814,61.055,61.055,1263,0
20160225,61.065,61.065,60.783,61.055,1828,0
20160226,60.618,61.123,60.326,61.123,5503,0
20160229,61.123,62.125,58.45,62.076,1543,0
20160301,62.076,63.029,62.076,63.029,952,0
20160302,63.009,63.009,61.833,61.93,932,0
20160303,62.708,62.708,61.736,62.222,841,0
20160304,62.173,62.689,61.882,62.222,266,0
20160307,62.222,62.601,62.222,62.601,514,0
20160308,62.591,62.591,62.591,62.591,12,0
20160309,62.591,62.591,61.736,61.736,2376,0
20160310,62.514,62.514,62.514,62.514,5,0
20160311,62.484,62.504,61.784,62.504,1967,0
20160314,62.504,62.504,62.212,62.212,108,0
20160315,62.455,62.455,62.455,62.455,2,0
20160316,62.309,62.309,61.25,62.3,2293,0
20160317,62.309,62.309,61.746,62.29,3256,0
20160318,62.29,63.029,61.794,62.222,4411,0
20160321,61.357,62.222,61.328,61.609,518,0
20160322,62.203,62.203,60.861,61.833,5907,0
20160323,61.833,61.833,61.211,61.716,2938,0
20160324,62.601,62.601,60.812,61.055,102,0
20160329,61.055,62.203,60.861,61.24,4974,0
20160330,60.958,61.726,60.764,61.716,527,0
20160331,61.25,62.669,61.25,62.222,19612,0
20160401,62.125,62.164,61.736,62.164,7020,0
20160404,62.125,62.611,61.901,61.998,528,0
20160405,62.611,62.611,62.028,62.416,122,0
20160406,62.076,62.611,62.076,62.076,299,0
20160407,62.076,62.125,62.076,62.125,933,0
20160408,62.611,63.009,62.562,62.971,3702,0
20160411,62.708,63.632,62.708,63.34,1289,0
20160412,63.34,63.35,63.33,63.35,3181,0
20160413,63.68,66.014,63.34,66.014,779,0
20160414,65.916,65.916,64.662,65.518,717,0
20160415,64.653,65.012,64.186,65.012,895,0
20160418,65.012,65.139,64.944,65.139,13544,0
20160419,65.129,65.916,65.129,65.916,3225,0
20160420,65.819,65.819,64.234,65.518,659,0
20160421,65.411,65.411,64.409,64.983,412,0
20160422,65.382,65.382,62.99,62.99,2581,0
20160425,64.157,64.157,62.241,63.078,1914,0
20160426,63.078,63.379,62.514,63.194,274,0
20160427,63.184,63.184,62.232,63.165,1995,0
20160428,63.165,63.165,62.271,63.029,199,0
20160429,63.165,63.894,63.165,63.894,184,0
20160502,63.884,64.157,62.426,63.846,283,0
20160504,63.884,63.884,63.884,63.884,2,0
20160505,62.5331,65.1289,62.5331,64.9344,20372,0
20160506,64.9442,64.9442,64.4095,64.9442,745,0
20160509,64.6525,64.6525,64.3414,64.6525,38,0
20160510,64.6525,64.6525,64.4581,64.6525,280,0
20160511,64.8372,64.8372,64.2345,64.74,3769,0
20160512,65.89,65.89,65.05,65.05,341,0
20160513,65.49,65.49,65.09,65.15,314,0
20160516,65.47,65.47,64.8,65.15,1242,0
20160517,65.49,65.49,64.82,65.49,172,0
20160518,65.43,65.43,64.87,65.18,2657,0
20160519,65.15,65.35,65.05,65.05,860,0
20160520,66.5,67.1,66.5,67.1,8447,0
20160523,67.02,67.2,66.7,67.2,840,0
20160524,67.21,67.21,66.4,67.05,207,0
20160525,66.64,66.64,66.22,66.22,223,0
20160527,66.99,66.99,66.1,66.1,113,0
20160530,65.1,66.1,64.1,66.1,48,0
20160531,64.6,65.75,63.6,65.75,203,0
20160601,64,67.15,64,67.02,9937,0
20160602,67.01,67.49,67,67.11,3463,0
20160603,67.12,67.9,67.12,67.12,1389,0
20160606,67.13,67.3,67.13,67.14,257,0
20160607,67,67.13,67,67.11,2749,0
20160608,67.12,67.28,67.12,67.13,561,0
20160609,67.14,67.15,67.14,67.15,468,0
20160610,67.2,67.25,67.19,67.24,1616,0
20160613,67.25,67.32,67.22,67.32,454,0
20160614,67.37,67.42,67.37,67.42,2303,0
20160615,67.41,67.43,67.41,67.43,339,0
20160616,67.48,67.5,67.48,67.5,1005,0
20160617,67.5,67.6,67.45,67.45,707,0
20160620,67.4,67.5,67.4,67.5,287,0
20160622,67.5,67.5,67.48,67.48,30,0
20160623,67.45,67.5,67.45,67.5,1113,0
