Date,Open,High,Low,Close,Volume,OpenInt
20070418,10.863,10.863,8.5712,8.737,1339943,0
20070419,8.7554,9.4825,8.6541,9.2342,312507,0
20070420,9.3906,9.519,9.1053,9.4825,122334,0
20070423,9.759,9.759,9.1148,9.2153,50056,0
20070424,9.1603,9.1603,8.9764,9.0219,22588,0
20070425,9.0219,9.2987,8.8383,9.2892,31695,0
20070426,9.2987,9.2987,9.0504,9.1423,20044,0
20070427,9.1148,9.2617,9.0039,9.2067,48180,0
20070430,9.437,9.574,9.3081,9.4825,42727,0
20070502,9.4825,9.566,9.4001,9.4086,14204,0
20070504,9.4001,9.667,9.2987,9.667,49348,0
20070507,9.667,9.667,9.3906,9.593,27328,0
20070508,9.492,9.492,9.2067,9.2067,28941,0
20070509,9.2067,9.3356,9.1423,9.2067,9866,0
20070510,9.2987,9.2987,9.0219,9.1878,18536,0
20070511,9.1878,9.1878,8.6173,9.1878,62709,0
20070514,9.1973,9.2067,9.0219,9.1148,5977,0
20070515,9.1508,9.2067,9.0219,9.1878,19217,0
20070516,9.1973,9.1973,9.0219,9.1698,2848,0
20070517,9.0779,9.0779,8.8567,8.9303,17906,0
20070518,9.0684,9.0684,8.7738,8.8383,5683,0
20070521,8.8659,8.9764,8.8567,8.8567,7313,0
20070522,8.9395,8.9395,8.8106,8.8751,24834,0
20070523,8.8659,8.8659,8.8014,8.8383,8688,0
20070524,8.7462,8.8842,8.7278,8.8383,11684,0
20070525,8.8014,9.0959,8.8014,9.0959,2823,0
20070528,9.0684,9.437,9.0684,9.3442,23442,0
20070529,9.3442,9.3442,9.1603,9.2067,34345,0
20070530,9.1148,9.2067,8.8659,9.2067,13912,0
20070531,9.0314,9.3906,8.9764,9.3442,48594,0
20070601,9.2067,9.4086,9.2067,9.3167,26538,0
20070604,9.2067,9.473,9.2067,9.437,21917,0
20070605,9.529,9.574,9.3906,9.437,13617,0
20070606,9.4825,9.759,9.3906,9.556,53615,0
20070608,9.437,9.437,9.2342,9.2797,25067,0
20070611,9.2987,9.4825,9.2987,9.437,28126,0
20070612,9.437,9.437,9.3726,9.3906,57335,0
20070613,9.492,9.584,9.3536,9.4825,35725,0
20070614,9.529,9.529,9.437,9.4825,20765,0
20070615,9.547,9.547,9.2067,9.3906,20444,0
20070618,9.4645,9.473,9.3536,9.3906,42234,0
20070619,9.3906,10.081,9.3536,10.035,84937,0
20070620,9.99,10.127,9.51,9.667,71501,0
20070621,9.566,9.667,9.437,9.519,49396,0
20070622,9.529,9.648,9.529,9.574,55944,0
20070625,9.676,9.676,9.529,9.658,42382,0
20070626,9.574,9.74,9.574,9.74,10760,0
20070627,9.796,9.796,9.556,9.556,18329,0
20070628,9.556,9.897,9.556,9.574,36438,0
20070629,9.574,9.574,9.4825,9.501,15671,0
20070702,9.4456,9.4456,9.4086,9.4086,11467,0
20070703,9.3906,9.851,9.3906,9.824,108507,0
20070704,9.805,9.805,9.667,9.759,12446,0
20070705,9.805,9.805,9.667,9.685,17953,0
20070706,9.759,9.759,9.713,9.75,8874,0
20070709,9.805,9.805,9.667,9.713,26585,0
20070710,9.667,9.713,9.574,9.593,12730,0
20070711,9.574,9.574,9.2153,9.529,6681,0
20070712,9.621,9.685,9.519,9.602,14392,0
20070713,9.501,9.621,9.501,9.621,11235,0
20070716,9.519,9.519,9.2987,9.437,10834,0
20070717,9.3356,9.529,9.3081,9.529,5704,0
20070718,9.437,9.501,9.3906,9.501,7164,0
20070719,9.4086,9.658,9.4086,9.658,8276,0
20070720,9.667,9.667,9.2712,9.2712,12421,0
20070723,9.3726,9.3726,9.2437,9.2522,51645,0
20070724,9.3536,9.3726,9.3536,9.3536,5703,0
20070725,9.2522,9.2522,8.7462,9.2067,12435,0
20070726,9.1148,9.1148,8.6541,8.7002,105967,0
20070727,8.2859,8.5161,8.1938,8.5161,41587,0
20070730,8.6081,8.8383,8.5253,8.6081,13309,0
20070731,8.6173,8.7462,8.47,8.6081,21348,0
20070801,8.5161,8.5161,8.2859,8.2859,13957,0
20070802,8.3135,8.4884,8.2859,8.4884,5963,0
20070803,8.5712,8.5712,8.4056,8.47,3453,0
20070806,8.5528,8.6541,8.3964,8.5436,13994,0
20070807,8.5989,9.0219,8.5989,8.8383,26805,0
20070808,8.9303,9.0959,8.8475,8.8475,8487,0
20070809,8.9395,8.9395,8.7922,8.7922,8891,0
20070810,8.2859,8.3779,8.2859,8.3319,23785,0
20070813,8.3226,8.4608,8.3226,8.3687,14714,0
20070814,8.3226,8.47,8.2859,8.3779,16993,0
20070816,8.0557,8.2859,7.8256,8.2859,33640,0
20070817,7.8256,8.2859,7.7611,8.2859,8848,0
20070820,8.2859,8.5345,7.844,8.3135,20758,0
20070821,8.2859,8.2859,7.9176,8.157,7777,0
20070822,8.0557,8.3226,8.0557,8.3226,22506,0
20070823,8.3779,8.6725,8.3319,8.4608,21600,0
20070824,8.5068,8.5068,8.2306,8.3595,7825,0
20070827,8.4056,8.4056,8.2582,8.3043,6636,0
20070828,8.3687,8.3687,8.1017,8.1017,28335,0
20070829,8.0096,8.1478,8.0096,8.1478,7253,0
20070830,8.2306,8.2306,8.0557,8.0557,10813,0
20070831,8.1201,8.1201,7.9729,8.1201,2922,0
20070903,8.0373,8.1201,8.0373,8.1017,20411,0
20070904,8.0649,8.0926,7.9637,8.0926,11633,0
20070905,8.0096,8.0834,7.9729,7.9729,2499,0
20070906,7.89,8.0096,7.7795,7.7795,8323,0
20070907,7.8256,7.8256,7.5493,7.7703,11107,0
20070910,7.6874,7.7243,7.4113,7.4113,4560,0
20070911,7.4941,7.5585,7.4573,7.4757,4040,0
20070912,7.3929,7.4573,7.1811,7.1811,10557,0
20070913,7.2639,7.2732,7.1811,7.1811,1437,0
20070914,7.2547,7.2732,7.1166,7.1166,7829,0
20070917,7.1811,7.1811,6.9969,7.1719,4120,0
20070918,7.1627,7.1719,6.9969,7.1719,3287,0
20070919,7.1074,7.2271,7.1074,7.1811,11921,0
20070920,7.135,7.135,6.9049,7.089,10234,0
20070921,6.9969,7.1811,6.9969,7.1811,7544,0
20070924,7.1166,7.1719,6.9049,7.1258,3192,0
20070925,6.9509,7.1258,6.9049,6.9509,4855,0
20070926,6.9049,6.9509,6.8589,6.9509,4660,0
20070927,6.9969,7.0246,6.9049,7.0246,12143,0
20070928,7.0246,7.0246,6.9049,6.9325,11575,0
20071001,6.9325,7.3652,6.9049,7.3652,47071,0
20071002,7.5493,7.6782,7.3652,7.4113,34029,0
20071003,7.5493,7.5493,7.2732,7.4113,5515,0
20071004,7.2732,7.356,7.2455,7.356,1840,0
20071005,7.2732,7.6138,7.2732,7.6046,32987,0
20071008,7.8348,7.8348,7.7335,7.8348,20559,0
20071009,7.6874,7.8716,7.6415,7.7427,55507,0
20071010,7.7795,7.8071,7.7243,7.7427,32977,0
20071011,7.7795,7.7887,7.7151,7.7795,6192,0
20071012,7.7427,7.7611,7.7427,7.7611,6873,0
20071015,7.7795,7.7795,7.4665,7.623,10757,0
20071016,7.4665,7.4665,6.9049,6.9969,61626,0
20071017,6.9049,6.9049,6.5366,6.5366,110962,0
20071018,6.6287,6.6287,6.4814,6.5734,20343,0
20071019,6.7208,6.8957,6.5827,6.8589,18349,0
20071022,6.7668,6.7668,6.5366,6.7116,5721,0
20071023,6.8497,6.8497,6.6747,6.6931,13324,0
20071024,6.7208,6.7208,6.7116,6.7116,1090,0
20071025,6.6287,6.6747,6.4814,6.4814,9811,0
20071026,6.4906,6.4906,6.4445,6.4814,6286,0
20071029,6.4445,6.4906,6.4445,6.4538,5239,0
20071030,6.5458,6.5458,6.5366,6.5458,3562,0
20071031,6.4538,6.5827,6.4538,6.5827,197657,0
20071102,6.4538,6.5366,6.3065,6.5366,5123,0
20071105,6.3986,6.4445,6.1684,6.196,6678,0
20071106,6.1776,6.3986,6.1776,6.2236,2658,0
20071107,6.2236,6.2604,6.1776,6.2052,4405,0
20071108,6.1776,6.1776,5.9842,6.1592,8547,0
20071109,6.0579,6.0763,5.5147,5.524,13647,0
20071112,5.3398,5.5147,5.2477,5.2569,12443,0
20071113,5.1096,5.5055,5.1096,5.4318,2798,0
20071114,5.524,5.8462,5.4502,5.4502,6816,0
20071115,5.5884,5.5884,5.3398,5.5147,955,0
20071116,5.2477,5.4318,5.1649,5.3858,6725,0
20071119,5.4318,5.4318,5.1557,5.2385,2661,0
20071120,5.2016,5.2016,4.9255,4.9347,7051,0
20071121,5.0268,5.0268,4.5296,4.5572,95532,0
20071122,4.4928,4.548,4.1429,4.5296,25922,0
20071123,4.5941,4.5941,4.3823,4.4467,13926,0
20071126,4.5388,4.6309,4.4652,4.5756,9772,0
20071127,4.5849,4.5941,4.4652,4.5572,8488,0
20071128,4.6033,4.861,4.5572,4.861,21710,0
20071129,4.9255,5.1557,4.6033,4.723,28096,0
20071130,4.8242,4.8242,4.7874,4.7874,1296,0
20071203,4.861,4.861,4.7874,4.7966,9635,0
20071204,4.7874,4.8335,4.6493,4.7874,5334,0
20071205,4.8335,4.8335,4.6677,4.6861,7688,0
20071206,4.7782,4.7782,4.7138,4.7414,10570,0
20071207,4.815,4.815,4.6953,4.7689,4270,0
20071210,4.7874,4.8335,4.7045,4.7874,13083,0
20071211,4.7874,4.7874,4.6493,4.7782,13756,0
20071212,4.6493,4.6769,4.5112,4.5112,19973,0
20071213,4.5664,4.5664,4.3731,4.4191,37452,0
20071214,4.4191,4.4375,4.327,4.327,12447,0
20071217,4.2994,4.2994,4.1889,4.2258,20340,0
20071218,4.2442,4.2442,4.1429,4.1429,64921,0
20071219,4.2258,4.2258,4.0509,4.1153,48250,0
20071220,4.0509,4.0969,3.9588,3.9588,48637,0
20071221,3.9496,4.2258,3.8759,4.1429,53520,0
20071227,4.3547,4.3547,4.1429,4.327,72641,0
20071228,4.2811,4.6953,4.2811,4.6033,45749,0
20080102,4.6033,4.7874,4.6033,4.7414,22167,0
20080103,4.7782,5.0175,4.6953,4.9347,26652,0
20080104,5.0728,5.3398,5.0175,5.1557,119350,0
20080107,5.4226,5.4226,4.9715,5.0544,26386,0
20080108,5.0636,5.0728,4.8242,4.9531,22421,0
20080109,4.7505,4.7689,4.6033,4.6033,43194,0
20080110,4.6861,4.8242,4.5296,4.5572,43643,0
20080111,4.6033,4.64,4.5572,4.6033,15161,0
20080114,4.4652,4.5112,4.4191,4.4283,24550,0
20080115,4.4283,4.5572,4.2903,4.2903,8909,0
20080116,4.1889,4.3823,4.0877,4.3823,22222,0
20080117,4.5572,4.5572,4.3731,4.5204,5717,0
20080118,4.5388,4.5572,4.3823,4.548,7573,0
20080121,4.5388,4.5572,4.3547,4.5112,6038,0
20080122,4.4008,4.548,3.6826,4.3363,46930,0
20080123,4.4652,4.502,4.327,4.327,12350,0
20080124,4.3823,4.6217,4.3823,4.6217,11485,0
20080125,4.7505,4.7874,4.5941,4.7414,5609,0
20080128,4.6033,4.7322,4.6033,4.7322,1555,0
20080129,4.6033,4.6953,4.5756,4.6033,15714,0
20080130,4.7689,4.7689,4.3731,4.4191,19433,0
20080131,4.5112,4.5756,4.4191,4.4836,13936,0
20080201,4.4928,4.6033,4.4375,4.6033,12542,0
20080204,4.5941,4.5941,4.4375,4.4375,10130,0
20080205,4.4375,4.502,4.3547,4.4191,6662,0
20080206,4.3823,4.3823,4.2534,4.3731,5474,0
20080207,4.4099,4.4099,4.2442,4.3731,12659,0
20080208,4.4008,4.4099,4.2442,4.2534,10946,0
20080211,4.235,4.3547,4.235,4.3547,1150,0
20080212,4.3547,4.3915,4.3455,4.3731,4862,0
20080213,4.3731,4.4099,4.3731,4.4099,1468,0
20080214,4.2534,4.5204,4.2534,4.5204,4636,0
20080215,4.5204,4.5204,4.5204,4.5204,652,0
20080218,4.5296,4.5296,4.4283,4.4283,418,0
20080219,4.3731,4.502,4.3731,4.4744,505,0
20080220,4.4191,4.4191,4.4191,4.4191,109,0
20080221,4.4191,4.4191,4.327,4.4008,2451,0
20080222,4.3455,4.3455,4.327,4.3363,1576,0
20080225,4.327,4.327,4.2258,4.2442,4409,0
20080226,4.327,4.327,4.2811,4.2811,769,0
20080227,4.2811,4.2811,4.235,4.2811,247,0
20080228,4.2811,4.4099,4.2811,4.3731,10592,0
20080229,4.4191,4.4191,4.2534,4.2534,1459,0
20080303,4.235,4.327,4.0877,4.0877,4538,0
20080304,4.0969,4.2258,4.0969,4.2258,217,0
20080305,4.235,4.2719,4.1429,4.2719,3776,0
20080306,4.3086,4.3086,4.1522,4.235,4366,0
20080307,4.235,4.235,3.9312,4.1429,6668,0
20080310,3.8759,4.1889,3.8759,4.1889,2788,0
20080311,4.1429,4.1429,4.0509,4.1429,4779,0
20080312,4.1429,4.1429,3.9864,3.9864,4453,0
20080313,4.0048,4.1245,3.968,4.1245,1162,0
20080314,4.0233,4.0877,4.0233,4.0877,847,0
20080317,3.9588,4.0969,3.9588,4.0969,2110,0
20080318,3.9956,4.1889,3.9956,4.0509,1716,0
20080319,4.0969,4.2166,3.9864,4.2166,5798,0
20080320,4.1889,4.1889,4.1429,4.1429,823,0
20080325,4.1429,4.1429,4.0325,4.1245,655,0
20080326,4.1061,4.1245,4.0969,4.1061,697,0
20080327,4.1614,4.2811,4.1429,4.2166,7078,0
20080328,4.2994,4.2994,4.1429,4.1889,2250,0
20080331,4.0877,4.0877,4.0048,4.0509,4732,0
20080401,4.0784,4.0784,3.8943,4.014,5425,0
20080402,4.1429,4.1429,4.0877,4.0969,9031,0
20080403,4.0509,4.0509,3.9772,4.0233,3235,0
20080404,4.0048,4.0877,4.0048,4.0877,240,0
20080407,4.0048,4.2258,4.0048,4.1429,3232,0
20080408,4.1245,4.1889,3.9956,4.1614,6141,0
20080409,4.1337,4.1889,4.1337,4.1889,1812,0
20080410,4.1429,4.1889,4.0509,4.0509,3258,0
20080411,3.9588,4.0601,3.9588,3.968,7288,0
20080414,3.9404,3.968,3.8851,3.968,2375,0
20080415,4.0325,4.0325,4.0325,4.0325,380,0
20080416,4.0325,4.0325,3.9128,3.9128,630,0
20080417,4.0969,4.0969,3.8392,3.8392,11342,0
20080418,3.8667,3.8667,3.7562,3.8207,3075,0
20080421,3.7839,3.8392,3.6365,3.6457,14551,0
20080422,3.6457,3.7747,3.5261,3.5261,2873,0
20080423,3.655,3.655,3.5169,3.6365,4797,0
20080424,3.4985,3.8667,3.4985,3.7747,13412,0
20080425,3.9128,3.9128,3.6457,3.7379,4855,0
20080428,3.7654,3.7747,3.6274,3.6274,977,0
20080429,3.9128,3.9128,3.6642,3.6642,55,0
20080430,3.8943,3.9128,3.8207,3.9036,5353,0
20080505,3.9588,3.9588,3.8667,3.8667,5072,0
20080506,3.8392,3.8667,3.8207,3.8207,1814,0
20080507,3.8392,3.9404,3.8392,3.9128,439,0
20080508,3.9128,3.9128,3.7747,3.9036,1530,0
20080509,3.9036,3.9036,3.7931,3.7931,228,0
20080512,3.8667,3.8667,3.7747,3.8115,1227,0
20080513,3.8943,3.9128,3.7839,3.8667,2458,0
20080514,3.9036,3.9036,3.8207,3.8207,2354,0
20080515,3.7931,3.7931,3.4617,3.5169,13295,0
20080516,3.4801,3.6274,3.4801,3.5169,9729,0
20080519,3.5906,3.5906,3.342,3.3696,3690,0
20080520,3.4064,3.5906,3.4064,3.4801,3411,0
20080521,3.342,3.5906,3.342,3.5445,3449,0
20080523,3.5906,3.7195,3.3512,3.6365,25027,0
20080526,3.747,3.747,3.4709,3.5998,2522,0
20080527,3.5998,3.5998,3.4248,3.4248,5637,0
20080528,3.5445,3.5445,3.5445,3.5445,367,0
20080529,3.5445,3.6642,3.4248,3.6642,12840,0
20080530,3.6274,3.7287,3.4524,3.7287,7348,0
20080602,3.7654,3.7654,3.5998,3.747,63476,0
20080603,3.7287,3.7287,3.609,3.7287,10940,0
20080604,3.7287,3.8115,3.6642,3.8115,10324,0
20080605,3.8023,3.8115,3.701,3.701,5100,0
20080606,3.8115,3.8667,3.6365,3.7654,4198,0
20080609,3.7287,3.7287,3.6457,3.6457,228,0
20080610,3.655,3.747,3.4156,3.6182,6881,0
20080611,3.4524,3.5445,3.4524,3.5445,2219,0
20080612,3.3972,3.6457,3.3972,3.6457,5410,0
20080613,3.7103,3.7103,3.3327,3.5906,9293,0
20080616,3.5906,3.5906,3.4248,3.5906,5191,0
20080617,3.4156,3.5813,3.4156,3.5721,5708,0
20080618,3.4524,3.5629,3.4432,3.5629,1430,0
20080619,3.5445,3.5445,3.4524,3.5445,1089,0
20080620,3.434,3.434,3.434,3.434,442,0
20080623,3.5537,3.5537,3.4248,3.5169,4331,0
20080624,3.5077,3.5077,3.2591,3.5077,10004,0
20080625,3.4985,3.5077,3.4985,3.5077,6861,0
20080626,3.4064,3.5077,3.4064,3.4709,6634,0
20080627,3.4893,3.4893,3.2591,3.3327,4498,0
20080630,3.5077,3.5077,3.2959,3.3143,55016,0
20080701,3.2683,3.3143,3.1946,3.1946,8117,0
20080702,3.2959,3.2959,3.2038,3.2038,281,0
20080703,3.2683,3.2683,3.0841,3.0841,5851,0
20080704,3.2959,3.2959,2.7988,2.8172,7671,0
20080707,3.0474,3.1302,2.7619,2.7619,5029,0
20080708,2.9829,2.9829,2.6239,2.6883,6380,0
20080709,2.9369,2.9369,2.6791,2.7527,9252,0
20080710,2.9001,2.9001,2.7711,2.7804,4374,0
20080711,2.9369,2.9369,2.7711,2.8264,8550,0
20080714,2.854,2.9093,2.8356,2.9093,7360,0
20080715,2.9277,2.9277,2.7619,2.7619,3763,0
20080716,2.9461,2.9461,2.7252,2.7252,1629,0
20080717,2.7896,2.7896,2.6515,2.6515,6080,0
20080718,2.7711,2.7711,2.6239,2.7067,10454,0
20080721,2.7252,2.8356,2.7252,2.7527,21559,0
20080722,2.8356,2.8356,2.7896,2.7896,5287,0
20080723,2.8816,2.8816,2.8816,2.8816,808,0
20080724,2.8816,2.8816,2.7344,2.8448,1355,0
20080725,2.8816,2.8816,2.7435,2.854,2024,0
20080728,2.8632,2.8632,2.8632,2.8632,26,0
20080729,2.7619,2.8632,2.7252,2.8632,1807,0
20080730,2.854,2.8632,2.7344,2.7804,11057,0
20080731,2.854,2.854,2.7896,2.854,3949,0
20080801,2.854,2.854,2.854,2.854,195,0
20080804,2.8448,2.8448,2.7435,2.7804,2023,0
20080805,2.7804,2.7804,2.6791,2.7804,267,0
20080806,2.8264,2.8264,2.8264,2.8264,51,0
20080807,2.8172,2.854,2.7804,2.8356,6842,0
20080808,2.9001,2.9001,2.808,2.808,120,0
20080811,2.8448,2.8448,2.8448,2.8448,1088,0
20080812,2.7711,2.8448,2.7711,2.8448,910,0
20080813,2.7619,2.8448,2.7619,2.8356,5391,0
20080814,2.8356,2.8356,2.7619,2.8356,2269,0
20080818,2.8172,2.8172,2.8172,2.8172,44,0
20080819,2.808,2.8264,2.7619,2.8264,4133,0
20080820,2.7711,2.7711,2.7619,2.7711,4042,0
20080821,2.8264,2.8264,2.8264,2.8264,43,0
20080822,2.8264,2.8356,2.808,2.8264,5004,0
20080825,2.8264,2.8448,2.7527,2.8448,4351,0
20080826,2.8448,2.8448,2.7527,2.7619,6102,0
20080827,2.8264,2.8264,2.6883,2.7619,7533,0
20080828,2.7896,2.7896,2.6699,2.7619,5306,0
20080829,2.7619,2.7619,2.6515,2.6883,1429,0
20080901,2.7527,2.7527,2.6791,2.7527,248,0
20080902,2.7619,2.7619,2.6791,2.7619,348,0
20080903,2.7619,2.7619,2.716,2.716,5965,0
20080904,2.716,2.7435,2.716,2.7435,1771,0
20080905,2.7252,2.7252,2.6975,2.716,2752,0
20080908,2.7435,2.7435,2.6975,2.716,4381,0
20080909,2.716,2.7435,2.7067,2.7435,39076,0
20080910,2.7067,2.716,2.5686,2.716,18510,0
20080911,2.7252,2.7252,2.6515,2.716,2547,0
20080912,2.716,2.716,2.5778,2.6515,19388,0
20080915,2.6607,2.6607,2.495,2.495,12197,0
20080916,2.5318,2.5778,2.4766,2.5778,4168,0
20080917,2.5318,2.541,2.4489,2.4489,5021,0
20080918,2.4858,2.4858,2.3937,2.3937,7079,0
20080919,2.4858,2.5778,2.3845,2.4858,11330,0
20080922,2.4213,2.5134,2.4213,2.4213,3616,0
20080923,2.4858,2.4858,2.4121,2.4674,3504,0
20080924,2.4766,2.4766,2.4029,2.4581,4305,0
20080925,2.4489,2.4489,2.3661,2.4121,7030,0
20080926,2.3937,2.4397,2.3292,2.4397,8148,0
20080929,2.32,2.4213,2.32,2.4213,3113,0
20080930,2.3108,2.6055,2.2924,2.4213,25932,0
20081001,2.4858,2.5963,2.4858,2.5963,15323,0
20081002,2.587,2.5963,2.5318,2.5963,11877,0
20081003,2.5963,2.5963,2.5318,2.5963,8762,0
20081006,2.5778,2.5778,2.5778,2.5778,1452,0
20081007,2.6055,2.6055,2.4305,2.4489,25671,0
20081008,2.4397,2.4397,2.3477,2.4213,31206,0
20081009,2.32,2.4397,2.2464,2.4397,7233,0
20081010,2.3108,2.4397,2.2372,2.2833,13948,0
20081013,2.3108,2.4029,2.3108,2.3845,20511,0
20081014,2.4121,2.4121,2.3108,2.3845,5692,0
20081015,2.3108,2.3477,2.2464,2.3477,15239,0
20081016,2.3661,2.3661,2.1728,2.3016,13747,0
20081017,2.3016,2.3016,2.1728,2.2924,8206,0
20081020,2.1911,2.3937,2.1911,2.3016,41063,0
20081021,2.2833,2.2833,2.2833,2.2833,2214,0
20081022,2.2833,2.2833,2.2095,2.2095,9507,0
20081023,2.1636,2.274,2.1175,2.1359,2923,0
20081024,2.2095,2.2095,2.1175,2.1175,3400,0
20081027,2.228,2.228,2.0806,2.0899,10794,0
20081028,2.0899,2.0899,2.0714,2.0899,5936,0
20081029,2.228,2.228,2.1175,2.1451,10628,0
20081030,2.1451,2.1451,2.0806,2.0806,8068,0
20081031,2.1819,2.1819,2.0806,2.0806,3294,0
20081103,2.1175,2.1175,2.0991,2.0991,1688,0
20081104,2.1267,2.2095,2.1083,2.1636,17033,0
20081105,2.1728,2.2095,2.1636,2.2095,6259,0
20081106,2.1636,2.1819,2.1083,2.1819,7039,0
20081107,2.2095,2.228,2.1175,2.2095,13985,0
20081110,2.2095,2.2095,2.1175,2.1175,128,0
20081112,2.1175,2.1175,2.0531,2.0531,5483,0
20081113,2.0531,2.0531,1.9702,1.9794,1507,0
20081114,1.9794,2.1175,1.9794,2.1083,14200,0
20081117,2.0899,2.1083,2.0254,2.0254,5471,0
20081118,1.9978,1.9978,1.8873,1.9426,13597,0
20081119,1.9702,1.9702,1.8413,1.8413,2857,0
20081120,1.8413,1.8505,1.7584,1.8505,12959,0
20081121,1.8413,1.915,1.7953,1.8873,2556,0
20081124,1.9794,1.9886,1.8597,1.8873,9580,0
20081125,1.9334,2.007,1.9334,2.007,4300,0
20081126,1.9794,1.9794,1.9334,1.9334,4034,0
20081127,1.8321,1.8873,1.8321,1.8873,7093,0
20081128,1.8873,1.9702,1.8873,1.9702,461,0
20081201,1.9702,1.9702,1.8689,1.9242,3210,0
20081202,1.9334,1.9702,1.9334,1.9702,8925,0
20081203,1.9702,1.9886,1.8781,1.9886,17456,0
20081204,2.0254,2.0254,1.9426,2.0254,2330,0
20081205,2.0254,2.0254,2.0254,2.0254,1134,0
20081208,2.0254,2.0254,1.9334,2.0254,30875,0
20081209,1.9609,2.0254,1.9334,2.0254,12999,0
20081210,2.0162,2.0162,1.9334,2.0162,6892,0
20081211,2.0162,2.0254,1.9334,2.0254,4814,0
20081212,2.0254,2.1083,1.9334,2.1083,6780,0
20081215,2.007,2.1636,1.9794,2.1267,29768,0
20081216,2.1175,2.2556,2.0899,2.2556,9436,0
20081217,2.2095,2.2556,2.0991,2.2556,17754,0
20081218,2.1359,2.2372,2.1359,2.2372,2761,0
20081219,2.2188,2.2464,2.1451,2.2464,1230,0
20081222,2.1544,2.2556,2.0991,2.2556,13922,0
20081223,2.2924,2.2924,2.0991,2.2833,33726,0
20081229,2.2924,2.2924,2.2003,2.2003,10359,0
20081230,2.2648,2.2648,2.0899,2.1636,21650,0
20081231,2.1819,2.1819,2.0899,2.1083,12220,0
20090105,2.1175,2.2188,2.1175,2.2188,9259,0
20090106,2.2372,2.2372,2.1819,2.2188,3821,0
20090107,2.2188,2.2188,2.1451,2.2188,2865,0
20090108,2.2095,2.2188,2.1267,2.2188,6798,0
20090109,2.2095,2.2095,2.1636,2.2095,8160,0
20090112,2.2372,2.2372,2.2095,2.2095,3640,0
20090113,2.2095,2.2095,2.1819,2.2095,5264,0
20090114,2.2372,2.2372,2.2372,2.2372,15,0
20090115,2.2372,2.2372,2.1636,2.2095,1752,0
20090116,2.1911,2.1911,2.1819,2.1819,5510,0
20090119,2.1451,2.1636,2.1451,2.1544,7755,0
20090120,2.1636,2.1636,2.0714,2.0714,6057,0
20090121,2.1083,2.1083,1.9334,1.9334,23832,0
20090122,2.0623,2.0623,1.8413,1.8505,28446,0
20090123,2.007,2.007,1.8689,1.8689,20926,0
20090126,1.9609,1.9609,1.8413,1.8413,13029,0
20090127,1.9518,1.9518,1.8321,1.8321,6984,0
20090128,1.9609,1.9609,1.8229,1.8321,24527,0
20090129,2.007,2.007,1.8413,1.8597,15158,0
20090130,1.9334,1.9334,1.8413,1.8413,5777,0
20090202,1.8965,1.8965,1.8413,1.8873,135,0
20090203,1.8413,1.8413,1.8413,1.8413,1075,0
20090204,2.0347,2.0347,1.8137,1.8137,9097,0
20090205,1.9518,1.9518,1.8597,1.8597,3171,0
20090206,1.8505,1.9518,1.8413,1.9058,49979,0
20090209,1.9334,1.9702,1.8965,1.9058,14891,0
20090210,1.9058,1.9518,1.8965,1.8965,13021,0
20090211,1.8965,1.8965,1.8689,1.8873,3594,0
20090212,1.8965,2.0254,1.8597,1.8965,45342,0
20090213,1.9609,1.9609,1.8597,1.8781,30023,0
20090216,1.8781,1.8781,1.8321,1.8321,14865,0
20090217,1.8229,1.8229,1.7492,1.7492,9036,0
20090218,1.7953,1.9058,1.7953,1.8597,14557,0
20090219,1.8229,1.9058,1.8229,1.9058,20741,0
20090220,1.8505,1.9242,1.8413,1.8413,13825,0
20090223,1.9518,1.9518,1.8413,1.8505,6531,0
20090224,1.8597,1.8781,1.8413,1.8781,5990,0
20090225,1.8505,1.9702,1.8505,1.8965,20943,0
20090226,1.8781,1.915,1.8413,1.915,24328,0
20090227,1.8597,1.9794,1.8597,1.9518,45241,0
20090302,1.9518,1.9702,1.9058,1.9334,13490,0
20090303,1.9242,1.9702,1.9242,1.9702,3421,0
20090304,1.9702,1.9702,1.9058,1.9702,3145,0
20090305,1.9334,1.9978,1.9334,1.9978,8990,0
20090306,1.9334,2.007,1.9334,1.9886,2814,0
20090309,1.9886,1.9886,1.9242,1.9794,10410,0
20090310,1.9794,2.0254,1.9334,2.0254,8184,0
20090311,2.0254,2.0623,1.9609,1.9702,8372,0
20090312,2.007,2.007,1.9702,1.9978,9279,0
20090313,1.9702,1.9702,1.9609,1.9702,4247,0
20090316,2.007,2.007,1.9609,1.9609,1488,0
20090317,1.9058,1.9426,1.9058,1.9426,483,0
20090318,1.9242,2.0714,1.9242,2.0531,20219,0
20090319,2.0162,2.0991,2.0162,2.0991,15679,0
20090320,2.0531,2.1175,2.0439,2.1175,11763,0
20090323,2.1544,2.1636,2.0899,2.1175,28441,0
20090324,2.1175,2.2003,2.1175,2.1728,51070,0
20090325,2.0991,2.1819,2.0991,2.1636,4912,0
20090326,2.2003,2.2003,2.1083,2.1175,9948,0
20090327,2.1636,2.2464,2.1359,2.2464,18566,0
20090330,2.2095,2.3016,2.1728,2.2095,14915,0
20090331,2.3016,2.4858,2.3016,2.3937,60620,0
20090401,2.4581,2.4581,2.1544,2.4029,25040,0
20090402,2.4029,2.6239,2.3569,2.5778,44160,0
20090403,2.5778,2.808,2.5225,2.6239,28470,0
20090406,2.6422,2.6699,2.5778,2.5778,9274,0
20090407,2.5134,2.6515,2.5134,2.6515,899,0
20090408,2.7527,2.7527,2.6147,2.716,18828,0
20090409,2.6515,2.7896,2.5686,2.7435,34407,0
20090414,2.7804,2.8264,2.716,2.8264,15904,0
20090415,2.7619,2.8264,2.716,2.7711,8892,0
20090416,2.7896,2.9553,2.7896,2.9461,17238,0
20090417,2.9001,2.9461,2.808,2.9369,13686,0
20090420,2.9461,2.9461,2.7435,2.8172,8748,0
20090421,2.8632,2.9277,2.8264,2.9277,3772,0
20090422,2.9461,2.9461,2.8172,2.854,13872,0
20090423,2.9001,2.9185,2.9001,2.9185,1086,0
20090424,2.9001,2.9001,2.854,2.9001,2987,0
20090427,2.8908,2.8908,2.8264,2.8448,1695,0
20090428,2.7804,2.8356,2.7435,2.8356,3476,0
20090429,2.7804,2.8448,2.7804,2.8448,1828,0
20090430,2.8448,2.9461,2.8448,2.8632,5654,0
20090504,2.9461,2.9553,2.9277,2.9461,4230,0
20090505,2.9553,3.0382,2.9093,3.0382,14277,0
20090506,3.0382,3.4524,3.0382,3.2223,51906,0
20090507,3.3327,3.3604,3.2499,3.2499,4763,0
20090508,3.434,3.434,3.2591,3.2868,5894,0
20090511,3.2223,3.5445,3.2223,3.5353,20686,0
20090512,3.4248,3.6457,3.2868,3.6274,6081,0
20090513,3.9128,3.9588,3.6826,3.8207,86956,0
20090514,3.8667,3.8667,3.6457,3.7379,15403,0
20090515,3.6826,3.7931,3.6734,3.7931,16133,0
20090518,3.8667,3.8667,3.7747,3.7747,1677,0
20090519,3.7747,3.922,3.6274,3.9128,34085,0
20090520,3.8484,4.1245,3.8484,4.0693,17252,0
20090521,4.0601,4.1889,3.922,4.1706,22968,0
20090522,4.2258,4.327,4.1337,4.327,20174,0
20090525,4.327,4.7689,4.327,4.7597,48494,0
20090526,4.7689,4.7689,4.4652,4.7689,32624,0
20090527,4.7414,4.7689,4.64,4.7414,21613,0
20090528,4.7138,4.8242,4.5572,4.8242,43207,0
20090529,4.8242,4.8242,4.6585,4.7689,21640,0
20090601,4.7597,4.815,4.7414,4.7874,20173,0
20090602,4.7874,4.8519,4.7874,4.8058,33064,0
20090603,4.861,5.1372,4.861,5.0544,12655,0
20090604,5.0636,5.1188,4.9807,5.0175,9675,0
20090605,5.1096,5.128,5.0912,5.0912,14576,0
20090608,5.1096,5.1188,4.9899,5.0544,9539,0
20090609,5.0636,5.1096,4.9347,4.9715,12866,0
20090610,5.0636,5.0636,4.7505,4.7874,25055,0
20090612,4.6493,4.7874,4.6493,4.6953,7880,0
20090615,4.6953,4.7138,4.6493,4.6585,6352,0
20090616,4.6125,4.6217,4.5112,4.6125,4313,0
20090617,4.4559,4.8242,4.4559,4.6217,13516,0
20090618,4.7874,4.7874,4.6493,4.6493,1762,0
20090619,4.7414,4.7414,4.6125,4.6493,5048,0
20090622,4.6033,4.6033,4.2811,4.4652,8634,0
20090623,4.4652,4.4652,4.3547,4.4191,4715,0
20090624,4.4652,4.6033,4.4283,4.5572,4079,0
20090625,4.548,4.548,4.3823,4.548,341,0
20090626,4.4008,4.548,4.4008,4.548,1622,0
20090629,4.6677,4.6677,4.3731,4.3731,7501,0
20090630,4.4191,4.4191,4.2626,4.3363,4822,0
20090701,4.4652,4.4928,4.327,4.3731,4187,0
20090702,4.4191,4.4191,4.327,4.327,3964,0
20090703,4.3731,4.3731,4.327,4.327,647,0
20090706,4.2626,4.2626,4.0969,4.1889,8275,0
20090707,4.1889,4.1981,4.0877,4.1981,1810,0
20090708,4.1429,4.1429,4.1429,4.1429,13197,0
20090709,4.2166,4.5572,4.1429,4.5204,11668,0
20090710,4.5941,4.6033,4.2534,4.4283,4398,0
20090713,4.4099,4.4099,4.3086,4.3086,113,0
20090714,4.3178,4.5388,4.3178,4.327,114191,0
20090715,4.4836,4.4836,4.3086,4.4099,3197,0
20090716,4.4008,4.4191,4.327,4.4191,4577,0
20090717,4.4191,4.4191,4.4191,4.4191,678,0
20090720,4.2903,4.502,4.2903,4.3731,3046,0
20090721,4.4191,4.4191,4.3731,4.3731,2812,0
20090722,4.4099,4.4099,4.3363,4.4099,2394,0
20090723,4.3731,4.4191,4.3455,4.4191,4251,0
20090724,4.4191,4.4191,4.2626,4.4191,4802,0
20090727,4.4652,4.4652,4.327,4.3363,772,0
20090728,4.327,4.3547,4.327,4.327,3679,0
20090729,4.327,4.4191,4.2626,4.4191,4703,0
20090730,4.4559,4.4559,4.2811,4.4191,29335,0
20090731,4.3915,4.4283,4.327,4.4099,3334,0
20090803,4.4375,4.6493,4.327,4.5849,23147,0
20090804,4.6309,4.6309,4.5572,4.5941,14130,0
20090805,4.4652,4.64,4.4652,4.64,16898,0
20090806,4.64,4.64,4.5112,4.64,8258,0
20090807,4.6217,4.6769,4.6033,4.6125,16768,0
20090810,4.6125,4.7874,4.6033,4.7874,28315,0
20090811,4.8335,4.9163,4.6493,4.6493,101885,0
20090812,4.7689,4.7689,4.6125,4.7597,5238,0
20090813,4.7874,4.9715,4.7874,4.8979,10699,0
20090814,4.9624,5.0452,4.9531,4.9807,20690,0
20090817,4.9347,4.9347,4.7874,4.8794,14827,0
20090818,5.0636,5.0636,4.8886,5.0175,9589,0
20090819,5.0175,5.4226,5.0175,5.2477,27900,0
20090820,5.524,5.7909,5.524,5.6252,29241,0
20090821,5.6528,5.7909,5.5791,5.7081,4688,0
20090824,5.8185,5.8185,5.6528,5.7081,11814,0
20090825,5.9842,6.0211,5.6528,5.8737,71828,0
20090826,5.8645,5.9567,5.6712,5.7081,19818,0
20090827,5.6896,5.7081,5.2477,5.524,14386,0
20090828,5.6988,5.6988,5.1096,5.1372,39841,0
20090831,5.1557,5.2846,5.0636,5.0636,25075,0
20090901,5.0636,5.0636,4.8335,4.9071,29024,0
20090902,4.7689,4.7689,4.5112,4.6953,35691,0
20090903,4.5941,4.9255,4.5941,4.7414,16288,0
20090904,4.9715,5.0636,4.7597,5.0636,41879,0
20090907,5.4318,5.6988,5.4318,5.5791,28324,0
20090908,5.7081,6.0671,5.6436,5.9014,43202,0
20090909,5.929,5.929,5.6252,5.7817,22016,0
20090910,5.662,5.662,5.4318,5.524,20073,0
20090911,5.524,5.6344,5.3398,5.524,15792,0
20090914,5.7265,5.7265,5.3951,5.3951,880,0
20090915,5.1557,5.662,5.1557,5.616,16753,0
20090916,5.616,5.616,5.3582,5.3951,4476,0
20090917,5.441,5.5699,5.441,5.5607,22038,0
20090918,5.616,5.616,5.5699,5.5699,2144,0
20090921,5.3951,5.5976,5.3951,5.4135,2304,0
20090922,5.4043,5.524,5.349,5.524,1871,0
20090923,5.4502,5.5147,5.4318,5.4318,2421,0
20090924,5.4318,5.4318,5.3858,5.4318,3836,0
20090925,5.5147,5.5147,5.3858,5.5055,110,0
20090928,5.4318,5.4318,5.2293,5.3398,4617,0
20090929,5.5055,5.5055,5.2016,5.3121,1784,0
20090930,5.5055,5.5055,5.3398,5.4963,976,0
20091001,5.4687,5.5147,5.4687,5.4687,4261,0
20091002,5.4687,5.4963,5.349,5.349,1392,0
20091005,5.4963,5.4963,5.3674,5.3674,642,0
20091006,5.4871,5.4871,5.3858,5.4226,2979,0
20091007,5.4871,5.4871,5.3582,5.3582,616,0
20091008,5.4779,5.4779,5.3398,5.3398,2280,0
20091009,5.4871,5.4871,5.3398,5.4318,8261,0
20091012,5.3766,5.4779,5.3582,5.4226,3369,0
20091013,5.4318,5.4318,5.082,5.1004,5814,0
20091014,4.7045,5.1833,4.7045,5.1741,5101,0
20091015,5.1741,5.3398,5.1649,5.2938,6550,0
20091016,5.2938,5.3766,5.2938,5.3398,31345,0
20091019,5.4318,5.4318,5.3398,5.3398,1169,0
20091020,5.3398,5.3858,5.3398,5.3858,418,0
20091021,5.3398,5.3398,5.3398,5.3398,342,0
20091022,5.3398,5.3398,5.1557,5.1557,1240,0
20091023,5.2938,5.2938,5.1649,5.1649,1770,0
20091026,5.1372,5.1741,4.8427,5.1741,6414,0
20091027,5.2938,5.2938,4.9255,5.1833,4227,0
20091028,5.2846,5.2846,5.0636,5.1096,3550,0
20091029,5.1096,5.2016,5.1004,5.2016,1862,0
20091030,5.3398,5.3398,5.2201,5.2846,454,0
20091102,5.3398,5.3398,5.1557,5.1557,3380,0
20091103,5.0636,5.1096,4.9899,5.1096,760,0
20091104,5.2846,5.2938,5.1649,5.2477,7416,0
20091105,5.3766,5.3766,5.2477,5.2938,1517,0
20091106,5.3398,5.4043,5.3213,5.349,21039,0
20091109,5.3398,5.5055,5.3398,5.4502,25944,0
20091110,5.5055,5.5055,5.3398,5.3582,17802,0
20091112,5.2569,5.3858,5.2569,5.3582,2895,0
20091113,5.2938,5.2938,5.2846,5.2846,601,0
20091116,5.2846,5.2846,5.2016,5.2016,3418,0
20091117,5.2754,5.3582,5.2016,5.2477,13794,0
20091118,5.2477,5.2477,5.1096,5.1925,6778,0
20091119,5.2938,5.2938,4.7045,5.1096,10366,0
20091120,5.2938,5.3305,5.1096,5.1557,6762,0
20091123,5.2938,5.2938,5.2477,5.2477,120,0
20091124,5.2477,5.3858,5.2477,5.2938,13541,0
20091125,5.2938,5.3398,5.2938,5.3398,1258,0
20091126,5.3398,5.3398,5.1833,5.1833,1608,0
20091127,5.2938,5.2938,5.2938,5.2938,109,0
20091130,5.2938,5.3582,5.1741,5.1741,6842,0
20091201,5.3305,5.3305,5.2016,5.2016,2283,0
20091202,5.3305,5.3305,5.2016,5.3305,1126,0
20091203,5.2016,5.3398,5.1741,5.1741,5587,0
20091204,5.3398,5.3398,4.9807,4.9807,9182,0
20091207,5.2016,5.2016,5.0175,5.0175,5854,0
20091208,5.0636,5.0636,4.9715,5.0175,3661,0
20091209,5.1557,5.1557,4.9715,4.9715,2683,0
20091210,5.2385,5.2385,5.1557,5.2385,1199,0
20091211,5.2385,5.2385,5.1557,5.1557,3881,0
20091214,5.1557,5.1557,5.0175,5.1557,2742,0
20091215,5.1557,5.1557,5.0175,5.0175,1390,0
20091216,5.1557,5.1557,4.9715,4.9715,3638,0
20091217,5.0175,5.1557,4.8242,5.0175,5208,0
20091218,5.2661,5.2661,5.0175,5.0544,3536,0
20091221,4.8242,4.9899,4.8242,4.9899,2610,0
20091222,5.2661,5.2661,4.9255,4.9255,6539,0
20091223,5.036,5.0544,5.036,5.0544,101,0
20091228,4.9991,5.0544,4.8794,4.9255,1401,0
20091229,4.8794,5.0175,4.7874,5.0175,3279,0
20091230,5.036,5.036,5.036,5.036,342,0
20091231,5.036,5.036,5.036,5.036,4,0
20100104,5.0544,5.0544,4.9163,4.9163,504,0
20100105,5.1465,5.1465,4.9347,4.9347,578,0
20100106,4.9807,4.9899,4.9715,4.9715,1738,0
20100107,5.1096,5.1096,4.8794,4.8794,4679,0
20100108,5.0636,5.0912,4.8519,5.0083,14090,0
20100111,5.0175,5.2477,4.9715,5.1741,9450,0
20100112,5.2938,5.3951,5.2016,5.2016,35645,0
20100113,5.3766,5.3766,5.1557,5.1557,478,0
20100114,5.2661,5.2661,5.1557,5.1557,2253,0
20100115,5.2846,5.3766,5.2661,5.303,8112,0
20100118,5.3213,5.3674,5.2477,5.2477,2477,0
20100119,5.2846,5.2846,5.2477,5.2846,12926,0
20100120,5.2938,5.3398,5.2938,5.3305,4160,0
20100121,5.3398,5.3398,5.2477,5.3398,2622,0
20100122,5.3582,5.3582,5.2477,5.2477,1011,0
20100125,5.1557,5.2385,5.1557,5.2109,6659,0
20100126,5.2846,5.2938,5.2293,5.2477,6449,0
20100127,5.2477,5.303,5.1557,5.303,9036,0
20100128,5.303,5.303,5.1925,5.303,1809,0
20100129,5.2477,5.3398,5.2477,5.3398,6350,0
20100201,5.3398,5.3398,5.2661,5.2661,3480,0
20100202,5.3121,5.3121,5.1649,5.3121,837,0
20100203,5.1557,5.1649,5.1557,5.1649,1180,0
20100204,5.3121,5.3121,5.2385,5.2385,11083,0
20100205,5.1557,5.2201,5.1465,5.1465,9207,0
20100208,5.1096,5.1557,5.0544,5.0728,13496,0
20100209,5.036,5.1372,5.036,5.1372,3046,0
20100210,5.1925,5.1925,5.0636,5.1557,2422,0
20100211,5.2109,5.2109,5.1372,5.1372,219,0
20100212,5.2016,5.2016,5.2016,5.2016,5,0
20100215,5.082,5.2016,5.082,5.2016,385,0
20100216,5.2016,5.2016,5.1096,5.2016,5636,0
20100217,5.2477,5.2477,5.2477,5.2477,7658,0
20100218,5.2293,5.2293,5.2016,5.2016,994,0
20100219,5.082,5.2293,5.082,5.1096,9364,0
20100222,5.1004,5.2016,5.0912,5.0912,181,0
20100223,5.0912,5.0912,5.0912,5.0912,835,0
20100224,5.2016,5.3582,5.1925,5.3582,30532,0
20100225,5.3858,5.7725,5.3858,5.616,119139,0
20100226,5.7817,5.8277,5.662,5.7081,43158,0
20100301,5.7081,5.8001,5.662,5.8001,29745,0
20100302,5.8645,5.8921,5.7081,5.7909,21258,0
20100303,5.754,5.9106,5.754,5.8001,57476,0
20100304,5.837,5.9659,5.837,5.9382,19816,0
20100305,5.9842,6.0763,5.9382,6.0763,34527,0
20100308,6.1223,6.4538,6.1223,6.417,37547,0
20100309,6.5458,6.5642,6.3065,6.4353,15261,0
20100310,6.4261,6.6287,6.4261,6.6287,44020,0
20100311,6.7208,6.9049,6.6747,6.7944,10793,0
20100312,6.9417,6.9694,6.5458,6.7208,10234,0
20100315,6.555,6.555,6.3065,6.463,34714,0
20100316,6.3065,6.4906,6.2973,6.4906,13652,0
20100317,6.463,6.463,6.2789,6.4445,3285,0
20100318,6.4353,6.4353,6.1776,6.2604,6534,0
20100319,6.0947,6.4538,6.0947,6.3986,15656,0
20100322,6.3986,6.4261,6.1131,6.4261,11533,0
20100323,6.3986,6.4261,6.2052,6.2236,1764,0
20100324,6.417,6.417,6.3525,6.417,3023,0
20100325,6.4261,6.7116,6.4261,6.6931,94334,0
20100326,6.7116,6.8864,6.5827,6.8128,48040,0
20100329,6.8589,6.9049,6.73,6.73,13999,0
20100330,6.73,6.73,6.4078,6.6931,10980,0
20100331,6.6931,6.6931,6.463,6.509,3158,0
20100401,6.6747,6.6747,6.4814,6.6287,1638,0
20100406,6.4445,6.6747,6.4445,6.6655,2710,0
20100407,6.6563,6.6563,6.4722,6.5919,4434,0
20100408,6.5366,6.5366,6.1315,6.4814,11479,0
20100409,6.4353,6.4353,6.2604,6.3986,3428,0
20100412,6.2604,6.5183,6.2604,6.5183,2379,0
20100413,6.4445,6.4445,6.4445,6.4445,785,0
20100414,6.4261,6.4261,6.2604,6.2697,4556,0
20100415,6.3617,6.3986,6.2789,6.2789,1612,0
20100416,6.4078,6.4906,6.3525,6.3525,6930,0
20100419,6.3525,6.3525,6.1684,6.1684,1384,0
20100420,6.1684,6.1776,6.15,6.1592,5652,0
20100421,6.2604,6.3525,6.1592,6.1592,7263,0
20100422,6.3433,6.3986,6.1315,6.3986,6618,0
20100423,6.4353,6.5183,6.3986,6.5183,7892,0
20100426,6.5734,7.043,6.555,7.043,48665,0
20100427,7.089,7.2179,7.0154,7.2087,21371,0
20100428,6.7208,7.1535,6.7208,7.089,19592,0
20100429,7.089,7.1995,7.089,7.1995,1795,0
20100430,7.1903,7.3008,7.1719,7.2824,12340,0
20100504,7.3008,7.3468,7.1811,7.3468,5108,0
20100505,6.9877,7.3376,6.9877,7.1719,37594,0
20100506,7.089,7.3191,7.089,7.1811,5931,0
20100507,6.9325,7.1443,6.9325,6.9969,5172,0
20100510,6.9969,7.3376,6.9969,7.3284,3188,0
20100511,7.3652,7.3652,7.1811,7.3652,7513,0
20100512,7.3652,7.3652,7.1074,7.2732,3656,0
20100513,7.3652,7.3652,6.9141,7.3468,18293,0
20100514,7.3652,7.3652,7.1903,7.2087,6482,0
20100517,7.3468,7.3468,7.1258,7.1258,1716,0
20100518,7.1719,7.2271,7.0338,7.2271,7606,0
20100519,7.0154,7.0246,6.8036,6.9049,11370,0
20100520,6.6839,6.9969,6.6839,6.7208,12767,0
20100521,6.6287,6.9049,6.4538,6.6287,25859,0
20100524,6.5827,6.8497,6.555,6.8497,3501,0
20100525,6.6287,6.7944,6.6287,6.7944,273,0
20100526,6.7944,7.1719,6.7944,6.9049,3694,0
20100527,6.9325,7.1811,6.9325,7.1719,883,0
20100528,7.1811,7.1811,6.9969,7.1258,1101,0
20100531,7.1074,7.1074,6.6195,6.9233,8674,0
20100601,6.9969,6.9969,6.7208,6.9969,3764,0
20100602,7.1719,7.1719,6.9049,6.9049,2891,0
20100604,7.2547,7.2547,6.8772,7.1719,2482,0
20100607,7.135,7.135,6.9049,7.0338,1986,0
20100608,7.0246,7.0246,6.555,6.9969,4481,0
20100609,7.0338,7.0338,6.8128,7.0246,974,0
20100610,7.0246,7.1811,6.7484,7.1811,22446,0
20100611,7.1719,7.1719,7.1719,7.1719,416,0
20100614,7.2547,7.3744,6.9141,7.1995,12851,0
20100615,7.135,7.356,7.135,7.1811,8962,0
20100616,7.356,7.356,7.1074,7.1074,761,0
20100617,7.356,7.356,7.3468,7.3468,501,0
20100618,7.0246,7.3468,7.0246,7.3468,730,0
20100621,7.3468,7.3468,7.3468,7.3468,54,0
20100622,7.3468,7.356,7.1443,7.31,1339,0
20100623,7.31,7.31,7.1258,7.1258,4924,0
20100624,7.1258,7.1258,6.6655,6.8313,18134,0
20100625,6.6747,7.1166,6.6747,6.9141,1411,0
20100628,7.0799,7.0799,6.9141,6.9233,442,0
20100629,7.1258,7.1258,6.6563,7.043,1183,0
20100630,6.9877,6.9969,6.8313,6.9969,1741,0
20100701,7.1627,7.1719,6.9509,6.9509,1936,0
20100702,6.9969,6.9969,6.8864,6.8864,217,0
20100705,6.9602,7.1627,6.8864,7.043,1554,0
20100706,7.1719,7.1719,7.1719,7.1719,53,0
20100707,7.1811,7.1811,6.9049,7.089,4390,0
20100708,7.089,7.089,7.089,7.089,219,0
20100709,7.089,7.089,7.089,7.089,2,0
20100712,7.2639,7.2639,6.9049,6.9417,3764,0
20100713,7.1535,7.1535,6.8864,7.043,2356,0
20100714,7.135,7.135,7.135,7.135,1,0
20100715,7.1166,7.1166,7.1166,7.1166,1,0
20100716,6.7852,7.089,6.7852,7.089,59,0
20100719,6.9969,6.9969,6.7944,6.9049,944,0
20100720,7.043,7.135,6.868,7.089,9898,0
20100721,7.1535,7.1535,6.9509,7.0982,2702,0
20100722,7.135,7.1719,6.9969,7.089,1296,0
20100723,7.135,7.1627,7.043,7.089,1836,0
20100726,7.135,7.135,7.089,7.089,6868,0
20100727,7.089,7.1719,7.089,7.1719,3205,0
20100728,7.1719,7.1719,7.1719,7.1719,939,0
20100729,7.1719,7.1995,7.1719,7.1995,8077,0
20100730,7.1074,7.1719,7.1074,7.1719,4745,0
20100802,6.9049,7.043,6.7944,7.0061,9479,0
20100803,7.043,7.1811,7.043,7.1811,11101,0
20100804,6.9141,7.043,6.9141,6.9602,98206,0
20100805,7.135,7.135,6.9049,6.9049,15100,0
20100806,6.9509,6.9509,6.8128,6.8128,39113,0
20100809,6.8128,7.0799,6.7944,6.9509,3837,0
20100810,6.9417,6.9417,6.8589,6.8589,46521,0
20100811,6.9969,6.9969,6.9049,6.9049,436,0
20100812,6.9049,6.9049,6.6379,6.9049,1495,0
20100813,6.8128,6.8128,6.8128,6.8128,1370,0
20100816,6.8128,6.9049,6.8128,6.9049,786,0
20100817,6.9049,7.1627,6.6747,7.1627,8154,0
20100818,6.9969,7.1811,6.9969,7.1443,10204,0
20100819,7.1719,7.1719,6.9694,6.9694,5062,0
20100820,7.1535,7.1535,6.9509,7.089,2404,0
20100823,6.9509,7.1535,6.8772,6.8772,5672,0
20100824,6.8128,7.089,6.8128,6.868,1225,0
20100825,6.822,6.822,6.7392,6.776,1303,0
20100826,6.776,6.8036,6.7575,6.7668,3601,0
20100827,7.0246,7.043,6.8405,6.9969,1701,0
20100830,6.9969,7.1166,6.9049,7.1166,4334,0
20100831,6.8772,7.1535,6.8772,6.9969,1336,0
20100901,7.089,7.089,6.8313,6.8313,1360,0
20100902,6.9877,7.0799,6.9049,6.9969,3704,0
20100903,7.0706,7.0706,6.9049,6.9049,2916,0
20100906,7.089,7.1627,7.0061,7.1535,8831,0
20100907,7.1627,7.1627,7.135,7.135,1472,0
20100908,7.1719,7.1719,6.8864,7.1443,3256,0
20100909,7.1443,7.1443,7.0799,7.0799,45,0
20100910,7.1443,7.1443,6.8589,6.8589,29942,0
20100913,6.8864,7.0706,6.8864,7.0706,265,0
20100914,7.0522,7.0522,7.0522,7.0522,2,0
20100915,7.0522,7.0522,6.8589,6.8589,1029,0
20100916,6.9049,6.9049,6.868,6.868,1002,0
20100917,6.9049,6.9049,6.868,6.868,6558,0
20100920,6.7484,6.8957,6.7208,6.8957,2354,0
20100921,6.9877,6.9877,6.9785,6.9785,42,0
20100922,6.9694,6.9785,6.9049,6.9049,3971,0
20100923,7.1166,7.1166,7.1166,7.1166,2824,0
20100924,6.9509,6.9694,6.9049,6.9509,3061,0
20100927,7.089,7.089,7.089,7.089,2,0
20100928,7.089,7.089,7.089,7.089,2,0
20100929,7.0338,7.0338,7.0338,7.0338,2,0
20100930,6.776,7.0799,6.776,7.0799,1911,0
20101001,7.089,7.089,6.8128,6.8128,2954,0
20101004,6.9049,6.9049,6.9049,6.9049,6746,0
20101005,6.9417,6.9417,6.9049,6.9049,6821,0
20101006,6.9233,6.9233,6.9049,6.9049,546,0
20101007,6.9049,6.9049,6.9049,6.9049,16214,0
20101008,6.9049,6.9969,6.9049,6.9049,829,0
20101011,6.9049,6.9049,6.3709,6.5458,38016,0
20101012,6.7852,6.7852,6.5642,6.5827,2790,0
20101013,6.6747,6.6747,6.555,6.6195,1134,0
20101014,6.6287,6.8497,6.555,6.8497,5258,0
20101015,6.7392,6.8128,6.6287,6.8128,2927,0
20101018,6.8128,6.8128,6.6747,6.8128,448,0
20101019,6.822,6.822,6.7208,6.7208,1654,0
20101020,6.6747,6.8128,6.6747,6.7208,1850,0
20101021,6.8128,6.8128,6.7208,6.7484,1403,0
20101022,6.8128,6.8128,6.7208,6.7208,1900,0
20101025,6.8128,6.8128,6.7208,6.7208,1241,0
20101026,6.7208,6.7208,6.7208,6.7208,1035,0
20101027,6.73,6.73,6.7208,6.7208,586,0
20101028,6.7668,6.7668,6.7668,6.7668,1,0
20101029,6.6011,6.7668,6.6011,6.7668,3658,0
20101102,6.7668,6.7668,6.7208,6.7208,866,0
20101103,6.7668,6.7668,6.7208,6.7575,2240,0
20101104,6.7575,6.7575,6.7208,6.7208,3486,0
20101105,6.7668,6.7668,6.7208,6.7484,2441,0
20101108,6.7668,6.7668,6.7668,6.7668,591,0
20101109,6.6379,6.7116,6.6379,6.7116,1438,0
20101110,6.7668,6.7668,6.7208,6.7208,4161,0
20101112,6.7208,6.7208,6.6747,6.6747,587,0
20101115,6.7208,6.7208,6.463,6.6655,2420,0
20101116,6.463,6.4906,6.3801,6.3986,4110,0
20101117,6.3801,6.4445,6.2881,6.4445,2678,0
20101118,6.3065,6.3065,6.2973,6.2973,726,0
20101119,6.3065,6.3065,6.2973,6.3065,4956,0
20101122,6.3065,6.5458,6.2881,6.2973,777,0
20101123,6.2789,6.509,6.2604,6.2697,3950,0
20101124,6.4353,6.4353,6.2697,6.2697,129,0
20101125,6.2604,6.2604,6.2604,6.2604,704,0
20101126,6.4353,6.4353,6.2604,6.2604,112,0
20101129,6.2144,6.2604,6.2144,6.2604,3054,0
20101130,6.2604,6.2604,6.2144,6.2604,189,0
20101201,6.1868,6.2604,6.1868,6.2604,3404,0
20101202,6.3433,6.3433,6.3248,6.3248,962,0
20101203,6.5366,6.5366,6.5366,6.5366,7,0
20101206,6.4445,6.4445,6.4445,6.4445,1704,0
20101207,6.3433,6.4353,6.3433,6.4353,1899,0
20101208,6.3709,6.4445,6.3525,6.4445,4245,0
20101209,6.4445,6.5366,6.4445,6.5275,4393,0
20101210,6.5275,6.5275,6.5275,6.5275,772,0
20101213,6.5366,6.6471,6.3525,6.5366,7227,0
20101214,6.7208,6.7208,6.5183,6.6011,3289,0
20101215,6.6195,6.6747,6.6195,6.6747,2797,0
20101216,6.7023,6.7023,6.6747,6.6747,2031,0
20101217,6.7023,6.7023,6.6931,6.6931,993,0
20101220,6.6103,6.6747,6.4998,6.6747,5710,0
20101221,6.6655,6.6747,6.5827,6.6747,3868,0
20101222,6.6747,6.9049,6.6195,6.8313,20073,0
20101223,7.1811,8.0096,7.1811,7.8348,71739,0
20101227,7.8348,7.9176,7.6874,7.7335,36245,0
20101228,7.8256,7.8256,7.6415,7.6415,15827,0
20101229,7.5033,7.6322,7.3652,7.5677,6167,0
20101230,7.6138,7.6138,7.4113,7.4113,1480,0
20101231,7.5033,7.5033,7.5033,7.5033,3,0
20110103,7.669,7.7335,7.5493,7.6782,10993,0
20110104,7.8071,7.8071,7.5585,7.577,1077,0
20110105,7.7335,7.7335,7.5218,7.5218,2430,0
20110107,7.3652,7.7151,7.1166,7.5033,11104,0
20110110,7.4113,7.4113,7.2824,7.3652,2367,0
20110111,7.3929,7.3929,6.9602,7.135,3608,0
20110112,7.3191,7.3191,7.1443,7.1443,2392,0
20110113,7.1443,7.1443,6.9049,6.9049,4829,0
20110114,6.9969,6.9969,6.7208,6.9049,3109,0
20110117,6.7484,7.8992,6.7484,7.8256,16699,0
20110118,7.844,7.844,7.5218,7.5954,4181,0
20110119,7.8256,7.8256,7.4941,7.5401,3159,0
20110120,7.5954,7.6415,7.5401,7.6415,1530,0
20110121,7.7519,7.8071,7.6046,7.6046,3380,0
20110124,7.3929,7.6782,7.3929,7.6782,3291,0
20110125,7.3652,7.6782,7.3652,7.4573,1597,0
20110126,7.6415,7.6415,7.4941,7.4941,270,0
20110127,7.4573,7.4573,7.1903,7.1903,3036,0
20110128,7.5493,7.5493,7.5493,7.5493,2,0
20110131,7.5493,7.5493,7.3468,7.4573,1553,0
20110201,7.4573,7.4573,7.3191,7.3191,467,0
20110202,7.3652,7.448,7.2732,7.448,1701,0
20110203,7.4388,7.4388,7.135,7.3929,902,0
20110204,7.4021,7.4021,7.135,7.3744,3923,0
20110207,7.3929,7.3929,7.1074,7.31,4534,0
20110208,7.31,7.31,7.043,7.043,2070,0
20110209,6.9049,7.135,6.9049,6.9969,1402,0
20110210,6.9509,7.089,6.8128,6.9602,4009,0
20110211,6.8313,7.0246,6.8313,7.0246,12960,0
20110214,6.822,7.3008,6.822,7.0338,1907,0
20110215,7.089,7.089,6.6563,6.8589,3893,0
20110216,6.9049,6.9969,6.6287,6.8957,9950,0
20110217,6.8957,6.8957,6.73,6.73,4279,0
20110218,6.8128,6.9049,6.73,6.73,4834,0
20110221,6.73,6.8128,6.73,6.73,1487,0
20110222,6.9233,6.9233,6.8313,6.9233,2538,0
20110223,6.9233,6.9233,6.6563,6.8589,7946,0
20110224,6.8497,6.8497,6.7208,6.7668,4842,0
20110225,6.73,6.9785,6.73,6.8589,4240,0
20110228,6.8589,6.9049,6.7116,6.8864,2854,0
20110301,6.8772,6.8772,6.7116,6.8128,192,0
20110302,6.8128,6.8128,6.7116,6.8128,482,0
20110303,6.7852,6.7852,6.7208,6.7208,2065,0
20110304,6.7208,6.7852,6.6287,6.6379,1192,0
20110307,6.776,6.776,6.6563,6.7116,355,0
20110308,6.7208,6.7208,6.7116,6.7116,1620,0
20110309,6.7116,6.7116,6.6287,6.6379,3277,0
20110310,6.7116,6.7116,6.4538,6.509,5479,0
20110311,6.7116,6.7116,6.4445,6.4906,2054,0
20110314,6.6747,6.6747,6.3709,6.3709,3810,0
20110315,6.3525,6.4445,5.8001,6.2604,5359,0
20110316,5.9842,6.3893,5.9842,6.3893,4623,0
20110317,6.2973,6.3986,6.2973,6.3986,2135,0
20110318,6.3986,6.4906,6.3986,6.4906,686,0
20110321,6.6655,6.7575,6.6287,6.6287,2706,0
20110322,6.8128,6.8128,6.5183,6.5919,2078,0
20110323,6.5366,6.5366,6.5183,6.5366,654,0
20110324,6.6103,6.6103,6.463,6.463,436,0
20110325,6.463,6.6103,6.463,6.5827,990,0
20110328,6.5919,6.6195,6.5919,6.6195,1521,0
20110329,6.6287,6.6287,6.3156,6.6011,2087,0
20110330,6.6195,6.6195,6.4445,6.4445,827,0
20110331,6.4445,6.4445,6.3156,6.4445,626,0
20110401,6.4445,6.4445,6.3156,6.3248,544,0
20110404,6.4445,6.4445,6.4445,6.4445,739,0
20110405,6.6379,6.6379,6.4445,6.6287,1387,0
20110406,6.6287,6.6287,6.5827,6.5827,237,0
20110407,6.6287,6.6471,6.463,6.6103,3029,0
20110408,6.6103,6.6103,6.5734,6.5734,2390,0
20110411,6.6379,6.6471,6.5827,6.5827,4575,0
20110412,6.5827,6.6471,6.5827,6.6195,1016,0
20110413,6.6287,6.6287,6.5183,6.5183,1305,0
20110414,6.5183,6.6103,6.5183,6.5183,3937,0
20110415,6.4906,6.5275,6.4906,6.5275,359,0
20110418,6.5183,6.5183,6.4998,6.4998,665,0
20110419,6.509,6.509,6.4998,6.4998,842,0
20110420,6.4998,6.4998,6.463,6.463,897,0
20110421,6.463,6.463,6.3525,6.3525,2031,0
20110426,6.3525,6.3525,6.3525,6.3525,704,0
20110427,6.3525,6.3986,6.3525,6.3525,1163,0
20110428,6.3986,6.4538,6.3525,6.3525,765,0
20110429,6.6011,6.6011,6.6011,6.6011,22,0
20110502,6.6011,6.6011,6.4261,6.4261,1056,0
20110504,6.4261,6.4261,6.4261,6.4261,21,0
20110505,6.2604,6.3065,6.2328,6.2328,1781,0
20110506,6.242,6.242,6.242,6.242,463,0
20110509,6.6011,6.6011,6.6011,6.6011,2064,0
20110510,6.5734,6.5734,6.3986,6.4353,715,0
20110511,6.5366,6.5366,6.4445,6.4445,1062,0
20110512,6.3986,6.3986,6.1131,6.1684,2718,0
20110513,6.1592,6.1684,6.1407,6.1684,1885,0
20110516,6.1407,6.1407,5.8462,5.9382,3010,0
20110517,5.8001,5.9659,5.7081,5.7265,738,0
20110518,5.8921,5.8921,5.8921,5.8921,772,0
20110519,5.8185,5.8185,5.8185,5.8185,684,0
20110520,5.9842,5.9842,5.8277,5.9842,1638,0
20110523,6.0763,6.0763,6.0763,6.0763,732,0
20110524,5.9842,6.0763,5.9842,6.0763,663,0
20110525,5.929,5.929,5.929,5.929,84,0
20110526,5.929,6.0763,5.929,6.0763,673,0
20110527,6.0671,6.0671,5.7817,6.0671,1602,0
20110530,5.9842,5.9842,5.9842,5.9842,543,0
20110531,5.8921,5.9842,5.8921,5.9842,2237,0
20110601,5.8921,5.8921,5.8921,5.8921,11,0
20110602,5.8921,5.8921,5.8921,5.8921,847,0
20110603,5.9382,5.9382,5.7817,5.7817,2282,0
20110606,5.7817,5.7817,5.7632,5.7632,491,0
20110607,5.616,5.616,5.524,5.524,5887,0
20110608,5.524,5.524,5.4502,5.4502,1292,0
20110609,5.4043,5.4687,5.349,5.4687,1641,0
20110610,5.4135,5.5147,5.3398,5.5147,2730,0
20110613,5.524,5.6252,5.524,5.6252,2461,0
20110614,5.662,5.8001,5.662,5.8001,2115,0
20110615,5.7909,5.7909,5.754,5.754,877,0
20110616,5.6344,5.7725,5.524,5.524,3981,0
20110617,5.524,5.5331,5.3858,5.5331,2873,0
20110620,5.7449,5.7449,5.2754,5.524,6824,0
20110621,5.2477,5.4318,5.2477,5.4318,2466,0
20110622,5.4043,5.4043,5.2477,5.3858,510,0
20110624,5.3213,5.3398,5.3213,5.3398,2816,0
20110627,5.303,5.303,4.5388,4.861,15505,0
20110628,4.7414,4.9439,4.3547,4.7597,21410,0
20110629,4.6125,4.9807,4.6033,4.6493,10651,0
20110630,4.7322,4.7322,4.5112,4.6125,9466,0
20110701,4.5296,4.9715,4.5296,4.8794,20892,0
20110704,4.8794,4.9715,4.8794,4.8794,9053,0
20110705,4.8794,5.0175,4.8702,4.8702,4439,0
20110706,4.8702,4.9255,4.815,4.8794,11644,0
20110707,4.8794,4.8886,4.8794,4.8886,173,0
20110708,4.8886,4.9715,4.8427,4.8427,5208,0
20110711,4.815,4.8335,4.7874,4.7874,2704,0
20110712,4.7966,4.7966,4.4836,4.548,1567,0
20110713,4.5572,4.861,4.5572,4.6953,3377,0
20110714,4.815,4.8242,4.6125,4.6125,815,0
20110715,4.7874,4.7874,4.5756,4.5756,914,0
20110718,4.6861,4.6861,4.5296,4.5296,896,0
20110719,4.548,4.5941,4.3547,4.5941,3022,0
20110720,4.327,4.6769,4.2442,4.3639,9167,0
20110721,4.4652,4.5756,4.3455,4.5112,77332,0
20110722,4.5296,4.7414,4.5296,4.6125,5164,0
20110725,4.7414,4.7414,4.7045,4.7045,1905,0
20110726,4.7045,4.7045,4.6217,4.6217,689,0
20110727,4.6125,4.6677,4.4836,4.64,3128,0
20110728,4.7045,4.7045,4.6033,4.6861,1150,0
20110729,4.7045,4.7045,4.5388,4.6953,253,0
20110801,4.6953,4.8794,4.6953,4.7045,13625,0
20110802,4.6769,4.6769,4.6033,4.6769,1199,0
20110803,4.6769,4.7414,4.4928,4.7138,3391,0
20110804,4.7138,4.7138,4.4836,4.4836,8127,0
20110805,4.4652,4.4652,3.9588,4.235,13355,0
20110808,4.1429,4.2258,3.747,3.8207,26213,0
20110809,3.8207,4.0877,3.5998,3.6826,19531,0
20110810,3.7839,4.4191,3.7839,4.0048,11700,0
20110811,3.8759,4.5849,3.8759,4.3547,9112,0
20110812,5.0636,5.0636,4.3547,4.9624,34929,0
20110816,5.1004,5.3398,5.1004,5.2109,9965,0
20110817,5.1096,5.2477,5.0636,5.0636,7757,0
20110818,6.1684,6.1684,5.0175,5.2938,22642,0
20110819,4.3731,5.2754,4.3731,4.9991,7393,0
20110822,4.9807,5.2477,4.9807,5.0636,10078,0
20110823,5.3398,5.3398,5.0636,5.0636,663,0
20110824,5.0636,5.1096,5.0636,5.0636,1155,0
20110825,4.9715,5.1557,4.9715,4.9715,6312,0
20110826,4.8335,5.2754,4.8335,5.082,5425,0
20110829,4.7874,5.2569,4.7874,5.1096,4068,0
20110830,5.2569,5.2938,5.1557,5.2938,10626,0
20110831,5.2846,5.2938,5.2016,5.2477,11463,0
20110901,5.2938,5.2938,5.2201,5.2201,6252,0
20110902,5.2016,5.2016,5.0912,5.0912,6763,0
20110905,5.2016,5.2016,5.0083,5.0083,9278,0
20110906,5.1557,5.1557,5.0636,5.0636,4617,0
20110907,5.2109,5.2109,5.2109,5.2109,8,0
20110908,5.2938,5.2938,5.2477,5.2938,321,0
20110909,5.2938,5.2938,5.0544,5.0544,228,0
20110912,5.0636,5.0636,4.9807,4.9807,6521,0
20110913,5.2477,5.2477,4.9807,5.0912,21979,0
20110914,5.2201,5.2201,4.9347,4.9347,5416,0
20110915,5.128,5.2385,5.1188,5.1188,1655,0
20110916,5.2477,5.2477,5.0544,5.0544,882,0
20110919,5.0544,5.0544,4.8886,4.8886,4732,0
20110920,4.8886,4.8886,4.8886,4.8886,11,0
20110921,4.8886,4.8886,4.8794,4.8794,1499,0
20110922,5.0452,5.0452,4.8794,4.8794,64,0
20110923,4.8794,4.8794,4.6309,4.6309,1857,0
20110926,4.9255,4.9807,4.7045,4.9255,17006,0
20110927,5.0175,5.0175,4.7138,4.8702,678,0
20110928,4.8702,4.8702,4.5112,4.6953,1337,0
20110929,4.6861,4.6953,4.5112,4.6953,1335,0
20110930,4.6953,4.6953,4.2258,4.2258,1265,0
20111003,4.2811,4.6861,4.1337,4.2442,3932,0
20111004,4.2442,4.4008,3.8207,3.8207,5458,0
20111005,3.6918,4.4467,3.6918,4.4191,6377,0
20111006,3.9864,4.3731,3.9864,4.1522,4480,0
20111007,4.1889,4.3086,4.1889,4.3086,5332,0
20111010,4.3086,4.3731,4.2166,4.2166,152,0
20111011,4.2166,4.2166,4.0509,4.0509,2426,0
20111012,4.0784,4.4191,4.0784,4.2811,3013,0
20111013,4.2811,4.4191,4.1153,4.327,4011,0
20111014,4.0509,4.235,4.0509,4.0601,237,0
20111017,4.327,4.327,4.0693,4.0693,1218,0
20111018,4.327,4.327,4.0601,4.0969,6715,0
20111019,4.3178,4.3178,4.1337,4.1429,4172,0
20111020,4.1429,4.1429,3.7747,3.7747,2274,0
20111021,3.7195,4.0784,3.7195,3.9588,5427,0
20111024,3.9588,4.0784,3.7747,3.9036,1000,0
20111025,4.1337,4.1337,3.8023,3.8115,3837,0
20111026,4.1245,4.1245,3.8667,3.8667,3357,0
20111027,3.968,3.968,3.968,3.968,318,0
20111028,4.0325,4.0325,3.8667,3.8667,2534,0
20111031,3.8667,4.0325,3.8667,3.9312,132,0
20111102,3.8667,4.0417,3.8667,3.8667,4384,0
20111103,3.9128,4.0048,3.8667,3.9128,7189,0
20111104,3.8759,3.9956,3.8759,3.8851,2591,0
20111107,3.7931,3.9036,3.7931,3.8575,7877,0
20111108,3.7931,3.9588,3.5813,3.9128,4537,0
20111109,3.922,3.922,3.701,3.701,837,0
20111110,3.9496,3.9496,3.7287,3.7287,154,0
20111114,3.6182,3.9588,3.6182,3.7839,274,0
20111115,3.609,3.9128,3.609,3.6918,24,0
20111116,3.6182,3.8943,3.6182,3.7287,521,0
20111117,3.8943,3.8943,3.6182,3.6182,1329,0
20111118,3.8667,3.8667,3.5998,3.609,2986,0
20111121,3.8023,3.8023,3.609,3.609,2173,0
20111122,3.6734,3.6734,3.5261,3.5445,1759,0
20111123,3.5537,3.5537,3.5077,3.5077,2843,0
20111124,3.5906,3.5906,3.4985,3.4985,1426,0
20111125,3.7379,3.7379,3.4985,3.4985,414,0
20111128,3.6457,3.6457,3.5445,3.5445,1092,0
20111129,3.7379,3.7379,3.4985,3.6457,306,0
20111130,3.5169,3.5537,3.5169,3.5169,810,0
20111201,3.655,3.6826,3.4985,3.6826,2835,0
20111202,3.4985,3.7287,3.4985,3.6365,810,0
20111205,3.4985,3.7287,3.4985,3.609,813,0
20111206,3.4893,3.6826,3.4893,3.5353,2038,0
20111207,3.5813,3.6642,3.4893,3.5261,23,0
20111208,3.5353,3.6642,3.5353,3.6642,6034,0
20111209,3.5813,3.6826,3.5813,3.6826,554,0
20111212,3.5906,3.5906,3.5629,3.5629,145,0
20111213,3.5445,3.5445,3.5261,3.5261,941,0
20111214,3.6734,3.6734,3.5261,3.6734,1229,0
20111215,3.5261,3.6642,3.3327,3.4893,35049,0
20111216,3.3143,3.5445,3.1486,3.1486,5152,0
20111219,3.1579,3.3143,3.1302,3.1486,11536,0
20111220,2.8632,3.121,2.8448,2.8448,4619,0
20111221,2.6883,2.9369,2.6883,2.8264,572,0
20111222,2.7804,2.8816,2.6975,2.8448,24311,0
20111223,2.7252,2.9737,2.7252,2.9461,4123,0
20111227,2.9461,2.9921,2.808,2.9001,10008,0
20111228,2.9001,2.9001,2.808,2.8632,8328,0
20111229,3.1394,3.1394,2.8264,3.121,4953,0
20111230,3.4064,3.4064,3.0658,3.3972,12289,0
20120102,3.0658,3.2683,3.0658,3.2683,5252,0
20120103,3.0934,3.2499,2.9461,3.2499,14740,0
20120104,3.0382,3.1854,2.9369,3.1486,7523,0
20120105,2.9921,3.1394,2.9921,3.1394,12971,0
20120109,3.1579,3.1579,2.854,3.1579,104019,0
20120110,3.121,3.121,2.8816,2.8816,10021,0
20120111,2.9093,3.0841,2.9093,3.0841,2731,0
20120112,3.0749,3.0749,2.9737,3.0382,3497,0
20120113,3.0382,3.0841,2.9093,2.9093,13916,0
20120116,2.9553,3.0749,2.9553,3.029,2105,0
20120117,3.0841,3.1394,3.0749,3.0934,11542,0
20120118,3.1394,3.1394,3.0474,3.1394,2268,0
20120119,3.1394,3.1394,3.0658,3.0658,1168,0
20120120,3.1302,3.1486,3.1302,3.1394,3974,0
20120123,3.1486,3.1763,3.1394,3.1763,5046,0
20120124,3.1671,3.1763,3.1671,3.1763,1097,0
20120125,3.1763,3.2131,3.1763,3.2131,276,0
20120126,3.2223,3.4524,3.2223,3.2959,13566,0
20120127,3.3235,3.388,3.3235,3.3327,5511,0
20120130,3.388,3.5353,3.388,3.4524,4522,0
20120131,3.4617,3.5169,3.434,3.434,2393,0
20120201,3.434,3.5353,3.434,3.5169,884,0
20120202,3.5261,3.5445,3.4432,3.5445,6946,0
20120203,3.5445,3.5445,3.3972,3.5353,7106,0
20120206,3.4156,3.5261,3.4156,3.5261,3763,0
20120207,3.5537,3.5537,3.4617,3.4617,1722,0
20120208,3.4985,3.8207,3.4985,3.6642,14663,0
20120209,3.6734,3.6826,3.5261,3.6365,2925,0
20120210,3.6365,3.6365,3.5537,3.5537,1397,0
20120213,3.609,3.609,3.5813,3.5998,1575,0
20120214,3.5998,3.5998,3.5813,3.5813,169,0
20120215,3.6274,3.6274,3.5537,3.6182,2901,0
20120216,3.6182,3.6182,3.5537,3.5537,4573,0
20120217,3.6274,3.6826,3.6274,3.6734,3270,0
20120220,3.6826,3.6826,3.6365,3.6734,2658,0
20120221,3.6826,3.7747,3.6826,3.7747,2586,0
20120222,3.7562,3.7562,3.6826,3.7287,4449,0
20120223,3.7195,3.7195,3.6918,3.6918,557,0
20120224,3.6826,3.6918,3.6826,3.6918,2824,0
20120227,3.7103,3.7103,3.5445,3.6918,1457,0
20120228,3.7287,3.7287,3.7287,3.7287,662,0
20120229,3.6826,3.7287,3.6365,3.7287,1336,0
20120301,3.7195,3.7195,3.655,3.655,2787,0
20120302,3.655,3.655,3.655,3.655,1011,0
20120305,3.5906,3.6826,3.5906,3.6826,1534,0
20120306,3.5998,3.5998,3.5445,3.5445,4449,0
20120307,3.6826,3.6826,3.4985,3.5998,2709,0
20120308,3.5998,3.5998,3.5077,3.5813,2409,0
20120309,3.5906,3.5906,3.4432,3.5721,5240,0
20120312,3.4432,3.5906,3.4432,3.5906,110,0
20120313,3.5906,3.5906,3.5906,3.5906,54,0
20120314,3.5906,3.5906,3.5906,3.5906,109,0
20120315,3.5906,3.5906,3.5906,3.5906,54,0
20120316,3.4524,3.5813,3.2315,3.434,12011,0
20120319,3.434,3.5721,3.434,3.4893,2948,0
20120320,3.4893,3.4893,3.4524,3.4524,631,0
20120321,3.4893,3.4893,3.4893,3.4893,109,0
20120322,3.4893,3.4893,3.3327,3.342,3685,0
20120323,3.4709,3.4709,3.3972,3.3972,433,0
20120326,3.4064,3.4064,3.1302,3.2683,9389,0
20120327,3.388,3.388,3.0658,3.2683,10792,0
20120328,3.0934,3.3051,2.9001,3.1302,13665,0
20120329,3.1302,3.1302,2.9921,2.9921,2728,0
20120330,3.1026,3.1671,3.0566,3.0658,7538,0
20120402,3.1394,3.1394,3.1394,3.1394,54,0
20120403,3.1394,3.1394,3.1394,3.1394,159,0
20120404,3.2223,3.2223,3.1486,3.1486,170,0
20120405,3.1854,3.1854,3.1854,3.1854,8,0
20120410,3.2131,3.2223,3.1394,3.1854,3653,0
20120411,3.1854,3.2683,3.1854,3.2683,4956,0
20120412,3.2591,3.2776,3.1946,3.1946,1304,0
20120413,3.4064,3.7195,3.2315,3.4985,9402,0
20120416,3.4985,3.6734,3.434,3.4985,7335,0
20120417,3.4985,3.5721,3.3327,3.4801,5983,0
20120418,3.4801,3.4801,3.3512,3.3512,2105,0
20120419,3.3143,3.4064,3.3143,3.4064,823,0
20120420,3.4064,3.4064,3.2407,3.3143,6316,0
20120423,3.3051,3.3051,2.9921,3.1763,9783,0
20120424,3.2131,3.2131,3.1486,3.1486,267,0
20120425,3.2131,3.2131,3.1394,3.2131,331,0
20120426,3.2131,3.2223,3.2131,3.2223,1308,0
20120427,3.2131,3.2131,3.2131,3.2131,5,0
20120430,3.2131,3.2131,3.2131,3.2131,54,0
20120502,3.2131,3.2131,2.9461,3.1302,7396,0
20120504,2.9921,3.1118,2.9921,3.0474,647,0
20120507,3.0013,3.3051,3.0013,3.1486,2895,0
20120508,3.1671,3.1671,2.9921,3.0013,1185,0
20120509,3.1671,3.1671,2.9921,2.9921,6446,0
20120510,2.9921,2.9921,2.9921,2.9921,22,0
20120511,3.0934,3.0934,2.6975,2.6975,1124,0
20120514,2.9461,3.0841,2.6975,2.9829,8770,0
20120515,2.7711,2.9093,2.7619,2.9001,1341,0
20120516,2.9001,2.9001,2.7711,2.854,1630,0
20120517,2.7067,2.9001,2.7067,2.7067,3783,0
20120518,2.7067,2.9645,2.7067,2.9001,5835,0
20120521,2.6791,3.0841,2.6791,3.0105,2584,0
20120522,3.1118,3.1118,2.8908,2.8908,2508,0
20120523,3.0382,3.0382,2.8908,2.8908,283,0
20120524,3.0105,3.0105,2.8724,2.8816,720,0
20120525,2.9001,2.9001,2.6791,2.808,21108,0
20120528,3.0382,3.0382,2.5318,2.587,8586,0
20120529,2.587,2.7619,2.3477,2.4397,12061,0
20120530,2.4029,2.633,2.4029,2.4029,8346,0
20120531,2.3937,2.5318,2.3937,2.4674,2471,0
20120601,2.3937,2.5686,2.3477,2.3477,4022,0
20120604,2.3477,2.5134,2.2188,2.2188,6940,0
20120605,2.1267,2.3016,2.1267,2.2003,3759,0
20120606,2.1267,2.3292,2.1267,2.1544,3314,0
20120608,2.1544,2.3016,2.1544,2.228,4027,0
20120611,2.228,2.4121,2.228,2.3108,7790,0
20120612,2.3108,2.3753,2.3108,2.3108,3194,0
20120613,2.32,2.5042,2.32,2.4858,9383,0
20120614,2.5318,2.7435,2.5318,2.6422,7701,0
20120615,2.6422,2.7344,2.4489,2.4489,10755,0
20120618,2.6883,2.6883,2.3937,2.3937,4926,0
20120619,2.3937,2.3937,2.3292,2.3845,3955,0
20120620,2.3937,2.4397,2.3477,2.3477,872,0
20120621,2.32,2.4858,2.32,2.4305,598,0
20120622,2.32,2.5963,2.32,2.495,347,0
20120625,2.3292,2.5318,2.3292,2.3937,10532,0
20120626,2.3477,2.4766,2.3477,2.4766,3193,0
20120627,2.3477,2.5686,2.3477,2.5134,10555,0
20120628,2.4305,2.6239,2.4305,2.4858,6756,0
20120629,2.4121,2.4397,2.4029,2.4397,7772,0
20120702,2.4489,2.587,2.4489,2.4858,14181,0
20120703,2.4213,2.5134,2.3937,2.4213,4527,0
20120704,2.4213,2.4213,2.4213,2.4213,2173,0
20120705,2.3477,2.4121,2.3477,2.3661,209,0
20120706,2.3477,2.4397,2.3108,2.4397,1952,0
20120709,2.4397,2.495,2.3016,2.3569,3452,0
20120710,2.3016,2.3937,2.3016,2.3108,3263,0
20120711,2.3108,2.3385,2.0806,2.0806,6571,0
20120712,2.3569,2.3569,2.1267,2.1819,691,0
20120713,2.1819,2.274,1.9702,2.0806,3936,0
20120716,2.0714,2.1544,1.8781,1.8873,10819,0
20120717,1.8781,2.0254,1.8781,1.9334,9786,0
20120718,1.9334,2.0254,1.9058,1.9426,1455,0
20120719,1.9334,1.9702,1.9334,1.9518,127,0
20120720,2.0254,2.0254,1.9702,1.9702,2004,0
20120723,1.9702,2.0254,1.9702,1.9702,1018,0
20120724,1.9702,1.9794,1.9702,1.9794,120,0
20120725,1.9702,2.0806,1.9518,1.9518,4580,0
20120726,1.9978,2.2095,1.9978,2.2095,6029,0
20120727,2.1175,2.3016,2.0714,2.2188,2277,0
20120730,2.2188,2.3016,2.2188,2.2188,1100,0
20120731,2.495,2.495,2.3108,2.3108,2715,0
20120801,2.3016,2.4858,2.3016,2.4766,3101,0
20120802,2.5502,2.5778,2.495,2.5778,5562,0
20120803,2.5042,2.5778,2.495,2.5778,1837,0
20120806,2.5778,2.5778,2.495,2.495,11882,0
20120807,2.495,2.495,2.495,2.495,3618,0
20120808,2.495,2.5502,2.495,2.5502,292,0
20120809,2.5778,2.5778,2.4858,2.5225,73,0
20120810,2.5686,2.5778,2.4674,2.5778,4613,0
20120813,2.5778,2.5778,2.4581,2.4581,852,0
20120814,2.5778,2.5778,2.4213,2.4397,3269,0
20120816,2.5686,2.5686,2.3477,2.3477,3357,0
20120817,2.3292,2.4121,2.3292,2.4121,279,0
20120820,2.3292,2.4305,2.3292,2.3937,3152,0
20120821,2.3937,2.3937,2.3292,2.3292,2376,0
20120822,2.3292,2.3292,2.3108,2.3108,4837,0
20120823,2.3016,2.4121,2.1083,2.3108,3971,0
20120824,2.4858,2.4858,2.3845,2.3845,3178,0
20120827,2.4858,2.4858,2.2372,2.4858,3304,0
20120828,2.4858,2.4858,2.3016,2.3016,3333,0
20120829,2.4858,2.4858,2.2372,2.2372,63,0
20120830,2.2556,2.3292,2.2188,2.2188,1570,0
20120831,2.3477,2.3477,2.1728,2.1911,3561,0
20120903,2.1728,2.1728,1.9702,2.0806,11567,0
20120904,2.0347,2.2095,1.9794,2.0439,20206,0
20120905,2.0439,2.0439,1.9794,1.9886,2916,0
20120906,1.9886,2.0254,1.8505,1.9242,12168,0
20120907,1.8689,2.0531,1.8689,2.0254,14199,0
20120910,1.8781,2.1544,1.8781,2.0347,1224,0
20120911,2.1267,2.1636,2.0347,2.1636,1163,0
20120912,2.2924,2.2924,2.1544,2.2095,14700,0
20120913,2.2464,2.2464,2.1636,2.1636,9649,0
20120914,2.1636,2.2924,2.0899,2.2924,13797,0
20120917,2.2924,2.4397,2.2924,2.4029,2234,0
20120918,2.4305,2.4581,2.3385,2.4397,3690,0
20120919,2.2003,2.4858,2.1728,2.2648,4983,0
20120920,2.2648,2.3661,2.1819,2.2464,6783,0
20120921,2.2095,2.3937,2.2095,2.3385,11575,0
20120924,2.2924,2.32,2.2556,2.32,3347,0
20120925,2.32,2.32,2.2188,2.2924,1851,0
20120926,2.2188,2.2556,2.2188,2.2556,3477,0
20120927,2.1636,2.1728,2.1636,2.1636,6881,0
20120928,2.1083,2.1359,2.1083,2.1175,5202,0
20121001,2.1175,2.2003,2.0991,2.1175,5064,0
20121002,2.2003,2.2003,2.1175,2.2003,729,0
20121003,2.1911,2.1911,2.1175,2.1175,8,0
20121004,2.1359,2.274,2.1359,2.2188,3157,0
20121005,2.2095,2.2556,2.1819,2.2556,5969,0
20121008,2.2372,2.32,2.2095,2.2372,5460,0
20121009,2.228,2.2924,2.2188,2.2924,1437,0
20121010,2.2924,2.2924,2.1544,2.1544,5447,0
20121011,2.2924,2.2924,2.1636,2.1728,6806,0
20121012,2.1636,2.1636,2.1636,2.1636,11,0
20121015,2.2924,2.2924,2.0439,2.0714,9530,0
20121016,2.2556,2.2556,2.1728,2.1728,13330,0
20121017,2.0531,2.1911,2.0531,2.0714,5498,0
20121018,2.0623,2.1359,2.0623,2.0623,1936,0
20121019,2.1819,2.1819,2.0714,2.0714,1663,0
20121022,2.1359,2.1359,2.0531,2.0531,1008,0
20121023,2.0531,2.0991,2.0531,2.0531,1307,0
20121024,2.1359,2.1359,1.9794,2.0714,4718,0
20121025,1.9794,1.9794,1.9794,1.9794,183,0
20121026,2.1175,2.1175,2.0714,2.0714,1738,0
20121029,2.1175,2.1175,1.9794,1.9794,1191,0
20121030,2.1175,2.1175,2.0254,2.0899,2067,0
20121031,2.0439,2.0439,2.0254,2.0254,885,0
20121102,2.0254,2.0439,1.9794,1.9794,1534,0
20121105,1.9794,2.0623,1.9794,2.0623,711,0
20121106,2.0623,2.0714,1.9609,2.0254,3809,0
20121107,2.0714,2.0714,1.9426,1.9426,9310,0
20121108,1.9426,1.9794,1.9242,1.9794,1966,0
20121109,2.0254,2.1175,1.9702,1.9702,7244,0
20121112,1.9702,2.0254,1.9702,2.0254,64,0
20121113,2.1175,2.1175,1.9426,1.9518,7221,0
20121114,2.1175,2.1175,1.8413,1.9702,25146,0
20121115,1.8873,1.9518,1.8597,1.8873,19208,0
20121116,1.8873,1.9518,1.8597,1.8873,12724,0
20121119,1.8873,1.8873,1.8505,1.8597,20924,0
20121120,1.8597,1.9242,1.8321,1.8689,26804,0
20121121,1.8689,1.8689,1.7953,1.8045,13863,0
20121122,1.9334,1.9334,1.8321,1.915,20877,0
20121123,1.8505,1.9794,1.8413,1.9794,14106,0
20121126,1.9794,2.0254,1.8873,1.9794,23431,0
20121127,2.0254,2.1636,2.0254,2.1636,22310,0
20121128,2.1636,2.1636,2.1636,2.1636,11,0
20121129,2.1451,2.1636,1.9794,2.0254,13763,0
20121130,2.0714,2.0714,1.9886,2.0162,825,0
20121203,2.0714,2.0714,1.9886,2.0162,8857,0
20121204,2.0714,2.0899,1.9426,1.9426,17623,0
20121205,1.9518,1.9518,1.8689,1.9334,8019,0
20121206,2.0254,2.0623,1.8965,1.9609,20548,0
20121207,2.0162,2.0162,1.8965,1.9058,7867,0
20121210,1.9334,1.9518,1.8965,1.9518,8531,0
20121211,1.9609,1.9609,1.8873,1.8873,5990,0
20121212,1.8965,1.9518,1.8965,1.915,2961,0
20121213,1.9609,1.9609,1.915,1.9518,6358,0
20121214,1.9242,1.9334,1.8781,1.8781,12555,0
20121217,1.9609,1.9609,1.8689,1.8873,18250,0
20121218,1.8597,1.9242,1.8597,1.9242,1206,0
20121219,1.9334,1.9334,1.9242,1.9242,426,0
20121220,1.8781,1.9058,1.8781,1.8873,1517,0
20121221,1.8873,1.8873,1.8689,1.8873,1765,0
20121227,1.8781,1.9242,1.8781,1.9242,215,0
20121228,1.8965,1.9794,1.8965,1.9794,12769,0
20130102,1.9978,1.9978,1.8965,1.8965,13530,0
20130103,1.8873,1.9334,1.8873,1.9334,11432,0
20130104,1.9426,1.9886,1.9426,1.9886,14196,0
20130107,1.9978,2.3937,1.9518,2.3016,58319,0
20130108,2.3661,2.3753,2.228,2.32,27997,0
20130109,2.3016,2.3937,2.3016,2.3845,9659,0
20130110,2.3937,2.495,2.274,2.4858,18150,0
20130111,2.4858,2.5042,2.3292,2.4397,14749,0
20130114,2.4581,2.4858,2.2372,2.32,15233,0
20130115,2.3385,2.3385,2.2095,2.2924,17269,0
20130116,2.2095,2.2188,2.1544,2.1911,12686,0
20130117,2.2095,2.2556,2.1544,2.1819,12063,0
20130118,2.1728,2.3016,2.1728,2.2924,6475,0
20130121,2.2833,2.2833,2.2003,2.2095,6381,0
20130122,2.2464,2.2464,2.1636,2.2095,12120,0
20130123,2.2464,2.2464,2.2095,2.2095,4893,0
20130124,2.2464,2.2464,2.1728,2.2188,3830,0
20130125,2.2188,2.2188,2.1728,2.1728,8983,0
20130128,2.1728,2.2003,2.1175,2.1175,3671,0
20130129,2.1175,2.1451,2.1175,2.1175,1104,0
20130130,2.1911,2.1911,2.1083,2.1083,1092,0
20130131,2.0899,2.1636,2.0899,2.0991,1678,0
20130201,2.1175,2.1636,2.0899,2.1636,450,0
20130204,2.1636,2.3753,2.1636,2.3753,33336,0
20130205,2.3937,2.5225,2.3385,2.5042,54089,0
20130206,2.5134,2.5134,2.3385,2.4213,12094,0
20130207,2.3385,2.3937,2.3108,2.3937,6555,0
20130208,2.4121,2.4121,2.3477,2.3477,15174,0
20130211,2.2648,2.3016,2.2095,2.2924,14021,0
20130212,2.2924,2.2924,2.0806,2.0991,17087,0
20130213,2.0991,2.0991,2.0254,2.0899,42224,0
20130214,2.0347,2.0714,2.0347,2.0347,6039,0
20130215,2.0347,2.0806,2.0347,2.0806,3992,0
20130218,2.0899,2.1636,2.0254,2.1636,14913,0
20130219,2.1636,2.2924,2.1636,2.2833,19702,0
20130220,2.3569,2.4766,2.3569,2.4766,36807,0
20130221,2.4489,2.6699,2.3569,2.6147,74936,0
20130222,2.6515,2.9001,2.6515,2.8724,67382,0
20130225,2.8908,2.9001,2.7711,2.8908,23410,0
20130226,2.8172,2.8724,2.7711,2.854,5255,0
20130227,2.854,2.854,2.7527,2.8356,6176,0
20130228,2.8356,2.854,2.716,2.7896,14014,0
20130301,2.8356,2.8356,2.6055,2.7896,15083,0
20130304,2.808,2.9277,2.6883,2.9093,34466,0
20130305,2.9461,3.121,2.9461,3.0474,36997,0
20130306,3.1302,3.2868,3.121,3.2499,28666,0
20130307,3.2868,3.2868,3.1026,3.1854,15628,0
20130308,3.1854,3.2315,3.0382,3.1118,14033,0
20130311,3.2131,3.2223,3.1026,3.1026,15801,0
20130312,3.1026,3.2131,3.1026,3.1946,7194,0
20130313,3.1946,3.1946,3.1026,3.1671,2703,0
20130314,3.1671,3.4524,3.1302,3.3235,11119,0
20130315,3.4064,3.6182,3.4064,3.5906,42938,0
20130318,3.5906,3.6274,3.5537,3.6274,15459,0
20130319,3.6274,3.6274,3.5445,3.5906,4229,0
20130320,3.4985,3.6274,3.4617,3.4985,5714,0
20130321,3.4893,3.4893,2.8356,2.8908,15854,0
20130322,3.0841,3.3788,2.8908,3.2683,31562,0
20130325,3.4064,3.4248,3.2868,3.2868,8345,0
20130326,3.3143,3.3143,3.2407,3.2868,15035,0
20130327,3.3143,3.3143,3.1302,3.1763,10792,0
20130328,3.2776,3.2776,3.0474,3.2038,2997,0
20130402,3.1026,3.2223,3.1026,3.2223,4885,0
20130403,3.2776,3.4524,3.2223,3.3143,24908,0
20130404,3.0934,3.2223,3.0934,3.2223,1842,0
20130405,3.3788,3.3788,3.1579,3.2223,7626,0
20130408,3.1486,3.3051,3.1486,3.1671,4572,0
20130409,3.2223,3.2223,3.2131,3.2223,570,0
20130410,3.2223,3.2223,3.1302,3.2223,1235,0
20130411,3.2223,3.2223,3.0841,3.1394,3988,0
20130412,3.1394,3.2407,3.1394,3.2407,10826,0
20130415,3.3143,3.3143,3.0105,3.2223,5739,0
20130417,3.121,3.1302,2.9369,2.9369,12061,0
20130418,2.9369,2.9369,2.7988,2.9001,12558,0
20130419,2.9461,2.9461,2.8172,2.9369,1048,0
20130422,2.9369,2.9369,2.9001,2.9001,7384,0
20130423,2.7988,2.9461,2.7988,2.808,2046,0
20130424,2.808,2.808,2.7619,2.7619,174,0
20130425,2.8356,3.1118,2.8356,3.0105,18361,0
20130426,2.9921,2.9921,2.9921,2.9921,3165,0
20130429,3.2868,3.2868,3.0013,3.0749,24580,0
20130430,3.0841,3.0841,2.8724,2.9461,21487,0
20130502,2.9093,2.9737,2.9093,2.9737,3081,0
20130506,3.0013,3.0013,2.9001,2.9185,10604,0
20130507,2.9185,2.9185,2.854,2.9185,5519,0
20130508,3.0105,3.0105,2.8724,2.8724,1703,0
20130509,2.8816,2.9829,2.8816,2.9277,4181,0
20130510,2.9277,2.9921,2.9185,2.9921,18472,0
20130513,3.0841,3.0841,3.0105,3.0658,7786,0
20130514,3.1118,3.1118,2.808,2.9737,28596,0
20130515,2.9369,3.0474,2.9369,2.9737,8094,0
20130516,2.9737,2.9737,2.854,2.9645,7344,0
20130517,3.0105,3.0105,2.8264,2.9461,15468,0
20130520,2.9461,3.0382,2.9461,2.9921,21802,0
20130521,3.0013,3.0841,3.0013,3.0841,40470,0
20130522,3.1671,3.2223,3.0841,3.2223,59999,0
20130523,3.1763,3.1763,3.0474,3.1302,10855,0
20130524,3.1763,3.1763,3.0197,3.1394,368,0
20130527,3.1579,3.1579,3.029,3.0382,5008,0
20130528,3.0474,3.0934,2.9921,3.0934,10306,0
20130529,3.0382,3.0566,3.0105,3.0566,3685,0
20130531,3.1118,3.1118,3.0105,3.0841,8901,0
20130603,3.0382,3.0749,2.9829,3.0749,4128,0
20130604,3.1486,3.1486,2.9553,2.9645,4153,0
20130605,2.9921,3.1394,2.9553,3.0382,12020,0
20130606,3.1026,3.1486,3.0566,3.1486,9767,0
20130607,3.2131,3.2591,3.1394,3.2591,9199,0
20130610,3.3143,3.3143,3.2315,3.2868,702,0
20130611,3.2868,3.2868,3.2223,3.2407,463,0
20130612,3.3143,3.3143,3.2038,3.3051,7377,0
20130613,3.3143,3.3604,3.3051,3.3143,20436,0
20130614,3.3235,3.3235,3.2683,3.2959,4217,0
20130617,3.2683,3.4248,3.2223,3.3143,15670,0
20130618,3.3696,3.3788,3.2776,3.3327,3481,0
20130619,3.3327,3.3327,3.1394,3.1486,8216,0
20130620,3.1854,3.1854,2.9277,2.9277,18247,0
20130621,2.9001,2.9461,2.854,2.854,7098,0
20130624,2.854,2.854,2.7804,2.7804,5029,0
20130625,2.7804,2.9185,2.7619,2.9185,5701,0
20130626,2.9001,2.9461,2.854,2.9461,3802,0
20130627,2.9461,2.9461,2.8816,2.9369,2207,0
20130628,2.9369,2.9369,2.8172,2.854,1740,0
20130701,2.9185,2.9185,2.9185,2.9185,5,0
20130702,2.854,2.9461,2.854,2.854,4455,0
20130703,2.8816,2.8816,2.8724,2.8724,3669,0
20130704,2.8632,2.8632,2.8632,2.8632,284,0
20130705,2.8632,2.8632,2.8172,2.8172,961,0
20130708,2.8632,2.8908,2.8264,2.8356,4200,0
20130709,2.7711,2.7896,2.7344,2.7435,10495,0
20130710,2.7435,2.7435,2.7435,2.7435,109,0
20130711,2.7344,2.8908,2.7344,2.8908,374,0
20130712,2.7804,2.8908,2.7804,2.8908,27,0
20130715,2.9093,2.9461,2.8356,2.9461,4391,0
20130716,2.9461,2.9921,2.9001,2.9921,3226,0
20130717,3.0105,3.1026,3.0105,3.0934,9756,0
20130718,3.1118,3.1302,3.0749,3.0749,3830,0
20130719,3.0934,3.0934,2.9645,2.9645,123,0
20130722,2.9553,2.9553,2.9277,2.9277,3850,0
20130723,3.0382,3.0382,2.9461,2.9553,1321,0
20130724,2.9921,3.0934,2.9921,3.0841,4577,0
20130725,3.0841,3.1302,3.0013,3.1302,6650,0
20130726,3.1302,3.1302,3.0841,3.121,230,0
20130729,3.121,3.2407,3.0013,3.2407,10787,0
20130730,3.2407,3.5629,3.2407,3.5629,50311,0
20130731,3.4524,3.6274,3.4524,3.5169,10269,0
20130801,3.5721,3.5721,3.2407,3.5353,16450,0
20130802,3.5261,3.6826,3.3696,3.6826,44230,0
20130805,3.6826,4.0877,3.6826,4.0877,65469,0
20130806,4.0877,4.1153,3.9588,4.0969,11452,0
20130807,4.0969,4.0969,3.922,3.9772,4869,0
20130808,3.9772,4.0784,3.9588,3.9588,7096,0
20130809,3.9588,4.0601,3.9036,3.968,4197,0
20130812,4.0784,4.0784,3.8023,3.8115,5965,0
20130813,4.014,4.0509,3.8115,3.8667,8979,0
20130814,3.8851,4.0325,3.8851,3.922,2731,0
20130816,3.8207,4.0417,3.8207,4.0417,10205,0
20130819,3.968,4.0877,3.968,4.0601,3342,0
20130820,4.0601,4.0877,3.968,4.0509,17577,0
20130821,3.9864,4.0509,3.8299,4.0509,5202,0
20130822,4.0325,4.0417,3.8851,4.0417,3492,0
20130823,4.0417,4.0509,3.8943,3.968,5324,0
20130826,3.9496,4.0509,3.9036,4.0417,13362,0
20130827,4.0233,4.0325,3.9588,4.0233,4733,0
20130828,3.8851,3.8851,3.3788,3.5721,92295,0
20130829,3.4156,3.4985,3.4064,3.4985,8986,0
20130830,3.4064,3.4156,3.3051,3.3788,22975,0
20130902,3.2407,3.6642,3.2315,3.4801,33909,0
20130903,3.5906,3.6274,3.4893,3.5721,5375,0
20130904,3.5721,3.5721,3.4248,3.5445,3675,0
20130905,3.5629,3.5629,3.0013,3.1118,60326,0
20130906,3.121,3.388,3.121,3.388,15243,0
20130909,3.388,3.4064,3.3327,3.4064,3464,0
20130910,3.4064,3.4617,3.3327,3.4524,10253,0
20130911,3.4801,3.5353,3.434,3.5353,7070,0
20130912,3.4985,3.6274,3.4985,3.5906,9876,0
20130913,3.5813,3.609,3.5353,3.609,1760,0
20130916,3.5077,3.5906,3.3972,3.4064,4955,0
20130917,3.4248,3.5998,3.4248,3.4524,3743,0
20130918,3.5537,3.5998,3.4064,3.5537,8387,0
20130919,3.5537,3.5537,3.5537,3.5537,486,0
20130920,3.5537,3.5721,3.5445,3.5721,2970,0
20130923,3.5813,3.5813,3.4985,3.5077,2075,0
20130924,3.609,3.609,3.5261,3.5906,1069,0
20130925,3.5906,3.5906,3.5906,3.5906,136,0
20130926,3.5721,3.5721,3.4524,3.5445,5792,0
20130927,3.5629,3.5629,3.4064,3.4432,2772,0
20130930,3.4064,3.4064,3.3972,3.4064,5887,0
20131001,3.4064,3.434,3.342,3.4064,6897,0
20131002,3.4156,3.5537,3.4156,3.5537,6347,0
20131003,3.5629,3.6274,3.5629,3.5721,5606,0
20131004,3.5906,3.5906,3.4064,3.4985,5252,0
20131007,3.5353,3.6365,3.4524,3.6274,8750,0
20131008,3.6182,3.6182,3.4709,3.5629,3605,0
20131009,3.5077,3.5629,3.5077,3.5629,238,0
20131010,3.5721,3.5998,3.4985,3.5721,14642,0
20131011,3.5813,3.655,3.5445,3.655,32862,0
20131014,3.6734,3.7287,3.5998,3.7195,12355,0
20131015,3.7195,3.8392,3.6826,3.8392,28560,0
20131016,3.8392,3.8392,3.747,3.7931,10332,0
20131017,3.8207,3.8207,3.7562,3.8023,9421,0
20131018,3.8023,3.8023,3.655,3.7747,6695,0
20131021,3.7747,3.8207,3.7195,3.8023,5326,0
20131022,3.8023,3.8023,3.6642,3.7103,5312,0
20131023,3.7195,3.7195,3.6734,3.6734,3741,0
20131024,3.6826,3.6826,3.5721,3.6457,18638,0
20131025,3.7287,3.8023,3.6642,3.7379,18873,0
20131028,3.8023,3.8023,3.655,3.7287,1245,0
20131029,3.8023,3.8023,3.6365,3.6826,3707,0
20131030,3.701,3.701,3.6182,3.6918,4789,0
20131031,3.7747,3.7747,3.6365,3.747,2420,0
20131104,3.7562,3.7562,3.6365,3.7287,13933,0
20131105,3.7287,3.747,3.6365,3.6734,6237,0
20131106,3.747,3.747,3.6365,3.6365,8341,0
20131107,3.6365,3.747,3.5629,3.747,10935,0
20131108,3.7287,3.7287,3.6365,3.7195,6027,0
20131112,3.7839,3.8484,3.6918,3.6918,42547,0
20131113,3.8207,3.8207,3.6826,3.747,6790,0
20131114,3.747,3.7747,3.701,3.7195,15123,0
20131115,3.7747,3.7747,3.6642,3.6918,38001,0
20131118,3.7747,3.9128,3.7747,3.8392,53395,0
20131119,3.8759,3.8943,3.8207,3.8667,14343,0
20131120,3.8667,3.8851,3.7287,3.8299,19147,0
20131121,3.8667,3.9128,3.8299,3.8943,8742,0
20131122,3.9036,4.0048,3.9036,4.0048,17419,0
20131125,3.9956,4.0048,3.9588,3.9772,8920,0
20131126,3.9864,3.9864,3.9496,3.9496,8244,0
20131127,3.9404,3.9404,3.8207,3.8667,6319,0
20131128,3.9128,3.9128,3.6826,3.6918,17372,0
20131129,3.7287,3.7747,3.7287,3.7747,6218,0
20131202,3.7195,3.8207,3.6826,3.7195,19097,0
20131203,3.7287,3.7931,3.7195,3.7747,16324,0
20131204,3.7747,3.8023,3.7747,3.8023,4290,0
20131205,3.747,3.8484,3.7379,3.8484,16818,0
20131206,3.8484,3.8484,3.7379,3.8207,9359,0
20131209,3.7103,3.7747,3.7103,3.7747,2499,0
20131210,3.7287,3.7287,3.6918,3.6918,10138,0
20131211,3.6918,3.7562,3.6918,3.7562,2216,0
20131212,3.701,3.747,3.701,3.7287,25960,0
20131213,3.6918,3.6918,3.3604,3.6826,18843,0
20131216,3.609,3.7747,3.5445,3.747,12029,0
20131217,3.6826,3.6826,3.388,3.5721,9577,0
20131218,3.6274,3.6365,3.4617,3.4617,14702,0
20131219,3.4893,3.655,3.4893,3.4985,5867,0
20131220,3.4893,3.5077,3.4064,3.4524,13248,0
20131223,3.4524,3.4985,3.4524,3.4985,2498,0
20131227,3.4248,3.4893,3.4248,3.4617,3549,0
20131230,3.4524,3.5445,3.4432,3.5445,5054,0
20140102,3.6365,3.6826,3.4985,3.4985,8400,0
20140103,3.6642,3.7195,3.6642,3.6642,12263,0
20140107,3.6182,3.6274,3.5721,3.6274,5884,0
20140108,3.5537,3.655,3.5353,3.5721,5649,0
20140109,3.5353,3.6642,3.5261,3.5537,11352,0
20140110,3.6734,3.6734,3.5077,3.5077,8006,0
20140113,3.5445,3.5445,3.5169,3.5261,5746,0
20140114,3.5261,3.5721,3.434,3.4893,4477,0
20140115,3.5537,3.5537,3.4156,3.4248,4466,0
20140116,3.4248,3.5353,3.4248,3.4709,4106,0
20140117,3.5261,3.5721,3.5169,3.5721,6539,0
20140120,3.5906,3.701,3.5721,3.701,16816,0
20140121,3.701,3.7195,3.5998,3.7195,11234,0
20140122,3.7379,3.7379,3.6826,3.6826,3334,0
20140123,3.7195,3.7195,3.5813,3.6734,4465,0
20140124,3.5629,3.6457,3.5629,3.6365,3010,0
20140127,3.6365,3.6365,3.5261,3.6182,4101,0
20140128,3.6274,3.6274,3.6274,3.6274,5,0
20140129,3.6274,3.6274,3.5537,3.5813,1132,0
20140130,3.5077,3.6274,3.4524,3.6182,2079,0
20140131,3.5998,3.5998,3.4985,3.5906,1141,0
20140203,3.5998,3.609,3.5169,3.609,934,0
20140204,3.5998,3.5998,3.4709,3.4985,1036,0
20140205,3.4801,3.5998,3.4801,3.5813,1306,0
20140206,3.5813,3.609,3.5353,3.609,6850,0
20140207,3.6274,3.6274,3.5813,3.5813,1088,0
20140210,3.5537,3.5813,3.5537,3.5813,4943,0
20140211,3.609,3.6826,3.5813,3.6826,28835,0
20140212,3.6826,3.6826,3.6826,3.6826,281,0
20140213,3.6734,3.6918,3.5261,3.5261,9763,0
20140214,3.5353,3.5353,3.5353,3.5353,1716,0
20140217,3.6826,3.6826,3.5537,3.5998,5082,0
20140218,3.5998,3.6365,3.5629,3.6365,8449,0
20140219,3.6182,3.701,3.6182,3.701,22703,0
20140220,3.6274,3.6642,3.6274,3.6642,4180,0
20140221,3.6182,3.6734,3.6182,3.6734,538,0
20140224,3.6734,3.6734,3.6182,3.6182,348,0
20140225,3.6642,3.6642,3.6274,3.6642,782,0
20140226,3.655,3.655,3.5445,3.5445,4567,0
20140227,3.5445,3.5721,3.4985,3.5721,2153,0
20140228,3.5445,3.6365,3.4985,3.6365,3563,0
20140303,3.4617,3.5813,3.2407,3.3972,8151,0
20140304,3.3604,3.5629,3.3604,3.5629,6172,0
20140305,3.5629,3.6182,3.3235,3.5906,1265,0
20140306,3.3696,3.5906,3.3696,3.4709,1131,0
20140307,3.4801,3.5537,3.4801,3.4801,5241,0
20140310,3.434,3.4709,3.0658,3.0658,19858,0
20140311,3.1394,3.3143,3.1394,3.3143,22710,0
20140312,3.2131,3.3972,3.2131,3.3051,7895,0
20140313,3.2315,3.3327,3.2131,3.3327,1792,0
20140314,3.3327,3.3327,3.0749,3.0749,2906,0
20140317,3.0382,3.2959,2.8632,3.2959,7604,0
20140318,3.388,3.388,3.3051,3.342,5093,0
20140319,3.3788,3.5353,3.3788,3.4432,14608,0
20140320,3.4985,3.5169,3.4985,3.5169,3289,0
20140321,3.5169,3.7103,3.5169,3.6826,28453,0
20140324,3.7103,3.7562,3.6734,3.7562,14605,0
20140325,3.7562,3.8667,3.7562,3.8575,31234,0
20140326,3.8759,3.9588,3.8023,3.9312,19925,0
20140327,3.8851,3.8851,3.7195,3.7747,9633,0
20140328,3.7287,3.9864,3.7287,3.9496,32902,0
20140331,3.968,3.968,3.7931,3.8023,7362,0
20140401,3.8115,3.8207,3.7931,3.7931,7051,0
20140402,3.8023,3.8207,3.6826,3.7287,8856,0
20140403,3.7654,3.9128,3.7654,3.8667,30671,0
20140404,3.8392,3.9128,3.8207,3.8207,7299,0
20140407,3.9128,3.922,3.8667,3.922,20812,0
20140408,3.8667,3.9956,3.8667,3.9956,47847,0
20140409,3.9956,4.0693,3.8943,4.0048,39982,0
20140410,4.0325,4.0693,3.9864,4.0417,8256,0
20140411,3.9956,4.0417,3.922,4.0417,11290,0
20140414,4.0693,4.0693,3.6918,3.9404,6998,0
20140415,3.9772,3.9772,3.7654,3.9588,7,0
20140416,3.9588,3.9588,3.7287,3.7287,2443,0
20140417,3.7379,3.8943,3.7379,3.8943,3,0
20140422,3.8851,3.8851,3.8851,3.8851,1,0
20140423,3.8851,3.8851,3.7654,3.7654,7285,0
20140424,3.7103,3.8207,3.7103,3.8207,7788,0
20140425,3.747,3.747,3.7103,3.7103,508,0
20140428,3.6826,3.7562,3.5906,3.7562,4010,0
20140429,3.8115,3.8115,3.7747,3.8023,2214,0
20140430,3.8023,3.9404,3.7562,3.8299,13261,0
20140502,3.8299,3.8299,3.8299,3.8299,1,0
20140505,3.7562,3.8207,3.6918,3.8207,29224,0
20140506,3.6918,3.8207,3.6642,3.8207,250,0
20140507,3.6918,3.7562,3.6918,3.7562,3143,0
20140508,3.701,3.7562,3.6642,3.6642,4948,0
20140509,3.6365,3.7287,3.6365,3.655,4395,0
20140512,3.6365,3.6457,3.6182,3.6182,1652,0
20140513,3.6182,3.9036,3.6182,3.7654,9958,0
20140514,3.7747,3.8207,3.6734,3.8207,13898,0
20140515,3.8667,3.8667,3.8667,3.8667,1,0
20140516,3.8115,3.8943,3.6826,3.8484,98058,0
20140519,3.8667,3.8667,3.8667,3.8667,1,0
20140520,3.8575,3.8575,3.8575,3.8575,109,0
20140521,3.8575,3.8575,3.8575,3.8575,342,0
20140522,3.8575,3.8575,3.6918,3.8299,4391,0
20140523,3.7103,3.7103,3.6826,3.6918,5032,0
20140526,3.7931,3.7931,3.7931,3.7931,11,0
20140527,3.6734,3.6734,3.6734,3.6734,977,0
20140528,3.747,3.747,3.747,3.747,326,0
20140529,3.5906,3.5906,3.5445,3.5906,923,0
20140530,3.7379,3.7562,3.5813,3.5906,4644,0
20140602,3.5906,3.5906,3.5906,3.5906,933,0
20140603,3.5906,3.5906,3.5906,3.5906,944,0
20140604,3.6457,3.6734,3.6457,3.6734,1932,0
20140605,3.609,3.6457,3.5445,3.6457,5500,0
20140606,3.6365,3.7287,3.6182,3.701,20078,0
20140609,3.6918,3.8115,3.6918,3.747,5439,0
20140610,3.8207,4.4744,3.8207,4.2811,58662,0
20140611,4.3178,4.3178,4.0601,4.2258,6942,0
20140612,4.1706,4.2811,4.0969,4.235,14049,0
20140613,4.1889,4.2166,4.1153,4.2166,3902,0
20140616,4.0969,4.2166,3.8207,3.8207,17432,0
20140617,3.8575,4.0509,3.8484,4.0509,20671,0
20140618,4.0509,4.0509,4.0509,4.0509,2,0
20140620,4.0417,4.3178,4.0325,4.3178,36140,0
20140623,4.3086,4.5388,4.3086,4.5112,19970,0
20140624,4.548,4.548,4.4191,4.5112,10665,0
20140625,4.4191,4.5296,4.4191,4.5296,820,0
20140626,4.4191,4.4191,4.4191,4.4191,30788,0
20140627,4.3363,4.3363,4.2811,4.2811,5653,0
20140630,4.2903,4.4099,4.235,4.4099,2639,0
20140701,4.4652,4.4652,4.1981,4.1981,658,0
20140702,4.2073,4.3363,4.0969,4.327,11139,0
20140703,4.2166,4.2166,4.0233,4.0601,208,0
20140704,4.1522,4.2073,4.1522,4.2073,325,0
20140707,4.327,4.327,4.327,4.327,3258,0
20140708,4.2994,4.3915,4.2994,4.3915,3258,0
20140709,4.4836,4.4836,4.4467,4.4467,1097,0
20140716,4.0601,4.327,3.6918,4.327,15456,0
20140718,4.1429,4.2994,3.9864,3.9864,283,0
20140721,4.3086,4.3086,4.3086,4.3086,1086,0
20140723,4.2811,4.3731,4.2811,4.3731,1201,0
20140724,4.235,4.7322,4.235,4.6493,37660,0
20140725,4.5756,4.6953,4.5204,4.5756,16979,0
20140728,4.5941,4.7597,4.5112,4.7322,22263,0
20140729,4.6493,4.7505,4.64,4.6953,12719,0
20140730,4.6585,4.6769,4.4559,4.64,8108,0
20140731,4.5941,4.5941,4.5664,4.5664,546,0
20140801,4.5112,4.7414,4.4191,4.6493,15279,0
20140804,4.7322,5.0452,4.7322,5.0452,21355,0
20140805,5.0452,5.1833,4.9531,5.1833,5279,0
20140806,5.1096,5.2109,4.9715,4.9715,2413,0
20140807,5.0452,5.1465,4.9439,5.1096,1368,0
20140808,4.9807,5.0452,4.5112,4.6953,35468,0
20140811,4.6953,4.8794,4.6953,4.8794,1217,0
20140812,4.8702,5.0175,4.8335,4.9255,12088,0
20140813,4.9255,4.9439,4.861,4.9439,5380,0
20140814,4.9439,4.9439,4.64,4.64,7399,0
20140818,4.64,4.7414,4.6033,4.7414,1273,0
20140819,4.6125,4.7597,4.5296,4.6953,6090,0
20140820,4.6769,4.6769,4.3731,4.4652,1830,0
20140821,4.4652,4.5849,4.4652,4.502,14256,0
20140822,4.4744,4.5756,4.4099,4.4652,1739,0
20140825,4.3915,4.5756,4.2073,4.4744,16905,0
20140826,4.5664,4.5849,4.327,4.327,15105,0
20140827,4.3363,4.3363,3.9772,4.1522,30449,0
20140828,4.0601,4.1981,4.0509,4.1522,8682,0
20140829,4.0233,4.3178,3.9588,4.0784,75181,0
20140901,4.0877,4.1798,4.0877,4.1245,2654,0
20140902,4.1798,4.2719,4.1798,4.2626,4288,0
20140903,4.3547,4.3547,4.0693,4.0969,13253,0
20140904,4.0693,4.1337,4.0048,4.1245,3191,0
20140905,4.1245,4.1798,4.1245,4.1798,6110,0
20140908,4.1798,4.1798,4.1798,4.1798,22,0
20140909,4.0233,4.4191,3.9956,4.327,4627,0
20140910,4.3178,4.5112,4.2811,4.4744,5150,0
20140911,4.4652,4.4652,4.2811,4.4559,339,0
20140915,4.2166,4.2719,4.1981,4.2719,7742,0
20140916,4.2811,4.4467,4.2073,4.3178,12992,0
20140917,4.2534,4.2534,4.2534,4.2534,1916,0
20140918,4.2534,4.2534,4.0048,4.0048,11049,0
20140919,4.1889,4.1889,4.1798,4.1798,15,0
20140923,4.0509,4.2811,4.0509,4.2719,4046,0
20140924,4.1061,4.2258,4.0969,4.2258,1141,0
20140926,4.235,4.235,4.0969,4.2258,1299,0
20140929,4.2258,4.6033,4.2258,4.548,642480,0
20140930,4.548,4.6861,4.548,4.6861,14417,0
20141001,4.5941,4.6677,4.5296,4.5941,4954,0
20141002,4.6585,4.9255,4.5112,4.9255,419926,0
20141003,4.9255,4.9255,4.7505,4.861,3457,0
20141006,4.8519,4.9255,4.6493,4.9163,43539,0
20141007,4.8058,5.7081,4.7966,5.5147,102251,0
20141008,5.5147,5.662,5.3398,5.6528,43485,0
20141009,5.4595,5.5976,5.3858,5.3858,17686,0
20141010,5.5147,5.5147,5.2846,5.4043,36700,0
20141013,5.3951,5.5147,5.2477,5.5147,8875,0
20141014,5.5147,5.5147,5.303,5.5147,3135,0
20141015,5.3674,5.5147,5.3674,5.5147,2068,0
20141016,5.5147,5.5423,5.303,5.524,18838,0
20141017,5.524,5.6436,5.524,5.6436,1488,0
20141020,5.6436,5.7909,5.6436,5.7081,17363,0
20141021,5.7081,5.7081,5.662,5.662,974,0
20141022,5.6712,5.6712,5.662,5.662,747,0
20141023,5.662,5.6988,5.662,5.6988,1330,0
20141024,5.6988,5.7817,5.616,5.616,4300,0
20141027,5.7817,5.7817,5.4779,5.4779,2089,0
20141028,5.4779,5.616,5.4779,5.616,283,0
20141029,5.616,5.616,5.524,5.5699,131,0
20141030,5.616,5.616,5.616,5.616,11,0
20141031,5.6068,5.616,5.6068,5.616,2338,0
20141103,5.616,5.8277,5.6068,5.7449,29083,0
20141104,5.7449,5.7449,5.5699,5.5699,4531,0
20141105,5.7449,5.7817,5.616,5.7081,10956,0
20141106,5.7081,5.7081,5.3121,5.5607,8436,0
20141107,5.5699,5.5699,5.4595,5.4595,1899,0
20141110,5.4595,5.5699,5.4135,5.4687,17802,0
20141112,5.616,5.616,5.4226,5.5147,7639,0
20141113,5.5331,5.5331,5.441,5.441,4723,0
20141114,5.4502,5.4502,5.4318,5.441,2515,0
20141117,5.4318,5.5055,5.4135,5.4135,10291,0
20141118,5.441,5.4779,5.4318,5.4318,896,0
20141119,5.4502,5.5147,5.4226,5.5147,2439,0
20141120,5.524,5.6068,5.4135,5.6068,2875,0
20141121,5.524,5.7081,5.524,5.662,64850,0
20141124,5.7081,5.7081,5.662,5.662,2782,0
20141125,5.5699,5.6068,5.5699,5.6068,337,0
20141126,5.6068,5.616,5.4779,5.5791,618,0
20141127,5.4779,5.6068,5.4779,5.6068,554,0
20141201,5.5055,5.5055,5.082,5.2661,14321,0
20141202,5.4043,5.5699,5.2477,5.3674,20071,0
20141203,5.4871,5.5607,5.349,5.5607,1180,0
20141204,5.5607,5.5607,5.5607,5.5607,12,0
20141208,5.3398,5.5791,5.3398,5.5423,2990,0
20141209,5.4318,5.5699,5.4318,5.5699,175,0
20141211,5.5147,5.5515,5.5147,5.5515,5524,0
20141215,5.3858,5.4963,5.3398,5.4963,623,0
20141216,5.4318,5.4595,5.4318,5.4595,211,0
20141218,5.3674,5.5055,5.349,5.5055,1143,0
20141219,5.4687,5.5055,5.3951,5.5055,2161,0
20141222,5.5055,5.524,5.5055,5.524,27970,0
20141223,5.4687,5.4779,5.036,5.3674,59681,0
20141229,5.5147,5.5147,5.5147,5.5147,11,0
20141230,5.5147,5.5147,5.5147,5.5147,126,0
20150102,5.2754,5.5699,5.2754,5.5515,1610,0
20150105,5.2661,5.524,5.2661,5.4318,1325,0
20150108,5.3858,5.5055,5.3858,5.5055,12297,0
20150109,5.5055,5.5055,5.5055,5.5055,2193,0
20150112,5.5055,5.5055,5.3951,5.3951,539,0
20150113,5.3398,5.4043,5.3398,5.4043,1097,0
20150114,5.3398,5.524,5.3398,5.5055,8839,0
20150115,5.4963,5.5515,5.4595,5.4963,3706,0
20150116,5.3398,5.3398,5.3213,5.3213,1925,0
20150119,5.3766,5.3766,5.3766,5.3766,87,0
20150121,5.1741,5.3766,5.1741,5.3766,12,0
20150122,5.3766,5.4963,5.3766,5.4963,1847,0
20150123,5.2938,5.5515,5.2938,5.524,1006,0
20150127,5.524,5.5515,5.3398,5.5515,14952,0
20150128,5.5515,5.5515,5.3582,5.5515,7397,0
20150129,5.4043,5.5331,5.3951,5.5331,1661,0
20150130,5.4318,5.616,5.4226,5.6068,6381,0
20150202,5.5147,5.5147,5.3858,5.5055,5455,0
20150203,5.441,5.5055,5.4318,5.5055,2741,0
20150204,5.4318,5.4318,5.4318,5.4318,21894,0
20150205,5.3951,5.3951,5.3951,5.3951,1270,0
20150206,5.3582,5.524,5.3582,5.441,273055,0
20150209,5.524,5.6068,5.4779,5.5884,120084,0
20150211,5.5423,5.5976,5.4595,5.5607,935,0
20150216,5.524,5.524,5.524,5.524,1086,0
20150217,5.5884,5.5976,5.5147,5.5976,2253,0
20150218,5.4318,5.5884,5.2477,5.5884,7358,0
20150219,5.524,5.524,5.4963,5.4963,2360,0
20150220,5.3858,5.5791,5.2661,5.5607,8192,0
20150224,5.5515,5.5884,5.5423,5.5884,5431,0
20150226,5.5699,5.5884,5.5699,5.5699,15911,0
20150227,5.5699,5.5699,5.5515,5.5515,5718,0
20150302,5.5699,5.8001,5.5699,5.7909,21827,0
20150303,5.754,5.8921,5.754,5.8462,49326,0
20150304,5.8001,5.8462,5.8001,5.8462,473,0
20150305,5.8462,5.8829,5.7081,5.8737,8121,0
20150306,5.8185,5.8645,5.7173,5.7173,1330,0
20150309,5.8001,5.8829,5.8001,5.8829,761,0
20150310,5.8001,5.8737,5.8001,5.8737,1255,0
20150311,5.8462,5.8462,5.8462,5.8462,326,0
20150312,5.7081,5.7081,5.7081,5.7081,352,0
20150313,5.8462,5.8462,5.8462,5.8462,369,0
20150317,5.6896,5.8001,5.616,5.662,17246,0
20150318,5.6344,5.7081,5.6344,5.662,3727,0
20150319,5.662,5.7632,5.662,5.7632,3564,0
20150320,5.5791,5.754,5.5791,5.754,1947,0
20150323,5.5699,5.754,5.5699,5.754,2336,0
20150324,5.754,5.7632,5.754,5.7632,1999,0
20150325,5.7817,5.8462,5.6804,5.6804,10320,0
20150326,5.616,5.8277,5.616,5.8277,754,0
20150327,5.6344,5.8462,5.5699,5.8462,4358,0
20150330,5.8093,5.8093,5.8093,5.8093,271,0
20150331,5.837,5.8462,5.8001,5.8462,1369,0
20150401,5.8001,5.8001,5.8001,5.8001,1472,0
20150402,5.8462,6.0395,5.8462,6.0395,22196,0
20150407,5.9842,6.0395,5.9842,6.0395,6539,0
20150408,5.9106,6.0671,5.9106,6.0671,17273,0
20150409,6.0671,6.0671,5.9842,6.0487,1632,0
20150410,6.0487,6.0487,5.8093,6.0487,1098,0
20150413,6.0303,6.0855,6.0303,6.0855,65966,0
20150414,6.0855,6.0855,6.0855,6.0855,119,0
20150415,6.0855,6.0855,6.0855,6.0855,3802,0
20150416,5.975,6.0763,5.8921,6.0763,1141,0
20150417,6.0303,6.0855,5.9842,6.0763,109281,0
20150420,6.0671,6.15,6.0671,6.15,6128,0
20150421,6.1407,6.1407,6.0763,6.1407,956,0
20150422,5.9842,6.1407,5.9842,6.1407,195,0
20150423,5.9842,6.1315,5.9842,6.1315,108947,0
20150428,6.1407,6.1407,5.9934,6.1407,706,0
20150429,6.1223,6.1407,6.1223,6.1407,2413,0
20150430,5.9934,6.1407,5.9934,6.1407,543,0
20150504,6.0303,6.1223,6.0303,6.1223,332,0
20150506,6.0763,6.1407,6.0763,6.1407,4670,0
20150508,6.0395,6.1223,6.0395,6.1223,15775,0
20150511,5.9934,6.1039,5.9842,6.0947,22682,0
20150512,6.1407,6.1407,6.1407,6.1407,1412,0
20150513,5.9842,6.1315,5.9842,6.1315,288,0
20150514,6.0763,6.15,6.0763,6.15,5214,0
20150515,6.0303,6.1315,5.8921,6.1315,1369,0
20150518,5.9014,6.1131,5.8737,6.1131,2327,0
20150519,5.9842,6.0763,5.837,5.9842,1748,0
20150520,6.1039,6.1223,6.1039,6.1039,54798,0
20150521,5.9842,5.9842,5.9014,5.9014,4766,0
20150522,5.9842,6.0487,5.8921,6.0395,2315,0
20150525,6.0579,6.0579,5.8093,6.0211,2958,0
20150526,6.0211,6.0211,6.0211,6.0211,7,0
20150528,5.975,5.975,5.975,5.975,120,0
20150529,5.9842,5.9842,5.9842,5.9842,543,0
20150602,5.8093,5.8462,5.5791,5.8185,4940,0
20150603,5.6252,5.7909,5.3674,5.5331,12608,0
20150605,5.3674,5.5147,5.3674,5.5147,1872,0
20150612,5.2754,5.5147,5.082,5.5147,19972,0
20150615,5.5055,5.662,5.303,5.662,2872,0
20150616,5.4595,5.6988,5.4595,5.6988,655,0
20150617,5.662,5.6896,5.4595,5.6896,1299,0
20150619,5.6252,5.6252,5.6252,5.6252,163,0
20150622,5.6252,5.6804,5.6252,5.6804,326,0
20150623,5.6804,5.6896,5.6804,5.6896,1446,0
20150629,5.4502,5.662,5.4502,5.5976,1567,0
20150630,5.4502,5.6804,5.4502,5.662,705,0
20150701,5.4502,5.524,5.4502,5.524,2,0
20150702,5.4963,5.4963,5.4963,5.4963,109,0
20150703,5.4502,5.5699,5.4502,5.5699,1087,0
20150706,5.616,5.616,5.616,5.616,5,0
20150708,5.4502,5.5884,5.4502,5.5884,1412,0
20150710,5.5147,5.5147,5.303,5.5147,485,0
20150713,5.5147,5.5147,5.303,5.4871,471,0
20150715,5.5534,5.8283,5.5534,5.8283,2497,0
20150716,5.8283,5.8283,5.8283,5.8283,106,0
20150717,5.5913,5.8283,5.5629,5.8283,672,0
20150720,5.5819,5.8283,5.5819,5.6956,548,0
20150721,5.7809,5.7998,5.7809,5.7998,369,0
20150727,5.6861,5.8283,5.6861,5.8188,1530,0
20150728,5.8283,5.8283,5.8283,5.8283,11,0
20150731,5.8283,5.9609,5.8283,5.9609,5065,0
20150803,5.9704,6.0367,5.923,6.0367,37706,0
20150804,6.0367,6.141,5.9325,6.0652,7947,0
20150805,5.9325,6.0557,5.923,6.0557,1382,0
20150806,5.923,6.0462,5.7809,6.0462,1964,0
20150810,5.6956,6.122,5.6956,6.122,573,0
20150811,5.9704,6.122,5.923,6.1126,4155,0
20150812,5.923,6.0178,5.923,6.0178,529,0
20150814,5.8756,6.0367,5.8472,6.0367,322,0
20150817,6.0178,6.0746,5.8472,6.0746,1774,0
20150819,5.8472,5.8472,5.8472,5.8472,32,0
20150820,5.6861,5.9609,5.6861,5.9609,1074,0
20150824,5.5534,5.8188,5.5439,5.7809,3145,0
20150826,5.6292,5.6292,5.6292,5.6292,675,0
20150827,5.6292,5.6292,5.3734,5.4018,1630,0
20150828,5.6292,5.6292,5.5913,5.6292,3461,0
20150831,5.3828,5.6292,5.3828,5.4966,5562,0
20150901,5.4871,5.4966,5.1554,5.1554,32353,0
20150902,5.2028,5.2028,4.9564,5.0701,6657,0
20150903,5.2028,5.2028,5.0227,5.0701,4019,0
20150904,5.0227,5.0227,4.9753,4.9753,3529,0
20150907,5.1649,5.1649,5.1649,5.1649,1,0
20150908,5.1649,5.1649,5.1649,5.1649,264,0
20150909,5.1649,5.4966,4.9564,5.4966,11738,0
20150911,5.4776,5.4776,5.4776,5.4776,33,0
20150914,5.4776,5.5724,5.4776,5.4966,9676,0
20150916,5.4776,5.4871,5.4776,5.4871,106,0
20150917,5.3734,5.4776,5.3734,5.4776,118,0
20150918,5.3734,5.4776,5.3734,5.4776,112,0
20150921,5.4776,5.4776,5.4776,5.4776,791,0
20150923,5.3734,5.4776,5.3734,5.4776,740,0
20150924,5.4776,5.4776,5.4776,5.4776,1055,0
20150925,5.4492,5.4871,5.4492,5.4871,950,0
20150928,5.4871,5.4871,5.4871,5.4871,601,0
20150929,5.4492,5.4681,4.9848,5.4681,16635,0
20150930,5.3165,5.7714,5.3165,5.4966,11085,0
20151001,5.4966,5.5724,5.4302,5.4966,2707,0
20151005,5.4966,5.6766,5.3828,5.4966,10829,0
20151006,5.4966,5.4966,5.3828,5.4871,1212,0
20151008,5.4871,5.4871,5.3828,5.4776,31114,0
20151009,5.4776,5.4776,5.4302,5.4302,689,0
20151012,5.4302,5.4302,5.2407,5.4018,3736,0
20151013,5.4397,5.4681,5.4397,5.4681,1852,0
20151014,5.4681,5.4776,5.4681,5.4776,1398,0
20151015,5.4113,5.4776,5.4018,5.4776,10318,0
20151016,5.307,5.4776,5.307,5.4776,1477,0
20151019,5.4776,5.4776,5.4776,5.4776,158,0
20151021,5.4113,5.5439,5.4113,5.5345,855,0
20151022,5.5345,5.5439,5.5345,5.5439,432,0
20151023,5.5439,5.5439,5.5439,5.5439,106,0
20151026,5.3639,5.5439,5.3639,5.5345,50,0
20151028,5.5345,5.5439,5.5345,5.5439,382,0
20151030,5.3828,5.5345,5.3828,5.5345,101,0
20151106,5.4018,5.525,5.4018,5.4492,11291,0
20151110,5.4492,5.4776,5.3639,5.4776,26645,0
20151112,5.4492,5.4492,5.3639,5.4492,606,0
20151113,5.3734,5.3734,5.3734,5.3734,8,0
20151116,5.4018,5.4018,5.3449,5.4018,3694,0
20151117,5.4871,5.4871,5.307,5.307,1467,0
20151118,5.3923,5.3923,5.3923,5.3923,1,0
20151119,5.4871,5.4871,5.326,5.4871,3377,0
20151123,5.4018,5.4018,5.4018,5.4018,1055,0
20151124,5.307,5.4018,5.307,5.4018,633,0
20151125,5.3828,5.4492,5.3828,5.4492,1427,0
20151126,5.3355,5.4018,5.326,5.4018,10352,0
20151130,5.4018,5.4018,5.4018,5.4018,106,0
20151203,5.326,5.3734,5.326,5.3734,188,0
20151204,5.307,5.4492,5.307,5.4492,19362,0
20151207,5.2217,5.5345,5.2217,5.4871,10731,0
20151211,5.307,5.4871,5.307,5.4871,12620,0
20151216,5.4871,5.5345,5.4871,5.525,1067,0
20151217,5.4492,5.5345,5.4492,5.5345,475,0
20151218,5.4492,5.7524,5.4397,5.525,18553,0
20151221,5.6671,5.7809,5.6671,5.7809,1056,0
20151222,5.743,5.7809,5.6482,5.7809,1298,0
20151223,5.7619,5.923,5.7619,5.923,5276,0
20151228,5.5913,5.8567,5.5913,5.8567,413,0
20151229,5.8567,5.8662,5.6387,5.8283,6712,0
20151230,5.6577,5.7998,5.6103,5.6103,3588,0
20160104,5.5913,5.7714,5.5913,5.7145,1427,0
20160105,5.6766,5.6766,5.6766,5.6766,1055,0
20160108,5.4492,5.6861,5.4492,5.6861,211,0
20160111,5.4492,5.5439,5.4492,5.5439,1847,0
20160112,5.525,5.6861,5.525,5.6861,7915,0
20160115,5.4966,5.5724,5.4966,5.5724,1899,0
20160118,5.6671,5.6671,5.5629,5.5724,1056,0
20160121,5.5629,5.5913,5.5439,5.5913,4764,0
20160125,5.5819,5.6861,5.5819,5.6861,24575,0
20160127,5.5155,5.6387,5.5155,5.6387,25367,0
20160128,5.6292,5.6292,5.6292,5.6292,5065,0
20160201,5.4681,5.6292,5.4681,5.6292,9022,0
20160209,5.4018,5.5913,5.4018,5.5913,1488,0
20160210,5.4681,5.6387,5.4018,5.6387,6913,0
20160212,5.3165,5.3165,5.3165,5.3165,880,0
20160215,5.326,5.5629,5.326,5.5629,475,0
20160216,5.326,5.5439,5.2786,5.5439,1056,0
20160217,5.5439,5.6292,5.2596,5.6292,4233,0
20160223,5.4492,5.6292,5.4018,5.6292,13942,0
20160301,5.4113,5.5819,5.4113,5.5629,2641,0
20160303,5.3734,5.3734,5.3734,5.3734,387,0
20160304,5.4492,5.5345,5.3639,5.5345,1584,0
20160307,5.3165,5.525,5.3165,5.525,111,0
20160309,5.3165,5.4302,5.3165,5.4302,299,0
20160310,5.4302,5.525,5.4302,5.525,159,0
20160314,5.326,5.4871,5.326,5.4871,379,0
20160315,5.3639,5.4776,5.3639,5.4776,1614,0
20160318,5.525,5.9704,5.525,5.9704,8251,0
20160321,5.942,5.942,5.9135,5.923,1091,0
20160329,5.6861,5.8756,5.6861,5.8756,45670,0
20160331,5.8567,5.923,5.8567,5.923,317,0
20160407,5.8283,5.8283,5.8283,5.8283,261,0
20160408,5.7524,5.7619,5.7051,5.7619,1008,0
20160411,5.7051,5.8756,5.6861,5.8756,3605,0
20160412,5.8377,5.8377,5.8377,5.8377,158,0
20160413,5.8377,5.8377,5.8377,5.8377,132,0
20160421,5.7809,5.8377,5.7809,5.8377,5072,0
20160422,5.6861,5.8662,5.3355,5.8662,48328,0
20160427,5.8377,5.8662,5.7809,5.8662,3720,0
20160505,5.8567,5.8567,5.8567,5.8567,84,0
20160506,5.6861,5.8472,5.5913,5.8472,317,0
20160509,5.8472,5.8472,5.8472,5.8472,211,0
20160517,5.8283,5.8756,5.8283,5.8756,16894,0
20160518,5.9135,5.923,5.9135,5.923,211,0
20160519,5.923,6.0178,5.923,6.0178,4328,0
20160520,6.0178,6.1599,6.0178,6.1599,42131,0
20160525,5.8946,6.1126,5.8946,6.1126,1212,0
20160527,6.0652,6.0652,5.8946,5.8946,857,0
20160530,5.8946,6.0557,5.8851,6.0273,6333,0
20160531,6.0367,6.2926,6.0367,6.2831,34311,0
20160601,6.2831,6.2831,6.0462,6.2831,180,0
20160609,6.1599,6.3305,6.1599,6.3305,2403,0
20160610,6.3305,6.3305,6.3305,6.3305,26,0
20160616,6.2452,6.2547,6.2452,6.2547,1113,0
20160620,6.2073,6.2073,6.2073,6.2073,42,0
20160623,6.0557,6.6338,5.9704,6.6338,13822,0
20160624,6.0178,6.6243,6.0178,6.6148,3,0
20160627,6.34,6.539,6.1599,6.2547,3270,0
20160628,6.3495,6.3495,6.1599,6.1599,323,0
20160629,6.3495,6.6054,6.2547,6.6054,4373,0
20160630,6.5864,6.6054,6.2926,6.5864,5617,0
20160701,6.2926,6.5864,6.2926,6.5864,2,0
20160704,6.4348,6.5864,6.2547,6.2547,7137,0
20160705,6.1599,6.3116,6.0462,6.1031,5188,0
20160706,6.0652,6.2168,6.0652,6.2168,2,0
20160707,6.2168,6.2547,6.2168,6.2547,106,0
20160708,6.1599,6.3021,6.1599,6.2737,4455,0
20160711,6.34,6.34,6.34,6.34,197,0
20160713,6.34948,6.34948,6.06517,6.34,3731,0
20160715,6.34,6.6,6.34,6.6,750,0
20160719,6.18,6.4,5.9,6.1,5688,0
20160720,6.33,6.33,6.33,6.33,1,0
20160721,6.33,6.33,6.11,6.33,166,0
20160722,6.32,6.32,6.32,6.32,103,0
20160725,6.1,6.1,6.1,6.1,136,0
20160726,6.1,6.18,5.93,6.18,3069,0
20160727,6.17,6.35,6.17,6.35,2803,0
20160728,6.35,6.6,6.35,6.6,1700,0
20160729,6.3,6.5,6.3,6.5,1100,0
20160803,6.47,6.49,6.46,6.49,3039,0
20160804,6.2,6.3,6.2,6.3,1917,0
20160808,6.3,6.3,6.3,6.3,100,0
20160810,6.06,6.3,6.06,6.3,273,0
20160811,6.29,6.3,6.29,6.3,120,0
20160816,6.25,6.25,6.25,6.25,1100,0
20160818,6.21,6.3,6.21,6.3,5000,0
20160822,6.3,6.3,6.3,6.3,220,0
20160829,6.15,6.15,6.1,6.1,477,0
20160830,6.2,6.65,6.1,6.65,2894,0
20160831,6.5,6.5,6.11,6.11,7838,0
20160901,6.11,6.27,6.05,6.27,741,0
20160902,6.05,6.22,6.05,6.22,848,0
20160905,6.22,6.34,6.07,6.34,934,0
20160909,6.34,6.34,6.06,6.34,66,0
20160912,6.06,6.23,5.91,6.23,3002,0
20160913,6.01,6.19,5.95,6.02,6885,0
20160914,6.15,6.15,5.97,5.97,3383,0
20160915,6.15,6.15,6.15,6.15,1,0
20160916,5.95,6.09,5.9,6.09,4601,0
20160919,6.14,6.14,5.95,5.95,113,0
20160920,6.18,6.18,6.18,6.18,440,0
20160923,6.16,6.16,6.16,6.16,50,0
20160926,5.94,6.08,5.94,6.08,1001,0
20160928,5.95,6.07,5.95,6.07,701,0
20160929,6,6.07,6,6.07,501,0
20160930,6.07,6.07,6.07,6.07,140,0
20161003,5.82,5.82,5.82,5.82,6,0
20161004,6.05,6.05,6.05,6.05,1,0
20161005,6.05,6.16,6.05,6.16,2756,0
20161006,6,6,6,6,2850,0
20161011,6.05,6.34,6.05,6.34,1834,0
20161012,6.2,6.2,6.2,6.2,500,0
20161014,6.1,6.25,6.1,6.25,600,0
20161017,6.01,6.24,6.01,6.24,388,0
20161021,6,6.19,6,6.19,482,0
20161025,6.01,6.28,6,6.28,5400,0
20161026,6.02,6.27,6.02,6.27,376,0
20161027,6.26,6.48,6.26,6.34,2166,0
20161028,6.34,6.34,6.34,6.34,100,0
20161102,6.25,6.25,6.25,6.25,228,0
20161103,6.18,6.18,6.18,6.18,1300,0
20161104,6.1,6.18,6.1,6.18,140,0
