Date,Open,High,Low,Close,Volume,OpenInt
20080724,3.3011,3.3011,1.913,1.9575,298969,0
20080725,2.0732,2.438,1.8953,2.438,38965,0
20080728,2.4558,2.4647,2.0554,2.3134,6168,0
20080729,2.3045,2.3045,2.0643,2.1978,2605,0
20080730,2.269,2.269,1.8864,2.1711,18053,0
20080731,2.1355,2.1355,1.7084,1.8241,18546,0
20080801,1.9575,1.9575,1.7173,1.913,3007,0
20080804,1.913,1.9575,1.6995,1.9308,4858,0
20080805,1.9041,1.9041,1.7796,1.8864,2744,0
20080806,1.8864,1.9041,1.7796,1.9041,4169,0
20080807,1.8953,1.8953,1.7084,1.8864,1494,0
20080812,1.8775,1.8775,1.7796,1.8152,2091,0
20080813,1.8152,1.8152,1.6906,1.7796,2673,0
20080814,1.7351,1.7351,1.566,1.6906,589,0
20080818,1.6461,1.6906,1.6016,1.6906,971,0
20080819,1.6906,1.6906,1.6906,1.6906,1,0
20080820,1.6906,1.9575,1.6906,1.9575,1472,0
20080821,1.8864,1.8864,1.8864,1.8864,28,0
20080822,1.913,1.913,1.8775,1.8775,888,0
20080825,1.8775,1.8775,1.7796,1.8775,444,0
20080826,1.8775,1.8775,1.7173,1.8686,1147,0
20080827,1.8686,1.8686,1.7173,1.8686,584,0
20080828,1.8686,1.8686,1.8686,1.8686,12,0
20080829,1.6906,1.8419,1.6906,1.8419,629,0
20080901,1.8419,1.8419,1.6016,1.8152,1686,0
20080902,1.7796,1.7796,1.7796,1.7796,12,0
20080903,1.7796,1.7796,1.7796,1.7796,2709,0
20080904,1.7796,1.7796,1.6016,1.7262,2371,0
20080905,1.7262,1.7262,1.4148,1.4771,7383,0
20080908,1.4682,1.5126,1.4682,1.5126,2920,0
20080909,1.5126,1.7618,1.3525,1.6728,121947,0
20080910,1.7351,1.7351,1.3881,1.5482,375996,0
20080911,1.6016,1.913,1.4504,1.913,249531,0
20080912,1.913,2.1711,1.6016,1.8597,148707,0
20080915,1.6728,1.9397,1.5215,1.7707,184575,0
20080916,1.7618,1.7618,1.5126,1.6817,161213,0
20080917,1.566,1.7707,1.4237,1.6728,343439,0
20080918,1.6372,1.6372,1.4682,1.6283,10262,0
20080919,1.5838,1.7173,1.3347,1.5126,213114,0
20080922,1.5037,1.6906,1.4059,1.6194,364498,0
20080923,1.5215,1.6906,1.4593,1.6817,155705,0
20080924,1.6995,1.913,1.655,1.7796,84401,0
20080925,1.7262,1.8686,1.6105,1.7173,132096,0
20080926,1.6283,1.7885,1.5571,1.7262,233722,0
20080929,1.7173,1.7796,1.6728,1.7796,8860,0
20080930,1.7796,1.7796,1.5838,1.7529,202686,0
20081001,1.7529,1.8063,1.6194,1.7262,96977,0
20081002,1.744,1.744,1.6639,1.7262,4356,0
20081003,1.744,1.744,1.5304,1.5304,40849,0
20081006,1.5393,1.5393,1.3792,1.3792,11860,0
20081007,1.4237,1.4593,1.2457,1.2457,3013,0
20081008,1.3347,1.3347,1.0678,1.3079,30403,0
20081009,1.3347,1.5571,1.2902,1.3881,108039,0
20081010,1.2635,1.4237,1.2635,1.4237,6131,0
20081013,1.4059,1.4593,1.2813,1.4237,17710,0
20081014,1.4237,1.4593,1.2991,1.4059,61067,0
20081015,1.4237,1.486,1.219,1.3079,130013,0
20081016,1.2813,1.486,1.1745,1.2813,183671,0
20081017,1.3168,1.3168,1.2012,1.2724,2706,0
20081020,1.2724,1.3168,1.1567,1.2012,50757,0
20081021,1.2012,1.2012,1.0055,1.0589,11414,0
20081022,1.0589,1.2457,0.8898,0.8898,134769,0
20081023,0.9699,0.9788,0.8453,0.9432,20709,0
20081024,0.9342,0.9342,0.783,0.8987,42497,0
20081027,0.8809,0.8809,0.7563,0.8631,32144,0
20081028,0.8631,0.8631,0.8631,0.8631,12,0
20081029,0.8809,0.8809,0.8453,0.8809,6747,0
20081030,0.8809,1.2635,0.8008,1.2635,181176,0
20081031,1.397,1.6639,1.1211,1.1834,158906,0
20081103,1.13,1.6906,1.1033,1.6906,122167,0
20081104,1.7707,2.1177,1.6995,1.9308,41981,0
20081105,1.9486,1.9486,1.7974,1.9486,5969,0
20081106,2.0465,2.0465,1.6995,2.002,17987,0
20081107,1.9575,2.0911,1.7885,2.0911,36115,0
20081110,2.0821,2.349,1.6461,1.6461,120684,0
20081112,1.8063,1.8063,1.4682,1.5838,5189,0
20081113,1.6817,1.6817,1.3525,1.3792,8108,0
20081114,1.4504,1.6372,1.4504,1.6283,7045,0
20081117,1.6016,1.6016,1.3347,1.4237,13019,0
20081118,1.397,1.397,1.1211,1.1834,68566,0
20081119,1.2279,1.2279,0.8987,1.1211,41916,0
20081120,0.9432,1.1211,0.9432,1.0856,8925,0
20081121,0.9699,1.2813,0.9699,1.2813,29994,0
20081124,1.2635,1.4949,1.2368,1.4237,32238,0
20081125,1.4504,1.4504,1.3436,1.4326,6532,0
20081126,1.3881,1.3881,1.1567,1.2813,18466,0
20081127,1.2457,1.2457,1.1211,1.2012,5494,0
20081128,1.0945,1.2279,1.0144,1.1122,28785,0
20081201,1.0945,1.0945,0.9966,1.0856,9404,0
20081202,1.05,1.1567,1.05,1.1478,3721,0
20081203,1.2012,1.2368,1.1122,1.1567,5344,0
20081204,1.1389,1.2279,1.0678,1.1923,4139,0
20081205,1.1834,1.3792,1.1834,1.3792,51464,0
20081208,1.3079,1.4771,1.1567,1.2012,68584,0
20081209,1.3258,1.3258,1.2457,1.3168,822,0
20081210,1.2902,1.2902,1.219,1.2813,1452,0
20081211,1.219,1.2724,1.1567,1.2635,7932,0
20081212,1.2457,1.2724,1.2012,1.2724,1603,0
20081215,1.2902,1.2902,1.2902,1.2902,12,0
20081216,1.2813,1.3079,1.2012,1.3079,6264,0
20081217,1.2991,1.2991,1.2012,1.2635,3326,0
20081218,1.2635,1.2635,1.2635,1.2635,12,0
20081219,1.2635,1.2724,1.2101,1.2724,1031,0
20081222,1.2635,1.2724,1.2635,1.2724,6282,0
20081223,1.2902,1.2902,1.2279,1.2724,10932,0
20081229,1.2813,1.2813,1.2813,1.2813,28,0
20081230,1.2813,1.2813,1.2813,1.2813,65,0
20081231,1.2813,1.2813,1.2279,1.2724,2275,0
20090105,1.1033,1.2724,1.1033,1.2012,764,0
20090106,1.1745,1.1745,1.1122,1.1567,900,0
20090107,1.1567,1.2457,1.1567,1.2457,2178,0
20090108,1.2457,1.2457,1.2457,1.2457,12,0
20090109,1.2101,1.2457,1.2101,1.2457,123,0
20090112,1.2368,1.2368,1.2368,1.2368,5721,0
20090113,1.2457,1.2457,1.2368,1.2368,629,0
20090114,1.2457,1.2457,1.2457,1.2457,12,0
20090115,1.2279,1.2279,1.2279,1.2279,12,0
20090116,1.2279,1.2279,1.1656,1.219,1135,0
20090119,1.219,1.219,1.0678,1.1834,3960,0
20090120,1.1923,1.2012,0.9966,1.1389,9461,0
20090121,1.0767,1.1211,1.0767,1.1211,123,0
20090122,1.1122,1.1122,0.9966,1.1033,1383,0
20090123,1.0055,1.0589,0.9164,1.0589,5456,0
20090126,1.05,1.05,1.05,1.05,23,0
20090127,1.05,1.05,1.05,1.05,12,0
20090128,1.0678,1.0678,0.8987,1.05,8887,0
20090129,1.0233,1.0233,1.0233,1.0233,1,0
20090130,0.9342,1.05,0.9342,1.05,28,0
20090202,1.0233,1.0233,0.8898,0.9877,1135,0
20090203,1.0767,1.0767,0.8453,0.8898,2837,0
20090204,0.8987,0.9699,0.8542,0.8542,51068,0
20090205,0.9521,0.961,0.872,0.9075,43428,0
20090206,0.9075,1.0411,0.9075,1.0144,1643,0
20090209,1.0589,1.0589,0.8809,0.8898,11940,0
20090210,0.8898,0.961,0.8898,0.9521,2876,0
20090211,0.9521,0.9521,0.8898,0.9342,5901,0
20090212,0.9342,0.9342,0.8809,0.8809,1697,0
20090213,0.8809,0.8809,0.8809,0.8809,393,0
20090216,0.8809,0.8809,0.8809,0.8809,2,0
20090217,0.8898,0.9253,0.8898,0.9253,6906,0
20090218,0.9164,0.9164,0.9164,0.9164,12,0
20090219,0.9253,1.0144,0.9253,1.0144,2576,0
20090220,1.0055,1.1389,0.9432,1.1389,11199,0
20090223,1.1211,1.2457,1.1211,1.2457,7963,0
20090224,1.2546,1.2546,1.2368,1.2368,1022,0
20090225,1.2546,1.4148,1.2546,1.4148,6939,0
20090226,1.3881,1.4059,1.3258,1.4059,832,0
20090227,1.3703,1.6372,1.3703,1.6372,28737,0
20090302,1.6016,1.7618,1.6016,1.7618,5743,0
20090303,1.744,1.7529,1.5126,1.5126,1913,0
20090304,1.6639,1.6639,1.6461,1.6639,2326,0
20090305,1.6016,1.6016,1.6016,1.6016,23,0
20090306,1.5393,1.5393,1.5393,1.5393,1050,0
20090309,1.5393,1.6728,1.5393,1.6728,518,0
20090310,1.5838,1.6639,1.5571,1.6639,2326,0
20090311,1.6105,1.6639,1.6105,1.6639,1563,0
20090312,1.6283,1.6639,1.4682,1.6639,3643,0
20090313,1.6639,1.6639,1.6639,1.6639,12,0
20090316,1.6639,1.6639,1.3436,1.655,1166,0
20090317,1.655,1.655,1.655,1.655,12,0
20090318,1.6639,1.6639,1.6639,1.6639,12,0
20090319,1.6461,1.6461,1.6461,1.6461,12,0
20090320,1.6639,1.6639,1.6639,1.6639,248,0
20090323,1.6639,1.6639,1.6639,1.6639,12,0
20090324,1.6639,1.6639,1.6639,1.6639,12,0
20090325,1.6639,1.6639,1.6639,1.6639,135,0
20090326,1.6639,1.6639,1.3347,1.5304,23686,0
20090327,1.486,1.5215,1.486,1.5037,6217,0
20090330,1.5482,1.5482,1.3168,1.3168,101,0
20090331,1.5482,1.5482,1.4593,1.5393,4646,0
20090401,1.5482,1.5482,1.5393,1.5482,663,0
20090402,1.5482,1.5482,1.4949,1.5215,259,0
20090403,1.5482,1.5927,1.4682,1.5927,1768,0
20090406,1.5927,1.5927,1.5927,1.5927,12,0
20090407,1.5393,1.5393,1.5393,1.5393,12,0
20090408,1.5393,1.5393,1.5393,1.5393,12,0
20090409,1.5393,1.5393,1.5126,1.5126,1354,0
20090414,1.5393,1.5927,1.5393,1.5927,86736,0
20090415,1.5927,1.5927,1.5927,1.5927,2259,0
20090416,1.5749,1.5927,1.4326,1.5927,4292,0
20090417,1.5927,1.5927,1.5927,1.5927,562,0
20090420,1.5927,1.5927,1.5838,1.5927,1095,0
20090421,1.5749,1.6461,1.566,1.6461,5226,0
20090422,1.5571,1.6461,1.3792,1.6105,5847,0
20090423,1.6105,1.6461,1.6105,1.6461,7530,0
20090424,1.6461,1.6461,1.3792,1.6461,155,0
20090427,1.6283,1.6461,1.397,1.6461,687,0
20090428,1.6461,1.6461,1.6194,1.6194,686,0
20090429,1.6194,1.6194,1.397,1.6105,234,0
20090430,1.6016,1.6016,1.4237,1.4237,13,0
20090504,1.4326,1.6016,1.3792,1.5927,5959,0
20090505,1.5927,1.5927,1.5927,1.5927,12,0
20090506,1.5838,1.5838,1.3881,1.5838,15184,0
20090507,1.5838,1.5838,1.3792,1.5393,4245,0
20090508,1.5482,1.5482,1.5393,1.5393,13,0
20090511,1.5393,1.5393,1.3436,1.5126,686,0
20090512,1.2635,1.5304,1.2457,1.3347,2758,0
20090513,1.4504,1.4504,1.4504,1.4504,1,0
20090514,1.4059,1.4504,1.4059,1.4504,452,0
20090515,1.4504,1.4504,1.4504,1.4504,12,0
20090518,1.4504,1.4504,1.4504,1.4504,12,0
20090519,1.4504,1.4504,1.4504,1.4504,12,0
20090520,1.4504,1.4504,1.2813,1.4504,798,0
20090521,1.3792,1.3792,1.3792,1.3792,123,0
20090522,1.3614,1.3792,1.3614,1.3792,1167,0
20090525,1.3792,1.3792,1.2457,1.3703,171,0
20090526,1.3792,1.3792,1.3792,1.3792,12,0
20090527,1.3703,1.4504,1.3703,1.4504,180,0
20090528,1.4504,1.4504,1.4504,1.4504,12,0
20090529,1.4237,1.4237,1.4237,1.4237,12,0
20090601,1.4237,1.4237,1.4237,1.4237,23,0
20090602,1.4237,1.4237,1.4237,1.4237,12,0
20090603,1.4237,1.4237,1.4237,1.4237,12,0
20090604,1.4237,1.4237,1.4237,1.4237,12,0
20090605,1.4059,1.4059,1.3347,1.3881,449,0
20090608,1.3881,1.3881,1.3881,1.3881,12,0
20090609,1.3347,1.3347,1.2457,1.3347,17,0
20090610,1.3347,1.4504,1.3347,1.4504,809,0
20090612,1.4504,1.4504,1.4504,1.4504,56,0
20090615,1.4504,1.4504,1.1834,1.4237,32,0
20090616,1.4237,1.4237,1.4237,1.4237,12,0
20090617,1.4237,1.4237,1.4237,1.4237,12,0
20090618,1.4237,1.4237,1.4237,1.4237,12,0
20090619,1.4148,1.4148,1.4148,1.4148,12,0
20090622,1.4148,1.4148,1.4148,1.4148,12,0
20090623,1.4059,1.4237,1.4059,1.4237,732,0
20090624,1.4148,1.4148,1.4148,1.4148,12,0
20090625,1.4326,1.4682,1.4326,1.4593,6629,0
20090626,1.5126,1.5126,1.3436,1.4949,2577,0
20090629,1.4949,1.6461,1.4415,1.6461,11301,0
20090630,1.6461,1.6461,1.4949,1.4949,473,0
20090701,1.6372,1.6372,1.6372,1.6372,12,0
20090703,1.6372,1.6372,1.6372,1.6372,12,0
20090706,1.6372,1.6372,1.6372,1.6372,12,0
20090707,1.6372,1.6372,1.6372,1.6372,12,0
20090708,1.6372,1.6372,1.5126,1.5126,518,0
20090709,1.6372,1.6372,1.6372,1.6372,12,0
20090710,1.6372,1.6372,1.4504,1.6372,14644,0
20090713,1.6372,1.6372,1.6372,1.6372,12,0
20090714,1.6372,1.6372,1.6372,1.6372,12,0
20090715,1.6283,1.6283,1.4237,1.5927,1725,0
20090716,1.5927,1.5927,1.4326,1.4504,8146,0
20090717,1.4326,1.5304,1.4237,1.5126,6193,0
20090720,1.5126,1.5126,1.5126,1.5126,12,0
20090721,1.5126,1.5126,1.5126,1.5126,12,0
20090722,1.5126,1.5126,1.3347,1.3347,13531,0
20090723,1.4415,1.4415,1.4415,1.4415,12,0
20090724,1.4326,1.4326,1.2457,1.4237,7597,0
20090727,1.4148,1.4148,1.4148,1.4148,12,0
20090728,1.4148,1.4148,1.2012,1.2368,3610,0
20090729,1.2457,1.2457,1.1122,1.1122,1270,0
20090730,1.1567,1.2101,1.0233,1.2012,5517,0
20090731,1.2012,1.2012,1.0233,1.2012,26799,0
20090803,1.1834,1.1834,1.1834,1.1834,12,0
20090804,1.1745,1.1745,1.1122,1.1656,1708,0
20090805,1.1656,1.1656,1.0144,1.0144,542,0
20090806,1.1745,1.1745,1.1745,1.1745,12,0
20090807,1.1745,1.1923,1.1745,1.1923,236,0
20090810,1.1923,1.1923,1.1923,1.1923,338,0
20090811,1.1923,1.1923,1.0144,1.1745,3516,0
20090812,1.0322,1.1478,0.9342,1.0233,43965,0
20090813,1.0233,1.1122,1.0233,1.1122,2832,0
20090814,1.1033,1.1033,1.1033,1.1033,12,0
20090817,1.0945,1.0945,1.0233,1.0945,584,0
20090818,1.0767,1.0767,1.0767,1.0767,12,0
20090819,1.0767,1.0767,0.8898,1.05,18751,0
20090820,1.0411,1.1834,1.0055,1.1834,3210,0
20090821,1.1656,1.1656,1.0322,1.1122,50168,0
20090824,1.05,1.1834,1.05,1.1834,20802,0
20090825,1.1834,1.1834,1.1122,1.1834,1147,0
20090826,1.1834,1.1834,1.0411,1.0678,43764,0
20090827,1.0678,1.1122,1.0411,1.1122,4673,0
20090828,1.1122,1.13,0.8987,1.0322,48497,0
20090831,1.0233,1.0411,0.9432,0.9521,63601,0
20090901,0.9521,0.9877,0.9432,0.961,31658,0
20090902,0.9342,0.9699,0.8898,0.8987,19873,0
20090903,0.8987,1.0055,0.8987,0.9432,7694,0
20090904,0.9521,1.0144,0.9342,0.9788,30845,0
20090907,0.9966,1.0055,0.9253,0.9521,26309,0
20090908,0.9164,1.0055,0.9075,0.9342,207212,0
20090909,0.9432,1.05,0.9342,1.0411,11964,0
20090910,1.0411,1.0411,0.9075,0.9342,2191,0
20090911,0.9432,1.0055,0.9432,0.9521,4856,0
20090914,1.0233,1.0233,0.872,0.872,89568,0
20090915,0.872,0.9521,0.872,0.9521,20226,0
20090916,0.9432,0.9788,0.9342,0.9788,11592,0
20090917,0.9788,0.9788,0.9342,0.9342,14494,0
20090918,0.9699,1.0233,0.9699,1.0233,10065,0
20090921,1.0411,1.0411,1.0055,1.0411,9174,0
20090922,1.0411,1.0411,0.9788,0.9877,8506,0
20090923,0.9788,1.0233,0.9788,0.9877,4943,0
20090924,0.9877,1.0144,0.9877,1.0144,11333,0
20090925,1.0144,1.0678,1.0144,1.0589,18059,0
20090928,0.9966,1.1122,0.9966,1.1122,1663,0
20090929,1.1122,1.1923,1.1122,1.1923,10564,0
20090930,1.219,1.219,1.0945,1.0945,1376,0
20091001,1.1567,1.2012,1.1567,1.2012,7814,0
20091002,1.2012,1.2012,1.2012,1.2012,12,0
20091005,1.2012,1.2012,1.1389,1.1389,326,0
20091006,1.2012,1.2368,1.2012,1.2368,383,0
20091007,1.2279,1.2813,1.0856,1.2813,26074,0
20091012,1.0856,1.2813,1.0856,1.2724,41696,0
20091013,1.2724,1.2724,1.1834,1.2457,31288,0
20091014,1.2457,1.2457,1.1656,1.1656,21092,0
20091015,1.2902,1.2902,1.0945,1.2012,25209,0
20091016,1.1389,1.219,1.0945,1.1656,70951,0
20091019,1.1567,1.1567,1.0767,1.0767,1137,0
20091020,1.1389,1.1389,1.0856,1.1389,21606,0
20091021,1.1389,1.1389,1.0322,1.0767,18443,0
20091022,1.0411,1.0945,1.0233,1.0767,28406,0
20091023,1.0945,1.0945,1.0945,1.0945,12,0
20091026,1.0589,1.0589,1.0589,1.0589,12,0
20091027,1.0589,1.0589,1.0589,1.0589,2685,0
20091028,1.0678,1.0678,1.0589,1.0589,3895,0
20091029,1.0411,1.1122,1.0411,1.0678,11062,0
20091030,1.1478,1.1478,1.0322,1.0322,2365,0
20091102,1.0322,1.0767,1.0322,1.0767,246,0
20091103,1.0678,1.0678,1.0678,1.0678,12,0
20091104,1.0678,1.0678,1.0678,1.0678,81,0
20091105,1.0767,1.1211,1.0322,1.0322,2846,0
20091106,1.0322,1.1478,1.0322,1.1478,13,0
20091109,1.1478,1.219,1.0233,1.1389,7054,0
20091110,1.0856,1.13,1.0856,1.13,1413,0
20091112,1.13,1.13,1.13,1.13,12,0
20091113,1.13,1.13,1.13,1.13,12,0
20091116,1.13,1.13,0.9342,0.9788,14628,0
20091117,0.9788,0.9966,0.9342,0.9342,4224,0
20091118,0.9342,1.0589,0.9342,1.0589,5815,0
20091119,1.05,1.05,1.05,1.05,12,0
20091120,1.0589,1.0589,1.0589,1.0589,12,0
20091123,1.0233,1.0233,1.0233,1.0233,705,0
20091124,1.0144,1.0144,0.9877,0.9877,7879,0
20091125,0.961,1.0144,0.9521,1.0055,4734,0
20091126,1.0055,1.0055,1.0055,1.0055,837,0
20091127,0.9966,0.9966,0.9164,0.9788,1485,0
20091130,0.9966,0.9966,0.9253,0.9253,938,0
20091201,0.9432,1.0856,0.9432,0.9966,7957,0
20091202,1.0144,1.1033,1.0055,1.0055,8034,0
20091204,1.0055,1.0055,0.961,1.0055,3383,0
20091207,0.961,0.961,0.961,0.961,10638,0
20091208,0.9699,0.9699,0.9699,0.9699,3969,0
20091209,0.9699,0.9699,0.9699,0.9699,1789,0
20091210,0.961,0.961,0.9342,0.9342,5268,0
20091211,0.9342,1.0233,0.9342,1.0233,2654,0
20091214,1.0055,1.0055,1.0055,1.0055,1012,0
20091215,1.0144,1.0144,0.9966,0.9966,1085,0
20091216,1.0055,1.0055,0.9788,0.9788,924,0
20091217,0.9966,0.9966,0.9342,0.9342,2074,0
20091218,0.9253,0.9521,0.9164,0.9521,8353,0
20091221,0.9788,0.9788,0.9253,0.9699,68927,0
20091222,0.9788,1.0322,0.9788,1.0322,6952,0
20091223,1.0411,1.0411,0.9432,0.9432,1810,0
20091228,0.9432,1.0233,0.9432,1.0233,3478,0
20091229,1.0411,1.0411,0.9342,1.0144,18039,0
20091230,1.0144,1.0144,0.8186,0.8364,159348,0
20091231,0.8453,0.8453,0.8008,0.8364,15152,0
20100104,0.8453,0.8453,0.7118,0.8008,59451,0
20100105,0.8008,0.8008,0.7563,0.7919,2166,0
20100106,0.7919,0.7919,0.7385,0.7919,4743,0
20100107,0.7919,0.8631,0.7652,0.7919,17153,0
20100108,0.8008,0.8542,0.8008,0.8453,14343,0
20100111,0.8453,0.8453,0.7919,0.8453,3787,0
20100112,0.8453,0.8542,0.8008,0.8275,38538,0
20100113,0.8008,0.8631,0.8008,0.8542,51934,0
20100114,0.8631,0.872,0.8275,0.8542,26025,0
20100115,0.8631,0.8631,0.8275,0.8275,19002,0
20100118,0.8453,0.8453,0.8097,0.8453,1606,0
20100119,0.8453,0.8987,0.8186,0.8987,34836,0
20100120,0.9253,1.0055,0.8453,1.0055,65816,0
20100121,0.961,1.2012,0.9432,1.1834,145396,0
20100122,1.1478,1.1478,0.9788,1.05,37594,0
20100125,1.0678,1.1567,1.05,1.1389,40855,0
20100126,1.1122,1.1122,0.9788,1.0767,8641,0
20100127,1.0589,1.1033,1.0322,1.0322,4462,0
20100128,1.05,1.05,0.9699,1.0055,18313,0
20100129,0.9966,1.0589,0.9966,1.0589,2619,0
20100201,1.0055,1.0589,0.9788,1.0589,4474,0
20100202,1.0589,1.0589,0.9342,0.9966,8348,0
20100203,0.9966,1.13,0.9966,1.0856,12284,0
20100204,1.1122,1.2813,1.1122,1.1834,81421,0
20100205,1.1567,1.219,1.1567,1.1567,6426,0
20100208,1.1567,1.1567,1.0678,1.1122,22498,0
20100209,1.1122,1.13,1.1122,1.13,1527,0
20100210,1.1923,1.1923,1.1478,1.1923,16154,0
20100211,1.2368,1.2368,1.1389,1.1567,4949,0
20100212,1.1745,1.1745,1.1567,1.1567,628,0
20100215,1.2546,1.3792,1.1656,1.2368,76410,0
20100216,1.2101,1.2101,1.1122,1.1745,23850,0
20100217,1.1745,1.1745,1.0411,1.0856,30477,0
20100218,1.0856,1.13,1.0678,1.13,5020,0
20100219,1.13,1.13,1.0233,1.1122,6295,0
20100222,1.0945,1.0945,1.0233,1.0411,5909,0
20100223,1.0233,1.0945,1.0233,1.0945,4141,0
20100224,1.0678,1.0678,0.9521,1.0144,28316,0
20100225,1.0144,1.0144,0.9164,0.9788,19993,0
20100226,0.9342,0.9788,0.9342,0.9342,6651,0
20100301,0.9432,1.0411,0.9164,0.961,29292,0
20100302,0.9877,1.0322,0.9432,0.9699,20163,0
20100303,0.9699,0.9788,0.9342,0.9699,9132,0
20100304,0.9699,0.9699,0.9164,0.9432,29705,0
20100305,0.961,0.961,0.9164,0.9164,1798,0
20100308,0.9521,0.9521,0.9075,0.9342,11159,0
20100309,0.9075,0.9342,0.8987,0.9342,5040,0
20100310,0.9342,0.9342,0.8898,0.9342,10509,0
20100311,0.9342,0.9342,0.8898,0.8987,63205,0
20100312,0.8987,1.0055,0.8987,0.9521,104176,0
20100315,0.9788,1.1656,0.9699,1.0945,273815,0
20100316,1.1389,1.1389,0.961,1.0055,103264,0
20100317,1.0322,1.05,0.9966,1.0144,38307,0
20100318,1.0144,1.0322,0.961,0.9966,13693,0
20100319,0.9877,0.9877,0.961,0.961,9047,0
20100322,0.9432,1.05,0.9432,1.0144,10112,0
20100323,1.0144,1.0144,0.9788,0.9966,8317,0
20100324,1.0055,1.0055,0.9342,0.961,12336,0
20100325,0.9432,0.9521,0.9253,0.9253,17631,0
20100326,0.9164,0.9699,0.9075,0.961,20291,0
20100329,0.961,0.961,0.9253,0.9432,10963,0
20100330,0.9253,0.9521,0.8987,0.9164,22570,0
20100331,0.9164,0.9432,0.8987,0.9432,17856,0
20100401,0.9432,0.9432,0.8898,0.9164,13683,0
20100406,0.9164,0.9432,0.9164,0.9432,11963,0
20100407,0.9432,0.9877,0.9432,0.9699,22823,0
20100408,0.961,0.961,0.9164,0.9521,4538,0
20100409,0.9432,0.9432,0.9253,0.9432,15015,0
20100412,0.9342,0.9342,0.9075,0.9342,8297,0
20100413,0.9432,0.9699,0.9164,0.961,29788,0
20100414,0.961,0.9966,0.9342,0.9966,8840,0
20100415,0.9966,0.9966,0.9432,0.9432,3373,0
20100416,0.9521,0.961,0.9521,0.961,338,0
20100419,0.9521,0.9699,0.8987,0.9342,7254,0
20100420,0.9342,0.9966,0.9342,0.9877,34627,0
20100421,0.9966,0.9966,0.9521,0.9966,17274,0
20100422,0.9877,0.9877,0.9253,0.9253,9285,0
20100423,0.9253,0.9699,0.9253,0.9699,348,0
20100426,0.9699,0.9699,0.8898,0.9432,28660,0
20100427,0.8987,0.9521,0.8987,0.9164,7171,0
20100428,0.9164,0.9877,0.9164,0.9877,518,0
20100429,0.961,0.9966,0.8987,0.9788,30927,0
20100430,0.9788,1.0589,0.9788,0.9877,52339,0
20100504,1.0233,1.0589,1.0144,1.0144,2810,0
20100505,0.9342,1.0144,0.9164,0.9164,18636,0
20100506,0.9075,0.9521,0.8987,0.9521,17308,0
20100507,0.8987,0.9432,0.8987,0.9342,39483,0
20100510,0.9521,1.0411,0.9521,1.0233,61704,0
20100511,1.0411,1.0856,1.0055,1.0055,31766,0
20100512,1.0411,1.05,0.9788,1.05,15744,0
20100513,1.0678,1.1033,1.0233,1.0589,58827,0
20100514,1.0767,1.13,1.0322,1.0589,51637,0
20100517,1.0589,1.0589,1.0144,1.0589,10540,0
20100518,1.0589,1.0589,1.0144,1.0144,5507,0
20100519,1.0055,1.0055,0.9788,0.9788,42155,0
20100520,1.0589,1.0589,1.0055,1.0411,4227,0
20100521,1.0233,1.0233,0.9966,0.9966,3765,0
20100524,0.9966,1.0411,0.9966,1.0411,2496,0
20100525,1.0411,1.0411,0.9966,1.0411,1104,0
20100526,1.0411,1.0411,0.9966,0.9966,4820,0
20100527,0.9966,1.0411,0.9966,1.0411,2248,0
20100528,1.0411,1.0411,0.9788,0.9966,11795,0
20100531,1.0233,1.0411,0.9788,0.9788,2248,0
20100601,0.9966,0.9966,0.961,0.961,4709,0
20100602,0.961,0.9699,0.961,0.9699,2963,0
20100604,0.9966,0.9966,0.9521,0.9521,3765,0
20100607,0.9521,1.0233,0.9521,1.0233,123,0
20100608,1.0233,1.0233,0.9432,0.9432,12700,0
20100609,0.9432,1.05,0.9075,1.0144,63439,0
20100610,0.961,1.0233,0.961,0.961,24528,0
20100611,0.961,0.9788,0.9521,0.9788,18185,0
20100614,0.9877,0.9877,0.9877,0.9877,113,0
20100615,0.9877,0.9877,0.9877,0.9877,1911,0
20100616,0.9877,1.0144,0.9521,0.9521,5097,0
20100617,0.9521,0.9521,0.9521,0.9521,113,0
20100618,0.9521,0.9521,0.9432,0.9432,7735,0
20100621,0.9342,0.9699,0.9253,0.9521,18555,0
20100622,0.961,0.961,0.961,0.961,113,0
20100623,0.961,0.961,0.8987,0.9432,18268,0
20100624,0.9342,0.9342,0.8898,0.8898,37765,0
20100625,0.8987,0.9075,0.8898,0.9075,9670,0
20100628,0.8898,0.8898,0.8898,0.8898,113,0
20100629,0.8898,0.8898,0.8898,0.8898,1573,0
20100630,0.8898,0.8898,0.8898,0.8898,8831,0
20100701,0.8898,0.8898,0.8898,0.8898,3596,0
20100702,0.8898,0.9164,0.8809,0.8987,3487,0
20100705,0.8809,0.9075,0.8809,0.9075,1090,0
20100706,0.8987,0.8987,0.8987,0.8987,113,0
20100707,0.8898,0.8898,0.8809,0.8809,6547,0
20100708,0.8809,0.9075,0.8809,0.8809,3393,0
20100709,0.8809,0.9253,0.8809,0.9253,2448,0
20100712,0.9075,0.9075,0.9075,0.9075,343,0
20100713,0.9253,0.9253,0.9253,0.9253,1124,0
20100714,0.9253,0.9253,0.9075,0.9164,26682,0
20100715,0.9075,0.9164,0.9075,0.9164,4659,0
20100716,0.9164,0.9164,0.9164,0.9164,1324,0
20100719,0.9164,0.9164,0.9164,0.9164,450,0
20100720,0.9164,0.9164,0.9164,0.9164,225,0
20100721,0.9164,0.9253,0.9075,0.9164,4687,0
20100722,0.9075,0.9432,0.9075,0.9432,1798,0
20100723,0.9432,0.9432,0.9164,0.9164,12644,0
20100726,0.9253,0.9253,0.9253,0.9253,59,0
20100727,0.9164,0.9164,0.8898,0.8898,5676,0
20100728,0.8898,0.9075,0.8898,0.9075,1463,0
20100729,0.8987,0.8987,0.872,0.8809,18542,0
20100730,0.8809,0.8809,0.8809,0.8809,5898,0
20100802,0.9253,0.9253,0.8898,0.8898,4754,0
20100803,0.9253,0.9253,0.8809,0.8809,9011,0
20100804,0.8898,1.0233,0.8898,1.0055,32853,0
20100805,1.0233,1.0767,0.9164,0.9699,171219,0
20100806,0.9966,0.9966,0.9788,0.9877,4083,0
20100809,1.0322,1.0322,0.961,0.9788,6654,0
20100810,0.9788,0.9788,0.9253,0.9253,23881,0
20100811,0.9253,0.9521,0.9075,0.9521,16254,0
20100812,0.9521,0.9521,0.9521,0.9521,56,0
20100813,0.8987,0.9342,0.8898,0.9164,22533,0
20100816,0.9075,0.9164,0.8898,0.9164,3372,0
20100817,0.9164,0.9788,0.9164,0.9788,11711,0
20100818,0.961,0.9966,0.9253,0.9966,13758,0
20100819,0.9966,1.1478,0.9966,1.0589,108927,0
20100820,1.05,1.1211,1.05,1.0589,5113,0
20100823,1.05,1.0589,1.05,1.0589,4844,0
20100824,1.0589,1.0589,1.0055,1.0055,9220,0
20100825,1.0322,1.0322,0.9966,1.0322,4069,0
20100826,1.0322,1.0322,1.0322,1.0322,12,0
20100827,1.0322,1.0322,1.0322,1.0322,4840,0
20100830,1.0322,1.0322,0.9521,1.0233,6535,0
20100831,0.9521,1.0233,0.9521,1.0233,36415,0
20100901,1.0322,1.1033,1.0322,1.1033,57646,0
20100902,1.1033,1.1389,1.0411,1.0678,10840,0
20100903,1.05,1.5304,1.05,1.4237,137026,0
20100906,1.5037,1.6016,1.4237,1.5126,21318,0
20100907,1.5126,1.5126,1.5126,1.5126,1,0
20100908,1.566,1.566,1.3525,1.5393,11904,0
20100909,1.5571,1.5571,1.4682,1.5393,10921,0
20100910,1.5126,1.5126,1.5126,1.5126,12,0
20100913,1.4593,1.4593,1.2635,1.4593,5137,0
20100914,1.4504,1.4504,1.2902,1.3881,18899,0
20100915,1.3614,1.3614,1.3614,1.3614,12,0
20100916,1.3347,1.3347,1.3347,1.3347,12,0
20100917,1.2546,1.2813,1.1478,1.2813,2686,0
20100920,1.3168,1.4237,1.3079,1.4237,13055,0
20100921,1.4593,1.6016,1.4593,1.5571,19656,0
20100922,1.5482,1.5927,1.5482,1.566,16936,0
20100923,1.566,1.6016,1.566,1.5838,6867,0
20100924,1.5304,1.5304,1.5304,1.5304,12,0
20100927,1.5838,1.5838,1.5037,1.5037,13,0
20100928,1.5838,1.5838,1.5838,1.5838,12,0
20100929,1.5482,1.5482,1.397,1.4237,48227,0
20100930,1.4237,1.4237,1.397,1.397,2484,0
20101001,1.5037,1.5037,1.5037,1.5037,12,0
20101004,1.4237,1.4237,1.3258,1.3792,922,0
20101005,1.4682,1.4682,1.3168,1.3168,1697,0
20101006,1.4415,1.4415,1.3347,1.4415,2832,0
20101007,1.4415,1.4415,1.4415,1.4415,12,0
20101008,1.4415,1.4415,1.2724,1.4059,1372,0
20101011,1.1834,1.397,1.1834,1.397,496,0
20101014,1.3168,1.3881,1.3168,1.3881,1532,0
20101018,1.3614,1.3614,1.3614,1.3614,12,0
20101019,1.3436,1.3436,1.3436,1.3436,12,0
20101020,1.3258,1.3258,1.1389,1.1389,670,0
20101021,1.2546,1.2813,1.2368,1.2457,4507,0
20101022,1.2457,1.2457,1.1745,1.2101,1174,0
20101025,1.2101,1.2101,1.2101,1.2101,12,0
20101026,1.2101,1.2101,1.1923,1.2101,6933,0
20101027,1.2101,1.2457,1.2101,1.2457,1153,0
20101028,1.2457,1.2457,1.2457,1.2457,12,0
20101029,1.2457,1.2457,1.2457,1.2457,12,0
20101102,1.4237,1.4237,1.4237,1.4237,1,0
20101103,1.3703,1.3703,1.3703,1.3703,12,0
20101104,1.3703,1.3703,1.2813,1.3614,7025,0
20101105,1.3703,1.3703,1.2457,1.3258,2327,0
20101108,1.3258,1.3258,1.2457,1.3258,1147,0
20101109,1.3168,1.3168,1.1745,1.3079,1405,0
20101110,1.3079,1.3079,1.2457,1.2457,56,0
20101112,1.219,1.2457,1.1745,1.2457,35271,0
20101115,1.3168,1.3168,1.3168,1.3168,12,0
20101116,1.3168,1.3168,1.3168,1.3168,12,0
20101117,1.3168,1.3168,1.3168,1.3168,12,0
20101118,1.3168,1.3168,1.1567,1.3168,811,0
20101119,1.3168,1.3168,1.3168,1.3168,12,0
20101122,1.3168,1.3168,1.3168,1.3168,12,0
20101123,1.3168,1.3168,1.3168,1.3168,12,0
20101124,1.3168,1.3168,1.3168,1.3168,12,0
20101125,1.3168,1.3168,1.3168,1.3168,12,0
20101126,1.3168,1.3168,1.3168,1.3168,2,0
20101129,1.3168,1.3168,1.2012,1.2902,1194,0
20101130,1.3079,1.3079,1.2546,1.2546,348,0
20101201,1.2991,1.2991,1.2457,1.2902,78,0
20101202,1.3079,1.3079,1.3079,1.3079,12,0
20101203,1.3079,1.3079,1.3079,1.3079,12,0
20101206,1.3079,1.3079,1.2546,1.2902,3395,0
20101207,1.3079,1.3079,1.3079,1.3079,12,0
20101208,1.3079,1.3079,1.2546,1.2902,753,0
20101209,1.2902,1.2902,1.1567,1.2457,584,0
20101210,1.2902,1.2902,1.05,1.1122,74917,0
20101213,1.1211,1.1211,1.0678,1.0678,4513,0
20101214,1.1211,1.1211,1.1211,1.1211,12,0
20101215,1.1122,1.1122,1.0678,1.1122,753,0
20101216,1.1122,1.1122,1.0678,1.0678,3315,0
20101217,1.0678,1.0678,1.0678,1.0678,1765,0
20101220,1.0678,1.1211,1.0678,1.0678,17174,0
20101221,1.0678,1.0767,0.9877,1.05,21369,0
20101222,1.05,1.05,1.05,1.05,12,0
20101223,1.05,1.05,1.05,1.05,5,0
20101227,1.0678,1.0678,1.0678,1.0678,787,0
20101228,1.0678,1.0678,1.0055,1.0589,1147,0
20101229,1.05,1.1122,1.05,1.1122,16858,0
20101230,1.1122,1.1923,1.1122,1.1923,4786,0
20101231,1.1834,1.2101,1.1656,1.2101,8227,0
20110103,1.2279,1.2279,1.1567,1.2101,1147,0
20110104,1.2101,1.2101,1.2101,1.2101,12,0
20110105,1.2101,1.2101,1.2101,1.2101,12,0
20110107,1.2101,1.2101,1.1567,1.1567,123,0
20110110,1.2101,1.2101,1.2101,1.2101,12,0
20110111,1.1923,1.1923,1.1923,1.1923,12,0
20110112,1.1478,1.1567,1.0945,1.1567,489,0
20110113,1.1567,1.1567,1.1567,1.1567,12,0
20110114,1.1567,1.1567,1.1033,1.1567,922,0
20110117,1.1567,1.1567,1.1567,1.1567,12,0
20110118,1.1478,1.1478,1.1478,1.1478,12,0
20110119,1.1478,1.1478,1.0678,1.13,596,0
20110120,1.13,1.13,1.0678,1.13,180,0
20110121,1.13,1.13,1.13,1.13,12,0
20110124,1.13,1.13,1.0678,1.0678,911,0
20110125,1.0678,1.0678,1.0678,1.0678,12,0
20110126,1.0678,1.0678,0.961,1.05,2850,0
20110127,1.0411,1.0411,1.0233,1.0233,123,0
20110128,1.0144,1.0233,1.0144,1.0233,1068,0
20110131,1.0233,1.0233,1.0144,1.0233,1388,0
20110201,1.0678,1.0678,1.0678,1.0678,56,0
20110202,1.0767,1.0767,1.0767,1.0767,12,0
20110203,1.0767,1.0767,1.0233,1.0767,4361,0
20110204,1.0767,1.0767,1.0767,1.0767,12,0
20110207,1.0767,1.0767,0.9788,1.0411,1607,0
20110208,1.0411,1.0411,0.9788,1.0233,2259,0
20110209,1.0411,1.0411,0.9788,1.0411,1147,0
20110210,1.0411,1.0411,0.9788,1.0411,1723,0
20110211,1.0411,1.0411,1.0411,1.0411,705,0
20110214,1.0678,1.0678,1.0678,1.0678,859,0
20110215,1.0767,1.1211,1.0767,1.1211,641,0
20110216,1.0945,1.0945,1.0322,1.0767,1029,0
20110217,1.0767,1.0767,1.0767,1.0767,12,0
20110218,1.0767,1.0767,0.9788,1.0767,2772,0
20110221,1.0411,1.0411,1.0411,1.0411,12,0
20110222,1.0411,1.0411,1.0411,1.0411,12,0
20110223,1.0411,1.0411,1.0411,1.0411,12,0
20110224,1.0411,1.0411,1.0411,1.0411,12,0
20110225,1.0411,1.0411,0.872,0.8898,130696,0
20110228,0.9075,0.9075,0.8631,0.8898,11068,0
20110301,0.8898,0.8987,0.8809,0.8987,3984,0
20110302,0.9075,0.9075,0.8898,0.8898,1527,0
20110303,0.8987,0.8987,0.8898,0.8898,798,0
20110304,0.8898,0.8898,0.8631,0.8631,1463,0
20110307,0.8987,0.8987,0.8453,0.8987,1239,0
20110308,0.8987,0.8987,0.8364,0.8987,3393,0
20110309,0.8987,0.8987,0.8898,0.8898,113,0
20110310,0.8987,0.8987,0.8097,0.8987,45,0
20110311,0.8987,0.8987,0.8453,0.8987,2275,0
20110314,0.8987,0.8987,0.8987,0.8987,12,0
20110315,0.8987,0.8987,0.8542,0.8542,131,0
20110316,0.8987,0.8987,0.8987,0.8987,113,0
20110317,0.8987,0.8987,0.8987,0.8987,12,0
20110318,0.8987,0.8987,0.8097,0.8631,9931,0
20110321,0.8631,0.8631,0.8453,0.8453,68,0
20110322,0.8631,0.8631,0.8631,0.8631,2259,0
20110323,0.8631,0.8631,0.8542,0.8542,1157,0
20110324,0.8631,0.8631,0.8364,0.8364,2068,0
20110325,0.8364,0.8364,0.7652,0.8008,21105,0
20110328,0.8008,0.8008,0.7563,0.7919,11181,0
20110329,0.7919,0.7919,0.7919,0.7919,2384,0
20110330,0.8008,0.8008,0.8008,0.8008,12,0
20110331,0.8008,0.8008,0.8008,0.8008,12,0
20110401,0.7919,0.7919,0.7919,0.7919,138,0
20110404,0.8008,0.8008,0.8008,0.8008,12,0
20110405,0.8008,0.8008,0.8008,0.8008,12,0
20110406,0.8008,0.8008,0.8008,0.8008,12,0
20110407,0.8008,0.8008,0.8008,0.8008,2731,0
20110408,0.8008,0.8631,0.8008,0.8631,923,0
20110411,0.872,0.872,0.7741,0.8631,1398,0
20110412,0.872,0.872,0.7296,0.872,6596,0
20110413,0.8097,0.8453,0.8097,0.8453,1008,0
20110414,0.8453,0.8453,0.8097,0.8097,968,0
20110415,0.8097,0.8097,0.8097,0.8097,12,0
20110418,0.8097,0.8097,0.783,0.8097,2046,0
20110419,0.8097,0.8097,0.8097,0.8097,12,0
20110420,0.8097,0.8186,0.7741,0.8097,3281,0
20110421,0.8097,0.8097,0.8008,0.8008,165,0
20110426,0.8097,0.8097,0.8008,0.8008,6567,0
20110427,0.8097,0.8097,0.8008,0.8008,2596,0
20110428,0.8008,0.8008,0.783,0.783,1135,0
20110429,0.7741,0.8008,0.7474,0.8008,573,0
20110502,0.783,0.783,0.783,0.783,12,0
20110504,0.783,0.783,0.7741,0.7741,228,0
20110505,0.783,0.8898,0.7474,0.8008,119785,0
20110506,0.8186,0.8186,0.7474,0.783,20173,0
20110509,0.783,0.783,0.7474,0.7474,3788,0
20110510,0.7563,0.7563,0.7385,0.7385,629,0
20110511,0.7563,0.7563,0.7563,0.7563,12,0
20110512,0.7563,0.7563,0.6496,0.7563,1658,0
20110513,0.7563,0.7652,0.7207,0.7652,7924,0
20110516,0.7919,0.7919,0.7919,0.7919,12,0
20110517,0.7563,0.7563,0.7563,0.7563,12,0
20110518,0.7563,0.7563,0.7118,0.7118,3314,0
20110519,0.7118,0.7118,0.6852,0.6852,258,0
20110520,0.6852,0.7118,0.6407,0.6496,15857,0
20110523,0.7029,0.7118,0.6496,0.7118,5971,0
20110524,0.7118,0.7118,0.6674,0.7029,9092,0
20110525,0.7118,0.783,0.6674,0.7118,8492,0
20110526,0.7652,0.7652,0.7563,0.7563,461,0
20110527,0.7563,0.7563,0.7385,0.7385,2158,0
20110530,0.7385,0.7385,0.7385,0.7385,12,0
20110531,0.7385,0.7385,0.7118,0.7207,4957,0
20110601,0.7563,0.7563,0.7118,0.7118,2968,0
20110602,0.7474,0.7474,0.7385,0.7385,686,0
20110603,0.7385,0.7474,0.6852,0.7474,2040,0
20110606,0.7474,0.7474,0.6852,0.6941,2720,0
20110607,0.7385,0.7385,0.7385,0.7385,12,0
20110608,0.7296,0.7296,0.6852,0.7118,1618,0
20110609,0.7118,0.7118,0.7118,0.7118,764,0
20110610,0.7118,0.7118,0.6763,0.7118,1408,0
20110613,0.6496,0.7118,0.6496,0.6941,3638,0
20110614,0.6941,0.6941,0.6941,0.6941,12,0
20110615,0.6941,0.6941,0.6941,0.6941,12,0
20110616,0.6674,0.6674,0.6674,0.6674,12,0
20110617,0.6585,0.6585,0.6585,0.6585,12,0
20110620,0.6674,0.6674,0.6496,0.6496,686,0
20110621,0.6318,0.6585,0.6318,0.6585,2371,0
20110622,0.6674,0.6674,0.6674,0.6674,3045,0
20110624,0.6674,0.6674,0.6674,0.6674,12,0
20110627,0.6674,0.6674,0.6674,0.6674,3596,0
20110628,0.6674,0.6674,0.6674,0.6674,12,0
20110629,0.6674,0.6674,0.6674,0.6674,56,0
20110630,0.6674,0.6674,0.6674,0.6674,12,0
20110701,0.6674,0.6674,0.6051,0.6674,595,0
20110704,0.6585,0.6585,0.6496,0.6585,1798,0
20110705,0.6941,0.7118,0.6941,0.7118,288,0
20110706,0.7029,0.7029,0.7029,0.7029,12,0
20110707,0.7029,0.7029,0.7029,0.7029,12,0
20110708,0.7029,0.7029,0.7029,0.7029,12,0
20110711,0.7029,0.7029,0.7029,0.7029,12,0
20110712,0.7029,0.7029,0.7029,0.7029,23,0
20110713,0.7029,0.7029,0.6763,0.6763,1135,0
20110714,0.6763,0.6763,0.6763,0.6763,23,0
20110715,0.6763,0.6763,0.6763,0.6763,12,0
20110718,0.6763,0.6763,0.614,0.6229,6036,0
20110719,0.6674,0.6674,0.6051,0.6051,3706,0
20110720,0.6318,0.6318,0.6318,0.6318,12,0
20110721,0.6318,0.6318,0.6318,0.6318,12,0
20110722,0.6229,0.6229,0.614,0.614,1641,0
20110725,0.6229,0.6229,0.5784,0.6229,338075,0
20110726,0.6229,0.6229,0.614,0.6229,1630,0
20110727,0.6229,0.6229,0.6229,0.6229,12,0
20110728,0.6229,0.6229,0.614,0.6229,24041,0
20110729,0.6318,0.6318,0.6229,0.6318,1708,0
20110801,0.6318,0.6318,0.5695,0.5962,5565,0
20110802,0.6318,0.6318,0.6318,0.6318,12,0
20110803,0.6318,0.6318,0.6318,0.6318,12,0
20110804,0.6318,0.6318,0.6318,0.6318,12,0
20110808,0.6318,0.6318,0.5695,0.5695,1365,0
20110809,0.5427,0.5427,0.47158,0.516,7933,0
20110810,0.516,0.5516,0.5071,0.5071,4689,0
20110811,0.5427,0.5427,0.48936,0.48936,198,0
20110812,0.5427,0.5427,0.5427,0.5427,12,0
20110816,0.5427,0.5427,0.5427,0.5427,12,0
20110817,0.5427,0.5427,0.5427,0.5427,12,0
20110818,0.5427,0.5427,0.47158,0.5427,584,0
20110819,0.5427,0.5427,0.5427,0.5427,12,0
20110822,0.5427,0.5427,0.5427,0.5427,12,0
20110823,0.5427,0.5427,0.5427,0.5427,12,0
20110824,0.5427,0.5427,0.5338,0.5338,146,0
20110825,0.5427,0.5427,0.5427,0.5427,12,0
20110826,0.5427,0.5427,0.5427,0.5427,12,0
20110829,0.5249,0.5249,0.5249,0.5249,4858,0
20110831,0.46269,0.5427,0.46269,0.5427,719,0
20110902,0.5338,0.5338,0.5338,0.5338,68,0
20110905,0.5338,0.5338,0.5338,0.5338,12,0
20110906,0.5338,0.5338,0.5338,0.5338,12,0
20110907,0.5338,0.5338,0.48046,0.5338,158,0
20110908,0.5338,0.5338,0.5338,0.5338,12,0
20110909,0.5338,0.5338,0.5338,0.5338,12,0
20110912,0.5338,0.5338,0.5338,0.5338,12,0
20110913,0.5338,0.5338,0.5338,0.5338,12,0
20110914,0.5338,0.5338,0.5338,0.5338,12,0
20110915,0.5338,0.5338,0.5338,0.5338,12,0
20110916,0.5338,0.5338,0.5338,0.5338,12,0
20110919,0.5249,0.5338,0.5249,0.5338,129244,0
20110920,0.5338,0.5338,0.5338,0.5338,6755,0
20110922,0.5338,0.5338,0.5338,0.5338,12,0
20110923,0.5338,0.5338,0.5338,0.5338,12,0
20110926,0.5338,0.5338,0.5338,0.5338,12,0
20110927,0.5338,0.5338,0.5338,0.5338,12,0
20110929,0.5338,0.5338,0.48046,0.5338,90,0
20110930,0.5338,0.5338,0.5338,0.5338,12,0
20111003,0.5338,0.5427,0.5249,0.5427,5631,0
20111004,0.5427,0.5695,0.5427,0.5695,3383,0
20111005,0.5695,0.5695,0.5695,0.5695,33,0
20111006,0.5695,0.5695,0.5695,0.5695,12,0
20111007,0.5695,0.5695,0.5338,0.5695,3787,0
20111010,0.5695,0.5695,0.5695,0.5695,12,0
20111011,0.5695,0.5695,0.5695,0.5695,12,0
20111012,0.5695,0.5695,0.5695,0.5695,12,0
20111013,0.5695,0.5695,0.5695,0.5695,12,0
20111014,0.5695,0.5695,0.49825,0.5338,2467,0
20111017,0.5338,0.5338,0.5338,0.5338,12,0
20111018,0.5338,0.5338,0.5338,0.5338,12,0
20111019,0.5338,0.5338,0.5338,0.5338,12,0
20111020,0.5338,0.5338,0.5338,0.5338,12,0
20111021,0.5071,0.5071,0.5071,0.5071,12,0
20111024,0.5071,0.5071,0.5071,0.5071,12,0
20111025,0.5071,0.5071,0.5071,0.5071,12,0
20111026,0.48936,0.5338,0.46269,0.5338,1102,0
20111027,0.5338,0.5338,0.5338,0.5338,12,0
20111028,0.5338,0.5338,0.5338,0.5338,12,0
20111102,0.5338,0.5338,0.5338,0.5338,12,0
20111103,0.5249,0.5249,0.5249,0.5249,12,0
20111104,0.5249,0.5249,0.5249,0.5249,12,0
20111107,0.5249,0.5249,0.5249,0.5249,12,0
20111108,0.5249,0.5249,0.5249,0.5249,12,0
20111109,0.5249,0.5249,0.5249,0.5249,12,0
20111110,0.516,0.516,0.516,0.516,12,0
20111114,0.5249,0.5249,0.5249,0.5249,12,0
20111115,0.5249,0.5249,0.5249,0.5249,12,0
20111116,0.5249,0.5249,0.5249,0.5249,12,0
20111117,0.5249,0.5249,0.5249,0.5249,12,0
20111118,0.5249,0.5249,0.5249,0.5249,12,0
20111121,0.5249,0.5249,0.4449,0.5249,11251,0
20111125,0.5249,0.5249,0.5249,0.5249,12,0
20111128,0.5249,0.5249,0.5249,0.5249,12,0
20111129,0.5249,0.5249,0.5249,0.5249,12,0
20111130,0.5249,0.5249,0.5249,0.5249,12,0
20111205,0.5249,0.5249,0.5249,0.5249,12,0
20111206,0.5249,0.5249,0.5249,0.5249,12,0
20111207,0.5249,0.5249,0.516,0.516,33,0
20111213,0.516,0.516,0.516,0.516,12,0
20111215,0.516,0.516,0.516,0.516,12,0
20111221,0.49825,0.49825,0.49825,0.49825,1124,0
20111222,0.4004,0.49825,0.4004,0.49825,6295,0
20111223,0.5071,0.5071,0.5071,0.5071,12,0
20111230,0.43599,0.5071,0.43599,0.5071,225,0
20120105,0.5071,0.5071,0.5071,0.5071,12,0
20120111,0.5071,0.5071,0.5071,0.5071,12,0
20120112,0.5071,0.5071,0.5071,0.5071,12,0
20120113,0.4449,0.4449,0.4449,0.4449,56,0
20120117,0.5071,0.5071,0.5071,0.5071,12,0
20120118,0.5071,0.5071,0.5071,0.5071,12,0
20120119,0.5071,0.5071,0.5071,0.5071,12,0
20120123,0.5071,0.5071,0.5071,0.5071,12,0
20120125,0.5071,0.5071,0.5071,0.5071,12,0
20120126,0.5071,0.5071,0.5071,0.5071,12,0
20120127,0.49825,0.5784,0.49825,0.5784,6759,0
20120130,0.5784,0.5962,0.5427,0.5962,3619,0
20120131,0.5962,0.614,0.5962,0.614,1147,0
20120201,0.6229,0.6229,0.6229,0.6229,12,0
20120202,0.6051,0.6051,0.6051,0.6051,114,0
20120203,0.5962,0.5962,0.5962,0.5962,12,0
20120206,0.5784,0.5784,0.5784,0.5784,12,0
20120207,0.5784,0.5784,0.5784,0.5784,12,0
20120208,0.5784,0.5784,0.5784,0.5784,12,0
20120209,0.5784,0.5784,0.5784,0.5784,416,0
20120210,0.6051,0.6051,0.6051,0.6051,12,0
20120213,0.6051,0.6051,0.6051,0.6051,12,0
20120214,0.6051,0.6051,0.6051,0.6051,12,0
20120215,0.6051,0.6051,0.6051,0.6051,12,0
20120216,0.6051,0.6674,0.6051,0.6674,1128,0
20120217,0.6318,0.6318,0.614,0.6318,14071,0
20120220,0.6318,0.6318,0.6318,0.6318,12,0
20120221,0.6229,0.6318,0.6229,0.6318,3013,0
20120222,0.6318,0.6318,0.6318,0.6318,12,0
20120223,0.6229,0.6229,0.6229,0.6229,12,0
20120224,0.6318,0.6318,0.6318,0.6318,12,0
20120227,0.6318,0.6318,0.6318,0.6318,12,0
20120228,0.6318,0.6318,0.6318,0.6318,12,0
20120229,0.6407,0.6407,0.6407,0.6407,12,0
20120301,0.6674,0.6674,0.6674,0.6674,12,0
20120302,0.6674,0.6674,0.6674,0.6674,12,0
20120306,0.6674,0.6674,0.6674,0.6674,12,0
20120307,0.6674,0.6674,0.6674,0.6674,12,0
20120308,0.6674,0.6674,0.6674,0.6674,12,0
20120309,0.6674,0.6674,0.6674,0.6674,12,0
20120312,0.6763,0.6941,0.6674,0.6941,7328,0
20120314,0.7029,0.7029,0.7029,0.7029,12,0
20120316,0.7029,0.7029,0.7029,0.7029,12,0
20120319,0.5784,0.6229,0.5784,0.6229,1208,0
20120320,0.6674,0.6674,0.6229,0.6229,225,0
20120321,0.7029,0.7029,0.7029,0.7029,12,0
20120322,0.7029,0.7029,0.7029,0.7029,12,0
20120323,0.7029,0.7029,0.7029,0.7029,12,0
20120326,0.6496,0.6496,0.6407,0.6496,5631,0
20120327,0.7029,0.7029,0.7029,0.7029,12,0
20120328,0.6941,0.6941,0.6941,0.6941,12,0
20120329,0.7029,0.7029,0.7029,0.7029,12,0
20120330,0.7029,0.7029,0.7029,0.7029,12,0
20120402,0.7029,0.7029,0.7029,0.7029,1135,0
20120403,0.6852,0.6852,0.6852,0.6852,12,0
20120404,0.6852,0.6852,0.6852,0.6852,12,0
20120405,0.6852,0.6852,0.6852,0.6852,12,0
20120410,0.6941,0.6941,0.6941,0.6941,12,0
20120411,0.6941,0.6941,0.6941,0.6941,12,0
20120412,0.6941,0.6941,0.6941,0.6941,12,0
20120413,0.6229,0.6229,0.6229,0.6229,113,0
20120416,0.6763,0.6763,0.6763,0.6763,12,0
20120423,0.6229,0.6229,0.6229,0.6229,12,0
20120425,0.6229,0.6229,0.6229,0.6229,12,0
20120426,0.6229,0.6229,0.6229,0.6229,12,0
20120430,0.6229,0.6229,0.6229,0.6229,12,0
20120504,0.6674,0.6674,0.6674,0.6674,12,0
20120507,0.6674,0.6674,0.6674,0.6674,12,0
20120508,0.6674,0.6674,0.6674,0.6674,12,0
20120529,0.6229,0.6229,0.5427,0.5784,1292,0
20120530,0.5784,0.5784,0.5427,0.5606,1933,0
20120531,0.5784,0.5784,0.5784,0.5784,12,0
20120601,0.46269,0.5606,0.46269,0.5606,899,0
20120605,0.5606,0.5606,0.5606,0.5606,12,0
20120611,0.5695,0.5695,0.5695,0.5695,2,0
20120612,0.5695,0.5695,0.5695,0.5695,12,0
20120613,0.5695,0.5695,0.5695,0.5695,12,0
20120614,0.5695,0.5695,0.5695,0.5695,12,0
20120615,0.5695,0.5695,0.5695,0.5695,12,0
20120618,0.5695,0.5695,0.5695,0.5695,12,0
20120619,0.46269,0.5695,0.46269,0.5695,978,0
20120620,0.5784,0.5784,0.5784,0.5784,12,0
20120625,0.4449,0.49825,0.4449,0.49825,1135,0
20120626,0.49825,0.49825,0.49825,0.49825,12,0
20120628,0.49825,0.49825,0.49825,0.49825,12,0
20120629,0.49825,0.49825,0.49825,0.49825,12,0
20120702,0.49825,0.49825,0.49825,0.49825,12,0
20120706,0.4271,0.4271,0.4271,0.4271,113,0
20120710,0.48936,0.48936,0.40931,0.40931,940,0
20120711,0.48936,0.48936,0.3915,0.48936,3900,0
20120719,0.4449,0.4449,0.4449,0.4449,12,0
20120720,0.5338,0.5338,0.4449,0.4449,573,0
20120723,0.43599,0.4449,0.36482,0.4449,505,0
20120725,0.4182,0.5338,0.4182,0.5338,4045,0
20120730,0.4271,0.4271,0.4271,0.4271,1,0
20120731,0.5071,0.5249,0.40931,0.5249,160,0
20120806,0.5606,0.5606,0.5606,0.5606,23,0
20120807,0.5695,0.5695,0.5695,0.5695,12,0
20120810,0.5695,0.5695,0.5071,0.5071,121,0
20120813,0.5071,0.5071,0.5071,0.5071,3494,0
20120821,0.45379,0.45379,0.45379,0.45379,3417,0
20120822,0.4449,0.4449,0.4449,0.4449,248,0
20120827,0.45379,0.45379,0.45379,0.45379,12,0
20120828,0.45379,0.45379,0.45379,0.45379,12,0
20120831,0.40931,0.45379,0.40931,0.45379,1894,0
20121003,0.43599,0.43599,0.43599,0.43599,12,0
20121004,0.29363,0.32032,0.29363,0.32032,6145,0
20121005,0.34702,0.34702,0.25804,0.28473,5579,0
20121009,0.28473,0.31142,0.25804,0.31142,10914,0
20121010,0.34702,0.34702,0.34702,0.34702,12,0
20121011,0.34702,0.34702,0.34702,0.34702,1686,0
20121012,0.34702,0.34702,0.34702,0.34702,12,0
20121015,0.34702,0.34702,0.34702,0.34702,12,0
20121016,0.34702,0.34702,0.34702,0.34702,12,0
20121024,0.28473,0.32923,0.28473,0.32923,683,0
20121025,0.32923,0.32923,0.32923,0.32923,3372,0
20121026,0.34702,0.34702,0.34702,0.34702,1462,0
20121029,0.34702,0.40931,0.30253,0.37371,2722,0
20121030,0.3915,0.3915,0.3915,0.3915,12,0
20121031,0.3915,0.3915,0.3915,0.3915,12,0
20121105,0.4271,0.4271,0.4271,0.4271,12,0
20121106,0.4271,0.4271,0.4271,0.4271,12,0
20121107,0.4271,0.4271,0.4271,0.4271,12,0
20121113,0.4271,0.43599,0.4271,0.43599,23,0
20121119,0.36482,0.36482,0.36482,0.36482,113,0
20121126,0.3915,0.3915,0.3915,0.3915,12,0
20121127,0.37371,0.37371,0.37371,0.37371,113,0
20121130,0.30253,0.32923,0.30253,0.31142,5343,0
20121203,0.32923,0.32923,0.29363,0.29363,123,0
20121204,0.32923,0.32923,0.26694,0.29363,42902,0
20121205,0.32923,0.32923,0.26694,0.32032,93304,0
20121206,0.26694,0.32923,0.26694,0.31142,16734,0
20121207,0.31142,0.31142,0.26694,0.31142,19139,0
20121210,0.31142,0.31142,0.24915,0.29363,42797,0
20121211,0.29363,0.29363,0.29363,0.29363,23,0
20121212,0.29363,0.31142,0.27583,0.31142,9055,0
20121213,0.31142,0.31142,0.27583,0.29363,12444,0
20121214,0.31142,0.3915,0.31142,0.36482,85315,0
20121217,0.36482,0.3915,0.32923,0.32923,36493,0
20121218,0.36482,0.36482,0.32923,0.32923,10186,0
20121219,0.34702,0.34702,0.32032,0.32032,225,0
20121220,0.35591,0.4182,0.31142,0.40931,39644,0
20121221,0.40931,0.40931,0.35591,0.36482,8996,0
20121227,0.3915,0.3915,0.38261,0.38261,573,0
20121228,0.3915,0.4004,0.38261,0.4004,7054,0
20130102,0.46269,0.46269,0.46269,0.46269,12,0
20130104,0.3915,0.3915,0.37371,0.3915,7738,0
20130107,0.3915,0.3915,0.36482,0.38261,866,0
20130108,0.38261,0.38261,0.38261,0.38261,12,0
20130109,0.38261,0.38261,0.38261,0.38261,12,0
20130110,0.38261,0.4449,0.37371,0.4449,20643,0
20130111,0.46269,0.46269,0.46269,0.46269,113,0
20130114,0.46269,0.46269,0.46269,0.46269,2529,0
20130115,0.46269,0.46269,0.46269,0.46269,450,0
20130116,0.46269,0.46269,0.43599,0.46269,461,0
20130117,0.46269,0.49825,0.43599,0.49825,17780,0
20130118,0.49825,0.49825,0.49825,0.49825,12,0
20130121,0.49825,0.49825,0.46269,0.49825,4378,0
20130122,0.43599,0.49825,0.4182,0.49825,270,0
20130123,0.49825,0.5962,0.48936,0.5962,57036,0
20130124,0.6051,0.6585,0.5962,0.6585,15872,0
20130125,0.6674,0.6852,0.6674,0.6852,18242,0
20130128,0.6941,0.7474,0.6941,0.7474,9966,0
20130129,0.7385,0.7385,0.7118,0.7385,3395,0
20130130,0.7385,0.7385,0.7118,0.7207,14855,0
20130131,0.7118,0.7474,0.7118,0.7118,4540,0
20130201,0.7474,0.7474,0.7118,0.7118,3383,0
20130204,0.7474,0.7474,0.7118,0.7118,8013,0
20130205,0.7474,0.7474,0.7118,0.7207,7631,0
20130206,0.7474,0.7474,0.7474,0.7474,12,0
20130207,0.7474,0.7474,0.7118,0.7474,8141,0
20130208,0.7474,0.7474,0.7474,0.7474,12,0
20130211,0.7474,0.7474,0.7118,0.7474,5926,0
20130212,0.7474,0.7474,0.7118,0.7296,16776,0
20130213,0.7474,0.7474,0.7029,0.7296,3282,0
20130214,0.614,0.7296,0.614,0.7296,4529,0
20130215,0.6763,0.7296,0.6763,0.7296,1585,0
20130218,0.7029,0.7029,0.7029,0.7029,12,0
20130219,0.7118,0.8275,0.7118,0.7652,28500,0
20130220,0.8453,0.9164,0.8453,0.8987,24021,0
20130221,0.8898,0.9521,0.872,0.9521,21873,0
20130222,0.961,1.0589,0.9342,1.05,27502,0
20130225,1.0589,1.1211,1.0589,1.1211,19184,0
20130226,0.9966,1.0767,0.9966,1.0144,4226,0
20130227,1.0589,1.0589,0.8542,1.0233,11997,0
20130228,0.8898,1.0055,0.8898,0.9877,4995,0
20130304,0.961,1.1122,0.961,1.1122,4365,0
20130305,1.1033,1.1033,1.0233,1.0678,1937,0
20130306,1.0589,1.0589,1.0589,1.0589,12,0
20130307,1.0589,1.0589,1.0589,1.0589,12,0
20130308,1.0411,1.0411,0.9342,1.0144,1639,0
20130311,1.0144,1.0144,0.961,0.9966,1338,0
20130312,1.0055,1.0055,1.0055,1.0055,12,0
20130313,0.9699,0.9699,0.9699,0.9699,12,0
20130314,1.0055,1.0055,0.9253,0.9253,13198,0
20130315,1.0144,1.0144,1.0144,1.0144,12,0
20130318,1.0144,1.0144,0.8898,0.9342,1922,0
20130319,1.0144,1.0144,0.9164,0.9966,1663,0
20130320,1.0055,1.0055,0.9342,1.0055,764,0
20130321,0.9788,1.0144,0.961,0.9966,5754,0
20130322,1.0144,1.0144,0.9788,0.9788,14397,0
20130325,1.0411,1.0411,0.9075,1.0144,1147,0
20130326,1.0411,1.0411,0.9877,0.9877,4799,0
20130327,1.0233,1.0233,0.9342,0.9342,3653,0
20130328,0.9788,0.9788,0.9788,0.9788,12,0
20130402,0.8898,0.9699,0.8631,0.9699,7113,0
20130403,0.9699,0.9699,0.9699,0.9699,236,0
20130404,0.961,0.9699,0.961,0.9699,949,0
20130405,0.9788,0.9788,0.9164,0.9788,1282,0
20130408,0.9788,0.9788,0.8987,0.9788,1147,0
20130409,0.9788,1.0411,0.9788,1.0411,9164,0
20130410,1.0589,1.0678,1.0589,1.0678,248,0
20130411,1.0233,1.0233,1.0233,1.0233,462,0
20130412,1.0678,1.1033,1.0678,1.1033,4541,0
20130415,1.1122,1.1122,1.0945,1.1122,30356,0
20130417,1.1122,1.1122,1.1033,1.1033,279,0
20130418,1.1122,1.1122,1.1033,1.1033,164,0
20130419,1.1122,1.1122,1.1033,1.1122,2996,0
20130422,1.1122,1.1211,1.0678,1.1211,3716,0
20130423,1.1567,1.2813,1.1389,1.1389,1471,0
20130424,1.1389,1.2813,1.1389,1.2813,3118,0
20130425,1.2991,1.2991,1.2902,1.2902,7034,0
20130426,1.2813,1.2813,1.2813,1.2813,12,0
20130429,1.2724,1.2724,1.2457,1.2724,3048,0
20130430,1.2722,1.2722,1.2243,1.2722,1348,0
20130502,1.2724,1.2724,1.2457,1.2546,1427,0
20130506,1.2457,1.2457,1.2457,1.2457,338,0
20130507,1.2368,1.2368,1.2368,1.2368,163,0
20130508,1.2279,1.2279,1.1478,1.1478,1959,0
20130509,1.1478,1.1745,1.1389,1.1567,2275,0
20130510,1.1923,1.1923,0.961,1.0678,11654,0
20130513,1.0678,1.1122,0.961,1.0767,10136,0
20130515,1.0678,1.0678,0.9521,1.05,5574,0
20130516,1.0678,1.0678,1.0678,1.0678,12,0
20130517,1.0678,1.1478,0.9877,1.1122,4189,0
20130520,1.1122,1.1122,1.1122,1.1122,135,0
20130521,1.0144,1.1923,1.0144,1.1567,7127,0
20130523,1.1834,1.1834,1.1834,1.1834,12,0
20130524,1.1923,1.1923,1.1834,1.1834,3743,0
20130527,1.1923,1.2012,1.1122,1.1122,4297,0
20130528,1.1923,1.1923,0.9788,0.9788,3356,0
20130529,1.0809,1.0904,1.0235,1.0904,2811,0
20130531,1.0043,1.1478,1.0043,1.0139,2200,0
20130603,1.0233,1.0678,1.0144,1.0678,4181,0
20130604,1.0055,1.1478,1.0055,1.0233,4924,0
20130605,1.13,1.13,1.0322,1.0322,2259,0
20130606,1.0322,1.0322,1.0233,1.0233,2866,0
20130607,1.13,1.13,1.13,1.13,12,0
20130610,1.13,1.13,1.0322,1.1211,473,0
20130612,1.13,1.13,1.13,1.13,12,0
20130613,1.13,1.13,1.13,1.13,12,0
20130614,1.1033,1.1033,1.0945,1.1033,6755,0
20130617,1.13,1.13,1.05,1.0945,1556,0
20130618,1.0945,1.0945,0.9877,1.0411,15880,0
20130619,1.0856,1.0856,0.9966,1.0233,6643,0
20130620,1.0233,1.0233,1.0055,1.0055,2361,0
20130621,1.05,1.05,1.0055,1.0055,5653,0
20130624,1.0678,1.0678,1.0678,1.0678,12,0
20130625,1.0426,1.0426,1.0426,1.0426,12,0
20130626,1.0678,1.0678,1.0233,1.0233,316,0
20130627,1.05,1.05,1.0233,1.0233,718,0
20130628,1.0233,1.0233,0.9877,0.9877,1528,0
20130701,1.0322,1.0322,0.9521,0.9877,1586,0
20130702,1.0235,1.0235,1.0235,1.0235,12,0
20130703,1.0235,1.0904,1.0235,1.0904,1776,0
20130704,1.0904,1.0904,1.033,1.0809,248,0
20130705,1.033,1.1096,1.0235,1.1096,3912,0
20130709,1.1096,1.1096,1.1096,1.1096,450,0
20130710,1.1096,1.1096,1.1096,1.1096,1358,0
20130711,1.1478,1.1574,1.1478,1.1478,2939,0
20130712,1.1478,1.2435,1.1478,1.2339,4193,0
20130716,1.2435,1.2435,1.2435,1.2435,10,0
20130717,1.2435,1.2435,1.2435,1.2435,10,0
20130718,1.2435,1.32,1.1957,1.3104,9920,0
20130719,1.3104,1.3104,1.3104,1.3104,10,0
20130722,1.2913,1.2913,1.1765,1.2817,1558,0
20130723,1.2913,1.4348,1.2913,1.4348,10929,0
20130724,1.3965,1.3965,1.3965,1.3965,94,0
20130725,1.4061,1.4061,1.2339,1.2339,1433,0
20130726,1.4252,1.4252,1.1765,1.2913,1127,0
20130729,1.2913,1.3965,1.2435,1.3965,22534,0
20130730,1.4061,1.4443,1.2626,1.32,26786,0
20130731,1.3774,1.3774,1.2817,1.3391,2533,0
20130801,1.3391,1.3391,1.3391,1.3391,10,0
20130802,1.3391,1.3391,1.3296,1.3296,951,0
20130805,1.4061,1.4061,1.3391,1.3391,2198,0
20130806,1.4061,1.4061,1.3104,1.3104,9942,0
20130807,1.3391,1.3391,1.3009,1.3296,822,0
20130808,1.3965,1.3965,1.3965,1.3965,10,0
20130809,1.4061,1.4061,1.4061,1.4061,10,0
20130812,1.3583,1.3583,1.2913,1.3391,5280,0
20130813,1.3965,1.3965,1.3583,1.3678,3722,0
20130814,1.3678,1.3678,1.2913,1.3678,1025,0
20130816,1.3009,1.3678,1.3009,1.3678,2620,0
20130819,1.3391,1.3678,1.2817,1.3678,6414,0
20130820,1.3583,1.3583,1.2817,1.2913,1296,0
20130821,1.3583,1.3583,1.3583,1.3583,21,0
20130823,1.2817,1.3104,1.2722,1.3104,2819,0
20130827,1.2435,1.2435,1.167,1.167,14736,0
20130828,1.1765,1.32,1.1478,1.2913,6513,0
20130830,1.2243,1.2243,1.2243,1.2243,1045,0
20130902,1.3296,1.3296,1.3296,1.3296,10,0
20130904,1.3296,1.3296,1.1574,1.1861,4113,0
20130905,1.1957,1.1957,1.0713,1.0713,5236,0
20130906,1.1,1.1,1.0043,1.0713,13930,0
20130909,1.0617,1.2722,1.0617,1.2722,2990,0
20130910,1.3296,1.3296,1.3296,1.3296,1415,0
20130911,1.3296,1.3296,1.1191,1.1287,10759,0
20130912,1.1957,1.1957,1.1957,1.1957,105,0
20130913,1.2435,1.2435,1.1957,1.1957,324,0
20130916,1.1957,1.1957,1.1957,1.1957,418,0
20130917,1.1478,1.1957,1.1478,1.1478,3782,0
20130918,1.1478,1.2435,1.1478,1.2435,1056,0
20130919,1.2435,1.2435,1.2435,1.2435,10,0
20130920,1.2435,1.2435,1.2435,1.2435,10,0
20130923,1.2435,1.2435,1.2435,1.2435,10,0
20130924,1.1574,1.1957,1.1574,1.1957,52283,0
20130925,1.1096,1.2052,1.1096,1.2052,1579,0
20130926,1.2435,1.2435,1.1096,1.2435,1223,0
20130927,1.2435,1.3104,1.1957,1.3104,2624,0
20130930,1.2435,1.2435,1.2435,1.2435,387,0
20131001,1.1383,1.1765,1.1383,1.1765,1579,0
20131002,1.2339,1.2339,1.1478,1.2339,4590,0
20131003,1.2339,1.2339,1.2339,1.2339,10,0
20131004,1.2339,1.2339,1.1478,1.1478,2133,0
20131007,1.2339,1.2339,1.1478,1.1478,100392,0
20131008,1.1478,1.2435,1.1478,1.1957,21362,0
20131009,1.2435,1.2435,1.2148,1.2148,115,0
20131010,1.2435,1.2435,1.1765,1.1861,4475,0
20131011,1.2435,1.3009,1.2052,1.2339,9513,0
20131014,1.3009,1.5591,1.2435,1.54,70494,0
20131015,1.54,1.7217,1.5304,1.5783,23273,0
20131016,1.5687,1.6261,1.54,1.6261,1425,0
20131017,1.6261,1.6261,1.6261,1.6261,1334,0
20131018,1.6261,1.6261,1.5304,1.6261,6358,0
20131021,1.4826,1.6261,1.4826,1.6261,3382,0
20131022,1.5496,1.6261,1.5304,1.6261,10048,0
20131023,1.6261,1.6261,1.6261,1.6261,10,0
20131025,1.6261,1.6261,1.6261,1.6261,1158,0
20131028,1.5783,1.6261,1.4922,1.6165,4881,0
20131029,1.6165,1.6165,1.4826,1.5783,6469,0
20131030,1.5783,1.5783,1.5017,1.5783,12553,0
20131031,1.5304,1.5783,1.4922,1.5304,22242,0
20131104,1.54,1.54,1.4922,1.5304,791,0
20131105,1.5496,1.5783,1.5496,1.5496,6823,0
20131106,1.5878,1.5878,1.5878,1.5878,7329,0
20131107,1.5878,1.5878,1.5878,1.5878,10,0
20131108,1.5878,1.5878,1.5878,1.5878,2624,0
20131112,1.5878,1.5878,1.5878,1.5878,3056,0
20131113,1.6261,1.6261,1.6261,1.6261,6134,0
20131114,1.6261,1.6261,1.6165,1.6165,26,0
20131115,1.6261,1.6835,1.6261,1.6739,5344,0
20131118,1.7217,1.8174,1.693,1.7696,25428,0
20131119,1.7983,1.7983,1.6261,1.7026,11329,0
20131120,1.6261,1.7217,1.6261,1.7217,161,0
20131121,1.6835,1.7122,1.6261,1.7122,429,0
20131122,1.7217,1.7217,1.5783,1.6261,4412,0
20131125,1.7217,1.7217,1.6643,1.6643,3147,0
20131126,1.6548,1.6643,1.6548,1.6643,2836,0
20131127,1.6548,1.6548,1.6261,1.6548,167,0
20131128,1.6548,1.6548,1.6548,1.6548,10,0
20131129,1.6548,1.6643,1.5783,1.6643,1537,0
20131202,1.6261,1.6261,1.5687,1.6261,1171,0
20131203,1.6548,1.6548,1.6261,1.6261,5060,0
20131204,1.5687,1.6261,1.5209,1.6261,2974,0
20131206,1.5591,1.5591,1.5591,1.5591,10,0
20131209,1.4635,1.5591,1.4443,1.5591,6056,0
20131210,1.5304,1.6643,1.5304,1.6643,7675,0
20131211,1.6548,1.6643,1.5304,1.6643,2018,0
20131212,1.5783,1.6643,1.5783,1.6643,962,0
20131213,1.6643,1.6643,1.6643,1.6643,10,0
20131216,1.6261,1.6261,1.5783,1.607,6126,0
20131217,1.607,1.607,1.607,1.607,10,0
20131218,1.5974,1.5974,1.5304,1.5304,2247,0
20131219,1.5687,1.5687,1.5304,1.5304,2566,0
20131220,1.5591,1.5687,1.5591,1.5687,1579,0
20131223,1.5783,1.5783,1.5783,1.5783,10,0
20131227,1.5783,1.6357,1.5304,1.5783,6989,0
20140102,1.5783,1.6261,1.5783,1.6261,1045,0
20140103,1.6261,1.6261,1.6261,1.6261,10,0
20140107,1.6261,1.6261,1.6261,1.6261,10,0
20140108,1.6261,1.6261,1.5304,1.5783,2446,0
20140110,1.6261,1.6261,1.5783,1.5783,951,0
20140113,1.5783,1.5783,1.5304,1.5783,1589,0
20140114,1.5687,1.5687,1.5304,1.5304,1486,0
20140115,1.5113,1.5304,1.5113,1.5304,533,0
20140116,1.5304,1.5304,1.5304,1.5304,10,0
20140117,1.5304,1.5304,1.5017,1.5304,9690,0
20140120,1.6261,1.6261,1.6261,1.6261,10,0
20140121,1.6261,1.6261,1.4826,1.6261,3157,0
20140123,1.6261,1.6261,1.4826,1.5974,2511,0
20140124,1.5974,1.5974,1.4826,1.5878,1066,0
20140127,1.5591,1.5591,1.5591,1.5591,10,0
20140128,1.5591,1.607,1.5304,1.607,13037,0
20140129,1.607,1.607,1.5304,1.607,4004,0
20140130,1.607,1.607,1.607,1.607,10,0
20140131,1.607,1.607,1.5783,1.5783,6243,0
20140203,1.5783,1.5783,1.5304,1.5304,1349,0
20140204,1.5783,1.5783,1.54,1.54,881,0
20140205,1.5304,1.5878,1.5017,1.5878,23268,0
20140206,1.5783,1.6165,1.5783,1.6165,3032,0
20140207,1.6165,1.6643,1.6165,1.6643,6273,0
20140210,1.7026,2.0278,1.693,1.9991,73033,0
20140211,1.913,1.9896,1.8174,1.9609,9290,0
20140212,1.9609,1.9991,1.6739,1.827,31021,0
20140213,1.9417,1.9417,1.6643,1.8652,9081,0
20140214,1.8652,1.9704,1.8652,1.913,7069,0
20140217,1.8843,2.1617,1.8843,2.1426,26526,0
20140218,2.1426,2.1426,2.0183,2.1043,2101,0
20140219,2.0948,2.0948,1.8748,2.0565,3993,0
20140220,1.98,1.98,1.98,1.98,10,0
20140221,2.0374,2.0565,2.0374,2.0374,5551,0
20140224,2.0374,2.0374,1.8652,1.8652,8518,0
20140225,1.9035,1.9417,1.8652,1.8652,2164,0
20140226,1.913,1.913,1.913,1.913,105,0
20140227,1.8461,1.9035,1.8461,1.9035,6275,0
20140228,1.9513,1.9513,1.8939,1.8939,5332,0
20140303,1.8748,1.8748,1.6165,1.7696,42191,0
20140304,1.7696,1.7696,1.7696,1.7696,105,0
20140305,1.7217,1.7696,1.7217,1.7696,1150,0
20140306,1.7791,1.7791,1.7791,1.7791,167,0
20140307,1.7217,1.8078,1.7217,1.8078,830,0
20140310,1.8461,1.8461,1.7696,1.7696,1260,0
20140312,1.7696,1.7696,1.7504,1.7504,2478,0
20140313,1.7504,1.7504,1.6739,1.693,10601,0
20140314,1.693,1.7026,1.6357,1.7026,7280,0
20140317,1.7217,1.827,1.7217,1.827,11292,0
20140318,1.7409,1.913,1.6739,1.913,22247,0
20140319,1.8174,1.9035,1.8174,1.9035,3968,0
20140320,1.9035,1.9035,1.9035,1.9035,249,0
20140321,1.8174,1.8939,1.7791,1.8939,3799,0
20140324,1.9035,1.9035,1.8939,1.8939,53,0
20140325,2.0948,2.5348,2.0948,2.5348,112473,0
20140326,2.5539,2.9461,2.5348,2.793,56271,0
20140327,2.8026,2.8026,2.3626,2.6974,23720,0
20140328,2.6783,2.8026,2.6687,2.8026,5269,0
20140331,2.6304,2.7739,2.6017,2.7739,3536,0
20140401,2.6687,2.7739,2.6496,2.7357,6522,0
20140402,2.7357,2.7452,2.7165,2.7165,3038,0
20140403,2.6591,2.6591,2.64,2.64,3962,0
20140404,2.6304,2.6304,2.4965,2.4965,2517,0
20140407,2.4583,2.4965,2.4583,2.4965,1573,0
20140408,2.5252,2.7452,2.5252,2.6113,8367,0
20140409,2.6496,2.6496,2.6496,2.6496,957,0
20140410,2.6783,2.7548,2.5826,2.6304,2791,0
20140411,2.6113,2.6113,2.5922,2.6017,6754,0
20140414,2.6209,2.6687,2.5252,2.6687,5605,0
20140415,2.6687,2.8504,2.6687,2.8504,10086,0
20140416,2.8504,3.0609,2.8504,3.0609,19723,0
20140417,3.0417,3.147,2.9843,3.1087,10523,0
20140422,3.0609,3.1374,2.8791,3.0704,5509,0
20140423,3.0609,3.0609,3.013,3.0513,6197,0
20140424,3.0609,3.0609,3.0513,3.0609,4144,0
20140425,3.0609,3.0609,2.9652,3.0609,6479,0
20140428,3.0417,3.0609,2.8696,3.0513,7998,0
20140429,2.9365,3.0513,2.9365,3.0513,1652,0
20140430,3.013,3.0513,3.013,3.0513,4390,0
20140502,3.0513,3.0513,3.0513,3.0513,21,0
20140505,2.9652,3.0991,2.927,3.0226,7062,0
20140506,2.9939,2.9939,2.9748,2.9748,2195,0
20140507,2.9461,3.0513,2.9365,3.0513,3777,0
20140508,2.9652,3.0513,2.9652,3.0513,690,0
20140509,2.927,3.0322,2.927,3.0322,1150,0
20140512,3.0513,3.0513,3.0513,3.0513,105,0
20140513,3.0513,3.0513,2.927,3.0417,784,0
20140515,3.0417,3.1278,3.0417,3.1278,7080,0
20140516,3.0609,3.1087,2.6783,3.1087,7812,0
20140519,2.9939,3.013,2.9557,3.013,1951,0
20140520,2.8887,2.9174,2.7357,2.9174,4720,0
20140522,2.8696,3.0322,2.6687,2.8696,3725,0
20140523,2.7261,2.7739,2.7261,2.7739,1407,0
20140526,2.8217,2.8217,2.8217,2.8217,125,0
20140527,2.8313,2.8313,2.8313,2.8313,16,0
20140528,2.8217,2.8217,2.8217,2.8217,31,0
20140529,2.7739,2.8122,2.5539,2.8122,11170,0
20140530,2.8122,2.8696,2.8122,2.8696,4736,0
20140602,2.8696,2.8696,2.8696,2.8696,2593,0
20140603,2.8696,2.8696,2.8217,2.8696,197,0
20140604,2.8696,2.8696,2.8217,2.8696,1795,0
20140605,2.7548,2.8217,2.7261,2.8217,3654,0
20140609,2.6878,2.8696,2.6878,2.8696,1976,0
20140610,2.7452,2.7643,2.6783,2.7643,2786,0
20140611,2.7643,2.7643,2.6496,2.7643,3626,0
20140612,2.6496,2.6687,2.6496,2.6687,3958,0
20140613,2.6878,2.6878,2.487,2.6591,4145,0
20140616,2.6017,2.6591,2.6017,2.6591,1120,0
20140618,2.5922,2.6591,2.5348,2.6591,261470,0
20140620,2.6209,3.0609,2.6113,3.0609,34866,0
20140623,2.8696,2.8696,2.7548,2.8696,16920,0
20140624,2.8696,3.0896,2.86,3.0896,20930,0
20140625,2.8696,3.0991,2.8696,3.0513,8596,0
20140626,2.927,3.0609,2.927,3.0609,524,0
20140627,3.0991,3.147,2.9843,3.1278,26856,0
20140630,2.9078,3.3287,2.9078,3.3287,15946,0
20140701,3.3287,3.3287,3.1183,3.1565,581,0
20140702,3.1183,3.1183,2.8122,2.9652,4706,0
20140703,2.8696,2.9939,2.86,2.8696,9618,0
20140704,2.9939,2.9939,2.7739,2.8217,11412,0
20140707,2.8122,2.8217,2.8122,2.8217,144,0
20140708,2.7357,2.8217,2.6878,2.8217,8661,0
20140709,2.8217,2.8217,2.8217,2.8217,1986,0
20140711,2.707,2.9174,2.6209,2.9174,30387,0
20140714,2.9174,3.0991,2.9174,3.0991,18348,0
20140715,2.9557,3.2235,2.9557,3.2235,21140,0
20140716,3.2235,3.233,3.1565,3.1565,2284,0
20140717,3.0896,3.233,3.0896,3.1565,946,0
20140718,3.1565,3.1565,2.9843,3.0322,12678,0
20140721,2.9843,2.9843,2.8026,2.9365,1779,0
20140722,2.9365,3.1374,2.9365,3.0991,2651,0
20140723,3.0991,3.0991,3.0991,3.0991,21,0
20140725,2.9843,3.1565,2.9843,3.1565,4706,0
20140728,3.0704,3.1565,3.0609,3.1565,3743,0
20140729,3.0609,3.1565,3.0322,3.1565,3640,0
20140730,3.1374,3.1565,2.7835,3.1565,6294,0
20140731,3.0035,3.1565,3.0035,3.1565,4392,0
20140801,3.0035,3.1374,3.0035,3.1374,53,0
20140804,3.1374,3.1374,3.0226,3.0991,990,0
20140805,3.0226,3.0896,3.0226,3.0896,882,0
20140806,2.9652,3.0035,2.8791,2.9939,4945,0
20140807,2.9078,2.9557,2.9078,2.9557,1683,0
20140808,2.9078,3.1278,2.8217,3.1278,6594,0
20140811,2.9843,3.0417,2.6783,3.013,10274,0
20140812,2.8696,3.0035,2.8696,3.0035,4273,0
20140813,2.8696,2.9652,2.8696,2.9557,3565,0
20140814,2.8409,2.9748,2.7739,2.8983,9526,0
20140818,2.8696,2.9078,2.7739,2.86,4179,0
20140819,2.86,2.86,2.86,2.86,105,0
20140821,2.7835,2.86,2.707,2.86,8578,0
20140822,2.86,2.86,2.86,2.86,73,0
20140825,2.7357,2.86,2.7357,2.86,669,0
20140826,2.7261,2.86,2.7261,2.86,1464,0
20140827,2.7643,2.86,2.7643,2.86,575,0
20140828,2.7357,2.86,2.6974,2.8504,7223,0
20140829,2.7643,3.0609,2.7643,3.0609,14633,0
20140901,3.013,3.013,2.8983,2.9843,2092,0
20140902,2.9843,2.9843,2.8791,2.8791,22,0
20140903,2.8791,2.9939,2.8791,2.9939,685,0
20140904,2.9939,2.9939,2.8217,2.8696,3217,0
20140905,2.8696,2.8696,2.8217,2.8217,1047,0
20140908,2.8217,2.8217,2.7548,2.7548,2371,0
20140909,2.7548,2.7548,2.7452,2.7452,1202,0
20140910,2.7643,2.7643,2.5922,2.6687,13925,0
20140911,2.6974,2.7261,2.5922,2.7261,1671,0
20140912,2.7261,2.7261,2.5922,2.5922,2118,0
20140915,2.6591,2.7739,2.6591,2.7739,5139,0
20140916,2.6783,2.7261,2.6304,2.7165,4069,0
20140917,2.6304,2.6687,2.6113,2.6591,7666,0
20140918,2.6017,2.6783,2.5826,2.6783,6893,0
20140923,2.6304,2.64,2.5539,2.64,5223,0
20140925,2.6304,2.6304,2.6304,2.6304,31,0
20140926,2.6209,2.6304,2.6209,2.6304,2739,0
20140929,2.6304,2.6304,2.6304,2.6304,601,0
20140930,2.6304,2.6304,2.6304,2.6304,31,0
20141002,2.5157,2.5157,2.5157,2.5157,1058,0
20141003,2.5826,2.5826,2.487,2.573,1359,0
20141006,2.5826,2.6017,2.5826,2.5826,3502,0
20141007,2.5252,2.5348,2.42,2.5157,5300,0
20141008,2.42,2.4487,2.3339,2.3339,10452,0
20141009,2.2574,2.3817,2.2574,2.353,14389,0
20141010,2.4104,2.4391,2.4104,2.4391,1045,0
20141013,2.4583,2.5157,2.4009,2.5061,5740,0
20141014,2.5157,2.5348,2.3626,2.5348,14725,0
20141015,2.4296,2.4296,2.3435,2.42,13183,0
20141016,2.353,2.3913,2.2478,2.3148,7470,0
20141017,2.2574,2.2574,1.913,2.1904,36892,0
20141020,2.1904,2.1904,2.1904,2.1904,314,0
20141022,2.2096,2.2287,2.2096,2.2191,518,0
20141028,2.1522,2.2957,2.1522,2.2957,26949,0
20141029,2.1904,2.2957,2.1522,2.2957,26844,0
20141031,2.2957,2.3148,2.2957,2.3148,209,0
20141103,2.2191,2.2765,2.2191,2.2765,1160,0
20141107,2.1809,2.3148,2.0087,2.3052,4570,0
20141112,2.2574,2.3052,2.2574,2.3052,4694,0
20141117,2.2957,2.2957,2.1809,2.2861,5384,0
20141118,2.2096,2.2191,2.1809,2.2191,3671,0
20141119,2.2,2.2,2.2,2.2,1224,0
20141120,2.2,2.2574,2.0661,2.2574,2938,0
20141124,2.2191,2.2574,2.0565,2.0565,5238,0
20141125,2.0278,2.2096,2.0183,2.1235,2478,0
20141127,2.047,2.2096,2.047,2.2096,1986,0
20141128,2.1713,2.2383,2.0757,2.2383,2820,0
20141202,2.1139,2.1522,2.0757,2.0757,3136,0
20141203,2.0757,2.0757,2.0183,2.0183,1045,0
20141204,2.0183,2.0565,1.98,1.98,1747,0
20141205,1.9226,1.9226,1.913,1.913,1934,0
20141208,1.913,1.913,1.913,1.913,3518,0
20141209,1.913,1.913,1.5304,1.8652,23671,0
20141210,1.8174,1.8174,1.6739,1.7504,2790,0
20141211,1.5304,1.7409,1.5304,1.7122,7904,0
20141212,1.7504,2.0948,1.7217,2.0948,31920,0
20141215,2.0948,2.0948,2.0087,2.0948,1286,0
20141216,2.0087,2.0087,1.9322,1.9322,2745,0
20141217,1.9035,1.9035,1.7122,1.7983,2927,0
20141218,1.7217,1.7313,1.7217,1.7313,3551,0
20141219,1.7217,1.7696,1.7217,1.7696,3422,0
20141222,1.7217,1.7217,1.7217,1.7217,930,0
20141223,1.693,1.693,1.5783,1.693,8582,0
20141229,1.6835,1.6835,1.6261,1.6835,3659,0
20141230,1.6261,1.6261,1.5783,1.6165,7015,0
20150102,1.693,1.693,1.6261,1.6261,1673,0
20150105,1.6452,1.6452,1.6452,1.6452,627,0
20150107,1.6452,1.6452,1.6452,1.6452,1351,0
20150108,1.6357,1.6357,1.6357,1.6357,1045,0
20150109,1.607,1.607,1.5974,1.5974,1673,0
20150112,1.607,1.607,1.607,1.607,1568,0
20150114,1.5878,1.5878,1.5878,1.5878,2614,0
20150115,1.607,1.607,1.607,1.607,1532,0
20150119,1.6357,1.6357,1.6357,1.6357,2210,0
20150120,1.6261,1.6261,1.6261,1.6261,1225,0
20150121,1.6357,1.6548,1.6357,1.6548,314,0
20150123,1.5974,1.6548,1.5974,1.6548,2473,0
20150126,1.6548,1.6548,1.607,1.607,291,0
20150127,1.607,1.607,1.607,1.607,1743,0
20150128,1.6643,1.6643,1.6643,1.6643,314,0
20150129,1.6739,1.7122,1.6739,1.7122,941,0
20150203,1.6835,1.7026,1.6835,1.6835,1045,0
20150204,1.6835,1.7122,1.6835,1.7122,732,0
20150206,1.6548,1.7217,1.6357,1.7217,20988,0
20150211,1.7122,1.76,1.7122,1.76,3157,0
20150212,1.76,1.8461,1.76,1.8461,15452,0
20150213,2.2574,2.3913,2.2096,2.2957,11139,0
20150216,2.3339,2.3817,2.2478,2.3817,4943,0
20150217,2.2383,2.2957,2.2383,2.2957,3973,0
20150218,2.2957,2.2957,2.2957,2.2957,105,0
20150219,2.2957,2.2957,2.2957,2.2957,2375,0
20150220,2.2096,2.2574,2.2,2.2574,16573,0
20150223,2.2,2.3052,2.1043,2.3052,5167,0
20150226,2.2478,2.3052,2.2478,2.3052,1474,0
20150227,2.2957,2.487,2.2957,2.487,21646,0
20150302,2.487,2.5826,2.487,2.5826,2624,0
20150303,2.5826,2.5826,2.5826,2.5826,481,0
20150304,2.6017,2.6209,2.6017,2.6209,1627,0
20150305,2.6209,2.6496,2.6209,2.6496,1871,0
20150306,2.6496,2.6783,2.6496,2.6783,1408,0
20150309,2.6783,2.6783,2.6113,2.6113,4023,0
20150310,2.6209,2.6209,2.6209,2.6209,4976,0
20150311,2.6209,2.6209,2.6017,2.6017,2692,0
20150312,2.5826,2.5826,2.5443,2.5443,1359,0
20150313,2.5252,2.5252,2.4583,2.4583,1022,0
20150316,2.4583,2.4583,2.4583,2.4583,1019,0
20150317,2.4296,2.4296,2.3913,2.3913,836,0
20150318,2.42,2.42,2.3817,2.3817,1041,0
20150319,2.4009,2.4009,2.3722,2.3913,10889,0
20150320,2.3339,2.3626,2.3243,2.3626,5350,0
20150323,2.3435,2.3722,2.3435,2.3435,4903,0
20150325,2.3913,2.4104,2.3913,2.4104,5086,0
20150326,2.4104,2.4104,2.4104,2.4104,4182,0
20150327,2.4104,2.4104,2.3913,2.3913,1858,0
20150330,2.3913,2.5635,2.3913,2.5635,9481,0
20150331,2.5443,2.573,2.5443,2.573,889,0
20150401,2.573,2.573,2.5157,2.573,2109,0
20150402,2.573,2.573,2.573,2.573,28,0
20150407,2.573,2.573,2.4678,2.4678,1387,0
20150408,2.4678,2.5061,2.3913,2.4678,1925,0
20150409,2.3913,2.4678,2.3148,2.4678,9249,0
20150410,2.3339,2.4678,2.3339,2.4678,5733,0
20150413,2.4391,2.4391,2.4391,2.4391,52,0
20150414,2.4391,2.4391,2.3243,2.4391,2237,0
20150415,2.4391,2.5061,2.4391,2.5061,951,0
20150416,2.3913,2.3913,2.3913,2.3913,1568,0
20150420,2.3243,2.4104,2.3243,2.4104,366,0
20150422,2.4104,2.42,2.4104,2.42,1098,0
20150423,2.3722,2.4104,2.2957,2.4104,4691,0
20150424,2.2957,2.2957,2.2957,2.2957,314,0
20150427,2.3913,2.42,2.3243,2.4104,2729,0
20150428,2.3913,2.3913,2.3913,2.3913,826,0
20150429,2.42,2.42,2.42,2.42,21,0
20150430,2.42,2.42,2.42,2.42,52,0
20150504,2.3435,2.4296,2.267,2.267,6758,0
20150505,2.353,2.42,2.353,2.42,1077,0
20150506,2.3243,2.4296,2.3243,2.4296,2445,0
20150507,2.3243,2.4296,2.3243,2.4296,4026,0
20150508,2.3243,2.4296,2.2957,2.4296,695,0
20150511,2.3243,2.4296,2.3243,2.4296,4616,0
20150512,2.4009,2.4583,2.4009,2.4583,732,0
20150513,2.4583,2.4583,2.4583,2.4583,21,0
20150514,2.4009,2.4583,2.4009,2.4583,1121,0
20150515,2.4104,2.4583,2.4104,2.4583,2499,0
20150518,2.3913,2.3913,2.3913,2.3913,1694,0
20150519,2.3913,2.3913,2.3913,2.3913,31,0
20150520,2.3913,2.4104,2.3913,2.4104,2987,0
20150522,2.3913,2.4104,2.3913,2.4104,226,0
20150526,2.3913,2.3913,2.3722,2.3722,2091,0
20150527,2.3243,2.3243,2.3243,2.3243,418,0
20150528,2.3913,2.4678,2.3913,2.4678,1202,0
20150529,2.4774,2.4774,2.4774,2.4774,52,0
20150601,2.4774,2.4774,2.4774,2.4774,1033,0
20150602,2.573,2.573,2.5157,2.5157,42321,0
20150603,2.5252,2.5635,2.5252,2.5635,2091,0
20150619,2.5635,2.5635,2.5635,2.5635,686,0
20150624,2.4774,2.5539,2.4774,2.5539,1663,0
20150625,2.4774,2.5539,2.4583,2.5252,2103,0
20150629,2.4104,2.42,2.4104,2.42,3340,0
20150630,2.3722,2.4104,2.3722,2.4104,1366,0
20150702,2.2957,2.2957,2.2957,2.2957,1298,0
20150706,2.2957,2.2957,2.2957,2.2957,25831,0
20150707,2.353,2.4583,2.353,2.4583,4339,0
20150715,2.4583,2.4583,2.4583,2.4583,52,0
20150716,2.353,2.4487,2.353,2.4487,523,0
20150717,2.4487,2.4487,2.4487,2.4487,314,0
20150723,2.353,2.3913,2.3243,2.3913,1814,0
20150728,2.3913,2.3913,2.3913,2.3913,1464,0
20150730,2.3052,2.4009,2.2861,2.4009,2092,0
20150731,2.353,2.353,2.2478,2.3148,1411,0
20150803,2.2096,2.3148,2.1809,2.3148,1872,0
20150804,2.2287,2.3052,2.2287,2.3052,2791,0
20150805,2.3052,2.3913,2.3052,2.353,21275,0
20150811,2.267,2.267,2.2383,2.2383,1774,0
20150812,2.3722,2.3722,2.1617,2.1617,5390,0
20150813,2.1043,2.1043,2.1043,2.1043,418,0
20150814,2.0087,2.1617,1.6357,2.1617,6613,0
20150819,2.0087,2.3913,1.913,2.3913,4578,0
20150824,1.9896,2.3148,1.7217,2.3148,3502,0
20150831,2.0948,2.2957,2.0948,2.2957,1500,0
20150903,2.0852,2.1043,2.0852,2.1043,6064,0
20150904,2.0948,2.0948,2.0565,2.0565,3464,0
20150908,2.1043,2.1043,2.1043,2.1043,6240,0
20150911,2.0948,2.1043,2.0948,2.1043,5228,0
20150916,2.0852,2.0852,2.0852,2.0852,51559,0
20150922,2.1043,2.1043,2.0374,2.0374,6919,0
20150923,2.0852,2.1522,2.0852,2.1522,575889,0
20150925,2.1809,2.2861,1.7791,2.1522,7032,0
20150928,1.76,1.8652,1.76,1.8652,1646,0
20150929,2.2383,2.2478,2.1522,2.2478,1237,0
20150930,2.2478,2.2478,2.1522,2.2478,5333,0
20151001,2.2574,2.3052,2.2574,2.3052,4475,0
20151005,2.3052,2.3148,2.3052,2.3148,6273,0
20151007,2.2383,2.2383,2.1043,2.1043,2091,0
20151008,2.2,2.4391,2.2,2.2957,1802,0
20151009,2.2957,2.2957,2.2957,2.2957,246,0
20151012,2.4296,2.4296,2.4296,2.4296,10,0
20151014,2.3913,2.3913,2.3913,2.3913,836,0
20151015,2.3817,2.3913,2.3817,2.3913,2614,0
20151016,2.2957,2.3913,2.2957,2.3435,17773,0
20151019,2.2957,2.3435,2.2957,2.3339,8608,0
20151020,2.2478,2.4583,2.2478,2.4391,38610,0
20151021,2.487,2.487,2.2383,2.4296,160,0
20151022,2.4391,2.7261,2.4296,2.7261,28740,0
20151023,2.6783,2.8696,2.6783,2.7739,27182,0
20151026,2.8696,2.9652,2.7739,2.9652,6368,0
20151028,2.8696,2.8696,2.8696,2.8696,523,0
20151029,2.8696,2.8696,2.8696,2.8696,1448,0
20151030,2.8791,2.8791,2.8696,2.8696,2077,0
20151102,2.8696,2.8696,2.8696,2.8696,20909,0
20151103,2.6974,2.927,2.6974,2.8696,5971,0
20151104,2.8313,2.8696,2.7739,2.8504,13253,0
20151106,2.8409,2.8504,2.7165,2.8504,21170,0
20151109,2.7835,2.8696,2.7739,2.8696,11174,0
20151110,2.7739,2.8696,2.7739,2.8217,7537,0
20151113,2.8217,2.8217,2.8217,2.8217,157,0
20151116,2.86,2.86,2.7165,2.7357,11605,0
20151118,2.7452,2.7452,2.7452,2.7452,11919,0
20151120,2.7165,2.7165,2.7165,2.7165,737,0
20151123,2.7452,2.7452,2.64,2.7261,17093,0
20151124,2.707,2.7739,2.707,2.7739,5227,0
20151127,2.7261,2.8504,2.7261,2.8504,12545,0
20151202,2.7643,2.7739,2.7643,2.7739,10455,0
20151203,2.6783,2.6783,2.6783,2.6783,748,0
20151204,2.6304,2.6304,2.6304,2.6304,761,0
20151208,2.6783,2.7739,2.6496,2.7261,20724,0
20151211,2.6209,2.7739,2.5157,2.7739,3397,0
20151214,2.6017,2.7643,2.5061,2.7357,4735,0
20151215,2.5443,2.5443,2.487,2.487,1045,0
20151216,2.487,2.487,2.487,2.487,805,0
20151217,2.5061,2.7548,2.5061,2.7548,27590,0
20151218,2.6878,2.7548,2.6878,2.7548,797,0
20151221,2.6496,2.6783,2.5539,2.6783,1122,0
20151222,2.6783,2.8696,2.6783,2.8696,10455,0
20151223,2.6783,2.7739,2.6783,2.7739,749,0
20151229,2.6209,2.7357,2.5539,2.7357,14345,0
20151230,2.7261,2.7739,2.5061,2.7739,40459,0
20160112,2.64,2.6496,2.5826,2.5826,1119,0
20160118,2.5061,2.5157,2.5061,2.5157,894,0
20160119,2.5061,2.5061,2.487,2.487,4856,0
20160120,2.487,2.487,2.487,2.487,941,0
20160126,2.487,2.487,2.487,2.487,523,0
20160127,2.5539,2.7643,2.5539,2.7261,1516,0
20160128,2.7643,2.793,2.7643,2.793,335,0
20160129,2.793,2.86,2.7261,2.7261,83805,0
20160201,2.6591,2.6591,2.6591,2.6591,558,0
20160203,2.6591,2.6591,2.6304,2.6304,960,0
20160204,2.6304,2.6304,2.6017,2.6017,953,0
20160210,2.5826,2.5826,2.5826,2.5826,938,0
20160216,2.487,2.5348,2.487,2.5348,3105,0
20160219,2.487,2.487,2.487,2.487,660,0
20160222,2.5348,2.5348,2.4391,2.5252,666,0
20160229,2.4774,2.5061,2.4774,2.5061,5069,0
20160303,2.5061,2.5061,2.5061,2.5061,157,0
20160304,2.5061,2.5061,2.5061,2.5061,1140,0
20160307,2.4104,2.4104,2.4104,2.4104,3764,0
20160308,2.4391,2.4391,2.4391,2.4391,821,0
20160310,2.4391,2.5348,2.3913,2.5348,2687,0
20160311,2.4296,2.5252,2.4296,2.5252,8754,0
20160314,2.5252,2.5252,2.3913,2.3913,3305,0
20160315,2.3913,2.3913,2.3913,2.3913,823,0
20160317,2.3722,2.3722,2.3722,2.3722,844,0
20160318,2.353,2.353,2.353,2.353,344,0
20160321,2.3243,2.3243,2.2957,2.2957,1050,0
20160322,2.2861,2.2861,2.2861,2.2861,2823,0
20160323,2.2861,2.2861,2.2861,2.2861,2175,0
20160324,2.2861,2.2861,2.133,2.1522,18242,0
20160329,2.1522,2.2287,2.1522,2.2287,5969,0
20160330,2.2383,2.6783,2.2383,2.6783,4713,0
20160331,2.4583,2.6591,2.4391,2.6591,4336,0
20160404,2.5539,2.5539,2.5252,2.5252,1886,0
20160405,2.573,2.573,2.5348,2.5348,2980,0
20160406,2.64,2.86,2.6304,2.86,15067,0
20160407,2.86,2.8887,2.7835,2.8887,14833,0
20160408,2.9652,2.9652,2.8696,2.8696,2271,0
20160411,2.8313,2.8313,2.8313,2.8313,707,0
20160412,2.86,2.86,2.86,2.86,4182,0
20160413,2.7643,2.9652,2.7643,2.86,8540,0
20160414,2.8217,2.8217,2.8217,2.8217,709,0
20160415,2.8409,2.86,2.8217,2.8217,26573,0
20160418,2.8887,2.8887,2.8217,2.8217,14045,0
20160419,2.8217,2.8217,2.793,2.8217,8243,0
20160421,2.8313,2.8313,2.8313,2.8313,8364,0
20160422,2.8313,2.8313,2.8313,2.8313,4182,0
20160425,2.8791,2.9557,2.8313,2.86,13894,0
20160426,2.7835,2.7835,2.7261,2.7261,5750,0
20160427,2.8409,2.86,2.5826,2.793,7408,0
20160428,2.6878,2.6878,2.4391,2.6783,29088,0
20160504,2.6783,2.6783,2.6783,2.6783,2091,0
20160505,2.6113,2.6783,2.6113,2.6783,1108,0
20160509,2.6783,2.6783,2.6783,2.6783,2091,0
20160511,2.6783,2.6783,2.6783,2.6783,3136,0
20160512,2.6783,2.6783,2.6113,2.6113,807,0
20160513,2.6783,2.6783,2.6783,2.6783,1673,0
20160516,2.6687,2.6783,2.6687,2.6783,2912,0
20160517,2.6783,2.6783,2.6783,2.6783,1162,0
20160523,2.5826,2.6687,2.5826,2.6687,4077,0
20160527,2.6687,2.6687,2.6687,2.6687,32,0
20160531,2.5635,2.6687,2.5348,2.6687,6205,0
20160606,2.5539,2.6591,2.5539,2.6591,2023,0
20160607,2.573,2.6591,2.573,2.6591,617,0
20160609,2.5539,2.5539,2.3913,2.5252,9816,0
20160610,2.4678,2.4678,2.4678,2.4678,443,0
20160613,2.6687,2.6687,2.6687,2.6687,7318,0
20160616,2.5826,2.64,2.5826,2.64,491,0
20160624,2.64,2.64,2.64,2.64,750,0
20160630,2.75,2.75,2.75,2.75,2000,0
20160701,2.72,2.72,2.72,2.72,736,0
20160705,2.63,2.63,2.6,2.6,778,0
20160706,2.58,2.59,2.42,2.59,8440,0
20160707,2.53,2.6,2.53,2.6,215,0
20160708,2.6,2.6,2.6,2.6,25,0
20160712,2.6,2.6,2.6,2.6,20,0
20160713,2.6,2.6,2.6,2.6,20,0
20160714,2.5,2.6,2.5,2.6,1312,0
20160721,2.43,2.59,2.42,2.59,4329,0
20160722,2.53,2.53,2.53,2.53,791,0
20160727,2.55,2.55,2.55,2.55,550,0
20160728,2.55,2.55,2.55,2.55,300,0
20160729,2.55,2.55,2.55,2.55,1000,0
20160802,2.55,2.55,2.55,2.55,35,0
20160803,2.55,2.55,2.55,2.55,213,0
20160804,2.55,2.55,2.55,2.55,20,0
20160805,2.55,2.55,2.55,2.55,20,0
20160809,2.55,2.58,2.47,2.58,6154,0
20160810,2.99,2.99,2.72,2.8,10072,0
20160811,3,3.48,2.92,3.48,24825,0
20160812,3.48,3.87,3.48,3.67,54740,0
20160816,3.67,3.67,3.2,3.35,5504,0
20160817,3.35,3.48,3.16,3.48,6940,0
20160818,3.47,3.47,3.2,3.44,5681,0
20160819,3.29,3.29,3.13,3.27,8322,0
20160823,3.11,3.25,3.11,3.25,500,0
20160824,3.03,3.24,3.02,3.24,4215,0
20160825,3.25,3.25,3.25,3.25,1444,0
20160826,3.24,3.24,3.24,3.24,23,0
20160829,3.2,3.2,3.2,3.2,2000,0
20160830,3.15,3.2,3.1,3.2,1195,0
20160831,3.1,3.1,3.1,3.1,2000,0
20160901,3.01,3.01,3.01,3.01,600,0
20160902,3,3,3,3,1990,0
20160905,2.98,3,2.98,3,4972,0
20160906,3,3,3,3,500,0
20160909,3,3.04,3,3.04,1004,0
20160914,3.02,3.04,3.02,3.04,850,0
20160915,3.04,3.04,3.04,3.04,700,0
20160916,3.04,3.1,3.02,3.1,24915,0
20160919,3.1,3.1,3.1,3.1,30,0
20160920,3.1,3.1,2.96,2.96,2542,0
20160921,2.96,2.96,2.96,2.96,504,0
20160923,3.03,3.03,3.03,3.03,146,0
20160927,3,3,3,3,1188,0
20160928,3.03,3.1,3.03,3.1,3100,0
20160929,3,3.1,2.96,3.1,464,0
20160930,3.04,3.09,3.04,3.09,2556,0
20161003,2.97,3.08,2.96,3.08,2600,0
20161010,3.1,3.1,2.95,2.95,1537,0
20161011,2.95,2.95,2.95,2.95,1742,0
20161012,2.95,2.95,2.95,2.95,43,0
20161017,2.72,2.95,2.72,2.95,3793,0
20161018,2.95,2.95,2.95,2.95,236,0
20161019,2.9,2.9,2.9,2.9,10000,0
20161021,2.72,2.9,2.7,2.9,10394,0
20161024,2.9,2.99,2.9,2.99,7304,0
20161025,2.99,3,2.99,3,800,0
20161026,3,3,3,3,2050,0
20161027,3,3,3,3,500,0
20161028,3,3.09,3,3.09,480,0
20161031,3.09,3.09,3.09,3.09,125,0
20161102,3,3,3,3,2325,0
20161103,2.96,2.96,2.96,2.96,3469,0
20161107,2.96,2.96,2.96,2.96,1,0
