Date,Open,High,Low,Close,Volume,OpenInt
20140109,11.038,11.37,10.755,11.234,115905,0
20140110,11.234,11.351,11.077,11.351,24562,0
20140113,11.204,12.181,11.204,12.083,19972,0
20140114,11.82,12.083,11.82,11.956,13297,0
20140115,11.575,12.005,11.575,11.869,3147,0
20140116,11.908,11.908,11.478,11.478,6917,0
20140117,11.429,11.966,11.282,11.38,13293,0
20140120,11.781,11.781,11.448,11.624,3397,0
20140121,11.712,11.996,11.624,11.986,13884,0
20140122,12.005,12.201,11.829,12.152,18640,0
20140123,12.132,12.191,11.947,12.162,2646,0
20140124,12.015,12.191,11.732,11.966,4862,0
20140127,11.966,12.162,11.527,12.162,3422,0
20140128,11.771,12.191,11.771,12.015,3705,0
20140129,11.898,12.152,11.869,12.113,4906,0
20140130,12.064,12.113,12.054,12.113,2188,0
20140131,12.181,12.66,12.113,12.66,18522,0
20140203,12.318,12.601,12.318,12.406,2464,0
20140204,12.328,12.601,12.328,12.591,11016,0
20140205,12.591,12.699,12.591,12.64,5906,0
20140206,12.699,12.894,12.699,12.777,10902,0
20140207,12.884,12.894,12.552,12.552,4680,0
20140210,12.787,12.787,12.503,12.503,5779,0
20140211,12.748,12.748,12.503,12.699,804,0
20140212,12.572,12.699,12.503,12.699,12165,0
20140213,12.699,12.894,12.21,12.21,53585,0
20140214,12.572,12.894,12.318,12.552,9721,0
20140217,12.552,12.699,12.552,12.562,3756,0
20140218,12.562,12.562,12.22,12.22,7385,0
20140219,12.22,12.318,12.162,12.318,3385,0
20140220,12.582,12.582,12.22,12.259,3411,0
20140221,12.22,12.357,12.113,12.357,1340,0
20140224,12.582,12.582,12.494,12.582,1792,0
20140225,12.582,12.689,12.582,12.679,2662,0
20140226,12.679,12.679,12.503,12.503,448,0
20140227,12.503,12.503,12.494,12.494,1740,0
20140228,12.494,12.572,12.22,12.552,1234,0
20140303,12.308,12.308,11.136,11.722,24801,0
20140304,11.624,12.015,11.624,11.966,3489,0
20140305,12.064,12.191,11.82,11.82,3481,0
20140306,12.21,12.21,11.722,11.722,4863,0
20140307,11.722,11.917,11.722,11.722,1587,0
20140310,11.722,11.722,11.351,11.351,4175,0
20140311,11.536,11.536,11.419,11.429,724,0
20140312,11.429,11.429,10.892,11.224,7628,0
20140313,11.224,11.722,11.136,11.136,523,0
20140314,11.146,11.322,10.696,11.214,6918,0
20140317,11.214,11.517,11.214,11.517,1431,0
20140318,11.429,11.712,11.243,11.712,21257,0
20140319,11.722,11.917,11.439,11.722,361,0
20140320,11.478,11.722,11.478,11.712,700,0
20140321,11.253,11.712,11.253,11.712,46,0
20140324,11.341,11.702,11.341,11.702,169,0
20140325,11.497,11.751,11.488,11.751,2277,0
20140326,11.751,11.917,11.751,11.917,947,0
20140327,11.624,11.624,11.624,11.624,209,0
20140328,11.556,11.771,11.556,11.771,713,0
20140331,11.771,11.908,11.575,11.908,5459,0
20140401,11.722,12.083,11.722,12.083,1331,0
20140402,11.722,12.005,11.722,12.005,69,0
20140403,11.742,12.005,11.742,11.742,2528,0
20140404,11.917,11.917,11.722,11.908,610,0
20140407,11.869,11.869,11.742,11.869,78,0
20140408,11.869,11.869,11.722,11.722,981,0
20140409,11.624,11.722,11.624,11.722,55,0
20140410,11.732,11.732,11.722,11.722,338,0
20140411,11.8,11.8,11.8,11.8,1,0
20140414,11.82,11.82,11.331,11.702,2237,0
20140415,11.331,11.722,10.941,10.941,1207,0
20140416,11.663,11.663,11.058,11.517,667,0
20140417,11.615,11.615,11.302,11.302,54,0
20140422,11.038,11.575,11.038,11.527,501,0
20140423,11.077,11.087,11.077,11.087,116,0
20140424,11.097,11.097,11.077,11.077,574,0
20140425,11.087,11.322,11.077,11.322,617,0
20140428,11.282,11.282,10.941,11.234,958,0
20140429,11.234,11.282,10.95,10.95,635,0
20140502,11.009,11.273,11.009,11.273,93,0
20140505,11.019,11.019,10.647,10.647,2237,0
20140506,10.081,10.745,10.081,10.647,318,0
20140507,10.55,10.55,10.55,10.55,2047,0
20140508,10.647,10.892,10.647,10.892,2289,0
20140509,10.892,10.892,10.892,10.892,20,0
20140513,10.892,11.038,10.745,11.038,1487,0
20140514,11.282,11.282,10.745,11.282,5313,0
20140515,11.312,11.478,10.872,11.234,2411,0
20140516,11.234,11.234,10.745,11.234,1495,0
20140519,10.862,11.214,10.853,11.214,332,0
20140520,10.755,11.185,10.755,11.185,235,0
20140521,10.784,11.087,10.774,11.087,1030,0
20140522,10.989,10.989,10.833,10.833,1016,0
20140523,10.745,10.941,10.745,10.931,1065,0
20140526,10.843,10.843,10.755,10.784,687,0
20140527,10.745,10.745,10.364,10.599,753,0
20140528,10.599,10.599,10.599,10.599,1562,0
20140529,10.569,10.569,10.179,10.257,1507,0
20140530,10.745,10.745,10.403,10.403,1543,0
20140602,10.745,10.745,10.745,10.745,1024,0
20140603,10.794,10.941,10.354,10.872,8542,0
20140604,10.745,10.745,10.745,10.745,20,0
20140605,10.882,11.136,10.882,11.136,384,0
20140609,10.892,11.165,10.892,11.165,750,0
20140610,10.892,11.234,10.892,10.999,1561,0
20140611,10.999,11.077,10.745,11.077,1400,0
20140612,11.077,11.077,10.745,10.745,1228,0
20140613,10.745,10.745,10.647,10.647,512,0
20140616,11.028,11.028,11.028,11.028,5,0
20140617,10.745,10.745,10.745,10.745,176,0
20140618,11.009,11.009,11.009,11.009,34,0
20140620,10.647,11.019,10.55,11.019,445,0
20140626,10.989,10.989,10.452,10.97,346,0
20140701,10.589,10.97,10.589,10.97,311,0
20140702,10.941,10.941,10.941,10.941,20,0
20140703,10.941,10.941,10.599,10.931,1370,0
20140704,10.931,10.931,10.608,10.911,57,0
20140707,10.901,10.911,10.843,10.843,164,0
20140708,10.989,10.989,10.941,10.941,107,0
20140709,10.989,10.989,10.989,10.989,406,0
20140710,10.989,10.989,10.745,10.745,11,0
20140711,10.892,10.892,10.608,10.608,43,0
20140715,10.647,10.647,10.647,10.647,1024,0
20140716,10.647,10.647,10.608,10.608,984,0
20140717,10.608,10.608,10.55,10.599,627,0
20140721,10.267,10.55,10.267,10.55,35,0
20140723,10.218,10.452,10.218,10.354,793,0
20140724,10.54,10.54,10.218,10.218,519,0
20140725,10.169,10.169,10.169,10.169,12,0
20140728,9.69,10.149,9.69,10.149,120,0
20140729,10.061,10.55,10.061,10.55,1722,0
20140730,10.55,10.55,10.159,10.55,189,0
20140731,9.573,10.55,9.573,10.55,11692,0
20140801,10.55,10.55,10.55,10.55,10,0
20140804,10.667,10.726,10.638,10.638,2557,0
20140805,10.745,10.745,10.745,10.745,5,0
20140806,10.452,10.452,10.452,10.452,10,0
20140807,10.237,10.726,10.237,10.726,315,0
20140811,10.179,10.608,10.179,10.608,164,0
20140812,10.726,10.726,10.726,10.726,31,0
20140813,10.169,10.169,10.13,10.13,805,0
20140814,10.12,10.638,10.12,10.638,1044,0
20140818,10.716,10.716,10.716,10.716,517,0
20140819,10.667,10.667,10.227,10.608,342,0
20140820,10.599,10.599,10.227,10.452,47,0
20140822,10.267,10.452,10.267,10.452,333,0
20140825,10.442,10.452,10.442,10.452,119,0
20140827,10.442,10.599,10.442,10.481,7585,0
20140828,10.481,10.735,10.481,10.599,12968,0
20140829,10.706,10.989,10.706,10.989,482,0
20140901,10.257,10.745,10.257,10.745,5228,0
20140903,10.745,10.745,10.745,10.745,5,0
20140904,10.462,10.677,10.462,10.677,283,0
20140905,10.677,10.755,10.677,10.755,1054,0
20140908,10.892,10.892,10.276,10.276,1219,0
20140909,10.735,10.735,10.735,10.735,1,0
20140910,10.306,10.306,10.306,10.306,97,0
20140911,10.315,10.745,10.315,10.745,1054,0
20140912,10.481,10.481,10.481,10.481,307,0
20140915,10.735,10.735,10.735,10.735,1,0
20140916,10.481,10.735,10.472,10.735,435,0
20140917,10.472,10.716,10.257,10.716,878,0
20140918,10.696,10.696,10.276,10.276,607,0
20140919,10.657,10.657,10.657,10.657,3,0
20140922,10.647,10.647,10.647,10.647,1,0
20140923,10.354,10.638,10.354,10.638,205,0
20140924,10.257,10.647,10.257,10.647,35,0
20140925,10.638,10.638,10.638,10.638,1,0
20140926,10.169,10.169,10.14,10.14,1018,0
20140929,10.286,10.325,9.915,9.915,607,0
20140930,10.374,10.374,10.374,10.374,2,0
20141001,10.628,10.628,10.061,10.452,617,0
20141002,10.384,10.384,10.384,10.384,2,0
20141003,10.384,10.384,10.061,10.081,235,0
20141006,10.384,10.384,10.384,10.384,1,0
20141007,10.335,10.335,10.335,10.335,5,0
20141008,10.286,10.286,10.286,10.286,1,0
20141009,10.276,10.276,10.276,10.276,1,0
20141010,10.061,10.276,9.915,10.257,294,0
20141013,10.061,10.237,10.061,10.237,43,0
20141014,10.071,10.257,10.071,10.257,37,0
20141015,10.071,10.237,9.915,10.237,138,0
20141016,9.915,10.325,9.768,10.188,881,0
20141017,10.179,10.179,9.798,10.179,101,0
20141020,10.179,10.179,10.179,10.179,1,0
20141021,10.1,10.1,10.013,10.013,173,0
20141022,10.061,10.061,9.876,9.876,104,0
20141023,9.915,10.061,9.915,9.925,147,0
20141024,9.964,10.061,9.964,10.061,126,0
20141027,9.788,9.788,9.788,9.788,251,0
20141028,10.061,10.061,9.651,10.042,407,0
20141029,9.768,10.013,9.68,10.013,310,0
20141030,9.964,9.964,9.964,9.964,2,0
20141031,9.719,9.964,9.69,9.964,491,0
20141104,9.964,9.964,9.964,9.964,1,0
20141105,9.768,10.208,9.768,10.208,619,0
20141106,10.198,11.038,10.198,11.038,4095,0
20141107,10.296,10.54,10.257,10.54,1426,0
20141110,11.019,11.019,11.019,11.019,2,0
20141112,10.442,10.628,10.13,10.628,1162,0
20141113,10.745,10.745,10.745,10.745,1,0
20141117,10.696,10.696,10.696,10.696,1,0
20141118,10.599,10.599,10.599,10.599,1,0
20141119,10.12,10.569,10.12,10.569,312,0
20141120,10.55,10.55,10.55,10.55,10,0
20141121,10.491,10.491,10.491,10.491,102,0
20141124,10.472,10.472,10.462,10.472,107,0
20141125,10.306,10.442,10.306,10.442,66,0
20141126,10.423,10.423,10.423,10.423,1,0
20141127,10.188,10.188,10.188,10.188,112,0
20141128,10.188,10.374,10.159,10.374,1029,0
20141201,10.374,10.374,10.374,10.374,1,0
20141202,10.374,10.374,10.374,10.374,1,0
20141203,10.159,10.364,10.159,10.364,463,0
20141204,10.374,10.374,10.374,10.374,1,0
20141205,10.071,10.159,10.071,10.081,1007,0
20141208,10.071,10.374,10.071,10.374,55,0
20141209,10.364,10.364,10.364,10.364,19,0
20141210,10.159,10.159,10.159,10.159,1,0
20141211,10.081,10.345,10.081,10.345,285,0
20141212,9.661,10.218,9.661,10.218,12,0
20141215,10.208,10.472,10.208,10.472,1475,0
20141216,10.208,10.208,9.768,10.198,7076,0
20141217,10.198,10.452,10.198,10.452,3963,0
20141218,10.354,10.354,10.013,10.013,7495,0
20141219,10.071,10.452,10.071,10.081,604,0
20141222,10.022,10.022,9.768,9.768,12856,0
20141223,9.719,10.227,9.573,9.768,7753,0
20141229,9.768,10.159,9.768,10.159,3159,0
20141230,9.778,10.335,9.778,10.257,11973,0
20150102,9.798,10.608,9.798,10.608,37,0
20150105,10.091,10.599,10.091,10.12,113,0
20150107,9.846,10.501,9.846,10.491,395,0
20150108,9.964,9.964,9.964,9.964,7,0
20150109,10.306,10.306,9.964,9.964,144,0
20150112,9.925,10.257,9.925,10.061,4199,0
20150113,10.237,10.237,10.237,10.237,101,0
20150114,10.354,10.354,10.325,10.325,136,0
20150115,10.159,10.306,10.13,10.306,1080,0
20150116,10.306,10.306,9.778,9.915,1657,0
20150119,10.276,10.276,10.276,10.276,1,0
20150120,9.866,10.276,9.671,10.276,380,0
20150122,9.768,9.768,9.768,9.768,31,0
20150123,10.276,10.276,10.052,10.052,308,0
20150126,10.052,10.052,9.768,10.042,1120,0
20150127,10.042,10.042,10.042,10.042,2,0
20150128,10.042,10.042,10.042,10.042,1,0
20150129,10.032,10.042,10.032,10.042,741,0
20150130,10.042,10.237,10.042,10.237,777,0
20150202,9.661,9.817,9.661,9.817,18,0
20150203,9.856,10.208,9.856,9.866,246,0
20150204,10.198,10.198,9.817,10.198,366,0
20150205,9.856,10.198,9.856,9.915,1826,0
20150206,9.837,10.179,9.817,9.964,10869,0
20150209,10.159,10.159,10.159,10.159,1,0
20150210,10.013,10.481,9.915,10.481,3371,0
20150211,10.481,10.481,10.481,10.481,1,0
20150212,10.452,10.452,10.452,10.452,921,0
20150213,10.481,10.755,10.267,10.755,2771,0
20150216,10.745,10.989,10.745,10.931,949,0
20150217,10.98,11.107,10.931,11.068,2082,0
20150218,10.843,11.107,10.745,11.107,212,0
20150219,10.579,11.028,10.579,11.028,315,0
20150223,10.569,10.999,10.569,10.999,379,0
20150224,10.989,10.989,10.989,10.989,10,0
20150225,10.98,11.107,10.628,11.107,5915,0
20150226,11.116,11.116,11.087,11.116,870,0
20150227,11.116,11.116,11.097,11.097,4710,0
20150302,11.038,11.575,11.038,11.116,3556,0
20150303,11.527,11.527,11.116,11.116,4012,0
20150304,11.234,11.234,11.234,11.234,2,0
20150305,11.234,11.331,11.234,11.331,789,0
20150306,11.429,11.527,11.155,11.155,309,0
20150309,11.087,11.419,11.087,11.331,908,0
20150310,11.331,11.38,11.126,11.38,1150,0
20150312,11.429,11.575,11.429,11.575,1661,0
20150316,11.615,11.673,11.615,11.673,307,0
20150317,11.673,11.722,11.673,11.722,1218,0
20150318,11.722,11.917,11.722,11.917,670,0
20150319,11.917,11.917,11.536,11.917,425,0
20150320,12.152,12.201,11.917,12.201,6652,0
20150323,11.732,12.425,11.732,11.917,2890,0
20150324,12.308,12.308,11.917,12.21,792,0
20150325,12.298,12.455,12.298,12.455,5451,0
20150326,12.025,12.025,11.937,11.937,943,0
20150327,12.376,12.376,12.376,12.376,10,0
20150330,12.21,12.21,12.21,12.21,40949,0
20150331,11.966,12.21,11.722,11.742,223455,0
20150401,11.732,12.201,11.732,12.201,26,0
20150407,11.732,11.732,11.732,11.732,4,0
20150408,11.82,12.113,11.771,12.113,1968,0
20150409,12.074,12.191,12.074,12.113,655,0
20150410,12.113,12.113,12.113,12.113,1,0
20150413,11.742,12.113,11.742,11.82,135,0
20150414,12.171,12.171,12.171,12.171,1,0
20150415,11.82,11.82,11.82,11.82,432,0
20150416,12.103,12.171,12.103,12.171,4933,0
20150417,12.171,12.171,12.171,12.171,2357,0
20150420,12.171,12.171,12.171,12.171,1480,0
20150421,12.201,12.357,12.201,12.21,1398,0
20150422,12.21,12.21,11.966,11.966,1320,0
20150423,11.917,12.347,11.917,12.347,297,0
20150424,12.347,12.347,12.347,12.347,5,0
20150427,12.347,12.347,12.347,12.347,10,0
20150428,11.966,11.966,11.966,11.966,326,0
20150429,12.347,12.347,12.21,12.21,107,0
20150430,12.289,12.308,11.966,11.966,830,0
20150504,12.308,12.308,12.308,12.308,10,0
20150505,12.308,12.308,12.308,12.308,10,0
20150506,11.966,11.976,11.966,11.966,1670,0
20150507,11.927,12.298,11.927,12.298,155,0
20150508,12.298,12.347,12.298,12.308,4258,0
20150511,12.308,12.455,12.308,12.416,2308,0
20150512,12.425,12.425,12.328,12.328,101,0
20150513,12.318,12.699,12.318,12.699,10547,0
20150514,12.699,12.699,12.308,12.699,9440,0
20150515,12.552,12.67,12.552,12.67,261,0
20150518,12.65,12.787,12.65,12.787,3290,0
20150519,12.709,12.748,12.709,12.748,369,0
20150520,12.709,12.709,12.689,12.699,381,0
20150521,12.601,12.601,12.601,12.601,256,0
20150522,12.552,12.689,12.552,12.689,1219,0
20150525,12.523,12.523,12.308,12.308,719,0
20150526,12.689,12.689,12.308,12.357,224,0
20150527,12.308,13.187,12.308,13.187,2876,0
20150528,13.187,13.187,13.187,13.187,59,0
20150529,12.992,13.265,12.709,12.709,8006,0
20150601,12.425,12.845,12.425,12.845,241,0
20150602,12.601,12.601,12.601,12.601,66,0
20150603,13.177,13.177,13.177,13.177,10,0
20150605,13.177,13.177,13.177,13.177,1,0
20150608,12.728,13.168,12.728,13.168,136,0
20150609,12.591,12.591,12.582,12.582,307,0
20150610,12.777,12.777,12.464,12.464,43,0
20150611,12.699,12.699,12.699,12.699,1,0
20150612,12.435,12.689,12.425,12.689,378,0
20150615,12.337,12.337,12.308,12.308,717,0
20150616,12.074,12.074,11.527,12.064,1334,0
20150617,12.67,12.67,12.67,12.67,1,0
20150622,12.191,12.191,12.191,12.191,1,0
20150623,11.771,12.67,11.732,12.67,820,0
20150624,11.742,12.66,11.742,12.66,914,0
20150625,11.722,12.484,11.722,12.484,963,0
20150626,12.65,12.65,12.65,12.65,1,0
20150629,12.2,12.93,11.6,12.93,3685,0
20150701,11.81,12.95,11.8,12.95,2085,0
20150702,12.34,12.34,12.29,12.29,600,0
20150703,12,12,12,12,193,0
20150706,11.85,11.85,11.85,11.85,116,0
20150707,11.84,11.84,11.8,11.8,1207,0
20150709,11.46,11.8,11.4,11.8,1075,0
20150710,11.5,12.25,11.5,12.15,676,0
20150713,12.14,12.14,11.96,12.13,934,0
20150715,12.36,12.36,12.36,12.36,1,0
20150716,12.2,12.36,12.2,12.36,40,0
20150720,12,12,12,12,2,0
20150721,12,12.4,11.96,12.4,18465,0
20150722,12.35,12.35,12.35,12.35,1175,0
20150723,12.2,12.2,12.2,12.2,167,0
20150724,12.35,12.35,12.35,12.35,54,0
20150729,12.23,12.65,12.23,12.65,1167,0
20150730,12.25,12.6,12.25,12.6,191,0
20150731,12.64,12.69,12.64,12.69,78,0
20150805,12.68,12.7,12.68,12.7,1107,0
20150806,12.7,12.75,12.7,12.75,859,0
20150807,12.7,12.7,12.7,12.7,5782,0
20150810,12.75,12.75,12.75,12.75,745,0
20150811,12.79,12.79,12.79,12.79,1,0
20150812,12.6,12.6,12.6,12.6,200,0
20150813,12.4,12.59,12.11,12.59,288,0
20150814,12.37,12.57,12.37,12.57,60,0
20150817,12.49,12.49,12.49,12.49,10,0
20150818,12.49,12.49,12.49,12.49,5,0
20150819,12.36,12.36,12.36,12.36,1829,0
20150820,12.36,12.58,12.36,12.58,832,0
20150821,12.58,12.58,12.58,12.58,1239,0
20150824,12.58,12.58,11.7,11.99,7199,0
20150825,11.51,12.25,11.51,12.25,848,0
20150826,12.01,12.01,11.32,11.36,5384,0
20150827,11.5,11.86,11.5,11.86,1624,0
20150828,11.99,12.25,11.99,12.25,151,0
20150831,11.86,11.86,11.86,11.86,1065,0
20150901,12.2,12.2,11.86,11.97,303,0
20150902,12,12,12,12,1,0
20150903,11.86,11.86,11.86,11.86,2,0
20150904,11.86,11.86,11.86,11.86,360,0
20150907,11.99,11.99,11.99,11.99,5,0
20150908,11.98,11.98,11.98,11.98,2,0
20150909,11.98,11.98,11.98,11.98,2,0
20150910,11.98,11.98,11.98,11.98,2,0
20150911,11.98,11.98,11.98,11.98,2,0
20150914,11.98,11.98,11.98,11.98,2,0
20150915,11.98,11.98,11.5,11.5,674,0
20150916,11.5,12.4,11.22,11.5,8666,0
20150917,11.11,11.6,11.1,11.5,33254,0
20150918,11.5,11.8,11.5,11.55,3504,0
20150921,11.78,11.85,11.78,11.78,2500,0
20150922,11.9,11.9,11.8,11.8,4290,0
20150923,11.84,11.84,11.83,11.83,1000,0
20150924,11.83,11.83,11.8,11.8,500,0
20150925,11.9,11.9,11.5,11.9,2196,0
20150928,12,12.45,12,12.45,500,0
20150929,12.45,12.45,12.45,12.45,250,0
20150930,12.45,12.45,12.44,12.44,250,0
20151005,12.1,12.1,12.1,12.1,1,0
20151006,12.1,12.1,12.1,12.1,1,0
20151007,12.1,12.1,12.1,12.1,1,0
20151008,12.1,12.1,12.1,12.1,2,0
20151009,12.1,12.1,12.1,12.1,94,0
20151012,12.1,12.1,11.82,12.1,420,0
20151013,12.1,12.1,11.78,11.78,79,0
20151014,12.1,12.1,12.1,12.1,5,0
20151015,12,12,12,12,10,0
20151016,12,12,11.55,12,1453,0
20151019,12.09,12.09,12,12,11,0
20151020,12,12,12,12,1,0
20151021,12,12,12,12,1,0
20151022,11.9,11.99,11.9,11.99,91,0
20151023,11.99,11.99,11.99,11.99,1,0
20151026,11.99,11.99,11.99,11.99,1,0
20151027,11.99,11.99,11.99,11.99,1,0
20151028,12.01,12.1,12.01,12.1,372,0
20151030,11.8,11.8,11.79,11.79,148,0
20151102,11.94,11.94,11.71,11.71,2015,0
20151103,11.94,11.98,11.94,11.98,2,0
20151104,11.98,11.98,11.98,11.98,1,0
20151105,11.98,11.98,11.98,11.98,1,0
20151106,11.93,12.08,11.9,12.08,388,0
20151109,12.06,12.06,11.72,11.72,150,0
20151110,12,12.1,11.99,12.1,3361,0
20151112,12,12.38,12,12.38,1524,0
20151113,12.45,12.45,12.45,12.45,120,0
20151116,12.39,12.4,12.39,12.4,946,0
20151117,12.45,12.55,12.45,12.51,5586,0
20151118,12.5,12.51,12.5,12.51,3532,0
20151119,12.51,12.51,12.51,12.51,7469,0
20151120,12.4,12.55,12.2,12.55,5704,0
20151123,12.55,12.55,12.55,12.55,400,0
20151124,12.55,12.79,12,12.5,2101,0
20151125,12.5,12.5,12.5,12.5,1,0
20151126,12.49,12.49,12.49,12.49,1,0
20151127,12.35,12.35,12.35,12.35,1,0
20151130,12.01,12.01,12.01,12.01,84,0
20151201,12.35,12.35,12.01,12.01,635,0
20151202,12.35,12.35,12.35,12.35,1,0
20151203,12.01,12.01,12.01,12.01,49,0
20151204,12.34,12.34,12.01,12.01,186,0
20151207,12.01,12.01,12.01,12.01,2054,0
20151208,11.9,11.9,11.9,11.9,290,0
20151210,11.9,11.9,11.9,11.9,217,0
20151211,12.06,12.06,12.06,12.06,5,0
20151214,11.49,11.49,11,11.49,1489,0
20151215,11.48,11.99,11.48,11.99,910,0
20151216,11.5,12.09,11.5,12.09,169,0
20151221,11.53,12.04,11.53,12.04,801,0
20151222,11.54,12,11.54,12,2484,0
20151223,12.05,12.49,12.05,12.49,1688,0
20151228,12.34,12.39,12,12.39,2509,0
20151229,12.45,12.47,12.45,12.46,1094,0
20151230,12.03,12.47,12.02,12.47,591,0
20160104,12.03,12.03,12.03,12.03,46,0
20160105,12.48,12.48,12.48,12.48,1,0
20160107,12.03,12.4,12.03,12.4,94,0
20160111,12.39,12.39,12.39,12.39,100,0
20160112,12.4,12.4,12.4,12.4,10,0
20160113,12.4,12.4,12,12.02,852,0
20160114,11.6,11.98,11.45,11.98,1078,0
20160118,11.51,12,11.51,12,207,0
20160119,12,12,12,12,29,0
20160120,11.51,11.87,11.34,11.87,3189,0
20160121,11.87,11.87,11.87,11.87,1,0
20160122,11.33,12.38,11.33,12.38,501,0
20160125,11.33,11.33,11.33,11.33,180,0
20160126,11.33,11.33,11.21,11.25,1840,0
20160127,11.8,11.8,11.8,11.8,1,0
20160128,11.79,11.79,11.79,11.79,1,0
20160129,11.98,11.98,11.2,11.98,3938,0
20160204,11.99,11.99,11.99,11.99,1,0
20160205,11.25,12,11.25,12,3641,0
20160208,12,12,11.7,11.75,8011,0
20160209,12,12,12,12,1,0
20160210,12.28,12.28,12.28,12.28,20,0
20160215,12.2,12.2,12.2,12.2,1,0
20160216,12.13,12.13,11.7,11.7,7,0
20160217,11.7,11.7,11.5,11.5,1642,0
20160218,11.51,11.51,11.51,11.51,120,0
20160219,11.6,11.6,11.6,11.6,50000,0
20160222,11.7,11.7,11.7,11.7,98,0
20160223,11.7,12.23,11.7,12.23,77681,0
20160226,11.8,11.8,11.26,11.26,27,0
20160229,11.38,11.99,11.38,11.99,1143,0
20160302,11.99,11.99,11.99,11.99,1,0
20160303,12.24,12.24,12.24,12.24,1,0
20160304,12,12,12,12,100,0
20160307,12,12,12,12,1,0
20160308,11.96,12.24,11.96,12.24,1430,0
20160309,12.24,12.24,12.24,12.24,1,0
20160310,12.23,12.23,12.23,12.23,10,0
20160311,12.2,12.2,12.2,12.2,32,0
20160314,12.24,12.24,12.24,12.24,10,0
20160315,12.2,12.2,11.72,11.72,12,0
20160316,12.2,12.2,12.2,12.2,10,0
20160317,12.2,12.2,11.8,12.2,2928,0
20160318,12.48,13,12.48,12.99,6185,0
20160321,12.9,12.9,12.69,12.88,1126,0
20160322,12.8,13,12.8,13,2416,0
20160323,13,13.95,12.75,13.54,5368,0
20160324,12.8,13.55,12.8,13.54,802,0
20160329,13.5,13.5,13.5,13.5,5,0
20160330,13.5,13.5,13.5,13.5,10,0
20160331,13.5,13.5,13.5,13.5,149,0
20160401,13.5,13.65,13.5,13.65,4742,0
20160404,13.67,13.95,13.67,13.95,186,0
20160405,13.67,13.96,13.66,13.66,2474,0
20160406,13.6,13.89,13.6,13.89,32,0
20160407,13.8,13.8,13.8,13.8,5,0
20160408,13.78,13.89,13.78,13.89,6,0
20160412,13.7,13.7,13.7,13.7,294,0
20160413,13.3,13.3,13,13.2,1105,0
20160414,13.3,13.34,13.3,13.34,2200,0
20160415,13.34,13.34,13.3,13.3,750,0
20160418,13.2,13.2,13.2,13.2,5,0
20160419,13.2,13.2,13.2,13.2,760,0
20160420,13.1,13.1,12.75,12.8,5161,0
20160421,13.7,13.7,12.27,13.31,3753,0
20160422,13.31,13.31,13.31,13.31,100,0
20160425,13.31,13.31,13.31,13.31,2,0
20160426,13.31,13.31,13.31,13.31,2,0
20160427,13.45,13.99,13.45,13.8,6376,0
20160428,13.81,14,13.81,14,5300,0
20160429,14.05,14.5,14.05,14.5,4564,0
20160502,14.23,14.98,14.23,14.98,539,0
20160504,14.89,16.37,14.7,16,4158,0
20160505,16,16.15,15.82,15.9,799,0
20160506,15.89,15.89,15.85,15.85,52,0
20160509,15.77,15.77,15.22,15.5,180,0
20160510,15.16,15.45,15.16,15.45,1014,0
20160511,15.16,15.16,15.16,15.16,432,0
20160512,15.4,15.4,15,15.39,62,0
20160513,15.43,15.43,14.79,14.95,2550,0
20160516,14.85,14.95,14.85,14.85,1863,0
20160517,14.73,14.95,14.73,14.75,1681,0
20160518,14.95,14.95,14.95,14.95,10,0
20160519,14.72,14.72,14.69,14.7,1134,0
20160520,14.7,14.95,14.7,14.95,20,0
20160523,14.93,14.93,14.93,14.93,3,0
20160524,14.9,14.9,14.9,14.9,5,0
20160525,14.36,14.89,14.36,14.89,17,0
20160527,14.9,15.34,14.9,15.34,13234,0
20160530,14.87,15.2,14.87,15.2,1053,0
20160531,15.2,15.2,14.7,15.2,15,0
20160601,14.53,15.2,14.53,15.2,10,0
20160602,15.2,15.2,15,15,2013,0
20160603,15.15,15.15,15.15,15.15,100,0
20160606,15.15,15.2,15.15,15.2,691,0
20160607,15.16,15.16,15.15,15.15,115,0
20160608,15.15,15.15,15.15,15.15,75,0
20160609,15.2,15.2,15,15.14,21210,0
20160613,14.8,14.8,13.81,14.79,2001,0
20160615,14.35,14.35,14.35,14.35,5,0
20160616,13.95,13.96,13.7,13.8,2006,0
20160617,13.79,13.79,13.79,13.79,65,0
20160620,13.33,13.79,13.32,13.79,2048,0
20160621,13.79,14.3,13.6,14.3,92688,0
20160622,14.3,14.3,14.3,14.3,410,0
20160623,14.3,14.4,14.3,14.4,992,0
20160624,13.01,14,13.01,14,1739,0
20160627,13.66,15,13.66,15,53775,0
20160628,15,15.4,15,15.3,3697,0
20160629,15.47,15.9,15.47,15.9,2530,0
20160630,15.9,16.33,15.8,16,6198,0
20160701,16,16,15.88,16,2661,0
20160704,16,16.33,15.98,16.33,683,0
20160705,16.2,16.49,16.2,16.39,2497,0
20160706,16.4,17,16.21,16.7,9348,0
20160707,17.66,17.66,17,17.24,1584,0
20160708,17.3,17.66,16.9,17.1,1100,0
20160711,17,17.2,16.81,17.2,1180,0
20160712,17.2,17.2,16.9,17.15,456,0
20160713,16.99,17.15,16.99,17.15,117,0
20160714,16.85,17.15,16.83,17,633,0
20160715,16.81,16.81,16.26,16.3,5303,0
20160718,16.27,16.49,16.21,16.46,1909,0
20160719,16.3,16.78,16.26,16.78,697,0
20160720,16.51,16.78,16.5,16.5,416,0
20160721,16.55,18.26,16.55,18.26,142888,0
20160722,18.5,19,18.5,19,16705,0
20160725,18.99,18.99,18.5,18.71,1092,0
20160726,18.8,19.39,18.61,19.39,14289,0
20160727,19.74,19.74,19.31,19.31,6106,0
20160728,19.28,19.28,18.5,19.27,26356,0
20160729,18.6,19,18.5,19,2748,0
20160801,19,19,17.51,18.49,7650,0
20160802,17.72,18.29,17.53,17.6,2079,0
20160803,18.49,18.49,18.49,18.49,1,0
20160804,18.39,18.4,18.39,18.4,377,0
20160805,18.49,18.49,18.01,18.49,751,0
20160808,18.25,18.35,18.25,18.35,141,0
20160809,18.02,18.35,18.02,18.32,647,0
20160810,18.29,18.3,18.29,18.3,155,0
20160811,18.3,19,18.3,19,1649,0
20160812,18.8,19.5,18.7,19.5,28447,0
20160816,19.39,19.5,19.3,19.45,2030,0
20160817,19.39,19.45,19.38,19.45,944,0
20160818,19.44,19.44,19.44,19.44,30,0
20160819,19.15,19.39,19.15,19.39,97,0
20160822,19.39,19.9,19.39,19.84,28734,0
20160823,19.82,19.83,19.3,19.7,3019,0
20160824,19.81,20,19.46,20,776,0
20160825,19.96,19.96,19.96,19.96,100,0
20160826,19.86,19.96,19.86,19.96,12083,0
20160829,20.13,20.99,19.96,20.01,18266,0
20160830,20.26,20.29,20,20,13108,0
20160831,20.2,20.31,20,20.31,2908,0
20160901,20.5,20.99,20.1,20.12,3988,0
20160902,20.59,21.2,20.11,21.2,5705,0
20160905,21.17,21.17,20.6,21,575,0
20160906,20.61,20.89,20.2,20.89,1326,0
20160907,20.85,20.85,20.21,20.79,1733,0
20160908,20.85,21,20.78,20.99,19534,0
20160909,20.94,20.94,20,20.84,24215,0
20160912,20.5,22,20.5,21.48,10524,0
20160913,21.44,21.44,21,21,1382,0
20160914,20.8,20.8,20.36,20.8,131,0
20160915,20.42,20.79,20.4,20.79,2900,0
20160916,20.51,20.51,20.49,20.49,400,0
20160919,20.52,20.79,20.31,20.79,11600,0
20160920,20.59,20.59,20.49,20.49,389,0
20160921,20.49,20.49,20,20,722,0
20160922,20.3,20.45,20.3,20.45,4158,0
20160923,21,21,20.4,20.4,710,0
20160926,20.2,20.4,20.1,20.4,374,0
20160927,20.4,20.4,20.1,20.3,98,0
20160928,20.4,20.4,20.4,20.4,2,0
20160929,20.1,20.4,20.1,20.4,14,0
20160930,20.99,20.99,20.05,20.39,306,0
20161003,21,21,20.6,20.6,316,0
20161004,20.4,21,20.4,20.48,1791,0
20161005,20.48,20.48,20,20.35,702,0
20161006,20.35,20.38,20.35,20.38,210,0
20161007,20.39,20.39,20.29,20.3,3649,0
20161010,20.4,20.4,20,20.3,20157,0
20161011,20,20.35,20,20.35,475,0
20161012,20.39,20.39,18.61,19.5,22764,0
20161013,19.5,20.35,19.5,20.1,33465,0
20161014,20.1,20.3,20.1,20.25,5100,0
20161017,19.55,20.24,19.55,20.24,1208,0
20161018,20,20.24,20,20.05,37463,0
20161019,20.05,20.85,20.05,20.85,1442,0
20161020,20.84,21.84,20.84,21.3,6870,0
20161021,21.29,21.74,21.29,21.69,1697,0
20161024,21.7,21.84,21.7,21.84,3423,0
20161025,21.9,21.94,21.9,21.94,15,0
20161026,21.89,21.89,20.98,21.89,69787,0
20161027,21.8,21.8,21.64,21.64,102,0
20161028,21.64,21.64,21.6,21.6,199,0
20161031,21.6,21.6,21.5,21.5,270,0
20161102,20.11,21.45,20.11,20.65,9417,0
20161103,21.2,21.4,20.15,21.4,37952,0
20161104,20.51,21.2,20.2,21.2,28377,0
20161107,20.5,21.1,20.2,21.09,822,0
