Date,Open,High,Low,Close,Volume,OpenInt
20070720,43.636,47.154,40.965,40.965,983142,0
20070723,41.756,41.756,38.293,41.409,125888,0
20070724,41.409,41.409,40.073,40.965,92015,0
20070725,38.47,40.965,38.47,40.965,13977,0
20070726,40.965,40.965,39.628,40.083,11899,0
20070727,38.382,38.907,38.293,38.739,7758,0
20070730,37.989,38.293,36.512,36.6,10472,0
20070731,36.512,37.883,36.512,37.776,2635,0
20070801,37.179,38.676,36.067,38.302,7626,0
20070802,38.739,40.965,38.739,40.073,4850,0
20070803,40.073,41.855,38.649,40.119,8367,0
20070806,38.47,40.119,37.848,40.065,7744,0
20070807,39.228,40.073,39.183,39.183,966,0
20070808,38.025,40.065,37.046,39.886,799,0
20070809,40.038,40.038,38.114,39.183,2928,0
20070810,36.512,38.283,36.512,38.283,3074,0
20070813,40.038,40.038,36.512,39.174,6632,0
20070814,37.848,38.739,37.401,37.848,3426,0
20070816,35.621,35.621,34.73,35.621,6441,0
20070817,35.621,38.293,33.84,38.293,5280,0
20070820,38.293,40.038,38.293,39.094,3453,0
20070821,39.174,39.174,38.186,38.186,29,0
20070822,39.094,39.094,37.401,38.283,256,0
20070823,36.752,37.401,36.752,36.956,2870,0
20070824,36.956,36.956,36.512,36.956,1133,0
20070827,36.956,37.401,35.621,37.401,3605,0
20070828,38.114,38.114,37.401,37.401,2604,0
20070829,36.512,37.401,36.512,37.401,5879,0
20070830,37.401,38.114,37.401,37.848,3240,0
20070831,37.759,37.838,37.401,37.838,791,0
20070903,38.293,38.293,36.512,38.07,827,0
20070904,38.739,38.739,37.401,37.401,943,0
20070905,37.848,37.892,37.759,37.848,6401,0
20070906,37.848,38.025,37.046,37.848,6873,0
20070907,37.634,38.293,37.634,37.848,13588,0
20070910,36.707,37.838,35.719,36.512,4942,0
20070911,36.512,37.401,36.512,36.512,1371,0
20070912,36.512,37.625,36.512,37.625,254,0
20070913,36.067,37.838,36.067,37.838,2417,0
20070914,36.165,37.401,36.165,37.401,91,0
20070917,36.956,36.956,36.067,36.067,88,0
20070918,36.067,36.512,36.057,36.057,1333,0
20070919,36.956,36.956,35.968,36.333,3616,0
20070920,34.821,36.512,34.821,36.512,6127,0
20070921,35.176,36.503,35.176,36.503,363,0
20070924,35.309,36.155,35.309,36.111,1852,0
20070925,34.73,36.067,34.73,36.067,1527,0
20070926,36.067,36.067,35.532,35.532,23590,0
20070927,35.532,35.621,34.962,35.621,1391,0
20070928,35.532,35.532,34.57,34.73,720,0
20071001,32.994,35.514,32.994,34.383,648,0
20071002,33.84,35.514,33.84,33.885,4599,0
20071003,33.84,34.722,33.84,33.84,5489,0
20071004,34.285,34.285,33.395,33.395,9055,0
20071005,33.395,34.374,33.395,34.374,10234,0
20071008,34.73,35.079,34.73,34.73,9499,0
20071009,34.73,34.821,34.73,34.73,24086,0
20071010,35.613,35.613,34.998,35.514,5243,0
20071011,35.086,35.086,35.086,35.086,1816,0
20071012,35.443,35.613,35.086,35.613,3566,0
20071015,35.613,36.512,34.374,36.512,3718,0
20071016,34.739,36.512,34.739,36.512,238,0
20071017,36.067,36.067,34.73,36.022,25759,0
20071018,35.978,36.609,35.978,36.067,1528,0
20071019,36.949,37.67,36.949,37.615,5238,0
20071022,37.536,37.58,37.536,37.58,146,0
20071023,37.401,37.58,37.401,37.58,106,0
20071024,37.207,37.491,36.956,37.491,604,0
20071025,37.491,37.491,37.401,37.401,244,0
20071026,36.691,37.401,35.781,37.136,2237,0
20071029,36.512,38.293,36.512,38.293,2100,0
20071030,38.293,38.293,37.848,37.901,56,0
20071031,37.901,37.901,37.517,37.848,597,0
20071102,34.285,37.224,34.285,37.224,103,0
20071105,37.224,37.224,36.067,36.067,92258,0
20071107,35.176,35.613,34.73,35.176,3035,0
20071108,34.73,35.176,34.019,35.086,8668,0
20071109,35.176,35.176,35.176,35.176,3367,0
20071112,34.285,34.285,34.285,34.285,6,0
20071113,34.285,34.285,34.285,34.285,2763,0
20071114,34.775,34.775,33.929,33.929,119,0
20071115,33.858,33.929,33.858,33.929,48513,0
20071116,34.285,34.285,34.285,34.285,702,0
20071119,34.285,35.613,34.285,35.613,895,0
20071120,33.127,35.621,33.127,35.621,1528,0
20071121,35.176,35.176,35.176,35.176,841,0
20071122,35.176,35.621,35.176,35.621,1289,0
20071123,35.621,36.067,35.621,36.067,3404,0
20071126,33.137,35.701,33.127,35.701,114,0
20071128,35.166,37.393,35.166,37.393,830,0
20071129,35.621,38.025,35.621,37.358,4090,0
20071130,38.025,38.204,38.025,38.204,562,0
20071203,38.088,38.088,38.088,38.088,64,0
20071204,37.322,37.401,36.422,36.512,4235,0
20071205,35.274,35.621,35.274,35.621,393,0
20071206,35.621,36.949,35.621,36.512,4075,0
20071207,36.877,37.848,36.877,37.848,341,0
20071210,37.58,37.58,37.58,37.58,105,0
20071211,37.401,37.848,37.401,37.447,759,0
20071212,37.401,37.848,37.401,37.848,3487,0
20071213,37.019,38.07,36.691,37.848,1239,0
20071214,37.848,37.848,37.401,37.848,685,0
20071217,36.691,37.447,36.691,37.447,675,0
20071218,36.956,37.401,36.956,37.401,1187,0
20071220,36.512,36.956,36.512,36.512,1167,0
20071221,35.621,37.224,35.621,37.136,17616,0
20071227,37.401,37.848,36.512,36.512,8242,0
20071228,37.838,37.838,37.838,37.838,34,0
20080102,37.838,37.848,37.838,37.848,102,0
20080103,37.848,37.848,37.848,37.848,15,0
20080109,37.401,37.401,35.443,37.224,703,0
20080110,35.086,37.269,35.086,37.269,32,0
20080114,36.956,36.956,36.956,36.956,5,0
20080115,36.956,36.956,35.621,36.779,33699,0
20080116,31.436,34.285,31.436,33.84,20949,0
20080117,32.95,33.796,32.95,33.796,5137,0
20080118,36.512,36.512,33.457,33.84,5263,0
20080121,36.512,36.512,36.512,36.512,24,0
20080123,33.84,36.691,33.84,36.655,1105,0
20080124,36.645,36.645,36.235,36.538,155,0
20080125,35.621,36.645,35.621,36.538,1801,0
20080128,36.173,36.512,36.173,36.512,38,0
20080129,36.512,36.779,35.621,36.512,1252,0
20080130,36.956,36.956,35.621,35.621,1706,0
20080131,35.621,36.913,33.84,33.84,331,0
20080201,35.978,36.244,35.621,36.244,925,0
20080204,36.956,36.956,36.956,36.956,40,0
20080206,36.512,36.956,35.621,36.512,1316,0
20080207,36.869,36.869,36.869,36.869,67,0
20080211,36.691,36.691,36.691,36.691,34,0
20080212,36.682,37.401,36.512,37.385,11050,0
20080213,34.909,37.179,34.73,37.136,2386,0
20080214,34.873,37.136,34.864,36.512,985,0
20080215,37.001,37.001,37.001,37.001,1,0
20080218,34.891,36.691,34.891,36.691,617,0
20080219,34.926,36.733,34.926,36.733,1280,0
20080220,36.779,36.779,36.779,36.779,47,0
20080222,34.73,36.512,34.73,36.467,47219,0
20080225,34.73,36.503,34.73,36.503,2257,0
20080227,36.414,36.422,35.621,36.067,1719,0
20080228,35.621,35.621,35.621,35.621,1123,0
20080229,35.621,35.621,33.84,35.621,875,0
20080303,34.73,35.176,33.885,35.176,5870,0
20080304,35.353,35.353,35.353,35.353,13,0
20080305,35.621,36.467,35.621,36.467,225,0
20080306,35.621,35.621,35.621,35.621,352,0
20080307,35.443,35.443,35.443,35.443,14,0
20080310,35.435,35.532,35.435,35.435,93,0
20080311,35.532,35.532,35.532,35.532,52,0
20080312,35.621,35.621,35.621,35.621,28,0
20080314,35.443,35.443,35.443,35.443,39,0
20080327,33.226,35.532,33.226,35.532,152,0
20080328,35.613,35.613,35.435,35.532,85,0
20080401,34.73,35.576,33.84,35.576,685,0
20080402,35.613,35.613,35.613,35.613,46,0
20080403,34.73,34.73,34.73,34.73,146,0
20080404,34.383,35.613,34.383,35.613,228,0
20080410,32.237,35.443,32.237,35.443,393,0
20080411,34.73,35.443,33.172,35.176,839,0
20080414,33.84,35.595,33.84,35.595,347,0
20080415,33.84,34.285,33.84,33.885,5383,0
20080416,33.208,34.285,33.208,34.285,505,0
20080417,33.938,34.686,33.938,34.686,337,0
20080418,32.95,34.686,32.95,34.642,721,0
20080421,34.642,34.642,34.642,34.642,148,0
20080422,34.295,34.463,34.295,34.463,111,0
20080423,34.116,34.463,34.116,34.463,37,0
20080429,34.455,34.455,34.455,34.455,786,0
20080430,32.736,34.348,32.736,34.348,1162,0
20080505,34.108,34.463,32.593,34.463,862,0
20080506,34.472,34.552,33.84,33.84,7332,0
20080508,34.463,34.463,34.463,34.463,337,0
20080512,33.439,34.242,33.137,34.242,2095,0
20080513,33.216,34.17,33.216,33.421,472,0
20080514,33.154,34.108,33.083,34.108,321,0
20080515,33.768,33.938,33.768,33.938,24,0
20080516,34.108,34.108,34.108,34.108,337,0
20080523,32.95,33.109,32.94,32.95,3944,0
20080526,32.95,32.95,32.352,32.352,511,0
20080527,32.931,32.931,32.352,32.352,443,0
20080528,32.175,32.744,32.059,32.744,1355,0
20080529,32.807,32.807,32.807,32.807,46,0
20080530,32.477,32.744,32.477,32.744,421,0
20080602,32.763,32.763,32.763,32.763,2,0
20080611,31.124,32.682,30.377,31.168,5998,0
20080612,29.699,30.696,28.925,28.925,4319,0
20080613,28.06,31.124,27.695,29.814,25646,0
20080616,29.814,31.24,29.814,31.24,580,0
20080618,31.926,31.926,28.399,31.168,1566,0
20080619,31.018,31.934,31.018,31.934,569,0
20080620,29.699,31.436,29.699,31.436,675,0
20080623,29.877,31.587,28.942,31.436,1731,0
20080624,32.326,32.326,32.237,32.237,281,0
20080625,30.626,32.237,29.031,32.033,1262,0
20080626,32.014,32.014,32.014,32.014,225,0
20080701,30.279,31.08,29.21,29.21,530,0
20080702,31.613,31.613,31.613,31.613,1,0
20080703,31.08,31.08,31.08,31.08,112,0
20080704,29.129,29.298,29.075,29.298,309,0
20080707,28.345,28.345,28.337,28.337,370,0
20080708,26.734,26.734,25.515,25.515,296,0
20080709,25.567,26.422,24.935,25.515,15970,0
20080710,26.218,26.218,24.935,24.935,2248,0
20080711,24.907,24.907,24.907,24.907,22,0
20080714,24.649,24.649,24.649,24.649,179,0
20080715,24.597,25.62,24.597,25.62,345,0
20080716,25.825,25.825,25.825,25.825,450,0
20080717,26.707,26.707,26.707,26.707,1,0
20080723,26.626,27.873,25.968,27.873,656,0
20080724,26.27,28.854,26.27,26.761,1151,0
20080725,27.659,27.659,27.659,27.659,225,0
20080729,27.517,27.963,27.517,27.963,101,0
20080730,27.963,30.001,27.963,30.001,362,0
20080811,28.942,31.142,28.942,31.142,755,0
20080812,28.043,33.742,28.043,33.742,212,0
20080813,34.552,34.552,34.552,34.552,179,0
20080819,31.186,34.686,28.496,33.796,4123,0
20080820,32.059,34.151,32.059,34.151,897,0
20080827,31.178,31.178,31.178,31.178,1,0
20080828,31.186,33.796,31.186,33.796,758,0
20080829,30.59,33.752,30.59,33.661,5026,0
20080901,31.792,31.792,31.792,31.792,1,0
20080902,33.661,33.661,33.661,33.661,112,0
20080903,32.95,33.752,32.95,33.752,150,0
20080908,33.661,33.752,30.723,33.752,121,0
20080912,32.772,33.84,32.772,33.84,370,0
20080915,32.513,33.831,32.505,33.831,191,0
20080916,30.544,33.573,30.544,33.573,113,0
20080917,32.505,32.505,32.505,32.505,56,0
20080918,32.95,32.95,32.95,32.95,225,0
20080919,33.306,33.306,33.306,33.306,450,0
20080923,31.97,31.97,31.97,31.97,15,0
20080924,31.16,31.16,28.515,31.07,1019,0
20080925,30.171,30.171,30.171,30.171,56,0
20080926,28.683,32.059,26.716,32.059,5200,0
20080929,30.456,33.573,30.456,33.573,355,0
20081001,32.505,33.395,30.723,33.324,1510,0
20081002,32.068,32.505,31.168,31.168,738,0
20081003,32.772,32.772,32.772,32.772,56,0
20081006,29.405,29.405,29.405,29.405,63,0
20081007,31.168,31.168,31.018,31.018,169,0
20081008,28.506,28.506,28.506,28.506,1,0
20081009,28.586,30.082,28.496,30.082,735,0
20081010,27.873,29.387,27.161,28.23,221,0
20081013,28.23,28.23,28.23,28.23,24,0
20081014,29.378,29.378,26.449,27.659,449,0
20081015,26.716,26.716,26.528,26.528,84,0
20081016,26.27,26.528,26.27,26.528,168,0
20081017,25.38,28.488,25.38,28.488,146,0
20081020,26.36,26.591,26.36,26.449,1018,0
20081021,26.315,26.315,26.315,26.315,35,0
20081022,26.618,27.161,24.935,27.072,275,0
20081023,29.779,29.779,26.6,26.6,25,0
20081024,26.6,26.6,24.053,24.053,3,0
20081027,21.693,26.6,21.693,25.816,412,0
20081028,26.36,26.591,26.36,26.591,168,0
20081029,26.591,26.591,24.177,26.591,845,0
20081103,24.053,26.439,24.053,26.439,90,0
20081105,27.579,27.579,27.579,27.579,56,0
20081107,25.068,25.068,24.845,24.927,609,0
20081114,24.062,24.062,22.156,22.156,6867,0
20081117,20.473,22.138,20.473,22.138,114,0
20081118,19.948,22.797,19.948,22.797,226,0
20081119,20.527,22.646,20.527,22.646,596,0
20081120,20.482,20.918,20.482,20.918,450,0
20081121,21.542,22.264,19.003,22.264,242,0
20081124,22.264,22.264,20.304,20.304,810,0
20081127,21.354,21.354,21.354,21.354,1,0
20081128,23.154,23.154,23.154,23.154,1,0
20081203,20.838,20.838,20.482,20.482,690,0
20081204,20.127,20.66,20.127,20.66,264,0
20081205,22.156,22.156,22.156,22.156,86,0
20081209,20.055,21.818,20.055,21.818,1167,0
20081210,20.179,23.144,20.135,20.482,5036,0
20081211,20.34,20.473,20.304,20.304,1807,0
20081212,20.304,20.304,20.304,20.304,87,0
20081215,19.592,20.34,19.236,20.34,469,0
20081216,21.106,21.106,21.106,21.106,1,0
20081218,19.031,20.482,19.031,20.482,82,0
20081219,21.078,21.078,21.078,21.078,1,0
20081222,19.013,20.037,19.013,20.037,112,0
20081230,20.037,20.098,20.037,20.098,1123,0
20081231,20.456,20.473,20.456,20.473,1685,0
20090107,19.048,19.057,18.968,18.968,1450,0
20090108,18.789,18.789,18.078,18.078,1191,0
20090109,18.078,18.078,17.402,17.402,846,0
20090112,17.098,17.098,17.098,17.098,388,0
20090113,16.991,16.991,16.831,16.831,905,0
20090114,16.386,16.386,15.575,16.012,1897,0
20090115,15.762,15.931,14.917,15.139,1001,0
20090116,15.13,15.13,14.159,14.862,670,0
20090119,13.981,13.981,13.099,13.099,2610,0
20090120,13.27,13.27,13.27,13.27,325,0
20090121,13.27,13.27,13.27,13.27,152,0
20090122,13.27,13.27,13.099,13.179,5904,0
20090123,13.179,13.179,13.09,13.179,555,0
20090126,13.179,13.179,13.179,13.179,529,0
20090127,13.179,13.179,13.09,13.09,890,0
20090128,13.047,13.047,12.646,12.646,471,0
20090129,12.646,12.646,10.775,11.399,3354,0
20090130,11.221,11.221,11.043,11.043,1885,0
20090202,10.953,11.131,10.509,10.865,882,0
20090203,11.043,11.844,11.043,11.399,1589,0
20090204,11.755,11.932,11.755,11.932,337,0
20090205,11.978,12.556,11.978,12.468,737,0
20090206,12.636,12.636,12.468,12.601,612,0
20090209,12.379,12.379,12.379,12.379,112,0
20090210,12.468,12.468,12.468,12.468,31,0
20090216,12.468,12.468,12.468,12.468,44,0
20090217,12.379,12.636,12.067,12.636,1535,0
20090218,12.289,12.289,12.289,12.289,34,0
20090219,12.468,12.468,12.289,12.289,196,0
20090220,12.289,12.289,12.2,12.289,257,0
20090224,12.111,12.111,12.022,12.022,450,0
20090225,12.022,13.083,12.022,12.922,1590,0
20090226,13.09,13.09,13.09,13.09,56,0
20090227,12.913,12.913,12.646,12.646,450,0
20090302,12.779,12.779,12.779,12.779,34,0
20090303,11.755,12.191,11.755,12.183,618,0
20090304,11.755,12.271,11.755,12.271,2,0
20090305,11.844,12.271,11.399,12.271,476,0
20090306,11.408,11.834,11.399,11.834,454,0
20090309,11.399,11.791,11.399,11.791,192,0
20090310,11.791,11.827,11.791,11.827,115,0
20090312,11.577,11.577,11.487,11.487,393,0
20090313,11.487,12.271,11.487,12.271,783,0
20090316,11.577,12.014,11.577,12.014,343,0
20090318,12.014,12.102,12.014,12.102,112,0
20090319,12.067,12.067,11.532,11.844,1495,0
20090320,11.577,11.577,10.963,11.479,4735,0
20090323,11.221,11.31,11.131,11.131,1337,0
20090324,11.043,11.123,10.821,11.123,226,0
20090325,11.123,12.93,10.775,12.93,66056,0
20090326,13.109,14.213,13.109,13.527,3192,0
20090327,13.527,14.231,13.357,13.981,2148,0
20090330,13.136,13.803,12.468,13.803,2796,0
20090331,13.366,13.366,13.366,13.366,109,0
20090401,13.366,13.963,13.179,13.963,1547,0
20090402,13.963,14.604,13.963,14.249,3155,0
20090403,14.159,14.596,14.159,14.249,1725,0
20090406,13.803,13.803,13.357,13.357,1371,0
20090407,13.803,13.803,13.795,13.795,1123,0
20090408,13.803,13.803,13.697,13.803,1404,0
20090409,13.714,13.803,13.635,13.803,2572,0
20090414,13.465,13.795,13.376,13.376,48776,0
20090415,13.376,13.376,13.27,13.332,9284,0
20090416,13.625,13.892,13.136,13.26,28207,0
20090417,13.527,13.527,13.27,13.357,8274,0
20090420,13.465,13.465,13.09,13.438,5629,0
20090421,13.429,16.209,13.429,16.021,8409,0
20090422,16.92,16.92,15.317,16.002,14689,0
20090423,16.831,16.831,15.486,16.03,1536,0
20090424,16.012,16.03,15.139,16.03,4798,0
20090427,15.584,16.021,15.584,16.021,1031,0
20090428,15.166,15.665,14.694,15.139,2736,0
20090429,14.435,15.878,14.435,15.532,7714,0
20090430,15.539,15.843,15.139,15.139,1842,0
20090504,15.317,16.03,15.317,16.03,2310,0
20090505,15.851,15.851,15.326,15.496,3193,0
20090506,15.851,16.021,15.139,16.021,1398,0
20090507,15.931,15.931,15.362,15.362,390,0
20090508,15.362,15.914,15.317,15.762,4593,0
20090511,16.03,16.03,15.976,15.976,5074,0
20090512,15.976,16.03,15.958,16.03,2258,0
20090513,16.466,18.05,15.976,16.03,53384,0
20090514,15.825,16.03,15.594,16.03,2438,0
20090515,15.594,16.297,15.496,15.851,1283,0
20090518,16.012,16.012,15.139,15.673,3017,0
20090519,15.184,15.665,15.139,15.496,4902,0
20090520,15.521,15.657,15.174,15.317,1318,0
20090521,15.496,15.496,13.981,14.471,11158,0
20090522,14.667,14.667,14.257,14.257,2231,0
20090525,14.293,14.694,14.07,14.203,2781,0
20090526,14.249,14.872,14.249,14.675,2174,0
20090527,14.703,15.121,14.703,15.049,6885,0
20090528,14.712,15.477,14.712,15.477,3731,0
20090529,15.584,15.657,15.317,15.496,134797,0
20090601,15.843,16.68,15.843,16.608,71764,0
20090602,16.599,16.599,15.95,16.056,2750,0
20090603,16.074,16.403,16.021,16.021,7225,0
20090604,15.967,17.455,15.967,17.455,7585,0
20090605,17.81,18.692,17.81,18.602,4026,0
20090608,17.945,18.612,17.935,18.256,1120,0
20090609,18.256,18.363,18.256,18.363,6684,0
20090610,17.935,18.612,17.935,18.523,2595,0
20090612,18.612,19.574,18.211,19.413,7426,0
20090615,19.413,19.574,18.684,19.013,1073,0
20090616,19.003,19.003,18.461,18.968,1686,0
20090617,19.084,19.084,18.157,18.157,5200,0
20090618,17.988,18.265,17.908,18.265,2298,0
20090619,18.256,18.265,18.016,18.265,252,0
20090622,17.81,18.069,17.81,17.81,4902,0
20090623,17.775,17.81,17.464,17.543,4697,0
20090624,17.543,18.238,17.543,18.238,1043,0
20090625,18.211,18.238,18.211,18.238,78,0
20090626,18.113,18.113,18.113,18.113,5,0
20090629,18.176,18.265,18.078,18.078,4746,0
20090630,18.567,18.692,17.988,18.692,1554,0
20090701,18.684,20.055,18.612,20.055,14886,0
20090702,19.769,20.037,19.236,20.037,501,0
20090703,19.992,21.461,19.992,21.461,9394,0
20090706,21.373,21.373,20.589,21.373,3639,0
20090707,21.551,21.551,21.373,21.373,200,0
20090708,21.551,21.551,21.373,21.373,45,0
20090709,21.373,21.373,21.373,21.373,34,0
20090710,20.848,21.373,20.848,21.373,1409,0
20090713,21.542,22.228,21.382,22.219,1211,0
20090714,22.219,23.144,21.399,22.975,14447,0
20090715,23.144,24.036,23.066,23.945,1253,0
20090716,23.945,23.945,23.243,23.243,1198,0
20090717,23.938,24.927,23.509,23.955,212,0
20090720,23.955,24.48,23.955,24.48,531,0
20090721,23.644,23.99,23.599,23.99,509,0
20090722,23.91,23.91,22.708,22.975,872,0
20090723,22.708,23.154,22.708,23.154,489,0
20090724,23.858,23.858,23.581,23.581,27,0
20090727,23.589,23.589,23.581,23.589,68,0
20090728,23.509,23.509,23.509,23.509,10,0
20090729,22.62,22.708,22.254,22.708,1497,0
20090730,23.144,23.501,22.353,23.501,1101,0
20090731,22.442,22.797,21.907,22.797,983,0
20090803,23.066,23.866,22.975,23.154,618,0
20090804,23.154,23.154,22.264,22.708,2035,0
20090805,22.628,23.474,22.62,23.466,1530,0
20090806,23.412,23.466,23.412,23.466,329,0
20090807,23.172,23.466,22.708,23.466,685,0
20090810,23.866,23.866,23.243,23.866,968,0
20090811,24.303,24.303,23.331,24,845,0
20090812,24.036,24.036,23.154,24,275,0
20090813,24.044,24.827,24.036,24.578,15435,0
20090814,25.292,27.82,25.292,25.772,2024,0
20090817,25.772,25.78,24.053,24.927,626,0
20090818,24.668,25.46,24.445,25.46,670,0
20090819,24.4,25.354,24.4,25.354,47,0
20090820,25.62,25.62,24.819,25.371,2735,0
20090821,24.578,25.362,24.49,24.49,4745,0
20090824,25.184,25.549,24.578,24.845,1137,0
20090825,24.997,25.201,24.578,24.935,4921,0
20090826,25.736,26.626,25.15,25.15,29192,0
20090827,26.27,26.27,25.567,25.611,22520,0
20090828,26.093,26.093,25.736,25.736,7189,0
20090831,25.3,25.692,25.3,25.603,2687,0
20090901,25.603,25.603,25.131,25.246,2058,0
20090902,24.935,24.935,24.49,24.907,3792,0
20090903,24.578,24.917,24.49,24.748,5625,0
20090904,24.329,25.825,24.329,25.424,6095,0
20090907,24.935,26.27,24.507,25.424,12155,0
20090908,25.416,25.416,24.935,24.935,237770,0
20090909,25.38,25.38,25.201,25.201,1381,0
20090910,25.371,25.371,24.462,24.935,6879,0
20090911,22.708,24.498,22.708,24.312,2957,0
20090914,24.044,24.49,23.599,24.49,468,0
20090917,23.955,24.48,23.955,24.48,78,0
20090918,24.427,24.436,24.427,24.436,168,0
20090922,23.955,24.49,23.955,24.49,617,0
20090923,24.881,24.881,24.355,24.881,1531,0
20090924,24.881,24.89,24.098,24.098,393,0
20090925,24.864,26.36,24.668,25.256,3324,0
20090928,25.416,25.416,23.154,24.756,2820,0
20090929,25.292,25.292,24.534,24.756,734,0
20090930,24.312,24.312,24.312,24.312,756,0
20091001,24.044,24.49,24.044,24.49,75,0
20091002,24.044,24.4,23.331,24.4,453,0
20091005,24.4,24.4,24.4,24.4,49,0
20091006,24.4,24.4,23.599,24.4,115,0
20091007,24.472,24.472,24.472,24.472,2,0
20091008,24.472,24.472,24.472,24.472,112,0
20091009,24.418,24.418,24.418,24.418,10,0
20091012,23.688,24.267,23.688,24.267,411,0
20091013,23.438,24.036,22.797,24.026,1842,0
20091014,23.945,23.945,23.945,23.945,1,0
20091015,23.858,24.267,23.858,23.866,232,0
20091016,23.777,24.927,23.777,24.578,2676,0
20091019,24.578,24.578,23.919,23.955,2585,0
20091020,23.955,24.134,23.707,23.707,17942,0
20091021,24.498,25.006,23.821,24.044,27776,0
20091022,24.49,24.907,23.644,23.955,8719,0
20091023,24.49,24.49,23.688,24.4,13240,0
20091026,24.935,24.935,23.696,24.134,9919,0
20091027,24.134,24.49,23.154,23.412,6761,0
20091028,23.422,23.422,22.406,22.53,2216,0
20091029,22.264,22.264,21.818,22.264,3077,0
20091030,22.655,22.941,21.996,21.996,2101,0
20091102,21.996,22.343,21.196,22.085,4523,0
20091103,21.639,22.041,21.445,21.445,1788,0
20091104,21.996,21.996,21.373,21.373,1289,0
20091105,21.071,21.729,20.856,21.196,2114,0
20091106,21.577,21.747,20.482,20.927,4505,0
20091109,20.571,22.264,20.571,22.264,10440,0
20091110,22.442,22.442,21.417,22.264,993,0
20091112,22.264,22.389,22.219,22.219,7986,0
20091113,22.254,22.254,22.174,22.174,156,0
20091116,22.254,22.254,21.657,22.076,1288,0
20091117,22.076,22.076,21.729,21.818,828,0
20091118,21.818,21.818,21.196,21.354,12954,0
20091119,21.196,21.719,21.106,21.354,4089,0
20091120,21.693,21.693,20.918,21.373,977,0
20091123,21.373,21.373,21.364,21.364,1029,0
20091124,21.196,21.373,20.927,21.373,2003,0
20091125,21.364,21.373,21.284,21.373,565,0
20091126,21.373,21.791,20.936,21.06,2550,0
20091127,20.669,22.353,20.233,20.838,2900,0
20091130,20.429,21.373,20.429,21.373,418,0
20091201,21.497,21.818,21.497,21.818,324,0
20091202,21.818,22.254,21.818,21.951,1035,0
20091203,21.818,21.818,21.818,21.818,1181,0
20091204,21.382,21.818,21.382,21.818,750,0
20091207,22.264,22.264,21.382,21.382,1350,0
20091208,21.81,21.81,21.764,21.764,25,0
20091209,22.166,22.166,21.595,21.595,47008,0
20091210,22.166,22.166,21.595,22.156,146401,0
20091211,22.156,22.53,22.156,22.53,991,0
20091214,22.442,22.957,22.442,22.53,11100,0
20091215,22.264,22.859,22.264,22.638,33528,0
20091216,22.672,22.672,22.219,22.576,410,0
20091217,22.584,22.584,22.183,22.183,16410,0
20091218,22.264,22.264,21.818,21.818,612,0
20091221,22.174,22.174,21.382,21.382,1283,0
20091222,21.417,21.417,21.078,21.078,894,0
20091223,21.373,21.764,21.373,21.755,211,0
20091228,21.702,21.702,21.702,21.702,165,0
20091229,21.071,21.071,20.973,20.973,6084,0
20091230,20.927,21.373,20.482,20.482,2045,0
20091231,20.393,21.532,20.037,20.037,15858,0
20100104,20.571,20.571,19.769,20.037,6074,0
20100105,20.527,20.536,19.645,20.482,5480,0
20100106,20.83,20.83,19.878,20.019,2655,0
20100107,20.224,20.224,19.858,19.858,2301,0
20100108,20.215,21.32,20.215,21.248,2043,0
20100111,21.497,21.774,21.489,21.774,1168,0
20100112,21.515,21.515,20.767,21.364,1059,0
20100113,21.354,21.354,20.607,20.607,1912,0
20100114,20.75,21.568,20.75,21.568,1227,0
20100115,21.818,21.818,21.568,21.568,189,0
20100118,21.729,21.818,21.568,21.568,80,0
20100119,21.551,21.81,21.364,21.81,1601,0
20100120,21.818,21.818,21.461,21.461,598,0
20100121,21.373,21.8,21.373,21.783,568,0
20100122,21.764,23.509,21.39,23.199,6525,0
20100125,23.243,24,23.109,23.955,13266,0
20100126,23.919,24.293,22.717,24.044,9489,0
20100127,24.044,24.4,24.044,24.044,53847,0
20100128,24.445,24.534,23.866,24.4,3049,0
20100129,24.445,24.445,24.044,24.445,802,0
20100201,24.4,24.4,23.733,24.4,411,0
20100202,24.044,24.4,24.044,24.4,155,0
20100203,24.223,24.927,23.803,24.927,116395,0
20100204,24.668,24.845,24.418,24.597,2602,0
20100205,24.392,24.392,23.207,24.223,1563,0
20100208,24.213,24.445,23.519,24.4,49746,0
20100209,24.312,24.927,24.036,24.927,12663,0
20100210,24.935,25.006,24.845,24.935,782,0
20100211,24.927,25.292,24.927,25.292,13306,0
20100212,24.303,25.201,24.303,24.935,152,0
20100215,24.845,25.193,24.053,24.845,808,0
20100216,24.845,24.845,24.231,24.845,378,0
20100217,24.845,25.292,24.845,25.113,2472,0
20100218,24.935,25.371,24.935,25.15,1301,0
20100219,25.113,25.113,24.49,25.113,2346,0
20100222,25.371,25.371,25.371,25.371,27,0
20100223,24.935,25.558,24.756,25.273,2038,0
20100224,24.935,24.935,24.935,24.935,158,0
20100225,25.113,25.113,24.935,24.935,564,0
20100226,24.917,24.935,24.053,24.935,1471,0
20100301,24.917,24.935,24.321,24.935,948,0
20100302,24.943,24.943,24.223,24.935,1325,0
20100303,24.935,25.184,24.935,25.175,661,0
20100304,25.104,25.113,24.935,25.113,7147,0
20100305,25.104,25.879,25.104,25.825,9768,0
20100308,25.87,26.27,25.825,26.27,2134,0
20100309,25.825,26.261,25.558,26.261,13582,0
20100310,26.261,28.488,25.825,28.488,8945,0
20100311,28.496,28.496,27.214,28.266,312,0
20100312,27.607,28.364,27.607,28.364,1064,0
20100315,27.607,29.031,27.607,29.031,8285,0
20100316,27.526,29.013,27.526,29.013,87,0
20100317,28.674,30.091,28.674,29.975,4981,0
20100318,29.743,32.958,29.743,32.94,6995,0
20100319,31.178,32.94,29.663,32.068,1280,0
20100322,31.168,32.059,30.295,32.023,1215,0
20100323,32.023,32.505,31.622,31.622,91,0
20100324,32.486,32.486,30.723,31.613,1118,0
20100325,31.569,32.059,29.387,30.279,1300,0
20100326,30.813,31.613,29.565,31.613,2153,0
20100329,31.916,31.916,31.916,31.916,11,0
20100330,31.916,31.916,30.715,30.715,1874,0
20100331,31.792,31.792,31.364,31.578,2158,0
20100401,30.366,31.168,30.366,31.168,175,0
20100406,29.397,31.613,29.397,30.544,973,0
20100407,31.07,31.07,29.565,29.575,120,0
20100408,30.279,30.279,29.031,29.387,44,0
20100409,29.387,29.387,27.214,29.387,2006,0
20100412,30.269,32.317,29.378,32.05,32581,0
20100413,32.05,32.149,31.293,31.872,488,0
20100414,31.872,31.872,31.613,31.613,265,0
20100415,31.8,31.8,29.966,31.168,506,0
20100416,31.168,31.168,30.279,31.16,884,0
20100419,30.991,30.991,29.387,30.981,2671,0
20100420,30.981,30.981,30.981,30.981,10,0
20100421,30.981,30.981,29.495,30.963,228,0
20100422,30.955,30.963,28.586,30.544,9072,0
20100423,30.963,30.963,29.779,30.937,910,0
20100426,30.813,32.059,30.813,31.784,12310,0
20100427,32.023,32.023,30.314,31.516,169,0
20100428,31.872,31.872,28.496,30.777,680,0
20100429,31.142,31.168,29.433,30.279,13303,0
20100430,31.168,31.168,31.168,31.168,353,0
20100504,31.168,31.168,29.939,30.626,727,0
20100505,30.366,31.168,29.387,29.387,6285,0
20100506,29.343,30.705,29.343,30.705,1448,0
20100507,29.495,29.833,29.495,29.833,228,0
20100510,30.136,30.279,30.136,30.279,574,0
20100511,30.634,30.634,28.961,28.961,9689,0
20100512,29.477,29.477,28.738,29.459,428,0
20100513,28.524,29.477,28.283,29.477,3445,0
20100514,29.61,29.61,28.283,29.601,337,0
20100517,29.627,29.627,29.627,29.627,93,0
20100518,29.601,29.601,28.328,29.387,11758,0
20100519,29.378,29.985,28.933,29.985,1043,0
20100520,29.298,30.279,29.298,30.279,1337,0
20100521,30.1,30.1,30.1,30.1,147,0
20100524,28.961,30.1,28.961,30.1,1346,0
20100525,30.188,30.456,29.129,30.279,1741,0
20100526,30.626,32.007,30.279,32.007,1595,0
20100527,32.023,33.386,31.632,33.359,11450,0
20100528,33.84,33.84,32.121,32.905,925,0
20100531,33.386,33.386,31.303,32.468,1725,0
20100601,32.05,32.05,32.05,32.05,98,0
20100602,31.267,32.05,31.267,32.05,202,0
20100604,32.05,32.059,31.186,32.059,459,0
20100607,31.613,31.613,31.613,31.613,19,0
20100608,30.42,31.613,30.366,31.613,1675,0
20100609,31.597,31.597,31.525,31.525,26,0
20100610,31.604,33.84,31.597,33.395,8590,0
20100611,33.661,33.786,32.567,32.575,372,0
20100614,32.505,33.565,32.505,33.565,112,0
20100615,32.255,32.95,32.237,32.94,367,0
20100616,32.237,32.237,32.237,32.237,280,0
20100618,31.168,32.237,30.813,32.059,1229,0
20100621,32.05,32.059,31.613,32.059,142,0
20100622,32.041,32.041,30.857,31.978,687,0
20100623,31.613,31.827,30.732,31.827,178,0
20100624,31.8,31.8,31.774,31.774,6,0
20100625,31.613,31.613,29.85,31.525,1860,0
20100628,30.466,32.05,30.466,32.05,493,0
20100629,31.604,31.604,30.58,30.58,272,0
20100630,30.544,31.07,29.69,31.061,1490,0
20100701,30.108,31.168,30.108,31.168,648,0
20100702,30.394,31.436,30.394,31.436,207,0
20100705,31.747,31.747,30.544,30.544,30941,0
20100706,30.723,30.723,28.345,29.387,1660,0
20100707,28.595,30.011,28.496,30.001,794,0
20100708,29.93,30.279,28.942,30.279,507,0
20100709,30.279,30.279,30.279,30.279,2,0
20100712,30.279,30.279,30.279,30.279,26,0
20100713,30.279,30.279,30.279,30.279,2,0
20100714,30.279,31.676,29.85,29.85,769,0
20100715,29.441,30.171,29.397,30.171,1108,0
20100716,30.171,30.171,30.171,30.171,2,0
20100719,29.21,30.171,29.21,30.171,222,0
20100720,30.162,30.162,30.162,30.162,2,0
20100721,29.129,29.387,28.961,28.987,2581,0
20100722,28.961,29.806,28.961,29.806,82,0
20100723,29.397,29.886,29.397,29.886,309,0
20100726,29.814,29.814,29.814,29.814,2,0
20100727,28.977,28.977,28.621,28.683,821,0
20100728,28.674,29.21,28.496,29.164,680,0
20100729,29.378,29.378,29.378,29.378,2,0
20100730,29.298,29.735,29.298,29.735,525,0
20100802,29.735,29.735,28.542,29.69,1282,0
20100803,28.559,29.121,28.496,29.059,1321,0
20100804,29.164,29.164,29.164,29.164,33,0
20100806,28.898,28.898,28.434,28.898,47,0
20100809,28.345,28.898,27.17,28.496,144308,0
20100810,27.803,28.496,27.803,28.496,652,0
20100811,28.496,28.496,28.496,28.496,115,0
20100812,27.873,28.23,27.607,28.23,1668,0
20100813,27.633,27.633,26.27,26.885,10653,0
20100816,26.707,26.707,26.27,26.332,1028,0
20100817,26.672,27.392,26.28,27.392,303,0
20100818,26.716,27.678,26.716,27.678,877,0
20100819,27.178,28.933,27.178,28.933,2924,0
20100820,27.892,28.925,27.892,28.506,284,0
20100823,28.496,28.808,28.496,28.808,201,0
20100824,27.998,28.586,27.65,28.488,1136,0
20100825,28.274,28.48,27.803,28.48,40,0
20100826,28.39,28.496,28.141,28.48,48,0
20100827,28.408,28.47,27.695,27.695,375,0
20100830,27.624,28.141,27.624,28.141,179,0
20100831,28.488,28.488,28.452,28.488,93,0
20100901,27.784,28.496,27.784,28.496,33844,0
20100902,28.524,28.745,28.052,28.745,4952,0
20100903,28.159,28.898,28.159,28.745,756,0
20100906,28.141,28.88,28.141,28.88,701,0
20100907,28.496,28.933,28.496,28.933,189,0
20100908,28.925,28.933,28.925,28.933,333,0
20100909,28.283,28.319,28.141,28.141,895,0
20100910,28.141,28.15,28.141,28.141,421,0
20100913,28.15,28.844,28.141,28.844,190,0
20100914,28.755,28.755,28.755,28.755,37,0
20100915,28.755,28.755,28.755,28.755,61,0
20100916,27.615,28.764,27.615,28.764,693,0
20100917,28.631,28.631,28.052,28.052,171,0
20100920,28.052,29.37,28.052,28.496,1931,0
20100921,28.052,28.925,28.052,28.925,11704,0
20100922,27.705,27.775,27.178,27.178,1796,0
20100923,27.161,28.007,27.161,28.007,244,0
20100924,27.339,27.998,27.251,27.998,11519,0
20100927,27.427,28.256,27.427,28.256,744,0
20100928,27.571,28.898,27.571,27.607,2774,0
20100929,27.303,28.889,27.303,28.889,1117,0
20100930,28.925,31.257,28.221,31.168,18631,0
20101001,30.394,31.15,29.627,31.15,1254,0
20101004,30.011,31.08,30.011,31.044,356,0
20101005,30.991,30.991,30.981,30.981,1320,0
20101006,30.981,30.991,30.723,30.991,1526,0
20101007,30.991,30.991,30.902,30.991,1766,0
20101008,29.548,30.991,29.548,30.991,3741,0
20101011,30.902,30.902,30.279,30.893,2169,0
20101012,30.634,30.723,28.524,28.524,2837,0
20101013,29.2,31.168,29.2,30.723,2014,0
20101014,30.723,31.454,30.723,31.347,434,0
20101015,30.991,30.991,30.991,30.991,464,0
20101018,30.991,30.991,30.279,30.279,1036,0
20101019,30.981,30.981,30.279,30.981,2240,0
20101020,30.279,30.634,29.833,29.833,1498,0
20101021,30.279,30.279,29.833,30.216,797,0
20101022,29.966,29.966,29.966,29.966,147,0
20101025,28.977,30.537,28.977,30.537,464,0
20101026,30.537,30.537,30.537,30.537,10,0
20101028,30.502,30.537,30.279,30.537,126,0
20101029,28.968,30.537,28.968,30.537,802,0
20101102,30.537,30.537,29.387,29.441,1920,0
20101103,29.387,30.705,29.226,29.226,9954,0
20101104,29.895,29.895,29.226,29.226,1217,0
20101105,28.674,29.387,28.674,29.387,842,0
20101108,29.993,29.993,29.226,29.226,389,0
20101109,29.86,29.86,29.226,29.226,432,0
20101110,29.798,29.798,29.049,29.788,476,0
20101112,29.726,29.726,29.716,29.726,275,0
20101115,29.985,29.985,29.957,29.966,272,0
20101116,29.949,29.957,29.949,29.949,2371,0
20101117,29.966,31.436,29.503,30.188,4202,0
20101118,30.26,30.26,30.26,30.26,332,0
20101119,30.981,31.525,29.512,29.743,1893,0
20101122,30.446,30.446,29.387,30.358,463,0
20101123,30.902,30.902,28.764,29.86,3385,0
20101124,30.723,30.723,29.21,30.634,768,0
20101125,30.634,31.525,30.544,30.813,594,0
20101126,30.279,30.634,29.672,30.615,757,0
20101129,30.626,30.626,29.219,30.607,462,0
20101130,30.626,31.08,29.699,30.705,4968,0
20101201,31.15,31.418,29.69,30.269,9214,0
20101202,29.298,31.142,29.298,30.446,464,0
20101203,30.251,30.26,30.251,30.26,2178,0
20101206,31.168,31.168,29.824,30.233,2416,0
20101207,30.233,30.857,29.575,30.233,1344,0
20101208,30.991,30.991,29.387,30.001,3817,0
20101209,30.615,30.991,28.942,28.942,9817,0
20101210,28.212,28.88,26.716,26.716,3007,0
20101213,27.349,28.309,26.716,28.309,501,0
20101214,28.302,28.302,27.09,28.292,558,0
20101215,27.784,28.274,27.784,28.052,285,0
20101216,28.052,28.052,28.052,28.052,107,0
20101217,27.356,28.069,27.356,28.043,830,0
20101220,27.365,27.607,26.716,27.607,1630,0
20101221,26.751,27.562,26.716,26.716,1573,0
20101222,26.734,27.553,26.716,27.508,626,0
20101223,26.36,26.716,26.36,26.716,1033,0
20101227,26.716,26.716,26.716,26.716,158,0
20101228,26.315,27.455,25.505,27.376,1009,0
20101229,26.823,27.161,26.823,27.161,369,0
20101230,26.725,26.725,26.716,26.716,28073,0
20101231,27.161,27.161,27.161,27.161,2,0
20110104,26.804,26.804,26.716,26.716,204,0
20110105,25.915,27.508,25.915,27.508,1168,0
20110107,27.508,29.985,27.482,29.477,4421,0
20110110,29.806,29.806,27.901,28.515,138,0
20110111,29.298,29.557,28.586,28.595,139,0
20110112,29.378,29.387,29.378,29.387,218,0
20110113,29.565,29.833,28.854,28.854,1808,0
20110114,29.833,29.833,29.031,29.387,1751,0
20110117,29.387,29.387,28.621,29.37,1870,0
20110118,29.387,29.387,28.506,29.254,1050,0
20110119,28.764,28.764,27.873,28.496,2485,0
20110120,28.942,28.942,27.178,28.764,1240,0
20110121,27.624,29.19,27.624,29.184,41,0
20110124,29.184,29.19,27.721,29.19,562,0
20110125,29.19,29.19,27.963,27.98,511,0
20110126,27.963,29.075,27.963,28.159,643,0
20110127,28.755,28.755,27.963,28.159,1242,0
20110128,27.784,28.159,27.749,27.963,1372,0
20110131,27.721,28.364,26.716,28.345,513,0
20110201,28.052,28.496,28.052,28.496,856,0
20110202,28.069,28.496,27.427,28.496,1206,0
20110203,28.578,30.696,28.496,30.696,1552,0
20110204,30.279,30.279,29.529,30.224,2147,0
20110207,29.467,30.162,29.387,29.405,2832,0
20110208,29.387,30.001,29.387,30.001,51,0
20110209,29.397,29.993,29.397,29.565,144,0
20110210,29.548,29.548,28.702,29.467,668,0
20110211,28.764,29.433,28.764,29.433,90,0
20110214,28.854,29.387,28.854,29.387,6846,0
20110215,28.782,29.387,28.782,29.387,6295,0
20110216,28.951,29.512,28.951,29.387,4812,0
20110217,29.387,29.601,29.031,29.378,3381,0
20110218,28.764,29.387,28.764,29.378,1092,0
20110221,29.039,29.387,28.683,29.281,4962,0
20110223,28.559,29.148,28.559,29.148,104,0
20110225,28.55,29.21,28.55,29.21,495,0
20110228,29.174,29.174,28.488,28.933,201,0
20110301,28.933,28.933,28.933,28.933,8,0
20110302,28.247,28.871,28.239,28.854,85,0
20110303,28.719,28.844,28.719,28.844,103,0
20110304,28.719,28.862,28.496,28.496,474,0
20110307,28.239,28.8,27.615,28.292,1130,0
20110308,27.607,28.444,26.716,28.256,57181,0
20110309,28.034,28.256,27.607,28.256,264,0
20110310,27.954,27.954,27.607,27.607,75,0
20110311,27.598,27.803,27.161,27.607,561,0
20110314,27.607,27.607,26.912,27.508,531,0
20110315,26.912,27.686,26.048,27.686,256258,0
20110316,27.669,27.678,26.716,27.669,14218,0
20110317,28.043,28.043,27.607,27.846,572,0
20110318,27.846,27.846,26.725,27.803,1067,0
20110321,27.116,27.116,26.626,26.626,218,0
20110322,26.984,27.161,26.984,27.161,427,0
20110323,27.161,27.161,26.984,26.984,225,0
20110324,26.716,26.716,26.27,26.716,8377,0
20110325,27.161,27.607,26.36,27.607,1387,0
20110328,27.705,27.731,26.27,26.27,5055,0
20110329,26.894,26.894,26.101,26.101,817,0
20110330,26.654,27.721,26.27,26.27,1682,0
20110331,27.143,27.143,26.885,27.116,135,0
20110401,26.485,27.063,26.485,26.485,112,0
20110404,26.716,26.974,26.485,26.974,733,0
20110405,26.938,26.984,26.716,26.984,303,0
20110406,27.161,27.251,26.716,27.232,1970,0
20110407,27.232,27.251,26.769,27.251,1084,0
20110408,27.251,27.251,27.251,27.251,417,0
20110411,27.607,27.607,26.306,26.716,3840,0
20110412,26.716,26.716,26.306,26.306,5250,0
20110413,26.929,27.562,26.929,26.984,227,0
20110414,26.368,26.672,26.368,26.672,26,0
20110418,26.636,26.636,26.626,26.626,48,0
20110419,26.626,26.984,26.28,26.431,498,0
20110420,26.698,26.698,26.698,26.698,10,0
20110421,26.974,26.984,26.698,26.984,692,0
20110426,26.698,26.984,26.698,26.984,996,0
20110427,26.984,26.984,26.984,26.984,93,0
20110428,26.984,27.517,26.984,27.517,333,0
20110429,26.984,27.463,26.823,27.463,1440,0
20110502,27.385,27.517,26.859,27.5,193,0
20110504,27.427,27.517,27.427,27.517,93,0
20110505,27.517,27.517,25.38,27.517,2990,0
20110506,27.427,27.571,27.427,27.571,334,0
20110509,26.984,26.984,26.173,26.173,782,0
20110510,26.725,26.725,26.716,26.716,343,0
20110511,26.716,26.716,26.626,26.716,611,0
20110512,26.707,27.294,26.61,27.241,489,0
20110513,26.574,27.392,26.574,27.392,246,0
20110516,27.161,27.392,26.716,27.392,281,0
20110517,26.725,27.241,26.27,26.716,1638,0
20110518,26.716,26.716,26.27,26.27,271,0
20110520,25.63,26.716,25.256,26.716,1354,0
20110523,26.058,26.058,26.048,26.048,333,0
20110524,26.707,26.707,25.264,26.672,337,0
20110525,26.021,26.618,26.012,26.618,398,0
20110526,25.976,26.618,25.968,26.618,187,0
20110527,26.155,26.61,25.986,26.6,772,0
20110530,26.6,27.251,25.996,27.251,570,0
20110531,27.161,27.161,27.161,27.161,129,0
20110601,27.251,27.251,27.161,27.161,152,0
20110602,26.716,26.716,26.093,26.716,239,0
20110603,26.368,27.152,25.95,27.143,1117,0
20110606,27.126,27.126,27.126,27.126,22,0
20110607,26.457,26.804,26.457,26.804,34,0
20110608,26.804,26.804,26.137,26.716,705,0
20110609,26.058,26.787,25.398,26.787,1416,0
20110610,26.137,26.804,26.137,26.787,350,0
20110613,26.377,26.797,26.12,26.27,10402,0
20110614,26.672,26.698,26.27,26.698,286,0
20110615,26.778,26.778,26.778,26.778,338,0
20110616,26.761,26.761,26.751,26.751,191,0
20110617,26.129,26.707,26.083,26.707,616,0
20110620,26.101,26.654,25.996,26.173,1174,0
20110621,26.591,26.707,25.933,26.27,862,0
20110624,26.261,26.27,26.261,26.27,138,0
20110627,25.63,26.173,24.935,26.173,850,0
20110628,25.531,25.531,24.935,24.935,668,0
20110629,25.522,25.915,24.498,24.935,1474,0
20110630,24.935,24.935,24.044,24.917,924,0
20110701,25.362,25.656,24.855,25.104,887,0
20110704,25.104,26.129,24.935,26.003,5935,0
20110705,25.354,25.941,25.211,25.941,951,0
20110706,25.3,25.816,25.292,25.816,626,0
20110707,25.816,25.816,24.952,24.952,517,0
20110708,25.201,25.201,24.569,25.025,331,0
20110711,24.41,24.48,23.438,24.48,843,0
20110712,23.866,23.866,23.866,23.866,182,0
20110713,24.018,24.044,23.91,24.044,546,0
20110718,23.447,24.044,23.447,23.955,316,0
20110719,23.945,24.026,23.945,24.026,430,0
20110720,24.044,24.044,23.501,24.044,152,0
20110721,24.044,24.044,24.044,24.044,297,0
20110725,24.044,24.044,24.044,24.044,49,0
20110726,23.438,23.438,23.438,23.438,429,0
20110728,23.438,23.945,23.438,23.945,48,0
20110729,23.36,23.945,22.327,23.945,3655,0
20110801,24.036,24.044,23.563,23.563,88,0
20110802,24.927,24.935,23.599,24.935,912,0
20110803,24.321,24.321,23.438,24.125,765,0
20110804,24.213,24.935,22.708,22.708,6216,0
20110805,22.271,24.935,22.271,24.026,688,0
20110808,23.866,23.866,22.271,23.599,594,0
20110809,23.011,23.599,21.373,23.599,2790,0
20110810,23.011,23.412,23.011,23.251,701,0
20110811,22.672,23.136,21.196,21.32,16068,0
20110812,21.373,22.049,21.373,21.996,1428,0
20110816,21.445,21.445,20.42,20.838,10145,0
20110817,20.838,20.838,20.598,20.802,5770,0
20110818,20.286,20.75,20.215,20.741,513,0
20110819,19.155,20.731,19.155,20.731,5994,0
20110822,20.313,20.731,20.313,20.731,63,0
20110823,20.215,20.482,20.215,20.482,850,0
20110824,19.966,20.482,19.565,19.966,666,0
20110825,20.393,20.482,19.884,20.482,1088,0
20110830,20.437,20.437,19.6,20.437,4,0
20110831,19.94,20.127,19.413,20.081,11613,0
20110901,20.081,20.127,19.236,20.127,5184,0
20110902,19.619,20.127,19.619,20.127,975,0
20110905,19.627,20.127,19.423,20.127,1364,0
20110906,19.619,20.037,19.619,20.037,631,0
20110907,19.538,19.538,18.344,19.146,2568,0
20110908,19.146,19.146,18.665,18.665,414,0
20110909,18.202,20.037,18.202,20.037,226,0
20110912,19.538,19.538,18.701,18.701,181,0
20110913,18.282,18.282,17.464,17.464,691,0
20110914,17.356,17.366,16.839,17.366,1734,0
20110915,16.519,17.678,16.209,16.474,4891,0
20110916,16.065,17.276,15.139,16.03,76465,0
20110919,16.804,17.205,16.804,17.205,2,0
20110920,17.232,17.232,15.496,16.038,3496,0
20110921,16.813,16.813,16.03,16.297,124620,0
20110922,16.03,17.187,16.03,17.187,1720,0
20110923,17.143,17.579,16.03,16.03,7791,0
20110926,16.03,16.03,16.03,16.03,4431,0
20110927,16.215,16.991,16.03,16.991,5787,0
20110928,16.991,17.366,16.929,17.356,1484,0
20110929,17.366,18.648,17.009,18.648,830,0
20110930,18.648,19.475,17.81,17.81,1990,0
20111003,19.485,19.485,17.455,17.455,1124,0
20111004,17.872,18.505,17.455,17.455,2941,0
20111005,17.872,17.872,17.872,17.872,1,0
20111006,18.157,18.435,18.157,18.435,1274,0
20111007,18.256,20.064,17.498,20.064,1006,0
20111010,19.565,20.028,18.737,20.019,832,0
20111011,20.437,20.437,19.583,19.592,916,0
20111012,19.102,19.583,19.102,19.574,491,0
20111013,20.393,20.393,19.592,19.592,486,0
20111014,20.349,20.349,19.387,19.574,736,0
20111017,20.295,20.295,18.754,19.512,823,0
20111018,19.022,19.022,18.23,18.701,743,0
20111019,19.512,20.393,18.665,19.146,447,0
20111020,20.01,20.01,18.479,19.761,589,0
20111021,19.743,20.233,19.592,19.592,458,0
20111024,19.111,20.072,18.737,20.072,267,0
20111025,20.072,20.072,18.941,19.387,455,0
20111027,19.146,19.413,18.879,19.413,587,0
20111028,18.924,19.333,18.701,19.306,665,0
20111031,19.289,19.289,19.289,19.289,79,0
20111102,19.253,19.253,18.185,18.185,339,0
20111103,18.256,18.256,18.007,18.007,496,0
20111104,17.553,17.553,17.543,17.543,521,0
20111107,17.953,19.039,17.543,18.567,830,0
20111108,19.003,19.236,17.553,19.236,998,0
20111109,18.763,18.763,17.81,17.81,405,0
20111110,17.9,17.9,17.9,17.9,225,0
20111114,17.543,18.105,17.455,18.105,123,0
20111115,18.523,18.523,17.98,17.98,504,0
20111116,17.802,17.9,17.802,17.9,62,0
20111117,17.721,17.891,17.721,17.891,63,0
20111118,17.455,17.455,17.445,17.445,542,0
20111121,17.373,17.775,17.33,17.33,491,0
20111122,16.902,17.268,16.092,17.268,461,0
20111123,17.615,17.615,16.261,16.261,438,0
20111124,16.048,17.872,16.03,17.872,3156,0
20111125,17.356,17.81,16.565,17.802,1797,0
20111128,18.211,18.211,17.553,17.553,914,0
20111129,17.125,17.802,16.706,17.802,443,0
20111130,18.211,18.56,17.32,17.81,1541,0
20111201,17.373,17.775,16.964,17.721,1178,0
20111202,18.122,19.236,17.455,18.692,1706,0
20111205,18.238,19.236,17.098,19.236,2542,0
20111206,18.754,18.754,17.543,18.131,1166,0
20111207,18.55,19.244,18.55,19.048,807,0
20111208,18.701,18.701,18.202,18.256,767,0
20111209,17.81,17.81,17.276,17.721,801,0
20111212,17.276,17.455,16.849,17.455,573,0
20111213,17.026,17.366,17.018,17.34,1111,0
20111214,17.33,17.33,17.143,17.32,299,0
20111215,17.32,17.32,16.752,16.76,1010,0
20111216,16.35,17.133,16.35,16.795,593,0
20111219,16.902,17,16.474,16.474,1559,0
20111220,16.225,16.297,16.03,16.03,13320,0
20111221,16.11,16.118,16.11,16.118,337,0
20111222,16.189,16.251,16.189,16.251,734,0
20111223,16.519,17.632,16.118,17.623,943,0
20111227,18.629,18.629,17.802,17.802,1312,0
20111228,17.802,17.802,17.792,17.792,439,0
20111229,17.356,17.579,16.503,17.553,1147,0
20111230,17.8,17.8,16.92,16.92,470,0
20120103,16.493,16.991,16.493,16.991,14,0
20120110,16.565,17.196,16.565,17.196,686,0
20120111,16.768,17.579,16.768,17.187,898,0
20120112,17.143,17.143,16.92,16.92,1489,0
20120113,16.742,16.742,16.653,16.653,426,0
20120116,16.324,17.054,16.324,17.054,214,0
20120117,16.653,16.839,16.617,16.617,1250,0
20120118,16.209,17.276,16.209,17.276,1812,0
20120119,16.839,17.133,16.662,16.742,717,0
20120120,17.133,17.133,16.92,17.125,227,0
20120123,16.92,16.92,16.92,16.92,248,0
20120124,16.92,16.92,16.92,16.92,155,0
20120125,16.92,16.92,16.92,16.92,573,0
20120126,17.312,17.32,17.312,17.32,163,0
20120127,17.409,17.409,17.409,17.409,94,0
20120130,17.419,17.419,17.409,17.409,596,0
20120131,17.405,17.405,17.37,17.37,435,0
20120201,16.938,18.879,16.929,18.016,13998,0
20120202,18.016,18.523,17.143,18.016,2196,0
20120203,18.016,18.016,17.81,18.016,763,0
20120206,18.007,18.007,17.81,18.007,22166,0
20120208,17.98,17.98,17.632,17.632,1001,0
20120209,18.754,18.754,17.792,18.149,4454,0
20120210,18.309,18.309,17.74,18.202,24530,0
20120213,18.202,18.879,17.81,18.879,8704,0
20120214,18.879,20.037,18.007,18.789,12169,0
20120215,18.701,18.773,18.701,18.773,563,0
20120216,19.174,19.174,18.256,18.701,2438,0
20120217,18.523,18.684,18.523,18.684,1243,0
20120220,20.384,20.384,18.692,18.701,9020,0
20120221,18.265,18.265,18.265,18.265,112,0
20120222,18.692,18.701,18.658,18.658,1075,0
20120223,18.389,18.389,18.389,18.389,561,0
20120224,18.344,18.435,18.105,18.105,561,0
20120227,18.425,18.425,17.678,17.81,696,0
20120228,18.22,18.692,17.366,17.366,4908,0
20120229,18.337,18.337,17.74,17.81,436,0
20120301,17.392,17.392,17.392,17.392,24,0
20120302,17.802,17.802,17.802,17.802,44,0
20120305,18.337,18.879,17.821,17.821,22401,0
20120306,18.238,18.701,18.193,18.612,3783,0
20120307,18.523,19.057,18.497,18.523,5859,0
20120308,18.825,18.835,18.149,18.612,3329,0
20120309,18.157,18.576,18.149,18.576,812,0
20120312,18.167,18.586,18.167,18.586,141,0
20120313,18.692,18.692,18.692,18.692,235,0
20120314,18.692,18.968,18.692,18.96,189122,0
20120315,19.057,22.807,19.057,20.482,25531,0
20120316,22.264,22.264,20.482,21.364,5701,0
20120319,21.373,22.058,21.364,21.515,2048,0
20120320,22.005,22.041,21.15,21.15,4529,0
20120321,21.168,21.364,20.83,20.83,822,0
20120322,20.171,20.482,19.368,19.368,10090,0
20120323,19.368,19.413,19.368,19.413,697,0
20120326,19.769,19.769,19.769,19.769,78,0
20120328,19.592,19.592,19.592,19.592,23,0
20120329,19.592,19.6,19.583,19.592,4415,0
20120330,19.587,21.219,19.322,21.219,20058,0
20120402,21.711,21.774,20.838,21.32,1450,0
20120403,21.631,21.729,20.838,21.016,1162,0
20120404,21.729,21.729,20.321,20.75,1234,0
20120405,20.741,20.741,20.741,20.741,212,0
20120411,20.224,20.527,19.592,19.592,1025,0
20120412,19.503,20.66,19.057,20.143,1075,0
20120413,19.645,19.645,18.727,19.413,2049,0
20120416,20.482,20.75,19.003,19.556,1888,0
20120417,20.01,20.482,18.56,19.512,1946,0
20120418,19.138,19.583,19.138,19.583,823,0
20120419,19.948,20.66,19.583,19.583,3024,0
20120420,20.66,20.66,18.701,19.146,526,0
20120423,19.146,19.146,18.05,18.167,29982,0
20120424,18.586,18.586,18.122,18.56,377,0
20120425,18.469,18.469,18.469,18.469,133,0
20120426,19.146,19.146,19.146,19.146,1,0
20120502,18.968,18.968,18.586,18.968,1742,0
20120504,18.701,19.6,18.701,19.6,4,0
20120507,20.037,20.037,19.057,19.325,1393,0
20120508,18.844,18.844,18.38,18.701,1186,0
20120509,18.247,18.665,18.202,18.638,767,0
20120510,19.146,19.146,17.642,17.81,1359,0
20120511,19.057,19.057,17.436,17.436,1171,0
20120514,18.701,18.701,17.436,17.455,2196,0
20120515,17.143,17.143,16.92,16.92,521,0
20120516,16.742,16.742,16.742,16.742,19,0
20120517,16.332,16.332,16.048,16.332,245,0
20120518,16.048,16.332,16.048,16.332,4976,0
20120521,16.173,16.902,16.173,16.902,264,0
20120522,16.902,17.294,16.484,17.294,284,0
20120523,17.294,17.294,17.294,17.294,1,0
20120525,17.81,17.81,17.81,17.81,4,0
20120528,17.81,19.209,17.81,19.209,122,0
20120530,19.209,19.396,19.209,19.396,66,0
20120601,19.236,19.236,18.658,18.658,341,0
20120606,16.828,16.92,16.792,16.792,989,0
20120608,16.056,16.823,16.056,16.823,125,0
20120611,16.314,16.314,16.314,16.314,2,0
20120613,16.235,17.9,16.048,16.519,1588,0
20120614,17.802,17.81,16.225,16.225,1315,0
20120615,16.048,17.713,16.048,16.92,1764,0
20120618,17.802,17.81,17.792,17.81,510,0
20120619,17.792,17.792,16.209,16.635,1498,0
20120620,17,17.81,17,17.784,607,0
20120621,17.721,17.802,17.366,17.721,114,0
20120622,17.37,18.157,16.92,16.92,675,0
20120625,17.802,17.802,16.412,16.92,1391,0
20120626,17.268,17.632,17.268,17.632,87,0
20120627,17.802,17.802,17.32,17.436,170,0
20120628,16.92,17.802,16.92,17.632,715,0
20120629,17.635,17.635,17.589,17.589,68,0
20120702,17.81,17.81,16.215,16.706,331,0
20120703,16.05,16.05,15.05,15.142,1422,0
20120704,14.913,14.913,14.693,14.693,34062,0
20120705,13.813,14.683,13.813,14.683,27,0
20120706,14.675,14.683,14.675,14.683,393,0
20120709,14.977,15.307,13.978,15.307,1365,0
20120710,16.434,16.434,13.996,15.665,30,0
20120711,15.665,16.287,15.665,16.287,219,0
20120712,16.315,16.636,16.315,16.636,84,0
20120717,15.086,16.48,15.078,16.48,110,0
20120718,14.849,16.489,14.849,16.489,2,0
20120725,15.123,16.013,15.123,16.013,602,0
20120726,15.572,16.022,15.416,16.022,487,0
20120727,14.666,16.022,14.666,16.022,8,0
20120806,14.72,16.013,14.72,16.013,868,0
20120809,15.903,15.912,15.903,15.912,19648,0
20120810,15.82,15.903,15.82,15.903,33,0
20120820,14.299,14.299,14.207,14.299,5230,0
20120821,14.345,14.894,13.749,14.894,691,0
20120823,14.802,15.537,14.802,15.537,219,0
20120827,14.812,14.812,14.666,14.666,3819,0
20120828,14.666,14.666,14.666,14.666,184,0
20120829,14.4,14.656,13.29,13.373,3489,0
20120830,13.373,13.722,12.878,13.657,98,0
20120831,13.932,14.015,13.593,14.015,516,0
20120903,14.198,14.198,13.749,13.749,555,0
20120904,13.923,13.923,13.749,13.749,617,0
20120905,13.923,13.923,13.657,13.657,377,0
20120906,14.189,14.189,12.832,13.657,5947,0
20120907,13.722,13.749,13.611,13.749,738,0
20120910,13.749,14.198,13.702,14.198,590,0
20120911,14.207,15.307,14.207,14.812,679,0
20120912,15.555,15.564,14.445,15.307,1160,0
20120913,15.399,15.49,15.307,15.353,421,0
20120914,14.445,15.399,14.445,15.399,323,0
20120917,15.389,15.949,15.38,15.949,506,0
20120918,15.949,17.533,15.949,17.533,3145,0
20120919,16.315,18.735,16.315,18.332,418,0
20120920,18.332,18.717,18.313,18.717,457,0
20120921,18.24,18.24,17.69,17.873,791,0
20120924,18.698,18.698,17.69,18.332,798,0
20120925,18.322,18.322,17.873,18.112,570,0
20120926,18.597,18.597,17.415,17.863,288,0
20120927,18.039,18.039,16.699,17.68,1385,0
20120928,18.185,18.194,17.947,17.947,358,0
20121001,18.148,18.148,17.662,17.662,115,0
20121002,18.039,18.039,17.415,17.562,45,0
20121003,16.966,17.25,16.956,17.25,758,0
20121005,16.956,17.479,16.956,17.479,77,0
20121011,16.956,17.405,16.956,17.405,95,0
20121012,17.69,17.69,17.69,17.69,1,0
20121015,17.003,17.69,17.003,17.405,102,0
20121016,17.405,17.415,17.405,17.415,21593,0
20121017,16.342,17.306,16.342,17.306,77,0
20121018,16.379,16.719,16.013,16.719,559,0
20121019,15.582,16.691,15.426,16.691,667,0
20121022,16.756,16.756,16.756,16.756,24,0
20121023,17.415,17.415,17.415,17.415,105,0
20121024,17.323,17.405,17.323,17.405,85,0
20121025,16.132,17.14,16.132,17.14,113,0
20121026,17.387,17.387,16.132,17.232,62,0
20121029,16.149,16.719,16.149,16.682,193,0
20121030,16.178,16.178,16.05,16.068,44,0
20121031,17.405,17.405,17.387,17.405,79,0
20121102,16.956,16.956,15.885,16.132,74,0
20121105,15.949,17.405,15.949,17.405,3,0
20121106,15.949,17.387,15.949,17.387,27,0
20121107,17.387,17.397,17.387,17.397,2,0
20121108,17.387,17.387,16.499,16.499,174,0
20121109,16.132,16.132,16.132,16.132,125,0
20121112,16.132,17.387,16.132,17.387,417,0
20121114,17.269,17.269,16.499,16.499,139,0
20121115,16.003,17.313,16.003,17.313,75,0
20121116,17.397,17.397,17.397,17.397,1,0
20121119,17.296,17.296,17.049,17.296,13,0
20121120,17.296,17.296,17.296,17.296,36,0
20121121,16.132,17.277,15.582,15.582,397,0
20121123,15.673,16.865,15.582,16.865,88,0
20121126,16.499,16.499,16.003,16.003,49,0
20121127,16.499,16.499,16.003,16.003,16,0
20121128,15.673,16.003,15.582,16.003,94,0
20121129,15.582,15.582,15.582,15.582,198,0
20121130,15.307,16.453,15.307,16.453,37,0
20121203,16.453,16.453,16.453,16.453,139,0
20121204,16.47,16.48,16.47,16.48,166,0
20121205,16.47,16.939,16.47,16.48,158,0
20121206,16.929,16.929,15.582,15.582,898,0
20121210,15.042,15.82,14.859,15.82,110,0
20121211,15.518,16.186,15.518,16.186,30690,0
20121212,15.82,16.223,15.82,16.223,490,0
20121213,16.47,16.47,16.315,16.47,405,0
20121214,16.489,16.489,15.582,16.223,1356,0
20121217,16.47,16.48,15.774,16.297,513,0
20121218,16.48,16.48,15.582,15.582,1355,0
20121219,16.306,16.306,15.811,15.811,17318,0
20121220,16.489,16.489,16.489,16.489,179,0
20121221,16.499,16.947,16.499,16.947,65,0
20121227,16.939,16.947,16.939,16.947,58,0
20121228,16.947,17.69,16.947,17.415,3082,0
20130102,18.332,19.248,18.332,18.332,8454,0
20130103,19.24,19.24,18.332,18.332,5889,0
20130104,19.23,19.23,18.304,18.332,5556,0
20130107,19.23,19.23,18.267,18.267,2642,0
20130108,18.24,18.69,16.59,18.259,39924,0
20130109,18.194,18.194,18.148,18.148,317,0
20130110,18.148,18.626,18.148,18.332,302,0
20130111,18.332,18.332,18.056,18.056,105,0
20130114,18.597,18.597,17.057,18.332,69,0
20130115,18.332,18.332,18.332,18.332,256,0
20130116,18.148,18.148,17.057,17.873,493,0
20130117,17.873,18.13,17.415,17.415,1578,0
20130118,17.69,17.782,17.415,17.726,1707,0
20130121,17.415,17.415,17.415,17.415,510,0
20130122,17.415,17.415,17.186,17.415,492,0
20130123,17.415,17.415,17.049,17.049,557,0
20130124,17.049,17.049,16.966,16.966,552,0
20130125,17.039,17.232,17.039,17.232,546,0
20130128,17.405,17.772,17.405,17.772,755,0
20130129,17.763,17.772,17.763,17.772,187,0
20130131,17.405,17.452,16.682,16.828,542,0
20130201,16.865,17.415,16.865,17.415,250,0
20130204,17.049,17.589,16.956,17.589,193,0
20130205,17.232,17.589,16.874,16.874,537,0
20130206,16.966,16.966,16.966,16.966,108,0
20130207,16.966,17.415,16.966,17.415,327,0
20130208,17.58,17.58,17.58,17.58,2,0
20130211,17.405,17.405,17.405,17.405,25,0
20130212,17.405,17.405,17.397,17.405,306,0
20130213,17.405,17.452,17.232,17.405,234,0
20130214,17.415,17.415,16.956,17.149,589,0
20130215,16.499,17.452,16.499,17.452,171,0
20130218,17.415,17.452,17.415,17.452,56,0
20130219,16.865,16.865,16.865,16.865,123,0
20130220,16.956,16.966,16.499,16.499,640,0
20130221,16.499,16.499,16.499,16.499,229,0
20130225,16.333,16.333,16.333,16.333,66,0
20130226,16.82,16.82,16.333,16.333,996,0
20130227,16.04,16.04,16.04,16.04,452,0
20130228,16.05,16.05,16.05,16.05,327,0
20130301,16.104,16.104,16.104,16.104,138,0
20130304,16.132,16.416,16.132,16.25,319,0
20130305,16.416,17.405,16.169,17.405,457,0
20130306,17.387,17.397,17.387,17.397,25,0
20130307,17.405,17.415,17.37,17.37,26,0
20130308,17.37,17.37,17.003,17.36,352,0
20130311,17.37,17.37,17.37,17.37,25,0
20130312,17.415,17.919,17.415,17.919,35092,0
20130313,18.011,18.332,17.965,18.157,6525,0
20130314,18.019,18.332,18.011,18.332,5510,0
20130315,18.569,18.579,18.203,18.561,132,0
20130318,18.332,18.515,18.332,18.515,64,0
20130319,18.148,18.469,18.112,18.469,21869,0
20130320,18.103,18.46,17.873,18.332,3332,0
20130321,16.516,18.515,16.516,18.332,13199,0
20130322,17.965,18.332,17.434,18.194,158,0
20130325,18.332,18.515,18.332,18.515,522,0
20130326,18.515,18.515,18.332,18.332,54612,0
20130327,18.066,18.066,16.911,18.047,271,0
20130328,16.966,18.304,16.956,17.506,522,0
20130402,16.911,17.506,16.499,17.506,29,0
20130403,17.497,17.506,17.497,17.506,68,0
20130404,18.029,18.029,16.04,16.04,1573,0
20130405,16.499,17.13,14.849,16.499,934,0
20130408,15.582,15.582,15.582,15.582,873,0
20130409,15.426,15.582,15.426,15.582,147,0
20130410,15.123,15.133,14.207,14.207,3843,0
20130411,14.656,15.115,14.299,15.115,346,0
20130412,15.123,15.123,15.115,15.115,163,0
20130415,15.307,15.307,15.307,15.307,48,0
20130417,14.666,15.481,14.309,15.463,799,0
20130418,14.666,15.123,14.262,15.123,2618,0
20130419,14.519,14.849,14.299,14.299,2056,0
20130422,15.123,15.123,15.123,15.123,273,0
20130423,13.932,14.299,13.932,14.289,372,0
20130424,14.006,15.106,14.006,15.106,22,0
20130425,14.94,15.123,14.94,15.123,135,0
20130426,15.078,15.582,15.078,15.582,198,0
20130429,15.582,15.582,15.582,15.582,61,0
20130502,15.582,15.582,15.582,15.582,127,0
20130507,15.582,15.582,15.582,15.582,13589,0
20130509,14.849,14.849,14.849,14.849,716,0
20130510,14.666,14.666,13.199,14.143,5957,0
20130513,14.207,15.572,13.932,15.555,3398,0
20130514,15.389,15.389,15.389,15.389,12,0
20130515,15.123,15.123,14.207,14.666,4714,0
20130521,15.123,15.123,15.123,15.123,24,0
20130524,15.123,15.123,15.123,15.123,27924,0
20130527,15.38,15.399,15.38,15.399,2217,0
20130528,15.582,16.04,15.27,16.04,276,0
20130529,16.04,16.04,16.04,16.04,49,0
20130531,16.04,16.04,16.04,16.04,25,0
20130603,15.133,16.04,15.133,15.582,59,0
20130604,15.123,16.499,15.123,16.499,35,0
20130605,16.003,16.956,16.003,16.956,47,0
20130606,16.956,17.13,15.582,17.122,1540,0
20130607,16.499,17.122,16.04,16.956,823,0
20130610,16.406,17.232,16.406,17.232,509,0
20130611,17.232,17.873,17.232,17.415,5533,0
20130612,17.69,17.69,17.69,17.69,327,0
20130613,17.415,18.286,17.14,17.873,11524,0
20130614,18.286,18.789,18.286,18.332,1137,0
20130617,18.515,18.515,16.664,16.956,656,0
20130618,18.056,18.515,16.728,18.332,380,0
20130619,18.332,18.332,17.873,18.286,339,0
20130621,16.682,18.148,16.682,18.148,897,0
20130624,17.984,17.984,16.499,17.772,869,0
20130625,17.405,17.415,16.434,17.405,200,0
20130626,16.956,17.955,16.956,17.323,439,0
20130628,17.415,18.23,17.415,17.955,277,0
20130701,17.955,17.955,17.955,17.955,47,0
20130703,16.617,17.405,16.59,16.636,886,0
20130704,16.59,17.204,16.59,17.204,280,0
20130705,17.186,17.186,17.186,17.186,1,0
20130708,16.59,16.59,16.178,16.178,2466,0
20130709,16.178,16.499,16.178,16.499,135,0
20130710,16.178,16.178,16.178,16.178,1,0
20130711,16.27,16.27,16.223,16.223,318,0
20130712,16.223,16.223,16.223,16.223,186,0
20130715,16.315,17.378,15.582,16.499,487,0
20130716,16.499,16.947,16.499,16.947,229,0
20130718,16.956,17.313,16.956,17.313,67,0
20130719,17.313,17.323,17.232,17.232,1202,0
20130722,16.956,16.956,16.956,16.956,1,0
20130724,16.104,16.682,16.104,16.682,526,0
20130725,16.499,16.608,16.223,16.361,2949,0
20130729,16.196,16.196,16.04,16.04,77,0
20130731,16.389,16.389,15.49,16.379,834,0
20130801,16.04,16.04,15.957,15.957,85,0
20130806,15.949,15.949,15.949,15.949,71,0
20130807,15.793,15.793,15.793,15.793,48,0
20130808,15.582,16.379,15.5,16.379,589,0
20130813,16.27,16.865,16.27,16.865,3947,0
20130814,16.939,17.873,16.939,17.644,4172,0
20130816,17.873,18.332,17.415,18.332,3466,0
20130819,18.332,18.332,17.873,17.873,240,0
20130821,17.506,17.506,16.956,16.956,133,0
20130822,16.682,16.682,16.682,16.682,479,0
20130823,17.415,18.322,17.415,18.322,395,0
20130826,17.919,18.24,17.699,18.24,1562,0
20130828,17.506,17.506,16.682,16.691,304,0
20130829,16.773,16.773,16.773,16.773,81,0
20130830,16.773,16.773,16.773,16.773,39,0
20130902,16.82,16.956,16.82,16.939,81,0
20130903,17.819,17.819,17.003,17.003,160,0
20130904,17.003,17.415,17.003,17.003,712,0
20130905,17.415,17.415,17.003,17.415,1189,0
20130906,16.499,17.863,16.499,17.323,1551,0
20130909,17.232,17.405,17.232,17.37,2333,0
20130910,17.323,17.873,17.323,17.415,1343,0
20130911,17.873,17.873,16.499,17.387,1295,0
20130912,17.763,17.763,17.672,17.69,341,0
20130913,17.782,17.782,17.434,17.772,419,0
20130916,17.827,18.24,17.415,18.24,360,0
20130917,17.415,18.24,17.415,18.24,733,0
20130918,18.13,18.13,17.415,17.415,907,0
20130919,18.047,18.056,17.415,18.056,491,0
20130920,18.047,18.047,17.598,18.047,117,0
20130923,18.047,18.047,17.424,17.598,959,0
20130924,18.047,18.047,17.506,17.965,522,0
20130925,17.965,17.965,17.965,17.965,207,0
20130926,17.965,17.965,17.965,17.965,298,0
20130927,17.873,17.873,17.873,17.873,120,0
20130930,17.424,17.955,17.424,17.883,176,0
20131001,17.873,17.873,17.873,17.873,34,0
20131002,17.69,17.69,17.69,17.69,218,0
20131003,17.598,17.598,17.323,17.516,597,0
20131004,17.947,18.653,17.461,18.597,4136,0
20131007,18.332,19.24,18.332,19.065,19015,0
20131008,19.24,20.531,18.524,19.248,5242,0
20131009,19.432,19.432,18.707,19.248,309,0
20131010,19.248,19.706,18.744,19.689,652,0
20131011,19.606,19.606,18.753,18.753,685,0
20131014,19.669,19.669,18.753,19.66,1249,0
20131015,19.065,19.66,18.414,19.24,1008,0
20131016,19.23,19.23,19.156,19.156,32,0
20131017,19.065,19.248,19.065,19.248,709,0
20131018,18.478,19.24,18.478,19.23,181,0
20131021,18.9,19.615,18.789,19.44,547,0
20131022,19.065,20.165,19.065,20.156,11442,0
20131023,20.531,20.531,20.156,20.156,1958,0
20131024,19.285,19.44,19.285,19.44,118,0
20131025,20.156,20.165,19.981,20.165,16421,0
20131028,20.165,20.898,19.753,20.137,6449,0
20131029,19.844,19.844,18.982,19.844,1470,0
20131030,20.531,20.531,19.248,19.587,636,0
20131031,19.615,19.615,19.615,19.615,255,0
20131104,19.423,19.423,19.423,19.423,19,0
20131105,18.973,18.973,18.973,18.973,224,0
20131106,18.918,19.339,18.799,19.267,233,0
20131107,19.24,19.24,19.24,19.24,114,0
20131108,19.44,19.468,19.24,19.468,791,0
20131112,19.615,19.615,18.148,18.359,1604,0
20131113,19.203,19.203,17.883,18.148,1393,0
20131114,17.965,18.569,17.965,18.569,528,0
20131115,18.194,18.589,18.194,18.589,225,0
20131118,18.515,18.515,17.076,17.14,3845,0
20131119,17.049,17.232,15.949,16.389,5433,0
20131120,16.389,16.947,16.389,16.947,798,0
20131121,16.608,16.956,16.608,16.956,56,0
20131122,16.884,16.956,16.507,16.929,1430,0
20131125,16.499,16.499,15.966,16.406,5091,0
20131126,16.499,16.682,15.673,16.223,2715,0
20131127,16.178,16.178,16.178,16.178,143,0
20131128,16.178,16.947,16.178,16.837,25404,0
20131129,16.406,16.956,16.406,16.956,4583,0
20131202,16.956,16.956,16.499,16.892,1113,0
20131203,16.499,16.856,16.499,16.856,688,0
20131204,16.847,16.847,16.499,16.847,37,0
20131205,16.947,16.947,16.499,16.902,2664,0
20131206,16.499,16.82,15.123,16.178,5714,0
20131209,16.223,16.847,15.857,16.847,5429,0
20131210,16.828,16.828,15.783,16.306,1338,0
20131211,16.306,16.47,15.765,16.47,3296,0
20131212,16.315,16.315,15.765,15.765,4411,0
20131213,16.27,16.27,16.27,16.27,51,0
20131217,16.315,16.315,15.582,15.811,937,0
20131218,15.582,16.398,15.307,16.398,65,0
20131219,15.316,15.756,15.316,15.756,3232,0
20131220,15.316,15.673,15.316,15.582,1930,0
20131223,15.169,16.315,15.169,16.315,215,0
20131227,16.443,16.443,16.443,16.443,1,0
20131230,16.48,16.48,16.48,16.48,1,0
20140102,16.398,16.398,15.591,16.379,1808,0
20140108,16.499,16.499,16.499,16.499,1,0
20140109,15.591,16.315,15.591,16.315,127,0
20140110,16.499,16.499,16.315,16.315,7,0
20140114,16.04,16.398,16.04,16.398,42,0
20140116,15.866,16.04,15.857,15.921,323,0
20140117,15.921,15.921,15.673,15.857,250,0
20140121,15.857,16.406,15.857,16.058,2343,0
20140122,16.398,17.213,16.315,17.186,3609,0
20140123,17.232,17.232,17.186,17.186,10341,0
20140124,16.544,17.186,16.544,17.049,20743,0
20140128,16.728,17.039,16.728,17.039,34914,0
20140129,16.544,17.02,16.544,17.02,30554,0
20140131,16.993,16.993,16.984,16.984,46,0
20140203,16.956,17.02,16.773,16.773,18553,0
20140204,16.59,16.59,16.59,16.59,1235,0
20140205,17.03,17.03,17.03,17.03,3,0
20140206,16.956,17.415,16.956,17.415,3746,0
20140207,16.956,16.956,16.956,16.956,15,0
20140210,16.956,16.956,16.956,16.956,1254,0
20140211,17.415,17.69,17.415,17.69,797,0
20140212,17.782,17.827,17.782,17.827,71,0
20140213,17.836,17.836,17.415,17.598,1729,0
20140214,17.827,17.873,17.461,17.819,996,0
20140217,17.819,17.819,16.535,17.415,810,0
20140218,17.415,17.415,17.241,17.415,186,0
20140221,17.241,17.241,17.241,17.241,2,0
20140224,17.415,17.415,17.067,17.067,160,0
20140225,17.067,17.067,16.911,17.067,649,0
20140226,17.067,17.067,17.067,17.067,1,0
20140228,16.682,17.067,16.223,17.067,109,0
20140303,16.499,16.499,16.04,16.499,577,0
20140304,16.406,16.947,16.406,16.947,54,0
20140305,16.406,16.406,16.04,16.315,310,0
20140306,16.315,16.324,16.04,16.04,1692,0
20140307,16.947,16.956,16.04,16.04,763,0
20140310,15.857,16.929,15.857,15.857,374,0
20140311,15.857,15.857,15.857,15.857,114,0
20140312,15.582,15.582,15.408,15.582,408,0
20140314,14.666,14.666,14.666,14.666,1,0
20140317,14.666,15.572,13.593,15.572,2549,0
20140318,14.316,14.316,14.316,14.316,1,0
20140319,14.336,15.537,13.923,14.189,6869,0
20140320,14.189,14.252,13.446,13.749,2985,0
20140321,14.482,14.482,13.638,13.638,10239,0
20140324,14.573,14.573,13.519,13.749,2032,0
20140325,13.749,13.749,13.29,13.749,6360,0
20140326,13.749,14.39,13.749,14.39,164,0
20140327,14.39,14.39,14.39,14.39,10,0
20140328,14.299,14.299,14.299,14.299,48,0
20140331,13.749,14.602,13.657,13.657,156,0
20140401,13.675,14.647,13.675,14.602,236,0
20140402,14.565,15.555,14.537,15.555,3099,0
20140403,15.564,15.564,14.666,14.711,888,0
20140404,14.711,14.711,14.602,14.602,762,0
20140407,14.711,14.711,14.711,14.711,1,0
20140408,14.482,14.711,14.482,14.711,90,0
20140409,14.711,14.711,14.436,14.711,339,0
20140410,14.711,14.711,14.436,14.711,2055,0
20140411,14.711,14.711,14.711,14.711,85,0
20140414,14.666,14.666,14.666,14.666,1130,0
20140415,14.666,14.666,14.666,14.666,73,0
20140416,14.666,14.666,14.666,14.666,196,0
20140417,14.666,14.666,14.666,14.666,117,0
20140422,14.666,14.666,14.666,14.666,98,0
20140423,14.573,14.666,14.573,14.666,67,0
20140424,14.849,14.894,14.666,14.666,3357,0
20140425,15.106,15.106,14.666,15.022,66,0
20140428,14.666,14.666,13.923,14.363,11566,0
20140429,14.647,14.647,13.611,13.932,1953,0
20140430,13.382,14.252,13.382,13.382,901,0
20140502,14.252,14.252,14.252,14.252,6,0
20140505,13.73,14.106,13.217,14.106,6668,0
20140506,13.749,14.638,13.749,13.932,56379,0
20140507,14.638,14.638,13.823,13.923,701,0
20140508,13.932,13.932,13.566,13.932,989,0
20140509,14.116,15.444,13.932,15.032,9231,0
20140512,15.042,15.572,15.032,15.564,1051,0
20140513,15.949,16.04,15.564,15.949,4824,0
20140514,15.966,16.058,15.582,15.949,6983,0
20140515,15.949,16.223,15.591,15.6,1319,0
20140516,15.591,15.747,15.261,15.747,2439,0
20140519,15.72,15.72,15.408,15.683,680,0
20140520,15.683,15.683,15.453,15.683,233,0
20140521,15.582,15.582,15.582,15.582,28572,0
20140522,15.72,15.949,15.582,15.949,4430,0
20140523,15.591,15.93,15.582,15.93,451,0
20140526,15.921,15.921,15.912,15.912,324,0
20140527,15.912,16.26,15.71,16.04,2101,0
20140528,16.04,16.223,16.04,16.223,1479,0
20140529,16.058,16.132,16.058,16.132,51,0
20140530,15.774,16.122,15.765,16.122,440,0
20140602,16.04,16.04,16.04,16.04,2196,0
20140603,16.04,16.122,15.994,16.122,82894,0
20140604,15.628,16.324,15.628,16.324,226,0
20140605,16.324,16.333,16.04,16.04,182,0
20140606,16.333,16.361,16.333,16.361,66,0
20140609,16.361,16.361,16.031,16.324,268,0
20140613,16.05,16.05,15.903,16.05,1799,0
20140616,16.315,16.315,16.315,16.315,1,0
20140618,15.857,15.857,15.857,15.857,118,0
20140620,15.857,16.031,15.857,16.031,224,0
20140623,16.031,16.031,15.609,16.031,52,0
20140626,16.031,16.031,16.031,16.031,71,0
20140627,15.875,16.031,15.875,16.031,136,0
20140630,15.903,15.903,15.903,15.903,483,0
20140703,15.609,15.609,15.582,15.582,799,0
20140704,15.582,15.582,15.582,15.582,3,0
20140707,15.123,15.123,14.482,14.573,735,0
20140708,14.675,14.675,14.666,14.666,55,0
20140709,14.711,15.582,14.711,14.711,1229,0
20140710,14.675,15.307,14.675,15.307,32,0
20140711,14.92,14.92,14.561,14.561,217,0
20140714,14.768,14.768,14.768,14.768,450,0
20140715,15.392,15.392,14.683,14.693,342,0
20140717,13.899,15.25,13.899,15.25,874,0
20140718,15.581,15.581,15.581,15.581,1,0
20140721,15.307,15.307,15.307,15.307,106,0
20140723,14.645,14.645,14.645,14.645,846,0
20140724,15.26,15.26,14.173,14.645,2590,0
20140725,14.494,14.645,14.494,14.645,211,0
20140728,14.645,14.645,14.645,14.645,3175,0
20140730,15.109,15.109,13.228,14.645,53337,0
20140801,14.551,14.645,14.551,14.636,5011,0
20140807,14.636,14.929,13.322,14.645,7173,0
20140808,13.417,14.645,13.417,13.644,17619,0
20140811,13.738,13.738,13.738,13.738,7,0
20140812,13.72,13.72,13.72,13.72,44,0
20140813,13.72,14.929,13.653,14.929,2381,0
20140814,13.71,13.87,13.71,13.87,61,0
20140818,13.965,13.965,13.672,13.672,386,0
20140819,13.672,13.672,12.529,13.559,1346,0
20140820,12.945,13.701,12.945,13.701,1102,0
20140821,13.284,14.532,13.284,13.606,10662,0
20140822,13.314,13.653,13.314,13.653,10,0
20140825,13.294,13.748,12.945,13.748,1702,0
20140826,12.945,14.211,12.945,14.183,757,0
20140827,14.154,14.154,14.154,14.154,878,0
20140828,14.154,14.154,14.154,14.154,171,0
20140829,14.9,14.9,14.135,14.135,28,0
20140901,13.738,14.645,13.738,14.645,8,0
20140903,13.984,14.636,13.984,14.636,177,0
20140905,14.636,14.636,14.636,14.636,529,0
20140908,14.636,14.636,14.173,14.183,162,0
20140909,13.71,14.183,13.71,14.031,1327,0
20140910,13.71,13.71,13.71,13.71,10,0
20140912,13.729,14.636,13.729,14.636,1331,0
20140915,14.173,14.173,14.173,14.173,2,0
20140916,13.748,14.645,13.748,13.748,510,0
20140917,14.645,16.044,13.89,13.89,225,0
20140918,15.118,15.118,15.118,15.118,106,0
20140919,14.173,15.685,14.173,14.314,419,0
20140922,15.685,15.685,15.685,15.685,264,0
20140923,15.637,15.77,14.645,14.645,165,0
20140924,14.645,14.645,14.296,14.296,2114,0
20140925,15.023,15.023,14.268,14.268,419,0
20140926,15.109,15.109,14.589,15.005,72,0
20140929,15.109,15.127,15.005,15.005,125,0
20140930,14.551,15.581,14.551,15.571,490,0
20141001,14.579,14.976,14.551,14.882,1006,0
20141003,14.645,14.645,14.268,14.41,48,0
20141006,14.268,14.268,14.268,14.268,2,0
20141007,14.173,15.307,13.738,15.307,343,0
20141009,13.796,14.995,13.796,14.362,1034,0
20141010,14.541,14.541,13.88,13.88,2159,0
20141014,13.72,13.72,13.701,13.701,230,0
20141015,13.984,13.984,13.984,13.984,106,0
20141017,14.456,14.456,13.984,13.984,318,0
20141020,13.937,13.937,13.937,13.937,80,0
20141021,13.984,14.428,13.984,14.428,79,0
20141023,14.173,14.995,14.173,14.665,724,0
20141024,14.834,14.844,14.599,14.599,4241,0
20141027,14.957,14.957,14.456,14.9,3512,0
20141028,14.834,14.834,14.466,14.475,2596,0
20141029,14.561,14.561,14.561,14.561,1,0
20141030,14.485,14.485,14.485,14.485,5,0
20141031,14.825,14.967,14.825,14.929,8287,0
20141103,14.854,14.995,14.854,14.854,10688,0
20141104,14.787,14.854,14.787,14.854,132758,0
20141105,14.872,14.957,14.854,14.854,9579,0
20141106,14.976,15.591,14.976,15.591,2633,0
20141107,15.222,15.779,15.118,15.77,3695,0
20141110,15.685,15.77,15.685,15.77,486,0
20141114,15.137,15.137,15.118,15.118,254,0
20141117,15.165,15.165,15.127,15.127,265,0
20141118,15.127,15.127,15.127,15.127,137,0
20141119,15.127,15.127,15.127,15.127,147,0
20141120,15.127,15.127,15.127,15.127,71,0
20141121,15.118,15.118,15.118,15.118,42,0
20141124,14.749,14.749,14.749,14.749,2,0
20141125,14.749,14.749,14.749,14.749,74,0
20141126,14.759,14.759,14.759,14.759,159,0
20141127,14.929,14.929,14.929,14.929,48,0
20141128,14.749,14.749,14.645,14.645,7467,0
20141201,14.702,14.702,14.702,14.702,1,0
20141202,14.702,14.712,14.702,14.712,319,0
20141203,14.712,14.712,14.712,14.712,106,0
20141205,14.712,15.127,14.702,15.127,65,0
20141208,15.118,15.118,15.118,15.118,106,0
20141210,14.702,14.702,14.702,14.702,6,0
20141212,14.702,14.702,14.381,14.636,265,0
20141215,14.466,14.466,14.381,14.381,588,0
20141216,14.352,14.352,13.758,14.344,6037,0
20141217,14.173,14.816,13.766,14.816,14821,0
20141218,13.796,13.89,13.796,13.88,1735,0
20141219,13.88,13.89,13.88,13.88,576,0
20141222,13.89,13.89,13.89,13.89,106,0
20141229,14.031,14.636,14.031,14.636,243,0
20141230,14.599,14.693,14.599,14.683,1043,0
20150107,14.674,14.929,14.674,14.882,238,0
20150108,14.645,14.655,14.645,14.655,107,0
20150112,14.9,14.9,14.645,14.645,518,0
20150113,14.645,14.645,14.645,14.645,90,0
20150114,14.665,14.665,14.665,14.665,72,0
20150116,14.013,14.013,14.013,14.013,192,0
20150119,14.173,14.173,14.173,14.173,106,0
20150120,14.173,14.173,14.173,14.173,353,0
20150121,14.173,14.173,14.173,14.173,735,0
20150122,14.173,14.173,14.173,14.173,846,0
20150123,14.173,14.173,14.031,14.031,2,0
20150126,14.173,14.173,14.173,14.173,163,0
20150128,14.013,14.013,14.013,14.013,117,0
20150129,14.013,14.013,14.013,14.013,6,0
20150130,14.173,14.173,14.173,14.173,211,0
20150209,14.173,14.834,13.908,13.908,385,0
20150210,14.173,14.173,13.927,13.937,471,0
20150212,14.173,14.173,14.173,14.173,476,0
20150213,14.173,14.173,14.173,14.173,119,0
20150216,14.183,14.834,14.183,14.834,2258,0
20150217,14.74,14.74,14.74,14.74,6,0
20150218,14.74,14.74,14.74,14.74,159,0
20150219,14.74,14.929,14.74,14.929,8033,0
20150220,14.561,14.91,14.561,14.91,1025,0
20150223,14.91,15.591,14.91,15.591,6805,0
20150225,15.279,15.279,15.279,15.279,77,0
20150226,15.279,15.685,15.279,15.685,1008,0
20150227,15.165,15.175,15.165,15.165,688,0
20150302,15.165,15.213,15.165,15.213,150,0
20150303,15.222,15.591,15.213,15.591,3968,0
20150304,15.591,15.591,15.591,15.591,3,0
20150305,15.591,15.761,15.591,15.761,1893,0
20150306,15.591,15.826,15.591,15.732,1064,0
20150309,15.732,15.836,15.732,15.732,464,0
20150310,15.732,15.826,15.496,15.826,662,0
20150311,15.665,15.864,15.665,15.864,348,0
20150312,15.826,16.535,15.826,16.44,1439,0
20150313,16.44,16.44,16.28,16.44,118,0
20150316,16.44,17.008,15.826,17.008,3334,0
20150317,17.48,18.425,17.008,18.189,5628,0
20150318,18.339,18.68,17.168,17.952,1732,0
20150319,17.952,17.952,17.018,17.952,2003,0
20150320,17.858,17.858,17.102,17.763,648,0
20150323,17.745,17.754,16.725,17.669,545,0
20150324,17.717,17.717,16.639,17.528,75,0
20150325,17.47,17.48,17.47,17.48,63,0
20150326,17.291,17.291,16.819,16.819,354,0
20150327,16.384,16.819,16.063,16.771,740,0
20150330,17.754,17.754,17.102,17.102,160,0
20150331,17.339,17.339,17.339,17.339,38,0
20150408,17.008,17.008,16.063,16.97,1103,0
20150409,16.753,16.753,16.082,16.157,545,0
20150410,16.157,16.157,16.157,16.157,2,0
20150413,16.157,16.157,16.157,16.157,106,0
20150414,16.157,16.157,15.884,15.884,175,0
20150415,15.884,16.148,15.884,16.148,408,0
20150416,16.139,16.148,16.139,16.148,357,0
20150421,16.251,16.904,16.072,16.072,214,0
20150422,16.119,16.119,16.119,16.119,5,0
20150423,16.167,16.819,16.167,16.261,1958,0
20150427,16.251,16.809,16.251,16.809,96,0
20150428,16.809,16.809,16.809,16.809,8,0
20150504,15.779,16.309,15.779,16.309,219,0
20150505,16.309,16.309,15.723,15.723,1035,0
20150506,15.591,16.053,14.844,16.053,1350,0
20150507,15.958,16.998,15.958,16.998,1667,0
20150508,17.281,17.281,17.281,17.281,8,0
20150511,17.273,17.48,17.197,17.197,6970,0
20150512,17.055,17.943,16.913,17.943,14429,0
20150513,17.943,17.952,17.48,17.915,2390,0
20150514,17.905,18.425,17.905,18.425,1362,0
20150515,18.425,18.425,18.425,18.425,765,0
20150518,17.858,17.858,17.783,17.783,1498,0
20150519,17.763,17.763,17.669,17.763,2140,0
20150521,17.763,17.763,17.763,17.763,58,0
20150522,17.301,17.31,17.301,17.31,276,0
20150525,17.31,18.397,17.31,17.622,85,0
20150527,17.197,17.952,17.197,17.952,185,0
20150528,17.905,17.905,17.008,17.858,187,0
20150529,17.528,17.839,16.544,16.544,17466,0
20150601,17.669,17.943,17.669,17.934,1656,0
20150602,17.924,17.952,17.763,17.952,4741,0
20150603,17.952,17.952,17.669,17.669,451,0
20150605,17.952,18.189,17.952,18.189,702,0
20150608,18.331,19.369,18.331,19.361,5979,0
20150609,18.708,19.351,18.435,18.897,1472,0
20150610,18.888,19.219,18.888,19.219,187,0
20150611,18.803,18.803,18.189,18.425,773,0
20150612,18.784,18.784,18.765,18.765,62,0
20150615,18.737,18.737,18.699,18.699,96,0
20150616,18.699,18.699,18.425,18.425,48,0
20150617,17.253,18.67,16.837,18.67,4838,0
20150618,17.48,18.377,17.31,18.377,782,0
20150619,18.369,18.369,18.369,18.369,13,0
20150622,18.122,18.122,17.943,17.943,264,0
20150623,18.104,18.104,18.104,18.104,1113,0
20150624,18.104,18.104,18.104,18.104,53,0
20150625,18.104,18.104,17.952,17.952,47548,0
20150626,18.104,18.104,18.094,18.094,14,0
20150629,17.952,17.952,17.952,17.952,85,0
20150630,17.763,17.763,17.763,17.763,101,0
20150703,17.395,17.395,17.055,17.055,264,0
20150706,17.376,17.376,16.535,17.376,68,0
20150708,17.48,17.48,17.48,17.48,106,0
20150713,17.018,17.404,16.809,17.404,895,0
20150714,16.819,17.386,16.819,17.386,13,0
20150715,17.102,17.273,16.819,17.273,18,0
20150716,17.263,17.404,16.913,17.404,531,0
20150720,17.291,17.404,17.291,17.404,521,0
20150721,17.404,17.565,17.404,17.565,679,0
20150722,17.206,17.215,17.206,17.215,1010,0
20150723,17.565,17.574,17.565,17.574,1162,0
20150724,17.669,17.669,17.574,17.574,603,0
20150727,17.584,17.584,17.574,17.574,123,0
20150728,17.574,17.574,17.574,17.574,159,0
20150729,17.584,17.584,17.584,17.584,1,0
20150730,17.584,17.962,17.574,17.962,1890,0
20150731,17.962,17.962,17.962,17.962,53,0
20150803,18.122,18.142,17.962,17.962,5781,0
20150804,17.584,17.952,17.584,17.952,2974,0
20150805,17.584,17.962,17.574,17.962,4392,0
20150806,17.952,17.952,17.574,17.952,1097,0
20150810,17.896,17.934,17.896,17.934,211,0
20150811,17.962,18.803,17.896,17.896,11756,0
20150812,17.915,18.321,17.896,18.321,2258,0
20150813,17.652,18.399,17.652,18.399,673,0
20150814,18.049,18.088,18.049,18.059,3447,0
20150817,17.952,17.952,17.952,17.952,155,0
20150818,17.952,17.952,17.952,17.952,269,0
20150819,17.952,17.952,17.952,17.952,26,0
20150821,17.952,17.952,17.952,17.952,39,0
20150824,17.952,17.952,17.565,17.565,1301,0
20150825,17.565,17.565,17.565,17.565,68,0
20150826,17.574,17.943,17.565,17.943,1590,0
20150827,17.943,18.224,17.855,17.855,311,0
20150828,18.049,18.389,18.049,18.389,4,0
20150831,18.156,18.166,18.04,18.127,4479,0
20150901,18.117,18.117,18.117,18.117,8,0
20150902,18.127,18.127,17.943,17.943,39,0
20150903,17.768,18.03,17.758,18.03,73,0
20150907,17.894,17.894,17.894,17.894,223,0
20150908,17.758,18.127,17.758,17.758,2163,0
20150909,17.749,17.749,17.749,17.749,64,0
20150910,17.264,17.264,17.264,17.264,1998,0
20150911,17.274,17.749,17.274,17.72,205,0
20150914,17.71,17.758,17.71,17.758,2094,0
20150915,17.758,17.758,17.584,17.613,75,0
20150916,17.923,17.923,17.555,17.555,35,0
20150917,17.652,17.652,17.196,17.196,2063,0
20150918,17.749,17.923,17.458,17.642,202,0
20150921,17.904,17.904,16.488,17.904,285,0
20150922,17.652,17.885,17.652,17.885,246,0
20150923,17.71,17.71,17.71,17.71,2088,0
20150924,17.341,17.341,16.517,16.895,52819,0
20150925,16.915,16.915,16.876,16.915,54,0
20150928,16.915,17.254,16.915,17.254,1581,0
20150929,17.264,17.836,17.264,17.739,807,0
20150930,17.836,18.816,17.836,18.816,1593,0
20151002,18.806,18.806,18.719,18.719,125,0
20151007,18.176,18.176,18.098,18.098,618,0
20151008,18.098,18.496,18.098,18.137,188,0
20151009,18.137,18.796,18.137,18.796,21537,0
20151012,18.66,19.291,18.66,19.291,2355,0
20151013,19.291,19.291,17.846,18.214,1205,0
20151014,18.234,18.961,18.214,18.37,2159,0
20151015,18.214,18.515,17.875,18.515,152,0
20151016,18.467,18.525,17.875,18.428,1963,0
20151019,18.302,18.428,17.875,18.428,412,0
20151020,18.243,18.34,18.185,18.185,1459,0
20151021,18.331,18.331,18.282,18.282,41,0
20151022,18.428,18.428,18.428,18.428,650,0
20151023,18.088,18.088,17.952,17.952,28734,0
20151026,17.991,17.991,17.894,17.962,232,0
20151027,18.728,18.728,17.972,17.972,1723,0
20151028,18.757,18.757,17.855,17.933,407,0
20151029,18.738,18.738,17.855,17.962,851,0
20151030,18.534,18.534,18.166,18.234,404,0
20151102,18.709,18.709,18.166,18.234,337,0
20151103,18.428,18.728,18.166,18.205,1019,0
20151104,18.787,18.961,18.234,18.457,540,0
20151105,18.467,19.485,18.447,18.486,3037,0
20151110,18.486,18.631,18.486,18.631,135,0
20151112,18.631,19.301,18.631,19.01,2114,0
20151113,18.913,18.913,18.913,18.913,38,0
20151116,18.622,18.913,18.447,18.913,376,0
20151117,19.155,19.155,18.913,19.155,750,0
20151118,19.145,19.795,19.145,19.795,8424,0
20151119,19.786,19.883,19.417,19.786,4246,0
20151120,19.883,19.883,19.64,19.786,238,0
20151123,19.883,20.561,19.786,20.367,9170,0
20151124,20.561,20.561,20.173,20.494,6910,0
20151125,20.494,20.494,20.173,20.173,992,0
20151126,20.173,20.367,20.173,20.367,259,0
20151127,20.367,20.387,20.367,20.367,2707,0
20151130,20.367,20.367,20.367,20.367,588,0
20151201,20.367,20.387,20.367,20.367,2624,0
20151202,20.367,20.513,20.367,20.367,3164,0
20151203,19.892,20.513,19.892,20.513,413,0
20151204,19.883,20.367,18.447,20.367,2216,0
20151207,19.883,20.503,19.883,20.503,180,0
20151208,20.464,20.464,20.464,20.464,388,0
20151209,19.795,20.251,19.786,20.251,2260,0
20151210,20.348,20.561,19.446,19.446,3657,0
20151211,19.592,20.949,19.592,20.367,3946,0
20151214,19.892,20.804,19.892,20.785,1897,0
20151215,20.367,20.367,20.367,20.367,1564,0
20151216,20.367,20.367,20.164,20.164,311,0
20151217,20.154,21.143,20.154,21.143,1139,0
20151218,20.852,20.852,20.852,20.852,297,0
20151221,21.046,21.046,19.786,21.046,1771,0
20151223,20.843,20.852,19.98,20.852,2453,0
20151228,20.949,22.016,20.949,22.016,3200,0
20151229,22.113,22.782,22.113,22.298,3687,0
20151230,21.347,22.298,21.347,22.298,2088,0
20160104,21.337,22.298,20.474,22.298,406,0
20160105,22.298,22.298,22.268,22.268,1186,0
20160107,21.871,22.191,21.337,22.191,89,0
20160111,20.862,21.328,20.852,21.328,923,0
20160112,20.658,21.764,20.658,20.707,3656,0
20160113,20.755,20.755,20.755,20.755,271,0
20160114,20.707,20.707,18.719,20.183,445,0
20160115,20.183,20.513,20.183,20.183,694,0
20160118,18.913,19.107,18.583,18.583,1072,0
20160119,18.593,18.913,18.593,18.913,1186,0
20160121,18.593,18.593,18.593,18.593,9,0
20160122,18.913,18.913,18.719,18.719,206,0
20160125,18.913,18.913,18.913,18.913,10311,0
20160127,19.388,20.358,19.388,19.883,309,0
20160128,18.913,19.388,18.913,19.388,4274,0
20160129,18.913,19.689,18.913,19.689,15466,0
20160201,18.913,19.388,18.719,19.388,2313,0
20160202,18.913,19.388,18.845,19.388,318,0
20160203,18.874,19.388,18.719,18.719,1053,0
20160204,18.719,18.816,18.719,18.816,108,0
20160205,19.107,19.107,18.816,19.01,2137,0
20160209,18.719,18.719,18.719,18.719,62,0
20160210,18.593,19.378,18.534,19.378,281,0
20160211,18.922,18.922,18.922,18.922,951,0
20160212,18.447,19.291,18.437,19.291,347,0
20160215,19.291,19.291,19.291,19.291,504,0
20160216,19.291,19.291,19.087,19.087,496,0
20160217,18.913,18.913,18.893,18.913,1388,0
20160218,18.467,18.467,16.624,17.943,4832,0
20160222,18.602,18.602,17.846,17.846,112,0
20160223,18.602,18.612,18.602,18.612,110,0
20160225,18.612,18.612,18.612,18.612,405,0
20160301,18.612,18.612,18.612,18.612,36,0
20160303,18.243,19.281,18.243,19.281,85,0
20160304,18.059,18.893,18.059,18.893,611,0
20160307,18.728,18.728,18.728,18.728,98,0
20160310,17.962,18.719,17.943,18.719,156,0
20160311,18.719,18.719,18.719,18.719,52,0
20160314,18.719,18.816,18.719,18.816,88,0
20160315,18.816,18.816,18.816,18.816,226,0
20160316,19.281,19.281,18.854,19.281,6888,0
20160317,19.378,20.649,19.281,20.115,1274,0
20160318,18.884,20.115,18.884,18.913,650,0
20160321,18.913,19.883,18.34,19.194,1632,0
20160322,18.913,18.913,18.37,18.874,600,0
20160323,18.874,18.874,18.088,18.088,1832,0
20160324,18.612,18.709,18.088,18.709,383,0
20160329,18.117,18.699,18.117,18.292,1364,0
20160330,18.263,18.903,18.234,18.816,1232,0
20160331,18.893,18.913,18.622,18.913,1865,0
20160401,18.913,18.913,18.913,18.913,47,0
20160404,18.913,18.913,18.913,18.913,41,0
20160405,18.913,18.913,18.913,18.913,15,0
20160406,18.719,18.719,18.719,18.719,112,0
20160407,18.913,18.913,18.913,18.913,10,0
20160408,18.913,18.913,18.913,18.913,5,0
20160411,18.913,18.913,17.952,18.913,689,0
20160412,18.913,18.913,18.428,18.913,20,0
20160413,18.913,18.913,18.913,18.913,3,0
20160414,18.913,18.913,18.913,18.913,2,0
20160415,18.913,18.913,18.913,18.913,5,0
20160418,18.525,18.816,18.457,18.457,70,0
20160419,18.816,18.903,18.04,18.719,565,0
20160420,18.903,18.903,18.903,18.903,85,0
20160421,18.893,18.893,18.893,18.893,5,0
20160422,18.893,18.893,18.864,18.864,8,0
20160425,18.893,18.893,18.728,18.893,736,0
20160426,18.893,18.893,18.893,18.893,10,0
20160427,18.893,18.913,18.709,18.913,5008,0
20160428,18.913,19.737,18.913,19.378,1027,0
20160429,19.281,19.689,19.281,19.378,341,0
20160502,19.669,19.737,19.669,19.689,1000,0
20160504,19.698,19.786,19.33,19.33,10430,0
20160505,19.339,19.689,19.339,19.689,175,0
20160506,19.679,19.689,19.398,19.689,2082,0
20160509,19.737,19.737,19.495,19.495,9,0
20160510,19.495,19.495,19.495,19.495,10,0
20160511,19.495,19.495,19.301,19.495,355,0
20160512,19.65,20.367,19.65,19.989,5453,0
20160513,19.989,20.455,19.786,20.367,1663,0
20160516,20.367,20.367,19.98,20.27,864,0
20160517,20.367,20.367,20.319,20.319,1100,0
20160518,20.367,20.367,20.367,20.367,6,0
20160519,20.367,20.367,19.98,19.98,107,0
20160520,20.367,20.367,20.367,20.367,3,0
20160523,20.367,20.688,19.902,20.688,636,0
20160524,20.367,20.949,20.183,20.949,387,0
20160525,20.949,20.949,20.843,20.852,961,0
20160527,20.852,20.852,20.852,20.852,110,0
20160530,20.804,20.804,20.367,20.367,21809,0
20160531,20.755,21.085,20.367,20.367,1588,0
20160601,21.037,21.037,20.173,20.367,26019,0
20160602,20.658,20.658,20.173,20.173,265,0
20160603,19.97,20.561,19.97,20.561,170,0
20160606,20.561,20.561,20.561,20.561,44,0
20160607,20.561,20.649,20.561,20.649,140,0
20160608,20.649,20.649,20.649,20.649,41,0
20160609,20.658,20.658,20.367,20.658,23678,0
20160610,20.658,20.658,20.367,20.367,82507,0
20160613,20.658,20.658,19.98,20.367,292,0
20160614,20.367,20.794,19.97,20.367,1789,0
20160615,20.367,20.367,20.367,20.367,1668,0
20160616,20.367,20.367,20.367,20.367,4929,0
20160617,19.96,20.367,19.96,20.367,1123,0
20160621,20.367,20.367,20.367,20.367,38,0
20160622,20.367,20.367,20.367,20.367,28423,0
20160623,20.367,20.843,20.367,20.561,798,0
20160624,19.931,20.077,19.931,20.077,399,0
20160627,19.582,20.358,19.398,20.358,3621,0
20160628,19.883,20.077,19.883,20.077,825,0
20160629,20.309,20.309,19.883,19.98,1307,0
20160630,19.883,19.883,19.398,19.883,1719,0
20160701,19.883,19.883,19.883,19.883,268,0
20160704,19.107,19.883,19.107,19.883,51566,0
20160705,20.154,20.154,20.154,20.154,29,0
20160707,19.883,19.883,19.883,19.883,1031,0
20160711,19.883,19.883,19.883,19.883,2,0
20160712,19.883,20.251,19.592,20.251,133,0
20160713,19.592,20.27,19.592,20.27,153,0
20160714,19.592,19.592,19.495,19.495,13,0
20160715,19.883,19.883,19.495,19.873,22,0
20160718,19.883,19.883,19.873,19.873,27,0
20160719,19.873,19.873,19.873,19.873,5,0
20160720,19.873,19.873,19.873,19.873,21,0
20160721,19.64,19.65,19.64,19.65,101,0
20160722,19.873,20.358,19.873,20.358,101978,0
20160725,20.348,20.358,20.348,20.358,76,0
20160726,20.358,20.852,20.358,20.852,1520,0
20160727,20.852,20.852,20.852,20.852,7,0
20160728,20.852,20.852,20.852,20.852,5,0
20160729,20.852,20.852,20.804,20.804,11,0
20160801,20.804,20.804,20.804,20.804,5,0
20160802,20.804,20.804,20.804,20.804,3,0
20160803,21.143,21.143,21.143,21.143,103,0
20160804,21.143,21.143,21.143,21.143,26,0
20160805,21.143,21.143,21.143,21.143,14,0
20160808,21.143,21.143,21.143,21.143,5,0
20160809,21.143,21.143,20.93,21.143,10,0
20160810,21.143,21.143,21.046,21.046,10,0
20160811,21.046,21.046,20.561,20.561,9,0
20160816,20.707,20.707,20.707,20.707,127,0
20160817,20.678,20.707,20.658,20.658,147,0
20160818,20.61,20.61,20.61,20.61,26,0
20160819,20.561,20.561,20.464,20.464,15,0
20160822,20.367,20.367,20.367,20.367,3,0
20160823,20.367,20.367,20.144,20.144,621,0
20160824,20.144,20.949,20.144,20.377,63,0
20160825,20.367,22.21,20.367,21.919,4754,0
20160826,22.21,22.647,22.21,22.307,5388,0
20160829,22.404,22.453,22.404,22.404,440,0
20160830,22.404,22.404,22.404,22.404,694,0
20160831,22.404,22.404,22.404,22.404,41,0
20160901,22.404,23.762,22.404,23.762,928,0
20160902,23.762,28.66,23.762,26.623,14859,0
20160905,26.672,27.486,26.187,26.381,8544,0
20160906,26.381,26.39,25.993,26.138,4903,0
20160907,26.138,26.138,25.139,25.702,7230,0
20160908,25.702,25.702,25.168,25.207,501,0
20160909,24.829,25.789,24.732,25.11,592,0
20160912,24.897,25.411,24.053,25.013,2089,0
20160913,24.732,25.013,24.053,24.053,2377,0
20160914,24.538,24.538,23.859,24.538,332,0
20160915,24.538,24.829,24.538,24.635,1299,0
20160916,24.732,25.362,24.732,25.362,887,0
20160919,25.362,25.362,25.362,25.362,90,0
20160920,24.877,25.11,24.829,24.829,486,0
20160921,24.829,24.829,23.665,24.15,1916,0
20160922,24.3,24.5,24.3,24.5,121,0
20160923,24.49,24.49,23.8,24.2,117,0
20160926,23.72,23.9,23.72,23.8,502,0
20160927,24.19,24.19,23.5,23.8,902,0
20160928,23.9,25,23.9,24.79,4094,0
20160929,24.79,24.9,24.79,24.9,562,0
20160930,24.25,25.3,24.25,25.3,1601,0
20161003,25.3,25.3,25.3,25.3,1,0
20161004,25,25,24.88,25,1091,0
20161005,25,25,24.32,24.32,249,0
20161006,24.09,24.2,24,24,807,0
20161007,24,24,23.89,23.89,239,0
20161010,23.9,23.9,23.51,23.89,676,0
20161011,23.89,23.89,23.89,23.89,38,0
20161012,23.89,23.89,23.02,23.8,1147,0
20161013,23.8,23.8,23.51,23.74,187,0
20161014,23.65,23.74,23.1,23.74,1023,0
20161017,23.79,23.79,23.2,23.51,165,0
20161018,23.74,23.74,23.7,23.7,91,0
20161019,23.52,23.52,23.06,23.49,256,0
20161020,23.49,23.49,23.49,23.49,5,0
20161021,23.49,23.49,23.49,23.49,10,0
20161024,23.52,23.52,23.01,23.51,140,0
20161025,23.52,23.52,23.5,23.5,2465,0
20161026,23.5,23.5,23.5,23.5,177,0
20161027,23.5,23.5,22,22.6,1777,0
20161028,22.5,22.7,22.5,22.7,212,0
20161031,22.71,23.53,22.71,23.51,1085,0
20161102,23.51,23.6,23.21,23.21,496,0
20161103,23.41,23.41,22.6,22.6,427,0
20161104,22.61,22.63,22.61,22.63,155,0
20161107,23,23,23,23,20,0
