Date,Open,High,Low,Close,Volume,OpenInt
20131205,20.451,20.896,20.05,20.674,4147325,0
20131206,20.674,20.674,19.827,20.362,556034,0
20131209,20.496,20.496,20.246,20.317,284891,0
20131210,20.264,20.264,19.827,19.881,158768,0
20131211,19.801,19.881,19.213,19.605,125814,0
20131212,19.427,19.515,19.07,19.213,155271,0
20131213,19.159,19.587,19.159,19.266,40076,0
20131216,19.587,19.587,19.354,19.515,36176,0
20131217,19.515,19.515,18.9,19.159,70822,0
20131218,18.98,19.515,18.98,19.248,18772,0
20131219,19.515,19.587,18.812,18.856,61268,0
20131220,18.9,18.98,18.74,18.9,54947,0
20131223,19.016,19.515,19.016,19.337,17817,0
20131227,19.337,19.498,19.159,19.498,21793,0
20131230,19.435,19.551,19.274,19.4,19970,0
20140102,19.515,19.596,19.427,19.427,76758,0
20140103,19.427,19.515,19.266,19.453,11746,0
20140107,19.515,19.515,19.204,19.337,71311,0
20140108,19.408,19.408,18.936,19.07,23463,0
20140109,18.963,18.98,18.179,18.313,47169,0
20140110,18.313,18.98,18.223,18.98,107058,0
20140113,19.159,19.248,18.892,19.248,120107,0
20140114,19.23,19.23,18.98,19.043,63129,0
20140115,19.159,19.159,19.016,19.016,81111,0
20140116,19.016,19.159,18.892,18.99,5414,0
20140117,19.025,19.159,18.9,19.079,79729,0
20140120,19.337,19.561,19.123,19.4,14474,0
20140121,19.515,19.605,19.266,19.337,45313,0
20140122,19.337,19.417,19.266,19.302,151859,0
20140123,19.248,19.337,19.186,19.319,17503,0
20140124,19.293,19.293,19.07,19.088,6696,0
20140127,19.025,19.14,19.025,19.07,23152,0
20140128,19.07,19.221,19.025,19.159,16554,0
20140129,19.221,19.578,19.168,19.177,99481,0
20140130,19.159,19.248,19.043,19.248,8561,0
20140131,19.248,19.328,18.892,19.248,57557,0
20140203,19.248,19.248,18.812,19.088,14259,0
20140204,18.892,19.088,18.82,19.07,16465,0
20140205,19.025,19.248,18.99,19.177,43369,0
20140206,18.999,19.186,18.999,19.088,159716,0
20140207,19.159,19.159,18.892,19.053,124420,0
20140210,18.909,19.025,18.508,18.882,101204,0
20140211,18.713,18.892,18.625,18.829,13094,0
20140212,18.749,18.829,18.642,18.758,48161,0
20140213,18.713,18.846,18.713,18.722,33006,0
20140214,18.758,18.945,18.678,18.945,10408,0
20140217,18.829,19.053,18.802,18.919,72127,0
20140218,19.043,19.053,18.802,18.963,26959,0
20140219,18.892,19.515,18.892,19.168,22148,0
20140220,19.06,19.159,18.722,18.926,79153,0
20140221,18.98,18.99,18.651,18.909,118506,0
20140224,18.936,19.016,18.802,18.9,13472,0
20140225,18.9,18.936,18.508,18.535,198661,0
20140226,18.535,18.535,17.732,17.732,163020,0
20140227,17.732,17.983,17.645,17.732,104749,0
20140228,17.645,17.732,17.144,17.358,46828,0
20140303,17.1,17.11,16.486,16.584,40354,0
20140304,16.504,17.064,16.504,16.931,35137,0
20140305,16.931,16.976,16.842,16.913,10770,0
20140306,16.923,16.976,16.672,16.672,9364,0
20140307,16.682,16.833,16.665,16.672,98285,0
20140310,16.655,16.709,16.254,16.29,8965,0
20140311,16.272,16.619,16.263,16.557,125583,0
20140312,16.575,16.753,16.254,16.317,8301,0
20140313,16.298,16.486,16.298,16.397,11290,0
20140314,16.298,16.298,15.603,16.103,25600,0
20140317,16.138,16.244,15.906,16.218,16543,0
20140318,16.218,16.237,15.95,16.129,9426,0
20140319,16.04,16.244,16.04,16.129,7017,0
20140320,15.996,16.2,15.996,16.2,1441,0
20140321,16.174,16.371,16.129,16.371,4999,0
20140324,16.397,17.19,16.397,17.19,137258,0
20140325,17.19,18.036,17.19,18,24020,0
20140326,17.929,18.268,17.813,18.045,27332,0
20140327,17.822,18.036,17.813,17.822,6571,0
20140328,17.822,18.036,17.822,18,43547,0
20140331,18.009,18.153,17.377,17.377,30485,0
20140401,17.68,17.946,17.645,17.732,27478,0
20140402,17.866,17.912,17.394,17.912,37748,0
20140403,17.591,18.287,17.572,18.268,56609,0
20140404,18.268,18.268,18.179,18.268,38210,0
20140407,18.241,18.241,18.099,18.179,29694,0
20140408,18.179,18.313,18.179,18.223,26883,0
20140409,18.179,18.214,18.179,18.179,15548,0
20140410,18.179,18.223,18.179,18.179,5600,0
20140411,18.08,18.197,18.027,18.179,4932,0
20140414,18.17,18.17,17.608,18.045,55531,0
20140415,18.09,18.09,17.822,17.885,3287,0
20140416,17.822,17.822,17.742,17.822,28677,0
20140417,17.822,17.822,17.671,17.813,945,0
20140422,17.778,17.822,17.715,17.715,22507,0
20140423,17.725,17.742,17.725,17.732,33344,0
20140424,17.732,17.732,17.564,17.706,27103,0
20140425,17.394,17.706,17.394,17.421,7670,0
20140428,17.404,17.652,17.377,17.511,32999,0
20140429,17.377,17.626,17.314,17.377,28347,0
20140430,17.207,17.377,17.029,17.368,18685,0
20140502,17.377,17.377,17.288,17.288,282,0
20140505,17.288,17.288,16.842,17.056,4205,0
20140506,17.02,17.02,16.753,16.78,2642,0
20140507,16.753,16.78,16.103,16.486,32341,0
20140508,16.486,16.753,16.486,16.575,31211,0
20140509,16.575,16.575,16.451,16.521,55885,0
20140512,16.486,16.486,16.218,16.308,188093,0
20140513,16.308,16.557,15.95,16.405,16634,0
20140514,16.272,16.397,16.218,16.334,2347,0
20140515,16.397,16.486,16.397,16.397,13513,0
20140516,16.423,16.486,16.049,16.174,1262,0
20140519,16.441,16.451,16.04,16.325,14538,0
20140520,16.451,17.377,16.334,17.368,38096,0
20140521,17.368,18.25,17.056,18.25,41895,0
20140522,18.25,18.535,17.912,17.992,196882,0
20140523,18.527,18.527,17.742,18.134,7720,0
20140526,18.179,18.179,17.946,17.974,69659,0
20140527,17.946,17.965,17.876,17.956,101412,0
20140528,17.822,17.822,17.421,17.778,4544,0
20140529,17.555,17.68,17.386,17.582,1332,0
20140530,17.386,17.912,17.386,17.822,57689,0
20140602,17.6,17.822,17.6,17.732,525,0
20140603,17.698,17.732,17.421,17.715,1060,0
20140604,17.725,17.725,17.421,17.421,1921,0
20140605,17.421,17.822,17.421,17.822,21203,0
20140606,17.912,17.912,17.706,17.822,4236,0
20140609,17.466,17.939,17.466,17.822,3981,0
20140610,17.822,18.313,17.591,18.313,37521,0
20140611,18.357,18.455,17.912,18.107,9059,0
20140612,18.107,18.134,17.894,18.09,1718,0
20140613,18.08,18.08,17.894,17.912,788,0
20140616,17.805,17.805,17.377,17.6,2841,0
20140617,17.555,17.635,17.332,17.608,2133,0
20140618,17.377,17.635,17.377,17.6,9476,0
20140620,17.394,17.6,17.394,17.555,588,0
20140623,17.6,17.6,17.421,17.448,1983,0
20140624,17.431,17.511,17.261,17.261,1673,0
20140625,17.243,17.252,17.207,17.243,2625,0
20140626,17.11,17.332,16.762,16.798,4210,0
20140627,16.771,17.11,16.762,16.86,1521,0
20140630,16.86,17.19,16.753,17.19,4796,0
20140701,17.19,17.19,16.566,16.566,2271,0
20140702,16.566,16.619,16.263,16.602,2562,0
20140703,16.575,16.602,16.2,16.441,2795,0
20140704,16.432,16.486,16.432,16.486,1022,0
20140707,16.486,16.486,16.308,16.343,8576,0
20140708,16.343,16.575,16.334,16.441,2012,0
20140709,16.397,16.691,16.397,16.397,2339,0
20140710,16.405,16.7,16.405,16.486,34959,0
20140711,16.504,16.665,16.227,16.441,70900,0
20140714,16.451,16.833,16.441,16.619,2629,0
20140715,16.753,16.753,16.619,16.619,1218,0
20140716,16.665,16.753,16.575,16.628,1164,0
20140717,16.637,16.709,16.308,16.308,2093,0
20140718,16.218,16.388,16.147,16.147,4744,0
20140721,16.129,16.352,16.04,16.049,20259,0
20140722,16.218,16.308,16.058,16.21,4207,0
20140723,16.263,16.263,16.067,16.067,66215,0
20140724,16.129,16.21,15.809,15.915,11048,0
20140725,15.915,15.996,15.595,15.773,4131,0
20140728,15.764,16.218,15.764,15.906,5316,0
20140729,16.29,16.29,15.782,15.782,38362,0
20140730,16.04,16.04,15.684,15.684,2804,0
20140731,15.826,15.996,15.318,15.996,32354,0
20140801,15.978,15.978,15.603,15.835,16338,0
20140804,15.835,15.996,15.63,15.63,1594,0
20140805,15.969,16.129,15.862,15.862,4082,0
20140806,15.862,16.04,15.764,15.816,1251,0
20140807,15.816,15.816,15.568,15.568,3630,0
20140808,15.648,15.648,15.149,15.221,7548,0
20140811,15.238,15.809,15.238,15.595,2877,0
20140812,15.684,15.684,15.506,15.656,911,0
20140813,15.639,15.639,14.704,15.639,15673,0
20140814,15.078,15.621,15.078,15.336,3566,0
20140818,15.506,15.532,15.301,15.336,1854,0
20140819,15.541,15.639,15.416,15.452,2398,0
20140820,15.576,15.576,15.327,15.381,1488,0
20140821,15.381,15.506,15.327,15.327,3725,0
20140822,15.416,15.434,15.158,15.158,2699,0
20140825,15.194,15.416,15.194,15.416,11635,0
20140826,15.042,15.987,15.042,15.87,17931,0
20140827,15.969,15.969,15.88,15.88,3244,0
20140828,15.969,15.969,15.648,15.648,12021,0
20140829,15.648,15.96,15.648,15.96,1881,0
20140901,16.2,17.056,16.2,16.931,50468,0
20140902,17.056,17.956,17.056,17.956,67149,0
20140903,18.054,18.713,17.813,18.713,183175,0
20140904,18.411,18.615,17.84,18.153,39780,0
20140905,18.153,18.268,18,18.073,10847,0
20140908,18.073,18.304,18.073,18.125,20502,0
20140909,18.125,18.313,18.125,18.268,29440,0
20140910,18.223,19.159,18.223,18.892,68119,0
20140911,19.07,19.159,18.686,18.98,25778,0
20140912,18.98,19.302,18.856,19.159,55117,0
20140915,18.222,19.66,18.222,19.296,80604,0
20140916,19.296,19.568,18.849,19.568,37323,0
20140917,19.568,19.614,18.941,19.386,28826,0
20140918,19.068,19.568,19.068,19.568,89283,0
20140919,19.478,19.568,19.359,19.568,11750,0
20140922,19.568,19.568,19.386,19.568,12161,0
20140923,19.332,19.614,19.332,19.568,100635,0
20140924,19.568,19.642,19.568,19.614,25779,0
20140925,19.396,19.614,19.351,19.568,23171,0
20140926,19.478,19.486,19.478,19.478,20091,0
20140929,19.478,19.568,19.132,19.568,19063,0
20140930,19.568,19.568,19.259,19.523,17520,0
20141001,19.25,19.386,19.068,19.113,17526,0
20141002,18.931,19.113,18.358,19.113,135488,0
20141003,19.296,19.578,19.296,19.568,50538,0
20141006,19.568,19.678,19.414,19.66,20501,0
20141007,19.568,19.696,19.568,19.66,46280,0
20141008,19.568,19.66,19.486,19.568,63760,0
20141009,19.66,19.66,19.568,19.578,2720,0
20141010,19.168,19.65,19.168,19.568,45031,0
20141013,19.568,19.678,19.568,19.678,20104,0
20141014,19.568,19.66,19.568,19.568,14738,0
20141015,19.568,19.568,19.568,19.568,5903,0
20141016,19.568,19.614,19.568,19.614,12642,0
20141017,19.614,19.614,19.568,19.568,18831,0
20141020,19.568,19.568,19.568,19.568,4124,0
20141021,19.66,19.66,19.296,19.568,1064,0
20141022,19.568,19.568,19.259,19.568,10549,0
20141023,19.568,19.66,19.351,19.568,3269,0
20141024,19.568,19.578,19.286,19.286,1162,0
20141027,19.296,19.296,19.286,19.296,143,0
20141028,19.386,19.386,19.113,19.386,1523,0
20141029,19.386,19.386,18.695,19.277,1267,0
20141030,18.859,19.568,18.859,19.568,4120,0
20141031,19.568,19.568,19.122,19.568,10924,0
20141103,19.568,19.66,19.351,19.386,5101,0
20141104,19.432,19.568,19.304,19.568,3083,0
20141105,19.432,19.523,19.432,19.441,387,0
20141106,19.568,19.568,19.359,19.359,211,0
20141107,19.368,19.368,19.132,19.168,6897,0
20141110,19.113,19.113,18.931,19.113,1250,0
20141112,19.113,19.296,18.941,19.296,7400,0
20141113,19.296,19.296,18.886,19.296,13325,0
20141114,19.023,19.386,19.023,19.386,1139,0
20141117,19.568,20.297,19.568,20.033,43651,0
20141118,20.287,20.707,20.17,20.707,37124,0
20141119,20.707,20.842,20.342,20.797,120457,0
20141120,20.752,21.981,20.342,21.662,239264,0
20141121,21.571,21.971,21.479,21.817,30515,0
20141124,21.799,21.899,21.544,21.78,138107,0
20141125,21.844,21.844,21.662,21.844,35338,0
20141126,21.479,21.662,21.479,21.479,2641,0
20141127,21.389,21.389,20.979,21.034,4571,0
20141128,20.979,21.434,20.67,21.27,7216,0
20141201,20.971,20.971,20.807,20.842,5873,0
20141202,20.906,21.116,20.797,21.116,8825,0
20141203,21.207,21.298,21.188,21.298,7781,0
20141204,21.289,21.298,21.188,21.188,24367,0
20141205,20.934,21.116,20.934,21.098,2890,0
20141208,21.098,21.389,20.797,21.389,10040,0
20141209,21.389,21.744,21.298,21.708,134381,0
20141210,21.389,21.708,21.389,21.708,39949,0
20141211,21.662,22.008,21.398,21.844,78130,0
20141212,21.844,21.899,21.389,21.753,10726,0
20141215,21.753,21.753,21.389,21.753,3270,0
20141216,21.753,21.753,20.934,21.07,13094,0
20141217,20.934,20.934,20.342,20.934,28267,0
20141218,20.924,21.207,20.916,21.116,4567,0
20141219,21.116,21.844,20.842,21.844,30727,0
20141222,21.844,21.844,21.307,21.844,71737,0
20141223,21.844,21.844,21.498,21.844,25869,0
20141229,21.844,22.208,21.635,22.208,51523,0
20141230,22.208,22.263,21.762,21.762,153699,0
20150102,21.753,21.753,21.398,21.735,7585,0
20150105,21.298,21.753,21.116,21.662,7728,0
20150107,21.844,21.844,21.334,21.58,3832,0
20150108,21.825,21.844,21.27,21.753,33756,0
20150109,21.844,21.844,20.023,20.916,49993,0
20150112,20.67,21.844,20.66,21.844,36348,0
20150113,21.79,21.79,20.934,21.034,19765,0
20150114,20.807,21.744,20.807,21.389,10175,0
20150115,21.662,21.662,21.053,21.479,3503,0
20150116,21.479,21.479,21.207,21.479,6802,0
20150119,21.762,22.071,21.553,21.772,244337,0
20150120,21.844,21.844,21.479,21.571,2782,0
20150121,21.753,21.753,21.479,21.571,12525,0
20150122,21.571,21.571,21.344,21.571,25414,0
20150123,21.571,22.071,21.571,22.071,574009,0
20150126,22.026,22.381,21.872,21.872,109324,0
20150127,21.88,22.117,21.207,21.753,20372,0
20150128,21.298,21.662,21.298,21.662,8849,0
20150129,21.825,21.825,21.444,21.662,4675,0
20150130,21.844,21.844,21.489,21.744,5104,0
20150202,21.844,21.844,21.434,21.608,12763,0
20150203,21.835,21.844,21.608,21.753,25202,0
20150204,21.753,21.844,21.489,21.725,1964,0
20150205,21.516,21.708,21.516,21.708,2290,0
20150206,21.708,21.835,21.571,21.753,7105,0
20150209,21.753,21.753,21.598,21.598,1686,0
20150210,21.616,21.753,21.589,21.589,2637,0
20150211,21.744,21.744,21.598,21.598,2651,0
20150212,21.662,21.662,21.025,21.479,144464,0
20150213,21.362,21.479,20.87,21.262,43633,0
20150216,21.216,21.662,20.824,21.662,22926,0
20150217,21.708,21.708,21.116,21.389,5879,0
20150218,21.662,21.662,20.897,20.934,69563,0
20150219,20.934,21.207,20.934,21.025,1012,0
20150220,20.952,21.107,20.852,20.906,3525,0
20150223,20.906,21.27,20.906,20.934,1209,0
20150224,21.207,21.207,21.025,21.207,23306,0
20150225,20.979,21.698,20.979,21.389,4803,0
20150226,21.161,21.389,20.889,21.38,55505,0
20150227,21.344,21.471,21.116,21.207,38242,0
20150302,21.207,21.207,20.924,20.924,38266,0
20150303,21.025,21.298,20.934,21.116,4469,0
20150304,21.161,21.389,20.952,21.116,7801,0
20150305,21.116,21.389,21.07,21.352,28201,0
20150306,21.38,21.38,21.143,21.298,4766,0
20150309,21.207,21.362,21.161,21.161,26059,0
20150310,21.161,21.662,21.161,21.635,7399,0
20150311,21.69,21.69,21.207,21.571,11432,0
20150312,21.635,21.635,21.252,21.27,3582,0
20150313,21.207,21.207,21.125,21.198,5327,0
20150316,21.134,21.598,21.134,21.434,4268,0
20150317,21.479,22.117,21.344,21.981,31857,0
20150318,22.026,22.208,21.935,22.208,9182,0
20150319,22.28,22.29,21.498,22.099,16911,0
20150320,21.853,22.198,21.853,22.09,9002,0
20150323,21.844,21.844,21.298,21.571,31738,0
20150324,21.389,21.571,21.344,21.571,14741,0
20150325,21.352,21.571,21.252,21.252,27978,0
20150326,21.262,21.262,20.451,20.934,137525,0
20150327,20.916,21.434,20.66,21.098,11868,0
20150330,20.943,21.116,20.861,20.924,17947,0
20150331,21.107,21.107,20.861,21.025,59618,0
20150401,20.861,20.934,20.66,20.688,44232,0
20150402,20.688,20.688,20.625,20.625,10221,0
20150407,20.66,20.67,20.57,20.606,11812,0
20150408,20.66,20.66,20.224,20.66,10400,0
20150409,20.66,20.66,20.306,20.342,35641,0
20150410,20.306,20.496,20.115,20.115,43270,0
20150413,20.115,20.279,20.115,20.151,5714,0
20150414,20.215,21.389,20.215,21.252,117890,0
20150415,20.934,21.289,20.66,20.761,8229,0
20150416,20.788,21.298,20.788,21.298,2749,0
20150417,21.298,21.298,21.161,21.252,16784,0
20150420,21.325,21.325,20.934,20.971,3471,0
20150421,20.971,21.116,20.934,20.934,17840,0
20150422,21.143,21.161,20.934,20.934,5111,0
20150423,20.952,20.952,20.615,20.615,21883,0
20150424,20.561,20.588,20.224,20.57,42437,0
20150427,20.57,20.57,20.479,20.524,1680,0
20150428,20.479,21.825,20.479,21.825,39159,0
20150429,21.325,21.817,21.216,21.216,3642,0
20150430,21.207,21.298,20.961,21.298,2206,0
20150504,20.971,21.398,20.971,21.398,4405,0
20150505,21.17,21.398,21.08,21.134,57491,0
20150506,21.362,21.407,21.207,21.407,34942,0
20150507,21.344,21.344,21.161,21.17,11399,0
20150508,21.116,21.28,20.861,20.988,7215,0
20150511,20.934,21.034,20.842,20.842,2015,0
20150512,20.842,20.979,20.578,20.87,95202,0
20150513,20.861,21.152,20.842,21.07,1534,0
20150514,20.643,20.934,20.643,20.842,1860,0
20150515,20.66,20.934,20.66,20.889,1031,0
20150518,20.934,20.934,20.57,20.679,6730,0
20150519,20.715,20.752,20.297,20.479,22666,0
20150520,20.488,20.842,20.469,20.479,10374,0
20150521,20.934,20.934,20.388,20.388,2996,0
20150522,20.469,20.469,20.342,20.451,9987,0
20150525,21.116,21.116,20.351,20.351,3211,0
20150526,20.342,20.461,20.123,20.123,5895,0
20150527,20.115,20.123,18.95,19.532,16364,0
20150528,19.541,19.796,19.541,19.76,6497,0
20150529,19.742,19.742,19.587,19.724,13294,0
20150601,20.16,20.16,19.75,19.769,1386,0
20150602,19.878,20.342,19.669,19.669,14507,0
20150603,19.796,20.324,19.796,19.805,2850,0
20150605,19.796,20.105,19.66,19.933,1292,0
20150608,19.705,20.023,19.705,19.842,1568,0
20150609,19.705,20.023,19.505,19.505,4548,0
20150610,19.532,19.978,19.532,19.978,871,0
20150611,19.978,19.978,19.75,19.76,2032,0
20150612,19.796,19.96,19.623,19.623,454,0
20150615,19.887,19.887,19.478,19.65,4175,0
20150616,19.623,19.623,19.478,19.486,546,0
20150617,19.924,19.924,19.523,19.523,2106,0
20150618,19.532,19.56,19.204,19.204,5384,0
20150619,19.214,19.742,18.904,19.459,5332,0
20150622,19.204,19.204,18.822,19.177,3581,0
20150623,19.187,19.187,18.849,19.105,1675,0
20150624,19.122,19.204,18.868,19.05,3278,0
20150625,19.113,19.113,18.386,19.113,5752,0
20150626,19.132,19.132,18.386,18.931,36256,0
20150629,18.204,18.204,17.202,17.748,21944,0
20150630,17.748,18.34,17.293,17.293,18482,0
20150701,17.293,17.384,17.111,17.284,9243,0
20150702,17.748,17.748,17.157,17.157,8942,0
20150703,17.475,17.475,17.293,17.293,1210,0
20150706,17.293,17.976,17.293,17.976,2241,0
20150707,18.185,18.331,17.293,17.293,17067,0
20150708,17.293,17.739,17.284,17.649,6100,0
20150709,17.612,17.976,17.575,17.976,6272,0
20150710,18.067,18.157,17.567,18.012,6560,0
20150713,18.103,18.367,17.967,18.112,14547,0
20150714,18.204,18.204,17.985,18.094,4961,0
20150715,18.112,18.112,17.666,17.739,10671,0
20150716,18.04,18.04,17.567,17.612,31123,0
20150717,17.657,17.657,17.52,17.52,15232,0
20150720,17.721,17.721,17.248,17.248,15976,0
20150721,17.256,17.475,17.111,17.157,39613,0
20150722,17.202,17.275,16.656,16.747,13634,0
20150723,16.747,17.111,16.747,16.911,9052,0
20150724,16.911,17.239,16.656,16.701,16708,0
20150727,16.93,16.93,16.656,16.747,15832,0
20150728,16.883,17.184,16.701,16.747,26474,0
20150729,16.848,16.848,16.292,16.365,63491,0
20150730,16.721,16.721,16.452,16.48,14405,0
20150731,16.77,16.77,16.49,16.529,110972,0
20150803,16.673,16.818,16.095,16.114,30409,0
20150804,16.577,16.577,16.288,16.384,27707,0
20150805,16.49,16.673,16.191,16.22,46666,0
20150806,16.268,16.268,16.056,16.056,17365,0
20150807,16.095,16.095,15.42,15.613,34611,0
20150810,15.613,15.613,14.852,15.314,184814,0
20150811,15.179,15.603,15.179,15.517,27079,0
20150812,15.517,15.661,15.42,15.661,8514,0
20150813,15.806,15.854,15.69,15.738,7144,0
20150814,15.748,16.307,15.748,16.095,7136,0
20150817,16.095,16.721,16.095,16.606,17573,0
20150818,16.625,16.895,16.625,16.625,26996,0
20150819,16.625,16.904,16.625,16.904,12991,0
20150820,16.904,17.251,16.856,17.155,57834,0
20150821,17.155,17.155,16.972,17.145,5098,0
20150824,16.866,16.866,16.095,16.374,23761,0
20150825,15.912,16.558,15.902,16.288,6571,0
20150826,16.288,16.384,15.709,16.278,13982,0
20150827,16.288,16.384,16.288,16.365,10159,0
20150828,16.384,16.384,15.931,16.384,6361,0
20150831,16.384,16.847,16.384,16.673,12253,0
20150901,16.384,16.384,15.459,15.893,22129,0
20150902,15.999,16.268,15.305,15.42,15729,0
20150903,15.42,15.594,15.035,15.112,8032,0
20150904,14.775,15.218,14.755,14.765,14905,0
20150907,14.457,14.457,13.792,14.177,57958,0
20150908,14.177,14.929,14.167,14.929,55190,0
20150909,15.112,15.112,14.62,14.987,20796,0
20150910,16.268,16.268,15.42,15.43,61164,0
20150911,15.671,15.671,15.295,15.623,31193,0
20150914,15.709,15.709,15.006,15.343,13344,0
20150915,15.343,15.42,15.189,15.42,12412,0
20150916,15.468,15.526,15.237,15.343,7398,0
20150917,15.555,15.555,14.938,15.391,18626,0
20150918,15.42,15.42,15.044,15.044,41471,0
20150921,15.228,15.276,15.054,15.228,2354,0
20150922,15.42,15.42,15.131,15.141,29651,0
20150923,15.237,15.237,14.457,14.601,57437,0
20150924,14.746,14.746,13.984,14.418,17766,0
20150925,14.418,15.517,14.331,15.016,10083,0
20150928,15.073,15.073,14.466,14.466,15516,0
20150929,14.457,14.64,14.457,14.505,6465,0
20150930,15.025,15.353,14.842,15.016,3730,0
20151001,15.218,15.391,15.131,15.314,11238,0
20151002,15.401,15.401,15.044,15.044,3031,0
20151005,15.044,15.228,15.044,15.141,5476,0
20151006,15.228,15.228,15.131,15.228,3975,0
20151007,15.179,15.228,15.083,15.131,36067,0
20151008,15.179,15.179,15.044,15.054,2887,0
20151009,15.131,15.594,15.083,15.42,17921,0
20151012,15.372,15.603,15.372,15.42,1110,0
20151013,15.44,15.594,15.42,15.526,18990,0
20151014,15.574,15.574,15.035,15.179,17067,0
20151015,15.228,15.517,15.179,15.228,22262,0
20151016,15.536,15.594,15.42,15.536,1923,0
20151019,15.594,16.047,15.584,15.806,9367,0
20151020,15.979,15.979,15.517,15.613,8925,0
20151021,15.883,15.883,15.468,15.546,2430,0
20151022,15.825,15.825,15.517,15.613,3438,0
20151023,15.825,15.825,15.584,15.661,3969,0
20151026,15.806,15.806,15.623,15.671,1823,0
20151027,15.835,15.835,15.43,15.536,6538,0
20151028,15.632,15.632,15.536,15.565,159,0
20151029,15.546,15.806,15.237,15.806,33056,0
20151030,15.806,15.806,15.488,15.806,12985,0
20151102,15.825,15.902,15.709,15.806,12255,0
20151103,15.806,15.806,15.709,15.709,2344,0
20151104,15.806,15.806,15.661,15.709,1866,0
20151105,15.902,15.902,15.613,15.652,1704,0
20151106,15.661,15.661,15.517,15.517,778,0
20151109,15.517,15.517,15.228,15.256,472,0
20151110,15.256,15.256,15.131,15.179,8293,0
20151112,14.996,15.15,14.842,15.15,1278,0
20151113,15.179,15.179,15.044,15.112,1144,0
20151116,14.649,14.726,14.216,14.726,21779,0
20151117,14.717,14.726,14.399,14.726,5016,0
20151118,14.717,14.717,14.457,14.64,1057,0
20151119,14.697,14.697,14.553,14.553,6258,0
20151120,14.755,15.228,14.466,15.199,24746,0
20151123,15.199,15.199,14.881,15.15,3393,0
20151124,15.179,15.179,14.881,15.083,255752,0
20151125,15.199,15.199,14.919,15.179,3293,0
20151126,15.112,15.902,15.035,15.854,21026,0
20151127,15.844,15.95,15.758,15.902,16650,0
20151130,15.902,16.384,15.565,16.384,18945,0
20151201,16.461,16.76,16.326,16.48,27974,0
20151202,16.48,16.962,16.48,16.962,19678,0
20151203,16.962,17.059,16.558,16.866,121990,0
20151204,16.866,16.943,16.625,16.75,272306,0
20151207,16.548,16.75,16.548,16.606,74418,0
20151208,16.721,16.721,16.172,16.625,16089,0
20151209,16.577,16.577,16.22,16.22,4674,0
20151210,16.105,16.625,16.105,16.384,50530,0
20151211,16.721,16.721,16.442,16.577,3911,0
20151214,16.577,16.577,16.384,16.538,1763,0
20151215,16.529,16.529,15.574,16.384,27335,0
20151216,16.384,16.384,15.893,16.384,8176,0
20151217,16.191,16.384,15.864,16.384,20101,0
20151218,16.384,16.384,15.999,16.374,2083,0
20151221,16.374,16.374,16.191,16.268,3856,0
20151222,16.268,16.577,16.259,16.529,33978,0
20151223,16.654,16.654,16.48,16.577,26740,0
20151228,16.673,16.673,16.278,16.577,29238,0
20151229,16.664,16.673,16.384,16.673,23708,0
20151230,16.673,17.348,16.394,17.348,71646,0
20160104,17.338,17.338,16.962,17.107,3882,0
20160105,16.972,17.338,16.876,17.059,62089,0
20160107,16.866,16.866,16.384,16.423,2374,0
20160108,16.529,16.76,16.452,16.529,1641,0
20160111,16.403,16.403,16.076,16.297,2373,0
20160112,16.49,16.509,16.297,16.509,824,0
20160113,16.519,16.577,16.519,16.577,1562,0
20160114,16.49,16.49,16.008,16.442,953,0
20160115,16.529,16.529,16.211,16.239,104,0
20160118,15.931,16.182,15.565,16.124,2355,0
20160119,15.767,16.085,15.767,15.767,819,0
20160120,15.661,15.661,15.228,15.228,2865,0
20160121,15.199,15.199,14.746,14.746,1708,0
20160122,14.697,14.746,14.697,14.697,4823,0
20160125,14.746,14.89,14.476,14.746,21889,0
20160126,14.832,15.131,14.697,15.054,31394,0
20160127,15.054,15.054,14.746,14.746,15251,0
20160128,15.17,15.228,14.938,15.122,1581,0
20160129,15.228,15.228,14.938,15.179,35716,0
20160201,15.17,15.17,14.938,14.938,1761,0
20160202,14.938,15.122,14.803,15.122,170,0
20160203,14.803,15.122,14.803,15.035,365,0
20160204,14.938,15.035,14.765,14.794,7999,0
20160205,15.035,15.035,14.842,14.938,601,0
20160208,15.228,15.228,15.035,15.035,9096,0
20160209,15.131,15.131,14.746,14.929,394,0
20160210,15.102,15.131,14.765,14.919,3278,0
20160211,14.909,14.929,14.794,14.832,2251,0
20160212,14.842,14.842,14.669,14.746,15989,0
20160215,14.803,15.131,14.775,15.035,9640,0
20160216,15.016,15.016,14.755,15.006,3587,0
20160217,14.755,15.035,14.755,14.842,4585,0
20160218,14.794,15.073,14.794,14.938,3721,0
20160219,15.064,15.064,14.697,15.025,10945,0
20160222,14.852,15.044,14.852,14.977,1272,0
20160223,14.977,14.977,14.794,14.9,9531,0
20160224,14.977,14.977,14.938,14.938,1767,0
20160225,15.035,15.035,14.967,15.025,1545,0
20160226,15.035,15.989,15.035,15.989,17031,0
20160229,16.191,16.191,15.44,16.047,4275,0
20160301,16.191,16.191,15.709,15.787,1470,0
20160302,15.7,15.729,15.546,15.69,199522,0
20160303,15.69,15.69,15.42,15.42,2644,0
20160304,15.517,15.709,15.517,15.69,1215,0
20160307,15.69,15.7,15.661,15.671,7840,0
20160308,15.661,15.671,14.563,14.746,39244,0
20160309,14.553,14.553,13.3,14.524,69365,0
20160310,14.505,14.505,14.071,14.071,4088,0
20160311,14.119,14.167,13.984,14.119,7282,0
20160314,14.032,14.032,13.792,13.975,16360,0
20160315,14.023,14.023,13.878,13.975,4418,0
20160316,13.811,13.975,13.801,13.801,3130,0
20160317,13.878,13.878,13.763,13.869,5215,0
20160318,13.975,13.975,13.792,13.869,8060,0
20160321,13.859,13.859,13.734,13.859,11034,0
20160322,13.975,13.975,13.541,13.686,6259,0
20160323,13.686,13.955,13.637,13.782,15625,0
20160324,13.705,13.955,13.705,13.782,9274,0
20160329,13.83,13.936,13.83,13.84,10904,0
20160330,13.994,15.372,13.743,15.305,568493,0
20160331,15.305,15.787,14.987,15.787,65494,0
20160401,15.854,15.854,15.208,15.709,16131,0
20160404,15.709,15.709,15.285,15.391,3825,0
20160405,15.237,15.237,14.803,15.035,13313,0
20160406,14.987,15.228,14.601,14.909,6890,0
20160407,15.035,15.893,14.784,15.334,171146,0
20160408,15.324,15.324,15.131,15.15,15508,0
20160411,15.15,15.324,15.141,15.141,9509,0
20160412,15.314,15.324,15.15,15.237,6798,0
20160413,15.314,15.324,15.247,15.305,5421,0
20160414,15.266,15.314,15.247,15.305,2048,0
20160415,15.305,15.42,15.295,15.295,12985,0
20160418,15.449,15.449,15.247,15.314,951,0
20160419,15.247,15.324,15.247,15.324,3639,0
20160420,15.237,15.324,14.987,14.996,6557,0
20160421,15.073,15.314,15.073,15.17,6998,0
20160422,15.16,15.16,15.131,15.141,2886,0
20160425,15.218,15.218,14.794,14.929,13163,0
20160426,14.861,14.9,14.736,14.823,5081,0
20160427,14.842,14.842,14.62,14.823,5015,0
20160428,14.794,14.9,14.36,14.9,40397,0
20160429,14.9,14.938,14.9,14.929,2744,0
20160502,15.199,15.218,15.073,15.073,1123,0
20160504,15.064,15.064,14.678,14.987,2806,0
20160505,15.073,15.093,14.842,14.852,3171,0
20160506,14.948,14.948,14.659,14.717,8924,0
20160509,14.938,14.938,14.726,14.842,51010,0
20160510,14.842,14.89,14.457,14.678,3191,0
20160511,14.678,14.697,14.524,14.697,19265,0
20160512,14.736,14.736,14.485,14.553,1316,0
20160513,14.553,14.601,14.476,14.601,3970,0
20160516,14.283,14.861,14.283,14.861,1885,0
20160517,14.264,14.264,13.792,14.061,17937,0
20160518,13.936,13.946,13.686,13.869,7617,0
20160519,13.984,13.994,13.021,13.734,22808,0
20160520,13.878,13.975,13.83,13.926,1582,0
20160523,13.946,13.946,13.84,13.907,524,0
20160524,13.907,13.907,13.31,13.31,6525,0
20160525,13.493,13.907,13.493,13.647,2964,0
20160527,13.686,13.888,13.686,13.878,218,0
20160530,13.926,14.379,13.686,14.379,3237,0
20160531,14.418,14.649,14.1,14.649,5452,0
20160601,14.553,14.553,13.984,14.408,21843,0
20160602,14.457,14.457,13.907,14.167,5961,0
20160603,14.167,14.167,13.714,14.023,10642,0
20160606,14.36,14.36,13.782,13.878,2301,0
20160607,13.878,13.878,13.628,13.686,3730,0
20160608,13.628,13.878,13.57,13.869,2357,0
20160609,13.599,13.878,13.599,13.878,5380,0
20160610,13.955,13.955,13.647,13.878,3556,0
20160613,13.936,13.936,13.589,13.849,4204,0
20160614,13.82,13.82,13.57,13.666,53643,0
20160615,13.589,13.772,13.589,13.628,581,0
20160616,13.695,13.695,13.377,13.628,3430,0
20160617,13.878,13.878,13.493,13.618,515,0
20160620,13.859,13.859,13.522,13.608,5005,0
20160621,13.695,13.695,13.522,13.608,1719,0
20160622,13.686,13.686,13.367,13.589,16804,0
20160623,13.589,13.589,13.512,13.512,4591,0
20160624,12.654,13.088,12.143,12.731,32856,0
20160627,13.059,13.059,12.529,12.529,4975,0
20160628,12.577,12.914,12.047,12.047,14216,0
20160629,12.433,12.433,11.189,11.469,40380,0
20160630,11.604,11.671,11.469,11.652,2602,0
20160701,11.854,11.854,11.662,11.662,3913,0
20160704,11.584,11.951,11.43,11.951,5401,0
20160705,11.999,12.134,11.758,12.134,2326,0
20160706,11.951,11.951,11.565,11.565,4680,0
20160707,11.613,11.613,11.478,11.613,1167,0
20160708,11.527,11.613,11.527,11.565,1196,0
20160711,11.613,11.652,11.517,11.652,1695,0
20160712,11.662,11.662,11.594,11.633,1280,0
20160713,11.633,12.24,11.613,12.24,43236,0
20160714,12.24,12.645,12.24,12.635,3379,0
20160715,12.529,12.722,12.51,12.722,9928,0
20160718,12.924,13.329,12.77,13.329,8534,0
20160719,13.377,13.628,13.088,13.618,5553,0
20160720,13.637,14.071,13.637,13.946,64772,0
20160721,13.946,13.975,13.82,13.82,54536,0
20160722,13.782,13.782,13.329,13.406,2493,0
20160725,13.753,13.753,13.387,13.387,1486,0
20160726,13.396,13.396,12.741,13.233,5316,0
20160727,13.242,13.242,12.963,12.972,2848,0
20160728,13.011,13.107,12.625,13.107,1523,0
20160729,13.107,13.107,13.001,13.049,1484,0
20160801,12.587,13.146,12.587,13.107,1244,0
20160802,13.146,13.3,12.914,13.281,2299,0
20160803,13.204,13.271,13.088,13.204,302,0
20160804,13.204,13.396,13.204,13.387,696,0
20160805,13.387,13.387,13.281,13.377,1057,0
20160808,13.223,13.473,13.213,13.473,608,0
20160809,13.473,13.473,13.29,13.29,785,0
20160810,13.252,13.261,13.223,13.252,1216,0
20160811,13.3,13.3,12.963,13.29,1544,0
20160812,13.3,13.3,13.136,13.155,2320,0
20160816,13.127,13.146,13.011,13.107,5050,0
20160817,13.493,13.493,13.011,13.107,2012,0
20160818,13.339,13.339,13.011,13.03,403,0
20160819,13.107,13.107,13.001,13.107,161,0
20160822,13.107,13.31,13.107,13.31,606,0
20160823,13.31,13.31,12.288,12.963,9173,0
20160824,13.001,13.29,12.529,12.674,3783,0
20160825,12.7217,13.0109,12.7217,12.741,1314,0
20160826,12.7507,13.4928,12.7507,13.4928,38103,0
20160829,13.4928,13.4928,12.6832,13.3,3986,0
20160830,13.6,13.6,13.16,13.53,2431,0
20160831,13.58,13.58,13.53,13.55,882,0
20160901,13.58,13.58,13.18,13.18,4919,0
20160902,13.55,13.55,13.4,13.4,294,0
20160905,13.55,13.55,13.22,13.22,992,0
20160906,13.32,13.45,13.21,13.45,556,0
20160907,13.45,13.45,12.95,13.19,4663,0
20160908,13.17,13.45,13,13.19,2974,0
20160909,13.29,13.35,13.15,13.35,2884,0
20160912,13.16,13.29,13.07,13.08,17039,0
20160913,13.29,13.35,13.12,13.3,12389,0
20160914,13.4,13.4,13.14,13.3,1298,0
20160915,13.4,13.4,13.15,13.38,3807,0
20160916,13.3,13.3,13.05,13.25,2152,0
20160919,13.29,13.29,12.97,13.23,2489,0
20160920,13.3,13.3,13.03,13.28,3432,0
20160921,13.28,13.28,13.08,13.2,672,0
20160922,13.29,13.36,13.15,13.34,2273,0
20160923,13.34,13.34,13.16,13.28,12026,0
20160926,13.27,13.27,13.15,13.2,1380,0
20160927,13.2,13.4,13.2,13.4,6072,0
20160928,13.49,13.5,13.3,13.5,3892,0
20160929,13.5,13.5,13.22,13.47,2190,0
20160930,13.48,13.5,13.21,13.21,4107,0
20161003,13.47,13.47,13.01,13.02,2123,0
20161004,13.28,13.4,13.05,13.4,2327,0
20161005,13.21,13.4,13.2,13.2,1742,0
20161006,13.4,13.4,13.25,13.25,1234,0
20161007,13.4,13.4,13.13,13.13,9904,0
20161010,13.13,13.19,13.13,13.19,918,0
20161011,13.15,13.15,12.5,13,7972,0
20161012,12.8,12.81,12.66,12.69,12417,0
20161013,13.04,13.04,12.7,12.7,5985,0
20161014,12.92,12.92,12.55,12.55,6337,0
20161017,12.6,12.87,12.55,12.61,4288,0
20161018,12.87,12.87,12.57,12.7,3571,0
20161019,12.8,12.8,12.13,12.6,8933,0
20161020,12.83,12.83,12.44,12.69,3958,0
20161021,12.8,12.8,12.41,12.43,9346,0
20161024,12.69,12.69,12.17,12.3,11171,0
20161025,12.5,12.5,12.39,12.49,2279,0
20161026,12.5,13.09,12.5,12.9,12773,0
20161027,12.89,13.24,12.89,13.24,90346,0
20161028,13.4,13.74,13.35,13.59,22220,0
20161031,13.74,13.8,12.78,13.55,46741,0
20161102,13.5,13.5,13.3,13.3,3616,0
20161103,13.39,13.39,13.13,13.35,4110,0
20161104,13.39,13.39,13.2,13.34,316,0
20161107,13.2,13.34,12.88,13.18,2859,0
