Date,Open,High,Low,Close,Volume,OpenInt
20070716,6240,9920,6160,9440,14030,0
20070717,9424,9600,8192,9280,2872,0
20070718,9408,9760,8976,9552,740,0
20070719,9336,12000,9200,12000,1246,0
20070720,12608,13472,11120,11920,1796,0
20070723,11920,11920,10448,10496,1006,0
20070724,10768,10768,9696,9760,427,0
20070725,9440,10864,8960,10720,1854,0
20070726,10832,11152,9760,9920,835,0
20070727,9936,10720,9792,9920,935,0
20070730,10296,10296,9360,9600,312,0
20070731,9920,10080,9360,9520,339,0
20070801,9200,9504,8160,8160,583,0
20070802,8480,8848,7856,8032,297,0
20070803,8240,8400,7856,8080,421,0
20070806,8000,8224,7552,7936,489,0
20070807,8016,8320,8016,8104,251,0
20070808,8000,8160,7792,7936,186,0
20070809,7992,8000,7680,7680,233,0
20070810,7280,7520,6160,6416,1268,0
20070813,6576,6752,6080,6080,205,0
20070814,6080,6558.4,5952,6400,605,0
20070816,5840,6464,5760,6400,797,0
20070817,6352,7324.8,6304,7324.8,856,0
20070820,7744,7776,7024,7217.6,530,0
20070821,7200,7200,6640,6800,178,0
20070822,6880,7520,6880,7504,494,0
20070823,7600,7680,7280,7360,589,0
20070824,7200,7436.8,6960,7424,51,0
20070827,7296,7710.4,7296,7648,244,0
20070828,7408,7552,7264,7296,54,0
20070829,6976,7440,6976,7184,300,0
20070830,7209.6,7420.8,5040,5760,3474,0
20070831,6192,6304,5632,5728,2247,0
20070903,5728,5728,5160,5168,1635,0
20070904,5120,5120,4721.6,4881.6,1321,0
20070905,5120,5248,4928,4928,2005,0
20070906,5008,5272,5008,5184,813,0
20070907,5344,6465.6,5217.6,6016,3636,0
20070910,6160,6736,5760,5824,4193,0
20070911,6088,6531.2,5888,6240,2386,0
20070912,6320,6475.2,6144,6240,887,0
20070913,6288,6432,6208,6241.6,1014,0
20070914,6302.4,6320,5952,6160,530,0
20070917,6000,6048,5840,5888,331,0
20070918,5697.6,5872,5456,5840,877,0
20070919,6080,6208,5888,5937.6,512,0
20070920,5920,5920,5608,5712,380,0
20070921,5779.2,5824,5680,5760,417,0
20070924,6112,6392,6056,6096,1964,0
20070925,6208,6208,6016,6078.4,670,0
20070926,6048,6075.2,5921.6,5964.8,339,0
20070927,5808,5920,5680,5712,585,0
20070928,5632,5632,5248,5499.2,800,0
20071001,5440,5598.4,5328,5400,195,0
20071002,5440,5440,5080,5169.6,331,0
20071003,5120,5120,4832,4896,738,0
20071004,4920,5115.2,4915.2,5115.2,293,0
20071005,5262.4,5360,5200,5206.4,317,0
20071008,5248,5392,5208,5328,226,0
20071009,5328,5328,5220.8,5220.8,141,0
20071010,5200,5216,5040,5112,266,0
20071011,5185.6,5185.6,4976,4992,306,0
20071012,4993.6,5059.2,4963.2,5009.6,336,0
20071015,5056,5184,4944,5008,173,0
20071016,5008,5040,4944,4952,226,0
20071017,4952,4992,4768,4792,700,0
20071018,4800,4800,4560,4624,406,0
20071019,4641.6,4944,4624,4889.6,851,0
20071022,4912,5392,4912,5281.6,2483,0
20071023,5520,5964.8,5440,5920,2240,0
20071024,5824,6368,5776,5840,1898,0
20071025,5952,6128,5680,5788.8,742,0
20071026,5792,5792,5534.4,5553.6,640,0
20071029,5616,5728,5534.4,5580.8,296,0
20071030,5560,5560,5296,5376,371,0
20071031,5393.6,5624,5331.2,5488,361,0
20071102,5374.4,5488,5296,5488,244,0
20071105,5438.4,5488,5281.6,5424,157,0
20071106,5440,5472,5312,5432,157,0
20071107,5536,5664,5120,5168,427,0
20071108,4832,5264,4816,5152,405,0
20071109,5248,5320,4992,5128,206,0
20071112,5022.4,5200,4976,5128,207,0
20071113,5200,5244.8,5040,5200,254,0
20071114,5270.4,5320,5088,5120,256,0
20071115,5120,5132.8,4960,5009.6,447,0
20071116,4897.6,4976,4561.6,4944,416,0
20071119,4929.6,5088,4816,4832,204,0
20071120,4832,4864,4592,4720,274,0
20071121,4640,4672,4401.6,4401.6,573,0
20071122,4321.6,4576,3891.2,4464,1060,0
20071123,4416,4544,4384,4488,289,0
20071126,4576,4576,4401.6,4480,236,0
20071127,4400,4480,4320,4480,125,0
20071128,4512,4638.4,4435.2,4636.8,475,0
20071129,4736,5040,4736,4878.4,560,0
20071130,4928,4944,4848,4926.4,163,0
20071203,4944,4944,4800,4816,115,0
20071204,4640,4862.4,4560,4592,534,0
20071205,4912,5728,4880,5712,3019,0
20071206,5760,5896,5248,5416,1761,0
20071207,5448,5518.4,5136,5136,588,0
20071210,5144,5360,4992,5312,668,0
20071211,5312,5406.4,5280,5360,316,0
20071212,5264,5680,5248,5552,544,0
20071213,5440,5584,5280,5286.4,336,0
20071214,5360,5488,5280,5313.6,202,0
20071217,5248,5432,5136,5283.2,412,0
20071218,5328,5328,5048,5280,281,0
20071219,5328,5328,5120,5136,360,0
20071220,5120,5224,5092.8,5153.6,180,0
20071221,5168,5184,5104,5120,240,0
20071227,5152,5200,5088,5184,104,0
20071228,5104,5264,5104,5200,54,0
20080102,5352,5352,5264,5289.6,215,0
20080103,5352,5352,5296,5344,213,0
20080104,5328,5392,5264,5299.2,155,0
20080107,5280,5288,5156.8,5264,193,0
20080108,5224,5264,4944,5160,301,0
20080109,4992,4992,4800,4876.8,207,0
20080110,4864,4968,4662.4,4907.2,228,0
20080111,5120,5259.2,5024,5084.8,437,0
20080114,5084.8,5084.8,4896,4960,260,0
20080115,4940.8,5080,4784,4784,115,0
20080116,4640,4720,4480,4576,292,0
20080117,4752,4880,4585.6,4768,253,0
20080118,4656,5504,4656,5430.4,1196,0
20080121,5222.4,5744,5136,5176,1153,0
20080122,4848,5280,4833.6,5216,1130,0
20080123,5440,5440,5008,5216,301,0
20080124,5408,5408,5056,5121.6,1028,0
20080125,5136,5200,4977.6,5072,318,0
20080128,4960,5118.4,4896,4912,205,0
20080129,4960,5000,4915.2,4918.4,258,0
20080130,4936,4960,4880,4942.4,85,0
20080131,4928,4928,4824,4848,141,0
20080201,4849.6,4988.8,4849.6,4988.8,194,0
20080204,4976,4976,4683.2,4776,1133,0
20080205,4800,4800,4721.6,4769.6,566,0
20080206,4712,4766.4,4672,4766.4,172,0
20080207,4800,4800,4688,4752,126,0
20080208,4752,4784,4704,4720,60,0
20080211,4736,4816,4720,4784,150,0
20080212,4860.8,4860.8,4809.6,4848,100,0
20080213,4848,4856,4736,4848,101,0
20080214,4848,4848,4752,4800,147,0
20080215,4784,4801.6,4768,4785.6,49,0
20080218,4736,4800,4736,4800,90,0
20080219,4792,4792,4736,4768,50,0
20080220,4768,4784,4740.8,4761.6,50,0
20080221,4766.4,5128,4736,4992,404,0
20080222,4928,5088,4900.8,4958.4,90,0
20080225,4931.2,4977.6,4856,4857.6,102,0
20080226,4848,4928,4801.6,4864,54,0
20080227,4873.6,4880,4768,4784,100,0
20080228,4848,4848,4763.2,4768,158,0
20080229,4835.2,4848,4764.8,4800,58,0
20080303,4720,4720,4560,4704,135,0
20080304,4704,4704,4568,4569.6,73,0
20080305,4561.6,4624,4457.6,4540.8,154,0
20080306,4512,4520,4464,4508.8,71,0
20080307,4523.2,4523.2,4416,4480,45,0
20080310,4531.2,4531.2,4464,4464,27,0
20080311,4529.6,5116.8,4529.6,4905.6,886,0
20080312,4992,5032,4816,4878.4,476,0
20080313,4768,4848,4617.6,4718.4,86,0
20080314,4780.8,4780.8,4660.8,4672,111,0
20080317,4752,4910.4,4608,4752,349,0
20080318,4801.6,4862.4,4729.6,4800,116,0
20080319,4804.8,4806.4,4691.2,4720,103,0
20080320,4688,4752,4688,4707.2,24,0
20080325,4713.6,4760,4713.6,4744,24,0
20080326,4734.4,4734.4,4640,4649.6,45,0
20080327,4648,4712,4640,4656,104,0
20080328,4625.6,4688,4625.6,4641.6,71,0
20080331,4628.8,4704,4627.2,4702.4,18,0
20080401,4704,4704,4640,4680,50,0
20080402,4720,4720,4656,4704,34,0
20080403,4672,4672,4576,4577.6,89,0
20080404,4590.4,4592,4512,4582.4,78,0
20080407,4532.8,4612.8,4529.6,4531.2,33,0
20080408,4560,4560,4464,4480,136,0
20080409,4480,4480,4368,4432,178,0
20080410,4462.4,4476.8,4432,4432,65,0
20080411,4481.6,4481.6,4384,4398.4,54,0
20080414,4352,4352,4155.2,4192,277,0
20080415,4272,4272,3952,4056,190,0
20080416,4056,4056,3854.4,3854.4,117,0
20080417,3905.6,3947.2,3592,3600,243,0
20080418,3520,3808,3280,3440,765,0
20080421,3494.4,3520,3219.2,3219.2,490,0
20080422,3256,3302.4,2576,2620.8,2066,0
20080423,2641.6,2716.8,2328,2560,1774,0
20080424,2656,2700.8,2496,2672,1430,0
20080425,2723.2,3292.8,2723.2,3160,2469,0
20080428,3160,3300.8,3003.2,3088,712,0
20080429,2996.8,3129.6,2976,3120,481,0
20080430,3044.8,3136,3000,3040,1105,0
20080505,2979.2,2985.6,2688,2896,2202,0
20080506,2800,2918.4,2704,2896,631,0
20080507,2864,3104,2848,2992,1065,0
20080508,2992,3086.4,2896,3048,347,0
20080509,3008,3292.8,3008,3288,1085,0
20080512,3328,4025.6,3296,3952,1792,0
20080513,3936,3944,3580.8,3755.2,1225,0
20080514,3680,3904,3680,3868.8,892,0
20080515,3833.6,4214.4,3772.8,4112,732,0
20080516,4001.6,4112,3904,4020.8,665,0
20080519,4001.6,4059.2,3792,4011.2,416,0
20080520,3904,4016,3904,4016,363,0
20080521,3985.6,4046.4,3953.6,4016,154,0
20080523,4052.8,4832,4052.8,4544,1448,0
20080526,4592,4768,4560,4720,1163,0
20080527,4784,5150.4,4691.2,4880,1404,0
20080528,4928,4976,3904,3904,2188,0
20080529,4032,4480,3936,4204.8,2011,0
20080530,4142.4,4160,3984,4048,633,0
20080602,4320,4622.4,4288,4561.6,1059,0
20080603,4561.6,4768,4513.6,4558.4,554,0
20080604,4515.2,4544,4320,4384,320,0
20080605,4400,4400,4080,4182.4,326,0
20080606,4176,4400,4176,4208,373,0
20080609,4240,4640,4240,4368,806,0
20080610,4400,4400,4176,4209.6,285,0
20080611,4128,4272,4056,4072,222,0
20080612,4032,4136,4000,4080,187,0
20080613,4176,4176,3936,4080,104,0
20080616,4080,4208,3972.8,4062.4,116,0
20080617,4032,4078.4,3955.2,4000,72,0
20080618,3936,4060.8,3936,4000,74,0
20080619,3944,4000,3860.8,3889.6,54,0
20080620,3920,4048,3888,3952,193,0
20080623,3920,4016,3840,3952,58,0
20080624,3857.6,3952,3744,3952,258,0
20080625,3888,3984,3888,3920,49,0
20080626,3950.4,3968,3884.8,3904,32,0
20080627,3840,3840,3713.6,3752,104,0
20080630,3680,3680,3600,3601.6,188,0
20080701,3601.6,3601.6,3552,3601.6,487,0
20080702,3632,3632,3520,3552,47,0
20080703,3443.2,3520,3443.2,3516.8,41,0
20080704,3448,3472,3448,3472,23,0
20080707,3566.4,3566.4,3136,3216,124,0
20080708,3104,3264,3041.6,3112,193,0
20080709,3123.2,3216,3056,3150.4,149,0
20080710,3060.8,3136,2960,2960,165,0
20080711,2883.2,2958.4,2720,2720,317,0
20080714,2828.8,2828.8,2720,2720,75,0
20080715,2640,2720,2536,2536,182,0
20080716,2512,2832,2512,2692.8,257,0
20080717,2816,2912,2816,2881.6,252,0
20080718,2960,2976,2808,2808,191,0
20080721,2808,2816,2707.2,2782.4,80,0
20080722,2798.4,2798.4,2648,2720,84,0
20080723,2736,2808,2689.6,2740.8,153,0
20080724,2721.6,2724.8,2600,2600,130,0
20080725,2576,2672,2560,2592,157,0
20080728,2592,2656,2592,2608,76,0
20080729,2736,2992,2672,2888,1642,0
20080730,2960,3024,2848,2880,1126,0
20080731,2806.4,2862.4,2676.8,2702.4,698,0
20080801,2688,2696,2601.6,2668.8,308,0
20080804,2668.8,2696,2576,2576,322,0
20080805,2576,2624,2529.6,2560,344,0
20080806,2720,2856,2672,2675.2,1185,0
20080807,2627.2,2656,2529.6,2563.2,593,0
20080808,2590.4,2590.4,2452.8,2515.2,451,0
20080811,2528,2528,2240,2368,1057,0
20080812,2336,2560,2256,2436.8,699,0
20080813,2480,2512,2368,2376,323,0
20080814,2384,2440,2336,2371.2,168,0
20080818,2510.4,2624,2448,2478.4,815,0
20080819,2411.2,2472,2361.6,2384,233,0
20080820,2384,2416,2352,2352,176,0
20080821,2398.4,2398.4,2336,2356.8,329,0
20080822,2400,2496,2384,2416,933,0
20080825,2456,2456,2352,2368,377,0
20080826,2366.4,2366.4,2320,2352,134,0
20080827,2366.4,2398.4,2337.6,2384,79,0
20080828,2396.8,2452.8,2353.6,2400,873,0
20080829,2480,2528,2384,2390.4,1075,0
20080901,2387.2,2408,2337.6,2352,277,0
20080902,2352,2360,2256,2275.2,475,0
20080903,2299.2,2318.4,2248,2268.8,254,0
20080904,2286.4,2350.4,2248,2288,352,0
20080905,2275.2,2310.4,2048,2048,672,0
20080908,2152,2224,2080,2144,598,0
20080909,2184,2192,2120,2140.8,159,0
20080910,2126.4,2128,2044.8,2081.6,153,0
20080911,2096,2096,1952,1976,417,0
20080912,1984,2000,1968,1968,149,0
20080915,2036.8,2187.2,2001.6,2084.8,1099,0
20080916,2019.2,2425.6,2016,2400,1920,0
20080917,2561.6,2720,2416,2416,2731,0
20080918,2352,2585.6,2241.6,2369.6,1134,0
20080919,2590.4,2635.2,2401.6,2440,1124,0
20080922,2504,2504,2396.8,2427.2,386,0
20080923,2396.8,2396.8,2281.6,2332.8,363,0
20080924,2358.4,2476.8,2352,2352,370,0
20080925,2328,2438.4,2320,2400,256,0
20080926,2368,2368,2305.6,2320,178,0
20080929,2321.6,2321.6,2145.6,2145.6,463,0
20080930,1984,2128,1984,2112,418,0
20081001,2112,2160,2056,2086.4,225,0
20081002,2142.4,2188.8,2056,2057.6,202,0
20081003,2088,2096,2036.8,2078.4,95,0
20081006,2038.4,2038.4,1872,1872,495,0
20081007,1918.4,1952,1736,1836.8,603,0
20081008,1680,1872,1600,1840,870,0
20081009,1840,1868.8,1763.2,1776,221,0
20081010,1632,1670.4,1472,1569.6,736,0
20081013,1664,1678.4,1536,1552,364,0
20081014,1648,1696,1595.2,1616,1250,0
20081015,1776,1840,1560,1584,2610,0
20081016,1520,1600,1392,1520,699,0
20081017,1630.4,1630.4,1393.6,1440,765,0
20081020,1489.6,1500.8,1408,1440,331,0
20081021,1488,1551.2,1424,1444.8,705,0
20081022,1376,1392,1280,1280,479,0
20081023,1232,1265.6,1040,1152,1241,0
20081024,1072,1120,1016,1088,695,0
20081027,1056,1145.6,1056,1080,745,0
20081028,1144,1152,1072,1072,872,0
20081029,1145.6,1145.6,1104,1104,1126,0
20081030,1142.4,1142.4,1032,1034.4,1285,0
20081031,1008.8,1032,960,1028.8,931,0
20081103,1038.4,1112,1008.8,1048.8,988,0
20081104,1088,1092.8,1032,1056,1635,0
20081105,1056,1056,960,968,1322,0
20081106,928,952,880,880,987,0
20081107,915.2,928,816,830.4,1410,0
20081110,830.4,830.4,742.4,742.4,1911,0
20081112,707.2,728.16,640.16,646.24,1319,0
20081113,593.92,744,577.6,720,3930,0
20081114,768,783.68,675.2,676.96,3599,0
20081117,643.2,654.4,584.32,588.8,3011,0
20081118,584.48,584.48,532.8,539.2,1970,0
20081119,552,552,476.8,480,3561,0
20081120,448,448,416.32,432,5393,0
20081121,448,490.88,446.4,481.6,2942,0
20081124,499.2,559.04,449.6,545.6,5139,0
20081125,544,572.8,513.6,544,3457,0
20081126,528,538.24,496,497.6,1749,0
20081127,516.96,532.48,505.6,512,2331,0
20081128,518.56,518.56,481.76,485.76,1012,0
20081201,488,496,456,464,1032,0
20081202,433.76,523.2,433.76,505.6,1157,0
20081203,504,536.64,492,493.6,2427,0
20081204,496.16,516.8,468.8,499.04,1508,0
20081205,491.2,501.6,476.8,481.6,754,0
20081208,496,622.4,494.08,622.4,4939,0
20081209,604.8,764.64,604.8,694.88,11894,0
20081210,699.2,780.8,697.12,768,6086,0
20081211,784,836.8,756.8,784,3867,0
20081212,736,771.2,707.2,727.2,2129,0
20081215,750.4,752,641.76,641.76,3279,0
20081216,645.12,672.16,592,633.6,4663,0
20081217,656,663.68,597.12,598.4,2987,0
20081218,579.2,687.84,566.4,662.4,7678,0
20081219,643.2,675.52,624,631.68,4015,0
20081222,632,640,592.8,600,1299,0
20081223,592,593.44,571.2,576,993,0
20081229,608,697.6,601.6,692.8,3600,0
20081230,692.8,723.2,640.16,641.92,3817,0
20081231,642.4,655.52,624.16,640.32,674,0
20090105,686.56,694.24,664,672,1859,0
20090106,672,787.2,661.12,752,6050,0
20090107,752,788.8,724.96,728.16,4283,0
20090108,696,841.6,696,813.6,10877,0
20090109,830.4,950.4,808.8,923.2,12390,0
20090112,946.4,1055.2,944,1052,9732,0
20090113,1055.2,1120,896.8,972.8,13923,0
20090114,980.8,1007.2,851.2,851.2,4938,0
20090115,804.8,920.8,755.2,855.2,8743,0
20090116,936,968,896,966.4,5043,0
20090119,1012,1070.4,966.4,983.2,6271,0
20090120,984,1031.2,928,961.6,3598,0
20090121,928,944,904,943.2,2711,0
20090122,972.8,977.6,865.6,865.6,2271,0
20090123,865.6,868.8,792,808.8,2200,0
20090126,816,862.4,791.84,827.2,1903,0
20090127,841.6,880,812.8,851.2,5302,0
20090128,872,904,859.2,876.8,9516,0
20090129,884.8,918.4,797.6,838.4,3198,0
20090130,806.4,830.4,767.2,808.8,2822,0
20090202,798.4,800,721.6,721.6,1637,0
20090203,728.16,748.8,660.16,660.16,2646,0
20090204,686.4,686.4,617.76,640,2613,0
20090205,632,748.8,608,694.24,6114,0
20090206,737.6,775.68,721.6,740.8,4302,0
20090209,752,760,697.6,729.76,1813,0
20090210,736,739.2,699.36,720,2249,0
20090211,688,705.6,675.52,677.6,1921,0
20090212,680.16,736,672,696,2999,0
20090213,708.8,732.8,696,696,1071,0
20090216,712,712,680.16,687.2,504,0
20090217,657.6,672,620.8,624.32,1410,0
20090218,624,670.4,587.2,655.52,1748,0
20090219,667.2,687.52,656,670.4,1411,0
20090220,653.44,654.24,624,637.6,856,0
20090223,685.6,696,640,664,1485,0
20090224,648.96,652.8,611.84,644.8,1171,0
20090225,662.4,675.04,633.6,633.6,971,0
20090226,640.32,647.68,627.36,647.68,1140,0
20090227,647.2,647.2,620.96,627.2,885,0
20090302,608,630.4,608,612,540,0
20090303,568,614.72,568,592.16,2157,0
20090304,606.4,624,595.2,611.2,1928,0
20090305,616,617.44,592,593.6,968,0
20090306,596,603.2,585.76,600,1202,0
20090309,596.8,599.2,572,591.2,811,0
20090310,592,647.84,576.64,632,4050,0
20090311,648.16,664,627.2,637.76,3045,0
20090312,625.6,638.4,600,609.44,1549,0
20090313,632,640,598.4,600,1985,0
20090316,600,620.8,600,600,1674,0
20090317,614.24,620.8,592.16,611.2,2202,0
20090318,619.2,620.8,602.72,608,2209,0
20090319,606.4,623.2,597.92,606.4,4606,0
20090320,615.84,615.84,594.4,604.8,1970,0
20090323,611.2,662.56,605.6,649.76,12862,0
20090324,679.68,774.4,678.4,772.8,20682,0
20090325,798.4,846.4,768.32,782.4,13552,0
20090326,806.4,806.4,737.6,745.6,5900,0
20090327,740.8,744,705.92,710.4,5511,0
20090330,688,695.36,641.6,643.2,4362,0
20090331,648.16,694.4,648.16,672,3857,0
20090401,687.52,692.64,648,664.96,2606,0
20090402,688,732.8,680,720.32,6031,0
20090403,738.08,784,701.6,704,10391,0
20090406,723.2,736,676.8,685.44,4560,0
20090407,700.8,710.4,684,692.8,2329,0
20090408,684.8,740.48,679.84,734.4,9324,0
20090409,744,798.24,728.32,781.6,8791,0
20090414,774.4,830.4,755.2,772.8,8076,0
20090415,776,792,762.72,779.2,3337,0
20090416,806.4,860.8,780.8,816,13130,0
20090417,832,848,760.8,773.6,6999,0
20090420,774.4,782.4,720,722.4,3905,0
20090421,715.36,748.8,715.36,742.4,2919,0
20090422,748,776,744.32,752.64,2985,0
20090423,764.8,770.4,744.8,747.2,1493,0
20090424,752,759.04,728.16,753.44,2810,0
20090427,757.6,812.8,747.2,768,9755,0
20090428,768,792,752,753.12,2403,0
20090429,768.16,776,760,763.36,2193,0
20090430,775.2,841.6,772.8,793.6,15587,0
20090504,840,1016,825.6,1015.2,38972,0
20090505,992,1064,937.6,980.8,23552,0
20090506,960,1054.4,947.2,1016.8,16020,0
20090507,1049.6,1068.8,984,984,11243,0
20090508,993.6,1016,939.2,948,10316,0
20090511,961.6,961.6,884.8,889.6,8626,0
20090512,896.8,938.4,896.8,920,9580,0
20090513,944,944,870.4,880,5343,0
20090514,859.2,872,850.4,864,4685,0
20090515,886.4,904,860.8,864,5632,0
20090518,844.8,882.4,819.2,878.4,4387,0
20090519,907.2,924.8,866.4,870.4,9967,0
20090520,872,902.4,864,870.4,6078,0
20090521,859.2,864,838.4,840.8,4872,0
20090522,825.6,840,782.4,785.6,7109,0
20090525,787.04,796,737.6,760.32,5443,0
20090526,760,777.6,744.32,777.6,2733,0
20090527,800,837.6,800,832.8,8567,0
20090528,828,829.6,792.32,798.4,4449,0
20090529,812.8,838.4,801.6,809.6,3628,0
20090601,835.2,861.6,816,850.4,5055,0
20090602,856,886.4,832,884,10406,0
20090603,896,900.8,872,889.6,7155,0
20090604,880,880,856,878.4,5918,0
20090605,891.2,891.2,856,872,2997,0
20090608,840,854.4,820.8,824,2812,0
20090609,818.4,835.2,796,809.6,2993,0
20090610,831.2,845.6,819.2,820,4338,0
20090612,832,832.8,808,824,2897,0
20090615,816,816,786.4,793.6,3063,0
20090616,776.16,830.4,771.2,800,3619,0
20090617,824,824,784,784.8,1405,0
20090618,792,795.2,775.2,792,1281,0
20090619,784.8,792,779.36,786.4,1137,0
20090622,786.4,796.8,720,744,2882,0
20090623,720,752.16,696,736,2477,0
20090624,744,751.84,721.12,738.4,1141,0
20090625,743.04,743.04,707.2,713.92,1712,0
20090626,710.4,710.4,664,691.2,5498,0
20090629,672.8,680,665.6,667.04,2203,0
20090630,679.84,718.4,652.8,657.6,6114,0
20090701,672,694.56,648,656,4363,0
20090702,672,672,648,656,4864,0
20090703,736,786.4,723.36,760,18626,0
20090706,812.8,870.4,792,816,21483,0
20090707,816,821.6,748.8,752,10414,0
20090708,720,739.04,704,724.8,11766,0
20090709,725.6,752,713.76,714.4,8968,0
20090710,718.4,724,700.8,704,5319,0
20090713,676.8,694.24,665.76,680.32,3463,0
20090714,701.6,704,682.56,704,3733,0
20090715,712,712,687.84,704,8240,0
20090716,704,719.04,699.2,699.36,3164,0
20090717,739.68,800,700,704,24330,0
20090720,716.8,739.2,715.2,716.8,9144,0
20090721,716.8,720,704.8,708.32,4863,0
20090722,708.16,709.44,694.4,709.44,4620,0
20090723,716.8,727.2,708.8,712.48,3388,0
20090724,720,736,709.6,712,5401,0
20090727,718.56,722.56,701.12,702.4,3524,0
20090728,712.32,720,690.24,699.2,2365,0
20090729,692.8,704,688.64,701.76,2423,0
20090730,702.4,734.4,694.56,720.32,6084,0
20090731,721.76,726.4,702.72,705.6,3800,0
20090803,705.6,729.6,704,705.6,6875,0
20090804,705.6,718.4,688,689.6,3957,0
20090805,693.28,704,689.92,691.2,5041,0
20090806,700.8,727.2,700,707.2,4472,0
20090807,710.24,715.2,700.8,706.08,2205,0
20090810,711.2,726.08,702.56,710.56,4074,0
20090811,719.2,720,696.16,696.16,3354,0
20090812,697.44,697.44,678.4,684.48,3102,0
20090813,696.16,727.84,688.32,698.08,7010,0
20090814,717.92,717.92,698.08,700.64,1640,0
20090817,694.4,694.4,680,680,2146,0
20090818,688,696,635.2,672,4498,0
20090819,672,672,640.64,661.92,3252,0
20090820,672,684.8,669.12,672,5628,0
20090821,673.6,708.8,673.6,704,9590,0
20090824,724.8,782.4,717.6,753.12,25769,0
20090825,755.2,782.24,739.36,760.8,12656,0
20090826,764,771.2,720.8,730.4,7072,0
20090827,728,743.84,718.4,718.4,4075,0
20090828,720.16,735.52,718.4,720,2759,0
20090831,723.2,764.64,717.12,744,9927,0
20090901,728,742.08,688,706.72,8765,0
20090902,688.32,688.32,625.76,643.2,11581,0
20090903,656,674.72,656,662.4,3949,0
20090904,662.4,680,656.16,667.2,2636,0
20090907,678.4,679.2,667.2,675.2,3275,0
20090908,675.2,675.2,641.6,645.6,7001,0
20090909,641.6,644.48,617.6,636,5993,0
20090910,634.56,656,611.04,624,4928,0
20090911,632,632.32,611.36,623.84,2828,0
20090914,609.12,615.84,607.04,608,2100,0
20090915,615.2,712,611.2,700.8,16917,0
20090916,723.2,734.4,672,672,11641,0
20090917,691.2,695.2,650.72,656.16,3943,0
20090918,656.32,672,636.8,644,6205,0
20090921,648,652.8,624,628.8,4945,0
20090922,629.28,656,625.6,639.2,12810,0
20090923,648,660.8,622.08,624,6455,0
20090924,624,640,617.6,624,5051,0
20090925,630.4,630.4,618.4,628,1855,0
20090928,607.84,627.2,606.4,608,7335,0
20090929,616,655.2,608,648,11804,0
20090930,656,656,624,624,3670,0
20091001,631.84,647.2,608,615.84,2407,0
20091002,604,609.44,600.48,601.6,2747,0
20091005,613.92,616,605.12,611.84,1627,0
20091006,630.56,632,608,608,4174,0
20091007,616,616,582.4,591.04,5876,0
20091008,599.2,599.2,580.96,592.32,2226,0
20091009,593.6,603.2,586.4,587.36,2668,0
20091012,588.8,588.8,560.32,560.32,6914,0
20091013,563.2,608,562.4,575.04,8870,0
20091014,582.24,584,560,560,5883,0
20091015,572.8,588,556.8,565.6,10572,0
20091016,568,572.8,540.8,547.2,8569,0
20091019,544.16,547.2,532.8,543.84,5974,0
20091020,559.68,559.68,536.96,540,5560,0
20091021,537.6,537.6,510.4,524.8,7536,0
20091022,526.4,526.4,505.92,512,8399,0
20091023,512,520,508.16,508.16,2472,0
20091026,511.84,512,472.8,479.36,10859,0
20091027,467.2,480,448,456.8,8958,0
20091028,456,525.6,456,493.28,18191,0
20091029,496,507.04,478.72,499.2,5444,0
20091030,498.72,498.72,478.56,480.16,3359,0
20091102,476.64,487.2,467.2,481.28,2602,0
20091103,477.44,480,467.2,473.6,1893,0
20091104,480.8,505.6,480.8,494.24,4271,0
20091105,493.92,503.84,484,491.84,2345,0
20091106,491.68,519.84,491.68,497.6,5149,0
20091109,497.6,513.12,495.68,497.6,3912,0
20091110,498.72,500.8,483.2,483.68,2789,0
20091112,499.04,499.04,484.8,488.16,1921,0
20091113,488.8,489.76,479.2,483.2,2484,0
20091116,486.24,496,483.04,488,2822,0
20091117,468.32,475.84,459.2,469.6,10978,0
20091118,469.6,480.16,469.6,472.32,4486,0
20091119,471.36,474.4,464,464,1941,0
20091120,432,451.2,432,443.2,8049,0
20091123,448,451.2,437.6,446.24,1844,0
20091124,446.4,446.4,440,440.16,2443,0
20091125,452.96,513.6,452.96,508,50632,0
20091126,515.36,516.8,463.2,463.2,24441,0
20091127,448,472,441.44,462.4,9681,0
20091130,468.64,469.6,448,451.84,5214,0
20091201,455.52,463.84,449.92,449.92,5741,0
20091202,454.4,454.4,445.6,448.8,2605,0
20091203,444,457.6,444,446.4,3939,0
20091204,448,451.04,441.6,444.16,2419,0
20091207,451.2,453.76,440.96,441.28,5030,0
20091208,440.32,444.8,424,430.24,5542,0
20091209,427.04,430.24,408,409.6,7808,0
20091210,407.84,428.48,407.84,414.4,6760,0
20091211,422.24,431.52,416,423.52,2997,0
20091214,426.88,433.6,413.6,415.84,3412,0
20091215,414.4,414.4,392.96,393.6,7150,0
20091216,392,393.6,368,374.4,18801,0
20091217,375.2,383.2,368,372.8,5525,0
20091218,372.96,385.6,371.2,380.16,7399,0
20091221,376.32,376.32,368,371.36,9969,0
20091222,371.2,372,352,352,12421,0
20091223,351.2,351.2,325.28,332.8,22572,0
20091228,332.8,397.92,332.8,384,30545,0
20091229,395.52,400,368.8,388.96,14989,0
20091230,390.4,396,380.8,384,3656,0
20091231,380.8,387.2,371.52,379.04,2894,0
20100104,379.2,392,373.76,380.16,4067,0
20100105,380.8,383.68,364.8,365.6,5627,0
20100106,364.8,364.8,352.96,355.2,5657,0
20100107,355.2,378.08,345.6,372,15296,0
20100108,380.8,395.2,379.2,384,8535,0
20100111,377.6,390.4,372.8,374.4,4257,0
20100112,376,376,364,367.68,3142,0
20100113,360.64,378.4,359.36,371.52,4297,0
20100114,375.36,390.4,368.32,376,7641,0
20100115,382.4,384,368.8,371.2,8003,0
20100118,372.96,381.6,366.08,368,5367,0
20100119,364.8,372.32,360.8,365.12,3338,0
20100120,371.2,371.84,363.84,365.44,2559,0
20100121,363.2,365.76,350.4,353.6,5098,0
20100122,345.44,345.44,329.6,335.2,16275,0
20100125,328.32,340,328,334.4,3040,0
20100126,330.4,331.2,302.4,304,24798,0
20100127,302.4,304,291.2,296,7409,0
20100128,301.6,307.2,294.72,295.2,8574,0
20100129,291.2,291.2,271.84,271.84,16660,0
20100201,276,299.68,268.96,281.6,29260,0
20100202,285.6,293.44,274.56,274.56,10445,0
20100203,275.68,282.88,274.72,275.2,6917,0
20100204,275.36,277.92,259.2,263.52,5969,0
20100205,255.2,256,240.16,251.2,15667,0
20100208,257.28,258.4,235.36,236.96,13570,0
20100209,238.4,241.92,232.16,236.96,9131,0
20100210,241.6,241.6,219.52,220.8,16566,0
20100211,220.8,228.64,206.56,213.92,28143,0
20100212,221.44,234.88,218.72,229.6,26119,0
20100215,237.44,288,236.8,288,49465,0
20100216,292,302.56,266.08,286.24,47647,0
20100217,295.2,316.64,288.48,291.2,50761,0
20100218,289.92,296.32,276.96,278.4,20158,0
20100219,267.36,277.6,267.36,271.2,7191,0
20100222,276.96,284,272.16,279.2,14192,0
20100223,281.44,283.84,268.8,269.76,6809,0
20100224,269.12,272.96,259.36,262.72,9302,0
20100225,263.68,263.68,243.2,245.6,12600,0
20100226,251.04,281.6,250.56,262.72,42383,0
20100301,268.8,307.36,267.04,280,76876,0
20100302,285.6,304,283.68,298.72,54788,0
20100303,305.6,312.8,299.2,307.2,42032,0
20100304,301.6,308.8,296.8,303.2,17102,0
20100305,302.24,302.24,288,297.28,18245,0
20100308,304.32,327.52,299.52,306.4,58193,0
20100309,309.6,313.92,299.2,300.16,32849,0
20100310,383.84,393.44,360,378.4,179806,0
20100311,381.44,446.08,376.8,433.6,150329,0
20100312,450.4,521.44,450.4,519.68,178448,0
20100315,535.36,588.8,481.92,536,175552,0
20100316,513.6,534.4,496,529.44,83867,0
20100317,667.2,686.4,624,640,204425,0
20100318,616,632,489.6,496.16,193239,0
20100319,492.8,492.8,399.2,399.2,203618,0
20100322,388.8,419.2,364.8,408,195722,0
20100323,414.4,420.8,354.4,354.88,155206,0
20100324,352,371.04,330.56,345.6,162181,0
20100325,355.52,371.2,345.6,352.16,137608,0
20100326,350.4,358.08,320.32,320.64,151348,0
20100329,320,333.6,300.96,305.76,111248,0
20100330,319.2,321.44,288.96,303.2,127222,0
20100331,300.96,310.4,289.44,292.16,111590,0
20100401,292.48,306.88,288.8,299.2,101374,0
20100406,303.84,308.8,293.76,296,51830,0
20100407,289.6,289.6,273.6,273.76,88917,0
20100408,272,272,237.44,240.8,135135,0
20100409,248.64,294.4,242.56,294.4,302093,0
20100412,302.4,307.2,281.76,296.64,86760,0
20100413,288.32,294.4,280,280.8,65503,0
20100414,281.6,300,274.56,295.84,70078,0
20100415,299.36,304.96,286.72,291.2,58596,0
20100416,286.72,294.88,281.92,285.28,40152,0
20100419,275.2,276.48,265.6,271.36,39841,0
20100420,273.6,281.44,273.6,275.2,20000,0
20100421,282.4,282.4,272,272.8,19490,0
20100422,274.4,276.8,266.4,267.2,18501,0
20100423,272,274.72,267.2,270.08,16271,0
20100426,274.72,290.4,272.48,284.8,46970,0
20100427,287.04,288.8,280.96,283.2,21224,0
20100428,275.36,279.36,269.28,273.6,35101,0
20100429,274.56,279.36,272.48,273.6,14844,0
20100430,279.04,279.04,270.72,273.12,12505,0
20100504,273.12,275.68,255.04,256,28660,0
20100505,256,259.2,246.72,254.4,32819,0
20100506,252.8,278.08,249.6,262.4,75425,0
20100507,251.84,260.48,250.08,256,37039,0
20100510,265.6,274.88,265.28,267.2,36943,0
20100511,265.44,268.8,261.28,261.44,13720,0
20100512,260.96,268,258.88,260.8,16171,0
20100513,264.32,264.8,258.4,259.2,8387,0
20100514,259.36,259.36,254.08,254.4,14358,0
20100517,250.72,256.64,247.2,249.44,16517,0
20100518,253.6,260.64,249.44,249.76,18100,0
20100519,249.44,249.44,239.04,240.96,22965,0
20100520,243.04,244.64,227.2,227.2,26093,0
20100521,227.2,235.2,221.92,230.08,33625,0
20100524,230.4,235.2,222.56,222.56,35585,0
20100525,215.52,216,207.04,208,53283,0
20100526,209.92,219.68,197.6,198.56,101517,0
20100527,202.4,222.08,193.92,216.8,95908,0
20100528,223.2,233.12,214.56,223.04,96764,0
20100531,227.2,246.72,224.64,240,126445,0
20100601,240,241.6,226.08,228.8,73202,0
20100602,224,226.56,217.6,220.96,73549,0
20100604,225.6,227.68,214.4,217.6,32243,0
20100607,209.6,215.2,209.28,213.12,24857,0
20100608,216.8,220,210.88,213.6,20685,0
20100609,219.68,219.84,212.8,214.08,31544,0
20100610,216.8,225.44,212,224,46190,0
20100611,225.76,230.08,215.2,216.64,39301,0
20100614,219.2,220.32,214.4,214.4,18401,0
20100615,214.08,214.08,209.76,210.4,16468,0
20100616,212.8,213.76,201.76,201.76,29485,0
20100617,199.84,201.6,194.4,194.4,36512,0
20100618,195.36,197.6,184.32,191.2,49955,0
20100621,194.4,200,188.8,194.72,28624,0
20100622,194.88,194.88,187.2,187.2,25996,0
20100623,180.8,183.2,173.6,173.6,53993,0
20100624,174.4,180.32,164.8,166.4,55691,0
20100625,168.48,173.6,166.56,167.2,33343,0
20100628,171.52,174.72,168.64,172.8,27343,0
20100629,168.64,171.04,163.36,164.8,25413,0
20100630,164,168,160.64,168,25680,0
20100701,164.96,193.44,163.2,185.6,107195,0
20100702,186.4,195.04,177.92,179.36,74061,0
20100705,181.76,183.52,173.92,174.88,18193,0
20100706,176,187.04,175.04,181.6,47400,0
20100707,180,188.16,177.6,188.16,29857,0
20100708,193.6,196.48,185.76,185.76,54376,0
20100709,188.32,191.2,183.52,186.4,19898,0
20100712,186.72,191.2,183.52,184.16,19615,0
20100713,184.32,190.56,183.2,183.2,35470,0
20100714,184.8,186.56,178.88,179.84,27099,0
20100715,180.96,181.12,172.96,174.08,21283,0
20100716,174.4,177.6,168.48,169.28,32415,0
20100719,169.28,169.28,165.6,168.48,24674,0
20100720,169.44,175.2,168.8,170.24,24454,0
20100721,173.28,179.84,172.8,176.64,38612,0
20100722,177.28,189.12,174.88,189.12,71202,0
20100723,189.28,215.84,186.08,210.88,174065,0
20100726,212.16,233.28,210.88,222.72,175253,0
20100727,226.88,229.28,204.8,204.8,129877,0
20100728,204.8,209.44,188.8,189.6,99320,0
20100729,193.12,208.48,190.4,207.84,133040,0
20100730,208,214.4,200.48,204.96,84517,0
20100802,208.16,212.48,206.4,207.36,53340,0
20100803,208.96,210.88,200,200,35700,0
20100804,198.4,199.68,190.4,193.6,49998,0
20100805,195.2,196.8,192,193.28,20945,0
20100806,194.08,206.56,192.96,198.4,76346,0
20100809,198.72,202.56,193.92,195.2,20309,0
20100810,196,198.4,188.16,191.2,29546,0
20100811,188.8,194.4,188.8,190.4,18620,0
20100812,190.4,193.44,190.4,192,16278,0
20100813,194.56,195.2,188.96,190.4,19971,0
20100816,193.6,207.52,190.72,206.72,69815,0
20100817,208,210.88,200,200,40376,0
20100818,200.32,204.8,196.48,200,29367,0
20100819,201.76,202.88,192.32,193.6,22830,0
20100820,192.64,195.68,191.52,193.28,21189,0
20100823,192,197.6,190.4,195.04,15730,0
20100824,195.2,200.48,192.16,192.64,22800,0
20100825,192.8,196.8,191.52,193.6,17541,0
20100826,194.88,194.88,191.68,192,8032,0
20100827,193.6,193.92,189.6,192.64,17466,0
20100830,193.6,194.4,191.2,192,12327,0
20100831,191.52,191.68,188.8,191.2,15408,0
20100901,191.2,206.56,189.92,198.72,90742,0
20100902,201.44,203.84,191.68,192.8,37780,0
20100903,193.92,195.2,191.2,191.52,26529,0
20100906,192.16,194.72,190.4,191.68,20911,0
20100907,193.92,199.36,190.88,192.64,28518,0
20100908,193.6,198.4,192.16,197.12,37775,0
20100909,201.6,214.88,199.36,209.6,189214,0
20100910,214.4,217.76,195.2,195.68,144993,0
20100913,198.56,200.32,191.2,192.96,98674,0
20100914,193.12,195.52,190.4,190.4,41698,0
20100915,191.68,193.92,191.2,191.84,13939,0
20100916,193.44,196.64,192.8,193.6,13417,0
20100917,196.64,197.12,193.92,194.56,20081,0
20100920,195.68,199.68,193.92,194.08,28110,0
20100921,208,209.6,192.32,192.32,168187,0
20100922,193.28,194.88,191.04,191.04,48972,0
20100923,192,193.12,190.4,190.72,25661,0
20100924,190.72,191.84,188.8,189.12,26279,0
20100927,190.24,190.4,177.6,181.44,53431,0
20100928,181.6,182.72,179.2,180,17532,0
20100929,181.76,182.08,179.2,181.44,13675,0
20100930,180.8,186.56,179.2,183.2,15714,0
20101001,185.6,185.6,180.96,181.6,9143,0
20101004,182.4,183.84,181.28,182.72,6969,0
20101005,182.24,182.4,174.56,176.8,53587,0
20101006,176,176.8,172.8,174.56,25445,0
20101007,175.52,175.84,172,172.16,14453,0
20101008,172.16,173.6,170.88,173.44,14831,0
20101011,174.56,175.68,172.8,174.88,9299,0
20101012,174.4,174.4,172.16,173.28,9813,0
20101013,173.28,173.76,171.36,172.48,10507,0
20101014,171.68,172.16,168.16,170.88,12665,0
20101015,170.88,180,168.8,180,21532,0
20101018,179.84,183.04,173.12,173.6,27226,0
20101019,173.6,173.6,169.44,170.4,16196,0
20101020,168.96,171.84,167.84,170.56,17197,0
20101021,170.56,172.48,169.6,170.4,12135,0
20101022,172.16,172.16,169.76,170.72,7619,0
20101025,174.24,174.88,171.2,171.2,13214,0
20101026,172,172,169.6,169.76,8607,0
20101027,170.08,170.4,168,168.64,16390,0
20101028,168.48,168.48,164.16,164.8,18258,0
20101029,165.12,169.12,163.2,166.24,17393,0
20101102,166.24,167.2,161.92,161.92,31614,0
20101103,161.76,161.76,149.28,151.04,85341,0
20101104,151.2,151.68,128,131.52,280360,0
20101105,130.4,138.72,128.48,131.2,128199,0
20101108,132.8,135.04,128.8,132.16,40649,0
20101109,134.08,140,132.64,137.92,68253,0
20101110,140.32,140.32,136.48,137.92,33630,0
20101112,136,136,132.96,134.72,18494,0
20101115,135.36,136.96,131.84,132.16,23336,0
20101116,133.6,133.76,120.32,120.8,82117,0
20101117,116,119.2,110.4,112,171467,0
20101118,113.12,114.56,110.4,112,82484,0
20101119,110.88,110.88,100.64,100.64,134652,0
20101122,100.64,120.96,97.12,116,260251,0
20101123,114.4,124.8,113.76,117.12,172674,0
20101124,120,121.28,114.08,115.2,46713,0
20101125,115.2,115.36,104.48,115.2,58278,0
20101126,112.8,120.48,112.8,114.4,38603,0
20101129,115.36,118.4,112.8,112.96,16160,0
20101130,113.76,115.2,112.8,115.2,17488,0
20101201,116.64,116.8,114.24,114.4,13284,0
20101202,114.24,114.72,108.96,112,21608,0
20101203,112.64,112.96,110.4,112,14587,0
20101206,112,122.08,110.72,122.08,135814,0
20101207,127.84,127.84,116.96,117.76,133080,0
20101208,118.24,120.48,116,117.6,20804,0
20101209,118.4,120.8,116.48,118.24,23697,0
20101210,118.4,119.52,116.32,116.32,18410,0
20101213,117.6,123.36,116.32,117.44,63850,0
20101214,119.04,120.64,110.56,111.68,68473,0
20101215,111.84,112,106.4,111.2,45951,0
20101216,110.4,112.32,109.28,110.72,20959,0
20101217,111.36,111.52,107.84,108.32,16010,0
20101220,108.32,109.28,101.44,102.88,42365,0
20101221,102.72,103.52,97.28,97.92,63177,0
20101222,98.08,104.16,95.2,96.96,109754,0
20101223,96.48,99.84,96.48,97.44,44684,0
20101227,97.44,98.56,95.36,95.52,69453,0
20101228,95.84,95.84,90.56,92.32,106663,0
20101229,93.6,94.88,92.48,93.12,22472,0
20101230,93.44,96.8,91.84,94.08,45888,0
20101231,93.92,95.04,93.76,94.88,8000,0
20110103,96,98.56,95.84,97.44,36705,0
20110104,99.84,102.24,94.56,94.72,79751,0
20110105,93.76,95.2,90.4,91.84,36679,0
20110107,92,94.24,90.56,92.16,20253,0
20110110,92.96,94.4,91.36,91.52,15979,0
20110111,91.84,100.32,91.36,98.72,58718,0
20110112,99.52,100.64,92.96,93.28,123514,0
20110113,93.76,94.08,92,92.48,21501,0
20110114,92.32,93.92,92,92.8,17731,0
20110117,93.28,97.6,92,95.68,41692,0
20110118,96.8,97.76,92.32,92.8,111584,0
20110119,93.76,94.4,91.36,92.48,27230,0
20110120,92.16,94.08,91.36,92.16,30913,0
20110121,92.96,93.28,92,92.64,12944,0
20110124,93.12,96.96,92.48,93.6,87744,0
20110125,94.88,95.04,91.84,92.16,40384,0
20110126,92.64,93.28,84,84.96,85153,0
20110127,85.28,86.72,80.64,83.2,77740,0
20110128,84,84.32,82.08,82.72,32192,0
20110131,82.4,82.4,79.2,80.48,41351,0
20110201,95.84,152,90.08,152,714361,0
20110202,176,208,128,130.56,1126229,0
20110203,131.2,133.92,108.8,117.6,678049,0
20110204,114.08,125.28,112.16,115.2,238030,0
20110207,117.6,119.68,114.4,116.8,142473,0
20110208,115.04,117.6,107.2,107.52,149878,0
20110209,106.56,106.56,98.24,98.56,133047,0
20110210,97.44,107.04,96.32,104.8,230547,0
20110211,105.6,119.68,101.44,118.08,404777,0
20110214,117.44,140.64,116,120.8,637226,0
20110215,124,127.84,116.8,117.6,254354,0
20110216,119.84,122.4,113.28,118.08,152897,0
20110217,119.52,121.92,116.16,116.96,122009,0
20110218,118.4,119.68,116.64,117.92,88729,0
20110221,118.4,118.4,112.16,114.08,89252,0
20110222,113.92,114.4,106.24,107.84,122735,0
20110223,106.4,115.52,104.48,112,156624,0
20110224,112.96,117.44,111.2,115.68,130273,0
20110225,115.52,117.44,111.2,112,69773,0
20110228,113.28,113.44,108,110.08,77806,0
20110301,110.4,116.64,108.64,111.2,167414,0
20110302,113.6,124.96,111.2,124.8,313028,0
20110303,123.84,127.04,118.72,121.44,205777,0
20110304,122.56,129.92,120.8,126.4,294106,0
20110307,127.68,148.64,126.4,145.6,671818,0
20110308,144,148.48,129.92,132,634562,0
20110309,129.6,139.68,127.2,132.8,306728,0
20110310,132.8,136.16,130.08,130.4,160280,0
20110311,127.2,129.6,122.4,123.2,203490,0
20110314,124.8,132.48,123.68,127.36,211360,0
20110315,125.44,127.84,119.52,123.84,220342,0
20110316,126.24,127.52,122.72,123.2,117966,0
20110317,125.28,126.72,123.04,123.2,106991,0
20110318,123.84,125.12,115.68,116,200109,0
20110321,117.12,120.64,116.48,120,95270,0
20110322,118.08,126.72,116.16,119.2,197116,0
20110323,120.16,123.04,120,121.44,40854,0
20110324,120.8,125.28,120.8,122.4,74554,0
20110325,123.36,124.16,120.96,123.68,51884,0
20110328,123.84,133.6,122.4,129.6,251257,0
20110329,129.92,133.28,128.32,130.56,137180,0
20110330,129.76,137.44,129.6,135.2,328202,0
20110331,135.2,136.8,133.6,135.04,97954,0
20110401,135.36,142.08,134.4,140.48,178275,0
20110404,143.2,153.6,140,145.76,477574,0
20110405,146.56,151.68,144.64,149.76,256669,0
20110406,149.92,158.72,149.92,158.4,405438,0
20110407,160.8,176.8,158.72,167.84,890175,0
20110408,171.84,175.68,162.08,164.16,539674,0
20110411,166.4,170.88,160.8,169.28,275005,0
20110412,168.96,172.8,168,169.92,151917,0
20110413,171.2,175.52,169.44,172,338118,0
20110414,168.32,168.32,144.16,144.16,725441,0
20110415,140.8,153.92,130.08,152.48,747687,0
20110418,156,159.04,149.76,154.4,383039,0
20110419,156,156,150.72,152,145792,0
20110420,152.8,164.8,151.84,164.8,273024,0
20110421,168,173.44,165.44,170.72,387727,0
20110426,170.24,176.64,169.92,170.88,259786,0
20110427,172,173.12,156.16,158.4,631964,0
20110428,159.36,166.08,157.6,166.08,244149,0
20110429,165.6,167.2,161.28,163.36,116904,0
20110502,160,162.4,152.32,158.88,106982,0
20110504,156.64,161.6,152.48,157.92,145944,0
20110505,163.2,167.84,158.72,161.12,209786,0
20110506,160.16,163.68,157.6,162.4,73889,0
20110509,161.6,163.84,153.12,158.4,167976,0
20110510,158.4,159.68,153.44,155.84,66467,0
20110511,153.6,155.68,144.32,145.92,195620,0
20110512,143.84,153.44,137.6,151.68,226869,0
20110513,153.76,156.8,149.12,153.6,114885,0
20110516,152.48,154.08,148.32,152,39478,0
20110517,148.8,151.2,146.88,148,59687,0
20110518,145.6,151.68,144.96,149.92,62614,0
20110519,150.4,159.04,149.92,157.6,126172,0
20110520,157.28,161.6,156,157.28,138887,0
20110523,154.4,158.72,152.8,155.68,93148,0
20110524,156.64,159.2,154.88,155.2,78823,0
20110525,155.2,155.84,148.16,149.44,96285,0
20110526,152,153.12,148.8,151.2,31527,0
20110527,151.84,155.68,150.88,155.04,56540,0
20110530,155.68,155.68,145.92,148.8,138923,0
20110531,146.4,147.84,143.2,147.84,111721,0
20110601,148.16,148.32,141.76,142.4,72556,0
20110602,140.64,140.64,130.88,131.84,196563,0
20110603,133.12,164.8,133.12,164.8,480636,0
20110606,170.4,185.28,150.88,150.88,826510,0
20110607,154.4,156.32,145.12,150.08,331489,0
20110608,148.8,151.52,144.64,144.64,148074,0
20110609,144.48,147.2,140.96,145.6,110303,0
20110610,146.4,151.2,143.2,147.04,139619,0
20110613,146.4,147.2,141.28,141.92,74812,0
20110614,142.08,143.2,135.84,138.4,150205,0
20110615,137.6,138.56,135.68,136,58500,0
20110616,133.6,135.52,132,133.44,44953,0
20110617,137.28,142.56,134.4,140.16,112851,0
20110620,141.44,142.08,132.96,135.2,111277,0
20110621,134.4,136,128.8,129.76,83283,0
20110622,129.92,129.92,126.4,128.16,62216,0
20110624,127.68,132.16,124.96,126.4,62833,0
20110627,126.4,127.84,120.8,121.12,58527,0
20110628,120,120,116,118.88,71561,0
20110629,120,128.96,120,128.16,80277,0
20110630,129.76,131.68,122.4,124.16,116692,0
20110701,124.16,127.52,123.2,124.8,34701,0
20110704,125.6,127.84,125.28,126.4,14617,0
20110705,126.4,127.2,122.4,123.04,23092,0
20110706,121.76,123.36,118.56,118.72,44172,0
20110707,119.52,126.4,119.2,125.6,87414,0
20110708,129.6,132.8,122.4,125.44,114213,0
20110711,125.44,125.44,121.6,121.6,22006,0
20110712,119.84,123.84,113.92,122.4,70676,0
20110713,122.24,125.6,120,122.08,45349,0
20110714,126.24,127.84,121.6,124.8,77850,0
20110715,125.92,127.2,124,124.64,35430,0
20110718,123.36,124.32,118.72,118.72,34815,0
20110719,120,121.6,118.72,119.36,20426,0
20110720,120.96,121.44,119.52,120,13409,0
20110721,121.44,123.2,118.72,120.8,40828,0
20110722,121.44,121.6,119.36,119.68,13609,0
20110725,119.2,119.68,115.2,116.8,34692,0
20110726,116.96,118.4,115.36,116.8,20077,0
20110727,115.84,116.48,110.56,112,50392,0
20110728,110.56,116,108,115.84,72991,0
20110729,113.12,115.36,111.52,112.8,42696,0
20110801,113.6,115.04,109.28,109.76,38411,0
20110802,109.6,112.48,108.16,110.56,24806,0
20110803,107.68,109.28,98.72,101.28,49461,0
20110804,101.28,104.48,86.72,88.32,125511,0
20110805,80,98.24,78.56,89.44,256067,0
20110808,86.08,94.56,83.68,87.04,175160,0
20110809,89.12,90.4,79.2,85.92,193053,0
20110810,91.04,91.2,81.12,81.12,193419,0
20110811,83.2,84.8,78.88,83.84,162853,0
20110812,83.52,86.08,81.6,82.72,192636,0
20110816,84.48,111.36,83.2,98.88,582026,0
20110817,96,100.8,94.24,96.48,153284,0
20110818,93.44,94.24,79.36,83.04,243473,0
20110819,81.6,85.28,78.88,81.92,201571,0
20110822,82.4,85.6,81.76,83.04,110034,0
20110823,84,92.32,83.84,87.68,338487,0
20110824,104,105.28,94.56,98.72,715662,0
20110825,99.04,100.48,91.04,92.32,297336,0
20110826,91.36,92.8,88.32,91.2,151214,0
20110829,93.6,98.4,92.32,95.04,193806,0
20110830,96,96.8,93.6,94.56,126634,0
20110831,95.52,97.12,94.4,95.52,82728,0
20110901,93.28,94.56,90.08,92.48,131383,0
20110902,89.92,90.88,86.4,88,79171,0
20110905,84.96,86.24,81.44,81.44,88855,0
20110906,81.6,85.6,79.36,84.8,212723,0
20110907,85.44,87.84,81.76,81.76,237136,0
20110908,81.92,83.36,80.16,82.72,109781,0
20110909,82.4,82.4,80.16,80.32,48148,0
20110912,78.72,78.72,71.04,72.96,155262,0
20110913,75.2,75.68,68,70.24,103358,0
20110914,68,70.56,63.52,67.2,118918,0
20110915,68.64,69.76,67.04,68.8,70783,0
20110916,69.92,72.32,68.64,71.36,113148,0
20110919,68.48,69.6,63.52,64,139594,0
20110920,62.4,65.12,61.28,64,126384,0
20110921,64.48,65.76,62.56,63.68,110001,0
20110922,63.68,64,57.44,57.92,207535,0
20110923,57.92,58.72,52.16,56,225529,0
20110926,54.08,58.24,53.28,54.88,126792,0
20110927,56.8,56.96,51.2,51.2,210732,0
20110928,49.44,53.12,47.52,48.16,303659,0
20110929,48.16,48.48,43.52,44.48,277662,0
20110930,43.84,50.56,42.88,49.12,313972,0
20111003,47.68,48.96,45.92,45.92,161350,0
20111004,45.12,45.6,42.56,44.64,140026,0
20111005,45.76,48,45.28,47.2,152633,0
20111006,48.32,50.24,47.04,47.84,230544,0
20111007,48.64,51.04,48.16,48.8,277692,0
20111010,49.76,54.4,48.8,54.08,542191,0
20111011,53.28,54.24,50.24,50.88,376264,0
20111012,50.88,53.12,49.44,51.68,272078,0
20111013,63.2,65.28,55.52,55.52,970652,0
20111014,55.36,56.96,53.28,54.72,327820,0
20111017,55.36,55.36,49.92,49.92,256927,0
20111018,48.48,49.76,47.36,49.12,215846,0
20111019,49.6,51.2,48.32,48.8,186801,0
20111020,48,48.64,47.52,47.68,77761,0
20111021,48.16,49.76,48.16,49.44,70875,0
20111024,50.08,51.84,49.92,51.68,224125,0
20111025,51.68,52.16,48.96,49.12,186374,0
20111026,49.12,49.76,48.48,48.48,79553,0
20111027,49.92,50.4,48.48,49.12,174576,0
20111028,49.12,49.44,47.84,48.64,116592,0
20111031,48.32,48.64,47.84,48.32,59655,0
20111102,45.76,47.68,45.28,47.68,138591,0
20111103,46.88,50.88,46.56,48.96,186675,0
20111104,50.08,50.4,48.32,48.32,78143,0
20111107,48.64,49.76,48,48.64,68301,0
20111108,50.08,50.88,49.28,49.28,128576,0
20111109,49.76,50.24,47.04,47.2,121143,0
20111110,46.4,48.48,45.92,48,89296,0
20111114,50.08,50.24,48.16,48.32,85960,0
20111115,48,48.64,47.04,47.84,87302,0
20111116,47.84,48.48,47.2,47.84,38692,0
20111117,47.68,48,46.72,47.04,49536,0
20111118,47.2,47.36,46.24,46.24,38380,0
20111121,46.4,46.72,42.4,42.4,106121,0
20111122,42.08,44.8,42.08,43.2,66093,0
20111123,42.72,44,42.72,42.88,37722,0
20111124,43.04,43.52,42.4,43.04,24938,0
20111125,43.2,43.84,43.04,43.84,24018,0
20111128,44.64,48.8,44.16,47.84,109800,0
20111129,48,48.16,46.4,46.72,75463,0
20111130,46.08,47.2,44.8,45.12,124082,0
20111201,45.76,46.72,45.28,45.44,52032,0
20111202,45.92,48.96,45.6,47.2,173419,0
20111205,48.16,52.8,47.68,50.24,369198,0
20111206,49.12,50.24,47.04,47.52,202713,0
20111207,48.16,50.08,47.52,48.64,122805,0
20111208,48.48,49.76,46.24,46.72,108305,0
20111209,46.08,48.64,46.08,47.84,126128,0
20111212,48,48,45.6,45.6,71754,0
20111213,46.24,46.56,45.12,45.28,58856,0
20111214,44.96,45.76,44,44.64,87158,0
20111215,44.64,45.28,43.2,43.36,59988,0
20111216,43.68,44,42.56,43.04,64093,0
20111219,44,45.44,38.88,38.88,264489,0
20111220,38.24,39.68,35.04,37.28,320922,0
20111221,37.92,39.36,36.16,38.4,155683,0
20111222,38.72,39.52,37.28,37.28,60469,0
20111223,37.6,37.6,36.16,36.64,67339,0
20111227,36.48,36.96,35.2,35.52,133519,0
20111228,35.52,35.52,34.08,34.24,98071,0
20111229,36.96,38.08,35.36,37.12,313468,0
20111230,37.28,37.28,36.16,36.64,62690,0
20120102,37.12,45.12,36.8,45.12,421379,0
20120103,46.08,50.56,42.24,43.2,940078,0
20120104,43.04,47.84,42.88,47.04,497501,0
20120105,47.68,50.4,45.92,49.92,556212,0
20120109,46.4,49.44,44.96,44.96,448811,0
20120110,45.44,46.08,40.16,40.64,633472,0
20120111,39.2,42.56,38.4,41.76,362304,0
20120112,42.08,46.08,41.6,44.48,383646,0
20120113,45.44,45.76,42.4,43.68,190601,0
20120116,42.72,44.48,42.4,44.48,75905,0
20120117,44.8,47.52,41.76,42.56,502182,0
20120118,43.68,44,42.24,43.52,126078,0
20120119,43.52,43.84,41.92,43.2,79012,0
20120120,43.2,44.48,42.72,43.68,60029,0
20120123,43.68,45.12,43.36,43.68,86450,0
20120124,43.2,44.16,42.56,43.52,110841,0
20120125,43.68,43.68,42.72,43.04,41049,0
20120126,43.36,45.44,42.88,43.52,241475,0
20120127,43.84,44.32,43.36,44.32,80983,0
20120130,44.16,44.96,42.72,44.48,193543,0
20120131,44.96,48.48,44.64,45.28,705969,0
20120201,45.76,47.36,45.28,46.08,277549,0
20120202,46.88,47.36,44.8,45.92,203604,0
20120203,45.6,46.4,44.96,45.44,114665,0
20120206,45.28,45.76,43.2,43.36,266332,0
20120207,43.84,44.32,43.04,43.36,123389,0
20120208,43.68,44.8,43.68,44.16,100448,0
20120209,44.32,44.64,43.52,43.84,41650,0
20120210,43.68,43.68,42.56,43.2,69992,0
20120213,43.04,44.48,42.88,43.68,80439,0
20120214,43.68,43.84,42.08,42.24,184471,0
20120215,42.56,43.04,41.6,42.24,87828,0
20120216,42.24,42.72,41.28,41.92,60484,0
20120217,42.56,42.88,42.08,42.56,66962,0
20120220,42.56,44,42.4,42.56,90269,0
20120221,42.88,43.04,42.4,42.88,38437,0
20120222,42.56,46.72,42.24,46.56,358952,0
20120223,45.76,47.04,43.2,43.52,376859,0
20120224,43.68,44,41.28,41.44,255178,0
20120227,41.6,41.6,39.68,40.64,127436,0
20120228,40.96,41.6,40.8,40.8,53758,0
20120229,43.2,43.84,41.28,41.76,155018,0
20120301,41.6,41.92,40.8,41.28,61498,0
20120302,42.24,43.36,41.44,42.08,97769,0
20120305,41.6,42.08,41.12,41.28,49639,0
20120306,41.6,41.6,37.6,37.92,202098,0
20120307,37.6,39.2,37.12,38.72,82426,0
20120308,39.04,40.64,38.88,39.84,93734,0
20120309,40.32,40.32,39.04,39.36,54147,0
20120312,38.88,39.68,36.64,36.96,163411,0
20120313,37.28,37.92,36.96,37.6,56495,0
20120314,37.76,38.24,37.28,37.6,46766,0
20120315,37.6,37.92,37.12,37.6,33569,0
20120316,37.6,39.68,37.28,38.72,150271,0
20120319,38.72,39.68,36.32,36.48,213474,0
20120320,36.48,37.12,35.52,36.32,54353,0
20120321,36,37.44,36,36.64,62081,0
20120322,35.68,36,34.72,35.84,97581,0
20120323,35.36,36,34.88,35.52,49076,0
20120326,35.52,37.12,35.36,36.48,52272,0
20120327,36.64,36.64,34.08,34.4,188843,0
20120328,34.72,35.04,34.08,34.88,52382,0
20120329,35.04,35.04,32.16,32.48,127214,0
20120330,31.84,33.12,31.84,32.32,80751,0
20120402,33.12,34.88,32.96,33.6,125871,0
20120403,33.76,33.76,32.32,32.8,49402,0
20120404,32.32,39.04,31.52,34.72,712385,0
20120405,34.88,35.2,32.96,33.28,119327,0
20120410,32.8,33.44,32,32,98929,0
20120411,32,32.16,31.2,31.68,73332,0
20120412,31.84,32.64,31.68,31.84,70691,0
20120413,32.16,35.04,31.84,32.64,385549,0
20120416,32.48,33.76,32.32,32.48,78901,0
20120417,32.64,34.08,32.64,33.92,111245,0
20120418,34.24,34.56,33.28,33.28,68188,0
20120419,33.44,33.6,32,32.16,100122,0
20120420,32.48,32.48,31.68,31.84,65460,0
20120423,32,32,29.12,29.44,99493,0
20120424,29.28,30.08,29.12,29.76,43847,0
20120425,29.92,30.88,29.76,30.4,34732,0
20120426,30.56,31.36,30.4,31.04,43648,0
20120427,30.4,31.04,30.08,30.56,54474,0
20120430,30.4,30.72,29.76,30.08,30847,0
20120502,29.92,30.24,29.28,29.28,37179,0
20120504,29.44,29.44,27.68,27.68,87477,0
20120507,25.44,27.2,25.44,26.72,103174,0
20120508,27.04,27.04,26.24,26.56,50958,0
20120509,26.56,29.92,26.4,27.52,232084,0
20120510,27.68,28,26.56,26.56,57460,0
20120511,26.4,27.36,26.24,26.56,45001,0
20120514,26.4,26.72,24.96,25.44,67327,0
20120515,25.44,26.72,24.96,24.96,74018,0
20120516,24.48,24.64,23.2,23.36,145580,0
20120517,23.36,23.68,19.2,19.2,477943,0
20120518,18.4,19.68,17.76,19.2,217989,0
20120521,19.36,20.32,19.36,20,109193,0
20120522,20.16,21.44,20.16,20.8,149533,0
20120523,20.48,20.48,19.84,20.32,104451,0
20120524,20.48,22.4,19.52,19.68,709349,0
20120525,20,20.16,18.88,18.88,258590,0
20120528,19.68,20.32,19.04,19.36,163715,0
20120529,19.52,19.52,19.04,19.2,52179,0
20120530,19.04,19.04,17.92,18.24,108509,0
20120531,18.08,18.56,16.32,16.8,285307,0
20120601,16.64,16.8,15.84,16.32,254208,0
20120604,16.32,16.96,16.16,16.48,182334,0
20120605,16.64,16.8,15.2,15.68,147812,0
20120606,15.68,16.16,15.68,16.16,86801,0
20120608,15.84,16.16,15.68,16,34420,0
20120611,16.16,16.48,16,16.32,51152,0
20120612,16.16,17.12,16,16.32,126704,0
20120613,16.48,16.96,16.32,16.48,46474,0
20120614,16.32,18.4,16.32,18.24,278967,0
20120615,18.56,19.68,16.8,16.8,462925,0
20120618,17.28,17.6,16.16,16.64,94438,0
20120619,16.64,17.76,16.64,17.76,163085,0
20120620,17.76,18.56,17.28,18.24,169991,0
20120621,17.92,19.04,17.28,17.28,256190,0
20120622,17.12,17.44,16.8,16.8,138396,0
20120625,16.96,17.12,16.48,16.48,58638,0
20120626,16.48,16.96,16.48,16.48,62988,0
20120627,17.12,18.24,16.96,17.92,221330,0
20120628,18.24,18.56,17.12,17.6,146280,0
20120629,17.76,18.24,17.12,17.44,83300,0
20120702,17.44,17.92,16.96,17.12,68728,0
20120703,17.28,18.88,17.12,18.72,409971,0
20120704,18.88,20.64,18.24,20.32,489670,0
20120705,20.96,21.76,19.68,19.68,369776,0
20120706,20,20.64,19.04,20.32,177183,0
20120709,20.16,23.68,20.16,23.68,474599,0
20120710,24,24.64,22.88,23.04,365757,0
20120711,23.04,23.2,20,20.32,382974,0
20120712,20,20.48,17.28,17.6,387855,0
20120713,18.08,18.4,17.12,18.08,270164,0
20120716,18.24,18.72,17.76,17.92,95295,0
20120717,17.92,19.2,17.92,18.08,224280,0
20120718,18.08,18.88,17.92,18.88,168267,0
20120719,19.2,19.52,18.72,19.52,131363,0
20120720,19.36,19.84,18.4,18.56,146021,0
20120723,18.08,18.08,16.64,16.8,258330,0
20120724,16.8,17.28,16.32,16.96,96713,0
20120725,16.48,17.28,16.48,16.96,57496,0
20120726,16.96,17.92,16.96,17.76,106073,0
20120727,17.92,18.24,17.6,17.76,104307,0
20120730,17.92,18.4,17.28,17.76,88067,0
20120731,17.92,17.92,17.28,17.44,32481,0
20120801,17.28,17.76,17.12,17.6,27428,0
20120802,17.28,17.6,17.12,17.12,41701,0
20120803,17.44,18.72,17.28,18.4,97781,0
20120806,18.4,19.36,18.4,18.72,154461,0
20120807,18.72,19.36,18.4,18.56,73392,0
20120808,18.4,18.56,17.92,18.08,73002,0
20120809,18.24,18.72,18.24,18.4,55434,0
20120810,18.4,18.56,18.08,18.08,34538,0
20120813,18.08,18.56,17.76,18.4,41169,0
20120814,18.56,18.72,18.4,18.4,22132,0
20120816,18.56,18.72,18.24,18.72,35992,0
20120817,18.72,19.84,18.56,18.56,151313,0
20120820,18.56,18.72,18.08,18.4,47415,0
20120821,18.4,18.72,17.6,17.92,87298,0
20120822,17.76,17.92,17.6,17.6,54423,0
20120823,17.76,17.92,17.12,17.44,67754,0
20120824,17.6,17.92,17.28,17.92,37659,0
20120827,18.72,19.2,18.4,18.4,193530,0
20120828,18.56,18.56,17.92,17.92,45588,0
20120829,17.92,18.08,17.44,17.76,35251,0
20120830,17.6,17.92,17.44,17.76,19638,0
20120831,17.6,18.08,17.6,18.08,20434,0
20120903,17.92,18.24,17.6,17.76,45566,0
20120904,17.92,18.56,17.76,18.56,45181,0
20120905,18.56,19.2,18.24,18.4,119018,0
20120906,18.56,18.72,18.4,18.72,43678,0
20120907,18.72,19.68,18.56,18.56,230088,0
20120910,18.4,18.72,17.92,18.08,71490,0
20120911,18.24,18.4,17.76,18.24,44210,0
20120912,18.4,18.56,17.92,18.08,35102,0
20120913,18.24,18.24,17.92,18.08,25042,0
20120914,18.56,18.72,18.24,18.4,59981,0
20120917,18.4,18.88,18.08,18.56,68741,0
20120918,18.4,21.28,18.4,20.32,525871,0
20120919,20.8,20.96,19.84,20.16,182759,0
20120920,20,20.16,18.88,19.36,143212,0
20120921,19.2,19.84,19.04,19.2,90780,0
20120924,22.08,22.24,20.64,20.8,557105,0
20120925,20.8,21.6,20.32,20.8,242954,0
20120926,20.8,20.8,20.16,20.16,111162,0
20120927,20.32,20.8,20,20.32,80697,0
20120928,20.32,20.64,20,20.32,57723,0
20121001,20.16,20.8,19.84,20.48,121302,0
20121002,20.64,22.08,20.64,21.6,290296,0
20121003,21.76,25.44,21.76,24.16,775290,0
20121004,24.96,25.92,23.68,24.64,564095,0
20121005,24.48,30.72,23.84,30.72,651522,0
20121008,30.08,38.4,28.96,35.2,1253253,0
20121009,35.04,36.8,29.28,30.56,1571740,0
20121010,30.56,32.32,28.16,30.4,1192245,0
20121011,30.72,31.2,29.28,30.4,281938,0
20121012,30.08,35.04,29.6,33.92,1017056,0
20121015,34.88,36.32,31.68,32.48,758945,0
20121016,32.96,33.92,31.68,33.92,226682,0
20121017,34.4,37.92,33.76,37.92,679172,0
20121018,38.4,41.28,34.88,35.52,1288950,0
20121019,35.36,36,32.64,32.8,479208,0
20121022,33.44,35.68,31.68,32.8,471391,0
20121023,33.44,33.6,30.72,31.52,312311,0
20121024,31.68,33.92,31.52,33.92,481493,0
20121025,34.4,35.04,32.48,33.6,312867,0
20121026,32.96,34.24,32.64,33.12,176116,0
20121029,30.88,32.32,29.12,29.28,455738,0
20121030,29.44,30.24,29.12,29.44,118434,0
20121031,29.6,32,29.6,32,235337,0
20121102,32.32,34.56,31.2,33.6,724326,0
20121105,33.44,34.4,33.12,33.92,196110,0
20121106,34.24,34.24,32.96,33.92,141821,0
20121107,34.08,36.48,33.76,35.04,569367,0
20121108,35.2,36,34.72,35.04,166425,0
20121109,35.52,35.84,33.12,34.88,259353,0
20121112,35.04,35.2,34.08,34.24,84507,0
20121113,34.08,34.24,32.48,32.96,193614,0
20121114,32.8,32.96,30.88,31.52,243396,0
20121115,31.2,32.48,30.88,32.32,142019,0
20121116,32.8,32.96,31.36,31.36,166389,0
20121119,31.36,32.16,31.04,31.2,94777,0
20121120,31.52,31.52,28.48,28.96,333012,0
20121121,28.64,30.08,26.88,28.16,348221,0
20121122,28.8,29.76,27.52,29.12,253633,0
20121123,29.44,29.6,27.84,28.16,259634,0
20121126,28.32,28.64,27.84,28,70899,0
20121127,28.32,29.44,26.08,26.4,274097,0
20121128,25.92,26.24,22.72,25.44,722880,0
20121129,25.28,25.76,23.52,23.52,390010,0
20121130,23.36,24.48,22.72,23.84,182597,0
20121203,23.84,24.64,22.72,23.04,208008,0
20121204,22.88,23.36,21.28,21.6,278564,0
20121205,21.6,22.08,20.8,20.96,233304,0
20121206,20.8,23.52,20.48,23.04,547067,0
20121207,23.52,24.48,22.88,23.2,359633,0
20121210,23.2,23.52,22.56,22.72,102966,0
20121211,22.88,23.04,21.76,22.72,170515,0
20121212,23.04,24.32,22.88,23.2,278117,0
20121213,23.68,23.68,22.72,22.88,104601,0
20121214,23.04,23.52,22.72,22.88,106092,0
20121217,22.88,23.2,22.08,22.4,93815,0
20121218,22.4,22.56,22.08,22.24,50316,0
20121219,22.24,22.4,21.28,21.44,119073,0
20121220,21.28,21.44,20.64,21.12,122459,0
20121221,20.96,21.92,20.96,21.28,81707,0
20121227,21.44,23.04,21.44,22.4,193683,0
20121228,22.56,23.36,22.24,22.4,131696,0
20130102,22.88,23.68,22.56,23.2,115459,0
20130103,23.68,26.24,23.2,25.6,879482,0
20130104,25.92,26.72,24.32,24.32,893145,0
20130107,24.64,24.96,23.2,23.2,314010,0
20130108,23.2,24.48,22.72,23.36,473420,0
20130109,23.52,24.16,23.36,23.52,238151,0
20130110,23.68,23.84,22.88,22.88,135234,0
20130111,23.2,23.2,22.4,22.88,137665,0
20130114,22.72,23.36,22.56,22.88,127843,0
20130115,23.04,23.04,21.76,21.92,129612,0
20130116,21.92,22.56,21.28,22.24,132189,0
20130117,22.4,22.88,22.08,22.24,148422,0
20130118,22.24,22.56,22.08,22.24,81073,0
20130121,22.4,22.56,21.92,21.92,65610,0
20130122,21.92,22.08,21.44,21.44,188183,0
20130123,21.44,21.92,21.28,21.44,110951,0
20130124,21.6,21.92,20.8,21.12,192001,0
20130125,21.76,21.92,20.8,21.28,233356,0
20130128,21.12,21.12,19.68,20,253653,0
20130129,20.16,20.48,18.88,19.2,252943,0
20130130,19.36,19.36,18.88,19.36,134255,0
20130131,19.2,19.36,19.04,19.04,63717,0
20130201,18.88,18.88,16.32,17.28,587004,0
20130204,17.44,18.24,17.28,17.76,198213,0
20130205,17.92,18.24,17.28,17.76,112634,0
20130206,17.76,17.92,17.6,17.76,54724,0
20130207,17.6,18.24,17.6,17.92,63373,0
20130208,18.08,18.88,17.92,18.56,146136,0
20130211,18.88,19.84,18.72,19.36,262672,0
20130212,19.52,19.52,18.08,18.56,203690,0
20130213,18.4,18.72,17.92,17.92,101360,0
20130214,17.92,17.92,17.28,17.6,108916,0
20130215,17.92,18.56,17.6,18.24,110197,0
20130218,18.24,18.72,18.08,18.4,57060,0
20130219,18.56,19.36,18.24,18.72,134983,0
20130220,18.88,19.04,18.4,18.56,48457,0
20130221,18.4,18.4,17.76,18.08,53845,0
20130222,18.4,18.72,18.4,18.56,45221,0
20130225,18.72,19.68,18.72,19.04,329321,0
20130226,18.72,19.04,18.56,19.04,102738,0
20130227,19.04,20.16,19.04,20,250882,0
20130228,20.32,21.28,20.32,20.64,266700,0
20130301,20.8,20.8,19.68,20,166147,0
20130304,20,20.8,20,20.48,98952,0
20130305,20.8,21.76,20.8,21.44,352944,0
20130306,21.6,21.6,20.48,21.12,258852,0
20130307,20.96,21.12,20.64,20.96,70734,0
20130308,20.96,21.92,20.8,21.12,360711,0
20130311,19.2,19.84,18.4,18.88,419630,0
20130312,18.88,19.2,18.08,18.08,142144,0
20130313,18.08,18.72,17.92,18.24,103885,0
20130314,18.4,19.2,18.24,18.88,169727,0
20130315,19.04,19.2,18.24,18.24,93238,0
20130318,18.08,18.72,17.92,18.56,52613,0
20130319,18.4,18.56,18.24,18.24,35818,0
20130320,18.4,18.88,18.24,18.56,41993,0
20130321,18.4,18.56,18.08,18.08,44242,0
20130322,17.92,18.08,16.96,17.76,105843,0
20130325,17.76,18.4,16,16.16,172552,0
20130326,16.32,16.8,15.04,16,232602,0
20130327,16.16,16.64,14.56,14.88,316799,0
20130328,14.72,15.2,14.08,15.04,128956,0
20130402,15.04,16.48,15.04,16.48,159519,0
20130403,16.64,16.96,15.68,15.84,238857,0
20130404,15.68,15.84,15.2,15.52,72138,0
20130405,15.68,15.68,14.72,14.88,114935,0
20130408,14.88,15.36,14.56,14.72,84344,0
20130409,14.72,14.88,14.4,14.56,52319,0
20130410,14.4,14.88,14.4,14.72,32228,0
20130411,14.88,15.52,14.88,15.04,88872,0
20130412,15.04,15.68,14.56,15.36,181276,0
20130415,15.68,16,15.2,15.2,47560,0
20130417,15.36,16.16,14.72,15.36,167740,0
20130418,15.68,15.84,14.88,15.04,116919,0
20130419,15.2,15.2,14.56,14.72,99884,0
20130422,14.72,15.04,14.24,14.4,102879,0
20130423,14.24,14.56,12.48,12.64,188307,0
20130424,12.64,12.96,10.4,11.04,429418,0
20130425,10.4,11.36,10.24,11.36,211664,0
20130426,11.36,11.84,11.04,11.52,82906,0
20130429,11.52,11.84,11.36,11.68,38510,0
20130430,11.68,12.96,11.36,12.64,109153,0
20130502,12.8,13.28,12.48,12.8,78620,0
20130506,12.8,13.28,12.8,12.96,45439,0
20130507,13.12,13.28,12.8,12.96,40249,0
20130508,13.12,13.28,12.96,13.12,21068,0
20130509,13.12,13.12,11.84,12,133959,0
20130510,12,12.16,11.52,11.84,40808,0
20130513,11.84,12.48,11.68,12.32,60499,0
20130514,12.32,12.96,12.16,12.48,65366,0
20130515,12.48,12.8,12.16,12.32,32877,0
20130516,12.48,12.48,11.84,12.16,64534,0
20130517,11.84,12.32,11.84,12,48439,0
20130520,12,12.64,12,12.16,104835,0
20130521,12.32,12.48,12,12.16,27349,0
20130522,12.16,12.48,11.84,12.16,56263,0
20130523,11.84,11.84,11.36,11.84,40943,0
20130524,11.84,12.32,11.68,11.68,83114,0
20130527,11.84,12.16,11.68,11.84,105091,0
20130528,12,12.32,11.68,11.84,141723,0
20130529,11.84,12,11.52,11.68,82440,0
20130531,11.52,11.68,11.04,11.2,118869,0
20130603,11.36,11.52,10.88,11.2,77292,0
20130604,11.04,11.36,11.04,11.2,73283,0
20130605,11.2,11.68,11.04,11.2,145279,0
20130606,11.2,11.36,11.04,11.2,49229,0
20130607,11.2,11.36,11.04,11.36,89124,0
20130610,11.36,12.16,11.2,12,456040,0
20130611,12.16,12.16,11.52,11.84,281125,0
20130612,11.84,12,11.36,11.52,180898,0
20130613,11.36,11.68,11.04,11.2,241212,0
20130614,11.36,11.36,11.04,11.04,68925,0
20130617,11.04,11.2,9.92,10.4,313988,0
20130618,10.24,10.72,10.08,10.4,102161,0
20130619,10.24,10.56,10.08,10.08,42150,0
20130620,9.92,9.92,8.64,8.64,292557,0
20130621,8.64,8.96,8.64,8.64,92685,0
20130624,8.64,8.8,6.56,6.72,521477,0
20130625,6.88,7.04,5.76,6.88,613893,0
20130626,6.88,7.04,6.4,6.72,135185,0
20130627,6.72,6.88,6.4,6.56,122186,0
20130628,6.72,8.48,6.4,8.48,592011,0
20130701,9.28,10.56,8.96,10.08,733688,0
20130702,10.08,10.4,8.64,8.96,530552,0
20130703,8.8,10.24,8.16,10.08,547544,0
20130704,10.08,10.88,9.76,10.24,491667,0
20130705,10.56,10.56,9.76,10.08,140228,0
20130708,9.6,10.08,9.28,9.76,186029,0
20130709,9.6,10.24,9.12,9.76,187569,0
20130710,9.76,10.24,9.44,9.6,138564,0
20130711,9.6,9.76,9.28,9.44,77277,0
20130712,9.12,9.28,8.96,8.96,149098,0
20130715,9.28,9.76,9.28,9.28,131510,0
20130716,9.28,9.28,8.96,9.12,50831,0
20130717,9.12,9.12,8.8,8.96,50757,0
20130718,8.96,9.12,8.16,8.48,149586,0
20130719,8.48,8.64,8.16,8.64,69846,0
20130722,8.64,8.64,8.32,8.32,45625,0
20130723,8.16,8.16,7.68,8,127143,0
20130724,8,8.16,7.52,7.84,95603,0
20130725,7.68,7.84,7.36,7.52,143419,0
20130726,7.36,8,7.2,7.36,188286,0
20130729,7.52,7.84,7.04,7.36,280207,0
20130730,7.2,7.36,6.72,7.04,260264,0
20130731,6.88,7.04,6.56,6.72,202624,0
20130801,6.88,7.04,6.72,6.88,116790,0
20130802,7.04,7.36,6.88,7.2,217769,0
20130805,7.36,7.52,7.04,7.36,140743,0
20130806,7.36,7.36,7.04,7.04,53983,0
20130807,7.04,7.2,6.88,7.04,69940,0
20130808,7.04,7.36,7.04,7.2,87975,0
20130809,7.2,7.2,7.04,7.2,29898,0
20130812,7.2,7.2,6.72,7.04,135304,0
20130813,7.04,7.04,6.72,6.88,129632,0
20130814,6.72,6.72,6.24,6.4,291477,0
20130816,6.4,6.56,6.24,6.4,181044,0
20130819,6.56,6.56,5.92,6.08,361521,0
20130820,6.08,6.08,5.28,5.44,1031968,0
20130821,5.44,5.92,5.28,5.44,668238,0
20130822,5.6,5.76,5.12,5.12,811146,0
20130823,5.12,5.28,4.32,4.48,874625,0
20130826,4.32,4.64,4,4.32,840966,0
20130827,4.32,4.64,4.32,4.48,599955,0
20130828,4.64,4.64,3.84,4,633936,0
20130829,4,4.16,3.2,3.68,1814097,0
20130830,3.52,3.68,3.2,3.36,1088373,0
20130902,3.36,3.52,2.72,2.88,1104090,0
20130903,2.72,2.88,2.4,2.88,1065916,0
20130904,2.88,3.2,2.56,2.88,825002,0
20130905,2.88,3.04,2.56,2.88,422863,0
20130906,2.88,2.88,2.4,2.56,1318854,0
20130909,2.56,2.56,2.4,2.56,195561,0
20130910,2.56,2.88,2.4,2.72,592769,0
20130911,2.72,3.2,2.56,3.04,1434742,0
20130912,3.2,3.36,2.88,3.36,499698,0
20130913,3.04,3.2,2.88,3.04,663926,0
20130916,3.04,3.04,2.72,2.88,550187,0
20130917,2.72,3.04,2.72,3.04,211527,0
20130918,3.04,3.2,2.72,2.72,509933,0
20130919,2.88,2.88,2.72,2.88,145282,0
20130920,2.88,3.04,2.72,2.88,331466,0
20130923,2.88,3.04,2.72,2.88,298076,0
20130924,3.04,3.04,2.72,2.72,75798,0
20130925,2.72,2.88,2.72,2.88,105084,0
20130926,2.88,2.88,2.72,2.72,41755,0
20130927,2.72,2.88,2.72,2.88,63466,0
20130930,2.88,2.88,2.72,2.88,42634,0
20131001,2.72,2.88,2.72,2.72,42037,0
20131002,2.72,2.88,2.56,2.88,305663,0
20131003,2.72,2.88,2.72,2.72,97036,0
20131004,2.72,2.88,2.72,2.88,35546,0
20131007,2.88,2.88,2.72,2.88,48316,0
20131008,2.88,2.88,2.72,2.72,60637,0
20131009,2.72,2.72,2.56,2.56,291064,0
20131010,2.56,2.72,2.56,2.72,165338,0
20131011,2.72,2.72,2.56,2.72,146753,0
20131014,2.72,2.88,2.56,2.56,82286,0
20131015,2.72,2.72,2.56,2.56,36101,0
20131016,2.56,2.72,2.56,2.72,39845,0
20131017,2.72,2.72,2.56,2.72,41352,0
20131018,2.56,2.72,2.4,2.72,240952,0
20131021,2.72,2.72,2.56,2.56,63404,0
20131022,2.72,2.72,2.56,2.72,29689,0
20131023,2.72,2.72,2.4,2.56,233359,0
20131024,2.56,2.72,2.56,2.72,39927,0
20131025,2.72,2.72,2.56,2.72,18808,0
20131028,2.56,2.72,2.56,2.72,24555,0
20131029,2.72,2.72,2.56,2.72,31902,0
20131030,2.72,2.72,2.4,2.56,257371,0
20131031,2.56,2.56,2.4,2.4,32681,0
20131104,2.56,2.56,2.4,2.56,140559,0
20131105,2.56,2.72,2.4,2.56,120887,0
20131106,2.56,2.56,2.4,2.56,28904,0
20131107,2.56,2.56,2.4,2.56,63087,0
20131108,2.56,2.72,2.4,2.72,110132,0
20131112,2.72,2.72,2.56,2.56,75901,0
20131113,2.56,2.56,2.4,2.56,31077,0
20131114,2.56,2.56,2.4,2.4,43596,0
20131115,2.4,2.56,2.4,2.56,41141,0
20131118,2.56,3.04,2.4,3.04,843390,0
20131119,3.2,3.52,3.04,3.52,878341,0
20131120,3.36,3.52,2.88,2.88,716735,0
20131121,2.88,3.04,2.72,2.88,275782,0
20131122,2.88,2.88,2.72,2.88,80730,0
20131125,2.88,2.88,2.72,2.88,203886,0
20131126,2.88,2.88,2.56,2.72,209630,0
20131127,2.72,2.72,2.56,2.56,27434,0
20131128,2.72,2.72,2.56,2.56,28460,0
20131129,2.56,2.88,2.56,2.88,131843,0
20131202,2.88,2.88,2.72,2.72,57632,0
20131203,2.72,2.88,2.56,2.56,162005,0
20131204,2.72,2.72,2.56,2.56,54988,0
20131205,2.72,2.72,2.56,2.56,23643,0
20131206,2.56,2.72,2.56,2.72,36718,0
20131209,2.56,2.72,2.4,2.72,301351,0
20131210,2.72,2.72,2.56,2.72,32857,0
20131211,2.56,2.72,2.56,2.72,15592,0
20131212,2.72,2.72,2.56,2.72,21588,0
20131213,2.72,2.72,2.4,2.56,253724,0
20131216,2.56,2.72,2.4,2.56,206778,0
20131217,2.56,2.72,2.4,2.72,106591,0
20131218,2.56,2.72,2.56,2.72,56736,0
20131219,2.56,2.72,2.4,2.4,101296,0
20131220,2.4,2.56,2.4,2.56,139982,0
20131223,2.56,2.56,2.4,2.56,28833,0
20131227,2.56,2.72,2.4,2.56,40611,0
20131230,2.56,2.72,2.4,2.56,27452,0
20140102,2.56,2.72,2.56,2.72,21146,0
20140103,2.72,2.72,2.4,2.56,92221,0
20140107,2.72,2.72,2.56,2.72,33369,0
20140108,2.56,2.72,2.56,2.56,42204,0
20140109,2.56,2.72,2.56,2.72,20316,0
20140110,2.56,3.36,2.56,3.36,809971,0
20140113,3.68,3.68,3.04,3.2,774813,0
20140114,3.04,3.2,2.88,3.04,268482,0
20140115,3.04,3.36,2.72,3.2,1024273,0
20140116,2.88,3.04,2.72,2.88,414559,0
20140117,2.88,3.04,2.72,2.88,192403,0
20140120,2.88,3.04,2.88,2.88,52469,0
20140121,2.88,3.04,2.88,3.04,56357,0
20140122,3.04,3.36,2.88,3.36,675498,0
20140123,3.52,4.64,3.2,4.48,4202279,0
20140124,4.48,4.64,3.68,3.84,2171186,0
20140127,3.68,4.16,3.68,4,818027,0
20140128,4.16,4.96,4,4.96,1025738,0
20140129,5.12,5.92,5.12,5.76,3273157,0
20140130,5.6,5.76,5.12,5.6,1987968,0
20140131,5.6,5.92,5.44,5.44,1242717,0
20140203,5.44,5.6,4.64,5.12,1708472,0
20140204,4.96,5.28,4.48,4.8,1593089,0
20140205,4.8,5.28,4.48,5.12,1032811,0
20140206,4.96,5.44,4.96,5.28,487126,0
20140207,5.28,5.28,4.8,4.96,677918,0
20140210,4.96,5.44,4.8,5.28,715292,0
20140211,5.44,5.44,5.12,5.28,401904,0
20140212,5.28,5.76,5.28,5.6,1157824,0
20140213,5.6,5.6,5.28,5.6,254071,0
20140214,5.44,5.6,5.28,5.28,422185,0
20140217,4.96,5.28,4.8,5.12,677307,0
20140218,5.12,5.12,4.8,4.96,235602,0
20140219,4.96,4.96,4.64,4.96,311543,0
20140220,4.8,4.96,4.48,4.96,570865,0
20140221,4.96,5.12,4.8,4.96,275132,0
20140224,5.12,5.28,4.96,5.28,297887,0
20140225,5.28,5.28,4.96,5.28,258584,0
20140226,5.28,5.28,4.96,4.96,202957,0
20140227,4.96,5.12,4.8,5.12,145701,0
20140228,5.12,5.12,4.96,5.12,40599,0
20140303,4.8,4.96,4.48,4.48,635183,0
20140304,4.64,4.8,4.64,4.8,185401,0
20140305,4.96,5.92,4.8,5.6,2770125,0
20140306,5.6,5.6,5.28,5.28,505163,0
20140307,5.28,5.6,5.28,5.44,326883,0
20140310,5.44,6.24,5.28,6.08,1875960,0
20140311,6.24,6.4,6.08,6.24,910585,0
20140312,6.4,6.4,5.92,6.08,985596,0
20140313,6.08,6.08,5.6,5.6,649805,0
20140314,5.28,5.44,4.8,5.28,752485,0
20140317,5.12,5.92,5.12,5.92,674683,0
20140318,5.92,5.92,5.6,5.92,470070,0
20140319,5.92,5.92,5.44,5.6,545880,0
20140320,5.44,5.6,5.12,5.28,406234,0
20140321,5.28,5.44,5.12,5.28,289057,0
20140324,5.12,5.28,4.8,4.96,299776,0
20140325,4.96,5.44,4.96,5.44,210123,0
20140326,5.44,5.6,5.28,5.6,644265,0
20140327,5.6,5.6,5.28,5.28,649162,0
20140328,5.12,5.28,4.96,5.12,463896,0
20140331,5.12,5.12,4.8,4.96,485937,0
20140401,4.8,4.8,4.64,4.64,138959,0
20140402,4.48,4.48,3.84,3.84,234085,0
20140403,3.68,3.68,3.68,3.68,204540,0
20140404,3.68,3.68,3.52,3.52,115123,0
20140407,3.52,3.52,3.52,3.52,70961,0
20140408,3.68,4,3.68,4,108904,0
20140409,4.32,4.48,4.32,4.48,147027,0
20140410,4.32,4.32,4.32,4.32,28179,0
20140411,4.16,4.16,4,4,55667,0
20140414,4,4,4,4,37046,0
20140415,4,4,4,4,26614,0
20140416,4,4,3.84,3.84,22292,0
20140417,3.84,3.84,3.84,3.84,20521,0
20140422,3.84,4,3.84,4,32227,0
20140423,4,4.16,4,4.16,31439,0
20140424,4.16,4.16,4.16,4.16,26493,0
20140425,4.16,4.16,4.16,4.16,19707,0
20140428,4,4,4,4,21068,0
20140429,4,4.16,4,4.16,26889,0
20140430,4.16,4.16,4,4,11855,0
20140502,4,4,3.84,3.84,15923,0
20140505,3.84,4,3.84,4,25940,0
20140506,4,4,4,4,8311,0
20140507,4,4,3.84,3.84,38632,0
20140508,3.68,3.68,3.68,3.68,28296,0
20140509,3.84,3.84,3.84,3.84,20298,0
20140512,3.84,3.84,3.68,3.68,17482,0
20140513,3.68,3.68,3.68,3.68,12609,0
20140514,3.68,3.68,3.68,3.68,6267,0
20140515,3.68,3.68,3.68,3.68,9454,0
20140516,3.52,3.52,3.52,3.52,39940,0
20140519,3.04,3.04,3.04,3.04,60641,0
20140520,3.04,3.2,3.04,3.2,27817,0
20140521,3.36,3.36,3.2,3.2,25663,0
20140522,3.2,3.2,3.2,3.2,25504,0
20140523,3.04,3.2,3.04,3.2,19812,0
20140526,3.2,3.2,3.04,3.04,8147,0
20140527,3.04,3.04,2.88,2.88,22332,0
20140528,2.88,3.04,2.88,3.04,36508,0
20140529,3.04,3.04,3.04,3.04,26799,0
20140530,3.04,3.04,3.04,3.04,10219,0
20140602,3.04,3.04,3.04,3.04,11370,0
20140603,3.04,3.04,3.04,3.04,18043,0
20140604,3.04,3.2,3.04,3.2,42581,0
20140605,3.36,3.36,3.36,3.36,35580,0
20140606,3.36,3.36,3.2,3.2,31880,0
20140609,3.2,3.2,3.04,3.04,11844,0
20140610,3.04,3.2,3.04,3.2,21177,0
20140611,3.2,3.36,3.2,3.36,6021,0
20140612,3.2,3.36,3.2,3.36,13451,0
20140613,3.36,3.36,3.36,3.36,7454,0
20140616,3.2,3.2,3.2,3.2,8856,0
20140617,3.36,3.36,3.36,3.36,2834,0
20140618,3.2,3.2,3.2,3.2,9679,0
20140620,3.2,3.2,3.2,3.2,6827,0
20140623,3.2,3.2,3.04,3.04,3399,0
20140624,3.04,3.2,3.04,3.2,3859,0
20140625,3.04,3.2,3.04,3.2,1615,0
20140626,3.2,3.2,3.04,3.04,7368,0
20140627,3.04,3.2,3.04,3.2,8237,0
20140630,3.2,3.2,3.04,3.04,7539,0
20140701,3.2,3.2,3.2,3.2,38667,0
20140702,3.2,3.2,3.2,3.2,13600,0
20140703,3.04,3.2,3.04,3.2,9360,0
20140704,3.2,3.2,3.2,3.2,2597,0
20140707,3.04,3.2,3.04,3.2,24019,0
20140708,3.04,3.2,3.04,3.2,5447,0
20140709,3.2,3.2,3.2,3.2,20590,0
20140710,3.2,3.2,3.2,3.2,8934,0
20140711,3.2,3.2,3.2,3.2,5281,0
20140714,3.04,3.2,3.04,3.2,10557,0
20140715,3.2,3.2,3.2,3.2,12587,0
20140716,3.2,3.36,3.2,3.36,55412,0
20140717,3.36,3.36,3.2,3.2,50477,0
20140718,3.2,3.2,3.2,3.2,6805,0
20140721,3.36,3.36,3.2,3.2,17937,0
20140722,3.2,3.36,3.2,3.36,10036,0
20140723,3.36,3.36,3.36,3.36,8613,0
20140724,3.2,3.36,3.2,3.36,24609,0
20140725,3.2,3.36,3.2,3.36,2855,0
20140728,3.2,3.2,3.2,3.2,19435,0
20140729,3.2,3.2,3.04,3.04,8151,0
20140730,3.04,3.04,3.04,3.04,5393,0
20140731,3.2,3.2,3.2,3.2,3675,0
20140801,3.2,3.2,3.04,3.04,8759,0
20140804,3.04,3.04,3.04,3.04,4491,0
20140805,3.04,3.2,3.04,3.2,17054,0
20140806,3.04,3.04,3.04,3.04,5486,0
20140807,3.04,3.04,3.04,3.04,48362,0
20140808,2.88,2.88,2.88,2.88,29195,0
20140811,2.88,3.04,2.88,3.04,17471,0
20140812,3.04,3.04,3.04,3.04,5381,0
20140813,3.04,3.04,2.88,2.88,2845,0
20140814,2.88,3.04,2.88,3.04,3550,0
20140818,2.88,2.88,2.88,2.88,11135,0
20140819,2.88,2.88,2.88,2.88,8431,0
20140820,2.88,2.88,2.88,2.88,8234,0
20140821,2.88,2.88,2.88,2.88,9088,0
20140822,2.88,2.88,2.88,2.88,8200,0
20140825,2.88,2.88,2.88,2.88,6109,0
20140826,2.88,2.88,2.88,2.88,6841,0
20140827,2.88,2.88,2.88,2.88,10688,0
20140828,3.04,3.04,2.88,2.88,4530,0
20140829,3.04,3.04,3.04,3.04,5380,0
20140901,3.04,3.04,3.04,3.04,5785,0
20140909,2.72,2.72,2.56,2.56,87154,0
20140910,2.56,2.56,2.56,2.56,14074,0
20140911,2.56,2.56,2.56,2.56,31239,0
20140912,2.72,2.72,2.72,2.72,14941,0
20140915,2.56,2.56,2.56,2.56,8229,0
20140916,2.56,2.56,2.56,2.56,4533,0
20140917,2.56,2.72,2.56,2.72,19222,0
20140918,2.72,2.72,2.56,2.56,23649,0
20140919,2.56,2.56,2.4,2.4,43704,0
20140922,2.4,2.56,2.4,2.56,6924,0
20140923,2.56,2.56,2.56,2.56,27703,0
20140924,2.56,2.56,2.56,2.56,9171,0
20140925,2.56,2.56,2.56,2.56,7358,0
20140926,2.56,2.56,2.56,2.56,9088,0
20140929,2.56,2.72,2.56,2.72,35782,0
20140930,2.72,2.72,2.72,2.72,35573,0
20141001,2.72,2.72,2.72,2.72,12617,0
20141002,2.56,2.72,2.56,2.72,19749,0
20141003,2.72,2.72,2.72,2.72,4683,0
20141006,2.72,2.72,2.72,2.72,5839,0
20141007,2.56,2.72,2.56,2.72,1124,0
20141008,2.56,2.56,2.56,2.56,29934,0
20141009,2.72,2.72,2.72,2.72,10280,0
20141010,2.56,2.72,2.56,2.72,6574,0
20141013,2.72,2.72,2.56,2.56,4046,0
20141014,2.56,2.56,2.56,2.56,9310,0
20141015,2.72,2.72,2.72,2.72,6275,0
20141016,2.56,2.56,2.56,2.56,6629,0
20141017,2.56,2.56,2.56,2.56,16422,0
20141020,2.56,2.56,2.56,2.56,37059,0
20141021,2.56,2.56,2.56,2.56,16109,0
20141022,2.56,2.72,2.56,2.72,10166,0
20141023,2.72,2.72,2.72,2.72,5015,0
20141024,2.56,2.56,2.56,2.56,26517,0
20141027,2.56,2.56,2.56,2.56,9229,0
20141028,2.72,2.72,2.72,2.72,12602,0
20141029,2.72,2.72,2.56,2.56,3962,0
20141030,2.72,2.72,2.56,2.56,7117,0
20141031,2.56,2.72,2.56,2.72,3949,0
20141103,2.56,2.72,2.56,2.72,4732,0
20141104,2.72,2.72,2.72,2.72,93036,0
20141105,3.04,3.2,3.04,3.2,172061,0
20141106,3.36,3.36,3.04,3.04,92420,0
20141107,3.04,3.04,3.04,3.04,20577,0
20141110,3.04,3.04,3.04,3.04,35675,0
20141112,3.04,3.04,3.04,3.04,21227,0
20141113,2.88,3.04,2.88,3.04,6547,0
20141114,3.04,3.04,2.88,2.88,19598,0
20141117,3.04,3.2,3.04,3.2,51540,0
20141118,3.2,3.2,3.04,3.04,21776,0
20141119,3.04,3.04,3.04,3.04,23120,0
20141120,2.88,3.04,2.88,3.04,19968,0
20141121,3.04,3.04,3.04,3.04,8138,0
20141124,3.04,3.04,2.88,2.88,17573,0
20141125,3.04,3.04,3.04,3.04,9358,0
20141126,3.04,3.04,3.04,3.04,3576,0
20141127,2.88,3.04,2.88,3.04,15025,0
20141128,2.88,3.04,2.88,3.04,5704,0
20141201,2.88,2.88,2.88,2.88,29879,0
20141202,2.72,2.72,2.72,2.72,5898,0
20141203,2.88,3.04,2.88,3.04,10926,0
20141204,2.88,2.88,2.88,2.88,7176,0
20141205,2.88,2.88,2.88,2.88,3891,0
20141208,3.04,3.04,2.88,2.88,19057,0
20141209,2.88,2.88,2.72,2.72,5810,0
20141210,2.88,2.88,2.88,2.88,9622,0
20141211,2.72,2.88,2.72,2.88,4372,0
20141212,2.88,2.88,2.88,2.88,3949,0
20141215,2.72,2.72,2.72,2.72,49732,0
20141216,2.72,2.72,2.56,2.56,17503,0
20141217,2.72,2.72,2.56,2.56,12501,0
20141218,2.56,2.56,2.56,2.56,9979,0
20141219,2.56,2.56,2.56,2.56,58823,0
20141222,2.56,2.56,2.4,2.4,35318,0
20141223,2.4,2.56,2.4,2.56,28451,0
20141229,2.4,2.56,2.4,2.56,12503,0
20141230,2.56,2.56,2.56,2.56,11140,0
20150102,2.56,2.56,2.56,2.56,7146,0
20150105,2.72,2.88,2.72,2.88,25569,0
20150107,2.88,2.88,2.72,2.72,23689,0
20150108,2.72,2.88,2.72,2.88,12999,0
20150109,2.88,3.04,2.88,3.04,10785,0
20150112,2.88,3.04,2.88,3.04,25455,0
20150113,2.88,2.88,2.88,2.88,6232,0
20150114,2.88,2.88,2.88,2.88,17035,0
20150115,2.88,2.88,2.72,2.72,12618,0
20150116,2.88,2.88,2.72,2.72,1863,0
20150119,2.72,2.72,2.72,2.72,16286,0
20150120,2.56,2.56,2.56,2.56,4255,0
20150121,2.56,2.56,2.56,2.56,26010,0
20150122,2.72,2.72,2.56,2.56,5470,0
20150123,2.56,2.56,2.56,2.56,38728,0
20150126,2.56,2.56,2.56,2.56,19323,0
20150127,2.56,2.56,2.56,2.56,7716,0
20150128,2.72,2.72,2.56,2.56,15021,0
20150129,2.56,2.56,2.56,2.56,2654,0
20150130,2.56,2.56,2.56,2.56,6056,0
20150202,2.56,2.56,2.56,2.56,16142,0
20150203,2.72,2.72,2.72,2.72,13431,0
20150204,2.72,2.72,2.56,2.56,11624,0
20150205,2.56,2.72,2.56,2.72,10638,0
20150206,2.56,2.72,2.56,2.72,15007,0
20150209,2.72,2.72,2.56,2.56,5132,0
20150210,2.56,2.56,2.56,2.56,16979,0
20150211,2.56,2.56,2.56,2.56,4653,0
20150212,2.56,2.56,2.56,2.56,14429,0
20150213,2.56,2.56,2.56,2.56,15720,0
20150216,2.4,2.56,2.4,2.56,17053,0
20150217,2.56,2.56,2.4,2.4,48194,0
20150218,2.56,2.56,2.56,2.56,28696,0
20150219,2.56,2.56,2.56,2.56,3956,0
20150220,2.56,2.72,2.56,2.72,10525,0
20150223,2.72,2.72,2.56,2.56,2395,0
20150224,2.56,2.56,2.56,2.56,11991,0
20150225,2.72,2.72,2.72,2.72,6338,0
20150226,2.56,2.72,2.56,2.72,8901,0
20150227,2.56,2.72,2.56,2.72,5474,0
20150302,2.56,2.56,2.56,2.56,9533,0
20150303,2.56,2.72,2.56,2.72,18161,0
20150304,2.56,2.72,2.56,2.72,2845,0
20150305,2.72,2.72,2.56,2.56,7702,0
20150306,2.56,2.56,2.56,2.56,12447,0
20150309,2.56,2.56,2.56,2.56,10472,0
20150310,2.56,2.56,2.56,2.56,17140,0
20150311,2.56,2.56,2.56,2.56,3059,0
20150312,2.56,2.56,2.56,2.56,4991,0
20150313,2.4,2.56,2.4,2.56,7204,0
20150316,2.56,2.56,2.4,2.4,5565,0
20150317,2.4,2.4,2.4,2.4,7750,0
20150318,2.56,2.56,2.56,2.56,18861,0
20150319,2.56,2.56,2.56,2.56,5710,0
20150320,2.56,2.56,2.56,2.56,2280,0
20150323,2.4,2.56,2.4,2.56,28308,0
20150324,2.56,2.56,2.4,2.4,1942,0
20150325,2.56,2.56,2.56,2.56,4210,0
20150326,2.4,2.4,2.4,2.4,4220,0
20150327,2.4,2.56,2.4,2.56,16514,0
20150330,2.56,2.56,2.56,2.56,3539,0
20150331,2.56,2.56,2.56,2.56,6191,0
20150401,2.56,2.56,2.56,2.56,7975,0
20150402,2.56,2.56,2.56,2.56,13866,0
20150407,2.56,2.56,2.56,2.56,18349,0
20150408,2.56,2.56,2.56,2.56,4400,0
20150409,2.56,2.56,2.4,2.4,11979,0
20150410,2.72,2.72,2.56,2.56,23934,0
20150413,2.4,2.56,2.4,2.56,5362,0
20150414,2.56,2.56,2.4,2.4,47014,0
20150415,2.56,2.56,2.4,2.4,29839,0
20150416,2.56,2.56,2.56,2.56,11665,0
20150417,2.56,2.56,2.56,2.56,6163,0
20150420,2.4,2.4,2.4,2.4,37532,0
20150421,2.56,2.56,2.4,2.4,22289,0
20150422,2.4,2.56,2.4,2.56,8121,0
20150423,2.4,2.4,2.4,2.4,7135,0
20150424,2.56,2.56,2.4,2.4,3434,0
20150427,2.56,2.56,2.4,2.4,6579,0
20150428,2.4,2.56,2.4,2.56,40878,0
20150429,2.56,2.56,2.56,2.56,13403,0
20150430,2.56,2.56,2.56,2.56,49474,0
20150504,2.4,2.56,2.4,2.56,2020,0
20151002,2.88,2.88,2.88,2.88,85528,0
20151005,2.88,2.88,2.88,2.88,63778,0
20151006,2.72,2.72,2.56,2.56,24139,0
20151007,2.56,2.56,2.56,2.56,22591,0
20151008,2.56,2.56,2.56,2.56,22399,0
20151009,2.56,2.56,2.56,2.56,19288,0
20151012,2.56,2.56,2.56,2.56,25081,0
20151013,2.4,2.4,2.4,2.4,38177,0
20151014,2.4,2.4,2.4,2.4,16060,0
20151015,2.4,2.4,2.4,2.4,34865,0
20151016,2.4,2.56,2.4,2.56,35306,0
20151019,2.4,2.4,2.4,2.4,18951,0
20151020,2.4,2.56,2.4,2.56,14044,0
20151021,2.56,2.56,2.4,2.4,51002,0
20151022,2.4,2.4,2.4,2.4,20449,0
20151023,2.24,2.24,2.24,2.24,39531,0
20151026,2.24,2.24,2.08,2.08,39478,0
20151027,2.08,2.08,2.08,2.08,44849,0
20151028,1.92,1.92,1.76,1.76,76619,0
20151029,1.76,1.76,1.76,1.76,50336,0
20151030,1.92,2.08,1.92,2.08,49268,0
20151102,2.08,2.08,2.08,2.08,28981,0
20151103,1.92,1.92,1.92,1.92,41713,0
20151104,1.76,1.92,1.76,1.92,11981,0
20151105,1.76,1.76,1.76,1.76,8618,0
20151106,1.76,1.76,1.76,1.76,23947,0
20151109,1.76,1.92,1.76,1.92,18914,0
20151110,1.92,1.92,1.76,1.76,22126,0
20151112,1.76,1.76,1.76,1.76,15194,0
20151113,1.76,1.92,1.76,1.92,12711,0
20151116,1.76,1.92,1.76,1.92,12133,0
20151117,1.92,1.92,1.92,1.92,43341,0
20151118,1.92,2.08,1.92,2.08,5252,0
20151119,2.08,2.08,2.08,2.08,21071,0
20151120,2.08,2.08,2.08,2.08,6861,0
20151123,2.08,2.08,2.08,2.08,13002,0
20151124,2.08,2.08,1.92,1.92,18715,0
20151125,1.92,2.08,1.92,2.08,6752,0
20151126,1.92,2.08,1.92,2.08,23066,0
20151127,2.08,2.08,2.08,2.08,25927,0
20151130,2.08,2.08,2.08,2.08,10754,0
20151201,2.08,2.08,2.08,2.08,18732,0
20151202,2.08,2.08,2.08,2.08,7345,0
20151203,2.08,2.08,2.08,2.08,6303,0
20151204,2.08,2.08,2.08,2.08,17989,0
20151207,2.08,2.08,2.08,2.08,1955,0
20151208,2.08,2.08,1.92,1.92,6173,0
20151209,1.92,1.92,1.92,1.92,27726,0
20151210,1.92,2.08,1.92,2.08,13419,0
20151211,2.08,2.08,1.92,1.92,4603,0
20151214,1.92,1.92,1.92,1.92,9146,0
20151215,2.08,2.08,1.76,1.76,8243,0
20151216,1.76,1.92,1.76,1.92,22877,0
20151217,1.92,1.92,1.92,1.92,7259,0
20151218,1.92,1.92,1.76,1.76,17335,0
20151221,1.76,1.92,1.76,1.92,44684,0
20151222,2.08,2.08,2.08,2.08,100435,0
20151223,2.24,2.24,2.08,2.08,63078,0
20151228,1.92,2.08,1.92,2.08,60152,0
20151229,1.92,1.92,1.92,1.92,52521,0
20151230,1.92,1.92,1.92,1.92,5104,0
20160104,2.08,2.08,2.08,2.08,8644,0
20160105,2.08,2.08,2.08,2.08,57410,0
20160107,2.24,2.24,2.24,2.24,36034,0
20160108,2.4,2.4,2.4,2.4,9720,0
20160111,2.4,2.4,2.4,2.4,12060,0
20160112,2.4,2.4,2.4,2.4,20438,0
20160113,2.4,2.4,2.24,2.24,9484,0
20160114,2.4,2.4,2.4,2.4,3233,0
20160115,2.4,2.4,2.4,2.4,5099,0
20160118,2.24,2.24,2.08,2.08,37172,0
20160119,2.24,2.24,2.24,2.24,15275,0
20160120,2.24,2.24,2.08,2.08,4540,0
20160121,2.24,2.24,2.24,2.24,2403,0
20160122,2.08,2.24,2.08,2.24,2958,0
20160125,2.24,2.24,2.24,2.24,5585,0
20160126,2.24,2.24,2.24,2.24,2491,0
20160127,2.24,2.24,2.24,2.24,6358,0
20160128,2.24,2.24,2.24,2.24,5818,0
20160129,2.24,2.24,2.24,2.24,4190,0
20160201,2.24,2.24,2.24,2.24,7476,0
20160202,2.24,2.24,2.24,2.24,6470,0
20160203,2.24,2.4,2.24,2.4,4550,0
20160204,2.24,2.4,2.24,2.4,10915,0
20160205,2.4,2.56,2.4,2.56,55120,0
20160208,2.56,2.56,2.56,2.56,19948,0
20160209,2.56,2.56,2.56,2.56,12517,0
20160210,2.56,2.72,2.56,2.72,9405,0
20160211,2.72,2.72,2.72,2.72,24279,0
20160212,2.72,2.72,2.72,2.72,13826,0
20160215,2.72,2.72,2.72,2.72,12624,0
20160216,2.72,2.72,2.56,2.56,9010,0
20160217,2.72,2.72,2.72,2.72,20975,0
20160218,2.72,2.72,2.72,2.72,15191,0
20160219,2.88,2.88,2.88,2.88,9960,0
20160222,3.04,3.04,3.04,3.04,39160,0
20160223,3.36,3.84,3.36,3.84,87215,0
20160224,4.32,4.8,4.32,4.8,202481,0
20160225,5.92,5.92,5.6,5.6,194189,0
20160226,4.8,4.8,4.64,4.64,112640,0
20160229,4.64,4.64,4.48,4.48,41967,0
20160301,4,4,3.52,3.52,79032,0
20160302,4.16,4.48,4.16,4.48,101019,0
20160303,4.48,4.48,4.48,4.48,46719,0
20160304,4.32,4.32,4.16,4.16,36459,0
20160307,4,4,4,4,28738,0
20160308,4.16,4.32,4.16,4.32,30103,0
20160309,4.48,4.64,4.48,4.64,52714,0
20160310,4.8,4.8,4.8,4.8,19215,0
20160311,4.8,4.8,4.8,4.8,65425,0
20160314,4.8,4.8,4.8,4.8,16416,0
20160315,4.96,4.96,4.96,4.96,39800,0
20160316,5.12,5.28,5.12,5.28,82991,0
20160317,5.44,5.44,5.44,5.44,79835,0
20160318,5.12,5.12,5.12,5.12,35173,0
20160321,5.12,5.12,4.8,4.8,30210,0
20160411,4.8,4.8,4.8,4.8,37259,0
20160412,4.48,4.48,4.16,4.16,30670,0
20160413,3.84,4,3.84,4,81898,0
20160414,4.48,4.64,4.48,4.64,34710,0
20160415,4.32,4.32,4.16,4.16,24569,0
20160418,4.16,4.32,4.16,4.32,12112,0
20160419,4.48,4.48,4.48,4.48,15507,0
20160420,4.16,4.48,4.16,4.48,19264,0
20160421,4.48,4.48,4.48,4.48,12941,0
20160422,4.48,4.48,4.48,4.48,3809,0
20160425,4.48,4.48,4.48,4.48,4338,0
20160426,4.64,4.64,4.48,4.48,10347,0
20160427,4.32,4.32,4.32,4.32,6414,0
20160428,4.32,4.32,4.32,4.32,5229,0
20160429,4.16,4.16,4.16,4.16,7569,0
20160502,4.16,4.32,4.16,4.32,6034,0
20160504,4.32,4.32,4.16,4.16,3889,0
20160505,4.16,4.16,4.16,4.16,11373,0
20160506,3.84,3.84,3.68,3.68,20430,0
20160509,3.84,3.84,3.84,3.84,5903,0
20160510,2.88,2.88,2.56,2.56,110186,0
20160511,2.56,2.72,2.56,2.72,56715,0
20160512,2.88,2.88,2.88,2.88,19907,0
20160513,3.2,3.36,3.2,3.36,33960,0
20160516,3.36,3.36,3.36,3.36,25619,0
20160517,3.36,3.36,3.36,3.36,14844,0
20160518,3.36,3.36,3.2,3.2,4577,0
20160519,3.04,3.04,2.88,2.88,14020,0
20160520,3.04,3.04,3.04,3.04,8178,0
20160523,2.88,3.04,2.88,3.04,4936,0
20160524,3.04,3.04,3.04,3.04,5591,0
20160525,3.04,3.04,3.04,3.04,3106,0
20160527,3.2,3.2,3.2,3.2,16768,0
20160530,3.36,3.36,3.36,3.36,4491,0
20160531,3.36,3.36,3.2,3.2,8548,0
20160601,3.36,3.36,3.36,3.36,8262,0
20160602,3.36,3.36,3.36,3.36,9230,0
20160603,3.52,3.52,3.36,3.36,6881,0
20160606,3.52,3.52,3.52,3.52,17358,0
20160607,3.84,4,3.84,4,52351,0
20160608,4.48,4.48,4.48,4.48,64608,0
20160609,4.48,4.48,4,4,17404,0
20160610,4.32,4.32,4.32,4.32,9104,0
20160613,4.32,4.32,4.32,4.32,9271,0
20160614,4.16,4.16,4,4,3837,0
20160615,4.16,4.16,4.16,4.16,3303,0
20160616,4.16,4.16,4,4,3413,0
20160617,4.16,4.16,4.16,4.16,1294,0
20160620,4,4,4,4,4498,0
20160621,4.16,4.16,4,4,4106,0
20160622,4.16,4.16,4,4,3840,0
20160623,4,4,4,4,4567,0
20160624,3.84,3.84,3.84,3.84,7686,0
20160627,3.52,4,3.52,4,11315,0
20160628,4.16,4.16,4.16,4.16,9976,0
20160629,4,4,4,4,10027,0
20160630,4,4,4,4,6821,0
20160701,4.16,4.16,4.16,4.16,11697,0
20160704,4.32,4.32,3.68,3.68,26476,0
20160705,3.84,4,3.84,4,22117,0
20160706,4,4,4,4,13916,0
20160707,4.16,4.16,4.16,4.16,3748,0
20160708,4.32,4.48,4.32,4.48,39048,0
20160711,4.48,4.48,4.48,4.48,15895,0
20160712,4.32,4.48,4.32,4.48,7110,0
20160713,4.32,4.64,4.32,4.64,32015,0
20160714,4.48,4.48,4.32,4.32,7082,0
20160715,4.64,4.64,4.64,4.64,25639,0
20160718,4.64,4.64,4.48,4.48,7935,0
20160719,4.48,4.48,4.48,4.48,14089,0
20160720,2.24,2.56,2.24,2.56,212938,0
20160721,2.88,3.04,2.88,3.04,66392,0
20160722,3.2,3.2,3.04,3.04,45741,0
20160725,2.72,2.72,2.56,2.56,69643,0
20160726,2.4,2.56,2.4,2.56,80486,0
20160727,2.4,2.4,2.4,2.4,39963,0
20160728,2.4,2.4,2.4,2.4,33480,0
20160729,2.24,2.24,2.08,2.08,63648,0
20160801,2.24,2.24,2.24,2.24,49847,0
20160802,2.08,2.08,2.08,2.08,53107,0
20160803,1.92,1.92,1.92,1.92,91711,0
20160804,1.92,2.08,1.92,2.08,35674,0
20160805,2.08,2.08,2.08,2.08,37874,0
20160808,2.08,2.08,2.08,2.08,42967,0
20160809,2.08,2.08,2.08,2.08,27806,0
20160810,2.08,2.08,1.92,1.92,20581,0
20160811,1.92,2.08,1.92,2.08,30864,0
20160812,2.08,2.08,2.08,2.08,29097,0
20160816,1.92,2.08,1.92,2.08,25437,0
20160817,2.08,2.08,2.08,2.08,32199,0
20160818,1.92,1.92,1.92,1.92,39340,0
20160819,2.08,2.08,2.08,2.08,13887,0
20160822,2.08,2.08,2.08,2.08,82818,0
20160823,2.24,2.56,2.24,2.56,66194,0
20160824,2.56,2.56,2.56,2.56,68242,0
20160825,2.4,2.56,2.4,2.56,19732,0
20160826,2.56,2.72,2.56,2.72,9966,0
20160829,2.72,2.72,2.72,2.72,15389,0
20160830,2.72,2.72,2.72,2.72,13240,0
20160831,2.56,2.56,2.4,2.4,27715,0
20160901,2.4,2.4,2.4,2.4,6796,0
20160902,2.24,2.24,2.24,2.24,19860,0
20160905,2.08,2.08,2.08,2.08,9514,0
20160906,2.4,2.4,2.4,2.4,51171,0
20160907,2.24,2.24,2.24,2.24,20433,0
20160908,2.24,2.4,2.24,2.4,46665,0
20160909,2.4,2.56,2.4,2.56,8054,0
20160912,2.4,2.4,2.4,2.4,2362,0
20160913,2.4,2.4,2.4,2.4,7525,0
20160914,2.4,2.4,2.4,2.4,2332,0
20160915,2.4,2.4,2.24,2.24,17700,0
20160916,2.4,2.4,2.24,2.24,3804,0
20160919,2.4,2.4,2.24,2.24,8086,0
20160920,2.24,2.24,2.24,2.24,8727,0
20160921,2.24,2.24,2.24,2.24,21024,0
20160922,2.24,2.24,2.24,2.24,4251,0
20160923,2.08,2.24,2.08,2.24,29904,0
20160926,2.4,2.4,2.4,2.4,62194,0
20160927,2.4,2.4,2.4,2.4,18866,0
20160928,2.4,2.4,2.4,2.4,27101,0
20160929,2.24,2.4,2.24,2.4,74482,0
20160930,2.56,2.56,2.4,2.4,207114,0
20161026,4,4,4,4,35752,0
20161027,5,5,5,5,92171,0
20161028,5.48,5.48,4.05,4.17,237122,0
20161031,4.05,4.32,3.7,4.24,105666,0
20161102,4.06,4.58,4.05,4.31,102207,0
20161103,4.26,4.53,4.26,4.35,34212,0
20161104,4.26,4.45,4.26,4.35,24097,0
20161107,4.31,4.41,4.21,4.35,23808,0
