Date,Open,High,Low,Close,Volume,OpenInt
20090209,27.659,27.659,27.659,27.659,62,0
20090210,27.659,27.659,27.659,27.659,28,0
20090211,27.659,27.659,27.659,27.659,22,0
20090212,28.004,28.004,28.004,28.004,5,0
20090213,28.35,28.35,28.35,28.35,5,0
20090216,28.523,28.523,28.523,28.523,5,0
20090217,28.523,28.523,28.523,28.523,5,0
20090218,28.523,28.523,28.523,28.523,5,0
20090219,28.523,28.523,28.523,28.523,5,0
20090220,28.523,28.523,28.264,28.264,4,0
20090223,26.795,28.35,25.929,28.35,24,0
20090224,28.35,28.35,28.35,28.35,2,0
20090225,28.35,28.35,28.35,28.35,2,0
20090226,28.436,28.436,28.436,28.436,1,0
20090227,28.436,28.436,28.436,28.436,1,0
20090305,28.436,28.523,28.436,28.523,3,0
20090306,29.215,29.215,29.215,29.215,1,0
20090310,28.35,29.386,28.35,29.386,14,0
20090311,29.819,29.906,29.819,29.906,10,0
20090312,29.906,29.906,29.906,29.906,1,0
20090313,29.906,29.906,29.906,29.906,1,0
20090316,29.819,29.819,29.819,29.819,1,0
20090318,29.819,29.819,29.819,29.819,1,0
20090319,29.819,29.819,29.819,29.819,1,0
20090320,29.819,29.819,29.819,29.819,1,0
20090323,29.819,29.819,27.659,29.819,14,0
20090324,29.819,29.819,29.819,29.819,1,0
20090325,29.819,29.819,26.795,29.819,14,0
20090326,29.819,29.819,29.819,29.819,1,0
20090327,29.819,29.819,29.819,29.819,1,0
20090331,29.819,29.819,29.819,29.819,1,0
20090401,29.819,29.819,29.819,29.819,1,0
20090406,29.828,29.828,28.091,29.828,581,0
20090407,29.837,29.837,29.837,29.837,1,0
20090408,29.854,29.854,29.854,29.854,1,0
20090409,29.862,29.862,29.862,29.862,1,0
20090414,28.523,28.523,28.523,28.523,1156,0
20090415,29.854,29.854,29.854,29.854,1,0
20090416,29.854,29.854,29.854,29.854,1,0
20090417,29.854,29.854,29.854,29.854,1,0
20090420,29.854,29.862,29.854,29.862,14,0
20090421,26.795,28.523,26.795,28.523,24,0
20090423,28.523,29.897,27.744,29.872,25,0
20090424,29.041,29.215,26.795,29.215,2905,0
20090428,29.215,29.215,29.215,29.215,9,0
20090430,29.897,29.897,29.897,29.897,9,0
20090504,27.831,28.523,27.667,28.523,316,0
20090507,28.523,28.523,28.523,28.523,13,0
20090508,27.659,27.659,26.967,27.659,577,0
20090511,26.795,26.795,26.795,26.795,116,0
20090512,26.795,26.795,26.795,26.795,152,0
20090513,26.795,26.795,26.795,26.795,116,0
20090514,26.795,26.795,26.795,26.795,79,0
20090515,26.795,26.795,26.795,26.795,5,0
20090518,26.795,26.795,26.795,26.795,5,0
20090519,26.795,26.795,26.795,26.795,1,0
20090520,26.795,26.795,26.795,26.795,37,0
20090521,26.795,26.795,26.795,26.795,1,0
20090522,26.795,26.795,26.795,26.795,1,0
20090525,26.795,26.795,26.795,26.795,2,0
20090526,26.795,26.795,26.795,26.795,1,0
20090527,26.795,26.795,26.795,26.795,1,0
20090528,26.795,26.795,26.795,26.795,1,0
20090529,26.795,26.795,26.795,26.795,1,0
20090601,26.795,26.795,26.795,26.795,1,0
20090602,26.795,26.795,26.795,26.795,1,0
20090603,26.795,26.795,26.795,26.795,1,0
20090604,26.795,26.795,26.795,26.795,1,0
20090605,26.795,26.795,26.795,26.795,1,0
20090608,26.795,26.795,25.066,25.066,24,0
20090609,25.066,25.066,21.609,22.905,350,0
20090610,20.744,22.905,20.744,22.905,74,0
20090616,22.472,22.472,22.472,22.472,1,0
20090617,22.472,22.472,22.472,22.472,1,0
20090618,22.472,22.472,22.472,22.472,1,0
20090619,22.472,22.472,17.978,19.88,2608,0
20090622,19.871,19.88,18.151,19.88,181,0
20090623,19.871,19.871,19.871,19.871,1,0
20090624,19.871,19.871,19.871,19.871,1,0
20090625,19.871,19.871,17.287,17.287,261,0
20090626,17.287,17.287,17.287,17.287,1,0
20090629,17.287,17.287,17.287,17.287,1,0
20090630,17.287,17.287,17.287,17.287,1,0
20090703,14.694,14.694,14.694,14.694,173,0
20090724,15.557,16.855,14.866,16.855,173,0
20090727,16.855,16.855,16.855,16.855,5,0
20090810,16.855,18.065,16.855,18.065,58,0
20090811,18.056,18.056,18.056,18.056,1,0
20090812,18.056,18.056,18.056,18.056,1,0
20090813,18.056,18.056,18.056,18.056,1,0
20090814,18.056,18.056,18.056,18.056,1,0
20090817,18.056,18.056,18.056,18.056,1,0
20090818,18.056,18.056,18.056,18.056,1,0
20090819,15.557,18.056,15.557,18.056,128,0
20090820,18.056,18.056,18.056,18.056,1,0
20090821,18.065,18.065,18.056,18.065,18,0
20090827,17.287,17.287,17.287,17.287,5,0
20090909,17.459,18.065,17.459,18.065,104,0
20090910,18.151,18.151,15.557,15.557,122,0
20090916,14.694,14.694,13.829,13.829,88,0
20090917,14.694,14.694,14.694,14.694,65,0
20090918,14.694,14.694,14.694,14.694,1,0
20090921,14.694,14.694,14.694,14.694,1,0
20090922,14.694,14.694,14.694,14.694,1,0
20090923,14.694,14.694,14.694,14.694,1,0
20090924,13.829,13.829,12.965,13.397,21,0
20090928,12.965,12.965,12.965,12.965,14,0
20090929,12.965,13.829,12.965,13.829,34,0
20090930,13.829,13.829,13.829,13.829,10,0
20091001,13.829,13.829,13.829,13.829,10,0
20091002,13.829,14.694,13.829,13.829,999,0
20091005,13.829,13.829,13.829,13.829,80,0
20091006,13.829,13.829,13.829,13.829,10,0
20091007,13.829,13.829,13.829,13.829,10,0
20091008,13.829,13.829,13.829,13.829,58,0
20091009,13.829,15.125,13.829,15.125,2,0
20091012,13.829,13.829,13.829,13.829,1,0
20091013,13.829,13.829,13.829,13.829,5,0
20091014,13.829,15.125,13.829,15.125,101,0
20091015,15.125,16.423,15.125,16.423,75,0
20091020,16.423,16.423,16.423,16.423,5,0
20091021,16.423,16.423,16.423,16.423,10,0
20091022,15.125,15.125,15.125,15.125,15,0
20091023,15.125,15.125,15.125,15.125,10,0
20091026,15.125,15.125,15.125,15.125,10,0
20091027,15.125,15.125,15.125,15.125,10,0
20091028,15.125,16.855,15.125,15.125,39,0
20091029,15.125,17.2,15.125,15.125,74,0
20091030,15.125,15.125,15.125,15.125,5,0
20091102,15.125,15.125,15.125,15.125,5,0
20091103,14.694,14.694,14.694,14.694,2322,0
20091104,14.824,17.287,14.824,15.471,450,0
20091105,17.278,17.278,17.278,17.278,36,0
20091106,17.287,17.287,17.287,17.287,1,0
20091112,16.423,16.423,16.423,16.423,57,0
20091113,17.287,17.287,17.287,17.287,1,0
20091117,17.287,17.287,17.287,17.287,1,0
20091118,16.508,16.508,16.508,16.508,65,0
20091120,16.508,16.508,16.508,16.508,70,0
20091123,16.595,16.595,16.595,16.595,2,0
20091124,16.595,16.595,15.557,15.557,183,0
20091201,16.595,16.595,16.595,16.595,1,0
20091202,16.595,17.287,16.595,17.287,29,0
20091207,17.287,17.287,15.816,15.991,2500,0
20091208,17.373,17.373,17.373,17.373,27,0
20091209,17.373,17.373,17.373,17.373,1,0
20091210,17.373,17.373,17.373,17.373,1,0
20091211,17.373,17.373,15.557,15.557,24,0
20091218,15.645,15.645,15.645,15.645,1022,0
20091231,16.855,16.855,15.125,16.855,3,0
20100105,15.125,15.125,15.125,15.125,10,0
20100107,16.423,16.855,16.423,16.855,13,0
20100111,16.855,17.459,16.855,16.871,17,0
20100114,14.694,14.694,13.829,13.829,34,0
20100115,13.838,15.557,13.838,15.557,6,0
20100118,15.125,15.125,15.125,15.125,6504,0
20100119,15.557,18.151,15.557,18.151,125,0
20100120,18.929,19.014,18.929,19.014,61,0
20100121,19.014,19.014,17.287,17.287,91,0
20100127,17.287,17.287,17.287,17.287,5,0
20100128,17.287,17.287,17.287,17.287,2,0
20100129,17.287,17.287,17.287,17.287,1,0
20100201,17.287,17.287,17.287,17.287,5,0
20100204,18.065,18.065,18.065,18.065,10,0
20100205,18.065,18.065,18.065,18.065,22,0
20100208,19.014,19.014,19.014,19.014,66,0
20100209,20.571,20.571,20.571,20.571,2,0
20100210,18.151,19.88,18.151,19.014,41,0
20100211,19.014,19.014,19.014,19.014,1,0
20100212,19.014,20.657,19.014,20.657,13,0
20100216,20.312,20.312,20.312,20.312,1,0
20100217,20.398,20.398,20.398,20.398,1,0
20100218,20.442,20.442,20.442,20.442,1,0
20100219,20.726,20.734,20.726,20.734,58,0
20100222,20.734,20.734,20.734,20.734,1,0
20100223,20.734,20.734,20.734,20.734,1,0
20100224,20.734,20.734,20.734,20.734,1,0
20100225,20.734,20.734,20.734,20.734,1,0
20100226,20.734,20.734,20.734,20.734,1,0
20100301,20.734,20.734,20.734,20.734,1,0
20100302,20.734,22.472,20.734,22.472,127,0
20100303,22.472,22.472,22.472,22.472,1,0
20100304,22.472,25.066,22.386,25.066,66,0
20100305,24.978,24.978,24.978,24.978,1,0
20100308,24.978,24.978,24.978,24.978,1,0
20100309,23.337,23.337,22.472,22.472,24,0
20100310,21.609,21.609,21.609,21.609,10,0
20100311,22.386,22.386,22.386,22.386,1,0
20100312,20.744,22.472,19.88,22.472,96,0
20100317,22.472,22.472,22.472,22.472,126,0
20100318,22.472,22.472,22.472,22.472,2,0
20100319,22.472,22.472,22.472,22.472,4,0
20100324,22.819,22.819,22.819,22.819,1,0
20100325,22.819,22.819,22.819,22.819,1,0
20100326,22.819,22.819,22.819,22.819,1,0
20100329,22.819,22.819,22.819,22.819,1,0
20100330,22.819,22.819,22.819,22.819,1,0
20100401,22.819,22.819,22.819,22.819,1,0
20100406,22.472,22.472,22.472,22.472,1,0
20100407,22.819,22.819,22.819,22.819,1,0
20100408,22.819,22.819,22.819,22.819,1,0
20100409,22.819,22.819,22.819,22.819,1,0
20100412,22.8,22.8,22.8,22.8,1,0
20100413,22.8,22.8,22.8,22.8,1,0
20100414,22.8,22.8,22.8,22.8,45,0
20100415,22.731,22.731,19.88,21.176,57,0
20100416,21.089,21.089,21.089,21.089,1,0
20100419,21.089,21.089,21.089,21.089,1,0
20100420,21.133,21.133,21.133,21.133,1,0
20100421,21.142,21.142,21.142,21.142,1,0
20100422,21.142,21.142,21.142,21.142,1,0
20100426,21.142,21.142,21.142,21.142,1,0
20100427,21.15,21.15,21.15,21.15,1,0
20100428,19.014,19.014,18.237,18.237,138,0
20100429,19.014,19.014,19.014,19.014,29,0
20100507,19.448,21.609,19.448,21.609,57,0
20100510,20.744,23.251,20.744,23.251,86,0
20100511,23.337,25.929,23.337,25.929,13,0
20100512,25.498,25.498,24.201,25.498,288,0
20100513,25.498,25.498,25.498,25.498,1,0
20100514,25.584,25.584,25.584,25.584,1,0
20100517,25.671,25.671,25.671,25.671,1,0
20100518,25.671,25.671,25.671,25.671,1,0
20100519,24.978,24.978,24.978,24.978,1,0
20100520,24.978,24.978,24.978,24.978,1,0
20100521,24.893,24.893,24.893,24.893,1,0
20100524,24.893,24.893,21.609,21.609,13,0
20100525,24.893,24.978,24.893,24.978,111,0
20100526,25.066,25.066,25.066,25.066,1,0
20100527,25.066,25.066,25.066,25.066,1,0
20100528,25.152,25.152,25.152,25.152,1,0
20100531,25.152,25.152,25.152,25.152,1,0
20100601,25.238,25.238,25.238,25.238,1,0
20100602,25.324,25.324,25.324,25.324,1,0
20100604,25.324,25.324,21.609,21.609,84,0
20100607,20.744,20.744,19.88,19.88,23,0
20100608,19.88,19.88,19.88,19.88,1,0
20100609,19.88,19.88,19.88,19.88,1,0
20100610,19.88,19.88,19.88,19.88,1,0
20100611,19.88,19.88,19.88,19.88,1,0
20100614,19.88,19.88,19.88,19.88,1,0
20100615,19.88,19.88,19.88,19.88,1,0
20100616,19.534,22.472,19.534,22.472,49,0
20100617,22.04,22.04,22.04,22.04,2,0
20100618,22.04,22.04,22.04,22.04,1,0
20100621,21.176,21.176,15.904,15.904,717,0
20100622,15.557,15.557,15.557,15.557,591,0
20100623,16.785,16.785,16.785,16.785,23,0
20100624,16.76,17.278,16.76,17.278,24,0
20100625,17.278,17.278,14.694,14.694,36,0
20100628,14.261,14.261,12.965,13.829,116,0
20100629,12.965,13.829,12.965,13.829,45,0
20100630,14.694,16.595,14.694,16.595,34,0
20100701,17.2,17.2,17.2,17.2,10,0
20100702,19.014,19.014,19.014,19.014,10,0
20100705,13.829,13.829,13.829,13.829,707,0
20100706,13.397,13.397,12.965,12.965,423,0
20100708,14.694,14.694,12.534,12.534,23,0
20100709,12.534,12.534,12.534,12.534,10,0
20100712,12.534,13.829,12.534,13.829,47,0
20100713,12.965,15.557,12.965,12.965,626,0
20100714,12.534,13.829,12.534,13.829,23,0
20100715,13.397,13.829,13.397,13.829,69,0
20100716,13.829,13.829,13.397,13.397,127,0
20100719,12.965,12.965,12.965,12.965,23,0
20100720,12.965,12.965,12.965,12.965,23,0
20100721,12.974,12.974,12.801,12.801,270,0
20100722,12.801,12.801,11.668,12.447,1155,0
20100723,12.447,12.792,12.447,12.792,57,0
20100726,13.829,13.829,12.1,12.1,265,0
20100727,12.965,12.965,11.928,11.928,356,0
20100728,12.1,12.1,10.372,12.092,208,0
20100729,12.083,13.829,12.083,13.829,186,0
20100730,14.046,14.261,14.046,14.261,85,0
20100802,14.495,16.855,14.434,15.991,1432,0
20100803,14.27,18.557,14.27,18.065,176,0
20100804,18.367,18.367,18.367,18.367,1,0
20100805,18.531,18.531,18.531,18.531,1,0
20100806,18.531,18.531,18.531,18.531,23,0
20100809,18.151,18.151,17.287,17.287,24,0
20100810,18.151,18.151,18.151,18.151,1,0
20100811,18.531,18.531,18.523,18.531,118,0
20100812,18.531,18.531,18.531,18.531,15,0
20100813,18.557,18.557,17.278,18.549,121,0
20100816,18.549,18.549,18.549,18.549,1,0
20100817,18.549,18.549,18.549,18.549,1,0
20100818,18.549,18.549,18.549,18.549,1,0
20100819,17.692,17.692,17.692,17.692,5,0
20100820,17.692,17.692,17.692,17.692,2,0
20100823,17.692,17.692,17.692,17.692,1,0
20100824,17.692,17.692,17.692,17.692,1,0
20100825,17.692,17.692,17.692,17.692,1,0
20100826,17.692,17.692,17.692,17.692,1,0
20100827,17.692,17.692,17.692,17.692,24,0
20100830,18.549,18.549,18.549,18.549,1,0
20100831,18.549,18.549,18.549,18.549,1,0
20100901,18.549,18.549,18.549,18.549,1,0
20100902,17.2,17.2,15.557,15.557,110,0
20100903,18.531,18.531,16.423,16.423,295,0
20100906,18.531,18.531,15.557,15.557,117,0
20100907,18.531,18.531,18.531,18.531,1,0
20100908,18.531,18.531,18.531,18.531,1,0
20100909,18.531,18.531,18.531,18.531,1,0
20100910,18.531,18.531,15.557,15.557,18,0
20100913,18.531,18.531,18.531,18.531,1,0
20100914,18.531,18.531,18.531,18.531,1,0
20100915,18.531,18.531,18.531,18.531,1,0
20100916,18.531,18.531,18.531,18.531,2,0
20100917,18.531,18.531,18.531,18.531,1,0
20100920,18.531,18.531,18.531,18.531,1,0
20100922,18.531,18.531,15.515,15.515,421,0
20100923,17.331,17.331,17.331,17.331,2,0
20100924,18.065,18.065,18.065,18.065,2,0
20100927,18.065,18.065,18.065,18.065,1,0
20100928,17.287,17.287,17.287,17.287,1,0
20100929,18.065,18.065,18.065,18.065,1,0
20100930,18.065,18.065,18.065,18.065,1,0
20101001,18.065,18.065,18.065,18.065,1,0
20101004,18.065,18.065,18.065,18.065,1,0
20101005,17.891,17.891,17.891,17.891,1,0
20101006,17.891,17.891,15.125,17.848,19,0
20101007,17.848,17.848,15.212,17.806,84,0
20101008,17.287,17.287,17.287,17.287,1,0
20101011,17.287,17.287,17.287,17.287,1,0
20101012,17.287,17.287,17.287,17.287,1,0
20101013,15.567,17.278,15.567,17.278,195,0
20101014,17.278,17.278,17.278,17.278,1,0
20101015,17.278,17.278,17.278,17.278,19,0
20101018,17.287,17.287,17.287,17.287,1,0
20101019,17.278,17.278,17.278,17.278,1,0
20101020,17.278,17.278,17.278,17.278,1,0
20101021,17.278,17.278,17.278,17.278,3,0
20101022,17.278,17.278,15.732,15.732,45,0
20101025,17.2,17.2,17.2,17.2,1,0
20101026,17.2,17.806,15.662,17.797,470,0
20101027,18.065,18.065,18.065,18.065,1,0
20101028,18.047,18.047,15.869,17.839,728,0
20101029,17.891,17.891,15.999,15.999,15,0
20101102,17.373,17.373,15.732,17.321,435,0
20101103,17.278,17.278,13.933,15.973,160,0
20101104,15.973,15.973,15.973,15.973,1,0
20101105,15.973,15.973,15.973,15.973,16,0
20101108,15.973,15.973,14.046,15.973,113,0
20101109,15.973,16.655,15.973,15.973,284,0
20101110,16.622,16.622,16.622,16.622,1,0
20101112,16.613,17.719,14.063,15.48,9208,0
20101115,15.991,17.365,15.567,15.816,8667,0
20101116,16.423,16.423,15.576,15.816,87,0
20101117,15.557,17.114,15.557,17.114,359,0
20101118,17.114,17.114,17.114,17.114,196,0
20101119,17.806,17.806,17.806,17.806,1,0
20101122,19.405,19.405,19.361,19.405,323,0
20101123,21.435,21.435,21.435,21.435,1,0
20101124,21.435,21.435,21.426,21.426,21,0
20101125,21.348,22.905,21.348,22.905,346,0
20101126,25.238,26.708,25.066,26.708,44,0
20101129,22.092,25.066,22.092,25.066,128,0
20101130,24.978,24.978,20.06,24.806,133,0
20101201,24.115,24.115,19.965,23.683,44,0
20101202,23.251,23.251,19.014,20.744,759,0
20101203,22.472,22.472,22.472,22.472,4,0
20101206,21.435,21.435,21.435,21.435,1,0
20101207,21.521,21.521,18.151,21.435,111,0
20101208,21.418,21.418,21.348,21.348,158,0
20101209,21.876,21.876,21.876,21.876,1,0
20101210,21.176,21.176,21.176,21.176,1,0
20101213,21.176,21.176,21.176,21.176,1,0
20101214,21.176,21.176,21.176,21.176,4,0
20101215,21.176,21.176,21.176,21.176,1,0
20101216,21.176,21.176,21.176,21.176,1,0
20101217,21.176,21.176,21.176,21.176,1,0
20101220,21.176,21.176,21.176,21.176,7,0
20101221,21.176,21.176,18.323,21.176,19,0
20101222,21.176,21.176,21.176,21.176,1,0
20101223,21.176,21.176,21.176,21.176,1,0
20101227,21.176,21.176,21.176,21.176,1,0
20101228,21.168,21.168,21.168,21.168,1,0
20101229,21.142,21.142,21.142,21.142,1,0
20101230,21.133,21.133,21.133,21.133,1,0
20101231,21.133,21.133,21.133,21.133,1,0
20110103,23.769,23.769,23.769,23.769,1,0
20110104,22.472,22.472,22.472,22.472,2,0
20110105,21.521,21.521,20.744,20.744,4,0
20110107,21.142,21.142,21.142,21.142,1,0
20110110,21.176,21.176,18.254,18.254,29,0
20110111,20.217,20.217,20.217,20.217,1,0
20110112,20.217,20.217,20.217,20.217,1,0
20110113,20.217,20.217,20.217,20.217,1,0
20110114,20.139,20.139,20.139,20.139,1,0
20110117,20.13,20.13,20.13,20.13,1,0
20110118,20.13,20.13,20.13,20.13,1,0
20110119,20.13,20.13,20.13,20.13,1,0
20110120,19.88,19.88,16.171,18.964,80,0
20110121,18.964,18.964,18.964,18.964,1,0
20110124,16.215,16.846,15.212,16.846,135,0
20110125,16.846,16.846,16.846,16.846,45,0
20110126,17.269,17.269,17.269,17.269,3,0
20110127,18.964,18.964,18.964,18.964,1,0
20110128,18.964,18.964,18.964,18.964,1,0
20110131,18.964,18.964,18.964,18.964,1,0
20110201,17.235,17.235,17.235,17.235,45,0
20110202,18.964,18.964,15.325,18.964,3,0
20110203,18.929,18.929,18.929,18.929,1,0
20110204,18.929,18.929,18.929,18.929,1,0
20110207,18.964,18.964,15.316,17.027,157,0
20110208,17.07,17.07,14.833,14.833,174,0
20110209,16.24,16.24,14.833,14.833,2,0
20110210,16.24,16.24,16.24,16.24,1,0
20110211,16.24,16.24,16.24,16.24,1,0
20110214,16.12,16.12,16.12,16.12,1,0
20110215,16.12,16.12,16.12,16.12,1,0
20110216,16.102,16.102,16.102,16.102,1,0
20110217,16.102,16.102,16.102,16.102,1,0
20110218,16.102,16.102,16.102,16.102,1,0
20110221,16.102,16.102,16.102,16.102,1,0
20110222,16.102,16.102,16.102,16.102,1,0
20110223,16.102,16.102,16.102,16.102,1,0
20110224,16.102,16.102,16.102,16.102,1,0
20110225,16.102,16.102,16.102,16.102,1,0
20110228,16.102,16.102,16.102,16.102,1,0
20110301,16.102,16.102,16.102,16.102,1,0
20110302,16.102,16.102,16.102,16.102,1,0
20110303,16.102,16.102,14.606,14.606,96,0
20110304,16.102,16.102,16.102,16.102,1,0
20110307,16.102,16.102,16.102,16.102,1,0
20110308,16.102,16.102,16.102,16.102,1,0
20110309,16.102,19.274,15.991,19.274,434,0
20110310,19.014,19.88,19.014,19.88,108,0
20110311,20.112,21.609,19.88,19.88,567,0
20110314,20.899,21.521,19.88,19.88,110,0
20110315,21.609,22.24,21.609,21.609,736,0
20110316,21.78,22.472,21.78,22.472,153,0
20110317,25.498,25.498,24.201,24.201,117,0
20110318,25.498,25.498,25.066,25.066,174,0
20110321,25.498,25.498,21.609,25.066,94,0
20110322,25.066,25.324,22.04,24.633,244,0
20110323,25.412,25.412,22.04,24.633,67,0
20110324,24.633,24.633,24.633,24.633,232,0
20110325,24.546,24.546,24.374,24.461,325,0
20110328,24.418,24.418,24.418,24.418,1,0
20110329,24.418,24.418,24.418,24.418,1,0
20110330,24.201,24.201,21.609,24.158,586,0
20110331,24.115,24.115,24.115,24.115,1,0
20110401,24.418,24.418,21.609,24.418,61,0
20110404,24.418,24.418,24.418,24.418,1,0
20110405,24.418,24.418,21.609,24.287,44,0
20110406,24.029,24.029,24.029,24.029,1,0
20110407,24.029,24.029,24.029,24.029,1,0
20110408,23.337,23.337,23.337,23.337,1,0
20110411,23.337,23.337,21.176,21.176,58,0
20110412,23.337,23.337,23.337,23.337,1,0
20110413,23.337,23.337,23.337,23.337,1,0
20110414,23.337,23.337,21.176,23.337,42,0
20110415,23.337,23.337,23.337,23.337,2,0
20110418,23.337,25.929,21.176,25.929,567,0
20110419,25.929,25.929,25.929,25.929,5,0
20110420,25.066,25.066,21.609,25.066,112,0
20110421,25.929,25.929,23.077,25.066,232,0
20110426,24.978,24.978,24.978,24.978,5,0
20110427,25.066,25.066,25.066,25.066,10,0
20110428,24.978,24.978,24.978,24.978,14,0
20110429,24.893,24.893,24.893,24.893,23,0
20110502,25.066,25.066,25.066,25.066,17,0
20110504,25.066,25.066,25.066,25.066,2,0
20110505,24.978,24.978,23.337,23.337,47,0
20110506,24.978,24.978,23.337,23.337,129,0
20110509,23.337,23.337,23.337,23.337,243,0
20110510,25.929,25.929,23.813,23.813,142,0
20110511,23.337,23.337,23.337,23.337,109,0
20110512,25.757,25.757,25.757,25.757,6,0
20110513,21.609,25.498,21.609,25.498,26,0
20110516,23.337,25.757,23.337,25.757,734,0
20110517,25.757,25.757,23.769,24.978,418,0
20110518,25.584,25.584,24.201,24.201,560,0
20110519,25.671,25.671,24.633,24.633,238,0
20110520,24.633,25.066,24.201,25.066,350,0
20110523,25.238,25.238,24.633,25.066,456,0
20110524,25.152,25.152,24.633,24.633,305,0
20110525,25.238,25.238,24.201,24.806,909,0
20110526,25.238,25.238,24.029,24.029,83,0
20110527,25.238,25.238,25.238,25.238,3,0
20110530,25.238,25.238,23.337,23.337,111,0
20110531,21.435,23.769,21.435,23.769,16,0
20110601,24.201,25.066,23.769,25.066,1181,0
20110602,25.066,25.066,23.942,24.633,1265,0
20110603,25.066,25.929,24.633,25.929,2536,0
20110606,26.795,26.795,25.929,26.795,595,0
20110607,26.795,26.795,26.795,26.795,80,0
20110608,26.708,27.659,26.708,27.659,1587,0
20110609,27.659,31.876,27.659,31.876,218,0
20110610,31.981,32.672,31.981,32.672,117,0
20110613,33.277,33.277,33.277,33.277,138,0
20110614,32.413,34.573,32.413,34.573,1096,0
20110615,34.573,34.573,32.068,34.573,131,0
20110616,34.573,38.895,34.573,35.438,730,0
20110617,35.438,38.895,35.438,38.895,382,0
20110620,38.895,41.92,38.895,41.92,861,0
20110621,41.92,41.92,41.833,41.92,99,0
20110622,41.92,41.92,41.92,41.92,18,0
20110624,42.913,42.913,42.913,42.913,2,0
20110629,41.92,43.216,41.488,42.309,229,0
20110630,38.895,41.488,38.895,41.488,125,0
20110701,36.301,39.932,36.301,39.932,17,0
20110704,37.176,42.353,37.176,42.353,10,0
20110705,42.353,42.353,42.353,42.353,2,0
20110706,42.344,42.344,42.344,42.344,10,0
20110707,41.488,41.488,41.488,41.488,2,0
20110708,41.488,41.488,41.488,41.488,2,0
20110711,39.093,39.093,38.895,38.895,144,0
20110712,38.895,38.895,38.895,38.895,2,0
20110713,38.895,38.895,38.463,38.463,470,0
20110714,38.463,38.463,38.463,38.463,1,0
20110715,38.463,38.463,38.463,38.463,2,0
20110718,38.463,38.463,38.463,38.463,2,0
20110719,38.463,38.463,38.463,38.463,1,0
20110720,38.463,38.463,38.463,38.463,1,0
20110721,38.463,38.463,38.463,38.463,1,0
20110722,38.463,38.463,38.463,38.463,5,0
20110725,38.463,38.463,38.463,38.463,1,0
20110726,38.031,38.031,38.031,38.031,2,0
20110727,38.463,38.463,38.463,38.463,1,0
20110728,38.463,38.463,36.129,38.031,73,0
20110729,38.031,38.031,38.031,38.031,1,0
20110801,33.709,36.734,33.709,36.734,81,0
20110802,38.031,38.031,38.031,38.031,1,0
20110803,36.734,36.734,36.734,36.734,1,0
20110804,38.031,38.031,33.709,35.438,7,0
20110805,38.031,38.031,33.709,35.005,8,0
20110808,33.709,34.487,32.759,34.487,88,0
20110809,34.573,34.573,34.573,34.573,1,0
20110810,34.573,34.573,32.68,34.401,72,0
20110811,31.981,34.573,31.981,33.709,77,0
20110812,34.141,34.141,32.844,33.709,14,0
20110816,31.981,33.709,31.981,33.709,73,0
20110817,33.709,33.709,33.709,33.709,2,0
20110818,33.19,33.19,30.252,33.19,129,0
20110819,30.252,31.461,29.975,31.461,146,0
20110822,31.461,31.461,29.819,31.202,147,0
20110823,30.252,30.252,29.386,30.252,291,0
20110824,31.116,31.116,31.116,31.116,2,0
20110825,30.252,30.252,28.955,28.955,85,0
20110826,28.955,28.955,28.955,28.955,2,0
20110829,28.955,28.955,28.739,28.739,122,0
20110830,29.732,29.732,29.732,29.732,5,0
20110831,29.819,29.819,28.739,29.386,118,0
20110901,29.732,29.732,29.732,29.732,1,0
20110902,30.252,30.252,30.252,30.252,2,0
20110905,30.252,30.252,27.919,27.919,122,0
20110906,27.659,27.762,27.659,27.659,118,0
20110907,27.659,27.659,27.659,27.659,10,0
20110908,30.252,30.252,30.252,30.252,1,0
20110909,30.252,30.252,30.252,30.252,1,0
20110912,30.252,30.252,30.252,30.252,1,0
20110913,30.252,30.252,30.252,30.252,1,0
20110914,30.252,30.252,30.252,30.252,1,0
20110915,30.252,30.252,30.252,30.252,2,0
20110916,30.079,30.079,30.079,30.079,2,0
20110920,30.079,30.079,27.919,27.919,83,0
20110921,27.659,27.659,27.659,27.659,23,0
20110922,28.523,28.523,28.523,28.523,1,0
20110923,28.523,28.523,28.523,28.523,2,0
20110926,28.523,28.523,28.523,28.523,1,0
20110927,28.523,28.523,28.523,28.523,2,0
20110928,28.523,28.523,28.523,28.523,3,0
20110929,28.523,28.523,26.69,26.69,102,0
20110930,28.515,28.515,28.515,28.515,1,0
20111003,28.515,28.515,26.275,26.275,114,0
20111004,28.515,28.515,28.515,28.515,1,0
20111005,28.515,28.515,22.819,27.659,4640,0
20111006,27.737,27.737,25.048,25.048,113,0
20111007,27.744,27.744,23.406,23.406,117,0
20111010,26.795,26.795,26.795,26.795,10123,0
20111011,26.795,26.795,24.633,24.633,303,0
20111013,22.586,22.586,22.586,22.586,112,0
20111014,22.472,26.795,22.472,26.795,114,0
20111017,25.066,27.227,21.348,27.227,10382,0
20111018,23.337,23.337,22.991,22.991,111,0
20111019,23.337,23.337,20.83,21.609,113,0
20111020,23.277,23.277,23.277,23.277,1,0
20111021,23.337,23.337,23.337,23.337,2,0
20111024,20.83,23.337,20.83,23.337,8,0
20111025,20.744,21.348,20.744,21.348,61,0
20111026,20.64,20.64,20.64,20.64,102,0
20111027,18.972,19.965,18.972,19.965,51,0
20111028,19.448,21.521,19.448,21.521,132,0
20111102,17.287,20.744,17.287,20.744,3,0
20111104,17.295,17.295,17.295,17.295,23,0
20111107,17.295,17.719,17.295,17.719,146,0
20111108,17.727,17.814,17.727,17.806,201,0
20111109,17.848,17.891,17.848,17.891,145,0
20111110,17.978,17.978,17.978,17.978,24,0
20111114,18.151,18.151,18.151,18.151,141,0
20111116,18.151,18.151,18.151,18.151,141,0
20111117,18.151,18.151,18.151,18.151,141,0
20111118,18.151,21.609,18.151,21.609,284,0
20111121,21.609,21.609,19.88,19.88,234,0
20111122,19.448,19.448,19.448,19.448,116,0
20111123,18.886,18.886,17.676,17.676,278,0
20111124,20.312,20.312,19.014,19.014,370,0
20111128,19.88,19.88,18.886,18.886,203,0
20111130,17.287,17.287,17.287,17.287,2,0
20111201,17.287,19.448,17.287,19.448,135,0
20111202,19.014,19.014,19.014,19.014,118,0
20111205,20.744,20.744,20.744,20.744,2,0
20111206,21.176,21.176,21.176,21.176,1,0
20111207,21.609,21.609,21.609,21.609,1,0
20111208,22.472,22.472,22.472,22.472,2,0
20111212,19.014,19.014,18.929,18.929,57,0
20111213,21.609,21.609,21.609,21.609,1,0
20111214,21.609,21.609,21.609,21.609,1,0
20111215,21.609,21.609,21.609,21.609,1,0
20111216,22.472,22.472,22.472,22.472,1,0
20111219,22.472,22.472,22.472,22.472,1,0
20111220,22.472,22.472,20.744,22.472,125,0
20111221,19.707,19.707,19.707,19.707,128,0
20111222,18.886,18.886,18.886,18.886,134,0
20111223,18.065,18.065,18.065,18.065,138,0
20111227,17.987,17.987,17.987,17.987,48,0
20111228,18.073,18.073,18.073,18.073,23,0
20111229,18.073,18.073,18.073,18.073,356,0
20111230,18.97,18.97,17.721,17.721,223,0
20120102,17.719,17.719,17.719,17.719,116,0
20120103,18.151,18.151,18.065,18.065,1296,0
20120104,17.978,17.978,17.978,17.978,23,0
20120109,18.41,18.41,18.065,18.065,731,0
20120110,18.065,18.065,18.065,18.065,57,0
20120112,18.065,18.065,18.065,18.065,2,0
20120113,18.065,18.065,18.065,18.065,5,0
20120116,17.719,17.719,17.658,17.658,173,0
20120118,17.658,17.658,17.658,17.658,384,0
20120119,17.658,17.658,17.658,17.658,246,0
20120120,17.287,17.658,17.287,17.658,149,0
20120123,17.658,17.658,17.658,17.658,144,0
20120124,18.626,18.626,18.626,18.626,141,0
20120126,17.692,17.692,17.692,17.692,138,0
20120127,18.41,18.41,18.41,18.41,128,0
20120130,18.41,18.41,18.41,18.41,137,0
20120131,18.41,19.877,18.41,19.877,144,0
20120201,20.225,20.225,20.225,20.225,2,0
20120202,20.225,20.225,19.448,19.448,133,0
20120203,20.225,20.225,20.225,20.225,1,0
20120206,16.18,20.225,16.18,19.448,133,0
20120207,21.348,21.348,21.348,21.348,1,0
20120208,21.348,21.348,21.348,21.348,1,0
20120209,21.609,21.609,20.424,20.424,127,0
20120210,21.609,22.3,21.609,22.3,251,0
20120213,20.744,22.905,20.744,22.905,123,0
20120214,24.633,24.633,24.633,24.633,5,0
20120215,24.633,24.633,23.422,23.422,109,0
20120216,24.633,25.066,23.769,25.066,350,0
20120217,24.978,24.978,23.683,23.683,171,0
20120220,24.633,24.633,24.633,24.633,102,0
20120221,24.633,24.633,24.633,24.633,2,0
20120222,24.633,24.633,24.201,24.633,153,0
20120223,24.633,24.633,23.337,23.337,111,0
20120224,23.346,23.346,22.17,22.472,337,0
20120227,24.633,24.633,24.633,24.633,116,0
20120228,24.633,25.066,24.633,25.066,310,0
20120229,25.022,30.079,25.022,30.079,322,0
20120301,30.252,30.252,30.252,30.252,5,0
20120302,30.252,30.252,30.252,30.252,1,0
20120305,30.252,30.252,30.252,30.252,10,0
20120306,30.252,30.252,30.252,30.252,25,0
20120307,31.981,31.981,31.981,31.981,5,0
20120308,31.981,31.981,31.981,31.981,2,0
20120309,31.981,31.981,31.981,31.981,2,0
20120312,31.981,31.981,31.981,31.981,3,0
20120313,31.981,31.981,31.981,31.981,2,0
20120314,27.659,27.659,27.659,27.659,92,0
20120315,31.548,31.548,31.548,31.548,2,0
20120316,31.548,31.548,31.548,31.548,3,0
20120319,29.386,29.386,29.386,29.386,10,0
20120320,29.386,31.981,27.659,31.981,664,0
20120321,31.981,32.413,28.523,32.413,792,0
20120322,32.413,32.413,32.413,32.413,5,0
20120323,32.844,34.573,27.659,34.573,299,0
20120326,31.981,37.166,29.386,34.573,578,0
20120327,34.573,34.573,30.684,34.141,199,0
20120328,36.129,36.129,30.684,35.87,98,0
20120329,34.055,34.573,34.055,34.573,78,0
20120330,34.57,34.57,32.848,32.848,112,0
20120402,32.844,38.031,32.844,34.573,215,0
20120403,37.166,37.166,33.709,34.487,154,0
20120404,37.166,37.166,37.166,37.166,2,0
20120405,37.166,37.166,37.166,37.166,5,0
20120410,37.166,37.166,33.666,37.166,81,0
20120411,37.166,37.166,31.548,34.573,166,0
20120412,38.031,38.031,35.308,36.301,83,0
20120413,36.301,36.301,36.301,36.301,1,0
20120416,36.301,36.301,35.438,35.438,76,0
20120417,35.438,35.438,33.666,33.666,76,0
20120418,35.438,35.438,35.438,35.438,5,0
20120419,35.438,35.438,32.844,34.573,131,0
20120420,34.573,34.573,33.709,33.709,77,0
20120423,35.438,35.438,31.981,31.981,283,0
20120424,37.166,38.895,35.446,38.895,188,0
20120425,38.895,38.895,38.895,38.895,1,0
20120426,38.895,38.895,38.895,38.895,5,0
20120427,37.599,37.599,37.599,37.599,1,0
20120430,38.894,38.894,38.894,38.894,2,0
20120502,38.895,38.895,38.895,38.895,1,0
20120504,36.907,36.907,36.907,36.907,69,0
20120507,33.709,41.488,33.709,41.488,113,0
20120508,41.402,41.402,41.402,41.402,2,0
20120509,41.402,41.402,41.402,41.402,2,0
20120510,41.393,41.393,41.393,41.393,1,0
20120511,39.743,39.743,34.573,39.743,85,0
20120514,37.599,39.751,36.734,39.751,106,0
20120515,35.87,35.87,34.573,34.573,78,0
20120516,37.157,37.157,33.709,35.438,58,0
20120517,36.301,36.301,36.301,36.301,2,0
20120518,34.487,36.301,34.487,36.301,43,0
20120522,33.709,35.438,32.844,35.438,205,0
20120523,35.386,35.386,35.386,35.386,2,0
20120528,41.402,41.402,41.402,41.402,2,0
20120529,41.402,41.402,39.413,39.413,66,0
20120530,41.402,41.402,41.402,41.402,1,0
20120531,39.409,39.409,39.409,39.409,1,0
20120601,39.327,39.327,39.327,39.327,1,0
20120604,40.882,40.882,36.129,36.129,66,0
20120605,36.129,36.129,36.129,36.129,1,0
20120606,34.564,36.301,32.844,36.301,158,0
20120611,33.605,36.301,32.024,36.301,156,0
20120612,32.844,32.844,32.068,32.068,73,0
20120613,31.202,32.844,31.202,32.844,68,0
20120615,31.202,31.289,31.202,31.289,87,0
20120619,32.844,32.888,31.289,32.888,565,0
20120620,32.88,32.888,31.238,32.888,502,0
20120622,31.972,31.981,28.523,31.981,192,0
20120625,31.893,31.981,30.382,31.981,97,0
20120626,29.819,29.819,29.561,29.561,80,0
20120627,30.252,33.363,29.819,33.363,223,0
20120628,31.893,36.301,31.893,36.301,86,0
20120702,35.87,35.87,35.87,35.87,1,0
20120703,35.87,35.87,31.981,34.055,343,0
20120704,35.867,35.867,31.117,34.144,66,0
20120705,29.586,29.586,28.782,28.782,104,0
20120706,28.782,30.252,28.782,30.252,112,0
20120711,30.242,30.242,27.659,30.225,201,0
20120712,30.225,30.225,30.225,30.225,2,0
20120713,30.246,30.246,27.981,30.246,72,0
20120716,30.242,30.242,28.515,30.242,75,0
20120717,30.246,30.246,30.246,30.246,1,0
20120718,30.246,30.246,30.246,30.246,1,0
20120719,30.242,32.844,27.659,32.844,205,0
20120723,31.116,36.301,27.659,32.844,277,0
20120724,28.87,36.301,28.87,36.301,247,0
20120726,34.564,34.564,34.564,34.564,1,0
20120727,34.573,34.573,27.659,34.487,465,0
20120730,34.469,34.487,29.732,34.487,112,0
20120731,34.543,34.543,27.228,27.228,218,0
20120801,27.227,29.386,27.227,29.386,84,0
20120802,29.303,29.303,29.303,29.303,2,0
20120803,29.295,29.295,29.295,29.295,2,0
20120806,29.275,34.461,29.275,34.461,355,0
20120807,34.462,34.462,29.385,29.385,86,0
20120808,31.867,31.867,28.523,28.523,83,0
20120809,28.525,28.525,28.525,28.525,53,0
20120810,32.585,32.585,27.654,32.576,152,0
20120813,32.576,32.576,27.988,30.242,57,0
20120814,30.137,32.585,27.981,32.585,187,0
20120816,31.117,31.117,25.932,25.932,56,0
20120817,26.104,30.165,25.932,30.165,128,0
20120820,28.551,28.551,28.551,28.551,53,0
20120823,28.551,33.99,28.542,33.89,523,0
20120824,33.89,33.89,28.506,28.506,157,0
20120829,28.506,31.226,28.506,31.226,68,0
20120830,33.083,33.083,29.666,31.226,54,0
20120831,27.193,31.18,27.193,31.18,62,0
20120903,31.716,31.716,28.841,28.841,55,0
20120905,28.841,28.851,26.693,28.851,36,0
20120907,29.005,31.725,26.83,26.83,67,0
20120910,26.839,26.839,26.839,26.839,56,0
20120911,27.644,27.644,27.644,27.644,2,0
20120912,30.364,30.364,30.364,30.364,15,0
20120913,30.364,30.364,30.364,30.364,2,0
20120914,33.881,33.881,28.09,29.912,3,0
20120917,29.912,29.912,29.912,29.912,5,0
20120918,29.912,29.912,29.912,29.912,2,0
20120919,33.881,33.881,27.672,29.912,44,0
20120920,31.725,31.725,27.193,29.912,211,0
20120921,29.912,33.537,27.672,29.885,217,0
20120924,31.725,31.725,31.725,31.725,1,0
20120925,31.725,31.725,31.725,31.725,1,0
20120926,26.286,31.542,26.286,30.819,132,0
20120927,31.542,33.881,28.551,28.551,279,0
20120928,33.855,38.522,28.933,38.522,356,0
20121001,40.779,40.779,32.63,36.075,49,0
20121002,39.872,39.872,32.693,32.693,48,0
20121003,32.622,32.622,27.011,27.011,187,0
20121004,27.011,27.011,27.011,27.011,56,0
20121005,27.011,27.011,27.011,27.011,56,0
20121008,27.011,27.011,27.011,27.011,1,0
20121009,27.011,27.011,27.011,27.011,55,0
20121010,29.912,29.912,29.912,29.912,10,0
20121011,29.912,29.912,27.193,27.193,112,0
20121012,29.096,29.096,27.193,29.096,69,0
20121015,32.63,32.63,32.63,32.63,55,0
20121016,30.819,34.625,30.819,34.625,132,0
20121017,31.725,37.887,31.725,31.906,519,0
20121018,31.996,38.069,31.996,35.349,51,0
20121019,33.719,37.943,30.364,37.943,189,0
20121022,38.069,38.069,33.537,36.211,148,0
20121023,36.211,36.211,31.861,33.446,80,0
20121024,36.193,36.193,33.083,33.083,49,0
20121025,35.621,35.621,33.083,33.083,97,0
20121026,37.109,37.109,34.172,34.172,133,0
20121029,37.117,37.117,31.615,31.615,3,0
20121030,35.077,36.256,29.349,36.247,2531,0
20121031,36.247,36.247,33.537,33.537,66,0
20121102,36.238,36.238,31.027,33.537,7,0
20121105,35.169,35.169,35.169,35.169,1,0
20121106,34.443,34.443,31.044,31.044,35,0
20121107,33.9,33.9,29.349,29.349,24,0
20121108,34.398,34.398,29.349,29.349,2,0
20121109,35.169,35.169,28.19,28.19,13,0
20121112,28.19,29.912,28.19,29.912,127,0
20121113,34.08,34.08,30.364,30.364,42,0
20121114,34.353,34.353,34.353,34.353,1,0
20121115,34.353,34.353,30.819,34.353,52,0
20121116,33.9,33.9,28.506,30.819,42,0
20121119,33.9,33.9,27.283,29.005,132,0
20121123,28.098,29.912,27.672,29.912,130,0
20121126,34.443,34.443,27.283,27.283,82,0
20121129,28.098,28.098,26.83,26.83,58,0
20121204,26.921,26.921,25.152,25.152,67,0
20121205,26.286,26.286,26.286,26.286,57,0
20121206,27.193,27.193,27.193,27.193,55,0
20121207,27.644,31.725,25.996,31.725,172,0
20121210,29.457,33.537,27.672,33.537,176,0
20121211,33.537,33.537,24.464,24.464,75,0
20121212,24.927,24.927,16.841,18.119,258,0
20121213,14.865,18.128,11.891,18.128,939,0
20121214,13.506,13.596,12.337,13.061,1075,0
20121217,14.675,15.128,13.995,13.995,111,0
20121218,16.306,16.316,12.69,16.316,250,0
20121219,16.134,19.942,14.502,19.942,800,0
20121220,23.839,23.839,23.839,23.839,3,0
20121221,18.128,21.754,18.128,18.128,1279,0
20121227,18.128,21.754,18.128,21.754,110,0
20121228,25.379,25.379,21.844,24.927,306,0
20130102,24.927,24.927,23.493,23.493,110,0
20130103,20.964,20.964,19.706,19.706,147,0
20130104,16.316,16.316,16.316,16.316,93,0
20130107,15.228,15.862,15.228,15.862,106,0
20130109,19.035,19.035,16.316,19.035,153,0
20130111,19.035,19.942,19.035,19.942,73,0
20130114,19.942,19.942,19.942,19.942,1,0
20130115,15.952,15.952,15.952,15.952,1,0
20130118,16.188,17.493,16.188,17.493,253,0
20130121,17.222,17.222,17.222,17.222,85,0
20130122,17.584,17.584,16.271,17.584,246,0
20130124,17.403,17.403,16.769,16.769,135,0
20130125,16.769,16.769,16.769,16.769,311,0
20130128,19.487,19.487,16.769,16.769,223,0
20130129,15.952,19.143,15.952,16.769,98,0
20130130,19.397,19.397,16.769,16.769,92,0
20130131,19.397,19.397,16.769,16.769,2,0
20130201,19.895,19.895,16.769,16.769,92,0
20130204,16.769,16.769,16.769,16.769,91,0
20130205,16.769,16.769,16.769,16.769,87,0
20130206,17.675,17.675,17.675,17.675,1,0
20130207,17.675,17.675,17.675,17.675,2,0
20130211,17.675,17.675,17.675,17.675,1,0
20130212,17.675,17.675,17.675,17.675,1,0
20130213,17.675,17.675,17.675,17.675,82,0
20130214,18.128,18.128,18.128,18.128,1,0
20130215,18.128,18.128,18.128,18.128,1,0
20130218,18.128,18.128,16.352,18.128,95,0
20130219,18.128,18.128,18.128,18.128,1,0
20130220,18.128,19.895,16.769,16.769,302,0
20130222,15.872,15.872,15.092,15.092,175,0
20130225,15.092,15.092,13.415,13.415,111,0
20130226,12.69,12.69,12.69,12.69,110,0
20130227,11.601,11.601,11.601,11.601,99,0
20130228,12.871,12.871,10.732,11.784,506,0
20130301,11.784,11.784,11.784,11.784,2,0
20130304,10.887,11.784,10.887,11.784,490,0
20130305,11.784,12.237,10.903,12.237,102,0
20130306,13.778,13.778,11.321,11.321,333,0
20130308,11.241,11.241,11.241,11.241,31,0
20130311,11.241,11.241,11.241,11.241,134,0
20130312,10.877,12.69,9.517,12.69,571,0
20130313,13.506,13.506,13.506,13.506,1,0
20130314,13.506,15.409,12.164,15.409,270,0
20130315,14.176,14.176,13.116,13.116,224,0
20130318,10.877,11.738,10.877,11.738,164,0
20130319,10.877,11.692,10.742,11.692,390,0
20130320,10.487,13.596,10.487,13.596,194,0
20130321,11.784,15.409,11.784,15.409,95,0
20130322,13.006,13.006,13.006,13.006,109,0
20130326,10.831,11.33,10.487,11.33,149,0
20130327,10.487,10.487,10.487,10.487,144,0
20130328,10.432,11.775,10.432,11.775,149,0
20130402,10.514,10.514,9.517,9.517,399,0
20130404,9.526,9.526,9.508,9.508,263,0
20130405,11.231,11.231,9.508,9.508,45,0
20130408,11.231,11.231,11.231,11.231,1,0
20130409,9.97,9.97,9.545,9.545,214,0
20130410,9.0638,9.0638,9.0638,9.0638,168,0
20130412,6.798,6.798,6.798,6.798,187,0
20130415,6.798,6.798,6.798,6.798,261,0
20130417,6.798,7.2513,6.798,7.2513,222,0
20130419,8.7469,9.0638,8.7469,9.0638,104,0
20130422,8.7924,9.0638,8.7924,9.0638,221,0
20130423,9.0638,9.0638,9.0638,9.0638,884,0
20130424,10.877,10.877,8.1577,8.1577,1256,0
20130425,8.1577,8.1577,8.1577,8.1577,1019,0
20130429,9.0638,9.0638,9.0638,9.0638,274,0
20130502,10.877,10.877,10.877,10.877,29,0
20130506,10.877,10.877,10.877,10.877,5,0
20130507,10.877,10.877,10.134,10.877,63,0
20130508,10.877,10.877,10.877,10.877,6,0
20130509,10.877,10.877,10.877,10.877,7,0
20130510,10.134,10.877,10.134,10.877,58,0
20130513,10.877,10.877,10.877,10.877,3,0
20130514,10.877,10.877,10.134,10.877,112,0
20130515,10.877,10.877,10.877,10.877,2,0
20130516,10.877,10.877,8.7469,8.7469,310,0
20130517,9.79,10.877,9.79,10.379,302,0
20130520,11.33,11.692,11.33,11.692,478,0
20130521,11.692,11.692,11.33,11.692,107,0
20130522,11.33,11.692,11.33,11.692,906,0
20130523,12.055,13.596,12.055,12.69,359,0
20130524,15.228,15.228,15.228,15.228,55,0
20130527,14.049,14.049,14.049,14.049,118,0
20130528,16.769,16.769,16.769,16.769,22,0
20130529,19.942,22.66,19.942,21.301,77,0
20130531,23.569,23.569,23.569,23.569,10,0
20130603,25.379,25.379,23.566,25.379,173,0
20130604,25.379,25.379,22.706,22.706,133,0
20130605,25.379,25.379,25.379,25.379,1,0
20130606,25.107,25.107,21.155,21.155,4,0
20130607,25.107,25.107,25.107,25.107,1,0
20130610,25.107,25.107,21.391,25.107,135,0
20130611,25.107,25.107,20.214,25.107,29,0
20130612,24.472,24.472,20.122,20.122,76,0
20130613,23.476,23.476,23.476,23.476,1,0
20130614,20.847,20.847,20.847,20.847,15,0
20130617,20.847,20.847,20.847,20.847,1,0
20130618,20.757,21.745,17.838,21.745,385,0
20130619,21.745,21.745,19.841,19.841,77,0
20130620,21.745,21.745,21.745,21.745,1,0
20130621,19.035,21.745,19.035,21.745,17,0
20130624,21.662,21.662,21.662,21.662,1,0
20130625,21.662,21.662,21.662,21.662,1,0
20130626,21.662,21.662,21.662,21.662,1,0
20130627,21.662,24.872,18.618,24.744,284,0
20130628,24.836,24.836,24.836,24.836,2,0
20130701,24.826,24.826,19.942,24.826,78,0
20130702,25.461,25.461,25.461,25.461,2,0
20130703,24.472,24.472,24.472,24.472,1,0
20130704,24.472,24.472,24.472,24.472,1,0
20130705,24.472,24.472,19.86,24.472,78,0
20130708,22.66,22.66,18.554,18.554,193,0
20130709,17.322,17.322,17.322,17.322,43,0
20130710,14.883,14.883,14.883,14.883,102,0
20130711,14.883,17.856,14.883,17.856,201,0
20130712,17.856,18.98,17.856,18.98,80,0
20130715,22.66,22.66,22.66,22.66,1,0
20130716,22.66,22.66,22.66,22.66,1,0
20130722,22.66,22.66,22.66,22.66,1,0
20130723,18.137,21.762,18.137,21.762,332,0
20130724,22.66,22.66,20.249,20.249,76,0
20130725,21.047,21.047,19.578,19.578,78,0
20130726,20.984,20.984,18.554,18.554,259,0
20130729,20.984,20.984,17.095,18.128,240,0
20130730,18.345,18.4,17.222,18.4,84,0
20130731,20.984,20.984,18.419,18.419,82,0
20130801,19.035,19.035,19.035,19.035,1,0
20130802,19.035,19.035,15.872,15.872,178,0
20130805,15.907,18.128,15.907,17.983,424,0
20130806,19.025,19.025,16.097,18.99,435,0
20130807,19.025,19.025,18.337,18.337,83,0
20130808,19.025,20.984,19.025,20.984,25,0
20130809,20.984,20.984,16.877,20.984,63,0
20130812,18.97,18.97,18.97,18.97,79,0
20130813,20.847,20.847,18.265,18.265,83,0
20130814,19.442,19.442,18.944,18.944,83,0
20130816,19.442,19.442,19.442,19.442,1,0
20130819,19.442,19.442,18.934,19.442,141,0
20130820,19.442,19.442,19.216,19.442,113,0
20130821,19.442,19.442,19.442,19.442,1,0
20130822,19.442,19.442,19.397,19.442,77,0
20130823,19.442,19.442,19.442,19.442,1,0
20130826,19.442,19.442,18.083,18.083,84,0
20130827,19.442,19.442,17.267,17.947,630,0
20130828,19.442,19.442,19.442,19.442,1,0
20130829,19.442,19.442,18.4,19.442,86,0
20130830,19.442,19.442,19.442,19.442,1,0
20130902,19.442,19.442,18.944,19.397,197,0
20130903,19.442,19.442,17.79,17.79,84,0
20130904,19.442,19.442,19.442,19.442,1,0
20130905,19.442,19.442,16.359,16.359,370,0
20130906,19.442,19.442,17.411,19.442,88,0
20130909,19.442,19.442,19.442,19.442,1,0
20130910,19.442,19.442,19.442,19.442,1,0
20130911,19.442,19.442,17.313,18.626,309,0
20130912,18.119,19.442,18.119,19.442,168,0
20130913,18.99,19.442,18.99,19.442,80,0
20130916,19.442,19.442,18.573,19.442,83,0
20130917,18.085,19.397,18.085,19.397,331,0
20130918,19.442,19.442,19.442,19.442,35,0
20130919,19.442,20.985,19.129,20.578,442,0
20130920,20.985,24.927,20.985,24.927,412,0
20130923,29.542,29.542,23.633,24.252,157,0
20130924,24.927,24.927,23.578,24.871,10,0
20130926,24.871,28.157,23.283,28.157,174,0
20130927,29.081,29.081,29.081,29.081,2,0
20130930,30.373,30.373,30.373,30.373,1,0
20131001,27.677,30.392,27.567,30.392,145,0
20131003,27.456,32.275,27.456,30.752,390,0
20131004,28.776,29.57,28.712,29.57,169,0
20131007,28.712,29.358,27.787,29.358,169,0
20131008,30.189,30.189,30.189,30.189,22,0
20131009,27.945,31.573,27.945,31.388,282,0
20131014,28.287,29.358,28.287,29.358,54,0
20131015,29.265,29.265,29.265,29.265,1,0
20131016,29.265,29.265,29.265,29.265,1,0
20131017,29.265,29.265,29.265,29.265,25,0
20131018,30.189,30.871,29.773,30.871,110,0
20131021,28.038,30.945,28.038,30.945,275,0
20131022,30.493,36.558,30.466,36.558,345,0
20131023,36.901,36.901,36.901,36.901,45,0
20131024,36.909,36.909,36.909,36.909,1,0
20131025,36.005,36.005,33.236,33.236,47,0
20131028,35.986,35.986,35.986,35.986,1,0
20131029,35.912,35.912,32.976,32.976,50,0
20131030,35.912,35.912,32.441,32.441,48,0
20131031,35.266,35.912,35.266,35.912,3,0
20131105,35.893,35.893,35.893,35.893,1,0
20131106,35.893,35.893,31.324,32.865,147,0
20131107,30.705,32.985,30.705,32.985,81,0
20131112,30.189,30.189,30.124,30.124,55,0
20131114,28.61,28.61,27.973,27.973,128,0
20131119,27.973,29.921,27.973,29.921,21,0
20131122,35.893,35.893,35.893,35.893,1,0
20131126,30.817,32.681,27.834,32.681,649,0
20131127,32.118,32.755,29.874,32.755,282,0
20131128,33.236,33.236,29.893,29.893,284,0
20131129,32.542,32.542,29.561,31.776,53,0
20131203,33.236,33.236,28.887,31.047,230,0
20131204,28.406,28.406,28.406,28.406,53,0
20131205,31.047,31.047,31.047,31.047,1,0
20131206,31.047,31.047,31.047,31.047,1,0
20131210,27.585,29.652,26.772,29.652,105,0
20131217,33.236,33.236,33.236,33.236,1,0
20131219,27.152,28.157,27.152,28.157,54,0
20131220,33.17,33.17,28.499,33.17,19,0
20131223,33.17,33.17,33.17,33.17,1,0
20131227,33.143,33.143,26.772,33.143,72,0
20131230,33.143,33.143,33.143,33.143,1,0
20140102,39.605,39.605,39.605,39.605,10,0
20140107,33.143,33.143,28.776,33.143,34,0
20140108,33.143,33.143,29.265,33.143,54,0
20140110,33.133,33.133,29.228,33.133,19,0
20140113,33.05,33.05,27.179,30.363,171,0
20140114,33.05,33.05,33.05,33.05,1,0
20140115,33.041,33.041,33.041,33.041,1,0
20140116,33.041,33.041,33.041,33.041,1,0
20140117,32.311,32.311,32.311,32.311,5,0
20140120,33.041,33.041,33.041,33.041,1,0
20140121,32.311,33.041,32.311,33.041,29,0
20140122,33.004,33.004,33.004,33.004,1,0
20140123,32.995,32.995,32.995,32.995,1,0
20140124,32.995,32.995,32.995,32.995,1,0
20140129,32.995,32.995,32.995,32.995,1,0
20140131,32.995,32.995,28.619,32.985,218,0
20140203,33.253,36.42,31.85,36.42,147,0
20140204,30.825,31.85,30.825,31.85,61,0
20140205,35.958,35.958,35.958,35.958,1,0
20140210,35.035,35.081,30.743,35.081,90,0
20140212,35.728,35.728,35.728,35.728,1,0
20140213,35.728,35.728,35.728,35.728,1,0
20140214,35.728,35.728,30.483,31.555,90,0
20140217,30.17,30.17,30.17,30.17,1,0
20140218,35.071,35.071,28.231,28.231,109,0
20140219,27.631,27.631,27.631,27.631,1,0
20140220,27.585,27.585,27.585,27.585,1,0
20140221,29.32,30.466,27.844,30.466,107,0
20140224,29.32,30.466,29.32,30.466,2,0
20140225,29.348,29.348,29.348,29.348,1,0
20140226,30.466,30.466,29.542,29.542,2,0
20140228,30.466,30.466,29.542,30.466,3,0
20140303,26.144,30.466,26.144,30.466,103,0
20140304,30.466,30.466,30.466,30.466,1,0
20140305,28.665,30.466,28.665,30.466,54,0
20140307,30.466,30.466,30.466,30.466,1,0
20140310,28.822,29.173,28.822,29.173,49,0
20140312,30.466,30.466,30.466,30.466,1,0
20140314,30.466,30.466,27.667,29.081,41,0
20140317,29.081,29.081,27.059,29.081,76,0
20140318,30.437,30.437,27.667,28.804,78,0
20140319,30.437,30.437,27.326,28.776,58,0
20140320,30.437,30.437,30.437,30.437,1,0
20140321,30.437,30.437,30.437,30.437,1,0
20140324,30.437,30.437,30.437,30.437,1,0
20140326,30.437,30.437,30.437,30.437,52,0
20140327,30.474,32.275,30.474,32.275,43,0
20140328,32.284,32.284,32.284,32.284,1,0
20140331,32.284,32.284,32.284,32.284,1,0
20140402,32.275,32.284,31.388,31.388,108,0
20140403,32.275,32.275,32.275,32.275,32,0
20140404,27.234,31.85,27.234,31.85,2,0
20140407,31.85,31.85,31.85,31.85,2,0
20140408,27.206,27.206,27.206,27.206,55,0
20140409,28.776,28.776,28.776,28.776,5,0
20140411,27.059,30.206,27.059,30.206,51,0
20140414,29.071,29.588,28.434,28.434,156,0
20140415,29.57,31.25,29.57,31.25,53,0
20140416,28.341,28.341,27.696,27.696,158,0
20140417,27.696,29.745,27.696,29.745,214,0
20140422,29.745,30.447,26.772,30.447,313,0
20140423,28.157,30.447,28.157,30.447,243,0
20140424,28.712,29.542,28.712,29.542,106,0
20140425,30.456,31.019,29.358,31.019,1389,0
20140428,31.019,31.175,31.01,31.175,51,0
20140429,31.379,31.388,29.635,31.379,59,0
20140430,31.388,32.311,29.542,32.311,90,0
20140502,33.207,33.207,33.207,33.207,1,0
20140505,33.207,33.207,33.207,33.207,1,0
20140507,33.207,33.207,31.084,31.85,53,0
20140508,31.85,32.395,31.85,32.395,2,0
20140509,32.395,33.198,32.09,33.198,90,0
20140512,33.198,33.198,33.198,33.198,1,0
20140513,33.198,33.198,32.45,33.198,61,0
20140514,33.198,33.198,33.198,33.198,1,0
20140515,33.198,33.198,33.198,33.198,1,0
20140516,33.198,33.198,31.388,33.198,301,0
20140519,33.198,33.207,33.198,33.207,65,0
20140520,33.207,33.207,33.207,33.207,1,0
20140521,33.207,33.207,33.207,33.207,1,0
20140522,33.207,33.207,33.207,33.207,41,0
20140523,33.236,33.236,33.236,33.236,1,0
20140526,33.236,33.236,33.236,33.236,2,0
20140527,33.236,33.567,33.236,33.567,57,0
20140528,33.567,34.158,33.236,34.158,194,0
20140529,34.158,34.158,34.158,34.158,3,0
20140530,34.158,34.158,34.158,34.158,1,0
20140602,34.499,34.499,34.499,34.499,2,0
20140603,34.499,34.499,34.499,34.499,1,0
20140604,34.499,34.499,34.49,34.499,133,0
20140605,34.499,34.499,33.697,34.499,99,0
20140606,34.499,34.499,34.499,34.499,2,0
20140609,34.499,34.499,33.392,34.499,48,0
20140610,34.499,34.499,34.499,34.499,3,0
20140611,34.499,34.499,34.499,34.499,1,0
20140612,34.499,34.499,34.499,34.499,2,0
20140613,34.499,34.499,34.499,34.499,2,0
20140616,34.499,34.499,33.133,34.499,30,0
20140617,34.499,34.499,34.499,34.499,3,0
20140618,34.499,34.592,34.499,34.592,8,0
20140620,34.592,34.592,34.592,34.592,2,0
20140623,34.592,34.592,33.17,34.592,49,0
20140624,34.592,34.592,34.592,34.592,1,0
20140625,34.592,35.026,34.582,35.026,508,0
20140626,35.026,35.026,35.026,35.026,1,0
20140627,35.026,35.497,33.42,35.497,107,0
20140630,35.497,35.976,35.497,35.976,61,0
20140701,35.976,35.976,29.542,35.976,451,0
20140702,35.976,35.976,33.236,35.635,212,0
20140703,35.976,35.976,35.976,35.976,1,0
20140704,35.968,36.835,35.737,36.826,1511,0
20140707,36.826,36.826,33.937,36.788,46,0
20140708,36.788,36.788,36.788,36.788,1,0
20140709,36.346,36.346,36.161,36.337,316,0
20140710,36.337,36.346,36.337,36.346,190,0
20140711,36.346,36.346,36.337,36.337,110,0
20140714,36.337,36.337,36.337,36.337,1,0
20140715,36.337,36.337,36.337,36.337,54,0
20140716,36.337,36.337,36.337,36.337,39,0
20140717,36.207,36.207,36.207,36.207,1,0
20140718,36.207,36.207,36.207,36.207,2,0
20140721,36.207,36.207,36.207,36.207,2,0
20140722,36.207,36.207,36.207,36.207,1,0
20140723,35.996,35.996,34.158,34.518,85,0
20140724,34.158,34.518,34.158,34.518,46,0
20140725,34.518,34.518,34.518,34.518,1,0
20140728,34.518,34.518,34.518,34.518,1,0
20140729,34.518,34.518,32.441,32.441,47,0
20140730,34.518,34.518,34.518,34.518,1,0
20140731,34.518,34.518,34.518,34.518,1,0
20140801,34.518,34.518,34.518,34.518,1,0
20140804,34.518,35.071,34.518,35.071,13,0
20140805,35.071,35.071,35.071,35.071,2,0
20140806,35.071,35.996,33.143,35.996,366,0
20140807,35.996,35.996,35.996,35.996,2,0
20140808,35.996,35.996,35.996,35.996,2,0
20140811,35.996,35.996,35.996,35.996,1,0
20140812,35.996,35.996,35.996,35.996,2,0
20140813,35.996,35.996,35.996,35.996,2,0
20140814,35.996,35.996,35.996,35.996,2,0
20140818,35.996,35.996,35.996,35.996,1,0
20140819,35.996,35.996,35.996,35.996,1,0
20140820,35.996,35.996,35.996,35.996,1,0
20140821,35.996,35.996,35.996,35.996,2,0
20140822,35.996,35.996,35.996,35.996,2,0
20140825,35.996,35.996,35.996,35.996,1,0
20140826,35.996,35.996,35.996,35.996,2,0
20140827,35.996,36.207,35.996,36.207,3,0
20140828,36.199,36.199,36.199,36.199,1,0
20140829,36.199,36.199,36.199,36.199,1,0
20140901,35.996,35.996,35.996,35.996,1,0
20140902,35.996,35.996,35.996,35.996,1,0
20140903,35.996,35.996,33.697,33.697,30,0
20140904,35.996,37.851,35.996,37.851,839,0
20140905,40.592,46.159,40.592,46.159,155,0
20140908,51.191,51.191,43.649,43.649,35,0
20140909,41.543,41.543,41.543,41.543,2,0
20140910,41.543,41.543,41.543,41.543,1,0
20140911,41.543,41.543,41.543,41.543,1,0
20140912,41.543,41.543,41.543,41.543,2,0
20140915,41.543,41.543,38.183,41.543,104,0
20140916,41.543,41.543,36.927,36.927,96,0
20140918,41.543,41.543,38.636,39.835,6,0
20140919,41.543,41.543,38.829,41.535,245,0
20140922,41.516,41.516,41.516,41.516,1,0
20140923,42.105,42.105,38.783,41.684,30,0
20140924,42.077,42.077,42.077,42.077,1,0
20140925,42.077,42.077,42.077,42.077,1,0
20140926,40.216,42.077,40.216,42.077,43,0
20140929,42.077,42.077,41.423,42.077,49,0
20140930,42.077,50.011,37.427,50.011,475,0
20141001,49.544,49.544,42.826,45.848,37,0
20141002,46.737,46.737,46.737,46.737,1,0
20141003,46.718,46.718,46.718,46.718,1,0
20141006,44.912,46.746,43.977,46.746,59,0
20141007,46.737,46.737,43.481,46.737,46,0
20141008,46.737,46.737,41.918,44.538,74,0
20141009,46.728,46.728,40.477,40.477,39,0
20141010,46.728,46.728,46.728,46.728,1,0
20141013,46.709,46.709,46.709,46.709,1,0
20141014,46.709,46.709,46.709,46.709,1,0
20141015,46.709,46.709,39.869,39.869,40,0
20141016,41.067,41.067,41.067,41.067,1,0
20141020,46.709,46.709,46.709,46.709,1,0
20141021,38.643,38.643,38.643,38.643,40,0
20141022,42.077,42.077,42.077,42.077,1,0
20141024,42.077,42.077,42.077,42.077,1,0
20141027,42.077,42.077,42.077,42.077,1,0
20141029,42.077,42.077,42.077,42.077,1,0
20141030,42.068,42.068,42.068,42.068,1,0
20141031,42.068,42.068,42.068,42.068,1,0
20141104,42.068,42.068,42.068,42.068,1,0
20141105,42.068,42.068,42.068,42.068,1,0
20141106,37.315,37.315,37.315,37.315,24,0
20141107,39.289,39.289,39.289,39.289,1,0
20141110,39.289,39.289,39.289,39.289,1,0
20141112,39.28,39.28,39.28,39.28,1,0
20141113,39.28,39.28,39.28,39.28,1,0
20141114,39.28,39.28,39.28,39.28,1,0
20141117,44.631,45.258,41.394,45.258,341,0
20141118,51.462,51.462,47.158,51.462,34,0
20141119,51.462,51.462,46.784,51.452,88,0
20141120,51.462,51.462,46.306,51.452,49,0
20141121,45.848,51.452,45.848,51.452,35,0
20141124,51.452,51.452,47.532,47.532,11,0
20141127,51.452,51.452,51.452,51.452,1,0
20141201,56.131,56.131,48.842,48.842,3,0
20141202,55.195,55.195,49.787,49.787,143,0
20141203,42.105,50.526,42.105,50.526,488,0
20141204,55.195,55.195,45.268,45.268,78,0
20141205,46.784,47.71,46.784,47.626,1169,0
20141208,47.626,47.626,38.578,44.725,130,0
20141209,47.064,47.579,42.105,44.931,4474,0
20141210,44.725,47.204,39.42,47.204,104,0
20141211,51.462,51.462,45.268,45.268,35,0
20141212,53.333,53.333,44.389,46.044,69,0
20141215,55.195,55.195,55.195,55.195,1,0
20141216,55.195,55.195,47.251,55.195,4333,0
20141217,46.774,46.774,37.427,46.774,176,0
20141218,46.774,46.774,43.135,45.848,102,0
20141219,46.774,46.784,43.621,46.784,4327,0
20141222,46.774,46.774,45.895,45.932,1352,0
20141223,46.774,46.774,45.923,46.774,834,0
20141229,46.774,46.774,45.661,46.774,282,0
20141230,46.774,46.774,46.774,46.774,108,0
20150102,56.112,56.112,48.177,48.177,2,0
20150105,45.885,45.885,45.885,45.885,18,0
20150107,48.159,48.159,48.159,48.159,1,0
20150108,48.15,48.15,48.15,48.15,75,0
20150109,48.14,48.14,48.14,48.14,2,0
20150112,48.14,48.14,48.14,48.14,1,0
20150113,48.14,48.14,48.14,48.14,1,0
20150114,48.14,48.14,42.685,42.685,36,0
20150115,48.14,48.14,48.14,48.14,1,0
20150116,46.784,46.784,46.784,46.784,1,0
20150119,46.784,46.784,46.784,46.784,1,0
20150120,46.774,46.774,46.765,46.765,39,0
20150121,46.765,46.765,40.421,40.421,98,0
20150122,46.756,46.765,38.363,38.363,258,0
20150123,39.43,39.43,39.43,39.43,39,0
20150126,46.756,46.756,46.756,46.756,1,0
20150127,46.756,46.756,40.206,46.756,136,0
20150128,46.746,46.746,37.708,43.509,306,0
20150129,43.509,43.509,40.216,43.509,186,0
20150130,43.509,43.509,38.522,38.522,72,0
20150202,43.509,43.509,43.509,43.509,1,0
20150203,43.509,43.509,40.131,40.131,40,0
20150204,43.499,43.499,40.281,43.499,37,0
20150205,43.499,43.499,36.192,39.766,194,0
20150206,39.766,39.766,39.766,39.766,1,0
20150209,39.766,39.766,39.766,39.766,1,0
20150210,39.766,42.003,39.756,42.003,54,0
20150211,41.965,41.965,41.965,41.965,1,0
20150212,41.965,41.983,39.064,40.028,75,0
20150213,43.491,43.499,37.427,39.196,205,0
20150216,43.509,46.774,40.178,43.509,234,0
20150217,43.509,43.509,40.43,42.339,190,0
20150218,43.041,43.041,42.302,42.854,175,0
20150219,43.509,43.509,42.742,43.041,40,0
20150220,43.415,43.415,43.369,43.415,40,0
20150223,43.415,43.415,42.105,43.415,13,0
20150224,42.292,43.369,42.105,43.369,168,0
20150225,43.509,43.509,42.105,42.105,109,0
20150226,43.509,43.509,43.509,43.509,1,0
20150227,43.509,43.509,41.637,43.509,193,0
20150302,43.509,43.509,41.17,42.573,247,0
20150303,42.573,46.784,42.573,46.784,49,0
20150304,46.784,54.269,46.784,54.269,62,0
20150305,54.269,54.269,54.269,54.269,6,0
20150306,54.232,55.747,45.942,55.747,134,0
20150309,55.729,56.103,53.829,56.103,58,0
20150310,56.103,56.103,50.854,50.854,85,0
20150311,56.103,56.103,50.583,50.583,31,0
20150312,56.103,56.103,56.103,56.103,1,0
20150313,56.093,56.093,56.093,56.093,2,0
20150316,56.085,56.085,56.085,56.085,1,0
20150320,56.066,56.066,56.066,56.066,1,0
20150323,56.047,56.047,40.983,40.983,158,0
20150324,49.179,51.649,48.056,51.649,11,0
20150325,51.64,51.64,51.64,51.64,1,0
20150326,51.64,51.64,51.64,51.64,1,0
20150327,51.64,51.64,51.64,51.64,1,0
20150330,51.64,52.211,49.591,52.211,75,0
20150331,52.248,52.258,51.35,52.258,48,0
20150401,51.462,51.462,48.327,51.462,94,0
20150402,51.462,51.462,51.462,51.462,2,0
20150407,51.462,51.462,51.462,51.462,1,0
20150408,51.462,51.462,51.462,51.462,1,0
20150409,51.462,51.462,51.462,51.462,1,0
20150410,51.462,51.462,51.462,51.462,1,0
20150413,56.047,56.047,53.146,56.047,65,0
20150414,54.727,54.727,53.333,54.719,305,0
20150415,54.719,54.719,53.801,54.719,183,0
20150416,54.737,54.737,50.526,51.462,362,0
20150417,53.801,53.801,52.211,53.333,175,0
20150420,53.801,56.131,51.462,53.801,215,0
20150421,56.085,56.085,56.085,56.085,16,0
20150422,56.085,56.131,56.085,56.131,48,0
20150423,56.131,56.131,56.131,56.131,2,0
20150424,56.131,56.14,56.131,56.14,25,0
20150427,56.14,56.14,55.645,56.131,56,0
20150428,54.269,54.269,54.269,54.269,55,0
20150429,54.269,54.269,54.269,54.269,3,0
20150430,54.269,54.269,53.39,54.269,30,0
20150504,54.269,54.269,51.462,51.462,3,0
20150505,53.333,53.333,53.333,53.333,1,0
20150506,54.259,54.259,54.259,54.259,2,0
20150507,54.259,54.259,54.259,54.259,1,0
20150508,54.259,54.259,54.259,54.259,2,0
20150511,52.398,52.398,51.462,51.462,41,0
20150513,51.462,51.462,51.462,51.462,2,0
20150514,51.462,51.462,48.478,51.462,37,0
20150515,51.462,51.462,51.462,51.462,4,0
20150518,50.526,50.526,50.517,50.517,67,0
20150519,50.526,50.526,49.591,50.526,111,0
20150520,50.526,55.018,50.517,55.008,258,0
20150521,55.008,55.205,54.269,55.205,257,0
20150522,55.205,56.131,55.205,56.131,90,0
20150525,56.131,61.801,56.131,61.754,163,0
20150526,63.158,63.158,56.14,60.819,117,0
20150527,60.819,60.819,60.819,60.819,1,0
20150528,60.819,60.819,60.819,60.819,2,0
20150529,60.819,60.819,60.819,60.819,1,0
20150601,63.158,63.158,63.158,63.158,4,0
20150602,63.158,63.158,63.158,63.158,1,0
20150603,62.69,62.69,58.012,58.012,8295,0
20150605,56.14,56.14,56.14,56.14,6947,0
20150608,62.222,62.222,62.222,62.222,1,0
20150609,62.194,62.194,62.194,62.194,9,0
20150610,60.819,60.819,60.819,60.819,2,0
20150611,60.819,60.819,60.819,60.819,2,0
20150612,60.772,60.772,60.772,60.772,3,0
20150615,60.772,60.772,60.772,60.772,2,0
20150616,60.772,60.772,60.772,60.772,1,0
20150617,60.772,60.772,60.772,60.772,2,0
20150618,60.772,60.772,60.772,60.772,1,0
20150629,59.873,62.68,58.479,62.68,181,0
20150630,62.69,62.69,62.69,62.69,1,0
20150701,63.148,63.148,63.148,63.148,1,0
20150702,63.148,74.844,63.148,74.844,23,0
20150703,65.487,65.497,65.487,65.497,4,0
20150706,64.561,65.497,64.561,65.497,55,0
20150707,65.497,65.497,65.497,65.497,2,0
20150708,65.497,65.497,65.497,65.497,2,0
20150709,65.441,65.441,65.422,65.422,56,0
20150710,65.422,65.422,65.422,65.422,2,0
20150713,65.422,65.422,65.422,65.422,1,0
20150714,65.422,65.422,65.422,65.422,2,0
20150715,65.422,65.422,65.422,65.422,2,0
20150716,65.422,65.422,65.422,65.422,2,0
20150717,65.487,65.487,65.487,65.487,2,0
20150720,65.487,65.487,65.487,65.487,1,0
20150721,65.404,65.404,65.394,65.394,2,0
20150722,65.385,65.394,65.385,65.394,54,0
20150723,65.385,65.394,65.385,65.394,55,0
20150724,65.394,70.175,58.106,70.175,230,0
20150727,70.157,70.157,70.157,70.157,1,0
20150728,69.932,69.932,69.932,69.932,2,0
20150729,69.886,69.886,69.886,69.886,1,0
20150730,69.886,69.886,69.886,69.886,4,0
20150731,69.886,69.886,69.886,69.886,3,0
20150803,69.886,69.886,69.886,69.886,2,0
20150804,69.886,69.886,69.886,69.886,2,0
20150805,69.708,69.708,59.415,69.698,28,0
20150806,69.698,69.698,69.698,69.698,1,0
20150807,69.698,69.698,69.698,69.698,2,0
20150810,69.698,69.698,69.698,69.698,2,0
20150811,69.698,69.698,61.941,61.941,27,0
20150812,61.754,61.754,61.754,61.754,6,0
20150813,61.754,61.754,61.754,61.754,3,0
20150814,61.754,61.754,61.754,61.754,3,0
20150817,65.497,65.497,65.497,65.497,4,0
20150818,65.497,65.497,65.497,65.497,3,0
20150819,65.45,65.45,65.45,65.45,2,0
20150820,65.45,65.45,65.45,65.45,2,0
20150821,65.45,65.45,58.012,65.45,112,0
20150824,65.45,65.45,64.795,64.795,2,0
20150825,64.786,64.786,64.786,64.786,2,0
20150826,64.777,64.777,60.351,62.643,85,0
20150827,72.393,72.393,72.393,72.393,1,0
20150828,63.979,72.286,63.979,72.286,57,0
20150831,72.286,72.286,70.2,70.2,2,0
20150901,70.2,70.2,70.2,70.2,1,0
20150902,70.19,70.19,65.325,70.19,35,0
20150903,70.19,70.19,62.585,70.19,179,0
20150904,70.19,70.2,65.325,70.2,90,0
20150907,70.2,73.125,68.133,73.125,86,0
20150908,73.027,73.027,73.027,73.027,1,0
20150909,73.027,73.027,73.027,73.027,4,0
20150910,73.027,73.027,73.017,73.017,3,0
20150911,73.017,73.017,66.446,72.998,151,0
20150914,72.969,73.027,63.57,72.608,179,0
20150915,73.017,73.125,66.222,73.125,172,0
20150916,73.125,77.122,68.25,77.122,122,0
20150917,77.512,77.902,70.395,77.902,72,0
20150918,77.902,77.902,77.902,77.902,8,0
20150921,77.902,86.579,67.275,86.579,186,0
20150922,86.57,86.57,86.57,86.57,2,0
20150923,86.55,86.55,72.345,86.54,58,0
20150924,86.531,86.531,86.531,86.531,1,0
20150925,86.511,86.511,76.225,84.337,12,0
20150928,84.707,84.824,72.588,84.824,88,0
20150929,76.069,78.545,73.427,78.545,22,0
20150930,78.828,83.752,78.828,83.752,4,0
20151001,83.654,96.232,73.329,82.455,133,0
20151002,83.957,84.649,78.399,84.649,74,0
20151005,94.945,94.945,81.227,83.966,24,0
20151006,87.652,94.935,87.652,94.935,11,0
20151007,94.847,94.847,86.375,94.565,69,0
20151012,97.353,97.353,84.571,94.574,36,0
20151014,96.992,96.992,78.74,96.524,115,0
20151015,96.524,96.524,85.263,85.263,19,0
20151019,96.485,96.485,96.485,96.485,1,0
20151020,96.456,96.456,96.456,96.456,1,0
20151021,96.456,96.456,96.456,96.456,1,0
20151022,96.339,96.339,83.069,96.329,21,0
20151023,96.32,96.32,96.32,96.32,1,0
20151026,96.31,96.31,96.3,96.3,2,0
20151027,96.29,96.29,96.281,96.281,2,0
20151028,96.261,96.261,77.999,95.452,210,0
20151029,92.624,92.624,76.049,86.765,405,0
20151030,86.765,92.429,86.765,92.429,10,0
20151102,94.35,94.35,77.999,89.992,225,0
20151103,93.59,93.59,93.59,93.59,2,0
20151104,93.59,93.59,93.59,93.59,1,0
20151106,93.59,93.59,76.049,93.112,130,0
20151109,89.699,89.699,89.699,89.699,22,0
20151110,83.849,93.063,83.849,93.063,11,0
20151112,78.974,92.624,78.467,92.624,110,0
20151113,92.615,92.615,92.615,92.615,1,0
20151116,92.527,92.527,92.527,92.527,1,0
20151117,92.527,92.527,74.587,82.094,345,0
20151118,91.162,91.162,91.162,91.162,1,0
20151119,75.757,90.645,75.494,90.645,221,0
20151120,87.73,87.73,76.342,87.73,85,0
20151123,87.671,87.671,87.671,87.671,1,0
20151124,87.671,87.671,87.671,87.671,1,0
20151125,86.774,86.774,76.537,84.044,27,0
20151127,83.849,83.849,83.849,83.849,1,0
20151130,83.849,87.749,83.849,87.749,9,0
20151201,87.681,87.681,80.018,87.681,22,0
20151203,86.667,86.667,81.119,86.667,15,0
20151207,86.755,86.755,86.755,86.755,1,0
20151209,86.735,86.735,86.735,86.735,1,0
20151210,86.735,86.745,76.049,86.745,356,0
20151211,86.745,86.745,86.745,86.745,1,0
20151214,86.745,86.745,86.745,86.745,1,0
20151215,86.287,86.287,86.277,86.277,28,0
20151216,86.277,86.277,83.362,83.362,127,0
20151217,87.652,92.137,85.975,91.162,129,0
20151218,91.094,91.094,91.094,91.094,1,0
20151221,89.699,91.055,89.699,91.045,32,0
20151222,89.602,98.523,87.749,92.868,298,0
20151223,96.485,96.485,88.724,90.674,58,0
20151228,90.674,92.858,90.674,91.006,441,0
20151229,89.699,90.577,85.799,90.577,206,0
20151230,92.849,92.849,88.217,92.81,79,0
20160104,92.225,92.225,90.655,90.655,10,0
20160107,88.715,88.715,84.824,88.715,11,0
20160108,91.64,91.64,91.64,91.64,1,0
20160111,91.64,91.64,91.64,91.64,1,0
20160112,91.552,91.552,91.552,91.552,1,0
20160113,91.152,91.152,86.111,90.967,262,0
20160114,90.577,90.577,90.567,90.567,10,0
20160115,90.479,90.479,87.74,90.284,106,0
20160118,89.68,89.68,88.997,88.997,9,0
20160119,88.997,88.997,88.617,88.617,7,0
20160120,88.997,88.997,87.73,87.73,6,0
20160121,87.72,87.72,87.164,87.71,108,0
20160122,87.701,87.701,87.691,87.691,11,0
20160125,90.265,90.265,89.582,89.582,11,0
20160126,89.524,89.524,88.617,88.617,14,0
20160127,89.495,89.495,89.397,89.397,10,0
20160128,89.397,89.397,88.617,88.617,18,0
20160129,89.397,89.397,88.695,88.695,15,0
20160201,88.695,89.563,84.824,89.534,34,0
20160202,89.514,89.514,89.514,89.514,19,0
20160203,89.514,89.514,89.514,89.514,2,0
20160204,89.514,89.514,87.749,87.749,43,0
20160205,89.407,89.407,89.368,89.368,11,0
20160208,89.358,89.358,87.652,89.3,7,0
20160209,89.261,89.261,89.251,89.251,11,0
20160210,89.251,89.251,89.251,89.251,5,0
20160211,89.251,89.251,89.251,89.251,4,0
20160212,89.251,89.251,89.222,89.222,4,0
20160215,89.212,89.212,89.202,89.202,5,0
20160216,89.192,89.192,89.192,89.192,5,0
20160217,89.192,89.192,89.163,89.163,5,0
20160218,89.163,89.163,89.134,89.134,5,0
20160219,89.124,89.124,88.13,89.066,109,0
20160222,89.144,89.144,84.522,88.724,37,0
20160223,89.124,89.124,89.105,89.105,7,0
20160224,89.105,89.105,81.958,81.958,134,0
20160225,88.237,88.237,88.227,88.227,6,0
20160226,88.042,88.042,85.682,87.749,22,0
20160229,87.74,87.74,87.74,87.74,3,0
20160301,87.73,87.73,81.119,81.119,34,0
20160302,80.924,80.924,80.885,80.885,4,0
20160303,80.885,80.885,80.885,80.885,4,0
20160304,80.885,80.885,74.684,80.876,146,0
20160307,80.866,80.866,75.26,80.856,42,0
20160308,80.846,80.846,80.837,80.837,4,0
20160309,80.827,80.827,80.827,80.827,3,0
20160310,80.827,80.827,80.827,80.827,3,0
20160311,80.827,87.73,80.827,87.506,28,0
20160314,87.506,87.506,87.496,87.496,3,0
20160315,87.486,87.486,87.476,87.476,4,0
20160316,87.476,87.476,87.359,87.359,3,0
20160317,87.35,87.35,87.252,87.252,6,0
20160318,87.252,87.252,87.252,87.252,5,0
20160321,87.252,87.252,87.252,87.252,4,0
20160322,87.35,87.35,86.96,87.35,127,0
20160323,87.35,87.35,87.272,87.272,94,0
20160329,87.252,95.939,84.824,85.653,621,0
20160330,91.162,94.184,91.064,94.126,85,0
20160331,89.699,95.93,88.529,93.599,210,0
20160401,95.93,95.93,89.807,95.93,181,0
20160404,96.524,100.62,93.404,97.48,386,0
20160405,95.998,105.2,91.259,97.499,696,0
20160406,102.37,102.37,97.499,98.816,367,0
20160407,98.279,102.28,97.499,98.864,295,0
20160408,99.254,101.3,98.474,101.3,168,0
20160411,101.3,104.37,98.962,100.42,315,0
20160412,100.42,105.2,100.42,105.2,264,0
20160413,105.2,110.17,104.32,105.3,547,0
20160414,102.37,105.3,102.37,105.3,42,0
20160415,105.3,105.3,98.962,104.91,115,0
20160418,105.3,105.3,98.962,100.77,225,0
20160419,104.81,104.81,97.646,100.23,81,0
20160420,100.23,100.23,100.23,100.23,2,0
20160421,100.18,100.18,94.379,94.379,61,0
20160422,100.13,100.13,93.599,95.549,108,0
20160425,100.13,100.13,95.062,95.062,3,0
20160426,95.062,95.062,95.062,95.062,4,0
20160427,95.062,95.062,95.062,95.062,1,0
20160428,87.749,91.63,84.629,91.63,138,0
20160429,91.63,91.63,91.63,91.63,379,0
20160502,92.624,92.624,92.624,92.624,103,0
20160505,91.162,91.162,91.162,91.162,1,0
20160506,91.162,91.162,91.162,91.162,1,0
20160509,92.527,92.527,92.527,92.527,1,0
20160511,91.055,91.055,90.947,90.947,53,0
20160512,91.649,91.649,91.649,91.649,1,0
20160513,91.649,91.649,91.649,91.649,1,0
20160516,91.133,91.133,87.749,90.967,50,0
20160517,91.162,91.162,85.799,89.699,151,0
20160518,91.649,91.649,85.409,91.211,338,0
20160519,91.211,91.211,87.749,90.382,538,0
20160520,91.211,91.211,90.577,91.201,68,0
20160523,91.649,91.649,91.64,91.64,24,0
20160524,91.64,91.649,87.32,91.64,434,0
20160525,91.64,91.64,91.64,91.64,123,0
20160527,91.649,91.649,91.649,91.649,2,0
20160530,91.649,91.649,91.162,91.162,7,0
20160531,91.162,91.162,91.162,91.162,1,0
20160601,91.162,91.162,91.162,91.162,6,0
20160602,91.162,91.162,85.799,89.699,168,0
20160603,91.162,91.162,91.162,91.162,2,0
20160606,91.64,91.64,91.64,91.64,1,0
20160607,91.64,91.64,91.64,91.64,2,0
20160608,91.64,91.64,87.262,90.674,299,0
20160609,91.64,91.64,91.64,91.64,1,0
20160610,91.64,91.64,91.64,91.64,1,0
20160613,91.64,91.64,91.64,91.64,2,0
20160614,91.64,91.64,91.64,91.64,2,0
20160615,91.64,91.64,82.504,87.749,160,0
20160616,87.749,87.749,85.049,87.749,13,0
20160617,87.749,87.749,87.749,87.749,19,0
20160620,87.749,87.749,85.799,87.749,66,0
20160621,87.749,94.565,87.749,94.555,266,0
20160622,94.555,94.555,89.309,91.649,116,0
20160623,91.649,91.649,86.774,91.454,85,0
20160624,91.649,91.649,89.212,89.699,23,0
20160627,91.649,94.555,88.237,90.928,19,0
20160628,89.69,89.69,89.69,89.69,1,0
20160629,90.674,94.555,85.127,88.627,37,0
20160630,94.555,94.555,94.555,94.555,1,0
20160704,91.64,91.64,84.873,90.674,421,0
20160705,87.749,87.749,82.874,87.73,11,0
20160706,90.674,90.674,90.674,90.674,1,0
20160707,86.755,86.755,78.097,84.805,67,0
20160708,86.774,87.73,81.022,87.73,14,0
20160711,82.8744,84.8147,75.0745,78.5747,69,0
20160712,78.9647,82.4357,76.0592,77.9995,50,0
20160713,77.9897,81.8897,73.6705,81.8897,304,0
20160714,82.4454,82.4454,76.0495,76.0495,42,0
20160715,77.98,77.98,71.3305,76.0397,9,0
20160718,77.98,77.98,71.3305,74.08,19,0
20160719,70,75,65.1,69.99,39,0
20160720,73.5,75.4,66.17,67.5,109,0
20160721,73,73.2,67.5,68,195,0
20160722,74.5,79.99,72.03,79.99,83,0
20160725,84.59,84.59,77,77,76,0
20160726,82,82,77,79.99,3,0
20160727,72,84,70,84,332,0
20160728,84.5,89,84.5,89,41,0
20160729,85,85,77,78.9,17,0
20160801,84,91.9,75.99,75.99,265,0
20160802,72.5,76.99,67,72,35,0
20160803,68.85,69.98,68.25,69.98,16,0
20160804,69.98,69.98,69.98,69.98,6,0
20160805,69.8,70.38,67,70.38,108,0
20160808,70.38,70.38,70.38,70.38,1,0
20160809,70.38,70.38,70.38,70.38,2,0
20160810,70.38,70.38,70.2,70.38,28,0
20160811,70.38,70.4,69.99,70.4,30,0
20160812,70.4,77,70.4,77,9,0
20160816,84,84,78.75,80,294,0
20160817,80,80,80,80,2,0
20160818,84.25,84.25,79.25,84.21,59,0
20160819,90.5,90.5,87.46,89.68,112,0
20160822,90.4,90.4,82.25,87.8,66,0
20160823,90.3,90.3,88,88,8,0
20160824,87.9,87.9,86.95,87,37,0
20160825,87,87,87,87,7,0
20160826,87,87,87,87,1,0
20160829,88.79,88.79,80.01,87,62,0
20160830,88.88,88.88,88.88,88.88,1,0
20160831,88.88,88.88,88.88,88.88,1,0
20160901,88.87,88.87,88.87,88.87,3,0
20160902,88.59,88.59,85.3,87.3,4,0
20160905,88.59,88.59,88.44,88.44,120,0
20160906,87.9,87.9,87.9,87.9,12,0
20160907,88.59,88.59,88.59,88.59,2,0
20160908,87.9,87.9,80.25,87.9,4,0
20160909,88.88,88.88,87.4,87.4,3,0
20160912,88.88,88.88,87.39,87.39,2,0
20160913,85,85,80,85,121,0
20160914,88.88,88.88,88.88,88.88,1,0
20160915,88.88,88.88,80,88.88,65,0
20160916,88.5,88.5,88.5,88.5,1,0
20160919,88.48,93.5,88.48,92,27,0
20160920,91.99,91.99,91.5,91.5,4,0
20160921,91.99,91.99,86.2,86.2,31,0
20160922,91.99,91.99,87.5,87.5,4,0
20160923,88,88,88,88,2,0
20160926,80.4,87.9,80,87.9,38,0
20160927,88,91.99,88,90.9,25,0
20160928,90,98.99,90,98.99,56,0
20160929,98,99.99,98,99.99,319,0
20161003,98.49,98.49,98.49,98.49,1,0
20161004,98.49,98.49,98.49,98.49,1,0
20161005,98.48,98.48,98.48,98.48,1,0
20161006,98.47,98.47,88.62,88.62,29,0
20161010,94.5,94.5,94.5,94.5,1,0
20161011,93.7,93.7,93.7,93.7,1,0
20161012,92,92,92,92,1,0
20161013,92,92,92,92,1,0
20161014,91.99,91.99,86.7,91.1,131,0
20161017,91.1,91.1,91.1,91.1,3,0
20161018,91.98,91.98,91.97,91.97,8,0
20161019,91.97,91.97,91.96,91.96,10,0
20161020,91.95,91.95,91.95,91.95,10,0
20161021,91.93,91.93,91.93,91.93,1,0
20161024,91.92,91.92,91.91,91.92,9,0
20161025,91.99,91.99,91.99,91.99,5,0
20161026,91.99,91.99,91.99,91.99,1,0
20161027,91.99,91.99,91.92,91.92,3,0
20161028,91.99,91.99,91.99,91.99,2,0
20161031,92,92,92,92,2,0
20161102,95.99,95.99,95.99,95.99,3,0
20161103,95.99,95.99,95.99,95.99,4,0
20161104,95.99,95.99,95.99,95.99,2,0
20161107,95.99,95.99,95.88,95.88,3,0
