Date,Open,High,Low,Close,Volume,OpenInt
20140416,33.344,34.047,33.344,34,245542,0
20140417,34,34.263,34,34.124,15512,0
20140422,34.154,34.154,33.962,34.116,4775,0
20140423,34.116,34.154,34.116,34.116,3518,0
20140424,34.116,34.116,34.085,34.085,22059,0
20140425,34.085,34.085,31.114,33.962,130588,0
20140428,33.923,34.047,33.036,34.047,26409,0
20140429,34.047,34.047,33.962,34.047,6380,0
20140430,33.962,34.348,33.962,34.348,35372,0
20140502,34.301,34.301,34.193,34.193,65,0
20140505,33.962,33.962,32.472,33.197,102,0
20140506,33.197,33.197,31.653,33.182,2320,0
20140507,31.684,33.938,30.202,33.938,26370,0
20140508,31.839,33.846,31.839,33.799,714,0
20140509,32.009,32.009,31.646,31.731,22478,0
20140512,31.723,31.723,30.951,30.951,11599,0
20140513,31.531,31.646,30.951,30.959,35514,0
20140514,30.967,32.65,30.967,32.65,9354,0
20140515,32.65,32.65,32.65,32.65,26,0
20140516,32.796,33.46,31.886,32.866,1240,0
20140519,33.19,33.962,32.811,33.962,2873,0
20140520,33.962,34.263,33.884,34.263,1872,0
20140521,34.039,34.27,33.962,33.962,52673,0
20140522,33.962,34.193,33.884,34.193,4553,0
20140523,34.193,34.193,33.19,34.193,42284,0
20140526,32.804,33.962,32.418,33.962,442,0
20140527,33.19,34.101,33.19,34.101,2709,0
20140528,33.962,33.962,33.884,33.962,630,0
20140529,33.962,33.962,33.962,33.962,648,0
20140530,32.65,33.962,32.65,33.962,874,0
20140602,33.962,33.962,33.962,33.962,333,0
20140609,32.65,33.884,32.418,33.884,1959,0
20140610,33.576,33.576,33.19,33.19,14251,0
20140611,33.174,33.19,32.603,33.143,3542,0
20140612,33.19,33.19,33.19,33.19,3886,0
20140613,33.19,33.19,33.19,33.19,12220,0
20140616,32.804,33.174,32.804,33.174,2073,0
20140617,33.182,33.19,31.106,33.182,4081,0
20140618,33.19,33.576,33.19,33.19,140747,0
20140620,33.221,33.962,33.221,33.962,29685,0
20140623,33.962,33.962,33.19,33.19,47312,0
20140624,32.394,33.954,32.394,33.954,459,0
20140625,33.19,33.19,33.19,33.19,60024,0
20140626,32.526,33.576,32.526,32.804,51470,0
20140630,32.726,33.19,32.726,33.19,1009,0
20140701,32.449,32.449,32.449,32.449,1,0
20140702,32.503,33.337,32.418,33.337,882,0
20140704,33.182,33.337,33.182,33.337,365,0
20140707,30.025,33.576,30.025,33.576,828,0
20140708,33.19,33.19,31.971,31.971,309,0
20140709,32.418,32.418,32.418,32.418,713,0
20140715,32.418,32.418,31.886,32.032,514,0
20140716,32.264,32.264,31.878,32.264,349,0
20140721,31.878,31.878,31.646,31.646,22532,0
20140723,32.688,32.688,32.688,32.688,43,0
20140725,31.646,32.665,30.565,32.665,195,0
20140728,32.65,32.673,32.65,32.673,915,0
20140729,32.418,32.418,32.418,32.418,73,0
20140730,31.661,32.418,31.653,32.418,537,0
20140731,32.418,32.418,32.418,32.418,976,0
20140801,32.418,32.418,32.418,32.418,49,0
20140804,32.418,32.418,32.418,32.418,126,0
20140805,32.418,32.418,32.418,32.418,26,0
20140806,31.653,32.804,30.882,32.804,2600,0
20140807,31.661,31.661,31.646,31.646,65,0
20140811,32.341,32.418,31.646,31.646,751,0
20140812,31.306,32.418,31.306,32.41,686,0
20140813,31.306,32.611,29.639,32.379,5407,0
20140814,32.379,32.418,32.379,32.418,777,0
20140819,31.646,32.256,29.246,32.109,1551,0
20140820,32.418,32.418,32.418,32.418,648,0
20140826,31.808,32.418,31.808,32.418,276,0
20140827,32.58,33.19,31.808,33.19,8956,0
20140902,33.112,33.112,33.112,33.112,492,0
20140903,31.808,33.151,31.808,32.688,590,0
20140904,32.726,33.653,32.726,33.653,1624,0
20140905,33.645,33.645,33.645,33.645,10,0
20140908,33.036,34.348,33.036,34.348,81901,0
20140909,34.232,35.12,34.232,34.757,29206,0
20140910,34.803,35.506,34.803,35.506,7846,0
20140911,35.575,36.664,35.575,36.278,21165,0
20140912,37.049,37.126,36.354,37.049,129642,0
20140915,37.435,37.435,37.034,37.034,658,0
20140916,37.049,37.049,35.506,37.049,6639,0
20140917,37.435,37.435,36.278,37.049,14213,0
20140918,37.049,37.435,36.817,37.435,32177,0
20140919,37.821,38.593,37.821,38.23,63354,0
20140922,38.593,39.365,38.4,38.979,3537,0
20140923,39.349,39.349,38.523,38.593,9754,0
20140924,38.546,38.979,38.245,38.245,18655,0
20140925,38.207,38.979,38.207,38.747,4816,0
20140926,37.435,38.979,37.435,38.979,47475,0
20140929,39.365,40.137,38.608,38.608,21421,0
20140930,38.624,39.442,38.593,39.365,2273,0
20141001,39.365,39.365,39.365,39.365,13,0
20141003,38.747,39.349,35.892,38.207,622,0
20141006,35.12,39.21,35.12,39.21,41,0
20141007,38.593,38.593,38.593,38.593,38,0
20141008,37.435,38.593,37.435,38.593,1347,0
20141009,37.512,38.979,37.512,38.593,75421,0
20141013,37.821,38.979,37.821,38.593,971,0
20141014,38.508,38.508,38.508,38.508,60,0
20141015,37.813,38.515,36.933,38.515,50171,0
20141016,36.972,38.515,36.972,38.515,674,0
20141020,37.281,38.508,37.281,38.508,1693,0
20141021,38.439,38.593,38.439,38.593,42021,0
20141022,38.593,38.593,38.207,38.593,39033,0
20141023,38.585,38.593,38.585,38.593,4579,0
20141024,38.971,39.287,38.971,39.287,7547,0
20141027,38.523,39.287,38.523,39.287,1347,0
20141028,38.284,39.21,38.284,39.21,152,0
20141029,38.979,39.287,38.6,39.287,7787,0
20141030,38.624,39.287,38.593,39.287,907,0
20141031,39.249,39.249,39.249,39.249,65,0
20141103,39.233,39.233,39.233,39.233,26,0
20141104,39.21,39.21,39.21,39.21,699,0
20141105,39.041,39.041,39.041,39.041,78,0
20141106,38.979,39.041,38.979,39.041,2482,0
20141107,39.017,42.452,39.017,42.445,6604,0
20141110,42.375,44.768,41.039,42.452,7481,0
20141112,42.452,43.98,42.452,43.2,2279,0
20141113,42.769,42.769,41.302,42.375,855,0
20141114,41.062,41.681,40.909,40.909,151,0
20141117,39.442,41.681,39.442,41.681,52,0
20141118,41.673,42.367,40.291,42.344,5961,0
20141119,42.336,42.336,41.603,41.603,6704,0
20141120,42.367,42.367,41.603,41.681,2230,0
20141121,41.295,41.935,41.295,41.935,850,0
20141124,41.912,41.935,40.554,41.681,1360,0
20141125,41.681,41.935,40.963,41.889,804,0
20141126,42.135,42.135,41.117,41.834,617,0
20141127,41.834,41.834,41.681,41.681,743,0
20141128,41.603,41.603,41.526,41.603,555,0
20141201,41.603,41.603,41.526,41.526,59,0
20141202,41.681,42.452,41.526,41.526,648,0
20141203,42.375,42.375,42.336,42.336,512,0
20141204,41.989,41.989,41.989,41.989,176,0
20141205,41.912,41.95,41.526,41.95,298,0
20141209,41.95,41.95,41.681,41.681,713,0
20141211,41.665,41.912,41.526,41.526,1387,0
20141212,41.526,41.681,41.526,41.603,233,0
20141215,41.912,41.912,41.912,41.912,1296,0
20141216,41.526,41.912,41.295,41.448,918,0
20141217,41.364,41.912,41.364,41.834,1103,0
20141218,41.873,41.873,41.31,41.603,5180,0
20141219,41.603,41.681,41.295,41.295,1573,0
20141222,41.642,41.642,41.024,41.295,548,0
20141223,41.024,41.024,40.754,40.754,570,0
20141229,41.295,41.295,40.754,40.909,221,0
20141230,41.295,41.295,40.909,40.909,1425,0
20150102,39.658,41.295,39.658,40.291,1313,0
20150105,41.295,41.295,40.291,41.295,88,0
20150107,41.295,41.295,40.6,40.6,136,0
20150108,40.654,41.349,40.6,40.6,159,0
20150109,41.681,41.681,41.603,41.681,292,0
20150113,40.731,40.731,40.731,40.731,1,0
20150114,40.762,40.762,40.762,40.762,128,0
20150115,40.792,40.792,40.291,40.291,293,0
20150116,40.291,40.291,38.6,40.113,259402,0
20150119,38.6,40.137,38.593,39.318,534,0
20150120,39.365,39.828,37.165,37.165,328,0
20150121,37.134,39.326,37.134,39.326,119,0
20150122,37.134,39.365,37.134,39.365,34,0
20150123,40.137,40.137,38.593,40.059,1865,0
20150126,39.365,40.137,37.821,37.821,1092,0
20150127,37.18,39.357,37.18,39.357,95,0
20150128,37.056,39.341,37.049,38.901,250,0
20150129,37.898,39.365,37.898,39.365,201,0
20150130,39.365,39.512,39.365,39.365,2793,0
20150202,39.365,39.365,38.901,39.365,736,0
20150203,39.558,40.6,38.901,38.901,2471,0
20150204,38.979,38.979,38.863,38.979,935,0
20150205,40.561,40.561,38.901,38.979,1808,0
20150206,38.901,38.901,38.863,38.901,998,0
20150209,38.901,38.979,38.593,38.901,749,0
20150210,37.821,37.821,37.049,37.049,119920,0
20150211,37.049,37.281,36.431,37.049,963,0
20150212,37.049,39.365,37.049,39.365,801,0
20150213,37.072,39.365,37.072,38.979,67,0
20150216,38.979,38.979,38.979,38.979,166,0
20150217,38.979,38.979,38.971,38.971,1353,0
20150218,38.979,38.979,38.593,38.593,697,0
20150219,38.515,38.515,37.821,37.821,275,0
20150220,37.898,38.593,37.435,38.593,4351,0
20150223,38.979,38.979,38.786,38.971,2371,0
20150224,38.979,39.751,38.979,39.751,4041,0
20150225,39.635,39.635,38.971,39.635,879,0
20150226,38.979,38.979,38.901,38.979,1729,0
20150227,39.673,40.484,37.628,38.593,2460,0
20150302,39.365,39.365,39.365,39.365,93,0
20150303,39.751,39.751,39.365,39.365,437,0
20150304,39.365,39.365,38.979,38.979,304,0
20150305,38.979,39.365,38.979,38.979,227,0
20150306,39.751,40.137,39.365,39.751,3256,0
20150309,40.137,40.137,38.593,39.357,29448,0
20150310,39.357,40.051,38.979,39.357,15071,0
20150311,39.442,39.735,38.585,39.21,3413,0
20150312,39.673,39.743,39.365,39.365,5235,0
20150313,39.38,39.751,38.901,39.365,6443,0
20150316,39.604,39.751,39.141,39.357,6856,0
20150317,39.365,39.372,38.979,39.365,1843,0
20150318,39.365,39.365,38.94,39.287,1526,0
20150319,39.665,39.665,38.979,39.287,8236,0
20150320,39.365,39.596,38.979,39.596,56675,0
20150323,40.137,40.515,39.905,40.137,6061,0
20150324,40.53,41.295,39.751,40.129,49745,0
20150325,40.523,41.487,39.596,40.121,14078,0
20150326,40.137,40.137,39.99,40.137,21531,0
20150327,40.137,40.523,40.021,40.137,78634,0
20150330,40.137,40.137,39.751,40.137,8705,0
20150331,40.137,40.137,39.982,40.137,4674,0
20150401,40.746,41.271,39.828,40.098,14263,0
20150402,40.137,40.137,39.836,39.859,14958,0
20150407,40.137,40.137,40.067,40.067,80569,0
20150408,40.137,40.137,40.021,40.098,9745,0
20150409,40.137,40.407,38.901,40.059,16621,0
20150410,40.129,40.137,39.365,39.751,183209,0
20150413,40.378,40.378,39.415,39.415,10982,0
20150414,39.544,39.802,38.685,38.685,68250,0
20150415,38.693,39.372,38.281,38.281,15932,0
20150416,38.667,39.028,36.364,37.49,75668,0
20150417,37.954,39.536,37.954,39.536,47496,0
20150420,39.802,40.309,38.771,39.114,58645,0
20150421,39.114,39.544,38.857,39.114,61167,0
20150422,39.536,39.544,38.771,39.415,78082,0
20150423,39.372,39.501,39.2,39.458,113413,0
20150424,39.544,41.006,39.381,40.619,31739,0
20150427,40.662,41.178,40.413,40.834,10180,0
20150428,40.834,41.092,40.189,40.198,29967,0
20150429,40.395,40.49,39.553,39.553,37043,0
20150430,39.63,40.146,38.9,40.06,52785,0
20150504,40.275,40.834,39.888,40.834,50005,0
20150505,40.842,41.676,40.834,41.264,57388,0
20150506,41.436,42.381,41.289,42.123,58371,0
20150507,42.287,42.416,41.375,41.393,79480,0
20150508,41.736,41.934,41.736,41.934,19910,0
20150511,41.934,42.037,41.736,41.951,5203,0
20150512,42.123,42.123,41.805,41.848,21754,0
20150513,41.831,42.209,41.831,42.123,19788,0
20150514,40.404,40.997,39.63,40.765,9611,0
20150515,40.498,40.817,40.49,40.584,7309,0
20150518,40.404,40.404,40.112,40.404,1231,0
20150519,40.619,40.619,39.544,40.404,9567,0
20150520,40.404,40.662,39.888,40.584,4887,0
20150521,40.61,41.393,40.593,41.264,5623,0
20150522,41.35,41.375,40.619,40.619,4650,0
20150525,41.135,41.135,40.189,40.189,2978,0
20150526,40.172,40.318,39.974,40.06,3118,0
20150527,39.888,40.318,39.63,39.974,3757,0
20150528,40.404,40.404,39.974,40.361,37694,0
20150529,40.395,40.395,39.974,39.974,1441,0
20150601,39.639,40.301,39.639,39.931,42935,0
20150602,40.318,40.318,39.544,39.88,4604,0
20150603,39.845,39.974,38.865,39.286,26743,0
20150605,39.286,39.286,38.779,39.269,597,0
20150608,38.865,39.157,38.306,38.771,75117,0
20150609,38.341,38.685,37.318,37.988,2902,0
20150610,37.971,37.971,36.123,36.664,54409,0
20150611,36.965,37.154,36.621,36.793,91424,0
20150612,36.793,37.395,36.664,36.965,62504,0
20150615,36.793,36.974,36.793,36.793,24346,0
20150616,37.154,37.154,36.535,36.535,998,0
20150617,36.535,36.965,34.825,36.097,25937,0
20150618,35.521,36.965,35.521,36.965,18761,0
20150619,36.965,37.258,36.106,36.518,45900,0
20150622,36.957,36.965,36.106,36.106,5463,0
20150623,36.114,37.653,36.106,36.535,23677,0
20150624,36.914,37.378,36.106,37.378,10396,0
20150625,36.664,37.395,36.664,37.387,1341,0
20150626,37.051,37.266,36.733,37.266,61002,0
20150629,35.512,36.707,35.504,36.707,6757,0
20150630,36.621,37.137,36.106,36.192,4784,0
20150701,36.931,36.965,36.321,36.965,8261,0
20150702,36.278,37.481,36.278,37.481,37881,0
20150703,36.982,37.43,36.639,36.957,3679,0
20150706,36.295,37.481,36.295,37.309,2582,0
20150707,37.309,37.395,36.535,36.535,16838,0
20150708,36.364,36.819,35.418,35.659,14239,0
20150709,35.65,36.106,35.246,35.684,17209,0
20150710,36.106,36.518,35.702,36.149,23664,0
20150713,35.676,37.825,35.676,36.931,75527,0
20150714,36.931,37.687,36.553,36.974,37062,0
20150715,36.974,37.653,36.123,36.174,38734,0
20150716,36.75,36.75,35.633,36.106,27704,0
20150717,36.106,36.535,35.779,36.527,21720,0
20150720,36.785,36.965,36.131,36.965,21067,0
20150721,36.965,37.361,36.965,37.215,2699,0
20150722,37.232,37.644,37.232,37.318,11252,0
20150723,37.387,37.387,36.759,37.223,1483,0
20150724,37.395,37.395,36.991,37.206,843,0
20150727,37.051,37.266,36.974,37.206,77577,0
20150728,37.206,37.206,36.828,36.965,204,0
20150729,36.965,37.266,36.965,37.137,938,0
20150730,37.739,37.739,35.684,36.441,5240,0
20150731,36.441,36.759,35.478,36.742,15755,0
20150803,36.75,36.759,36.106,36.329,8984,0
20150804,35.719,37.825,35.719,37.825,9943,0
20150805,38.255,39.312,38.134,39.304,29169,0
20150806,39.286,39.372,39.028,39.08,10312,0
20150807,39.493,39.493,39.114,39.192,9914,0
20150810,39.2,40.834,39.2,40.103,6882,0
20150811,40.12,40.576,39.974,39.974,28549,0
20150812,39.604,40.404,39.544,39.544,32216,0
20150813,39.544,40.232,39.544,39.544,27257,0
20150814,39.544,39.544,39.544,39.544,5991,0
20150817,39.123,39.123,38.702,38.702,376,0
20150818,38.685,39.071,38.255,38.685,2444,0
20150819,39.089,39.089,38.685,39.028,1382,0
20150820,39.106,39.106,38.685,38.685,2386,0
20150821,38.685,39.114,37.997,38.676,2545,0
20150824,38.642,38.642,35.246,37.395,11858,0
20150825,37.137,37.825,36.114,37.808,16940,0
20150826,37.395,37.395,34.386,34.386,34155,0
20150827,34.386,35.736,34.386,35.659,7007,0
20150828,35.246,35.246,34.962,34.988,13495,0
20150831,34.816,36.965,34.816,36.965,2250,0
20150901,36.106,36.974,35.598,36.974,1971,0
20150902,35.762,37.696,35.762,37.696,10087,0
20150903,36.974,37.404,36.535,37.395,1929,0
20150904,37.06,37.06,36.321,37.043,722,0
20150907,37.051,37.223,36.106,36.957,2358,0
20150908,36.879,36.879,36.149,36.621,9361,0
20150909,36.879,36.879,36.243,36.492,999,0
20150910,36.235,36.432,36.106,36.432,530,0
20150911,35.874,36.346,35.788,36.08,984,0
20150914,35.753,35.762,35.246,35.246,1820,0
20150915,35.246,36.002,34.868,36.002,590,0
20150916,35.676,36.114,35.418,35.461,1880,0
20150917,35.487,36.054,34.833,36.054,25260,0
20150918,34.997,35.427,34.988,34.988,294,0
20150921,34.997,35.427,34.971,34.971,455,0
20150922,34.825,35.891,34.404,34.988,22833,0
20150923,34.988,34.988,33.974,34.343,3611,0
20150924,34.902,34.954,34.404,34.902,863,0
20150925,34.851,34.988,34.575,34.816,384,0
20150928,34.352,34.679,32.873,34.214,1638,0
20150929,34.55,34.558,33.527,33.604,2814,0
20150930,33.621,36.02,33.621,36.02,4687,0
20151001,36.097,36.097,34.386,34.73,3696,0
20151002,34.343,34.816,34.343,34.601,2266,0
20151005,34.653,35.16,34.653,34.816,8088,0
20151006,35.246,36.75,35.246,36.75,1415,0
20151007,36.75,37.387,35.289,35.676,8129,0
20151008,35.676,35.762,35.332,35.676,40403,0
20151009,36.14,36.407,35.848,36.407,343,0
20151012,35.865,35.908,35.865,35.908,213,0
20151013,35.719,36.871,35.375,36.871,396,0
20151014,36.871,37.137,35.246,36.802,23444,0
20151015,37.12,37.369,36.793,37.172,7752,0
20151016,36.802,37.395,36.802,37.369,1625,0
20151019,37.369,37.369,36.535,37.051,181,0
20151020,37.223,37.395,37.094,37.137,1736,0
20151021,37.223,37.223,36.965,37.215,159,0
20151022,36.965,36.965,36.965,36.965,200,0
20151023,36.707,36.965,36.355,36.965,1050,0
20151026,36.871,36.871,35.684,36.716,1369,0
20151027,36.2,36.2,36.2,36.2,77,0
20151028,35.917,36.535,35.917,36.535,526,0
20151029,36.879,36.879,35.719,35.848,6189,0
20151030,35.848,35.848,35.306,35.667,4007,0
20151102,35.607,35.667,35.504,35.667,1681,0
20151103,35.667,35.667,35.237,35.237,1996,0
20151104,35.246,35.246,34.945,34.988,1056,0
20151105,35.246,35.246,34.481,34.644,534,0
20151106,35.246,35.246,34.644,34.644,1430,0
20151109,34.386,34.386,32.667,33.08,4340,0
20151110,33.08,33.08,30.948,30.956,160993,0
20151112,31.206,31.292,30.776,30.948,79899,0
20151113,30.948,30.948,30.939,30.948,117422,0
20151116,31.034,31.463,31.034,31.378,522,0
20151117,31.584,32.22,31.463,31.807,570,0
20151118,31.592,31.592,31.369,31.532,919,0
20151119,31.807,32.22,31.463,31.807,27334,0
20151120,31.463,32.409,31.463,32.366,22787,0
20151123,32.409,32.409,31.807,32.237,18481,0
20151124,31.807,31.85,31.807,31.807,26082,0
20151125,31.481,31.807,31.481,31.618,13121,0
20151126,31.549,31.549,30.948,31.034,1755,0
20151127,31.756,31.764,30.449,30.939,1060,0
20151130,30.647,30.948,29.701,29.701,1005,0
20151201,30.905,30.905,29.701,29.83,5160,0
20151202,29.83,29.83,28.807,28.807,50885,0
20151203,30.079,30.079,28.807,29.056,1702,0
20151204,28.816,29.099,27.509,29.099,9337,0
20151207,29.099,29.099,28.713,28.713,15923,0
20151208,28.704,28.704,27.947,27.982,724,0
20151209,27.982,27.982,27.552,27.81,1416,0
20151210,27.81,27.81,27.518,27.758,1903,0
20151211,27.526,27.526,27.26,27.509,2320,0
20151214,27.509,27.509,26.821,27.492,1483,0
20151215,26.864,27.492,26.864,26.985,1039,0
20151216,26.735,26.735,26.632,26.641,2634,0
20151217,26.641,29.099,26.512,28.799,243004,0
20151218,28.455,30.088,28.412,29.95,19390,0
20151221,29.95,31.378,29.95,30.948,7688,0
20151222,30.939,32.401,30.939,32.323,15111,0
20151223,31.592,33.432,31.592,32.667,6318,0
20151228,32.667,33.011,31.549,32.667,16177,0
20151229,31.386,32.581,31.386,32.581,3287,0
20151230,31.601,32.401,31.601,32.237,3973,0
20160104,31.653,32.151,31.653,31.782,1508,0
20160105,31.378,31.807,31.378,31.378,206084,0
20160107,30.956,31.034,30.948,31.034,16295,0
20160108,29.744,31.378,29.744,31.154,8921,0
20160111,31.163,31.163,30.088,30.432,23424,0
20160112,30.097,30.845,30.097,30.26,116920,0
20160113,31.206,31.206,30.234,30.234,106303,0
20160114,30.432,30.948,30.088,30.088,1430,0
20160115,30.114,30.114,29.168,29.959,3396,0
20160118,29.658,30.002,29.314,30.002,503,0
20160119,29.314,29.443,28.799,29.443,14894,0
20160120,29.022,29.074,27.776,28.068,37395,0
20160121,28.162,28.953,28.162,28.455,1402,0
20160122,28.936,29.641,28.936,29.641,337,0
20160125,29.581,29.581,28.79,28.79,145,0
20160126,28.79,29.125,28.369,29.005,2202,0
20160127,29.228,29.228,28.403,28.799,906,0
20160128,28.799,29.658,28.799,29.65,51683,0
20160129,29.658,30.845,29.332,30.389,2722,0
20160201,30.518,30.518,29.658,30.174,2454,0
20160202,30.088,30.948,30.088,30.948,16636,0
20160203,30.948,31.292,30.776,31.274,7191,0
20160204,31.163,31.292,31.077,31.292,1513,0
20160205,31.292,31.446,30.956,31.059,2015,0
20160208,30.776,30.776,30.269,30.776,290,0
20160209,30.329,30.69,30.329,30.69,399,0
20160210,30.776,31.799,30.475,30.948,3022,0
20160211,30.561,31.292,30.26,30.69,7004,0
20160212,30.174,30.389,30.088,30.389,1567,0
20160215,31.378,31.721,30.277,30.948,847,0
20160216,30.948,31.721,30.948,31.549,440,0
20160217,31.549,31.721,31.077,31.455,805,0
20160218,31.713,31.713,30.973,31.678,1986,0
20160219,31.549,31.549,30.647,30.939,2856,0
20160222,31.378,31.61,30.776,30.776,1463,0
20160223,30.776,30.776,30.733,30.733,1149,0
20160224,30.948,31.618,30.26,30.948,3613,0
20160225,31.034,31.077,30.303,30.518,1780,0
20160226,30.604,30.948,30.432,30.518,1460,0
20160229,30.518,31.549,30.432,30.432,882,0
20160301,30.948,31.292,30.432,30.948,1048,0
20160302,31.24,31.24,30.518,30.948,586,0
20160303,30.69,30.948,30.561,30.862,1498,0
20160304,30.561,31.12,30.518,30.518,4162,0
20160307,30.948,31.618,29.28,30.604,18461,0
20160308,31.369,31.455,31.206,31.206,8179,0
20160309,31.421,31.421,30.535,30.948,18338,0
20160310,31.421,31.421,30.784,30.827,16167,0
20160311,31.292,31.292,30.088,30.759,8001,0
20160314,31.12,31.893,31.12,31.463,15813,0
20160315,31.764,31.764,31.214,31.463,12733,0
20160316,31.463,31.463,30.948,30.948,5285,0
20160317,31.79,31.79,30.948,31.378,5175,0
20160318,31.549,31.549,30.518,30.69,72817,0
20160321,30.69,31.163,30.518,31.163,3608,0
20160322,31.163,31.163,30.518,31.016,23171,0
20160323,31.137,31.163,30.862,31.154,1098,0
20160324,31.154,31.163,31.042,31.163,1338,0
20160329,31.584,32.323,31.231,32.323,5617,0
20160330,32.615,33.097,32.581,32.667,11172,0
20160331,32.822,32.822,31.945,32.452,7918,0
20160401,31.979,32.452,31.756,31.764,7626,0
20160404,32.237,32.237,31.807,32.065,1093,0
20160405,32.237,32.237,31.764,31.764,560,0
20160406,31.807,31.988,30.956,30.956,1845,0
20160407,31.137,31.635,31.137,31.635,2571,0
20160408,31.635,31.807,31.059,31.575,13850,0
20160411,31.549,31.575,30.776,31.549,2179,0
20160412,31.12,31.128,31.042,31.051,1079,0
20160413,31.36,31.747,31.206,31.747,2546,0
20160414,32.143,32.151,31.463,32.065,1790,0
20160415,32.151,32.237,31.807,31.85,3343,0
20160418,31.893,32.108,31.154,31.154,4552,0
20160419,31.678,31.678,31.472,31.678,905,0
20160420,31.506,31.807,31.463,31.807,43324,0
20160421,32.547,32.607,32.168,32.254,11413,0
20160422,32.658,32.658,32.28,32.28,1765,0
20160425,32.486,32.538,32.28,32.28,447,0
20160426,32.65,33.501,32.641,32.839,5217,0
20160427,32.882,33.346,32.882,33.011,8991,0
20160428,33.303,33.312,33.019,33.183,2299,0
20160429,33.14,33.183,33.011,33.183,807,0
20160502,33.183,33.484,33.183,33.312,750,0
20160504,33.183,33.398,33.183,33.398,3627,0
20160505,33.441,33.475,33.398,33.424,1408,0
20160506,33.398,33.398,33.312,33.389,28504,0
20160509,33.389,33.449,33.312,33.312,1489,0
20160510,33.312,33.501,33.312,33.501,6296,0
20160511,34.988,36.604,34.945,35.16,24074,0
20160512,35.237,35.237,34.3,34.404,4914,0
20160513,34.395,35.091,34.395,34.816,249290,0
20160516,35.048,35.246,34.902,35.117,5351,0
20160517,34.859,35.237,34.73,34.73,2792,0
20160518,34.911,34.911,34.404,34.902,1344,0
20160519,34.73,34.902,34.3,34.532,3065,0
20160520,34.532,34.532,33.2,33.2,9877,0
20160523,33.2,33.742,32.701,33.097,4712,0
20160524,33.105,33.527,32.968,33.097,7133,0
20160525,33.097,33.097,32.976,33.011,4057,0
20160527,33.088,33.097,32.839,33.097,3207,0
20160530,33.097,33.527,33.011,33.097,2257,0
20160531,33.097,33.312,32.959,33.097,6498,0
20160601,33.097,33.441,32.151,32.495,7002,0
20160602,32.495,33.011,32.409,32.504,6997,0
20160603,32.658,32.667,32.418,32.667,2706,0
20160606,32.667,33.011,32.667,33.011,4811,0
20160607,33.011,33.097,33.011,33.011,26528,0
20160608,33.011,33.097,32.968,32.968,3048,0
20160609,33.097,33.097,32.925,32.925,4427,0
20160610,32.891,33.183,32.891,33.097,6679,0
20160613,33.097,33.424,33.019,33.019,949,0
20160614,33.054,33.054,32.762,32.839,3323,0
20160615,32.787,33.002,32.762,32.796,3704,0
20160616,33.08,33.08,32.633,32.633,7146,0
20160617,32.6584,33.9479,32.624,33.1828,55498,0
20160620,33.9565,33.9565,33.4407,33.5267,10484,0
20160621,33.5267,33.6986,33.5267,33.69,10203,0
20160622,33.5,34.2,33.22,33.22,16010,0
20160623,33.49,33.49,32.34,32.34,1812,0
20160624,31.87,31.87,29.5,30.78,6960,0
20160627,30.85,31.89,30.85,31.4,658,0
20160628,31.8,31.8,30.38,30.74,13305,0
20160629,30.65,30.95,30.6,30.95,4800,0
20160630,31.19,31.19,30.7,31,6191,0
20160701,31.29,31.39,30.95,31.2,1819,0
20160704,31.45,31.45,31.2,31.23,1127,0
20160705,31.47,33.33,31.47,32.7,7706,0
20160706,32.81,32.81,32.4,32.4,27275,0
20160707,33,33,32.35,32.37,17190,0
20160708,32.69,32.69,32.5,32.5,345,0
20160711,32.99,32.99,32,32,2195,0
20160712,32,32.32,31.8,32.32,1956,0
20160713,32,32.48,32,32.48,7920,0
20160714,32,32.2,31.7,31.92,270,0
20160715,31.75,32.96,31.75,32.96,2212,0
20160718,32.96,32.96,32.81,32.82,877,0
20160719,32.94,32.94,32.81,32.81,217,0
20160720,32.5,33.96,32.5,33.28,29004,0
20160721,33.06,34.9,33.05,34.9,1140,0
20160722,34,34.43,33.2,34.43,3539,0
20160725,33.83,34,33.83,34,1283,0
20160726,34.41,34.41,33.91,33.91,45824,0
20160727,34.48,34.83,34.48,34.83,2307,0
20160728,34.02,34.02,33.91,33.91,1468,0
20160729,34.01,34.01,32.39,32.39,4365,0
20160801,33,33,32.5,32.5,12671,0
20160802,32.41,32.83,32.03,32.44,9164,0
20160803,32.44,33,31.7,33,20307,0
20160804,33,33.49,32.05,32.7,12224,0
20160805,32.7,32.7,32.2,32.2,432,0
20160808,32.88,32.88,32,32,2818,0
20160809,32.01,32.49,32,32.49,1895,0
20160810,32,32.37,31.97,32.1,13663,0
20160811,32.2,32.3,32.2,32.22,554,0
20160812,32.2,32.35,32,32.2,1313,0
20160816,32.2,32.2,32,32.17,6795,0
20160817,32.2,32.3,32.2,32.3,14544,0
20160818,32.29,32.3,32.23,32.3,2627,0
20160819,32.3,32.3,32.2,32.22,5014,0
20160822,32.25,32.3,32.21,32.25,2266,0
20160823,32.3,32.3,32.24,32.25,4445,0
20160824,32.4,33.69,32.2,33.65,14347,0
20160825,33.64,34.48,33.59,34.48,188067,0
20160826,34.65,34.8,34.25,34.26,6841,0
20160829,34.39,34.78,34.39,34.64,2428,0
20160830,34.71,35.44,34.65,34.8,49727,0
20160831,35.1,35.89,34.8,35.89,8994,0
20160901,35.85,36,34.51,34.54,5347,0
20160902,34.54,34.88,34.11,34.49,13534,0
20160905,35.45,35.45,33.65,35,128297,0
20160906,35,35.8,35,35.2,171810,0
20160907,35.4,36.69,35.4,36.1,4946,0
20160908,36.5,36.5,35.3,35.37,11323,0
20160909,35.39,35.5,35.3,35.33,16942,0
20160912,35.3,35.33,35,35,4240,0
20160913,35,35.87,34.55,34.55,836,0
20160914,34.6,34.6,34.4,34.5,57460,0
20160915,34.5,35.07,34.22,35.07,4920,0
20160916,35.1,35.4,34.9,35,5391,0
20160919,35,35.73,35,35.34,1316,0
20160920,35.3,35.68,35.3,35.41,1326,0
20160921,35.41,35.5,35.2,35.5,1834,0
20160922,35.67,36.5,35.4,36.5,11735,0
20160923,36.59,36.69,36.1,36.5,27782,0
20160926,36.12,36.5,36.12,36.5,2685,0
20160927,36.5,36.67,36.5,36.61,1342,0
20160928,36.68,36.99,36.18,36.7,8128,0
20160929,36.88,37.12,36.88,37.12,10865,0
20160930,37.13,37.39,37.12,37.39,9091,0
20161003,37.38,37.38,35.15,37,54641,0
20161004,37.34,37.34,37,37,488,0
20161005,37,37,36.91,36.98,20241,0
20161006,36.91,37,36.9,36.9,5079,0
20161007,37,37,36.9,36.9,1767,0
20161010,36.92,36.92,36.5,36.5,2171,0
20161011,36.15,36.44,36.01,36.01,2860,0
20161012,35.91,36.2,35.91,36.19,115884,0
20161013,36.45,36.45,36.05,36.41,201,0
20161014,36.41,36.45,36.41,36.45,12402,0
20161017,36.45,37,36.4,36.97,20361,0
20161018,36.8,36.9,36.5,36.55,2489,0
20161019,36.5,36.86,36.2,36.2,4882,0
20161020,36.2,36.48,36.2,36.48,637,0
20161021,36.2,36.48,36,36.48,2456,0
20161024,36.05,36.5,35.93,36.5,8446,0
20161025,36.5,36.84,36.5,36.5,3699,0
20161026,36.42,37.24,36.42,37.24,12840,0
20161027,37.24,37.33,37,37.33,4770,0
20161028,37,37.39,37,37.39,760,0
20161031,37.4,37.85,37.23,37.85,1725,0
20161102,37.85,37.85,36.51,37,630,0
20161103,37.23,37.23,36.98,37,2786,0
20161104,37,37,36.5,36.5,185,0
20161107,36.52,36.89,36.34,36.34,550,0
