Date,Open,High,Low,Close,Volume,OpenInt
20120803,1.2678,1.5,1.2678,1.3548,368200,0
20120806,1.3838,1.5097,1.2484,1.4807,246319,0
20120807,1.5,1.7903,1.413,1.7903,101954,0
20120808,1.9356,2.129,1.7419,1.9839,171202,0
20120809,1.9258,2.1097,1.887,2.0419,52671,0
20120810,2.0323,2.0323,1.9839,1.9935,19855,0
20120813,1.9935,2.0323,1.9935,1.9935,15551,0
20120814,1.9935,1.9935,1.9451,1.9451,2430,0
20120816,2.0129,2.0516,1.9839,2.0516,8858,0
20120817,2.0709,2.0807,2.0419,2.0807,5322,0
20120820,2.129,2.1774,2.0226,2.129,1492,0
20120821,2.2258,2.2258,2.129,2.2162,2625,0
20120822,2.2258,2.2258,2.129,2.129,3002,0
20120823,2.1581,2.1581,2.0709,2.0709,16690,0
20120824,2.1097,2.2064,2.1097,2.2064,4688,0
20120827,2.129,2.2064,2.129,2.1967,1400,0
20120828,2.2064,2.2064,2.0903,2.1677,7233,0
20120829,2.1677,2.1872,2.1677,2.1872,61,0
20120830,2.1774,2.1774,2.0807,2.0807,8168,0
20120831,2.0323,2.2451,1.887,2.2258,42568,0
20120903,2.2258,2.2548,2.2258,2.2548,2872,0
20120904,2.2548,2.2548,2.2162,2.2258,191,0
20120905,2.2258,2.2258,2.1774,2.1774,1573,0
20120906,2.2064,2.2258,2.2064,2.2162,413,0
20120907,2.2258,2.2258,2.2162,2.2162,206,0
20120910,2.2258,2.2258,2.2258,2.2258,1259,0
20120911,2.2258,2.2258,2.2162,2.2162,2981,0
20120912,2.1967,2.1967,2.129,2.1967,528,0
20120913,2.1967,2.1967,2.0129,2.0807,10369,0
20120914,2.0807,2.0807,2.0516,2.0516,1157,0
20120917,2.0516,2.0516,1.9742,1.9742,1576,0
20120918,1.9742,2.0516,1.8968,2.0323,22863,0
20120919,2.0033,2.0419,2.0033,2.0419,1291,0
20120920,2.0323,2.0323,2.0226,2.0323,118,0
20120921,2.0323,2.0323,1.9451,2.0323,982,0
20120924,2.0419,2.0516,2.0419,2.0516,475,0
20120925,2.0516,2.0516,2.0323,2.0323,51,0
20120926,2.0129,2.0807,1.9645,2.0807,9196,0
20120927,2.0807,2.0807,2.0516,2.0709,899,0
20120928,2.0709,2.1194,2.0709,2.1194,206,0
20121001,2.1194,2.1194,2.1097,2.1194,336,0
20121002,2.129,2.129,2.0516,2.129,10280,0
20121003,2.129,2.1774,2.0999,2.1581,3250,0
20121004,2.1774,2.1774,2.1677,2.1774,2841,0
20121005,2.1774,2.1872,2.1677,2.1774,2686,0
20121008,2.1774,2.2258,2.129,2.2258,2015,0
20121009,2.2258,2.2258,2.2162,2.2258,413,0
20121010,2.2258,2.2258,2.1774,2.1774,692,0
20121011,2.1967,2.2548,2.1967,2.2451,1332,0
20121012,2.2548,2.6129,2.2355,2.6129,16571,0
20121015,2.6612,2.6612,2.6129,2.6612,2812,0
20121016,2.6612,2.8064,2.6516,2.8064,7920,0
20121017,2.9032,3.1452,2.9032,3.1355,34193,0
20121018,3.1355,3.2904,3.0967,3.2904,17365,0
20121019,3.2904,3.2904,3.1645,3.1645,7854,0
20121022,3.0774,3.4839,3.0774,3.4839,21191,0
20121023,3.4839,3.6,3.1452,3.6,25807,0
20121024,3.5516,3.6775,3.5516,3.658,23125,0
20121025,3.6775,3.7065,3.6678,3.6967,6253,0
20121026,3.7258,3.8419,3.7161,3.8419,25429,0
20121029,3.8419,3.8999,3.8323,3.8999,20432,0
20121030,3.9194,3.9872,3.9194,3.9872,16346,0
20121031,3.9872,4.1323,3.9774,4.1323,23526,0
20121102,4.1323,4.1903,4.1225,4.1903,17091,0
20121105,4.1903,4.3064,4.1903,4.3064,56856,0
20121106,4.3064,4.3452,4.2678,4.3354,13103,0
20121107,4.3354,4.3548,3.9581,3.9677,21405,0
20121108,3.9483,4.3064,3.3388,4.2968,33050,0
20121109,4.2968,4.2968,4.0161,4.0645,3958,0
20121112,3.8807,3.9677,3.8613,3.8709,5528,0
20121113,3.8226,3.8613,3.6871,3.8613,607,0
20121114,3.8613,3.8999,3.8613,3.8999,3255,0
20121115,3.8807,3.9096,3.7258,3.8999,1478,0
20121116,3.8999,3.9581,3.8709,3.9581,129,0
20121119,3.9483,3.9581,3.8613,3.9387,748,0
20121120,3.9387,3.9387,3.7742,3.9194,3617,0
20121121,3.8709,3.9194,3.6775,3.9096,9193,0
20121122,3.8709,3.8709,3.4839,3.6388,7915,0
20121123,3.7258,3.7258,3.5032,3.629,1025,0
20121126,3.571,3.571,3.4645,3.5226,1643,0
20121127,3.5226,3.5226,3.1935,3.3678,8287,0
20121128,3.4355,3.4355,2.9032,3.4259,12937,0
20121129,3.5226,3.5226,3.5129,3.5129,26,0
20121130,3.4549,3.4549,3.3872,3.4259,2785,0
20121203,3.4839,3.4839,3.3096,3.3096,538,0
20121204,3.3678,3.3678,3.2032,3.2613,1819,0
20121205,3.2904,3.2904,3.2032,3.2032,440,0
20121206,3.2904,3.4742,3.0967,3.4742,17016,0
20121207,3.4742,3.8129,3.4742,3.8129,13518,0
20121210,3.8709,3.8709,3.7742,3.8613,4918,0
20121211,3.8709,3.8709,3.8516,3.8516,775,0
20121212,3.8709,3.8709,3.6775,3.8226,1196,0
20121213,3.8226,3.8226,3.8226,3.8226,15,0
20121214,3.8226,3.8226,3.6388,3.7936,1193,0
20121217,3.8032,3.9677,3.5807,3.8709,9635,0
20121218,3.8709,3.8709,3.7258,3.7742,2569,0
20121219,3.7742,3.7742,3.7548,3.7742,2072,0
20121220,3.7645,3.8226,3.6484,3.8226,672,0
20121221,3.8709,3.8709,3.6775,3.8613,2175,0
20121227,3.8709,3.8709,3.5807,3.8709,775,0
20121228,3.8613,3.8709,3.6775,3.8709,869,0
20130102,3.7548,3.7548,3.5903,3.6484,6470,0
20130103,3.6388,3.6388,3.6388,3.6388,26,0
20130104,3.658,3.658,3.3872,3.4355,5900,0
20130107,3.4355,3.4355,3.3,3.3484,4805,0
20130108,3.3484,3.7742,3.2904,3.7742,8405,0
20130109,3.7936,3.7936,3.7161,3.7161,651,0
20130110,3.7161,3.7161,3.6678,3.6967,159,0
20130111,3.6484,3.6967,3.5807,3.6871,702,0
20130114,3.6484,3.6484,3.5807,3.5807,20,0
20130115,3.5807,3.629,3.5323,3.629,408,0
20130116,3.5323,3.5807,3.4936,3.4936,51,0
20130117,3.4549,3.5516,3.4549,3.5516,941,0
20130118,3.4839,3.5613,3.4839,3.5516,795,0
20130121,3.571,3.571,3.5323,3.571,134,0
20130122,3.571,3.571,3.4936,3.5613,88,0
20130123,3.5613,3.5613,3.4936,3.5613,113,0
20130124,3.5613,3.5613,3.4064,3.4355,2335,0
20130125,3.3872,3.4355,3.2807,3.3096,3530,0
20130128,3.3096,3.4259,3.2421,3.4259,775,0
20130129,3.3872,3.4355,3.3581,3.4355,962,0
20130130,3.3678,3.4355,3.3678,3.4355,16,0
20130131,3.3678,3.4355,3.3678,3.4355,66,0
20130201,3.3678,3.4355,3.3678,3.3872,165,0
20130204,3.3678,3.3968,3.2904,3.3968,991,0
20130205,3.3484,3.3484,3.1935,3.2904,753,0
20130206,3.2904,3.2904,3.1645,3.1935,357,0
20130207,3.1645,3.2226,3.1645,3.2226,26,0
20130208,3.1452,3.1935,3.1452,3.1935,15,0
20130211,3.1935,3.1935,3.1935,3.1935,5,0
20130213,3.1839,3.1839,3.1839,3.1839,2532,0
20130214,3.1743,3.1743,3.1743,3.1743,5,0
20130215,3.1839,3.1839,3.1839,3.1839,134,0
20130218,3.1743,3.1743,3.1743,3.1743,5,0
20130219,3.1935,3.1935,3.1935,3.1935,5,0
20130220,3.1839,3.1935,3.1839,3.1935,103,0
20130221,3.1743,3.2904,3.1743,3.2904,1245,0
20130222,3.271,3.3388,3.271,3.3388,206,0
20130225,3.3388,3.3388,3.3388,3.3388,10,0
20130226,3.2904,3.3291,3.2904,3.3291,206,0
20130227,3.3291,3.3291,3.3291,3.3291,46,0
20130228,3.3257,3.7718,3.1803,3.7718,11708,0
20130301,3.9194,4.0161,3.5516,3.9677,41518,0
20130304,3.9677,3.9677,3.9677,3.9677,10,0
20130305,3.9677,3.9677,3.9194,3.9194,341,0
20130306,3.8709,3.8709,3.8613,3.8613,56,0
20130308,3.8709,3.9581,3.8709,3.9194,2144,0
20130311,3.9677,3.9677,3.9677,3.9677,10,0
20130312,3.9677,3.9677,3.9194,3.9194,26,0
20130313,3.8709,3.9677,3.8709,3.9677,528,0
20130314,3.9677,3.9677,3.9677,3.9677,15,0
20130315,3.9677,3.9677,3.9677,3.9677,31,0
20130318,3.9677,3.9677,3.9581,3.9677,56,0
20130319,3.9677,3.9677,3.9677,3.9677,15,0
20130320,3.9677,3.9677,3.9677,3.9677,15,0
20130321,3.8709,3.9677,3.8613,3.9677,2899,0
20130322,3.8226,4.4031,3.7258,4.4031,23298,0
20130325,4.4031,4.8387,4.3936,4.7806,5375,0
20130326,4.7806,5.0515,4.7709,5.0515,17774,0
20130327,5.0805,5.2259,5.0805,5.0805,8521,0
20130328,5.0031,5.2742,5.0031,5.1387,646,0
20130402,4.8387,4.9452,4.829,4.8387,3299,0
20130403,4.9452,5.2742,4.8387,4.8387,1056,0
20130404,4.8387,5.2742,4.7419,4.8387,1467,0
20130405,4.8096,4.8676,4.8096,4.8676,241,0
20130409,5.2742,5.2742,4.8096,4.9354,1532,0
20130410,4.9354,4.9547,4.9354,4.9354,1322,0
20130411,4.8387,5.2259,4.8387,5.2259,98,0
20130412,4.8387,5.3129,4.7709,4.8387,16178,0
20130415,4.8387,4.8387,4.8387,4.8387,51,0
20130417,4.8387,5.0612,4.8387,5.0612,320,0
20130418,5.0612,5.0612,4.8871,4.8871,1322,0
20130419,4.8871,4.8871,4.7225,4.7903,152,0
20130422,4.8387,4.8387,4.6451,4.8387,243,0
20130423,4.8387,4.8387,4.8387,4.8387,26,0
20130424,4.7903,4.7903,4.7225,4.7225,222,0
20130425,4.7225,4.7225,4.7128,4.7225,41,0
20130426,4.7128,4.8387,4.7128,4.8387,103,0
20130429,4.8387,4.8387,4.8387,4.8387,31,0
20130430,4.8383,4.8383,4.8383,4.8383,15,0
20130502,4.8387,4.8387,4.7999,4.7999,31,0
20130506,4.8193,4.8676,4.8193,4.8676,144,0
20130507,4.8676,4.8676,4.8676,4.8676,15,0
20130508,4.858,4.858,4.858,4.858,10,0
20130509,4.858,4.858,4.8484,4.858,93,0
20130510,4.8387,4.8387,4.6451,4.8387,238,0
20130513,4.8387,4.8387,4.8387,4.8387,10,0
20130514,4.8387,4.8387,4.8387,4.8387,10,0
20130515,4.7419,4.7419,4.7323,4.7323,231,0
20130516,4.6451,4.7323,4.6451,4.6451,1458,0
20130517,4.7323,4.7323,4.5483,4.6838,4373,0
20130520,4.6936,4.6936,4.5387,4.6742,582,0
20130521,4.6936,4.6936,4.6936,4.6936,66,0
20130522,4.7323,4.7903,4.7323,4.7903,101,0
20130523,4.8193,4.8387,4.8193,4.8387,379,0
20130527,4.829,4.8774,4.829,4.8774,41,0
20130528,4.7903,5.0322,4.6451,4.9839,2605,0
20130529,4.9838,4.9838,4.9352,4.9352,84,0
20130531,4.945,4.974,4.6929,4.9255,606021,0
20130603,4.9354,4.9452,4.9257,4.9452,679,0
20130604,4.9838,4.9838,4.9838,4.9838,10,0
20130605,4.9838,4.9838,4.974,4.9838,533,0
20130606,4.9838,4.9838,4.7026,4.7219,552,0
20130607,4.6936,5.158,4.6936,4.9839,416,0
20130610,4.9644,4.9644,4.9257,4.9547,186,0
20130611,4.9643,5.0806,4.9159,5.0806,2491,0
20130612,5.0805,5.0805,4.8871,5.0805,1220,0
20130613,4.9935,4.9935,4.7419,4.9161,2278,0
20130614,4.8964,4.9062,4.8383,4.8383,233,0
20130617,4.8387,4.8387,4.7999,4.8387,769,0
20130618,4.8383,4.8383,4.8286,4.8286,393,0
20130619,4.8383,4.8383,4.8383,4.8383,15,0
20130620,4.8383,4.8383,4.8286,4.8286,41,0
20130621,4.8383,5.0322,4.6831,5.0322,9482,0
20130624,5.0322,5.0322,4.945,4.945,191,0
20130625,4.9838,5.0322,4.9838,5.0322,258,0
20130626,5.0322,5.0322,4.9838,4.9838,181,0
20130627,4.9838,5.0322,4.9838,5.0322,88,0
20130628,5.0322,5.0322,4.9839,5.0225,111,0
20130701,4.9934,5.0516,4.9934,5.0516,129,0
20130702,5.0419,5.0516,5.0419,5.0516,640,0
20130703,5.0516,5.0516,5.0516,5.0516,103,0
20130704,5.0225,5.0516,4.9934,5.0516,314,0
20130705,5.0516,5.0516,5.0516,5.0516,17,0
20130708,5.0516,5.0516,5.0516,5.0516,15,0
20130709,5.0806,5.1485,5.071,5.1485,1372,0
20130710,5.1389,5.42,5.1389,5.42,1849,0
20130711,5.42,5.4976,5.294,5.4976,1166,0
20130712,5.4297,5.4297,5.1776,5.3618,7874,0
20130715,5.4297,5.4297,5.3716,5.3716,597,0
20130716,5.4297,5.4297,5.4297,5.4297,22,0
20130717,5.4297,5.4297,5.42,5.42,213,0
20130718,5.4297,5.4297,5.2843,5.4104,95483,0
20130719,5.4297,5.4297,5.294,5.3134,1780,0
20130722,5.2843,5.5073,5.2843,5.5073,154,0
20130723,5.5267,5.5267,5.42,5.4297,132,0
20130724,5.4783,5.5267,5.4783,5.5267,103,0
20130725,5.5267,5.6237,5.517,5.6237,248,0
20130726,5.6237,5.6237,5.3813,5.5558,629,0
20130729,5.5558,5.5558,5.4976,5.5558,192,0
20130730,5.5558,5.5558,5.546,5.5558,78,0
20130731,5.5558,5.5558,5.546,5.5558,36,0
20130801,5.5558,5.5558,5.546,5.5558,78,0
20130802,5.5558,5.6237,5.546,5.6237,309,0
20130805,5.6237,5.7304,5.6139,5.6721,123,0
20130806,5.7497,5.8079,5.7497,5.8079,78,0
20130807,5.8176,5.8176,5.8079,5.8079,41,0
20130808,5.8176,5.8176,5.8079,5.8176,501,0
20130809,5.9146,5.9146,5.6916,5.7594,55675,0
20130812,5.7788,5.7788,5.7788,5.7788,605,0
20130813,5.7788,5.7788,5.7788,5.7788,26,0
20130814,5.7109,5.7109,5.6625,5.6625,774,0
20130816,5.6818,5.6818,5.6721,5.6818,31,0
20130819,5.6818,5.6818,5.4783,5.6527,686,0
20130820,5.6625,5.6625,5.6237,5.6237,93290,0
20130821,5.6043,5.6043,5.5267,5.5267,76,0
20130822,5.5267,5.5267,5.4976,5.4976,31,0
20130823,5.4783,5.4783,5.3813,5.3813,253,0
20130826,5.3716,5.5267,5.3231,5.5267,3032,0
20130827,5.4395,5.4395,5.3037,5.3037,522,0
20130828,5.2455,5.2455,5.2455,5.2455,51,0
20130829,5.2262,5.2262,4.7122,5.1776,7679,0
20130830,5.1583,5.42,4.9934,5.42,257,0
20130902,5.4006,5.4006,5.4006,5.4006,15,0
20130903,5.3813,5.3813,5.1583,5.3618,556,0
20130904,5.2262,5.2262,4.7122,5.1389,5237,0
20130905,5.3813,5.3813,5.0904,5.0904,1650,0
20130906,5.0904,5.0904,4.848,5.0904,454,0
20130909,5.0419,5.1001,5.0419,5.1001,15,0
20130910,5.0806,5.1001,4.945,5.1001,404,0
20130911,5.1001,5.1001,5.0904,5.1001,588,0
20130912,5.0806,5.0806,5.0806,5.0806,41,0
20130913,5.0806,5.0806,5.0806,5.0806,794,0
20130916,5.0806,5.0806,5.0806,5.0806,15,0
20130917,5.0806,5.0806,5.0516,5.0516,175,0
20130918,5.0806,5.0806,4.974,4.974,26,0
20130919,4.974,5.0806,4.974,5.0806,72,0
20130920,5.0129,5.0806,5.0129,5.0806,411,0
20130923,5.071,5.071,5.071,5.071,20,0
20130924,5.0516,5.0516,5.0419,5.0516,46,0
20130925,5.0516,5.0516,5.0516,5.0516,15,0
20130926,5.0516,5.0516,5.0516,5.0516,5,0
20130927,5.0516,5.0516,5.0516,5.0516,10,0
20130930,5.0516,5.0516,5.0516,5.0516,10,0
20131001,5.0516,5.0516,5.0516,5.0516,10,0
20131002,5.0516,5.0516,5.0516,5.0516,5,0
20131003,5.0419,5.0419,5.0419,5.0419,26,0
20131004,5.0516,5.4297,4.751,5.4297,2784,0
20131007,5.4297,5.4297,5.4297,5.4297,7,0
20131009,5.3328,5.3522,5.3328,5.3522,31,0
20131010,5.3522,5.3618,5.3522,5.3618,144,0
20131011,5.3522,5.3522,5.3522,5.3522,26,0
20131014,5.4297,5.4297,5.42,5.42,20,0
20131015,5.42,5.4588,5.42,5.4588,118,0
20131016,5.0419,5.4104,5.0322,5.3909,2709,0
20131017,5.4006,5.4006,5.4006,5.4006,15,0
20131018,5.4297,5.4297,5.1097,5.1971,1853,0
20131021,5.2164,5.2164,5.2067,5.2067,23,0
20131022,5.2067,5.2164,4.9838,4.9838,142,0
20131023,4.9838,5.1389,4.9838,5.1389,598,0
20131024,5.0904,5.0904,5.0806,5.0806,31,0
20131025,5.071,5.1873,5.071,5.1873,756,0
20131028,5.1485,5.1971,5.1485,5.1971,72,0
20131029,5.2262,5.3618,5.2262,5.3618,51,0
20131030,5.3231,5.3231,5.3231,5.3231,15,0
20131031,5.2843,5.2843,5.2746,5.2746,31,0
20131104,5.3037,5.3328,5.3037,5.3328,31,0
20131105,5.3522,5.3522,5.3522,5.3522,10,0
20131106,5.3522,5.3522,5.3522,5.3522,5,0
20131107,5.3134,5.3425,5.3134,5.3425,78,0
20131108,5.3522,5.3522,5.3425,5.3425,31,0
20131112,5.294,5.3425,5.294,5.3425,46,0
20131113,5.3425,5.3716,5.3328,5.3328,593,0
20131114,5.3328,5.3328,5.3231,5.3231,26,0
20131115,5.3328,5.3328,5.2843,5.2843,154,0
20131118,5.3328,5.3328,5.1389,5.1485,1598,0
20131119,5.168,5.168,5.0904,5.0904,66,0
20131120,5.0806,5.1389,4.848,5.0129,839,0
20131121,5.0129,5.0904,5.0129,5.0129,279,0
20131122,5.0419,5.1485,5.0419,5.1485,51,0
20131125,5.1292,5.1485,5.1292,5.1485,279,0
20131126,4.9255,5.0322,4.8286,4.8286,2460,0
20131127,4.8286,4.8286,4.751,4.7995,284,0
20131128,4.7995,4.8964,4.7995,4.8964,51,0
20131129,4.8964,4.9159,4.8964,4.9159,31,0
20131202,4.848,4.848,4.8383,4.848,206,0
20131203,4.848,4.848,4.848,4.848,36,0
20131204,4.848,4.848,4.848,4.848,14,0
20131205,4.848,4.848,4.848,4.848,15,0
20131206,4.848,4.848,4.848,4.848,15,0
20131209,4.7995,4.9159,4.7995,4.848,118,0
20131210,4.848,4.848,4.848,4.848,15,0
20131211,4.848,4.848,4.848,4.848,20,0
20131212,4.848,4.848,4.8383,4.8383,31,0
20131213,4.848,4.848,4.7026,4.7607,186,0
20131216,4.7317,4.7801,4.625,4.7801,387,0
20131217,4.751,4.751,4.751,4.751,5,0
20131218,4.7413,4.8092,4.7413,4.8092,170,0
20131219,4.848,4.848,4.848,4.848,10,0
20131220,4.8286,4.8286,4.8286,4.8286,20,0
20131223,4.848,4.848,4.848,4.848,10,0
20131227,4.8286,4.8286,4.7995,4.7995,28,0
20131230,4.8383,4.8383,4.8383,4.8383,113,0
20140102,4.8383,4.8383,4.8383,4.8383,26,0
20140107,4.8383,4.8383,4.7026,4.7026,1051,0
20140108,4.7026,4.7317,4.7026,4.7219,537,0
20140109,4.7607,4.7607,4.7607,4.7607,5,0
20140110,4.7607,4.7607,4.7607,4.7607,5,0
20140113,4.751,4.8286,4.751,4.8286,15,0
20140114,4.8383,4.8383,4.8383,4.8383,417,0
20140115,4.8383,4.8383,4.7898,4.8383,134,0
20140116,4.8383,4.8383,4.6831,4.6831,1630,0
20140117,4.9062,4.9062,4.9062,4.9062,103,0
20140120,4.6056,4.7607,4.5959,4.7607,356,0
20140121,4.7607,4.7607,4.751,4.751,402,0
20140122,4.751,4.751,4.654,4.654,186,0
20140123,4.654,4.654,4.654,4.654,15,0
20140124,4.654,4.654,4.6443,4.6443,36,0
20140127,4.6929,4.7704,4.6929,4.7704,51,0
20140128,4.7995,4.7995,4.7995,4.7995,10,0
20140129,4.7704,4.7898,4.7704,4.7898,26,0
20140130,4.751,4.7801,4.751,4.7801,118,0
20140131,4.7607,4.7607,4.654,4.654,2289,0
20140203,4.7317,4.7317,4.5086,4.5086,735,0
20140204,4.6831,4.6831,4.4892,4.5086,1836,0
20140205,4.5086,4.5571,4.5086,4.528,103,0
20140206,4.5571,4.5571,4.528,4.528,103,0
20140207,4.5668,4.5959,4.431,4.5668,1468,0
20140210,4.5571,4.5571,4.528,4.528,154,0
20140211,4.5086,4.6056,4.5086,4.6056,72,0
20140212,4.6056,4.6056,4.6056,4.6056,51,0
20140213,4.6152,4.6443,4.6152,4.6443,299,0
20140214,4.625,4.6443,4.625,4.6443,51,0
20140217,4.6347,4.6443,4.6347,4.6443,26,0
20140218,4.6347,4.7704,4.5959,4.7026,4136,0
20140219,4.7413,4.7607,4.7413,4.7607,51,0
20140220,4.7607,4.7607,4.7607,4.7607,20,0
20140221,4.7607,4.7898,4.751,4.7898,61,0
20140224,4.7704,4.7898,4.751,4.751,51,0
20140225,4.7704,4.7898,4.7704,4.7704,191,0
20140226,4.7898,4.7995,4.7898,4.7995,26,0
20140227,4.7898,4.7995,4.7898,4.7995,26,0
20140228,4.7898,4.7995,4.7898,4.7995,26,0
20140303,4.7995,4.7995,4.0238,4.1498,3690,0
20140304,4.4117,4.4117,4.3632,4.4117,1160,0
20140305,4.4117,4.4117,4.4117,4.4117,5,0
20140306,4.4117,4.4117,4.305,4.4117,253,0
20140307,4.4117,4.4117,4.4019,4.4019,26,0
20140310,4.4019,4.4117,4.4019,4.4117,542,0
20140311,4.4117,4.4117,4.1402,4.3438,3110,0
20140312,4.4117,4.4117,4.4117,4.4117,361,0
20140313,4.0335,4.1693,3.8784,3.8784,772,0
20140314,3.8686,3.8784,3.8686,3.8784,552,0
20140317,3.8686,4.2275,3.8686,4.1693,448,0
20140319,4.1693,4.2177,4.1693,4.2177,20,0
20140320,4.2177,4.2177,4.2177,4.2177,5,0
20140321,4.4117,4.4117,4.1208,4.1208,3277,0
20140324,4.1596,4.1596,4.1596,4.1596,5,0
20140326,4.1596,4.1596,3.9656,3.9656,1954,0
20140327,4.0142,4.0142,3.8784,3.8784,51,0
20140328,3.859,3.9269,3.8299,3.9269,2451,0
20140331,3.8299,4.0142,3.8299,4.0142,340,0
20140401,4.0142,4.0142,4.0142,4.0142,10,0
20140402,4.0142,4.0142,4.0142,4.0142,10,0
20140403,4.0044,4.0044,3.9753,3.9753,181,0
20140404,4.0044,4.0044,4.0044,4.0044,31,0
20140407,4.0044,4.0044,3.9269,4.0044,61,0
20140408,4.0044,4.0044,3.8784,3.956,802,0
20140409,4.0044,4.0044,3.9947,3.9947,31,0
20140410,3.956,4.0044,3.956,4.0044,159,0
20140411,4.0044,4.0044,4.0044,4.0044,20,0
20140414,3.9947,4.0044,3.956,3.956,88,0
20140415,3.9463,3.956,3.9463,3.956,26,0
20140416,3.956,3.956,3.956,3.956,31,0
20140417,4.0044,4.0044,4.0044,4.0044,20,0
20140422,4.0044,4.0044,3.9947,3.9947,63861,0
20140423,4.0044,4.0044,3.9851,3.9947,56,0
20140424,4.0044,4.0044,3.9753,3.9753,1243,0
20140425,4.0044,4.0044,4.0044,4.0044,26,0
20140428,3.9851,4.0044,3.9851,4.0044,118,0
20140429,4.0044,4.0044,4.0044,4.0044,20,0
20140430,3.9851,3.9947,3.956,3.9947,264,0
20140502,4.0044,4.0044,4.0044,4.0044,26,0
20140505,3.9947,3.9947,3.7814,3.9365,2284,0
20140506,3.7814,3.7814,3.7814,3.7814,516,0
20140507,3.8784,3.8784,3.6069,3.6069,78,0
20140508,3.6069,3.6069,3.5972,3.5972,36,0
20140509,3.5972,3.5972,3.5972,3.5972,10,0
20140512,3.6069,3.6166,3.6069,3.6069,805,0
20140513,3.5875,3.5972,3.5875,3.5875,26,0
20140514,3.5875,3.5875,3.3936,3.3936,115,0
20140515,3.3936,3.4906,3.3548,3.4906,201,0
20140516,3.4906,3.8396,3.4906,3.8396,144,0
20140519,3.4711,3.8105,3.4711,3.7814,919,0
20140520,3.7718,3.7718,3.7718,3.7718,36,0
20140521,3.7718,3.7718,3.7718,3.7718,15,0
20140522,3.7718,3.7718,3.762,3.762,46,0
20140523,3.7718,3.7718,3.7718,3.7718,20,0
20140526,3.7718,3.7718,3.7718,3.7718,15,0
20140527,3.7911,3.7911,3.7911,3.7911,10,0
20140528,3.8105,3.8978,3.8105,3.8978,51,0
20140529,3.8784,3.8881,3.8784,3.8881,26,0
20140530,3.8784,3.8881,3.8784,3.8881,41,0
20140602,3.8784,3.8881,3.8784,3.8881,26,0
20140603,3.8784,3.8881,3.8784,3.8881,26,0
20140604,3.8784,3.8784,3.8686,3.8784,46,0
20140605,3.8784,3.8784,3.8784,3.8784,15,0
20140606,3.8784,3.8784,3.8686,3.8784,123,0
20140609,3.8784,3.8784,3.8299,3.8784,93,0
20140610,3.8686,3.8784,3.8686,3.8784,253,0
20140611,3.8784,3.8784,3.8784,3.8784,3100,0
20140612,3.8784,4.1111,3.7232,3.8105,4561,0
20140613,3.8105,3.8978,3.8009,3.8978,113473,0
20140616,3.7427,3.8978,3.6263,3.7911,4021,0
20140617,3.7814,3.7911,3.7814,3.7911,405,0
20140618,3.7911,3.7911,3.7911,3.7911,41,0
20140620,3.7911,3.7911,3.7911,3.7911,10,0
20140623,3.7911,4.5862,3.7911,4.4408,7756,0
20140624,4.5571,4.5571,4.1014,4.3632,258,0
20140625,4.2663,4.4601,3.8784,3.9947,5930,0
20140626,3.9947,3.9947,3.9947,3.9947,26,0
20140627,3.9947,3.9947,3.9947,3.9947,26,0
20140630,3.9947,3.9947,3.9851,3.9851,36,0
20140701,3.9947,4.0044,3.9851,3.9947,618860,0
20140702,4.0533,4.4539,4.0533,4.1022,104595,0
20140703,4.0924,4.0924,4.0827,4.0827,31,0
20140704,4.0924,4.0924,4.0827,4.0924,122,0
20140707,4.0924,4.1022,4.0827,4.1022,163845,0
20140708,4.1022,4.1022,4.1022,4.1022,20,0
20140709,4.1022,4.1022,4.1022,4.1022,20,0
20140710,4.1022,4.1022,4.1022,4.1022,10,0
20140711,4.1022,4.1022,4.1022,4.1022,15,0
20140714,4.1022,4.1022,4.1022,4.1022,5,0
20140715,4.1022,4.1022,4.1022,4.1022,20,0
20140716,4.1022,4.1022,4.1022,4.1022,8,0
20140717,4.1022,4.1022,4.1022,4.1022,31,0
20140718,4.1022,4.1022,4.1022,4.1022,5,0
20140721,4.1022,4.1022,4.1022,4.1022,15,0
20140722,4.1022,4.1022,4.1022,4.1022,15,0
20140723,4.0924,4.0924,3.9947,3.9947,26,0
20140725,3.9947,4.1022,3.9947,4.1022,361,0
20140728,4.1022,4.1022,4.1022,4.1022,11,0
20140729,4.1022,4.1022,4.1022,4.1022,10,0
20140730,4.1022,4.1022,4.1022,4.1022,10,0
20140731,4.0924,4.0924,4.0924,4.0924,65,0
20140801,4.0924,4.1315,4.0924,4.1022,61,0
20140804,4.1022,4.1022,4.1022,4.1022,36,0
20140805,4.1217,4.1315,4.1217,4.1315,26,0
20140806,4.1901,4.1901,4.1901,4.1901,10,0
20140807,4.1901,4.1901,4.0924,4.151,82,0
20140808,4.151,4.151,4.151,4.151,5,0
20140811,4.1413,4.1706,4.1413,4.1706,26,0
20140812,4.1706,4.1706,4.1706,4.1706,20,0
20140813,4.1706,4.1706,4.1706,4.1706,12,0
20140814,4.1706,4.1706,3.8092,3.8092,5626,0
20140818,3.8092,3.8092,3.6627,3.6627,394,0
20140819,3.6627,3.7116,3.6627,3.7116,61,0
20140820,3.7702,3.7702,3.5943,3.692,92,0
20140821,3.7116,3.7116,3.7116,3.7116,5,0
20140822,3.7116,3.7116,3.4869,3.5455,2208,0
20140825,3.4869,3.5748,3.4869,3.5748,246,0
20140829,3.5748,3.5748,3.5748,3.5748,10,0
20140901,3.565,3.6041,3.565,3.6041,107,0
20140902,3.5846,3.6334,3.5846,3.6041,203,0
20140903,3.5943,3.6041,3.5748,3.5748,51,0
20140904,3.5748,3.6236,3.5748,3.6236,26,0
20140905,3.6041,3.6041,3.5162,3.5748,46,0
20140908,3.5553,3.5553,3.5553,3.5553,10,0
20140909,3.5162,3.5162,3.3208,3.399,292,0
20140910,3.4673,3.4673,3.4673,3.4673,10,0
20140911,3.4869,3.5846,3.4869,3.5846,26,0
20140912,3.5846,3.5846,3.5846,3.5846,15,0
20140915,3.5162,3.5162,3.5162,3.5162,56,0
20140916,3.6041,3.6041,3.6041,3.6041,15,0
20140917,3.6041,3.6041,3.6041,3.6041,61,0
20140918,3.6041,3.6041,3.6041,3.6041,38,0
20140919,3.6334,3.6334,3.6334,3.6334,36,0
20140922,3.6334,3.6334,3.6334,3.6334,31,0
20140923,3.6334,3.6334,3.6334,3.6334,17,0
20140924,3.6334,3.6334,3.4771,3.4771,48,0
20140926,3.5162,3.5162,3.4087,3.4087,2251,0
20140929,3.3697,3.3697,3.3697,3.3697,102400,0
20141002,3.4185,3.4283,3.3599,3.3599,17,0
20141006,3.399,3.4283,3.399,3.4283,5,0
20141007,3.438,3.438,3.438,3.438,5,0
20141010,3.438,3.4478,3.438,3.4478,10,0
20141014,3.4478,3.4478,3.4478,3.4478,20,0
20141016,3.438,3.438,3.438,3.438,31,0
20141017,3.438,3.438,3.438,3.438,307,0
20141020,3.4283,3.4283,3.3501,3.3599,2275,0
20141023,3.3599,3.3599,3.3599,3.3599,15,0
20141024,3.3599,3.3599,3.3599,3.3599,14,0
20141027,3.3501,3.3501,3.3501,3.3501,31,0
20141028,3.3501,3.3501,3.2231,3.3403,145,0
20141029,3.3501,3.3501,3.3501,3.3501,15,0
20141030,3.3501,3.3501,3.3501,3.3501,15,0
20141031,3.3501,3.3501,3.3501,3.3501,15,0
20141104,3.3501,3.3501,3.3403,3.3403,71,0
20141105,3.2231,3.3208,3.2231,3.3208,172,0
20141106,3.311,3.311,3.311,3.311,7535,0
20141107,3.3208,3.3208,3.3208,3.3208,42,0
20141110,3.3208,3.3208,3.3208,3.3208,4,0
20141112,3.3208,3.3208,3.3208,3.3208,5,0
20141113,3.3208,3.3208,3.3208,3.3208,1285,0
20141114,3.3306,3.3501,3.2134,3.3208,153,0
20141117,3.2134,3.3501,3.2134,3.3501,100,0
20141118,3.3501,3.3501,3.3501,3.3501,10,0
20141119,3.3501,3.3501,3.3501,3.3501,17,0
20141120,3.3501,3.3501,3.3403,3.3403,56,0
20141121,3.3501,3.3501,3.3501,3.3501,15,0
20141124,3.3501,3.3501,3.3501,3.3501,3,0
20141125,3.3501,3.3501,3.3501,3.3501,3,0
20141126,3.311,3.3403,3.2134,3.2524,2008,0
20141127,3.2524,3.2524,3.2524,3.2524,15,0
20141201,3.2524,3.2524,3.2524,3.2524,18,0
20141202,3.2329,3.2329,3.2329,3.2329,35262,0
20141203,3.2427,3.2622,3.2427,3.2622,20,0
20141208,3.2231,3.2622,3.2231,3.2622,20,0
20141210,3.184,3.184,3.184,3.184,29968,0
20141211,3.1255,3.1743,3.1255,3.1743,72447,0
20141212,3.1255,3.1451,3.1158,3.1451,2454,0
20141215,3.1353,3.1353,3.0962,3.0962,35,0
20141216,3.0767,3.0767,3.0767,3.0767,51,0
20141217,3.0767,3.0767,3.0572,3.0572,48,0
20141218,3.0767,3.1255,3.0767,3.1255,562,0
20141222,3.1255,3.1255,3.1255,3.1255,205,0
20141223,3.1255,3.1255,3.1255,3.1255,820,0
20150102,3.1255,3.1255,3.1255,3.1255,33,0
20150105,3.0962,3.0962,3.0962,3.0962,51,0
20150107,3.0865,3.0865,3.0279,3.0279,1007,0
20150109,3.0474,3.0474,3.0474,3.0474,10,0
20150112,3.0865,3.1158,3.0865,3.1158,36,0
20150113,3.0865,3.1451,3.0865,3.1451,82,0
20150114,3.1548,3.1548,3.1548,3.1548,10,0
20150115,3.1646,3.1646,3.1646,3.1646,10,0
20150116,3.1743,3.1743,3.1743,3.1743,26,0
20150119,3.184,3.184,3.184,3.184,15,0
20150121,3.1548,3.1548,3.1548,3.1548,10,0
20150122,3.2329,3.2329,3.2329,3.2329,41,0
20150126,3.2427,3.2427,3.2427,3.2427,15,0
20150127,3.2329,3.2524,3.2329,3.2524,77,0
20150128,3.2817,3.2817,3.2817,3.2817,15,0
20150129,3.2817,3.2915,3.2427,3.2817,71,0
20150130,3.2817,3.2915,3.2427,3.2915,108,0
20150202,3.2427,3.272,3.2427,3.272,15,0
20150203,3.2817,3.2915,3.2427,3.2915,30,0
20150204,3.2329,3.272,3.2329,3.2622,26,0
20150205,3.2622,3.2622,3.2622,3.2622,762,0
20150206,3.1743,3.2622,3.1743,3.2134,31,0
20150209,3.2524,3.2524,3.2134,3.2427,31,0
20150210,3.3013,3.3013,3.2036,3.3013,20,0
20150211,3.3013,3.3013,3.2231,3.2915,87,0
20150212,3.3013,3.3013,3.2524,3.3013,46,0
20150213,3.3013,3.3208,3.2524,3.311,41,0
20150216,3.2524,3.3208,3.2329,3.2915,4221,0
20150217,3.2915,3.3208,3.2915,3.3208,20,0
20150218,3.3208,3.3208,3.2036,3.311,77,0
20150219,3.2622,3.311,3.2622,3.3013,49,0
20150220,3.311,3.3208,3.311,3.3208,139,0
20150223,3.272,3.3208,3.272,3.3208,526,0
20150224,3.3013,3.311,3.2622,3.3013,51,0
20150225,3.311,3.311,3.311,3.311,15,0
20150226,3.311,3.3208,3.311,3.3208,36,0
20150227,3.2817,3.3208,3.2817,3.3208,26,0
20150303,3.272,3.311,3.272,3.3013,36,0
20150304,3.311,3.3208,3.3013,3.3013,41,0
20150305,3.311,3.311,3.311,3.311,5,0
20150306,3.3208,3.3208,3.3013,3.311,31,0
20150309,3.311,3.3208,3.311,3.311,41,0
20150310,3.3208,3.3208,3.3013,3.311,219,0
20150311,3.3013,3.311,3.3013,3.311,96,0
20150312,3.3208,3.3208,3.3013,3.311,290,0
20150313,3.3013,3.3208,3.3013,3.3208,96,0
20150316,3.3208,3.3208,3.311,3.311,53,0
20150317,3.272,3.272,3.272,3.272,31,0
20150318,3.2524,3.2524,3.2524,3.2524,20,0
20150319,3.2524,3.2524,3.2524,3.2524,20,0
20150320,3.2524,3.2524,3.2524,3.2524,6,0
20150323,3.2427,3.2427,3.1743,3.1743,716,0
20150324,3.2817,3.2817,3.2817,3.2817,20,0
20150325,3.3013,3.3013,3.2915,3.2915,46,0
20150326,3.2915,3.2915,3.2915,3.2915,31,0
20150327,3.272,3.2817,3.272,3.2817,55,0
20150330,3.2817,3.311,3.2817,3.311,87,0
20150331,3.272,3.272,3.272,3.272,51,0
20150402,3.2817,3.3013,3.2817,3.3013,69,0
20150407,3.2915,3.2915,3.2915,3.2915,31,0
20150408,3.2817,3.2817,3.2817,3.2817,31,0
20150409,3.3013,3.3013,3.3013,3.3013,82,0
20150410,3.2915,3.3013,3.2915,3.3013,128,0
20150413,3.3208,3.3208,3.311,3.3208,394,0
20150414,3.3599,3.3599,3.3599,3.3599,15,0
20150415,3.3208,3.3208,3.3208,3.3208,46,0
20150420,3.3013,3.3013,3.3013,3.3013,61,0
20150421,3.3013,3.3013,3.3013,3.3013,51,0
20150422,3.3013,3.3013,3.3013,3.3013,31,0
20150423,3.3013,3.3013,3.3013,3.3013,34,0
20150424,3.3013,3.3013,3.3013,3.3013,31,0
20150427,3.3013,3.3013,3.3013,3.3013,31,0
20150428,3.2915,3.2915,3.2915,3.2915,10,0
20150429,3.2915,3.2915,3.1451,3.1451,2724,0
20150430,3.1451,3.1451,3.106,3.106,93,0
20150504,3.1548,3.2231,3.0572,3.0572,56,0
20150505,3.1158,3.1158,3.0279,3.0279,219,0
20150506,3.0962,3.0962,3.0962,3.0962,31,0
20150507,3.1158,3.1158,3.1158,3.1158,10,0
20150508,3.0865,3.1158,3.0865,3.1158,53,0
20150513,3.1158,3.1158,3.1158,3.1158,3,0
20150514,3.1158,3.1158,3.1158,3.1158,5,0
20150515,3.106,3.106,3.106,3.106,10,0
20150518,3.106,3.106,3.106,3.106,56,0
20150519,3.0962,3.0962,3.0962,3.0962,51,0
20150520,3.1158,3.1353,3.106,3.106,1344,0
20150521,3.0962,3.0962,3.0962,3.0962,18,0
20150522,3.0865,3.0865,3.0865,3.0865,21,0
20150525,3.0865,3.0865,3.0865,3.0865,9,0
20150526,3.0865,3.0865,3.0279,3.0767,70,0
20150527,3.0279,3.0767,3.0279,3.0767,10,0
20150528,3.0865,3.0865,3.0865,3.0865,20,0
20150529,3.0865,3.0865,3.0767,3.0767,77,0
20150601,3.0279,3.0767,3.0279,3.0767,57,0
20150602,3.0865,3.0865,3.0865,3.0865,47,0
20150603,3.0669,3.0865,3.0669,3.0865,44,0
20150605,3.0767,3.0767,3.0767,3.0767,574,0
20150608,3.0865,3.0865,3.0767,3.0767,359,0
20150609,3.0767,3.0767,3.0767,3.0767,15,0
20150610,3.0767,3.0767,3.0767,3.0767,51,0
20150611,3.0767,3.106,3.0767,3.106,302,0
20150615,3.106,3.1256,3.106,3.1256,225,0
20150616,3.1354,3.1354,3.1354,3.1354,43,0
20150617,3.1354,3.1452,3.1256,3.1452,298,0
20150618,3.1549,3.1647,3.1549,3.1647,51,0
20150622,3.1549,3.1549,3.1549,3.1549,184,0
20150623,3.1549,3.1549,3.1354,3.1354,90,0
20150624,3.1549,3.1549,3.1549,3.1549,36,0
20150625,3.1549,3.1549,3.1549,3.1549,56,0
20150626,3.1549,3.1549,3.1549,3.1549,31,0
20150629,3.1549,3.1549,3.1549,3.1549,27,0
20150630,3.106,3.106,3.0178,3.106,250,0
20150701,3.106,3.106,3.106,3.106,41,0
20150702,3.1549,3.1549,3.1549,3.1549,15,0
20150703,3.1549,3.1549,3.1549,3.1549,51,0
20150706,3.1452,3.1452,3.1452,3.1452,31,0
20150707,3.1549,3.1549,3.1549,3.1549,21,0
20150708,3.1549,3.1549,3.1549,3.1549,21,0
20150709,3.1549,3.1549,3.1549,3.1549,10,0
20150710,3.1354,3.1549,3.1256,3.1549,168,0
20150713,3.1549,3.1549,3.1549,3.1549,21,0
20150714,3.1354,3.1354,3.1256,3.1256,49,0
20150715,3.1354,3.1354,3.1256,3.1256,53,0
20150716,3.1354,3.1354,3.1256,3.1256,56,0
20150717,3.1354,3.1354,3.1256,3.1354,83,0
20150720,3.1354,3.1549,3.1256,3.1549,228,0
20150721,3.1549,3.1549,3.1256,3.1256,123,0
20150722,3.1549,3.1549,3.1256,3.1354,449,0
20150723,3.1354,3.1354,3.1256,3.1256,78,0
20150724,3.1256,3.1354,3.1256,3.1354,253,0
20150727,3.1354,3.1354,3.1256,3.1256,65,0
20150728,3.1256,3.1256,3.1256,3.1256,29,0
20150729,3.1256,3.1256,3.1158,3.1158,88,0
20150730,3.1256,3.1256,3.1256,3.1256,29,0
20150731,3.1256,3.1256,3.1256,3.1256,22,0
20150803,3.1256,3.1256,3.1256,3.1256,33,0
20150804,3.1256,3.1256,3.1158,3.1158,408,0
20150805,3.1256,3.1256,3.1256,3.1256,29,0
20150806,3.1256,3.1256,3.1256,3.1256,327,0
20150807,3.1256,3.1256,3.1256,3.1256,31,0
20150810,3.1256,3.1256,3.1158,3.1158,67,0
20150811,3.1158,3.1158,3.1158,3.1158,357,0
20150812,3.1256,3.1256,3.1158,3.1158,505,0
20150813,3.1256,3.1256,3.1158,3.1158,59,0
20150814,3.1256,3.1256,3.1256,3.1256,21,0
20150817,3.1256,3.1256,3.1256,3.1256,20,0
20150818,3.1256,3.1256,3.1256,3.1256,31,0
20150819,3.1256,3.1256,3.1256,3.1256,22,0
20150820,3.1256,3.1256,3.1256,3.1256,12,0
20150821,3.1256,3.1256,3.1158,3.1256,300,0
20150824,3.1256,3.1256,3.1158,3.1158,61,0
20150825,3.1256,3.1256,3.0962,3.1158,97,0
20150826,3.1256,3.1256,3.1256,3.1256,15,0
20150827,3.1256,3.1256,3.1256,3.1256,12,0
20150828,3.1256,3.1256,3.1256,3.1256,17,0
20150831,3.1256,3.1256,3.1158,3.1158,250,0
20150901,3.0864,3.1158,3.0766,3.1158,235,0
20150902,3.1256,3.1256,3.1158,3.1256,71,0
20150903,3.1158,3.1256,3.0178,3.1158,418,0
20150907,3.0668,3.0668,2.9786,2.9786,760,0
20150908,2.9492,2.9492,2.9394,2.9394,429,0
20150909,3.0276,3.0276,3.0276,3.0276,12,0
20150914,3.0374,3.0374,3.0374,3.0374,31,0
20150915,3.0276,3.0276,3.0276,3.0276,26,0
20150916,3.0276,3.0276,3.0276,3.0276,28,0
20150918,3.0276,3.0276,3.0276,3.0276,46,0
20150921,2.9884,2.9884,2.9884,2.9884,31,0
20150922,3.008,3.1354,3.008,3.1354,9387,0
20150923,3.1354,3.1354,3.1256,3.1256,41,0
20150924,3.106,3.106,3.106,3.106,199,0
20150925,3.1745,3.2039,3.1745,3.2039,536,0
20150928,3.1354,3.2039,3.1354,3.2039,429,0
20150929,3.1354,3.1354,3.0962,3.1256,357,0
20150930,3.1354,3.1745,3.057,3.1745,158,0
20151001,3.1354,3.1354,3.1256,3.1256,49,0
20151002,3.1354,3.1745,3.1256,3.1745,111,0
20151005,3.1256,3.1256,3.1158,3.1158,255,0
20151006,3.1354,3.1354,3.1256,3.1256,93,0
20151007,3.1354,3.1354,3.1256,3.1256,61,0
20151008,3.1354,3.1354,3.1256,3.1256,71,0
20151009,3.1354,3.1354,3.1354,3.1354,10,0
20151012,3.1256,3.1256,3.1256,3.1256,36,0
20151013,3.1256,3.1256,3.1256,3.1256,22,0
20151014,3.1256,3.1256,3.1158,3.1158,107,0
20151015,3.1158,3.1158,3.106,3.1158,82,0
20151016,3.1158,3.1158,3.0276,3.0276,316,0
20151019,3.057,3.0864,3.057,3.0864,41,0
20151020,3.057,3.057,3.057,3.057,36,0
20151021,3.057,3.106,3.057,3.106,46,0
20151023,3.106,3.106,3.106,3.106,5,0
20151026,3.106,3.106,2.9884,3.106,1175,0
20151027,3.0766,3.0766,3.0668,3.0766,71,0
20151028,3.0864,3.0864,3.0864,3.0864,15,0
20151029,3.0766,3.0766,3.0668,3.0766,51,0
20151030,3.0766,3.0864,3.0766,3.0864,51,0
20151102,3.0766,3.0766,3.0766,3.0766,15,0
20151103,3.0766,3.0766,3.0766,3.0766,10,0
20151104,3.0766,3.0766,3.0766,3.0766,10,0
20151106,3.106,3.106,3.106,3.106,31,0
20151109,3.106,3.106,3.106,3.106,15,0
20151110,3.106,3.106,3.106,3.106,31,0
20151112,3.1158,3.1256,3.1158,3.1256,31,0
20151113,3.0766,3.0766,3.0766,3.0766,20,0
20151116,3.0472,3.0472,3.0374,3.0472,102,0
20151118,3.1256,3.1256,3.1256,3.1256,5,0
20151119,3.1256,3.1256,3.1256,3.1256,15,0
20151120,3.0864,3.0864,3.0864,3.0864,15,0
20151123,3.0668,3.0766,3.0472,3.0766,265,0
20151124,3.0864,3.0864,3.0864,3.0864,20,0
20151125,3.0864,3.0864,3.0864,3.0864,15,0
20151126,3.0864,3.0864,3.0864,3.0864,15,0
20151127,3.0864,3.0864,2.9982,3.0766,56,0
20151130,3.0864,3.0864,3.0766,3.0766,20,0
20151201,3.0766,3.0766,3.0766,3.0766,10,0
20151202,3.0766,3.0766,3.008,3.0668,36,0
20151203,3.0668,3.0668,3.0178,3.0178,20,0
20151204,2.9982,3.0178,2.9982,2.9982,1914,0
20151207,3.057,3.057,3.057,3.057,2,0
20151208,3.0472,3.0472,2.9394,2.9394,5175,0
20151209,2.9394,2.9394,2.7434,2.7434,880,0
20151210,2.7532,2.7532,2.7434,2.7434,3715,0
20151211,2.7434,2.7434,2.7336,2.7336,20,0
20151214,2.7434,2.7434,2.6651,2.6651,42,0
20151215,2.6651,2.6651,2.4495,2.4495,5545,0
20151216,2.4495,2.4495,2.4495,2.4495,3062,0
20151217,2.4495,2.4495,2.4397,2.4495,211,0
20151218,2.4495,2.4495,2.4495,2.4495,41,0
20151221,2.4495,2.4495,2.4397,2.4495,206,0
20151222,2.4495,2.4495,2.4397,2.4495,325,0
20151223,2.4495,2.4495,2.4397,2.4397,36,0
20151228,2.4397,2.4397,2.4397,2.4397,2,0
20151229,2.4495,2.4495,2.3025,2.3025,5333,0
20151230,2.3025,2.3025,2.2829,2.2927,559,0
20160104,2.3025,2.3025,2.2437,2.2437,418,0
20160105,2.2437,2.2437,2.2437,2.2437,51,0
20160107,2.2045,2.2143,2.1752,2.2143,2088,0
20160108,2.2143,2.2143,2.1556,2.1556,880,0
20160111,2.1849,2.2143,2.1849,2.2143,1622,0
20160112,2.2143,2.2143,2.1556,2.1556,606,0
20160113,2.1849,2.1849,2.1849,2.1849,3460,0
20160114,2.1556,2.1556,2.1556,2.1556,1259,0
20160118,2.1458,2.1458,2.1066,2.136,2143,0
20160119,2.1066,2.136,2.1066,2.136,15,0
20160120,2.1066,2.136,2.1066,2.136,11,0
20160127,2.1066,2.1556,2.1066,2.1556,273,0
20160201,2.1164,2.1164,1.9988,2.0478,9976,0
20160202,1.8616,1.9694,1.8616,1.9694,112,0
20160203,1.9694,1.9694,1.9694,1.9694,10,0
20160204,1.9694,1.9694,1.9694,1.9694,51,0
20160205,1.9694,1.9694,1.9694,1.9694,10,0
20160208,1.9694,2.038,1.9694,2.038,133,0
20160210,2.0478,2.0478,2.0478,2.0478,5,0
20160211,2.0478,2.0674,2.0478,2.0674,26,0
20160212,2.0576,2.0576,2.0478,2.0478,29,0
20160218,2.0576,2.0576,2.0478,2.0576,604,0
20160219,2.0576,2.0576,2.0478,2.0478,31,0
20160222,2.0576,2.0576,2.0478,2.0576,17361,0
20160223,2.0576,2.0576,2.0478,2.0478,31,0
20160224,2.0576,2.0576,2.0478,2.0478,20,0
20160225,2.0576,2.0674,2.0576,2.0674,12,0
20160226,2.0576,2.0576,2.0478,2.0478,37,0
20160229,2.0576,2.0576,1.9694,2.0478,8574,0
20160308,2.0576,2.0772,2.0478,2.0772,73,0
20160309,2.0576,2.0576,1.9792,2.0478,3907,0
20160310,1.9988,1.9988,1.9596,1.9596,383,0
20160311,1.9596,2.038,1.9596,2.038,214,0
20160314,2.038,2.0772,2.038,2.0772,2531,0
20160315,2.0576,2.1066,2.0478,2.1066,135,0
20160316,2.1066,2.1066,2.0478,2.0478,227,0
20160317,2.0576,2.0968,2.0478,2.0968,163,0
20160318,2.0576,2.0576,2.0478,2.0478,2041,0
20160321,2.0478,2.0772,2.038,2.0576,703,0
20160322,2.0576,2.0576,2.0478,2.0478,174,0
20160323,2.0478,2.0478,2.0478,2.0478,20,0
20160324,2.0478,2.0478,2.0478,2.0478,21,0
20160329,2.0478,2.0478,2.0478,2.0478,26,0
20160330,2.0478,2.0478,2.0478,2.0478,138,0
20160331,2.0478,2.0576,2.0282,2.0576,13374,0
20160401,2.0576,2.0576,2.0478,2.0478,94,0
20160404,2.0478,2.0478,2.0478,2.0478,765,0
20160405,2.0478,2.0576,2.0478,2.0576,1128,0
20160406,2.038,2.0576,2.038,2.0576,8231,0
20160407,2.1066,2.1066,2.0478,2.0576,11650,0
20160408,2.0478,2.0478,2.038,2.0478,3878,0
20160411,2.0478,2.0478,2.038,2.038,760,0
20160412,2.0478,2.2045,2.0478,2.0968,119033,0
20160413,2.0968,2.0968,2.0478,2.087,14765,0
20160414,2.0772,2.0772,2.0086,2.0576,6203,0
20160415,2.0576,2.0772,2.0478,2.0772,171,0
20160418,2.0772,2.0772,1.9988,2.0576,1430,0
20160419,2.0576,2.0576,2.0478,2.0576,1685,0
20160420,2.0478,2.0478,1.9792,1.9792,15771,0
20160421,1.9792,2.0184,1.9792,2.0184,6766,0
20160422,2.0086,2.0086,1.9596,1.9988,4365,0
20160425,1.9792,1.9792,1.9694,1.9792,681,0
20160426,1.9792,1.9792,1.9694,1.9792,6481,0
20160427,1.9792,1.9792,1.9498,1.9596,17402,0
20160428,1.9596,1.9596,1.9106,1.9204,14139,0
20160429,1.9204,1.9204,1.9106,1.9106,6375,0
20160502,1.9106,1.9106,1.8812,1.9008,1353,0
20160504,1.891,1.9106,1.891,1.9106,364,0
20160505,1.9106,1.9106,1.9106,1.9106,163,0
20160506,1.9106,1.94,1.9106,1.94,613,0
20160509,1.9302,1.94,1.9302,1.94,281,0
20160510,1.94,1.94,1.9302,1.9302,10449,0
20160511,1.94,1.94,1.94,1.94,61,0
20160512,1.94,1.94,1.891,1.891,429,0
20160513,1.89101,1.94,1.89101,1.94,424,0
20160516,1.94,1.94,1.9302,1.94,153,0
20160517,1.94,1.94,1.94,1.94,1303,0
20160518,1.94,1.94,1.91061,1.94,868,0
20160519,1.94,1.94,1.94,1.94,55,0
20160520,1.96,2,1.96,2,205,0
20160523,2,2,2,2,2005,0
20160525,2,2,2,2,1,0
20160527,2,2,2,2,165,0
20160530,2,2,2,2,15,0
20160531,1.99,1.99,1.94,1.94,2327,0
20160601,1.95,1.95,1.94,1.95,1026,0
20160602,1.93,1.94,1.92,1.92,2980,0
20160603,1.92,1.92,1.92,1.92,45,0
20160606,1.95,1.95,1.93,1.93,520,0
20160607,1.93,1.93,1.93,1.93,45,0
20160608,1.95,1.95,1.94,1.95,4806,0
20160609,1.95,1.97,1.95,1.97,40,0
20160610,1.95,1.95,1.94,1.94,20,0
20160613,1.94,1.94,1.9,1.9,280,0
20160616,1.94,1.94,1.94,1.94,100,0
20160617,1.95,1.95,1.93,1.93,522,0
20160620,1.87,1.9,1.86,1.9,340,0
20160621,1.93,1.93,1.93,1.93,20,0
20160622,1.93,1.93,1.93,1.93,15,0
20160623,1.93,1.93,1.93,1.93,40,0
20160624,1.9,1.9,1.9,1.9,30,0
20160627,1.84,1.85,1.8,1.85,10589,0
20160628,1.76,1.76,1.76,1.76,100,0
20160629,1.83,1.83,1.77,1.79,185,0
20160630,1.77,1.8,1.77,1.8,250,0
20160701,1.78,1.8,1.78,1.8,35,0
20160704,1.83,1.83,1.83,1.83,5,0
20160705,1.81,1.81,1.81,1.81,20,0
20160706,1.8,1.8,1.79,1.79,30,0
20160707,1.78,1.78,1.78,1.78,50,0
20160708,1.78,1.78,1.78,1.78,50,0
20160711,1.78,1.79,1.77,1.79,683,0
20160712,1.79,1.8,1.77,1.77,4378,0
20160713,1.85,1.85,1.79,1.84,260,0
20160714,1.8,1.83,1.8,1.83,30,0
20160715,1.8,1.84,1.8,1.84,24,0
20160718,1.8,1.84,1.8,1.84,12,0
20160719,1.8,1.8,1.8,1.8,2910,0
20160720,1.8,1.8,1.8,1.8,4010,0
20160721,1.8,1.8,1.8,1.8,705,0
20160722,1.78,1.84,1.78,1.84,197,0
20160725,1.8,1.8,1.79,1.79,60,0
20160726,1.8,1.8,1.79,1.8,223,0
20160727,1.8,1.85,1.79,1.85,85,0
20160728,1.8,1.8,1.79,1.8,182,0
20160729,1.8,1.8,1.79,1.79,237,0
20160801,1.8,1.84,1.79,1.84,558,0
20160802,1.8,1.8,1.8,1.8,544,0
20160803,1.8,1.8,1.8,1.8,30,0
20160804,1.8,1.84,1.8,1.84,1025,0
20160805,1.84,1.85,1.84,1.85,1130,0
20160808,1.85,1.88,1.85,1.87,883,0
20160809,1.87,1.87,1.87,1.87,40,0
20160810,1.87,1.87,1.87,1.87,85,0
20160811,1.87,1.87,1.87,1.87,15,0
20160812,1.87,1.87,1.87,1.87,25,0
20160816,1.87,1.87,1.87,1.87,270,0
20160817,1.87,1.87,1.86,1.87,550,0
20160818,1.87,1.87,1.87,1.87,34,0
20160819,1.87,1.87,1.79,1.86,440,0
20160822,1.86,1.86,1.86,1.86,300,0
20160823,1.86,1.86,1.86,1.86,1800,0
20160824,1.87,1.91,1.87,1.87,6590,0
20160825,1.87,1.9,1.87,1.87,4595,0
20160826,1.86,1.87,1.83,1.85,11716,0
20160829,2,2.1,1.81,1.81,118666,0
20160830,1.85,1.88,1.81,1.81,42826,0
20160831,1.81,1.83,1.81,1.83,4597,0
20160901,1.83,1.83,1.79,1.8,30334,0
20160902,1.8,1.8,1.79,1.8,1045,0
20160905,1.8,1.8,1.75,1.75,18483,0
20160906,1.8,1.8,1.76,1.77,24481,0
20160907,1.77,1.8,1.75,1.78,189772,0
20160908,1.8,1.8,1.77,1.77,3213,0
20160909,1.77,1.77,1.75,1.75,25827,0
20160912,1.76,1.78,1.74,1.78,3020,0
20160913,1.78,1.78,1.78,1.78,90,0
20160914,1.76,1.8,1.76,1.79,2850,0
20160915,1.8,1.8,1.79,1.79,12560,0
20160916,1.8,1.8,1.8,1.8,724,0
20160919,1.8,1.8,1.8,1.8,11997,0
20160920,1.8,1.8,1.8,1.8,500,0
20160921,1.8,1.8,1.78,1.78,3438,0
20160922,1.8,1.8,1.8,1.8,34268,0
20160923,1.8,1.8,1.8,1.8,2400,0
20160926,1.8,1.8,1.78,1.8,2910,0
20160927,1.8,1.8,1.79,1.8,3450,0
20160928,1.8,1.8,1.76,1.76,26684,0
20160929,1.78,1.78,1.75,1.75,4929,0
20160930,1.76,1.77,1.76,1.76,7795,0
20161003,1.76,1.78,1.76,1.76,11993,0
20161004,1.78,1.78,1.7,1.74,41573,0
20161005,1.75,1.75,1.7,1.71,8171,0
20161006,1.7,1.76,1.7,1.71,4900,0
20161007,1.73,1.73,1.7,1.71,5297,0
20161010,1.7,1.74,1.7,1.74,615,0
20161011,1.75,1.75,1.7,1.7,2176,0
20161012,1.71,1.71,1.7,1.71,6574,0
20161013,1.72,1.72,1.7,1.71,16829,0
20161014,1.72,1.77,1.69,1.74,31368,0
20161017,1.71,1.74,1.65,1.74,16311,0
20161018,1.75,1.75,1.71,1.71,3972,0
20161019,1.71,1.71,1.7,1.7,2264,0
20161020,1.71,1.71,1.71,1.71,1232,0
20161021,1.73,1.73,1.63,1.67,37394,0
20161024,1.68,1.7,1.68,1.68,1641,0
20161025,1.7,1.7,1.7,1.7,50,0
20161026,1.72,1.75,1.72,1.75,4566,0
20161027,1.75,1.8,1.75,1.8,22397,0
20161028,1.8,1.8,1.79,1.8,3700,0
20161031,1.8,1.8,1.76,1.78,402,0
20161102,1.76,1.8,1.76,1.79,2869,0
20161103,1.79,1.79,1.78,1.78,60,0
20161104,1.79,1.79,1.79,1.79,35,0
20161107,1.78,1.79,1.78,1.79,71,0
