Date,Open,High,Low,Close,Volume,OpenInt
20130213,19.375,20.183,19.375,20.099,711960,0
20130214,20.099,20.431,19.988,20.397,308749,0
20130215,20.397,20.44,20.176,20.252,45464,0
20130218,20.183,20.183,18.311,19.928,66777,0
20130219,19.681,20.013,19.681,19.972,68930,0
20130220,19.928,20.056,19.886,20.022,69765,0
20130221,19.843,20.056,19.631,20.005,67859,0
20130222,19.979,20.134,19.979,20.099,17113,0
20130225,20.099,20.227,20.082,20.108,43768,0
20130226,20.074,20.269,20.056,20.183,26580,0
20130227,20.269,20.508,20.183,20.44,70997,0
20130228,20.44,20.686,20.44,20.609,24067,0
20130301,20.609,20.678,20.269,20.609,20870,0
20130304,20.609,20.609,20.278,20.286,6696,0
20130305,20.329,20.465,20.329,20.44,16170,0
20130306,20.44,20.568,20.397,20.448,15686,0
20130307,20.44,20.55,20.363,20.55,15758,0
20130308,20.44,20.576,20.397,20.559,15763,0
20130311,20.559,21.206,20.406,20.857,56204,0
20130312,20.865,21.121,20.865,21.121,14142,0
20130313,21.139,21.164,20.875,21.13,9450,0
20130314,21.139,21.785,21.139,21.632,56668,0
20130315,21.632,22.313,21.632,22.143,51348,0
20130318,21.742,22.032,20.465,21.965,24051,0
20130319,21.803,22.049,21.657,21.794,6818,0
20130320,21.717,22.561,21.428,22.313,56417,0
20130321,22.355,22.355,20.976,21.462,33875,0
20130322,21.308,21.632,20.993,21.376,64772,0
20130325,21.291,22.04,21.036,21.862,8835,0
20130326,21.717,21.972,21.632,21.896,69304,0
20130327,21.905,21.972,21.896,21.905,23252,0
20130328,21.717,22.143,21.512,21.905,146926,0
20130402,21.905,21.972,21.76,21.972,109844,0
20130403,21.931,22.135,21.931,22.058,89531,0
20130404,21.887,21.972,21.76,21.879,34138,0
20130405,21.887,21.972,21.769,21.81,29613,0
20130408,21.803,22.228,21.803,22.049,19224,0
20130409,22.049,22.049,21.828,21.887,13312,0
20130410,22.058,22.143,21.965,22.135,29060,0
20130411,22.135,22.135,21.887,21.887,5110,0
20130412,21.803,21.972,21.76,21.905,9013,0
20130415,21.803,21.803,20.448,21.76,8270,0
20130417,21.009,21.59,21.009,21.3,16267,0
20130418,21.291,21.546,20.976,21.512,115545,0
20130419,21.3,21.717,21.291,21.419,56266,0
20130422,21.308,21.462,21.308,21.41,2514,0
20130423,20.968,21.419,20.968,21.078,25685,0
20130424,21.044,21.249,21.044,21.198,4440,0
20130425,20.993,21.291,20.993,21.291,20014,0
20130426,21.249,21.291,21.061,21.061,1866,0
20130429,21.061,21.061,20.976,21.036,2213,0
20130430,20.976,20.976,20.704,20.78,6092,0
20130502,20.524,20.524,20.431,20.44,22922,0
20130506,20.44,20.857,20.44,20.857,2836,0
20130507,20.857,20.908,20.857,20.908,198,0
20130508,20.942,21.223,20.908,21.223,14775,0
20130509,20.993,21.291,20.95,21.291,8167,0
20130510,20.465,21.283,20.465,21.283,3,0
20130513,20.627,20.865,20.627,20.789,12103,0
20130514,20.448,21.546,20.448,21.546,9446,0
20130515,21.546,21.546,21.155,21.462,1141,0
20130516,21.505,21.913,21.376,21.546,16935,0
20130517,21.546,21.546,21.376,21.376,5518,0
20130520,21.291,21.376,21.291,21.376,2284,0
20130521,21.249,21.632,20.865,21.624,6353,0
20130522,21.291,21.3,21.13,21.291,38670,0
20130523,21.266,21.41,21.266,21.41,14304,0
20130524,21.334,21.674,21.334,21.674,3133,0
20130527,21.291,21.632,21.291,21.539,672,0
20130528,21.291,21.615,21.291,21.546,17823,0
20130529,21.291,21.539,21.291,21.376,17781,0
20130531,21.376,22.739,21.376,22.739,49137,0
20130603,22.228,22.569,22.143,22.399,3581,0
20130604,22.399,22.739,22.151,22.739,8199,0
20130605,22.739,22.739,22.347,22.347,13370,0
20130606,22.372,22.739,22.338,22.338,20359,0
20130607,22.347,22.569,22.338,22.569,2987,0
20130610,22.569,22.969,22.569,22.892,20651,0
20130611,22.884,22.977,22.757,22.824,19118,0
20130612,22.781,22.781,22.739,22.739,514,0
20130613,22.484,22.484,22.237,22.279,2564,0
20130614,22.288,22.313,22.194,22.279,1775,0
20130617,22.279,22.355,22.245,22.355,1252,0
20130618,22.467,22.679,22.151,22.151,29509,0
20130619,22.143,22.16,21.981,21.99,5216,0
20130620,21.931,22.117,21.3,21.36,10266,0
20130621,21.376,21.546,21.308,21.376,4925,0
20130624,21.291,21.972,20.584,21.291,80988,0
20130625,21.291,21.325,21.232,21.291,7223,0
20130626,20.875,21.291,20.875,21.291,3498,0
20130627,21.291,21.708,20.916,21.708,28279,0
20130628,21.691,21.972,21.291,21.717,1614,0
20130701,21.036,22.561,21.036,22.561,4467,0
20130702,22.143,22.143,21.717,21.794,1369,0
20130703,21.632,22.143,21.521,22.143,2612,0
20130704,22.135,22.44,22.135,22.151,29311,0
20130705,22.151,22.16,22.151,22.16,1894,0
20130708,22.44,22.44,21.735,22.16,2618,0
20130709,22.058,22.058,21.896,21.896,237216,0
20130710,21.803,21.972,21.555,21.717,1860,0
20130711,22.058,22.416,21.803,22.416,116469,0
20130712,22.484,22.569,22.186,22.569,16979,0
20130715,22.569,22.824,22.237,22.824,6835,0
20130716,22.824,22.824,22.143,22.739,2354,0
20130717,22.16,22.909,22.143,22.824,66088,0
20130718,22.406,22.424,22.406,22.424,71,0
20130719,22.901,22.901,22.424,22.424,16267,0
20130722,22.254,22.416,22.143,22.16,800,0
20130723,22.16,22.722,22.16,22.722,6063,0
20130724,22.696,22.696,22.254,22.561,127,0
20130725,22.399,22.561,22.228,22.561,16732,0
20130726,22.16,22.355,22.04,22.04,1492,0
20130729,22.058,22.569,22.058,22.569,11429,0
20130730,22.399,22.569,22.22,22.561,1881,0
20130731,22.143,22.475,22.143,22.475,8295,0
20130801,22.399,22.569,22.169,22.569,3113,0
20130802,22.169,22.636,22.169,22.561,3065,0
20130805,22.186,22.696,22.186,22.696,1403,0
20130806,22.611,22.696,22.21,22.21,4457,0
20130807,22.169,22.245,22.169,22.245,185,0
20130808,22.262,22.561,22.262,22.561,21274,0
20130809,22.186,22.569,22.186,22.484,8298,0
20130812,22.186,22.484,22.186,22.484,6069,0
20130813,22.322,22.569,22.322,22.484,20024,0
20130814,22.646,22.824,22.44,22.611,3211,0
20130816,22.21,22.654,22.21,22.484,750,0
20130819,22.569,22.824,22.254,22.824,5231,0
20130820,22.381,22.696,22.381,22.569,1928,0
20130821,22.807,22.824,22.526,22.569,1040,0
20130822,22.45,22.739,22.45,22.654,1748,0
20130823,22.569,22.654,22.517,22.517,12411,0
20130826,22.654,22.654,22.467,22.654,20246,0
20130827,22.586,22.654,22.561,22.654,12968,0
20130828,22.611,22.654,22.492,22.492,3154,0
20130829,22.484,22.569,22.322,22.569,10484,0
20130830,22.44,23.421,22.338,23.421,24040,0
20130902,23.421,25.379,23.412,24.698,21152,0
20130903,24.698,24.698,23.958,24.085,2741,0
20130904,23.983,24.085,23.08,23.421,9651,0
20130905,23.08,23.403,22.526,22.995,5114,0
20130906,22.526,23.421,22.484,23.421,22064,0
20130909,23.676,24.698,23.599,24.647,6051,0
20130910,24.629,24.672,24.281,24.365,2756,0
20130911,24.485,24.74,24.485,24.485,2399,0
20130912,24.298,24.74,24.298,24.358,3464,0
20130913,24.698,24.868,24.443,24.528,182629,0
20130916,24.536,24.536,24.315,24.528,4342,0
20130917,24.365,25.124,24.331,25.124,14258,0
20130918,24.272,24.945,23.846,24.655,186823,0
20130919,24.263,24.588,24.263,24.588,195403,0
20130920,24.298,24.647,24.298,24.613,106916,0
20130923,24.289,24.698,24.272,24.698,77788,0
20130924,24.451,24.647,24.298,24.562,56198,0
20130925,24.553,24.629,24.315,24.528,56225,0
20130926,24.519,24.954,24.358,24.792,63853,0
20130927,24.698,25.379,24.698,25.124,103771,0
20130930,25.124,25.336,24.868,24.868,164411,0
20131001,24.358,25.081,24.358,24.638,18350,0
20131002,24.51,24.928,24.358,24.365,18417,0
20131003,24.323,24.698,24.306,24.399,32237,0
20131004,24.595,24.698,24.365,24.528,21809,0
20131007,24.672,24.672,24.383,24.57,12790,0
20131008,24.578,24.655,24.451,24.655,11904,0
20131009,24.562,24.613,24.417,24.57,4557,0
20131010,24.485,24.57,24.46,24.57,3521,0
20131011,24.468,24.57,24.443,24.502,52926,0
20131014,24.46,24.46,24.128,24.272,39086,0
20131015,24.272,24.502,24.144,24.433,10396,0
20131016,24.433,24.485,24.34,24.383,25621,0
20131017,24.383,24.502,24.331,24.502,40489,0
20131018,24.502,24.528,24.358,24.528,24083,0
20131021,24.358,24.613,24.358,24.613,24092,0
20131022,24.613,24.655,24.536,24.613,22594,0
20131023,24.613,24.613,24.443,24.528,17683,0
20131024,24.408,24.562,24.408,24.51,24041,0
20131025,24.613,24.613,24.451,24.588,21500,0
20131028,24.613,24.629,24.399,24.536,32645,0
20131029,24.595,24.613,24.443,24.613,20547,0
20131030,24.613,24.613,24.46,24.528,9707,0
20131031,24.443,24.528,24.443,24.528,18246,0
20131104,24.365,24.519,24.213,24.443,11656,0
20131105,24.443,24.443,24.281,24.443,19454,0
20131106,24.272,24.443,24.272,24.348,6389,0
20131107,24.272,24.272,23.898,24.178,14921,0
20131108,24.178,24.263,23.377,23.377,10617,0
20131112,23.25,23.421,22.671,22.995,16981,0
20131113,22.986,22.986,22.169,22.569,6675,0
20131114,22.399,22.739,21.845,22.501,21248,0
20131115,22.484,22.484,21.76,21.836,19495,0
20131118,21.887,21.887,20.865,21.546,52945,0
20131119,21.376,21.717,21.376,21.717,11977,0
20131120,21.717,21.735,21.36,21.632,39955,0
20131121,21.505,21.931,21.487,21.931,18233,0
20131122,21.931,22.399,21.931,22.143,15722,0
20131125,22.143,22.39,22.143,22.143,2035,0
20131126,22.143,22.143,21.725,22.04,38223,0
20131127,21.845,21.845,21.462,21.632,17260,0
20131128,21.546,21.546,21.249,21.546,19203,0
20131129,21.624,21.624,21.139,21.291,14002,0
20131202,21.206,21.206,21.053,21.189,14413,0
20131203,20.95,21.146,20.695,20.814,24834,0
20131204,20.482,20.695,19.333,20.524,35172,0
20131205,20.457,20.568,20.431,20.524,27989,0
20131206,20.457,20.865,20.457,20.678,28338,0
20131209,20.695,20.882,20.609,20.789,47077,0
20131210,20.695,21.121,20.619,20.823,50728,0
20131211,20.814,20.908,20.78,20.899,27569,0
20131212,20.823,20.899,20.44,20.652,31839,0
20131213,20.652,20.78,20.619,20.738,24424,0
20131216,20.609,20.78,20.568,20.78,36732,0
20131217,20.78,21.112,20.738,21.019,46401,0
20131218,21.121,21.419,20.916,21.419,43532,0
20131219,21.419,22.143,21.419,21.546,45233,0
20131220,22.066,22.117,21.546,21.879,488634,0
20131223,22.024,22.271,22.024,22.271,36600,0
20131227,22.757,22.892,22.671,22.731,24140,0
20131230,23.591,23.846,22.824,22.85,84905,0
20140102,22.875,23.403,22.875,23.377,2143,0
20140103,23.582,23.582,23.097,23.132,819,0
20140107,23.08,23.08,22.331,22.399,5414,0
20140108,22.44,22.561,21.81,22.313,178878,0
20140109,22.569,22.731,22.399,22.399,270,0
20140110,22.731,22.731,22.058,22.458,2854,0
20140113,22.406,22.884,22.406,22.705,707,0
20140114,22.722,22.995,22.535,22.535,2047,0
20140115,22.586,22.995,22.313,22.909,4788,0
20140116,23.002,23.403,22.995,23.08,11853,0
20140117,23.165,23.25,23.036,23.088,12399,0
20140120,23.25,23.335,23.105,23.216,156145,0
20140121,23.25,23.25,23.165,23.25,120571,0
20140122,23.31,23.421,23.242,23.242,28234,0
20140123,23.403,23.421,22.781,22.986,3366,0
20140124,22.909,22.909,22.467,22.467,3366,0
20140127,22.39,22.39,21.803,22.075,6129,0
20140128,21.981,22.995,21.981,22.824,200044,0
20140129,22.781,23.318,22.611,22.935,16640,0
20140130,22.484,23.08,22.143,22.611,6633,0
20140131,22.569,22.569,22.066,22.117,8553,0
20140203,22.058,22.101,21.972,22.058,1650,0
20140204,22.058,22.654,21.981,22.654,4227,0
20140205,22.654,22.799,22.62,22.705,1462,0
20140206,22.799,22.995,22.799,22.807,827,0
20140207,23.08,23.08,22.654,22.781,18109,0
20140210,22.995,22.995,22.739,22.85,3715,0
20140211,22.824,24.358,22.824,23.923,23165,0
20140212,23.931,24.443,23.931,24.399,6571,0
20140213,24.502,25.081,24.358,25.022,54024,0
20140214,24.826,25.013,23.958,24.954,95192,0
20140217,24.698,24.954,24.042,24.698,38602,0
20140218,24.399,24.443,24.11,24.443,10303,0
20140219,24.443,24.519,24.033,24.443,32531,0
20140220,24.553,24.553,24.323,24.51,7092,0
20140221,24.528,24.528,24.187,24.187,15575,0
20140224,24.017,24.162,23.931,24.119,9946,0
20140225,24.051,24.272,24.051,24.272,9114,0
20140226,24.272,24.698,24.272,24.272,35482,0
20140227,24.698,24.826,24.281,24.655,21758,0
20140228,24.536,24.826,24.468,24.826,16319,0
20140303,24.007,24.689,23.718,24.272,38239,0
20140304,24.033,24.263,24.017,24.23,8549,0
20140305,24.187,24.613,24.187,24.519,5939,0
20140306,24.519,24.689,24.383,24.528,3697,0
20140307,24.613,24.826,24.493,24.792,19284,0
20140310,24.562,24.826,24.562,24.681,15933,0
20140311,24.758,24.766,24.323,24.689,2838,0
20140312,24.681,24.689,24.443,24.443,6166,0
20140313,24.272,24.689,24.272,24.272,4463,0
20140314,24.272,24.433,23.684,23.931,11808,0
20140317,24.348,24.348,23.846,24.221,3304,0
20140318,24.502,24.502,24.221,24.221,3276,0
20140319,24.272,24.613,24.221,24.613,16163,0
20140320,24.613,25.541,24.263,24.894,140599,0
20140321,25.047,25.549,24.698,25.549,38648,0
20140324,25.507,25.507,25.336,25.422,5098,0
20140325,25.464,25.464,24.723,24.911,32180,0
20140326,25.286,25.286,24.784,25.056,10837,0
20140327,25.039,25.439,24.868,25.166,48183,0
20140328,25.422,25.89,25.184,25.89,35068,0
20140331,25.805,26.826,25.805,26.649,37144,0
20140401,26.904,26.997,26.665,26.87,26893,0
20140402,26.87,27.193,26.401,26.444,18300,0
20140403,26.401,26.81,25.634,25.634,22228,0
20140404,25.592,26.35,25.592,26.06,17773,0
20140407,25.566,26.137,25.566,25.762,18485,0
20140408,25.686,26.401,25.686,25.975,14983,0
20140409,25.975,26.35,25.856,25.933,11954,0
20140410,25.958,26.052,25.95,26.052,10759,0
20140411,25.848,26.299,25.822,25.967,9011,0
20140414,25.822,26.742,25.805,25.822,23700,0
20140415,25.848,26.358,25.848,25.89,11253,0
20140416,25.89,25.975,25.575,25.592,8851,0
20140417,25.584,25.89,25.464,25.686,4632,0
20140422,25.549,25.618,25.208,25.618,7133,0
20140423,25.549,25.686,25.141,25.174,21159,0
20140424,25.124,25.532,25.124,25.37,5993,0
20140425,25.532,25.532,25.259,25.37,11737,0
20140428,25.456,25.464,25.293,25.456,10858,0
20140429,25.464,25.549,25.422,25.532,10848,0
20140430,25.396,25.549,25.379,25.541,18917,0
20140502,25.541,26.223,25.464,26.223,15944,0
20140505,26.534,26.552,25.791,26.452,12735,0
20140506,26.149,26.442,26.149,26.177,9991,0
20140507,26.158,26.177,25.462,25.545,8890,0
20140508,25.215,25.535,24.866,24.866,8292,0
20140509,25.27,25.27,24.858,24.866,45410,0
20140512,24.729,24.729,23.841,24.116,32132,0
20140513,24.18,24.72,24.18,24.546,22933,0
20140514,24.638,24.702,24.363,24.363,20542,0
20140515,24.537,24.858,24.372,24.546,14842,0
20140516,24.455,24.62,24.29,24.62,26749,0
20140519,24.546,24.546,24.143,24.519,1733,0
20140520,24.537,24.72,24.455,24.72,1922,0
20140521,25.004,25.188,24.922,25.188,2707,0
20140522,25.37,26.378,25.37,26.194,41662,0
20140523,26.378,26.378,25.92,25.92,9804,0
20140526,26.378,26.378,25.81,26.369,43134,0
20140527,26.378,26.378,25.92,26.085,2429,0
20140528,26.103,26.103,25.004,25.984,9063,0
20140529,25.984,26.057,25.791,26.057,5784,0
20140530,25.554,26.378,25.554,26.378,7448,0
20140602,26.287,26.287,25.92,25.948,10836,0
20140603,25.92,26.524,25.92,26.524,88765,0
20140604,26.516,26.524,26.177,26.359,1871,0
20140605,26.378,26.378,26.14,26.241,1202,0
20140606,26.241,26.359,26.03,26.268,1765,0
20140609,26.378,26.378,26.194,26.287,2624,0
20140610,26.378,26.47,26.012,26.47,7391,0
20140611,26.158,26.433,26.158,26.433,17239,0
20140612,26.433,26.433,26.149,26.351,402,0
20140613,26.351,26.351,26.012,26.012,208572,0
20140616,25.737,25.92,25.691,25.911,2832,0
20140617,25.737,25.92,25.719,25.92,5269,0
20140618,26.094,26.094,25.783,25.838,21130,0
20140620,25.764,25.838,25.737,25.828,1783,0
20140623,25.828,25.92,25.828,25.911,1464,0
20140624,25.645,25.865,25.645,25.783,4338,0
20140625,25.554,25.773,25.554,25.645,6231,0
20140626,25.37,25.892,25.132,25.279,9582,0
20140627,24.922,25.178,23.813,23.813,9030,0
20140630,23.841,24.665,23.841,24.656,3007,0
20140701,24.656,24.711,24.363,24.409,4102,0
20140702,24.409,24.702,23.456,23.676,9074,0
20140703,23.356,23.722,22.751,22.806,22857,0
20140704,22.439,23.264,22.431,22.916,13139,0
20140707,23.328,23.328,22.439,22.66,2601,0
20140708,22.788,22.788,21.991,21.991,22844,0
20140709,22.028,22.65,22.028,22.604,3898,0
20140710,22.577,22.577,21.981,21.991,7680,0
20140711,22,22.257,22,22.165,6683,0
20140714,22.165,22.165,21.991,22.165,4570,0
20140715,22.596,22.596,22,22,3169,0
20140716,22.348,22.348,21.625,21.826,4331,0
20140717,21.789,21.789,21.249,21.487,4437,0
20140718,21.423,21.423,21.111,21.111,9352,0
20140721,21.066,21.111,20.15,20.589,16226,0
20140722,20.15,20.791,20.058,20.791,12727,0
20140723,20.809,20.965,20.608,20.745,4769,0
20140724,21.039,21.039,20.644,20.791,3646,0
20140725,20.791,20.965,20.653,20.828,3774,0
20140728,20.7,20.874,20.159,20.471,9090,0
20140729,20.471,20.471,19.884,20.004,14326,0
20140730,19.839,19.957,18.968,19.243,12051,0
20140731,18.886,19.05,18.226,18.226,18325,0
20140801,18.135,18.318,17.429,17.869,22272,0
20140804,18.044,18.73,17.311,18.309,25213,0
20140805,18.684,18.996,18.007,18.089,13628,0
20140806,18.108,18.538,18.052,18.327,9997,0
20140807,18.538,18.538,18.135,18.538,10955,0
20140808,18.776,18.785,18.089,18.272,4736,0
20140811,18.684,18.794,18.511,18.794,6511,0
20140812,18.648,18.657,18.318,18.501,4869,0
20140813,18.712,18.767,18.501,18.767,9399,0
20140814,18.776,18.821,18.547,18.821,7811,0
20140818,18.776,18.813,18.593,18.639,6106,0
20140819,18.757,19.05,18.757,18.858,16401,0
20140820,19.097,19.179,18.886,19.124,11458,0
20140821,19.225,19.417,19.106,19.151,4462,0
20140822,19.143,19.417,19.143,19.325,5664,0
20140825,19.261,19.536,19.261,19.536,4512,0
20140826,19.554,20.7,19.554,20.69,15402,0
20140827,20.7,22.532,20.562,21.78,13444,0
20140828,21.615,21.799,21.268,21.661,10355,0
20140829,21.9,21.981,21.642,21.981,8896,0
20140901,21.57,22.412,21.57,22,5189,0
20140902,22.257,22.806,21.139,21.139,35252,0
20140903,21.066,21.597,20.928,21.066,9702,0
20140904,21.103,21.514,21.103,21.514,3009,0
20140905,21.524,21.853,21.368,21.588,25264,0
20140908,21.698,21.698,21.432,21.432,8052,0
20140909,21.432,21.716,21.368,21.368,2025,0
20140910,21.514,21.514,21.02,21.029,2536,0
20140911,21.066,21.34,20.892,21.249,21116,0
20140912,21.249,21.689,21.204,21.432,5328,0
20140915,21.533,21.771,21.258,21.46,1188,0
20140916,21.661,22.156,21.524,22.137,10978,0
20140917,22.119,22.257,21.954,22.082,3447,0
20140918,22.165,22.293,22.028,22.037,6195,0
20140919,22.073,22.247,21.981,22.21,2311,0
20140922,22.394,22.522,22.22,22.522,31301,0
20140923,22.522,22.532,22.183,22.229,6745,0
20140924,21.991,22.22,21.57,22.165,19118,0
20140925,22.165,22.165,21.89,21.89,14251,0
20140926,22.119,22.165,21.89,22.165,12617,0
20140929,22.165,22.274,22.055,22.266,11435,0
20140930,22.439,22.714,22.439,22.449,19628,0
20141001,22.21,22.577,22.21,22.439,5533,0
20141002,22.266,22.485,22.266,22.348,4562,0
20141003,22.348,22.431,22.174,22.257,5209,0
20141006,22.257,22.385,22.247,22.303,8222,0
20141007,22.385,22.806,22.357,22.806,38301,0
20141008,22.696,23.447,22.468,23.337,65521,0
20141009,23.264,23.438,23.1,23.356,54342,0
20141010,23.31,23.31,22.98,23.044,18283,0
20141013,22.989,23.447,22.733,23.447,115809,0
20141014,23.356,23.356,22.989,23.044,194023,0
20141015,22.623,23.172,22.623,22.999,7478,0
20141016,22.898,23.31,22.889,23.081,41194,0
20141017,23.081,23.31,23.081,23.127,2952,0
20141020,23.31,23.31,23.1,23.127,3864,0
20141021,23.172,23.493,23.172,23.484,61686,0
20141022,23.447,23.538,23.365,23.538,74870,0
20141023,23.356,23.538,23.164,23.164,2165,0
20141024,23.164,23.172,22.989,22.989,9014,0
20141027,22.898,23.172,22.898,23.117,13418,0
20141028,23.154,23.356,23.154,23.356,114653,0
20141029,23.356,23.401,23.218,23.356,7674,0
20141030,23.346,23.356,23.218,23.31,1566,0
20141031,23.429,23.429,23.218,23.356,9378,0
20141103,23.356,23.429,23.081,23.081,9219,0
20141104,23.081,23.356,22.577,22.806,8943,0
20141105,22.806,23.3,22.714,23.3,16672,0
20141106,23.3,23.447,23.053,23.356,167265,0
20141107,23.356,23.401,23.282,23.401,13212,0
20141110,23.356,23.401,23.273,23.401,5571,0
20141112,23.328,23.401,23.328,23.401,79865,0
20141113,23.401,23.401,22.906,23.31,19483,0
20141114,23.264,23.264,22.916,23.164,39665,0
20141117,22.989,23.164,22.806,23.164,29149,0
20141118,22.898,23.255,22.898,23.081,81942,0
20141119,23.081,23.1,23.081,23.081,37070,0
20141120,23.081,23.209,22.989,22.989,114324,0
20141121,23.127,23.172,23.017,23.127,22943,0
20141124,23.117,23.172,23.034,23.071,46052,0
20141125,23.081,23.164,22.943,23.164,23026,0
20141126,23.127,23.127,22.97,22.989,9647,0
20141127,22.953,22.953,22.806,22.898,26206,0
20141128,22.852,22.943,22.65,22.943,40813,0
20141201,22.714,22.943,22.229,22.439,41845,0
20141202,22.348,22.348,21.807,22.028,63007,0
20141203,21.972,22.174,21.89,22.174,119613,0
20141204,22.119,22.439,22.119,22.439,68114,0
20141205,22.439,22.568,22.119,22.549,25089,0
20141208,22.485,22.485,22.128,22.357,16025,0
20141209,22.348,22.348,22.137,22.348,12336,0
20141210,22.348,22.348,22.073,22.202,26212,0
20141211,22.165,22.165,21.991,22.046,18393,0
20141212,21.981,22.037,21.533,21.615,26743,0
20141215,21.249,21.615,21.01,21.615,40831,0
20141216,21.121,21.615,20.983,21.524,32946,0
20141217,21.295,21.524,21.175,21.46,38899,0
20141218,21.295,21.34,21.249,21.34,18690,0
20141219,21.249,21.332,20.975,21.249,45384,0
20141222,21.258,21.981,20.975,21.981,34335,0
20141223,21.964,22.439,21.295,22.439,18579,0
20141229,22.532,23.117,22.439,22.989,20327,0
20141230,23.447,24.088,23.447,24.088,23528,0
20150102,24.042,24.042,23.732,23.813,7012,0
20150105,23.813,24.079,23.804,24.024,10674,0
20150107,24.024,24.024,23.466,23.722,14752,0
20150108,23.905,23.905,23.41,23.447,3283,0
20150109,23.374,23.538,23.273,23.273,2693,0
20150112,23.356,23.356,23.081,23.081,7212,0
20150113,23.071,23.172,23.063,23.172,1142,0
20150114,22.532,23.328,22.532,22.898,12831,0
20150115,23.034,23.255,22.815,22.898,14855,0
20150116,22.898,23.722,22.165,22.449,5485,0
20150119,22.348,22.76,22.266,22.623,875,0
20150120,23.081,23.081,22.797,22.806,867,0
20150121,22.989,22.989,22.687,22.989,436,0
20150122,22.989,23.081,22.989,23.081,6084,0
20150123,23.081,23.09,23.081,23.081,288,0
20150126,23.392,23.41,22.916,23.172,2776,0
20150127,23.264,23.273,23.172,23.264,13166,0
20150128,23.264,23.264,23.218,23.264,197,0
20150129,23.264,23.264,23.081,23.264,2046,0
20150130,23.264,23.264,23.034,23.264,439,0
20150202,23.264,23.264,23.264,23.264,570,0
20150203,23.538,23.538,22.898,22.898,10714,0
20150204,23.218,23.218,22.669,22.669,3137,0
20150205,22.714,22.898,22.678,22.889,532,0
20150206,23.081,23.081,22.76,22.76,4287,0
20150209,22.778,22.889,21.981,22.146,4736,0
20150210,22.165,22.532,22.165,22.532,1980,0
20150211,22.889,22.889,22.266,22.394,3006,0
20150212,22.439,22.879,22.439,22.623,1162,0
20150213,22.714,23.172,22.439,23.071,37871,0
20150216,22.889,22.898,22.678,22.678,1076,0
20150217,22.852,22.943,22.742,22.943,38053,0
20150218,22.943,22.943,22.623,22.943,3689,0
20150219,22.889,22.898,22.724,22.898,4434,0
20150220,22.898,23.356,22.678,23.356,6852,0
20150223,23.602,23.602,23.228,23.228,33729,0
20150224,23.228,23.722,23.218,23.585,19920,0
20150225,23.538,23.813,23.538,23.813,4369,0
20150226,23.447,24.363,23.447,23.585,11811,0
20150227,23.585,23.997,23.135,23.135,21501,0
20150302,23.804,23.804,23.566,23.566,4228,0
20150303,24.226,24.226,23.585,23.796,4241,0
20150304,23.767,23.767,23.264,23.722,11121,0
20150305,23.796,23.796,23.456,23.538,3077,0
20150306,23.796,23.796,23.356,23.41,1040,0
20150309,23.676,23.676,23.172,23.172,10648,0
20150310,23.218,23.356,23.034,23.3,3860,0
20150311,23.401,23.631,22.916,23.631,2554,0
20150312,23.585,23.585,23.41,23.474,2273,0
20150313,23.09,23.722,23.09,23.181,64017,0
20150316,23.356,23.356,23.127,23.181,289,0
20150317,23.722,23.804,23.466,23.538,29590,0
20150318,23.356,23.713,23.31,23.41,13592,0
20150319,23.612,23.997,23.511,23.538,12964,0
20150320,23.585,23.585,23.538,23.538,2836,0
20150323,23.585,23.997,23.429,23.493,19343,0
20150324,23.493,23.585,23.31,23.447,9373,0
20150325,23.722,23.813,23.365,23.585,3888,0
20150326,23.585,23.631,23.319,23.538,631,0
20150327,23.585,23.585,23.181,23.218,4971,0
20150330,23.264,23.575,23.218,23.575,1290,0
20150331,23.575,23.575,23.017,23.42,9825,0
20150401,23.557,23.566,23.228,23.383,12127,0
20150402,23.575,23.713,23.273,23.575,1646,0
20150407,23.621,23.621,23.2,23.2,2007,0
20150408,23.356,23.356,23.164,23.356,2175,0
20150409,23.172,23.356,23.172,23.356,1002,0
20150410,23.356,23.356,23.264,23.31,1870,0
20150413,23.31,23.31,22.898,22.989,5747,0
20150414,22.641,22.705,22.257,22.357,8011,0
20150415,22.403,23.447,22.284,22.513,13733,0
20150416,22.485,22.577,22.439,22.532,1928,0
20150417,22.439,22.439,22.293,22.338,2908,0
20150420,22.348,22.348,22.073,22.303,4922,0
20150421,22.522,22.522,22.101,22.348,1918,0
20150422,22.348,22.522,22.165,22.348,4582,0
20150423,22.266,22.303,22.101,22.303,2946,0
20150424,22.257,22.257,22,22.018,1361,0
20150427,21.981,22.165,21.972,21.972,2914,0
20150428,21.9,22.073,21.716,22.073,9598,0
20150429,22.21,22.394,22.165,22.257,32421,0
20150430,22.257,22.898,22.257,22.898,6249,0
20150504,22.889,22.889,22.54,22.669,489,0
20150505,22.842,22.842,22.119,22.439,2472,0
20150506,22.431,22.431,22.156,22.33,21252,0
20150507,22.165,22.394,22.165,22.394,147564,0
20150508,22.439,23.164,22.293,23.164,5446,0
20150511,23.164,23.264,22.943,22.953,3166,0
20150512,23.245,23.245,22.458,22.586,5309,0
20150513,22.604,22.604,22.247,22.439,1020,0
20150514,22.596,22.714,21.799,21.799,9702,0
20150515,21.972,22.33,21.826,22.073,43491,0
20150518,21.981,22.293,21.258,22.293,15757,0
20150519,22.293,22.33,22.119,22.257,3762,0
20150520,22.028,22.503,21.917,22.503,17946,0
20150521,22.119,22.503,22.082,22.503,2883,0
20150522,22.439,22.439,22.348,22.348,3536,0
20150525,22.394,22.394,22.073,22.165,2436,0
20150526,22.257,22.257,22.037,22.257,1263,0
20150527,22.174,22.522,22.028,22.431,16345,0
20150528,22.082,22.431,22.082,22.431,1054,0
20150529,22.303,22.532,22.092,22.439,11298,0
20150601,22.165,22.439,22.165,22.439,11959,0
20150602,22.439,22.439,22.174,22.257,1383,0
20150603,22.375,22.375,22.037,22.101,1878,0
20150605,21.981,22.257,21.981,22.247,4535,0
20150608,22.165,22.202,22.165,22.174,5142,0
20150609,22.174,22.174,21.991,22.073,2255,0
20150610,22.073,22.257,22.073,22.165,15994,0
20150611,22.165,22.348,22.082,22.082,9121,0
20150612,22,22.879,22,22.714,21414,0
20150615,22.623,22.623,22.21,22.431,728,0
20150616,22.431,22.431,22.174,22.202,420,0
20150617,22.156,22.156,21.533,21.706,6094,0
20150618,21.698,21.753,21.34,21.606,1663,0
20150619,21.606,21.954,21.313,21.954,5884,0
20150622,21.954,21.954,21.671,21.671,50,0
20150623,21.524,21.524,21.268,21.295,1947,0
20150624,21.524,21.524,21.084,21.221,719,0
20150625,21.121,21.423,21.121,21.423,815,0
20150626,21.432,21.432,21.157,21.432,1655,0
20150629,21.084,21.524,21.057,21.074,2130,0
20150630,21.103,21.551,21.093,21.551,3863,0
20150701,21.551,21.551,21.13,21.506,1106,0
20150702,21.478,21.478,21.204,21.423,1443,0
20150703,21.423,21.423,21.204,21.204,537,0
20150706,21.139,21.194,21.139,21.139,294,0
20150707,21.148,21.377,21.139,21.139,974,0
20150708,21.514,21.514,20.717,20.818,1707,0
20150709,20.837,21.066,20.8,21.066,998,0
20150710,20.892,22.431,20.892,22.257,2336,0
20150713,22.257,22.439,21.9,22.073,1609,0
20150714,22.21,22.21,21.716,21.725,1329,0
20150715,21.799,21.799,21.716,21.716,1086,0
20150716,21.716,21.799,21.706,21.799,2536,0
20150717,21.972,22.119,21.807,21.807,546,0
20150720,21.799,21.89,21.799,21.89,940,0
20150721,21.89,21.9,21.524,21.542,1050,0
20150722,21.927,21.927,21.167,21.175,1076,0
20150723,21.157,21.386,21.157,21.386,677,0
20150724,21.386,21.432,21.386,21.432,1032,0
20150727,21.249,21.249,21.24,21.249,2164,0
20150728,21.249,21.249,21.249,21.249,742,0
20150729,21.249,21.249,21.167,21.24,2108,0
20150730,21.24,21.24,21.157,21.157,9017,0
20150731,21.157,21.157,20.983,21.066,10705,0
20150803,21.066,21.139,20.314,20.882,10021,0
20150804,21.066,21.157,20.993,21.066,1141,0
20150805,21.157,21.157,21.066,21.157,21345,0
20150806,21.276,21.276,21.084,21.157,5297,0
20150807,21.615,21.615,21.066,21.111,3156,0
20150810,21.268,21.268,21.066,21.157,1682,0
20150811,21.157,21.157,21.066,21.157,2063,0
20150812,21.157,21.157,21.066,21.066,3214,0
20150813,21.148,21.157,21.066,21.157,10929,0
20150814,21.157,21.157,21.103,21.103,5791,0
20150817,21.093,21.103,20.791,21.066,5132,0
20150818,20.891,21.163,20.891,21.114,1959,0
20150819,21.444,21.444,20.58,20.881,743,0
20150820,20.881,20.881,20.726,20.862,427,0
20150821,20.862,20.881,19.736,19.736,8373,0
20150824,19.736,19.736,18.551,19.367,23486,0
20150825,19.367,19.61,19.212,19.561,3385,0
20150826,19.561,19.561,19.425,19.513,1415,0
20150827,19.707,20.095,19.707,19.804,612,0
20150828,19.804,19.978,19.435,19.435,4995,0
20150831,20.571,20.571,17.94,17.94,18290,0
20150901,18.056,18.445,18.056,18.221,8507,0
20150902,18.445,18.697,18.318,18.697,21054,0
20150903,18.697,18.882,18.697,18.882,697,0
20150904,19.386,19.386,18.833,18.843,9311,0
20150907,18.833,18.911,18.736,18.736,1551,0
20150908,19.27,19.27,18.668,18.668,1343,0
20150909,18.969,18.969,18.736,18.93,523,0
20150910,18.93,18.93,18.649,18.649,49,0
20150911,18.833,18.833,18.454,18.736,1362,0
20150914,18.736,18.833,18.445,18.445,8848,0
20150915,18.445,18.823,18.445,18.493,922,0
20150916,18.775,18.823,18.27,18.823,3324,0
20150917,18.814,18.814,18.464,18.561,518,0
20150918,18.445,18.445,18.386,18.386,528,0
20150921,18.814,18.814,18.561,18.561,118,0
20150922,18.542,18.639,18.542,18.542,3039,0
20150923,18.542,18.542,18.445,18.445,4695,0
20150924,18.445,18.445,18.144,18.396,660,0
20150925,18.396,18.396,18.192,18.221,3872,0
20150928,18.542,18.542,18.153,18.348,1995,0
20150929,18.348,18.348,18.153,18.202,2079,0
20150930,18.018,18.018,17.571,17.959,3298,0
20151001,18.144,18.144,17.59,17.59,876,0
20151002,17.62,17.94,17.62,17.94,379,0
20151005,17.93,18.445,17.862,18.406,3020,0
20151006,18.435,18.435,18.105,18.309,1033,0
20151007,18.299,18.299,18.153,18.251,622,0
20151008,18.251,18.251,18.105,18.153,2654,0
20151009,18.251,18.251,18.153,18.251,1842,0
20151012,18.251,18.348,18.105,18.251,5680,0
20151013,18.251,18.318,17.726,17.726,2589,0
20151014,18.037,18.047,17.882,17.882,1098,0
20151015,18.047,18.105,17.794,18.105,20325,0
20151016,18.173,18.716,18.153,18.639,43864,0
20151019,18.639,18.639,18.445,18.639,16724,0
20151020,18.629,19.27,18.571,19.192,10366,0
20151021,19.299,20.765,19.221,19.93,14624,0
20151022,19.901,20.377,19.532,20.144,5819,0
20151023,20.144,20.144,19.61,20.144,5531,0
20151026,20.144,20.357,18.882,19.843,4004,0
20151027,19.415,19.843,19.008,19.396,1774,0
20151028,19.406,19.513,19.085,19.513,1471,0
20151029,19.415,19.513,18.619,18.794,6204,0
20151030,18.823,19.415,18.823,19.076,2557,0
20151102,19.037,19.386,19.027,19.124,2622,0
20151103,19.163,19.163,18.843,18.93,1447,0
20151104,19.027,19.309,18.93,18.979,3687,0
20151105,18.979,19.299,18.979,19.027,704,0
20151106,19.221,19.318,18.93,18.988,1198,0
20151109,18.988,19.386,18.94,19.221,17915,0
20151110,19.221,19.6,19.221,19.221,954,0
20151112,19.415,19.804,19.347,19.367,2840,0
20151113,19.415,19.415,19.231,19.318,2008,0
20151116,19.221,19.415,19.085,19.318,1521,0
20151117,19.61,19.61,19.27,19.61,12390,0
20151118,19.707,19.707,18.59,18.852,2894,0
20151119,18.882,19.076,18.687,18.843,1469,0
20151120,18.833,19.027,18.833,18.93,5862,0
20151123,18.755,19.076,18.697,18.93,8100,0
20151124,18.93,18.93,18.454,18.93,18140,0
20151125,18.454,18.639,18.454,18.503,2450,0
20151126,18.493,18.503,17.59,17.717,15865,0
20151127,17.969,17.969,17.6,17.629,4129,0
20151130,17.6,17.6,15.921,16.057,145251,0
20151201,16.406,16.833,16.115,16.319,32964,0
20151202,16.445,16.794,16.319,16.319,2704,0
20151203,16.688,16.688,16.309,16.309,54045,0
20151204,16.319,16.503,15.882,15.882,15201,0
20151207,16.037,16.047,14.678,15.571,27747,0
20151208,15.736,15.736,14.562,15.105,40494,0
20151209,15.144,15.892,15.144,15.717,8982,0
20151210,15.727,16.688,15.727,16.688,16738,0
20151211,16.688,17.212,16.309,16.814,17584,0
20151214,16.814,17.124,16.814,16.998,17673,0
20151215,17.066,17.571,17.066,17.289,6084,0
20151216,17.28,17.862,17.28,17.814,12640,0
20151217,17.862,18.251,17.425,17.425,16907,0
20151218,17.474,17.474,17.144,17.319,6426,0
20151221,16.94,17.668,16.94,17.668,16863,0
20151222,17.493,17.493,17.289,17.416,32941,0
20151223,17.474,17.62,17.309,17.62,15511,0
20151228,17.62,18.59,17.62,18.328,7706,0
20151229,18.328,18.716,18.328,18.639,2713,0
20151230,18.687,18.784,18.367,18.367,7509,0
20160104,18.445,18.445,17.484,17.484,1276,0
20160105,17.474,17.814,17.474,17.484,1253,0
20160107,17.328,17.474,17.134,17.222,1203,0
20160108,17.183,17.959,17.086,17.959,928,0
20160111,17.814,17.814,17.299,17.474,3749,0
20160112,17.338,18.289,17.338,17.862,708,0
20160113,17.668,18.183,17.192,17.474,9439,0
20160114,17.474,17.59,17.474,17.59,806,0
20160115,17.853,17.853,17.59,17.814,319,0
20160118,17.765,17.765,17.377,17.377,1000,0
20160119,17.464,17.474,17.105,17.377,2357,0
20160120,17.377,17.377,16.571,16.794,8310,0
20160121,16.969,16.989,16.513,16.94,15614,0
20160122,16.794,17.911,16.523,17.183,836,0
20160125,17.183,17.571,16.989,17.474,2606,0
20160126,17.522,17.862,17.251,17.474,1357,0
20160127,17.251,17.959,17.251,17.299,500,0
20160128,17.251,17.717,17.008,17.018,874,0
20160129,16.998,17.474,16.998,17.474,181,0
20160201,17.231,17.668,17.231,17.668,342,0
20160202,17.629,17.629,17.018,17.222,1280,0
20160203,17.522,17.522,16.998,17.056,471,0
20160204,17.095,17.959,17.095,17.668,11051,0
20160205,17.959,17.959,17.231,17.28,1191,0
20160208,17.28,17.28,16.406,16.406,6364,0
20160209,16.406,17.251,16.241,17.086,9936,0
20160210,17.726,17.726,16.785,17.27,777,0
20160211,17.27,17.27,16.785,16.785,381,0
20160212,16.785,17.27,16.785,16.785,331,0
20160215,16.794,17.28,16.794,16.94,946,0
20160216,17.251,17.464,16.794,17.464,353,0
20160217,16.794,17.425,16.794,17.134,404,0
20160218,16.989,17.425,16.989,17.377,981,0
20160219,17.338,17.377,17.183,17.202,547,0
20160222,17.231,17.425,16.901,17.425,7066,0
20160223,17.425,17.425,17.183,17.289,4339,0
20160224,17.309,17.309,17.309,17.309,196,0
20160225,17.425,17.697,17.251,17.377,8364,0
20160226,17.668,17.668,17.357,17.571,997,0
20160229,17.571,17.862,17.571,17.862,1440,0
20160301,17.853,17.853,17.833,17.833,276,0
20160302,17.28,17.571,17.28,17.493,2459,0
20160303,17.493,17.649,17.183,17.649,5475,0
20160304,17.649,17.649,17.571,17.571,324,0
20160307,17.571,17.794,17.192,17.794,3116,0
20160308,17.804,17.804,17.28,17.464,1069,0
20160309,17.445,17.765,17.192,17.765,644,0
20160310,17.707,17.707,17.328,17.328,646,0
20160311,17.717,17.717,17.28,17.28,678,0
20160314,17.328,17.668,17.328,17.629,533,0
20160315,17.629,17.629,17.28,17.28,357,0
20160316,16.484,16.484,16.018,16.222,13163,0
20160317,16.406,16.455,16.231,16.348,4112,0
20160318,16.493,16.513,16.309,16.358,2744,0
20160321,16.358,16.406,16.358,16.406,972,0
20160322,16.406,16.591,16.076,16.503,1704,0
20160323,16.639,16.639,16.163,16.173,1408,0
20160324,16.212,16.27,16.212,16.26,441,0
20160329,16.27,16.503,16.27,16.503,628,0
20160330,16.581,17.134,16.581,17.134,5129,0
20160331,17.154,17.154,16.707,16.794,5819,0
20160401,16.794,16.794,16.61,16.61,506,0
20160404,16.979,17.095,16.61,17.095,461,0
20160405,17.076,17.105,16.61,17.095,1754,0
20160406,17.095,17.095,16.61,17.066,925,0
20160407,17.095,17.095,16.668,16.697,2676,0
20160408,16.697,16.697,16.697,16.697,214,0
20160411,16.746,16.746,16.697,16.697,384,0
20160412,16.979,16.989,16.697,16.989,609,0
20160413,16.989,17.095,16.697,17.086,885,0
20160414,17.076,17.076,16.717,16.921,470,0
20160415,17.086,17.464,16.794,17.367,3259,0
20160418,17.464,17.464,17.183,17.183,457,0
20160419,17.183,17.425,17.183,17.425,475,0
20160420,17.454,17.454,16.989,17.183,5345,0
20160421,17.183,17.183,17.008,17.183,2581,0
20160422,17.183,17.183,16.697,16.891,145,0
20160425,17.086,17.086,16.697,17.076,187,0
20160426,17.076,17.076,16.794,16.794,730,0
20160427,17.018,17.018,16.61,16.697,1187,0
20160428,16.61,16.911,16.309,16.62,1248,0
20160429,16.62,16.62,16.309,16.591,2531,0
20160502,16.581,16.6,16.309,16.319,294,0
20160504,16.319,16.358,16.319,16.358,105,0
20160505,16.503,16.6,16.173,16.173,2016,0
20160506,16.455,16.6,16.212,16.212,208,0
20160509,16.222,16.668,16.212,16.668,413,0
20160510,16.62,16.649,16.222,16.639,719,0
20160511,16.231,16.649,15.668,16.115,1822,0
20160512,16.115,16.115,15.727,16.018,4203,0
20160513,16.018,16.018,15.532,15.998,4687,0
20160516,16.018,16.018,15.921,15.921,5341,0
20160517,16.018,16.018,15.435,15.727,2525,0
20160518,15.707,15.707,14.765,14.853,9828,0
20160519,14.95,14.95,14.6,14.95,3118,0
20160520,14.95,14.95,14.319,14.426,4001,0
20160523,14.28,14.28,13.61,13.736,5982,0
20160524,13.736,14.076,13.736,13.795,1896,0
20160525,14.076,14.076,13.756,13.785,12731,0
20160527,14.066,14.134,13.814,13.94,1073,0
20160530,14.076,14.756,14.076,14.562,2768,0
20160531,14.542,14.542,14.037,14.348,7068,0
20160601,14.542,14.542,13.882,13.882,1873,0
20160602,14.047,14.047,13.397,13.533,4591,0
20160603,13.533,13.533,13.309,13.533,1724,0
20160606,13.416,13.416,13.329,13.329,1148,0
20160607,13.329,14.076,13.319,13.766,3274,0
20160608,14.076,14.076,13.639,13.931,1444,0
20160609,13.969,13.969,13.61,13.785,594,0
20160610,13.775,13.989,13.591,13.989,4223,0
20160613,13.969,13.969,13.591,13.659,283,0
20160614,13.882,13.882,13.591,13.591,2630,0
20160615,13.639,13.639,13.591,13.601,490,0
20160616,13.61,13.659,13.591,13.591,4755,0
20160617,13.688,13.688,13.591,13.591,1548,0
20160620,13.678,13.746,13.591,13.591,2406,0
20160621,13.639,13.639,13.494,13.494,1345,0
20160622,13.61,13.61,13.503,13.503,528,0
20160623,13.513,13.688,13.513,13.591,3671,0
20160624,13.397,13.969,13.397,13.591,3680,0
20160627,13.591,13.882,13.591,13.882,89,0
20160628,13.882,13.882,13.601,13.601,183,0
20160629,13.969,13.969,13.601,13.698,238,0
20160630,13.969,13.969,13.591,13.591,78,0
20160701,13.969,13.969,13.397,13.397,13541,0
20160704,13.591,13.591,13.494,13.591,5638,0
20160705,13.639,13.639,13.591,13.591,2039,0
20160706,13.591,13.639,13.397,13.591,4693,0
20160707,13.63,13.63,13.445,13.591,11299,0
20160708,13.591,13.688,13.591,13.62,11433,0
20160711,13.601,13.639,13.591,13.591,5660,0
20160712,13.591,13.639,13.591,13.591,5820,0
20160713,13.62,13.62,13.591,13.591,4761,0
20160714,13.601,13.61,13.416,13.61,5407,0
20160715,13.61,13.639,13.591,13.639,5346,0
20160718,13.639,13.668,13.591,13.601,2048,0
20160719,13.668,13.766,13.668,13.668,1418,0
20160720,13.668,13.969,13.668,13.969,3516,0
20160721,13.969,15.037,13.969,14.93,5825,0
20160722,14.562,14.843,14.183,14.513,4719,0
20160725,14.552,14.795,14.27,14.795,5304,0
20160726,14.804,14.95,14.571,14.571,786,0
20160727,14.513,14.94,14.513,14.513,1565,0
20160728,14.513,14.513,14.465,14.465,542,0
20160729,14.513,14.513,13.872,13.872,1938,0
20160801,13.882,14.066,13.863,14.066,1103,0
20160802,14.066,14.066,13.814,13.853,1782,0
20160803,13.853,14.008,13.834,13.834,863,0
20160804,13.96,13.969,13.931,13.969,348,0
20160805,14.066,14.455,13.979,14.416,4099,0
20160808,14.455,14.455,14.076,14.173,3088,0
20160809,14.173,14.173,13.969,14.028,1184,0
20160810,13.979,14.028,13.814,13.814,1826,0
20160811,13.785,13.8821,13.7656,13.7656,3812,0
20160812,13.6879,14.1539,13.6879,13.95,8273,0
20160816,14.37,14.4,14.22,14.25,15974,0
20160817,14.22,14.25,14.05,14.1,8781,0
20160818,14.27,14.27,14.12,14.12,4562,0
20160819,14.28,14.28,14.07,14.13,3321,0
20160822,14.15,14.15,14.05,14.1,3119,0
20160823,14.1,14.1,14.01,14.1,4781,0
20160824,14.14,14.14,14,14.11,11532,0
20160825,14.14,14.14,13.93,13.93,1038,0
20160826,14.02,14.02,12.7,13.25,8137,0
20160829,13.25,13.49,12.27,12.94,16793,0
20160830,13,13,12.5,12.69,11472,0
20160831,13.89,15.12,13.86,14.5,41469,0
20160901,14.75,15.12,14.67,15.02,3946,0
20160902,15.02,15.02,14.71,14.94,651,0
20160905,14.94,14.94,14.5,14.52,3591,0
20160906,14.52,14.52,14.5,14.5,10277,0
20160907,14.5,14.69,14.45,14.59,4496,0
20160908,14.69,14.69,14.41,14.45,3854,0
20160909,14.5,14.56,14.46,14.46,2067,0
20160912,14.45,14.45,14.01,14.13,1844,0
20160913,14.29,14.29,14.06,14.09,2114,0
20160914,14.29,14.29,14.09,14.15,1100,0
20160915,14.15,14.2,14.09,14.2,1932,0
20160916,14.27,14.27,14.07,14.07,1478,0
20160919,14.07,14.07,13.82,13.9,4052,0
20160920,13.9,14.04,13.9,14.04,24070,0
20160921,14.1,14.25,14.05,14.2,12048,0
20160922,14.2,14.74,14.2,14.38,12392,0
20160923,14.6,14.6,14.4,14.4,1964,0
20160926,14.55,14.55,14.35,14.49,6093,0
20160927,14.55,15.23,14.55,14.65,35708,0
20160928,14.6,14.99,14.6,14.9,1706,0
20160929,14.99,14.99,14.75,14.75,605,0
20160930,14.99,14.99,14.7,14.94,1345,0
20161003,14.7,15.24,14.7,15,4216,0
20161004,14.9,15.45,14.9,15.42,5758,0
20161005,15.68,16.7,15.6,16.42,17160,0
20161006,16.42,16.57,16.36,16.42,5854,0
20161007,16.42,16.69,16.25,16.45,2812,0
20161010,16.68,17,16.45,16.99,3062,0
20161011,17,17,16.99,16.99,882,0
20161012,17,17,16.6,16.61,1735,0
20161013,16.79,16.97,16.5,16.9,11854,0
20161014,16.9,17.05,16.5,16.94,1896,0
20161017,16.94,16.94,16.5,16.5,3212,0
20161018,16.5,17.17,16.5,17.1,12443,0
20161019,17.1,17.2,16.9,16.9,1884,0
20161020,16.89,16.89,16.75,16.77,25110,0
20161021,16.85,16.85,16.78,16.78,1012,0
20161024,16.78,16.86,16.76,16.86,61002,0
20161025,16.51,16.52,16.51,16.52,448,0
20161026,16.86,16.9,16.53,16.53,224,0
20161027,16.53,16.94,16.53,16.94,356,0
20161028,16.51,16.96,16.5,16.95,8325,0
20161031,16.52,16.95,16.52,16.66,451,0
20161102,16.66,16.66,16.5,16.5,9927,0
20161103,16.65,16.7,16.65,16.65,7654,0
20161104,16.85,16.9,16.85,16.9,447,0
20161107,16.95,16.95,16.61,16.93,403,0
