Date,Open,High,Low,Close,Volume,OpenInt
20080929,5.7252,15.267,5.7252,13.053,35386,0
20080930,12.214,13.931,10.229,10.229,23423,0
20081001,10.019,10.878,9.542,9.542,7126,0
20081002,9.542,9.542,8.4924,8.4924,12932,0
20081003,8.6832,9.1603,8.3015,8.3969,5334,0
20081006,8.3015,8.3015,7.1183,7.5382,6697,0
20081007,7.0611,7.3664,6.6985,7.3092,2007,0
20081008,6.9656,8.0344,6.6603,7.2328,4134,0
20081009,7.5763,7.5763,7.2137,7.2137,3956,0
20081010,6.813,6.813,6.374,6.6603,409,0
20081013,6.9847,7.1947,6.7366,6.7366,1326,0
20081014,7.6145,7.6145,7.0611,7.0611,1750,0
20081015,7.3664,7.3664,6.8702,6.8702,2835,0
20081016,6.4504,6.4695,5.5344,5.7824,2940,0
20081017,6.6603,6.6603,5.9924,5.9924,2657,0
20081020,5.9924,6.2977,5.8015,6.2977,2573,0
20081021,6.4122,6.4122,5.7824,5.8015,2699,0
20081022,5.8206,6.1069,5.8206,6.1069,3453,0
20081023,6.6794,6.6794,6.0115,6.3168,7829,0
20081024,6.2977,6.3931,5.9351,6.1069,6466,0
20081027,6.2786,6.2786,5.7252,6.2786,3086,0
20081028,6.3931,6.3931,5.916,5.916,461,0
20081029,6.2023,6.2977,5.916,6.126,6760,0
20081030,6.1832,6.4122,6.0115,6.0115,4831,0
20081031,6.1641,6.1641,6.1641,6.1641,5,0
20081103,6.2214,6.2214,6.2214,6.2214,10,0
20081104,6.2023,6.2023,5.6489,5.9351,2662,0
20081105,6.1641,6.1641,5.8588,5.8588,540,0
20081106,6.1069,6.145,5.8397,5.8397,1656,0
20081107,5.6107,5.8206,5.6107,5.8206,267,0
20081110,5.5725,5.5725,5.5725,5.5725,262,0
20081112,5.5344,5.5344,5.1908,5.1908,1362,0
20081113,4.8855,5.5725,4.8664,5.5725,3631,0
20081114,5.4389,5.6107,5.4389,5.6107,1913,0
20081117,5.5725,5.5725,5.3053,5.5725,487,0
20081118,5.2481,5.458,5.2481,5.458,1693,0
20081119,5.1336,5.1336,4.3511,4.3511,2625,0
20081120,4.1031,4.3893,4.1031,4.3893,3684,0
20081121,4.1794,4.7519,4.1031,4.1031,11020,0
20081124,4.1985,4.1985,4.1985,4.1985,0,0
20081125,4.1985,5.1336,4.1985,5.0954,6215,0
20081126,4.5611,5.0954,4.3893,5.0954,5408,0
20081127,4.8092,4.8092,4.3321,4.5038,6288,0
20081128,4.2176,4.2366,4.0458,4.2176,3699,0
20081201,4.1603,4.2939,4.1031,4.2939,2583,0
20081202,4.1031,4.2176,4.1031,4.1031,2169,0
20081205,4.1031,4.1031,3.9122,4.084,534,0
20081208,4.084,4.1603,4.084,4.1603,105,0
20081209,4.1412,4.1412,4.1412,4.1412,5,0
20081210,4.0458,4.0458,4.0458,4.0458,770,0
20081211,4.0267,4.0267,3.9313,3.9313,1520,0
20081212,3.9122,3.9122,3.7214,3.7214,16,0
20081215,3.9695,3.9695,3.9695,3.9695,16,0
20081216,3.8168,3.8168,3.7405,3.7405,524,0
20081218,3.7405,3.7405,3.7405,3.7405,0,0
20081230,3.416,3.416,3.416,3.416,52,0
20081231,3.3588,3.3588,3.3588,3.3588,52,0
20090105,3.2443,3.2443,3.0534,3.2061,1163,0
20090106,3.1679,3.1679,2.9198,3.1679,3175,0
20090107,3.3397,3.5687,3.3397,3.5687,1195,0
20090108,3.7595,3.7595,3.7595,3.7595,5,0
20090109,3.9122,3.9122,3.7023,3.7023,403,0
20090112,3.3588,3.3588,3.3588,3.3588,26,0
20090114,3.3588,3.3588,3.3206,3.3206,58,0
20090115,3.5115,3.5115,3.4351,3.4351,63,0
20090116,3.4351,3.4351,3.4351,3.4351,5,0
20090119,3.3206,3.416,3.2443,3.416,267,0
20090123,3.2443,3.2634,3.2443,3.2634,21,0
20090126,3.1679,3.187,3.1679,3.187,550,0
20090127,3.2443,3.2443,3.0344,3.0344,31,0
20090129,2.9962,2.9962,2.9962,2.9962,335,0
20090202,2.9008,2.9008,2.9008,2.9008,0,0
20090203,2.9008,2.9008,2.9008,2.9008,283,0
20090205,2.8626,2.8626,2.8626,2.8626,2620,0
20090206,2.7481,2.7481,2.7099,2.7481,1776,0
20090210,2.6908,2.6908,2.5763,2.5763,3736,0
20090211,2.5763,2.5763,2.5763,2.5763,5,0
20090212,2.3282,2.5763,2.3282,2.5763,597,0
20090213,2.4809,2.4809,2.4809,2.4809,5,0
20090217,2.3855,2.5954,2.3855,2.5954,5,0
20090218,1.8321,2.3282,1.8321,2.3282,922,0
20090219,2.4809,2.5382,2.3282,2.5382,121,0
20090220,2.5573,2.5573,2.5573,2.5573,21,0
20090223,2.5573,2.5573,2.5573,2.5573,0,0
20090224,2.5573,2.5573,2.5573,2.5573,10,0
20090226,2.5382,2.5382,2.5382,2.5382,477,0
20090227,2.5382,2.5382,2.3855,2.5382,79,0
20090302,2.5382,2.5382,2.5382,2.5382,26,0
20090306,2.4618,2.4618,2.4618,2.4618,5,0
20090309,2.4618,2.4618,2.4427,2.4618,0,0
20090310,2.4618,2.4618,2.4618,2.4618,0,0
20090311,2.3664,2.4809,2.271,2.4809,304,0
20090313,2.1947,2.5382,2.1947,2.5382,16,0
20090316,2.4618,2.5382,2.4618,2.5382,534,0
20090318,2.5382,2.5382,2.5382,2.5382,63,0
20090319,2.5382,2.5382,2.5382,2.5382,0,0
20090320,2.5382,2.5382,2.5191,2.5382,582,0
20090323,2.5382,2.5382,1.9275,2.0611,990,0
20090324,2.5382,2.8053,2.1947,2.8053,7771,0
20090325,3.3397,4.1985,3.2443,4.1985,5801,0
20090326,6.3168,7.271,6.3168,7.271,26850,0
20090327,9.542,10.973,8.9695,9.637,62283,0
20090330,9.542,11.26,7.2137,10.286,38467,0
20090331,10.286,13.931,10.286,13.931,28956,0
20090401,19.084,23.855,19.084,23.855,54265,0
20090504,18.702,18.702,14.504,14.504,5712,0
20090505,12.214,17.557,11.069,17.557,44477,0
20090506,21.24,23.359,21.24,23.359,23030,0
20090507,25.382,29.58,25.382,29.58,64625,0
20090508,32.443,35.687,32.061,35.687,27657,0
20090514,28.912,34.351,28.912,34.351,13886,0
20090515,30.153,30.153,27.137,27.137,1897,0
20090519,14.294,19.79,14.294,14.294,10522,0
20090520,14.313,14.618,14.313,14.618,7729,0
20090521,15.63,15.63,15.553,15.553,4040,0
20090522,14.084,14.084,12.385,12.385,3930,0
20090525,12.595,12.595,11.298,11.298,2966,0
20090526,9.3511,9.542,9.3511,9.542,8169,0
20090528,13.168,13.168,12.405,12.405,8997,0
20090529,11.164,11.164,11.164,11.164,8117,0
20090601,11.546,12.385,11.546,12.385,4113,0
20090602,13.359,15.267,13.359,15.267,12539,0
20090603,19.084,19.084,16.794,19.084,10307,0
20090604,22.328,24.618,22.328,24.618,17491,0
20090605,26.336,26.336,21.927,21.927,7310,0
20090608,21.031,21.851,21.031,21.851,8326,0
20090609,19.656,19.656,17.748,17.748,8195,0
20090610,16.603,16.603,16.24,16.24,5633,0
20090612,17.557,17.748,17.557,17.748,8908,0
20090615,19.447,19.447,19.256,19.256,5518,0
20090616,17.748,17.748,16.221,16.221,7090,0
20090617,17.557,17.557,16.794,16.794,1106,0
20090618,16.698,16.698,15.076,15.076,11093,0
20090619,14.313,14.332,14.313,14.332,7509,0
20090622,14.885,15.267,14.885,15.267,1913,0
20090623,15.057,15.057,14.656,14.656,702,0
20090624,13.74,13.74,13.74,13.74,1934,0
20090625,14.847,14.847,13.836,13.836,1850,0
20090626,13.931,14.122,13.931,14.122,1121,0
20090629,13.74,14.103,13.74,14.103,1074,0
20090630,14.008,14.008,13.34,13.34,1294,0
20090701,13.168,13.168,13.168,13.168,838,0
20090702,13.359,13.359,13.359,13.359,1310,0
20090703,13.74,14.313,13.74,14.313,3416,0
20090706,13.931,14.275,13.931,14.275,639,0
20090707,13.931,14.695,13.931,14.695,445,0
20090708,13.931,13.931,13.359,13.359,1410,0
20090709,13.55,13.55,13.225,13.225,493,0
20090710,13.893,13.893,12.595,12.595,3050,0
20090713,12.023,12.023,12.023,12.023,2714,0
20090714,12.557,12.786,12.557,12.786,802,0
20090715,12.023,12.023,12.023,12.023,2830,0
20090716,12.5,12.5,12.5,12.5,2154,0
20090717,12.5,12.5,12.5,12.5,723,0
20090720,12.405,12.5,12.405,12.5,1488,0
20090721,12.5,12.5,12.5,12.5,597,0
20090722,11.832,11.832,11.45,11.45,2814,0
20090723,11.641,11.641,11.45,11.45,1766,0
20090724,11.737,11.832,11.737,11.832,1347,0
20090727,11.832,11.832,11.641,11.641,1006,0
20090728,11.45,11.641,11.45,11.641,1268,0
20090729,11.45,11.45,11.355,11.355,791,0
20090730,11.069,11.069,10.496,10.496,4711,0
20090731,11.069,11.832,11.069,11.832,2992,0
20090803,13.607,13.607,12.863,12.863,4318,0
20090804,13.168,13.168,12.786,12.786,3731,0
20090805,12.405,12.405,12.118,12.118,561,0
20090806,12.023,12.023,12.004,12.004,891,0
20090807,11.489,11.908,11.489,11.908,330,0
20090810,11.813,11.813,11.813,11.813,817,0
20090811,11.813,11.813,11.813,11.813,755,0
20090812,11.927,11.927,11.813,11.813,445,0
20090813,11.832,11.851,11.832,11.851,225,0
20090814,11.832,11.832,11.641,11.641,1535,0
20090817,11.069,11.45,11.069,11.45,912,0
20090818,11.45,11.832,11.45,11.832,639,0
20090819,11.832,11.832,11.813,11.813,1132,0
20090820,11.431,11.45,11.431,11.45,817,0
20090821,11.145,11.145,11.145,11.145,849,0
20090824,11.05,11.05,10.878,10.878,1520,0
20090825,10.496,10.706,10.496,10.706,2468,0
20090826,10.878,11.221,10.878,11.221,2819,0
20090827,10.802,10.802,10.802,10.802,524,0
20090828,11.183,11.183,11.183,11.183,487,0
20090831,11.26,11.45,11.26,11.45,2562,0
20090901,12.405,12.786,12.405,12.786,7006,0
20090902,12.691,12.691,12.023,12.023,1305,0
20090903,11.45,12.023,11.45,12.023,1892,0
20090904,12.042,12.042,12.023,12.023,1106,0
20090907,11.641,11.641,11.26,11.26,1242,0
20090908,11.45,11.45,11.45,11.45,2536,0
20090909,10.878,11.069,10.878,11.069,2368,0
20090910,10.687,10.687,10.687,10.687,1729,0
20090911,10.687,10.687,10.687,10.687,959,0
20090914,10.611,10.611,10.115,10.115,613,0
20090915,9.1603,9.3511,9.1603,9.3511,2599,0
20090916,9.1603,9.1603,9.084,9.084,2059,0
20090917,8.9885,8.9885,8.6069,8.6069,959,0
20090918,7.2519,7.7481,7.2519,7.2519,5565,0
20090921,6.9656,6.9656,6.8702,6.8702,4386,0
20090922,6.8702,6.8702,6.8702,6.8702,5822,0
20090923,7.7481,7.9771,7.7481,7.9771,7451,0
20090924,8.5496,8.5496,8.2252,8.2252,4931,0
20090925,8.5496,8.5496,8.5496,8.5496,2908,0
20090928,8.3397,8.3397,8.3397,8.3397,52,0
20090929,8.4733,8.4733,8.4733,8.4733,566,0
20090930,8.1107,8.1107,7.6336,7.6336,4721,0
20091001,7.6336,8.1107,7.6336,8.1107,4747,0
20091002,8.2824,8.2824,8.2824,8.2824,645,0
20091005,8.3015,8.3588,8.3015,8.3588,802,0
20091006,8.2061,8.2061,8.2061,8.2061,210,0
20091007,7.9389,8.0153,7.9389,8.0153,424,0
20091008,7.5382,7.6336,7.5382,7.6336,1975,0
20091009,7.3855,7.3855,7.3855,7.3855,3595,0
20091012,7.1565,7.1756,7.1565,7.1756,1803,0
20091013,7.4618,7.5954,7.4618,7.5954,1368,0
20091014,7.8244,7.8244,7.7099,7.7099,403,0
20091015,7.0802,7.5763,7.0802,7.5763,859,0
20091021,7.0802,7.4237,7.0802,7.4237,2091,0
20091022,7.2519,7.2519,7.2519,7.2519,356,0
20091023,7.1183,7.1183,7.0992,7.0992,299,0
20091026,7.0611,7.0611,7.0611,7.0611,1284,0
20091027,6.9656,6.9656,6.9656,6.9656,52,0
20091028,7.0611,7.0611,7.0611,7.0611,1158,0
20091029,7.4427,7.6336,7.4427,7.6336,3144,0
20091030,7.6336,7.6336,7.6336,7.6336,1729,0
20091102,7.729,7.729,7.729,7.729,975,0
20091103,7.729,7.729,7.729,7.729,262,0
20091104,7.7672,7.7672,7.729,7.729,131,0
20091106,7.2519,7.271,7.2519,7.271,734,0
20091109,7.271,7.271,7.271,7.271,105,0
20091110,7.6336,7.6336,7.6145,7.6145,796,0
20091112,7.5573,7.5573,7.5573,7.5573,183,0
20091113,7.2519,7.2519,7.2519,7.2519,79,0
20091116,7.0802,7.5191,7.0802,7.5191,288,0
20091117,6.9656,6.9656,6.9656,6.9656,718,0
20091118,6.5076,6.6794,6.5076,6.6794,1341,0
20091120,6.4885,6.584,6.4885,6.584,776,0
20091123,5.9924,5.9924,5.9924,5.9924,2814,0
20091124,5.7443,5.7443,5.7252,5.7252,4543,0
20091125,5.5725,5.5725,5.1336,5.1336,3018,0
20091126,5.5344,5.5344,5.5344,5.5344,943,0
20091127,5.4389,5.4389,5.4389,5.4389,42,0
20091130,4.9618,4.9618,4.9618,4.9618,1876,0
20091201,4.5802,4.5802,4.4656,4.4656,4952,0
20091202,3.9122,4.0076,3.9122,4.0076,7891,0
20091203,4.3893,4.5038,4.3893,4.5038,2484,0
20091204,4.8092,5.2863,4.8092,5.2863,1090,0
20091207,6.1069,6.1069,5.8015,6.1069,10014,0
20091208,5.916,5.916,5.7252,5.7252,3254,0
20091209,5.7252,5.7252,5.6298,5.6298,6691,0
20091210,5.7252,5.7252,5.7252,5.7252,524,0
20091211,5.7252,5.7252,5.7252,5.7252,21,0
20091214,5.3435,5.3435,5.3435,5.3435,1032,0
20091215,5.2481,5.2481,5.1527,5.1527,1666,0
20091216,4.771,4.9618,4.771,4.9618,1687,0
20091217,4.8664,4.8664,4.8092,4.8092,456,0
20091218,4.8092,4.8092,4.8092,4.8092,5,0
20091221,4.771,4.771,4.5802,4.5802,252,0
20091222,4.3893,4.3893,4.3893,4.3893,917,0
20091223,4.2748,4.3893,4.2748,4.3893,749,0
20091228,3.9313,4.2366,3.9313,4.2366,2788,0
20091229,4.1985,4.1985,4.1985,4.1985,341,0
20091230,3.7786,3.7786,3.7786,3.7786,4842,0
20091231,3.8168,3.8168,3.7786,3.7786,1111,0
20100104,4.0649,4.0649,4.0649,4.0649,262,0
20100105,4.1031,4.1031,4.1031,4.1031,0,0
20100106,3.9122,3.9313,3.9122,3.9313,472,0
20100107,3.8359,3.8359,3.8359,3.8359,210,0
20100108,4.1985,4.1985,4.1794,4.1794,37,0
20100111,4.1603,4.1603,4.1603,4.1603,1761,0
20100112,4.542,4.542,4.542,4.542,1310,0
20100113,4.7519,4.9427,4.7519,4.9427,5057,0
20100114,5.3435,5.3435,5.3435,5.3435,5366,0
20100115,5.3817,5.3817,5.3435,5.3435,2023,0
20100118,5.3817,5.3817,5.3435,5.3435,1189,0
20100119,4.771,4.771,4.3893,4.3893,1153,0
20100120,4.6756,4.6756,4.6756,4.6756,194,0
20100121,4.5611,4.5611,4.4847,4.4847,1153,0
20100122,4.5802,4.5802,4.3893,4.3893,508,0
20100125,4.5802,4.5802,4.5802,4.5802,52,0
20100126,4.3702,4.3702,4.3702,4.3702,529,0
20100127,4.0649,4.0649,4.0649,4.0649,2573,0
20100128,4.2748,4.5038,4.2748,4.5038,1530,0
20100129,4.5229,4.6756,4.5229,4.6756,2112,0
20100201,4.7328,4.7328,4.2176,4.7328,1310,0
20100202,4.771,4.771,4.771,4.771,1766,0
20100203,4.9427,4.9427,4.9427,4.9427,2059,0
20100204,5.3053,5.3053,5.3053,5.3053,1928,0
20100205,4.9618,4.9618,4.771,4.771,555,0
20100208,4.771,4.771,4.771,4.771,2751,0
20100209,4.9618,4.9618,4.9618,4.9618,204,0
20100210,5.0573,5.1527,5.0573,5.1527,4077,0
20100211,5.0573,5.0573,5,5,3940,0
20100212,4.9618,4.9618,4.8855,4.8855,2306,0
20100215,4.771,4.771,4.7137,4.7137,1682,0
20100216,4.5802,4.5802,4.5802,4.5802,8662,0
20100217,4.5802,4.5802,4.5802,4.5802,3291,0
20100218,4.4847,4.4847,4.3893,4.3893,4559,0
20100219,4.4084,4.5802,4.4084,4.5802,4145,0
20100222,4.771,4.771,4.771,4.771,6089,0
20100223,4.771,4.9237,4.771,4.9237,18408,0
20100224,5.1145,5.1145,5.1145,5.1145,4014,0
20100225,5.0573,5.0573,5.0382,5.0382,12744,0
20100226,5.1527,5.3244,5.1527,5.3244,20866,0
20100301,5.3817,5.6679,5.3817,5.6679,17994,0
20100302,5.916,6.1069,5.916,6.1069,28726,0
20100303,6.6412,6.6412,6.4885,6.4885,33803,0
20100304,6.2786,6.4885,6.2786,6.4885,12901,0
20100305,6.7176,6.9656,6.7176,6.9656,43099,0
20100308,7.0992,7.0992,6.7748,6.7748,19095,0
20100309,7.042,7.1947,7.042,7.1947,75168,0
20100310,8.1298,8.9313,8.1298,8.9313,39908,0
20100311,9.809,9.809,8.7786,8.7786,137508,0
20100312,8.1107,8.9122,7.3092,7.4427,519462,0
20100315,7.5763,8.1107,7.4427,7.6145,180749,0
20100316,7.8244,7.958,7.2519,7.5763,89143,0
20100317,7.5573,7.5573,6.9466,7.2328,153406,0
20100318,7.042,7.042,6.6794,6.7939,69037,0
20100319,6.6985,6.7176,6.2977,6.4122,88876,0
20100322,6.4885,6.8511,6.4313,6.7939,38420,0
20100323,6.7748,6.813,6.5267,6.6794,26095,0
20100324,6.7366,6.7366,6.4313,6.4695,22144,0
20100325,6.4695,6.5267,6.2977,6.355,24880,0
20100326,6.374,6.4122,6.2595,6.3168,22621,0
20100329,6.2977,6.2977,6.1069,6.126,19215,0
20100330,6.0878,6.4504,6.0496,6.3931,31864,0
20100331,6.3931,6.3931,6.1069,6.1069,27851,0
20100401,6.1641,6.2023,6.0878,6.0878,10260,0
20100406,6.2023,6.5458,6.1641,6.355,36559,0
20100407,6.3931,7.3282,6.3931,7.3092,113310,0
20100408,7.2519,7.8626,7.0611,7.1947,142837,0
20100409,7.1947,7.6145,7.0992,7.2901,54989,0
20100412,7.0992,7.2328,6.7748,7.0229,55738,0
20100413,7.1947,7.1947,6.7939,6.9847,17523,0
20100414,6.9847,6.9847,6.5076,6.8702,41019,0
20100415,6.8511,6.8511,6.5458,6.584,30759,0
20100416,6.8321,6.8321,6.5076,6.5267,15694,0
20100419,6.6794,6.6794,6.2405,6.374,24356,0
20100420,6.374,6.6603,6.2595,6.5649,13310,0
20100421,6.5649,6.7176,6.3168,6.6985,34139,0
20100422,6.6985,6.7557,6.5076,6.5267,26074,0
20100423,6.5076,6.6794,6.5076,6.5267,6953,0
20100426,6.6221,6.6221,6.5076,6.5649,3935,0
20100427,6.5076,6.6412,6.5076,6.5076,9385,0
20100428,6.4885,6.4885,6.2214,6.3931,26436,0
20100429,6.4313,6.4313,6.2214,6.4313,7635,0
20100430,6.4504,6.4504,6.2214,6.3168,5586,0
20100504,6.6412,6.6412,6.2595,6.2595,7540,0
20100505,6.2214,6.2977,6.1069,6.2595,8850,0
20100506,6.0878,6.2405,5.916,6.1832,7493,0
20100507,5.9733,5.9733,5.7252,5.9351,20295,0
20100510,6.1069,6.6031,6.1069,6.374,12707,0
20100511,6.2214,6.355,5.916,6.1069,9794,0
20100512,6.1069,6.1069,5.916,6.0878,20934,0
20100513,6.2405,6.2405,6.0115,6.0496,4538,0
20100514,5.9542,6.0878,5.5725,5.8779,31807,0
20100517,5.687,5.9924,5.687,5.9924,12351,0
20100518,5.7443,5.9542,5.7443,5.916,2274,0
20100519,5.8969,5.8969,5.4389,5.5534,21605,0
20100520,5.5153,5.6298,4.9809,5.1908,49811,0
20100521,5.1527,5.2672,4.9809,5.0573,14373,0
20100524,5.1718,5.4198,5.1336,5.229,9432,0
20100525,5.1908,5.229,5.0191,5.1908,3925,0
20100526,5.1718,5.2863,5.0954,5.2863,7498,0
20100527,5.3053,5.3053,5.1336,5.229,6922,0
20100528,5.1336,5.2863,5.0954,5.2863,14861,0
20100531,5.2481,5.3244,5.1336,5.2481,5355,0
20100601,5.2672,5.2672,5.0382,5.1527,5554,0
20100602,5.2099,5.2099,5.0191,5.1336,5161,0
20100604,5.0954,5.1527,4.9046,4.9046,13986,0
20100607,4.7901,4.9237,4.771,4.9237,5114,0
20100608,5.0382,5.0382,4.771,4.9237,5963,0
20100609,5.0191,5.0191,4.7901,4.9618,1320,0
20100610,4.7901,4.9237,4.771,4.8473,5628,0
20100611,4.8473,4.8473,4.5802,4.5802,10920,0
20100614,4.5038,4.6183,4.3893,4.3893,12676,0
20100615,4.5229,4.5611,4.3893,4.5611,3647,0
20100616,4.6183,4.7137,4.5611,4.6947,5764,0
20100617,4.7137,4.7137,4.7137,4.7137,1001,0
20100618,4.5802,4.7137,4.4847,4.6756,2243,0
20100621,4.6756,4.6756,4.5611,4.6374,4847,0
20100622,4.5992,4.9427,4.5038,4.7137,17633,0
20100623,4.771,4.8092,4.7137,4.7137,5434,0
20100624,4.7328,4.9237,4.5229,4.9237,3139,0
20100625,4.5992,4.9046,4.5802,4.9046,776,0
20100628,4.9427,4.9427,4.6374,4.8855,985,0
20100629,4.9046,4.9046,4.5802,4.7901,4768,0
20100630,4.4847,4.771,4.4656,4.5802,6372,0
20100701,4.5611,4.5611,4.4084,4.5611,3364,0
20100702,4.4084,4.5611,4.4084,4.542,1677,0
20100705,4.542,4.6756,4.4275,4.6756,4281,0
20100706,4.6565,4.6565,4.5992,4.6565,283,0
20100707,4.6565,4.6565,4.3893,4.6565,1415,0
20100708,4.6565,4.6756,4.5038,4.5802,3689,0
20100709,4.5802,4.6565,4.4084,4.5802,2038,0
20100712,4.4847,4.4847,4.1985,4.3702,27117,0
20100713,4.3511,4.3893,4.2939,4.3893,10496,0
20100714,4.3893,4.3893,4.1412,4.2366,14190,0
20100715,4.2366,5.4008,4.1603,5.4008,121238,0
20100716,6.6794,6.6794,5.5534,5.7252,376594,0
20100719,5.8779,6.4885,5.6298,6.4885,165008,0
20100720,6.7366,6.9656,6.145,6.3359,173701,0
20100721,6.2023,6.3168,5.7061,5.7824,146935,0
20100722,5.5534,5.8206,5.5153,5.5725,114840,0
20100723,5.6489,6.2023,5.5344,5.7443,139279,0
20100726,5.7824,5.916,5.5153,5.7252,34249,0
20100727,5.687,5.687,5.5534,5.5534,23811,0
20100728,5.5344,5.5344,5.2863,5.4962,33237,0
20100729,5.458,5.687,5.458,5.6298,36638,0
20100730,5.4962,5.8015,5.4962,5.6489,27662,0
20100802,5.5725,5.687,5.4389,5.6489,26410,0
20100803,5.5534,5.6107,5.4389,5.5725,18796,0
20100804,5.5916,5.5916,5.4198,5.5344,8531,0
20100805,5.4198,5.5725,5.3244,5.5344,35653,0
20100806,5.5344,5.5916,5.4008,5.4771,14520,0
20100809,5.4198,5.5344,5.3435,5.458,11276,0
20100810,5.3626,5.458,5.2099,5.3435,13388,0
20100811,5.2099,5.4198,5.0382,5.1718,19184,0
20100812,5.0573,5.3435,5.0573,5.2863,5701,0
20100813,5.1145,5.2863,5.0191,5.2099,19734,0
20100816,5.2481,5.5344,5.1527,5.4962,41129,0
20100817,5.4389,5.6298,5.2863,5.2863,28118,0
20100818,5.4389,5.4389,5.1908,5.4008,16543,0
20100819,5.4198,5.5344,5.2672,5.4008,8211,0
20100820,5.3435,5.4198,5.2481,5.3817,3270,0
20100823,5.2481,5.3435,5.1908,5.2099,29994,0
20100824,5.2863,5.3626,4.9427,4.9427,24434,0
20100825,5.229,5.229,5,5.1527,10868,0
20100826,5.1527,5.1908,5.0382,5.1718,7682,0
20100827,5.1908,5.1908,5.0382,5.0382,7242,0
20100830,5.0573,5.1527,5.0191,5.0954,1195,0
20100831,4.9618,5.0573,4.8473,5.0382,21421,0
20100901,4.9618,5.0191,4.8282,5.0191,10994,0
20100902,5.0191,5.6679,5.0191,5.2863,162545,0
20100903,5.2863,5.3435,5.0954,5.2672,21620,0
20100906,5.2672,5.3244,5.1145,5.1908,18754,0
20100907,5.1527,5.1908,5.0954,5.1908,18529,0
20100908,5.1145,5.2863,5.1145,5.1908,5623,0
20100909,5.1527,5.3053,5,5.0573,35925,0
20100910,5.1527,5.3435,5.0191,5.0954,54983,0
20100913,4.8664,5,4.4847,4.9237,82488,0
20100914,4.8855,5.0382,4.8664,5.0191,28799,0
20100915,4.9046,5,4.771,4.9427,9186,0
20100916,4.7328,4.8473,4.6183,4.6565,75435,0
20100917,4.6565,4.771,4.6565,4.7137,15647,0
20100920,4.7137,4.7137,4.5802,4.6374,28238,0
20100921,4.6947,4.7137,4.6183,4.6756,19205,0
20100922,4.5992,4.6756,4.5802,4.6565,9175,0
20100923,4.6183,4.6183,4.542,4.5802,11780,0
20100924,4.5802,4.6756,4.5611,4.6374,10616,0
20100927,4.5802,4.6565,4.5802,4.6565,2143,0
20100928,4.5802,4.6756,4.5611,4.6756,11596,0
20100929,4.5992,4.6756,4.5229,4.542,9820,0
20100930,4.5611,4.5802,4.542,4.5802,4119,0
20101001,4.5611,4.5611,4.5038,4.542,9217,0
20101004,4.5229,4.5229,4.3702,4.4466,20226,0
20101005,4.4275,4.4275,4.3893,4.4275,4674,0
20101006,4.4084,4.4084,4.2748,4.3893,30769,0
20101007,4.3511,4.542,4.2939,4.3321,29658,0
20101008,4.4084,4.4084,4.313,4.313,6236,0
20101011,4.313,4.3702,4.2748,4.2939,15762,0
20101012,4.2748,4.3321,4.2366,4.2939,25524,0
20101013,4.3511,4.3511,4.1031,4.2557,50346,0
20101014,4.1985,4.1985,3.9122,4.0649,67617,0
20101015,3.9122,4.0458,3.8359,3.9313,18461,0
20101018,3.874,3.9313,3.7595,3.8168,42203,0
20101019,3.7786,4.8664,3.7786,4.8664,245368,0
20101020,5.2481,5.9733,4.7519,4.9046,417403,0
20101021,4.771,5,4.4084,4.4084,141318,0
20101022,4.542,4.5802,4.1031,4.1794,155995,0
20101025,4.2176,4.2748,4.0267,4.084,41810,0
20101026,4.1031,4.1221,4.0076,4.1031,24455,0
20101027,4.0649,4.084,3.9313,3.9885,25645,0
20101028,4.0267,4.3893,4.0076,4.1794,57263,0
20101029,4.313,4.4275,3.9122,4.1221,118817,0
20101102,4.1603,4.1794,4.0076,4.1221,49025,0
20101103,4.0458,4.084,4.0076,4.0267,28982,0
20101104,4.0458,4.1031,3.9313,4.084,36229,0
20101105,4.0076,4.0458,3.9695,4.0458,14447,0
20101108,4.0267,4.0458,3.9695,4.0267,16087,0
20101109,4.0267,4.0267,3.9313,3.9885,22542,0
20101110,3.9313,3.9885,3.874,3.9313,31728,0
20101112,3.8931,4.0076,3.874,3.9504,27515,0
20101115,3.9885,3.9885,3.8931,3.9885,2599,0
20101116,3.9885,3.9885,3.9122,3.9504,4726,0
20101117,3.9313,3.9885,3.8931,3.9122,6859,0
20101118,3.9504,4.0076,3.874,3.9313,31183,0
20101119,3.9313,3.9313,3.8359,3.8931,26871,0
20101122,3.8931,3.9122,3.7786,3.7786,14075,0
20101123,3.8168,3.874,3.8168,3.855,19949,0
20101124,3.8931,3.8931,3.6641,3.7595,15861,0
20101125,3.7595,3.7595,3.4924,3.6832,22993,0
20101126,3.6069,3.626,3.3779,3.416,42963,0
20101129,3.4351,3.4542,3.3588,3.416,21694,0
20101130,3.3397,3.3588,3.2824,3.3206,10878,0
20101201,3.3206,3.3779,3.2443,3.2824,18408,0
20101202,3.3015,3.3588,3.2824,3.3588,8824,0
20101203,3.3779,3.4351,3.3779,3.416,9888,0
20101206,3.4351,3.4542,3.3969,3.4542,18665,0
20101207,3.3969,3.4351,3.3397,3.3588,11444,0
20101208,3.3588,3.3588,3.2443,3.3588,9594,0
20101209,3.3588,3.3588,3.3397,3.3397,508,0
20101210,3.3397,3.3397,3.2824,3.3397,2741,0
20101213,3.3588,3.3588,3.2443,3.3206,2070,0
20101214,3.2634,3.3015,3.2443,3.3015,15123,0
20101215,3.3015,3.3015,3.1679,3.2252,15689,0
20101216,3.2443,3.2443,3.2061,3.2443,4145,0
20101217,3.1679,3.2061,3.1679,3.2061,2447,0
20101220,3.1489,3.1489,3.0534,3.0534,36842,0
20101221,3.0534,3.0534,2.9962,3.0344,3846,0
20101222,2.9771,3.0534,2.958,3.0534,17318,0
20101223,2.8817,3.0153,2.8817,3.0153,15526,0
20101227,3.0344,3.0344,2.9389,2.958,15060,0
20101228,3.0153,3.0153,2.8817,2.8817,21908,0
20101229,2.8817,2.9008,2.8626,2.9008,5643,0
20101230,2.8626,2.9008,2.8626,2.9008,3642,0
20101231,2.8626,2.8626,2.8435,2.8435,1698,0
20110103,2.9389,3.416,2.9198,3.1489,44949,0
20110104,3.2443,3.5687,3.2443,3.4351,85019,0
20110105,3.4924,3.4924,3.2443,3.2443,19776,0
20110107,3.2443,3.2443,3.2252,3.2443,907,0
20110110,3.0725,3.1489,3.0725,3.1489,4417,0
20110111,3.1489,3.187,3.1107,3.187,2746,0
20110112,3.2252,3.2252,3.0534,3.1298,9107,0
20110113,3.1489,3.187,3.0916,3.1679,8835,0
20110114,2.9962,3.0153,2.9008,2.9389,66679,0
20110117,2.958,2.9962,2.8053,2.8626,59301,0
20110118,2.8626,2.9198,2.8626,2.8817,36989,0
20110119,2.8817,3.0916,2.8626,2.9771,174707,0
20110120,2.9008,2.958,2.8626,2.9008,60559,0
20110121,2.9008,3.0153,2.8244,2.9008,142628,0
20110124,2.9198,2.9198,2.8435,2.8817,60711,0
20110125,2.8817,2.8817,2.8053,2.8435,48276,0
20110126,2.8435,2.9198,2.8435,2.8817,28008,0
20110127,2.8626,2.9008,2.8435,2.8626,19037,0
20110128,2.8435,2.8626,2.8053,2.8626,18162,0
20110131,2.8244,2.8435,2.7863,2.8435,19844,0
20110201,2.8244,2.8244,2.7672,2.8244,45316,0
20110202,2.8053,2.8244,2.7672,2.7863,62964,0
20110203,2.7863,2.8244,2.7672,2.8244,17617,0
20110204,2.7672,2.8244,2.7672,2.8053,39724,0
20110207,2.8053,2.8435,2.8053,2.8244,15159,0
20110208,2.8244,2.8244,2.7672,2.8053,23376,0
20110209,2.8053,2.8053,2.729,2.7863,27688,0
20110210,2.7672,2.7863,2.7481,2.7863,14787,0
20110211,2.7672,2.7863,2.729,2.7481,10511,0
20110214,2.7481,2.7672,2.729,2.7672,17722,0
20110215,2.7672,2.7672,2.7099,2.7672,13152,0
20110216,2.7481,3.3206,2.729,3.0916,1205341,0
20110217,3.0916,3.1298,2.8053,2.8053,405225,0
20110218,2.8053,2.8817,2.7481,2.7863,100791,0
20110221,2.7863,2.8626,2.729,2.8053,116475,0
20110222,2.7863,2.8053,2.7481,2.7863,46720,0
20110223,2.7481,2.7863,2.729,2.7481,27049,0
20110224,2.7481,2.958,2.7481,2.8435,130350,0
20110225,2.8435,2.8626,2.7672,2.8244,31912,0
20110228,2.8435,2.8435,2.7672,2.8053,22260,0
20110301,2.7863,2.8626,2.7672,2.8053,81073,0
20110302,2.8244,2.8626,2.7863,2.8435,74010,0
20110303,2.8435,2.8626,2.8053,2.8244,39001,0
20110304,2.8435,2.8435,2.8053,2.8244,12089,0
20110307,2.8053,2.8435,2.7863,2.8435,26315,0
20110308,2.8435,2.8435,2.7863,2.8053,15358,0
20110309,2.8053,2.8244,2.7863,2.8053,15458,0
20110310,2.8053,2.8244,2.7672,2.8244,19231,0
20110311,2.7863,2.8053,2.7672,2.8053,67926,0
20110314,2.7672,2.7863,2.7672,2.7863,8536,0
20110315,2.729,2.7481,2.5,2.6527,98984,0
20110316,2.5954,2.6718,2.5954,2.6145,11994,0
20110317,2.6527,2.729,2.6145,2.6718,23108,0
20110318,2.6908,2.7099,2.6336,2.6908,30161,0
20110321,2.6718,2.7099,2.6145,2.7099,8992,0
20110322,2.6718,2.6908,2.6145,2.6718,13865,0
20110323,2.6336,2.6718,2.6145,2.6336,11601,0
20110324,2.6336,2.6527,2.6145,2.6527,11696,0
20110325,2.6527,2.6908,2.6145,2.6718,10925,0
20110328,2.6336,2.6336,2.6145,2.6145,5471,0
20110329,2.6718,2.6718,2.6145,2.6336,13530,0
20110330,2.5954,2.6527,2.5954,2.6527,8735,0
20110331,2.6527,2.6718,2.6145,2.6145,43979,0
20110401,2.5954,2.6336,2.5954,2.6145,9170,0
20110404,2.6145,2.6527,2.6145,2.6336,10045,0
20110405,2.6336,2.6527,2.6145,2.6336,11151,0
20110406,2.6336,2.8626,2.6336,2.7863,135994,0
20110407,2.7672,2.7672,2.6908,2.7672,27154,0
20110408,2.7099,2.7672,2.6908,2.7481,22411,0
20110411,2.7099,2.729,2.6908,2.729,22076,0
20110412,2.729,2.7481,2.6527,2.7099,27845,0
20110413,2.7099,2.8626,2.6527,2.8053,108997,0
20110414,2.7481,2.8053,2.729,2.7481,41868,0
20110415,2.7481,2.7672,2.7099,2.7481,31576,0
20110418,2.7672,2.8053,2.6718,2.729,36339,0
20110419,2.729,2.7481,2.6527,2.7099,22474,0
20110420,2.6908,2.7099,2.6527,2.7099,10003,0
20110421,2.729,2.729,2.6527,2.6718,20598,0
20110426,2.6718,2.6718,2.5954,2.6145,22081,0
20110427,2.6145,2.6718,2.5954,2.6336,20195,0
20110428,2.6527,2.6718,2.5954,2.6145,25561,0
20110429,2.6336,2.729,2.6336,2.6908,85349,0
20110502,2.7099,2.7099,2.6336,2.6527,11088,0
20110504,2.6718,2.6908,2.6527,2.6527,40689,0
20110505,2.6718,2.6718,2.6336,2.6527,3872,0
20110506,2.6145,2.6527,2.5954,2.6527,14756,0
20110509,2.6527,2.6527,2.5,2.5763,35286,0
20110510,2.5191,2.5763,2.5,2.5573,27625,0
20110511,2.5573,2.5573,2.4618,2.4809,11890,0
20110512,2.4809,2.4809,2.3092,2.3855,32121,0
20110513,2.3473,2.3855,2.2901,2.3282,20300,0
20110516,2.2901,2.3664,2.2519,2.3092,34699,0
20110517,2.3473,2.3473,2.2328,2.2901,27945,0
20110518,2.3092,2.3092,2.2137,2.2328,26300,0
20110519,2.2328,2.271,2.2328,2.2519,14347,0
20110520,2.271,2.271,2.2519,2.271,6377,0
20110523,2.2328,2.271,2.2328,2.2328,7022,0
20110524,2.2328,2.2901,2.2137,2.2519,23140,0
20110525,2.2328,2.2519,2.1947,2.2328,14012,0
20110526,2.2519,2.2519,2.2137,2.2519,8206,0
20110527,2.2519,2.2519,2.2137,2.2519,12597,0
20110530,2.2519,2.2519,2.2328,2.2519,5596,0
20110531,2.2519,2.271,2.2137,2.2328,14373,0
20110601,2.271,2.271,2.1183,2.2137,51184,0
20110602,2.1756,2.2137,2.1756,2.1756,19116,0
20110603,2.1756,2.2137,2.1756,2.1756,19152,0
20110606,2.2137,2.2137,2.1756,2.2137,3616,0
20110607,2.1756,2.2137,2.1374,2.1565,31817,0
20110608,2.1565,2.1947,2.1565,2.1565,4622,0
20110609,2.1565,2.1947,2.1374,2.1756,9322,0
20110610,2.1756,2.1756,2.0992,2.1756,19640,0
20110613,2.1756,2.1756,2.0802,2.0992,37927,0
20110614,2.1565,2.1565,2.0992,2.0992,4847,0
20110615,2.0992,2.0992,2.0611,2.0611,5754,0
20110616,2.0611,2.0611,1.9466,2.042,37807,0
20110617,2.0229,2.0229,1.9656,1.9847,12471,0
20110620,1.9656,1.9847,1.9275,1.9466,5717,0
20110621,1.9466,1.9466,1.7939,1.8702,75550,0
20110622,1.8511,1.9275,1.7939,1.7939,32467,0
20110624,1.813,1.8321,1.7557,1.813,29580,0
20110627,1.7748,1.7748,1.6985,1.7366,38378,0
20110628,1.7748,1.7748,1.7366,1.7557,19435,0
20110629,1.7748,1.813,1.7748,1.7939,22401,0
20110630,1.7939,1.813,1.7748,1.7748,7682,0
20110701,1.7748,1.7939,1.7366,1.7557,22647,0
20110704,1.7557,1.7748,1.7557,1.7748,17051,0
20110705,1.7557,1.813,1.7557,1.813,32001,0
20110706,1.813,1.813,1.7748,1.7939,23496,0
20110707,1.7557,1.7939,1.7557,1.7748,16941,0
20110708,1.7748,1.7748,1.7176,1.7557,9008,0
20110711,1.7176,1.7557,1.6985,1.6985,2028,0
20110712,1.7176,1.7176,1.5458,1.584,22097,0
20110713,1.5649,1.6221,1.5267,1.6221,24109,0
20110714,1.6031,1.6031,1.5458,1.5649,27945,0
20110715,1.5267,1.584,1.5267,1.584,16920,0
20110718,1.5076,1.5649,1.5076,1.5076,19372,0
20110719,1.5267,1.7176,1.4885,1.5649,106131,0
20110720,1.5458,1.6221,1.5458,1.6031,3862,0
20110721,1.5458,1.584,1.5458,1.584,629,0
20110722,1.5649,1.6031,1.5458,1.6031,2253,0
20110725,1.5649,1.6221,1.5649,1.6031,15720,0
20110726,1.6221,1.6221,1.584,1.6221,10952,0
20110727,1.6031,1.6412,1.584,1.6031,12744,0
20110728,1.584,1.6221,1.584,1.6221,5413,0
20110729,1.584,1.6221,1.584,1.6221,3584,0
20110801,1.6031,2.1183,1.6031,2.1183,844070,0
20110802,2.1374,2.1756,1.7748,1.7748,534794,0
20110803,1.7176,1.7366,1.584,1.6221,121112,0
20110804,1.6221,1.6794,1.5458,1.5649,77583,0
20110805,1.4885,1.5076,1.355,1.4313,94551,0
20110808,1.4313,1.4695,1.2977,1.4313,102856,0
20110809,1.355,1.4695,1.2405,1.4313,127856,0
20110810,1.4695,1.584,1.355,1.4504,57457,0
20110811,1.4695,1.4885,1.355,1.4885,25320,0
20110812,1.5267,1.6794,1.4695,1.6031,55979,0
20110816,1.6031,1.6221,1.4885,1.6031,20095,0
20110817,1.5458,1.6031,1.5267,1.6031,19252,0
20110818,1.5267,1.6221,1.4504,1.4885,56660,0
20110819,1.4504,1.5267,1.3931,1.5267,33803,0
20110822,1.5076,1.5649,1.4885,1.5267,39421,0
20110823,1.5458,1.5649,1.4885,1.4885,13540,0
20110824,1.5458,1.5458,1.4885,1.5076,7912,0
20110825,1.4885,1.5267,1.4885,1.4885,4491,0
20110826,1.4885,1.5267,1.4695,1.5076,11303,0
20110829,1.4885,1.5458,1.4885,1.5267,4585,0
20110830,1.5076,1.5458,1.4885,1.5458,44068,0
20110831,1.5458,1.584,1.5267,1.5458,22993,0
20110901,1.5267,1.5649,1.4885,1.5458,13441,0
20110902,1.5649,1.5649,1.4885,1.5076,5324,0
20110905,1.4885,1.5267,1.4313,1.4313,14153,0
20110906,1.4504,1.4885,1.4313,1.4885,19089,0
20110907,1.5076,1.5267,1.4504,1.5267,9809,0
20110908,1.4504,1.5076,1.3931,1.4695,21374,0
20110909,1.3931,1.4695,1.3931,1.4695,943,0
20110912,1.3931,1.4122,1.355,1.374,4747,0
20110913,1.4885,1.4885,1.355,1.4122,15060,0
20110914,1.374,1.3931,1.2977,1.3359,7703,0
20110915,1.374,1.4122,1.374,1.374,4386,0
20110916,1.355,1.4313,1.355,1.4313,2106,0
20110919,1.355,1.4313,1.3359,1.3931,1216,0
20110920,1.355,1.3931,1.3359,1.355,17748,0
20110921,1.355,1.4313,1.3359,1.3931,13729,0
20110922,1.3931,1.3931,1.2977,1.3931,2264,0
20110923,1.2977,1.3168,1.2786,1.3168,9799,0
20110926,1.4122,1.4122,1.2786,1.3931,880,0
20110927,1.2977,1.3931,1.2977,1.3931,2416,0
20110928,1.4313,1.4313,1.4122,1.4122,79,0
20110929,1.4122,1.4122,1.2786,1.4122,1205,0
20111003,1.2786,1.355,1.2786,1.355,6508,0
20111004,1.3359,1.3359,1.3359,1.3359,1237,0
20111005,1.3168,1.3168,1.2786,1.3168,1310,0
20111006,1.3168,1.355,1.2786,1.355,15961,0
20111007,1.2977,1.355,1.2786,1.355,1677,0
20111010,1.2977,1.355,1.2786,1.355,8295,0
20111011,1.3359,1.3359,1.2977,1.3359,15086,0
20111012,1.3168,1.355,1.2977,1.355,13462,0
20111013,1.3168,1.3359,1.2786,1.3168,25608,0
20111014,1.2977,1.3359,1.2977,1.3359,2243,0
20111017,1.2977,1.355,1.2786,1.3168,30366,0
20111018,1.3168,1.3168,1.2595,1.2595,11313,0
20111019,1.3168,1.355,1.2977,1.3359,8290,0
20111020,1.3359,1.3359,1.2786,1.3168,13608,0
20111024,1.2977,1.3168,1.2786,1.3168,5780,0
20111025,1.3168,1.355,1.3168,1.3359,15579,0
20111026,1.3168,1.3168,1.2977,1.3168,6178,0
20111027,1.3168,1.3359,1.3168,1.3359,14195,0
20111028,1.3359,1.3359,1.2786,1.2786,6576,0
20111031,1.3168,1.3359,1.2977,1.3359,10490,0
20111102,1.2977,1.2977,1.2405,1.2977,31917,0
20111103,1.2595,1.3168,1.2595,1.2977,17109,0
20111104,1.2977,1.5267,1.2977,1.4122,269404,0
20111107,1.4313,1.4504,1.374,1.374,47113,0
20111108,1.374,1.4122,1.355,1.4122,38739,0
20111109,1.4122,1.4122,1.3168,1.355,45703,0
20111110,1.355,1.355,1.3168,1.3359,10952,0
20111114,1.355,1.3931,1.3168,1.355,16050,0
20111115,1.355,1.4122,1.3168,1.3168,11276,0
20111116,1.3359,1.374,1.3168,1.374,19461,0
20111117,1.355,1.374,1.3359,1.374,7105,0
20111118,1.3168,1.355,1.3168,1.3168,17622,0
20111121,1.3168,1.3168,1.2595,1.2595,29920,0
20111122,1.2595,1.2595,1.2405,1.2595,6115,0
20111123,1.2405,1.2595,1.2023,1.2595,11853,0
20111124,1.2595,1.2595,1.2214,1.2405,10742,0
20111125,1.2595,1.2595,1.145,1.2214,6712,0
20111128,1.1832,1.2023,1.1641,1.1832,16323,0
20111129,1.1832,1.2214,1.1641,1.2214,10339,0
20111130,1.2023,1.2405,1.2023,1.2214,20499,0
20111201,1.2023,1.2214,1.2023,1.2214,2913,0
20111202,1.2023,1.2405,1.1832,1.2405,7011,0
20111205,1.2023,1.2023,1.126,1.2023,17240,0
20111206,1.2023,1.2405,1.145,1.2023,82588,0
20111207,1.2214,1.2214,1.145,1.2023,21348,0
20111208,1.1641,1.1832,1.145,1.1832,15301,0
20111209,1.1641,1.1832,1.145,1.1832,13666,0
20111212,1.1832,1.1832,1.145,1.1832,12188,0
20111213,1.1832,1.2023,1.1641,1.1641,18361,0
20111214,1.145,1.145,1.126,1.145,6655,0
20111215,1.145,1.1641,1.126,1.1641,624,0
20111216,1.145,1.145,1.126,1.145,5570,0
20111219,1.126,1.126,1.0496,1.126,1483,0
20111220,1.0878,1.126,1.0496,1.126,2803,0
20111221,1.1069,1.1069,1.0878,1.1069,2562,0
20111222,1.0878,1.1069,1.0496,1.1069,16658,0
20111223,1.0878,1.0878,1.0687,1.0878,11596,0
20111227,1.0687,1.0878,1.0496,1.0878,15013,0
20111228,1.0496,1.0496,1.0115,1.0496,3762,0
20111229,1.0305,1.1069,1.0305,1.0878,16778,0
20111230,1.0687,1.126,1.0687,1.1069,7823,0
20120102,1.1069,1.1641,1.1069,1.1641,11261,0
20120103,1.1641,1.1832,1.1641,1.1832,2248,0
20120104,1.145,1.1641,1.126,1.1641,14379,0
20120105,1.1641,1.1832,1.145,1.1641,5926,0
20120109,1.1641,1.2214,1.1069,1.2023,52578,0
20120110,1.2405,1.2595,1.1832,1.2023,72993,0
20120111,1.1832,1.2214,1.1832,1.2214,31000,0
20120112,1.2214,1.2405,1.1832,1.2214,10354,0
20120113,1.2214,1.2405,1.1832,1.1832,14400,0
20120116,1.1832,1.2023,1.145,1.2023,4826,0
20120117,1.2023,1.2214,1.1832,1.2214,4768,0
20120118,1.2214,1.2405,1.2023,1.2405,19058,0
20120119,1.2595,1.5076,1.2595,1.355,612582,0
20120120,1.355,1.3931,1.2786,1.2786,94792,0
20120123,1.2786,1.3359,1.2214,1.2786,58347,0
20120124,1.2595,1.2977,1.2405,1.2977,13357,0
20120125,1.2977,1.355,1.2977,1.3359,24979,0
20120126,1.3359,1.4504,1.2977,1.355,91763,0
20120127,1.355,1.4313,1.355,1.3931,22925,0
20120130,1.374,1.4122,1.355,1.3931,10527,0
20120131,1.374,1.4122,1.374,1.4122,38619,0
20120201,1.4122,1.4313,1.3359,1.355,111125,0
20120202,1.374,1.4122,1.355,1.3931,62801,0
20120203,1.374,1.374,1.355,1.374,18204,0
20120206,1.3359,1.4122,1.3359,1.3931,70452,0
20120207,1.3931,1.4122,1.355,1.4122,31602,0
20120208,1.4122,1.4313,1.355,1.4313,89751,0
20120209,1.4122,1.4504,1.3931,1.4313,35056,0
20120210,1.3931,1.4122,1.374,1.4122,29019,0
20120213,1.3931,1.4122,1.355,1.4122,19482,0
20120214,1.3931,1.3931,1.374,1.3931,24890,0
20120215,1.4122,1.4122,1.3931,1.3931,66590,0
20120216,1.3931,1.4504,1.3931,1.4122,77196,0
20120217,1.4313,1.4313,1.374,1.4122,56168,0
20120220,1.4122,1.4885,1.374,1.4504,143995,0
20120221,1.4695,1.5076,1.4313,1.4695,63839,0
20120222,1.4885,1.7366,1.4695,1.6412,491847,0
20120223,1.6794,1.6794,1.584,1.6031,121400,0
20120224,1.6031,1.6221,1.5076,1.5649,80633,0
20120227,1.5458,1.6031,1.5267,1.5649,62000,0
20120228,1.5649,1.5649,1.5267,1.5649,38975,0
20120229,1.584,1.584,1.4695,1.5076,32331,0
20120301,1.4885,1.5267,1.4504,1.5076,21657,0
20120302,1.4504,1.5076,1.4504,1.5076,17690,0
20120305,1.5076,1.5267,1.4695,1.5267,14158,0
20120306,1.5076,1.5076,1.374,1.3931,35134,0
20120307,1.374,1.4122,1.3359,1.374,18387,0
20120308,1.355,1.4504,1.355,1.4122,40505,0
20120309,1.4313,1.4504,1.3931,1.4504,6933,0
20120312,1.4122,1.4122,1.3931,1.3931,1782,0
20120313,1.3931,1.4122,1.3931,1.4122,8981,0
20120314,1.4122,1.4313,1.374,1.3931,11649,0
20120315,1.4122,1.4122,1.3359,1.355,30675,0
20120316,1.374,1.3931,1.355,1.355,5706,0
20120319,1.355,1.355,1.3359,1.3359,1850,0
20120320,1.3359,1.3359,1.3359,1.3359,4213,0
20120321,1.3359,1.3359,1.2595,1.3168,41307,0
20120322,1.2977,1.3168,1.2595,1.2595,18277,0
20120323,1.2786,1.3168,1.2595,1.3168,6917,0
20120326,1.2977,1.3359,1.2977,1.2977,6623,0
20120327,1.2977,1.3168,1.2786,1.3168,7860,0
20120328,1.2977,1.2977,1.2977,1.2977,2840,0
20120329,1.2977,1.3168,1.2977,1.3168,2997,0
20120330,1.2977,1.2977,1.2977,1.2977,220,0
20120402,1.2786,1.2786,1.2786,1.2786,734,0
20120403,1.2786,1.2786,1.2786,1.2786,19666,0
20120404,1.2977,1.2977,1.2405,1.2405,21101,0
20120405,1.2405,1.2786,1.2405,1.2786,7200,0
20120410,1.2786,1.2786,1.1832,1.2023,7603,0
20120411,1.2023,1.2595,1.2023,1.2595,10396,0
20120412,1.2023,1.2786,1.2023,1.2786,2610,0
20120413,1.2405,1.2786,1.2405,1.2786,718,0
20120416,1.2977,1.2977,1.2405,1.2977,6686,0
20120417,1.2405,1.2786,1.2214,1.2595,4459,0
20120418,1.2214,1.2405,1.2214,1.2405,2976,0
20120419,1.2214,1.2214,1.2214,1.2214,3144,0
20120420,1.2214,1.2595,1.145,1.2595,28652,0
20120423,1.1832,1.2214,1.1832,1.2214,2803,0
20120424,1.2214,1.2214,1.2214,1.2214,136,0
20120425,1.2214,1.2595,1.2214,1.2595,1546,0
20120426,1.2595,1.2786,1.2595,1.2786,1064,0
20120427,1.2023,1.2214,1.2023,1.2214,524,0
20120430,1.1832,1.2595,1.1069,1.2023,28741,0
20120507,1.145,1.2023,1.145,1.2023,8064,0
20120508,1.1832,1.2023,1.145,1.145,4569,0
20120509,1.145,1.1832,1.1069,1.1832,6283,0
20120516,1.1069,1.1641,1.1069,1.1641,8353,0
20120517,1.1069,1.126,1.0496,1.126,12052,0
20120518,1.0687,1.1069,1.0496,1.1069,3411,0
20120521,1.1069,1.145,1.1069,1.126,4475,0
20120522,1.1069,1.1069,1.0878,1.0878,6540,0
20120523,1.0878,1.126,1.0687,1.126,6403,0
20120524,1.0878,1.1069,1.0687,1.1069,1556,0
20120525,1.1069,1.126,1.0496,1.126,3951,0
20120529,1.0496,1.126,1.0496,1.126,1011,0
20120530,1.2405,1.2405,1.0687,1.126,90552,0
20120531,1.145,1.2023,1.126,1.1641,164389,0
20120601,1.145,1.1641,1.0878,1.145,13729,0
20120604,1.0496,1.0878,1.0305,1.0878,2830,0
20120605,1.0496,1.1069,1.0115,1.0687,7588,0
20120606,1.0687,1.0687,1.0496,1.0496,3144,0
20120608,1.0687,1.0687,1.0687,1.0687,204,0
20120611,1.1069,1.1069,1.1069,1.1069,16,0
20120612,1.1069,1.1069,1.1069,1.1069,10,0
20120618,1.0878,1.0878,1.0305,1.0305,618,0
20120619,1.0496,1.1069,1.0305,1.0878,1514,0
20120620,1.0687,1.1069,1.0496,1.1069,3909,0
20120621,1.0687,1.0878,1.0115,1.0878,7388,0
20120622,1.0687,1.126,1.0687,1.126,24796,0
20120625,1.1069,1.126,1.1069,1.1069,2610,0
20120626,1.1069,1.126,1.0687,1.0878,2756,0
20120628,1.0687,1.1069,1.0687,1.1069,2646,0
20120629,1.0687,1.126,1.0687,1.126,5104,0
20120702,1.1069,1.1069,1.0878,1.1069,2070,0
20120703,1.0687,1.0687,1.0687,1.0687,23213,0
20120705,1.0687,1.0878,1.0496,1.0878,23721,0
20120706,1.0878,1.0878,1.0496,1.0496,5539,0
20120709,1.0305,1.0687,1.0305,1.0687,2101,0
20120710,1.0687,1.0878,1.0687,1.0687,561,0
20120711,1.0496,1.0687,1.0305,1.0687,3233,0
20120712,1.0305,1.0687,1.0305,1.0687,2248,0
20120713,1.0115,1.0687,1.0115,1.0687,1787,0
20120717,1.0115,1.0496,0.9924,1.0496,5843,0
20120719,0.9542,1.0305,0.9542,1.0115,8389,0
20120720,0.9924,0.9924,0.9924,0.9924,141,0
20120723,0.8969,0.9351,0.8969,0.916,13163,0
20120724,0.9351,0.9351,0.9351,0.9351,68,0
20120725,0.8969,0.8969,0.8206,0.8588,14646,0
20120726,0.8588,0.8588,0.8206,0.8397,9002,0
20120727,0.8397,0.8588,0.8397,0.8588,7698,0
20120730,0.8206,0.8206,0.8206,0.8206,1048,0
20120731,0.7634,0.8015,0.7634,0.8015,1347,0
20120801,0.8015,0.8015,0.8015,0.8015,1043,0
20120802,0.8206,0.8206,0.8015,0.8206,7252,0
20120803,0.8206,0.8206,0.8015,0.8206,7326,0
20120806,0.8206,0.8588,0.8206,0.8588,1886,0
20120807,0.8397,0.8588,0.8397,0.8588,2657,0
20120808,0.7824,0.8397,0.7824,0.8397,3196,0
20120809,0.7824,0.8588,0.7824,0.8588,3306,0
20120810,0.8397,0.8397,0.8015,0.8397,9118,0
20120813,0.8206,0.8206,0.8206,0.8206,304,0
20120814,0.8397,0.8397,0.7824,0.7824,5062,0
20120817,0.8206,0.8206,0.7824,0.7824,1572,0
20120820,0.8206,0.8206,0.7824,0.7824,110,0
20120821,0.7824,0.8015,0.7824,0.8015,210,0
20120824,0.8015,0.8015,0.8015,0.8015,0,0
20120827,0.8015,0.8015,0.8015,0.8015,4192,0
20120828,0.8015,0.8015,0.8015,0.8015,7860,0
20120829,0.7824,0.8015,0.7824,0.8015,37,0
20120830,0.8206,0.8206,0.8206,0.8206,52,0
20120903,0.7824,0.7824,0.7634,0.7824,6283,0
20120904,0.7824,0.8015,0.7824,0.8015,5350,0
20120905,0.7634,0.8015,0.7634,0.8015,5502,0
20120906,0.7634,0.7824,0.7634,0.7824,2012,0
20120907,0.7824,0.7824,0.7824,0.7824,0,0
20120910,0.7634,0.7824,0.7443,0.7824,8656,0
20120911,0.7634,0.7634,0.7634,0.7634,1368,0
20120912,0.7634,0.7634,0.7634,0.7634,524,0
20120913,0.7443,0.7443,0.7252,0.7443,13729,0
20120914,0.7252,0.7443,0.7252,0.7443,2620,0
20120917,0.7252,0.7443,0.7252,0.7443,157,0
20120918,0.7061,0.7252,0.687,0.7252,6880,0
20120919,0.7252,0.7252,0.687,0.7061,9773,0
20120920,0.687,0.7061,0.687,0.7061,812,0
20120921,0.7061,0.7252,0.7061,0.7252,6571,0
20120924,0.7252,0.7443,0.7252,0.7443,6555,0
20120925,0.7443,0.7443,0.687,0.7252,17821,0
20120926,0.7443,0.7443,0.687,0.7443,1834,0
20120927,0.7443,0.8015,0.7443,0.7824,45562,0
20120928,0.7634,0.7824,0.7443,0.7634,4611,0
20121001,0.7443,0.7443,0.7061,0.7443,10527,0
20121002,0.7634,0.7824,0.7443,0.7634,23606,0
20121003,0.7824,0.8397,0.7824,0.8206,18927,0
20121004,0.8206,0.8206,0.8206,0.8206,1310,0
20121005,0.8206,0.9542,0.8015,0.916,120813,0
20121008,0.8779,0.916,0.8588,0.8969,13336,0
20121009,0.8779,0.8779,0.8397,0.8588,36119,0
20121010,0.8779,0.8779,0.8397,0.8779,11350,0
20121011,0.8397,0.8588,0.8397,0.8588,1216,0
20121012,0.8397,0.8588,0.8015,0.8397,26923,0
20121015,0.8206,0.8397,0.8015,0.8397,325,0
20121016,0.8588,0.8588,0.8397,0.8397,6068,0
20121017,0.8397,0.8588,0.8397,0.8588,6236,0
20121018,0.8588,0.916,0.8206,0.8969,10904,0
20121019,0.8779,0.9351,0.8779,0.916,9249,0
20121022,0.8969,0.916,0.8588,0.8779,17072,0
20121023,0.8397,0.8779,0.8397,0.8779,7881,0
20121024,0.8588,0.8588,0.8397,0.8397,4994,0
20121025,0.8588,0.8588,0.8588,0.8588,0,0
20121030,0.8397,0.8588,0.8397,0.8588,1373,0
20121105,0.8397,0.8588,0.7824,0.8588,241,0
20121108,0.8206,0.8588,0.8206,0.8588,3668,0
20121109,0.8206,0.8206,0.7824,0.7824,3658,0
20121112,0.8397,0.8397,0.8397,0.8397,2358,0
20121113,0.8206,0.8206,0.8206,0.8206,131,0
20121114,0.8015,0.8206,0.8015,0.8206,1787,0
20121115,0.8206,0.8206,0.8206,0.8206,52,0
20121119,0.8015,0.8015,0.8015,0.8015,52,0
20121120,0.7824,0.7824,0.7824,0.7824,44006,0
20121122,0.8206,0.8206,0.7634,0.7634,288,0
20121126,0.7824,0.7824,0.7634,0.7824,1724,0
20121127,0.7824,0.7824,0.7252,0.7634,26572,0
20121129,0.7443,0.7634,0.7443,0.7634,4632,0
20121130,0.7634,0.7634,0.7443,0.7634,3175,0
20121203,0.7824,0.7824,0.7824,0.7824,0,0
20121204,0.7824,0.7824,0.7634,0.7824,4936,0
20121205,0.7634,0.8015,0.7634,0.7824,5025,0
20121206,0.8015,0.8015,0.8015,0.8015,498,0
20121207,0.7824,0.7824,0.7824,0.7824,508,0
20121210,0.7634,0.7634,0.7443,0.7443,11528,0
20121211,0.7443,0.7443,0.7443,0.7443,8955,0
20121212,0.7443,0.7443,0.7443,0.7443,8908,0
20121213,0.7443,0.7634,0.7252,0.7634,19074,0
20121217,0.7443,0.7443,0.7443,0.7443,68,0
20121218,0.7634,0.8015,0.7443,0.7443,6749,0
20121219,0.7443,0.7443,0.7252,0.7443,26724,0
20121220,0.7252,0.7443,0.7252,0.7443,12393,0
20121221,0.7252,0.7252,0.7252,0.7252,1100,0
20121227,0.7252,0.7252,0.7252,0.7252,10077,0
20121228,0.7252,0.7634,0.7061,0.7061,25283,0
20130102,0.7634,0.7634,0.7634,0.7634,524,0
20130103,0.7443,0.7443,0.7252,0.7252,7111,0
20130107,0.7634,0.8206,0.7634,0.8015,56938,0
20130108,0.7824,0.8015,0.7634,0.8015,13708,0
20130109,0.8015,1.0305,0.8015,1.0305,275561,0
20130110,1.126,1.1641,0.9924,0.9924,304166,0
20130111,0.9924,0.9924,0.8969,0.9733,81529,0
20130114,0.9733,0.9733,0.9542,0.9542,13352,0
20130115,0.9351,0.9351,0.916,0.916,25398,0
20130116,0.9351,0.9351,0.916,0.916,10532,0
20130117,0.916,0.916,0.916,0.916,43576,0
20130118,0.9733,1.0115,0.916,0.9542,138053,0
20130121,0.9351,0.9542,0.916,0.9542,25267,0
20130122,0.9351,0.9542,0.916,0.9542,1153,0
20130123,0.916,0.9351,0.916,0.9351,11004,0
20130124,0.9351,0.9542,0.9351,0.9542,1058,0
20130125,0.9351,0.9542,0.916,0.916,12628,0
20130129,0.916,0.916,0.916,0.916,31440,0
20130130,0.916,0.916,0.8397,0.8969,17795,0
20130131,0.8969,0.8969,0.8588,0.8969,629,0
20130201,0.8969,0.8969,0.8206,0.8397,37817,0
20130204,0.8397,0.8397,0.7824,0.8015,42701,0
20130205,0.8015,0.8206,0.7824,0.7824,5371,0
20130206,0.8015,0.8206,0.7824,0.8206,6990,0
20130207,0.7824,0.8206,0.7824,0.8206,16118,0
20130208,0.7824,0.8206,0.7824,0.8206,4847,0
20130211,0.8206,0.8397,0.8015,0.8206,4265,0
20130212,0.8015,0.8206,0.7634,0.8015,24728,0
20130213,0.7634,0.7634,0.7634,0.7634,7860,0
20130214,0.7634,0.7824,0.7634,0.7824,5078,0
20130215,0.7443,0.7634,0.7443,0.7634,5182,0
20130218,0.7634,0.7634,0.7634,0.7634,15196,0
20130219,0.7443,0.7824,0.7443,0.7824,6131,0
20130221,0.7634,0.7634,0.7252,0.7634,13100,0
20130222,0.7443,0.8015,0.7443,0.7824,21772,0
20130225,0.8015,0.8206,0.7824,0.8206,11339,0
20130226,0.8015,0.8015,0.7824,0.7824,2651,0
20130227,0.8206,0.8588,0.8015,0.8206,24900,0
20130228,0.8397,1.0115,0.8206,0.9733,236544,0
20130301,0.8588,0.9351,0.8588,0.8969,129748,0
20130304,0.8969,0.916,0.8588,0.8779,42156,0
20130305,0.8588,0.9542,0.8588,0.9542,163561,0
20130306,0.9733,1.0496,0.8969,0.9542,213839,0
20130307,0.9542,0.9733,0.9351,0.9351,14206,0
20130308,0.9351,0.9542,0.916,0.9542,3972,0
20130311,0.9542,0.9924,0.916,0.9924,7074,0
20130312,0.9351,0.9351,0.8969,0.9351,53202,0
20130313,0.8779,0.916,0.8588,0.916,29323,0
20130314,0.8969,0.9351,0.8969,0.9351,32336,0
20130315,0.916,0.9351,0.8969,0.9351,11109,0
20130318,0.9542,0.9542,0.9351,0.9542,157,0
20130319,0.8969,0.9351,0.8779,0.916,29847,0
20130320,0.8779,0.916,0.8779,0.916,4250,0
20130321,0.916,0.916,0.8397,0.8588,77500,0
20130322,0.8397,0.8779,0.8397,0.8588,28170,0
20130325,0.8779,0.8779,0.8779,0.8779,524,0
20130326,0.8779,0.8779,0.8397,0.8588,2651,0
20130327,0.8397,0.8588,0.8206,0.8588,24476,0
20130328,0.8397,0.8397,0.8397,0.8397,2620,0
20130402,0.8397,0.8397,0.8015,0.8015,8971,0
20130403,0.8015,0.8015,0.8015,0.8015,14337,0
20130404,0.8015,0.8397,0.8015,0.8015,3537,0
20130405,0.8397,0.8397,0.8015,0.8397,1011,0
20130408,0.8397,0.8779,0.8397,0.8588,19886,0
20130409,0.8588,0.8588,0.8588,0.8588,52,0
20130410,0.8588,0.8969,0.8397,0.8779,22920,0
20130411,0.8588,0.8969,0.8397,0.8779,13807,0
20130412,0.8779,0.8779,0.8588,0.8779,18461,0
20130415,0.8588,0.8969,0.8206,0.8206,15437,0
20130417,0.8397,0.8779,0.8206,0.8206,23852,0
20130418,0.8397,0.8779,0.8397,0.8397,8227,0
20130419,0.8588,0.8588,0.8588,0.8588,529,0
20130422,0.8206,0.8588,0.8206,0.8588,1478,0
20130423,0.8206,0.8779,0.8206,0.8588,27274,0
20130424,0.8397,0.8779,0.8397,0.8779,3013,0
20130425,0.8397,0.8588,0.8206,0.8588,5764,0
20130426,0.8588,0.8779,0.8397,0.8588,9699,0
20130429,0.8779,0.8779,0.8397,0.8779,5858,0
20130502,0.8397,0.916,0.8397,0.916,15385,0
20130506,0.8779,0.916,0.8588,0.8969,15558,0
20130507,0.8588,0.8969,0.8588,0.8969,9170,0
20130508,0.8397,0.8397,0.8397,0.8397,13100,0
20130509,0.8397,0.8779,0.8397,0.8588,26850,0
20130510,0.8588,0.8969,0.8588,0.8969,10878,0
20130513,0.8588,0.8969,0.8588,0.8779,20200,0
20130514,0.8779,0.916,0.8779,0.916,18943,0
20130515,0.916,0.9924,0.8969,0.9924,301798,0
20130516,0.9733,1.0305,0.8969,0.9351,114520,0
20130517,0.8969,0.8969,0.8588,0.8779,82415,0
20130520,0.8588,0.916,0.8588,0.8779,18335,0
20130521,0.8779,0.8779,0.8588,0.8588,9673,0
20130522,0.8779,0.916,0.8588,0.916,18481,0
20130523,0.8779,0.8969,0.8779,0.8779,4664,0
20130524,0.8588,0.8779,0.8588,0.8779,38907,0
20130527,0.8969,0.8969,0.8588,0.8588,7032,0
20130528,0.8969,0.8969,0.8588,0.8779,9809,0
20130529,0.8779,0.916,0.8397,0.8588,67848,0
20130531,0.8397,0.8588,0.8206,0.8397,31817,0
20130603,0.8015,0.8206,0.7824,0.8015,23517,0
20130604,0.8206,0.8206,0.7824,0.8206,6183,0
20130605,0.8397,0.8397,0.8206,0.8397,6791,0
20130606,0.8206,0.8588,0.8206,0.8588,10260,0
20130607,0.8206,0.8969,0.8206,0.8969,32226,0
20130610,0.8588,0.8588,0.8588,0.8588,52,0
20130611,0.8397,0.8969,0.8397,0.8588,8096,0
20130612,0.8588,0.8779,0.8588,0.8779,7965,0
20130613,0.8588,0.916,0.8588,0.8969,61947,0
20130614,0.8969,0.8969,0.8588,0.8588,10585,0
20130617,0.8588,0.8588,0.8397,0.8397,812,0
20130618,0.8397,0.8397,0.8397,0.8397,1493,0
20130619,0.8397,0.8397,0.8397,0.8397,1572,0
20130620,0.8397,0.8397,0.8015,0.8015,11570,0
20130621,0.8015,0.8206,0.8015,0.8015,17192,0
20130624,0.8206,0.8206,0.8206,0.8206,419,0
20130625,0.7824,0.8206,0.7824,0.7824,4260,0
20130626,0.7824,0.8015,0.7634,0.7634,9165,0
20130627,0.7634,0.7634,0.7443,0.7634,6843,0
20130701,0.7634,0.8206,0.7443,0.8206,32289,0
20130702,0.7443,0.7634,0.7443,0.7443,14075,0
20130703,0.7443,0.8015,0.7443,0.7634,11596,0
20130704,0.7824,0.8015,0.7824,0.8015,7336,0
20130705,0.8015,0.8015,0.8015,0.8015,16,0
20130708,0.7634,0.8206,0.7634,0.8206,7755,0
20130709,0.7824,0.8015,0.7824,0.8015,1137,0
20130710,0.8015,0.8206,0.8015,0.8015,5161,0
20130711,0.8015,0.8206,0.8015,0.8206,7865,0
20130712,0.8206,0.8397,0.8015,0.8015,41480,0
20130715,0.8397,0.8397,0.8015,0.8015,3684,0
20130716,0.8206,0.8397,0.8206,0.8397,524,0
20130719,0.8015,0.8015,0.8015,0.8015,786,0
20130722,0.8206,0.8206,0.8206,0.8206,582,0
20130723,0.7824,0.7824,0.7824,0.7824,7409,0
20130724,0.7634,0.8206,0.7634,0.8206,409,0
20130725,0.8015,0.8015,0.8015,0.8015,136,0
20130726,0.8015,0.8015,0.8015,0.8015,524,0
20130729,0.7824,0.8015,0.7824,0.8015,2987,0
20130802,0.8015,0.8206,0.8015,0.8015,3458,0
20130805,0.8206,0.8206,0.7824,0.7824,12801,0
20130806,0.7824,0.7824,0.7824,0.7824,262,0
20130807,0.7824,0.8206,0.7824,0.8206,5890,0
20130808,0.8015,0.8206,0.7824,0.8206,2447,0
20130809,0.8015,0.8206,0.7824,0.8206,1645,0
20130812,0.8206,0.8969,0.8015,0.8969,190579,0
20130813,0.8969,0.9351,0.8397,0.8397,183515,0
20130814,0.8397,0.8588,0.8206,0.8588,7436,0
20130816,0.8206,0.8397,0.8015,0.8397,5926,0
20130819,0.8015,0.8206,0.7824,0.7824,24649,0
20130820,0.7824,0.8015,0.7634,0.8015,44404,0
20130821,0.8015,0.8015,0.8015,0.8015,1572,0
20130822,0.7824,0.8206,0.7824,0.8206,5769,0
20130823,0.8206,0.8206,0.7824,0.8206,10239,0
20130826,0.8015,0.8206,0.7824,0.8206,2175,0
20130827,0.7824,0.7824,0.7824,0.7824,314,0
20130828,0.8206,0.8206,0.8206,0.8206,5,0
20130829,0.7824,0.8206,0.7824,0.8206,1153,0
20130903,0.7824,0.8206,0.7824,0.8206,19488,0
20130904,0.8206,0.8206,0.8206,0.8206,1399,0
20130905,0.8015,0.8015,0.7252,0.7634,23323,0
20130906,0.7824,0.7824,0.7824,0.7824,2620,0
20130909,0.7443,0.8015,0.7443,0.8015,7698,0
20130910,0.7634,0.8015,0.7634,0.8015,1263,0
20130911,0.8015,0.8015,0.7824,0.7824,959,0
20130912,0.8015,0.8015,0.7824,0.7824,519,0
20130913,0.8015,0.8015,0.7824,0.7824,514,0
20130916,0.8015,0.8015,0.7443,0.7443,39897,0
20130917,0.7634,0.7634,0.7634,0.7634,1048,0
20130919,0.7634,0.7634,0.7634,0.7634,1425,0
20130920,0.7824,0.7824,0.7443,0.7824,4402,0
20130923,0.7634,0.7634,0.7634,0.7634,367,0
20130924,0.7634,0.7634,0.7634,0.7634,3144,0
20130925,0.7824,0.7824,0.7634,0.7634,3652,0
20130926,0.7824,0.7824,0.7634,0.7824,13996,0
20130927,0.7824,0.8015,0.7443,0.8015,8552,0
20131001,0.8015,0.8015,0.7634,0.8015,6875,0
20131002,0.7634,0.8015,0.7634,0.7824,1399,0
20131003,0.8015,0.8015,0.8015,0.8015,63,0
20131004,0.7634,0.8015,0.7634,0.7824,13540,0
20131007,0.7634,0.7824,0.7252,0.7634,12288,0
20131008,0.7252,0.7634,0.7252,0.7252,36067,0
20131009,0.7061,0.7061,0.7061,0.7061,5,0
20131010,0.7634,0.7634,0.687,0.7443,40589,0
20131011,0.7252,0.7824,0.6679,0.7252,152060,0
20131014,0.7252,0.7634,0.7061,0.7443,21012,0
20131015,0.7634,0.8015,0.7252,0.7824,170405,0
20131016,0.7443,0.7824,0.7443,0.7443,29711,0
20131017,0.7443,0.7443,0.7252,0.7252,8384,0
20131018,0.7252,0.7443,0.7252,0.7252,7635,0
20131021,0.7443,0.7443,0.7443,0.7443,11879,0
20131022,0.7634,0.7634,0.6298,0.687,44828,0
20131023,0.6679,0.687,0.6489,0.687,34856,0
20131024,0.7061,0.7061,0.687,0.687,38671,0
20131025,0.6679,0.7824,0.6679,0.7443,128988,0
20131028,0.7443,0.7443,0.7061,0.7061,26693,0
20131029,0.7061,0.7443,0.7061,0.7443,17654,0
20131030,0.7443,0.7824,0.7443,0.7634,64730,0
20131031,0.7443,0.7824,0.7443,0.7824,17203,0
20131104,0.7824,0.7824,0.7634,0.7824,22060,0
20131105,0.7824,0.7824,0.7634,0.7824,5612,0
20131106,0.7824,0.7824,0.7443,0.7824,12524,0
20131107,0.7634,0.7824,0.7634,0.7824,21327,0
20131108,0.7824,0.7824,0.7634,0.7824,9715,0
20131112,0.7824,0.8015,0.7634,0.7634,18288,0
20131113,0.8015,0.8015,0.7634,0.7824,16496,0
20131114,0.7824,0.8015,0.7634,0.7824,16873,0
20131115,0.8015,0.8015,0.7634,0.8015,15379,0
20131118,0.7634,0.8015,0.7634,0.8015,4800,0
20131119,0.7824,0.8015,0.7443,0.7634,19996,0
20131120,0.7634,0.7634,0.7443,0.7443,25666,0
20131121,0.7443,0.7634,0.7061,0.7061,8924,0
20131122,0.7634,0.7634,0.7443,0.7634,3768,0
20131125,0.7443,0.7634,0.7443,0.7634,12576,0
20131126,0.7634,0.7634,0.7252,0.7443,18602,0
20131127,0.7252,0.7634,0.7061,0.7252,8122,0
20131128,0.7252,0.7443,0.7252,0.7252,3668,0
20131129,0.7252,0.7252,0.7252,0.7252,2096,0
20131202,0.7252,0.7443,0.7252,0.7443,11916,0
20131203,0.7443,0.7443,0.7252,0.7252,9165,0
20131204,0.7252,0.7443,0.7252,0.7443,11575,0
20131206,0.7443,0.7443,0.7252,0.7443,16469,0
20131209,0.7252,0.7634,0.7252,0.7634,4721,0
20131210,0.7634,0.7634,0.7443,0.7443,9081,0
20131211,0.7252,0.7443,0.7252,0.7443,7687,0
20131212,0.7252,0.7443,0.7061,0.7443,29983,0
20131213,0.7061,0.7061,0.7061,0.7061,1913,0
20131216,0.7252,0.7443,0.7252,0.7443,7839,0
20131217,0.7061,0.7061,0.7061,0.7061,4407,0
20131218,0.7252,0.7252,0.7061,0.7252,10962,0
20131219,0.7252,0.7443,0.7061,0.7443,39693,0
20131220,0.687,0.7252,0.687,0.7061,14672,0
20131223,0.7061,0.7061,0.7061,0.7061,16569,0
20131227,0.7443,0.7443,0.7252,0.7252,1153,0
20131230,0.7061,0.7443,0.7061,0.7061,13257,0
20140102,0.7061,0.7252,0.7061,0.7061,26247,0
20140103,0.7252,0.7443,0.7252,0.7443,2851,0
20140107,0.7443,0.7443,0.7443,0.7443,52,0
20140108,0.7061,0.7252,0.7061,0.7252,5381,0
20140109,0.7252,0.7443,0.7252,0.7443,31241,0
20140110,0.7252,0.7443,0.7061,0.7252,10747,0
20140113,0.7252,0.7252,0.7252,0.7252,6241,0
20140114,0.7252,0.7443,0.687,0.7061,92476,0
20140115,0.7061,0.7252,0.7061,0.7252,36334,0
20140116,0.7061,0.7061,0.687,0.7061,30654,0
20140117,0.7252,0.7252,0.7061,0.7061,6288,0
20140120,0.7252,0.7252,0.7252,0.7252,7860,0
20140121,0.7252,0.7252,0.7252,0.7252,524,0
20140122,0.7061,0.7061,0.687,0.7061,19294,0
20140123,0.7252,0.7252,0.7252,0.7252,9856,0
20140128,0.7252,0.7252,0.6679,0.6679,12896,0
20140129,0.687,0.7252,0.6679,0.7252,4454,0
20140130,0.687,0.7061,0.687,0.7061,7263,0
20140131,0.7252,0.7252,0.7252,0.7252,10700,0
20140203,0.7252,0.7252,0.7252,0.7252,20798,0
20140204,0.7061,0.7252,0.7061,0.7252,7588,0
20140205,0.687,0.687,0.687,0.687,5680,0
20140206,0.7061,0.8015,0.687,0.8015,203909,0
20140207,0.8015,0.916,0.8015,0.8969,455000,0
20140210,0.8969,0.8969,0.8206,0.8397,194273,0
20140211,0.8588,1.1641,0.8015,1.1641,663772,0
20140212,1.2023,1.3168,1.0687,1.1069,955635,0
20140213,1.126,1.126,1.0305,1.0496,207373,0
20140214,1.0878,1.1832,1.0305,1.1641,390679,0
20140217,1.1641,1.4695,1.1641,1.4695,463001,0
20140218,1.4122,1.4313,1.2786,1.2977,687001,0
20140219,1.2977,1.4122,1.2595,1.355,286319,0
20140220,1.374,1.374,1.2977,1.3359,87707,0
20140221,1.3168,1.3359,1.2786,1.3168,55114,0
20140224,1.2977,1.3359,1.2786,1.2786,96725,0
20140225,1.2786,1.5267,1.2786,1.4122,566339,0
20140226,1.4122,1.4122,1.2977,1.355,203810,0
20140227,1.3359,1.4504,1.2786,1.2977,142748,0
20140228,1.2405,1.2595,1.145,1.1641,287173,0
20140303,1.145,1.1641,1.0305,1.0496,203747,0
20140304,1.0496,1.145,1.0496,1.126,175881,0
20140305,1.126,1.1641,1.0496,1.126,282651,0
20140306,1.126,1.2023,1.1069,1.126,237194,0
20140307,1.1641,1.1641,1.0878,1.0878,83400,0
20140310,1.0878,1.145,1.0687,1.0687,41784,0
20140311,1.1069,1.1069,1.0687,1.0687,10417,0
20140312,1.0687,1.1069,0.9733,0.9733,95520,0
20140313,0.9733,1.0115,0.9542,0.9733,35433,0
20140314,0.9733,0.9733,0.916,0.9351,43419,0
20140317,0.916,0.9924,0.916,0.9924,66464,0
20140318,0.9924,0.9924,0.9542,0.9733,33442,0
20140319,0.9351,1.0115,0.9351,1.0115,54155,0
20140320,0.9924,1.0496,0.9924,1.0496,65039,0
20140321,1.0496,1.0878,1.0305,1.0687,97212,0
20140324,1.0687,1.0878,1.0305,1.0878,30439,0
20140325,1.0687,1.0687,1.0496,1.0687,23596,0
20140326,1.0305,1.0878,1.0115,1.0878,18193,0
20140327,1.0496,1.0878,1.0496,1.0496,35181,0
20140328,1.0687,1.0687,1.0115,1.0115,16852,0
20140331,0.9924,1.0115,0.9733,1.0115,26357,0
20140401,0.9924,1.0115,0.9924,1.0115,6812,0
20140402,1.0115,1.0115,0.9924,0.9924,917,0
20140403,0.9733,0.9924,0.9351,0.9542,68539,0
20140404,0.9542,0.9733,0.9542,0.9542,1986,0
20140407,0.9542,0.9542,0.8969,0.9351,38268,0
20140408,0.8969,0.916,0.8969,0.8969,12744,0
20140409,0.916,0.9542,0.916,0.9542,36292,0
20140410,1.0115,1.0115,0.9351,0.9542,33311,0
20140414,0.916,0.916,0.916,0.916,6262,0
20140415,0.9351,0.9351,0.916,0.916,4983,0
20140416,0.916,0.916,0.8588,0.8969,24020,0
20140417,0.8969,0.8969,0.8779,0.8779,4244,0
20140422,0.8397,0.8969,0.8397,0.8588,9065,0
20140423,0.8969,0.8969,0.8779,0.8779,3668,0
20140424,0.8969,0.8969,0.8969,0.8969,2164,0
20140425,0.9351,0.9351,0.8779,0.916,19026,0
20140428,0.9351,0.9351,0.8969,0.916,4915,0
20140429,0.916,0.916,0.8969,0.8969,14033,0
20140430,0.8779,0.916,0.8779,0.916,13100,0
20140505,0.916,0.916,0.916,0.916,1284,0
20140507,0.8588,0.8969,0.8588,0.8969,10176,0
20140508,0.8588,0.8588,0.8397,0.8588,6356,0
20140509,0.8397,0.8397,0.8397,0.8397,5188,0
20140512,0.8397,0.8588,0.8397,0.8588,1048,0
20140513,0.8779,0.8779,0.8779,0.8779,0,0
20140514,0.8588,0.8779,0.8397,0.8779,1022,0
20140515,0.8397,0.8779,0.8206,0.8588,11790,0
20140516,0.8588,0.8588,0.8015,0.8588,13435,0
20140519,0.8588,0.8588,0.8015,0.8206,7986,0
20140520,0.8206,0.8206,0.7634,0.8015,20232,0
20140521,0.8015,0.8015,0.7824,0.8015,2227,0
20140522,0.8015,0.8015,0.8015,0.8015,1048,0
20140523,0.7634,0.7634,0.7634,0.7634,267,0
20140526,0.7634,0.8015,0.7634,0.7824,5581,0
20140527,0.7634,0.7824,0.7634,0.7634,5041,0
20140528,0.7634,0.7824,0.7443,0.7824,7734,0
20140529,0.7634,0.7824,0.7252,0.7443,13493,0
20140530,0.7634,0.7824,0.7634,0.7634,996,0
20140602,0.7634,0.7634,0.7252,0.7634,9243,0
20140603,0.7634,0.7634,0.7634,0.7634,16087,0
20140604,0.7634,0.7634,0.7252,0.7634,27201,0
20140605,0.7443,0.7634,0.7443,0.7634,3982,0
20140606,0.7634,0.7634,0.7634,0.7634,1834,0
20140609,0.7634,0.7634,0.7252,0.7443,13032,0
20140610,0.7443,0.7634,0.7443,0.7634,7598,0
20140611,0.7634,0.9924,0.7634,0.9924,371275,0
20140612,0.9924,1.0878,0.9542,0.9733,382263,0
20140613,0.9542,0.9924,0.916,0.9351,72249,0
20140616,0.9542,0.9733,0.8969,0.9733,55796,0
20140617,0.9542,0.9542,0.916,0.916,15903,0
20140618,0.916,0.9351,0.916,0.916,4585,0
20140620,0.9351,0.9351,0.916,0.9351,18675,0
20140623,0.9351,0.9351,0.916,0.916,6901,0
20140624,0.916,0.916,0.8588,0.8969,16778,0
20140625,0.8779,0.8969,0.8588,0.8969,3726,0
20140626,0.8588,0.916,0.8588,0.916,6576,0
20140627,0.8779,0.8779,0.8397,0.8588,9196,0
20140630,0.8588,0.8588,0.8015,0.8206,10621,0
20140701,0.8206,0.8206,0.8206,0.8206,157,0
20140702,0.8206,0.8206,0.6679,0.6679,8436,0
20140703,0.7252,0.7252,0.7252,0.7252,430,0
20140704,0.7443,0.7443,0.7443,0.7443,4994,0
20140710,0.7824,0.7824,0.7824,0.7824,26,0
20140715,0.7443,0.7443,0.7443,0.7443,545,0
20140716,0.7443,0.7443,0.7443,0.7443,2594,0
20140717,0.7252,0.7252,0.7252,0.7252,79,0
20140718,0.7252,0.7252,0.7252,0.7252,162,0
20140721,0.7443,0.7443,0.7443,0.7443,2809,0
20140722,0.7252,0.7252,0.7252,0.7252,1572,0
20140723,0.7061,0.7061,0.7061,0.7061,314,0
20140724,0.7061,0.7061,0.7061,0.7061,9060,0
20140725,0.687,0.687,0.687,0.687,8463,0
20140728,0.687,0.687,0.687,0.687,2253,0
20140729,0.687,0.687,0.687,0.687,13393,0
20140730,0.687,0.687,0.687,0.687,2657,0
20140731,0.687,0.687,0.687,0.687,2112,0
20140801,0.6679,0.6679,0.6679,0.6679,1755,0
20140804,0.6679,0.6679,0.6679,0.6679,2573,0
20140805,0.6489,0.6489,0.6489,0.6489,13152,0
20140807,0.5916,0.6107,0.5916,0.6107,9710,0
20140808,0.6298,0.6298,0.6298,0.6298,5240,0
20140811,0.6489,0.6489,0.6298,0.6298,11339,0
20140812,0.687,0.687,0.687,0.687,3003,0
20140813,0.7061,0.7061,0.7061,0.7061,629,0
20140814,0.7061,0.7061,0.7061,0.7061,524,0
20140818,0.7443,0.7443,0.7443,0.7443,8347,0
20140819,0.7252,0.7252,0.7252,0.7252,524,0
20140820,0.7252,0.7443,0.7252,0.7443,1572,0
20140821,0.7443,0.7443,0.7443,0.7443,524,0
20140825,0.687,0.687,0.687,0.687,10480,0
20140827,0.687,0.687,0.6679,0.6679,6230,0
20140828,0.6489,0.6489,0.6489,0.6489,4522,0
20140829,0.6489,0.6489,0.6489,0.6489,7284,0
20140917,0.7061,0.7061,0.7023,0.7023,12613,0
20140918,0.624,0.6679,0.624,0.6679,1310,0
20140919,0.626,0.626,0.624,0.624,7247,0
20140922,0.5916,0.6107,0.5916,0.6107,17826,0
20140923,0.5916,0.624,0.5916,0.624,4265,0
20140924,0.624,0.6374,0.624,0.6374,152,0
20140925,0.6279,0.6279,0.626,0.626,2630,0
20140926,0.5821,0.6355,0.5821,0.6355,18178,0
20140929,0.5916,0.5916,0.5916,0.5916,10480,0
20140930,0.5725,0.5725,0.5725,0.5725,17130,0
20141001,0.5725,0.5821,0.5725,0.5821,13362,0
20141002,0.5553,0.5897,0.5553,0.5897,1844,0
20141003,0.5573,0.5706,0.5573,0.5706,1855,0
20141006,0.5573,0.5725,0.5573,0.5725,2447,0
20141007,0.5573,0.5573,0.5573,0.5573,2463,0
20141008,0.5439,0.5439,0.5344,0.5344,19566,0
20141009,0.5344,0.5344,0.5344,0.5344,3668,0
20141010,0.5534,0.5534,0.5172,0.5363,1766,0
20141013,0.5248,0.5439,0.5248,0.5439,1100,0
20141017,0.5153,0.5725,0.49809,0.5668,13021,0
20141020,0.5344,0.5496,0.5344,0.5496,1205,0
20141021,0.542,0.542,0.542,0.542,157,0
20141022,0.5725,0.6107,0.5725,0.6107,49838,0
20141023,0.6164,0.6298,0.5954,0.5954,57074,0
20141024,0.5954,0.6031,0.5916,0.6031,1677,0
20141027,0.6011,0.6031,0.5916,0.5916,8017,0
20141028,0.6069,0.6069,0.6069,0.6069,52,0
20141029,0.5916,0.5916,0.5534,0.5534,59741,0
20141030,0.5534,0.5534,0.5515,0.5515,9673,0
20141031,0.5534,0.5687,0.5534,0.5687,18602,0
20141103,0.5592,0.5592,0.5534,0.5553,5245,0
20141104,0.5611,0.5706,0.5611,0.5706,1572,0
20141105,0.5534,0.563,0.5534,0.5534,8284,0
20141106,0.542,0.5592,0.542,0.5592,681,0
20141107,0.5458,0.563,0.5439,0.563,2358,0
20141110,0.5496,0.5611,0.5496,0.5611,2080,0
20141112,0.5496,0.5592,0.5496,0.5592,3170,0
20141113,0.5477,0.5496,0.5477,0.5496,1100,0
20141114,0.5477,0.5477,0.5477,0.5477,1048,0
20141117,0.5573,0.5592,0.5477,0.5592,12062,0
20141118,0.5592,0.5725,0.5592,0.5706,25765,0
20141119,0.5573,0.5706,0.5573,0.5706,9904,0
20141120,0.5763,0.5763,0.5763,0.5763,3668,0
20141121,0.5649,0.5763,0.5649,0.5763,1415,0
20141124,0.5782,0.5782,0.5611,0.563,4527,0
20141125,0.5725,0.5763,0.5573,0.5744,3453,0
20141126,0.5706,0.5725,0.563,0.5725,3306,0
20141127,0.5573,0.5573,0.5515,0.5515,15720,0
20141128,0.5477,0.5477,0.5477,0.5477,2725,0
20141201,0.5477,0.5477,0.5439,0.5439,20488,0
20141202,0.5439,0.5592,0.5305,0.5592,22155,0
20141208,0.5477,0.5477,0.5363,0.5401,681,0
20141209,0.5401,0.5401,0.5344,0.5344,3039,0
20141210,0.5344,0.5344,0.5305,0.5305,262,0
20141211,0.5305,0.5324,0.5286,0.5286,7530,0
20141212,0.5324,0.5496,0.5324,0.5496,891,0
20141216,0.5401,0.5401,0.5382,0.5382,147,0
20141217,0.5363,0.5382,0.5305,0.5382,3244,0
20141218,0.5286,0.5286,0.5248,0.5248,4428,0
20141219,0.5248,0.5248,0.5248,0.5248,4339,0
20141222,0.5248,0.5248,0.49618,0.5229,25865,0
20141223,0.5191,0.521,0.4771,0.4771,15610,0
20141229,0.47519,0.4771,0.46947,0.4771,5282,0
20141230,0.5057,0.5057,0.49427,0.49427,1127,0
20150102,0.5324,0.5324,0.49618,0.5229,28830,0
20150105,0.521,0.521,0.5153,0.5153,6466,0
20150107,0.5134,0.5286,0.5095,0.5191,9049,0
20150108,0.5172,0.521,0.5019,0.521,4517,0
20150109,0.5172,0.5267,0.5057,0.5248,24827,0
20150112,0.5229,0.5229,0.5095,0.5229,19110,0
20150113,0.5229,0.5344,0.49809,0.5324,5497,0
20150114,0.5305,0.5324,0.5076,0.5286,3972,0
20150115,0.5267,0.5305,0.5267,0.5305,1871,0
20150116,0.5286,0.5286,0.49618,0.5076,5439,0
20150119,0.5286,0.5592,0.5076,0.5592,20001,0
20150120,0.5267,0.5515,0.521,0.5496,19833,0
20150121,0.5515,0.5534,0.5248,0.5344,5015,0
20150122,0.5344,0.5439,0.5191,0.5439,3652,0
20150123,0.5439,0.5496,0.5191,0.5382,1813,0
20150126,0.5477,0.5477,0.5248,0.5477,1771,0
20150127,0.5248,0.5477,0.5248,0.5477,52,0
20150128,0.5248,0.5439,0.5057,0.5439,524,0
20150129,0.5248,0.5248,0.5057,0.5076,2892,0
20150130,0.5076,0.5382,0.5076,0.5382,2835,0
20150202,0.5477,0.5477,0.5134,0.542,3568,0
20150203,0.5153,0.5439,0.5134,0.5439,770,0
20150204,0.5134,0.5267,0.5134,0.5267,9856,0
20150205,0.5248,0.5248,0.5248,0.5248,1310,0
20150206,0.5153,0.521,0.49618,0.521,105,0
20150209,0.5019,0.5019,0.49618,0.49809,13257,0
20150210,0.5191,0.5191,0.49618,0.49618,3694,0
20150212,0.48282,0.48282,0.48282,0.48282,173,0
20150213,0.5115,0.5115,0.5115,0.5115,964,0
20150217,0.49618,0.5115,0.48473,0.5115,5371,0
20150218,0.5115,0.5115,0.5115,0.5115,183,0
20150219,0.48092,0.48282,0.48092,0.48092,9862,0
20150220,0.48092,0.48092,0.48092,0.48092,7299,0
20150223,0.47137,0.48092,0.46565,0.48092,9259,0
20150224,0.46565,0.49618,0.46565,0.49618,5245,0
20150225,0.46565,0.49427,0.46565,0.49427,891,0
20150227,0.5134,0.5134,0.4771,0.48092,954,0
20150302,0.5076,0.5076,0.5,0.5,1499,0
20150303,0.5,0.5,0.5,0.5,765,0
20150304,0.49618,0.49618,0.48092,0.48092,3144,0
20150305,0.46565,0.46565,0.44466,0.44466,28699,0
20150306,0.45611,0.45611,0.44656,0.45611,9788,0
20150309,0.47519,0.47519,0.43702,0.43893,1305,0
20150310,0.43702,0.43702,0.43702,0.43702,1048,0
20150311,0.43702,0.45802,0.43702,0.45611,6655,0
20150312,0.45229,0.4542,0.43702,0.43702,11004,0
20150313,0.44466,0.44466,0.43511,0.43511,10742,0
20150316,0.43702,0.43893,0.43702,0.43893,4171,0
20150317,0.43511,0.44084,0.43321,0.43321,11722,0
20150318,0.43511,0.43511,0.4313,0.4313,2463,0
20150320,0.4313,0.4313,0.4313,0.4313,183,0
20150323,0.44275,0.44275,0.44275,0.44275,105,0
20150324,0.43321,0.44847,0.43321,0.43893,5355,0
20150325,0.44656,0.44847,0.43321,0.43321,4716,0
20150326,0.43893,0.43893,0.43893,0.43893,52,0
20150327,0.41794,0.41794,0.41794,0.41794,4244,0
20150330,0.41794,0.41794,0.39313,0.39313,22338,0
20150331,0.39313,0.39313,0.3874,0.38931,12644,0
20150407,0.39313,0.39695,0.38931,0.39504,16799,0
20150409,0.39504,0.39504,0.39504,0.39504,3327,0
20150414,0.35878,0.35878,0.35878,0.35878,236,0
20150415,0.38168,0.39504,0.38168,0.39313,875,0
20150416,0.35878,0.3645,0.35305,0.35305,34149,0
20150417,0.3626,0.3626,0.3626,0.3626,2620,0
20150420,0.3855,0.42366,0.3855,0.42366,100283,0
20150427,1.3359,1.3359,1.3359,1.3359,325687,0
20150428,1.4275,1.5687,1.1832,1.229,724760,0
20150429,1.271,1.4599,1.1832,1.355,409710,0
20150430,1.3359,1.3989,1.2901,1.3168,139405,0
20150504,1.3168,1.4256,1.2405,1.3645,161953,0
20150505,1.3779,1.3779,1.2405,1.2405,75912,0
20150506,1.2786,1.2786,1.1622,1.2118,73858,0
20150507,1.1927,1.3359,1.1508,1.2519,89557,0
20150508,1.25,1.2958,1.1546,1.2118,89316,0
20150511,1.1832,1.2939,1.1832,1.2615,35239,0
20150512,1.2405,1.2424,1.187,1.1966,30434,0
20150513,1.1718,1.2748,1.1718,1.2328,45373,0
20150514,1.2042,1.25,1.1775,1.229,33861,0
20150515,1.1794,1.2195,1.063,1.1851,255880,0
20150518,1.2023,1.2691,1.1851,1.2366,81000,0
20150519,1.2405,1.2805,1.2137,1.2385,16999,0
20150520,1.2214,1.2405,1.2023,1.2023,9201,0
20150521,1.2042,1.2405,1.1737,1.2042,34888,0
20150522,1.2214,1.4218,1.2214,1.355,196856,0
20150525,1.3702,1.4103,1.3168,1.374,133306,0
20150526,1.3912,1.4218,1.2252,1.2252,129596,0
20150527,1.2233,1.2958,1.1011,1.1393,184411,0
20150528,1.1985,1.2156,1.145,1.2004,23711,0
20150529,1.1508,1.1966,1.1279,1.1718,21012,0
20150601,1.1603,1.2729,1.1164,1.1985,108347,0
20150602,1.2481,1.2481,1.1851,1.2233,3401,0
20150603,1.187,1.2385,1.187,1.2252,17564,0
20150605,1.2023,1.2595,1.187,1.2481,9579,0
20150608,1.208,1.2462,1.2061,1.2462,13341,0
20150609,1.2462,1.2481,1.1832,1.1832,25063,0
20150610,1.1832,1.2595,1.166,1.2347,59647,0
20150612,1.1737,1.2118,1.1718,1.1718,6718,0
20150615,1.1698,1.2118,1.1088,1.1641,55135,0
20150616,1.1431,1.1966,1.1183,1.1889,2379,0
20150617,1.1813,1.1813,1.1107,1.1603,9034,0
20150618,1.1088,1.1431,1.0496,1.1431,13938,0
20150619,1.1756,1.1756,1.124,1.1718,12110,0
20150622,1.1355,1.1469,1.0802,1.1431,18361,0
20150623,1.0878,1.1756,1.0878,1.0897,393,0
20150624,1.0878,1.1908,1.0878,1.0897,4669,0
20150625,1.1088,1.1603,1.1088,1.145,5937,0
20150626,1.1202,1.1565,1.0897,1.1546,2368,0
20150629,1.0897,1.124,0.9924,1.1069,2505,0
20150630,1.0592,1.1031,1.0229,1.1031,22291,0
20150702,1.0973,1.0992,1.0496,1.0687,4768,0
20150703,1.0496,1.1069,1.0496,1.1069,5926,0
20150706,1.1031,1.1603,1.1031,1.145,16244,0
20150707,1.1431,1.1603,1.0878,1.1603,707,0
20150708,1.1584,1.1584,1.1584,1.1584,79,0
20150709,1.1565,1.1794,1.1565,1.1794,796,0
20150710,1.1775,1.1775,1.1756,1.1756,5774,0
20150713,1.1756,1.1756,1.1069,1.1698,12131,0
20150714,1.145,1.1622,1.1069,1.1622,1918,0
20150715,1.1622,1.1908,1.1183,1.1832,37361,0
20150716,1.1088,1.1584,1.1088,1.1584,3416,0
20150717,1.1584,1.1584,1.1069,1.1069,14829,0
20150720,1.1431,1.1794,1.0668,1.0668,5774,0
20150721,1.1546,1.1546,1.0706,1.124,2379,0
20150722,1.0706,1.124,1.0534,1.1202,7498,0
20150723,1.0649,1.0649,1.0515,1.0515,4732,0
20150724,1.0515,1.1164,0.9599,1.1069,10580,0
20150727,1.105,1.105,1.0305,1.0401,7446,0
20150728,1.0401,1.105,1.0401,1.105,2468,0
20150729,1.0496,1.105,1.0134,1.105,1991,0
20150730,1.0954,1.1164,1.0496,1.1164,6849,0
20150731,1.0534,1.1069,1.0134,1.1031,5240,0
20150803,1.0134,1.084,1,1.084,11544,0
20150804,0.9847,1.0668,0.9847,1.0668,4171,0
20150806,0.9943,1.0573,0.9885,1.0286,9720,0
20150807,0.9924,1.0267,0.9828,1.0191,4485,0
20150810,1.0477,1.0477,1.0477,1.0477,26,0
20150811,0.9637,1.0191,0.9637,1.0191,1939,0
20150812,0.9637,0.9637,0.9542,0.9542,6864,0
20150813,1.021,1.021,0.937,1.0076,11774,0
20150814,0.916,1.0038,0.916,1.0038,3249,0
20150817,0.9504,1.0019,0.9504,1.0019,1315,0
20150824,0.9542,0.9924,0.9008,0.9523,26541,0
20150825,0.9084,0.9714,0.9084,0.9714,4045,0
20150826,0.9637,0.9695,0.9637,0.9695,7493,0
20150827,0.9714,0.9714,0.9714,0.9714,1834,0
20150828,0.9714,0.9714,0.9714,0.9714,1525,0
20150831,0.876,1.1622,0.7901,1.1622,240113,0
20150901,1.2595,1.5649,1.2595,1.5649,398182,0
20150902,1.6718,1.7176,1.3569,1.4637,568666,0
20150903,1.4828,1.5019,1.2061,1.2595,710418,0
20150904,1.1469,1.3531,1.0229,1.0229,1049975,0
20150907,1.0191,1.0973,0.8454,0.8588,556142,0
20150908,0.8969,1.084,0.8588,1.0344,797093,0
20150909,0.9924,1.0687,0.8053,0.8053,979110,0
20150910,0.7882,0.8187,0.7042,0.7042,588379,0
20150911,0.7347,0.7538,0.6698,0.7004,243938,0
20150914,0.7118,0.7347,0.645,0.7061,135145,0
20150915,0.7118,0.7615,0.6431,0.7424,182473,0
20150916,0.7366,0.7481,0.6927,0.6947,51100,0
20150917,0.7118,0.7443,0.6698,0.7347,56094,0
20150918,0.708,0.7309,0.6908,0.7309,9180,0
20150921,0.7271,0.7443,0.7271,0.7443,26336,0
20150922,0.6927,0.7328,0.6737,0.7252,4899,0
20150923,0.7214,0.7309,0.666,0.666,69708,0
20150924,0.6469,0.6469,0.584,0.5878,83798,0
20150925,0.5878,0.624,0.5363,0.624,38100,0
20150928,0.5649,0.5859,0.542,0.542,42051,0
20150929,0.5172,0.5668,0.5153,0.5153,13105,0
20150930,0.5153,0.5725,0.5153,0.5725,31000,0
20151001,0.5992,0.6679,0.5935,0.5935,57006,0
20151002,0.5782,0.5878,0.5382,0.5802,29182,0
20151005,0.5782,0.5992,0.5782,0.5992,1053,0
20151006,0.5992,0.6336,0.5458,0.5725,6057,0
20151007,0.5534,0.5973,0.5458,0.5821,52363,0
20151008,0.5897,0.6469,0.5821,0.6469,40154,0
20151009,0.5859,0.624,0.5687,0.624,42428,0
20151012,0.5725,0.5725,0.5649,0.5725,51493,0
20151013,0.5992,0.5992,0.5992,0.5992,10,0
20151014,0.563,0.6011,0.563,0.5725,6634,0
20151015,0.5725,0.5973,0.5725,0.5973,8195,0
20151016,0.5725,0.5935,0.5725,0.5935,5764,0
20151019,0.5725,0.626,0.5725,0.626,27180,0
20151020,0.626,0.687,0.6069,0.6183,99764,0
20151021,0.6565,0.6565,0.6107,0.6469,11570,0
20151022,0.5878,0.645,0.584,0.645,30497,0
20151023,0.6908,0.7844,0.6603,0.7844,230984,0
20151026,0.8111,0.876,0.7328,0.7328,426153,0
20151027,0.7252,0.7252,0.6889,0.6927,83159,0
20151028,0.7099,0.7824,0.7099,0.7214,148433,0
20151029,0.7214,0.7615,0.6584,0.7538,37073,0
20151030,0.7347,0.7729,0.7309,0.7672,34091,0
20151102,0.7672,0.7729,0.7634,0.7729,14085,0
20160105,0.7615,0.7615,0.5573,0.5573,413908,0
20160107,0.5095,0.5095,0.38168,0.38168,75980,0
20160108,0.38359,0.41985,0.34542,0.41985,91291,0
20160111,0.45992,0.5057,0.45992,0.49618,15055,0
20160113,0.5687,0.624,0.5248,0.624,69598,0
20160114,0.6679,0.7061,0.6412,0.6756,58871,0
20160115,0.6794,0.6794,0.6355,0.6374,35375,0
20160118,0.6565,0.7099,0.6565,0.7099,23376,0
20160119,0.708,0.708,0.7061,0.7061,1572,0
20160120,0.6966,0.6966,0.6966,0.6966,2358,0
20160121,0.6489,0.6908,0.6489,0.6908,1420,0
20160122,0.6469,0.687,0.6393,0.6393,10234,0
20160125,0.6393,0.7004,0.6393,0.7004,4009,0
20160126,0.6298,0.6927,0.6298,0.6927,1383,0
20160128,0.6317,0.666,0.6202,0.6202,4119,0
20160129,0.666,0.666,0.6202,0.6622,2913,0
20160201,0.6011,0.6603,0.5992,0.6603,13713,0
20160208,0.5821,0.6489,0.5821,0.6489,14562,0
20160210,0.5725,0.6107,0.5534,0.6107,13430,0
20160211,0.5802,0.605,0.5267,0.605,3039,0
20160212,0.5458,0.5496,0.521,0.5496,9343,0
20160215,0.5458,0.5458,0.5,0.5439,18560,0
20160216,0.5229,0.5229,0.5229,0.5229,231,0
20160217,0.542,0.542,0.542,0.542,63,0
20160218,0.49618,0.5248,0.49046,0.5191,22060,0
20160219,0.48664,0.5134,0.48664,0.5134,58,0
20160222,0.5153,0.5229,0.49618,0.5229,12953,0
20160223,0.5744,0.6069,0.5363,0.6069,41595,0
20160224,0.6527,0.7023,0.5878,0.6718,38210,0
20160225,0.6851,0.8263,0.6641,0.8034,107787,0
20160226,0.7901,0.855,0.7538,0.8015,42811,0
20160229,0.7996,0.8397,0.7538,0.8397,47930,0
20160301,0.8359,0.8397,0.7653,0.8397,14709,0
20160302,0.7634,0.7958,0.7271,0.7595,25409,0
20160303,0.7901,0.7901,0.7156,0.7824,7388,0
20160304,0.7595,0.7615,0.729,0.7595,3233,0
20160307,0.7996,0.8206,0.7481,0.7996,4045,0
20160308,0.7271,0.7634,0.7271,0.7634,1116,0
20160309,0.8053,0.8053,0.7156,0.7615,20583,0
20160310,0.7443,0.7595,0.687,0.7252,183982,0
20160311,0.7309,0.7309,0.6126,0.6412,1087331,0
20160314,0.6584,0.6813,0.5344,0.5344,1372241,0
20160315,0.5363,0.563,0.48282,0.5,341402,0
20160316,0.48473,0.5057,0.48092,0.48473,38603,0
20160317,0.48473,0.5115,0.48092,0.5,142895,0
20160318,0.48855,0.5248,0.48664,0.521,115421,0
20160321,0.542,0.5534,0.5076,0.5076,48716,0
20160322,0.5076,0.521,0.49046,0.5172,27730,0
20160323,0.5153,0.5172,0.49237,0.5172,12110,0
20160324,0.5153,0.5172,0.48855,0.5019,10323,0
20160329,0.49046,0.5095,0.49046,0.5095,7944,0
20160330,0.49046,0.5115,0.49046,0.5115,10197,0
20160331,0.5095,0.5324,0.5057,0.5153,12524,0
20160401,0.5248,0.5248,0.49809,0.5191,9338,0
20160404,0.5,0.521,0.49618,0.521,12393,0
20160405,0.49618,0.5134,0.49618,0.5134,1834,0
20160406,0.5057,0.5248,0.5057,0.5134,42313,0
20160407,0.5115,0.5134,0.5115,0.5134,1876,0
20160408,0.5134,0.5248,0.5057,0.5229,3406,0
20160411,0.5229,0.5229,0.5057,0.5134,2662,0
20160412,0.5153,0.5153,0.5153,0.5153,52,0
20160413,0.5057,0.5057,0.45611,0.5019,86743,0
20160414,0.5115,0.5115,0.5115,0.5115,58,0
20160415,0.4771,0.5095,0.46756,0.49427,16155,0
20160418,0.5019,0.5019,0.5019,0.5019,58,0
20160419,0.48473,0.49809,0.48473,0.49809,608,0
20160420,0.47137,0.5057,0.47137,0.5057,13640,0
20160421,0.5153,0.5153,0.47328,0.5,18576,0
20160422,0.49237,0.5057,0.49237,0.49427,30492,0
20160425,0.49618,0.5267,0.49237,0.5,30738,0
20160426,0.49809,0.521,0.49237,0.49237,15725,0
20160427,0.4771,0.5076,0.4771,0.49809,1404,0
20160428,0.47901,0.5095,0.47901,0.5095,4768,0
20160429,0.48282,0.48473,0.48282,0.48473,8908,0
20160502,0.48473,0.5248,0.48473,0.5248,2237,0
20160504,0.49618,0.5115,0.49618,0.49618,6540,0
20160505,0.5134,0.5134,0.48092,0.5057,1782,0
20160509,0.49427,0.49618,0.49427,0.49618,16270,0
20160510,0.5,0.5,0.47137,0.49809,11879,0
20160511,0.47137,0.49809,0.47137,0.49809,3851,0
20160512,0.49809,0.49809,0.49427,0.49618,681,0
20160513,0.49618,0.5019,0.47137,0.5,7147,0
20160516,0.5,0.5172,0.47901,0.5134,5832,0
20160517,0.5153,0.5153,0.47137,0.49618,12576,0
20160518,0.46756,0.49618,0.46374,0.49618,16202,0
20160519,0.49427,0.49427,0.44656,0.46374,18041,0
20160520,0.49427,0.49427,0.44656,0.45802,2306,0
20160523,0.48473,0.48473,0.43702,0.43893,7215,0
20160524,0.48092,0.48092,0.48092,0.48092,21,0
20160525,0.48092,0.48092,0.48092,0.48092,26,0
20160527,0.45802,0.48092,0.4313,0.48092,10684,0
20160530,0.4771,0.4771,0.47137,0.47137,2641,0
20160531,0.43893,0.47137,0.39504,0.41794,33473,0
20160601,0.41603,0.45611,0.38168,0.43893,25933,0
20160602,0.41985,0.45038,0.41985,0.45038,1991,0
20160603,0.4542,0.4542,0.45038,0.45038,1331,0
20160606,0.45038,0.4771,0.40649,0.4771,14090,0
20160607,0.4771,0.4771,0.42939,0.46565,7813,0
20160608,0.41985,0.45802,0.37786,0.44466,40212,0
20160609,0.41412,0.44466,0.37405,0.40076,106367,0
20160610,0.38359,0.41985,0.38168,0.41985,11544,0
20160613,0.43702,0.43702,0.40076,0.42939,5224,0
20160614,0.42557,0.42557,0.42176,0.42176,26,0
20160615,0.41794,0.4313,0.38168,0.3855,89,0
20160616,0.41412,0.41412,0.33779,0.37977,27903,0
20160617,0.38168,0.38168,0.34351,0.34351,91883,0
20160620,0.37023,0.40076,0.33397,0.37977,25948,0
20160621,0.35305,0.46565,0.35305,0.43893,101300,0
20160622,0.41985,0.44847,0.37977,0.41412,7603,0
20160623,0.3855,0.41985,0.35115,0.40267,161513,0
20160624,0.38168,0.3874,0.34351,0.3855,66627,0
20160627,0.3645,0.3855,0.34733,0.37405,5853,0
20160628,0.34542,0.38359,0.34542,0.38359,21924,0
20160629,0.38168,0.39504,0.35496,0.37977,24707,0
20160630,0.35687,0.37977,0.35687,0.37977,131,0
20160701,0.35687,0.36069,0.33588,0.34542,39059,0
20160704,0.3645,0.3645,0.33779,0.3626,3479,0
20160705,0.3626,0.37023,0.32824,0.3626,2290,0
20160706,0.32634,0.34733,0.31489,0.3416,32897,0
20160707,0.3187,0.34542,0.3187,0.32061,16134,0
20160708,0.31489,0.33779,0.31107,0.32061,16606,0
20160711,0.31489,0.33206,0.28626,0.2958,37015,0
20160712,0.31107,0.31107,0.31107,0.31107,52,0
20160713,0.31298,0.37786,0.30153,0.33969,95593,0
20160714,0.36641,0.39504,0.30534,0.38168,106571,0
20160715,0.39885,0.42557,0.36069,0.38359,61848,0
20160718,0.37405,0.39695,0.34542,0.38168,43157,0
20160719,0.37786,0.39695,0.35496,0.37977,27353,0
20160720,0.37977,0.37977,0.35305,0.35878,16443,0
20160721,0.35687,0.35687,0.32634,0.3416,64662,0
20160722,0.32824,0.33015,0.3187,0.3187,6450,0
20160725,0.33015,0.36069,0.32252,0.36069,18104,0
20160726,0.32824,0.35496,0.32824,0.33015,456,0
20160727,0.33015,0.37977,0.33015,0.37977,50084,0
20160728,0.38168,0.40649,0.34542,0.38931,30670,0
20160729,0.37214,0.38359,0.35115,0.37977,72495,0
20160801,0.38168,0.38359,0.34924,0.37595,9553,0
20160802,0.35496,0.38931,0.32443,0.38359,147160,0
20160803,0.3626,0.40649,0.3626,0.40076,41076,0
20160804,0.38168,0.3855,0.36641,0.36832,5030,0
20160805,0.40076,0.40649,0.37214,0.39695,52919,0
20160808,0.40267,0.41985,0.37595,0.39695,44744,0
20160809,0.38931,0.43321,0.38359,0.39885,85826,0
20160810,0.40076,0.40267,0.39313,0.39313,15715,0
20160811,0.39504,0.42557,0.39504,0.39504,7787,0
20160812,0.41794,0.41794,0.39313,0.39313,2667,0
20160816,0.41031,0.41031,0.41031,0.41031,105,0
20160817,0.39313,0.39504,0.39313,0.39504,4197,0
20160818,0.39504,0.39504,0.39313,0.39313,372,0
20160819,0.40267,0.40267,0.39313,0.39313,3065,0
20160822,0.39313,0.39313,0.37023,0.37023,8164,0
20160823,0.37023,0.37214,0.35305,0.36069,27012,0
20160824,0.40267,0.41031,0.37214,0.37214,6592,0
20160829,0.37786,0.41412,0.37595,0.40076,24188,0
20160830,0.40649,0.40649,0.37786,0.37786,15804,0
20160831,0.37595,0.42557,0.35687,0.40267,41380,0
20160901,0.37977,0.41794,0.37977,0.39122,15778,0
20160902,0.3855,0.4084,0.3855,0.3855,68,0
20160905,0.3874,0.40076,0.37977,0.40076,1347,0
20160906,0.38168,0.40267,0.38168,0.40267,11952,0
20160907,0.40267,0.40458,0.39885,0.39885,7970,0
20160908,0.39885,0.39885,0.38168,0.38168,9584,0
20160909,0.42366,0.42366,0.3855,0.3855,1368,0
20160912,0.3855,0.3855,0.3855,0.3855,5240,0
20160913,0.3874,0.3874,0.3874,0.3874,2101,0
20160915,0.3874,0.40076,0.3874,0.40076,14609,0
20160916,0.37977,0.43702,0.37977,0.42939,42051,0
20160919,0.40076,0.45038,0.40076,0.45038,25047,0
20160920,0.47137,0.49809,0.46947,0.49809,13891,0
20160921,0.49618,0.49809,0.49618,0.49809,252,0
20160922,0.49618,0.49618,0.44656,0.49618,5785,0
20160923,0.49618,0.49618,0.49618,0.49618,58,0
20160926,0.49046,0.49046,0.44275,0.48855,938,0
20160927,0.44466,0.49046,0.44084,0.48664,5874,0
20160928,0.44466,0.48664,0.44275,0.48473,10328,0
20160929,0.44466,0.4771,0.41985,0.46756,28212,0
20160930,0.46947,0.4771,0.44656,0.4771,5119,0
20161003,0.44656,0.45802,0.42939,0.44656,17716,0
20161004,0.42748,0.45802,0.42557,0.45802,524,0
20161005,0.45802,0.5477,0.41603,0.5477,115552,0
20161006,0.5725,0.6298,0.5706,0.6298,79208,0
20161007,0.6374,0.6889,0.6374,0.6889,54957,0
20161010,0.7252,0.7271,0.5878,0.5878,177447,0
20161011,0.5305,0.5344,0.47901,0.49237,579146,0
20161012,0.49237,0.5725,0.45802,0.5725,175425,0
20161013,0.5725,0.6641,0.5725,0.6641,85967,0
20161014,0.6298,0.6298,0.5115,0.5344,655204,0
20161017,0.5534,0.5534,0.40458,0.49237,1748866,0
20161018,0.49237,0.5305,0.36069,0.36641,1837265,0
20161019,0.37786,0.39122,0.3626,0.37786,229633,0
20161020,0.36832,0.38168,0.33206,0.34733,469839,0
20161021,0.34733,0.34733,0.32634,0.34733,102809,0
20161024,0.3416,0.3416,0.31107,0.32061,254769,0
20161025,0.31489,0.3645,0.2958,0.32443,333888,0
20161026,0.31489,0.32634,0.31489,0.32061,13572,0
20161027,0.32252,0.33397,0.31489,0.33015,70965,0
20161028,0.33015,0.33969,0.32443,0.33206,18366,0
20161031,0.3187,0.32634,0.29771,0.32634,33898,0
20161102,0.31107,0.31107,0.29008,0.29008,130591,0
20161103,0.28053,0.29198,0.25,0.25,361654,0
