Date,Open,High,Low,Close,Volume,OpenInt
20061027,1008,1008,954.7,964.8,372873,0
20061030,981.4,981.4,965.8,965.8,32306,0
20061031,977.7,977.7,966.7,977.7,21435,0
20061101,988.7,994.2,977.7,977.7,23008,0
20061102,974.9,974.9,963.9,972.2,12074,0
20061103,975.9,986.9,974,974,2195,0
20061106,970.3,978.6,970.3,973.1,29053,0
20061107,975.9,975.9,965.8,965.8,645,0
20061108,962.1,963.9,962.1,962.1,7086,0
20061109,982.3,987.8,962.1,972.2,2465,0
20061110,960.2,964.8,960.2,964.8,3964,0
20061113,965.8,968.5,965.8,968.5,5504,0
20061114,961.2,961.2,950.1,955.7,8201,0
20061115,949.22,949.22,949.22,949.22,6817,0
20061116,946.47,952,936.37,936.37,14962,0
20061117,947.39,947.39,937.29,937.29,5616,0
20061120,955.7,955.7,951.1,951.1,7729,0
20061121,949.22,954.7,949.22,954.7,15701,0
20061122,958.4,958.4,952,954.7,446,0
20061124,959.3,959.3,959.3,959.3,13243,0
20061127,948.31,952,948.31,952,9390,0
20061128,952.9,952.9,952.9,952.9,11440,0
20061129,955.7,961.2,955.7,961.2,9846,0
20061130,961.2,961.2,955.7,958.4,874,0
20061201,957.5,973.1,957.5,973.1,7333,0
20061204,983.2,1030,983.2,1017.2,18032,0
20061205,1014.4,1014.4,1007.1,1014.4,5747,0
20061206,1010.7,1010.7,1003.4,1003.4,2259,0
20061207,1005.2,1020.8,1005.2,1020.8,1584,0
20061208,1033.7,1118.1,1033.7,1064.9,2188,0
20061211,1067.7,1088.8,1067.7,1069.5,2509,0
20061212,1077.8,1088.8,1075.9,1075.9,19823,0
20061213,1088.8,1088.8,1067.7,1070.4,2967,0
20061214,1064,1073.2,1064,1066.7,4937,0
20061215,1064.9,1070.4,1061.2,1067.7,8916,0
20061218,1064.9,1064.9,1064.9,1064.9,377,0
20061219,1071.3,1071.3,1053,1055.7,241,0
20061220,1069.5,1069.5,1043.8,1064,3823,0
20061221,1066.7,1066.7,1061.2,1061.2,6375,0
20061222,1043.8,1048.4,1025.4,1025.4,329,0
20061227,1030.9,1030.9,1030.9,1030.9,484,0
20061229,1047.5,1053,1024.5,1024.5,391,0
20070102,1032.8,1038.3,1012.6,1017.2,331,0
20070103,1039.2,1039.2,1027.3,1027.3,5172,0
20070104,1041.9,1087.8,1041.9,1072.2,1093,0
20070105,1097,1101.6,1070.4,1086,596,0
20070108,1083.3,1088.8,1075,1075,224,0
20070109,1073.2,1073.2,1064.9,1064.9,99,0
20070110,1093.4,1093.4,1078.7,1078.7,393,0
20070111,1097,1097,1064.9,1067.7,2249,0
20070112,1075,1075,1075,1075,7218,0
20070115,1079.6,1090.6,1079.6,1090.6,1009,0
20070116,1084.2,1084.2,1084.2,1084.2,816,0
20070117,1108,1108,1108,1108,10,0
20070118,1084.2,1106.2,1084.2,1092.4,16896,0
20070119,1096.1,1096.1,1079.6,1079.6,313,0
20070122,1094.3,1094.3,1084.2,1084.2,4148,0
20070123,1104.4,1109.9,1104.4,1109.9,265,0
20070124,1104.4,1104.4,1104.4,1104.4,680,0
20070125,1088.8,1088.8,1088.8,1088.8,2828,0
20070126,1115.4,1131.9,1101.6,1101.6,4980,0
20070129,1119.1,1119.1,1110.8,1110.8,223,0
20070130,1123.7,1123.7,1115.4,1115.4,20,0
20070131,1101.6,1101.6,1090.6,1090.6,2066,0
20070201,1081.4,1081.4,1081.4,1081.4,1355,0
20070202,1084.2,1110.8,1084.2,1110.8,36516,0
20070206,1079.6,1089.7,1079.6,1089.7,8417,0
20070207,1075,1080.5,1075,1075,11582,0
20070208,1077.8,1077.8,1073.2,1073.2,4380,0
20070212,1069.5,1069.5,1069.5,1069.5,1198,0
20070213,1075,1075,1069.5,1069.5,2573,0
20070214,1069.5,1069.5,1064,1064,2491,0
20070215,1066.7,1066.7,1064,1064,14346,0
20070216,1065.8,1078.7,1063.1,1078.7,18897,0
20070220,1064,1064,1055.7,1055.7,2725,0
20070221,1055.7,1055.7,1051.1,1051.1,5832,0
20070222,1045.6,1045.6,1037.4,1040.1,1318,0
20070223,1036.4,1047.5,1036.4,1047.5,432,0
20070226,1044.7,1064,1044.7,1044.7,5782,0
20070227,1036.4,1039.2,1036.4,1039.2,4078,0
20070228,1029.1,1029.1,1018.1,1020.8,7942,0
20070301,1010.7,1037.4,1010.7,1031.9,2719,0
20070302,1025.4,1025.4,1002.5,1002.5,343,0
20070305,1000.6,1000.6,942.8,948.31,5057,0
20070306,948.31,948.31,930.86,930.86,2764,0
20070307,937.29,937.29,926.27,926.27,780,0
20070308,947.39,947.39,902.41,923.52,30146,0
20070309,935.45,983.2,922.6,977.7,11000,0
20070312,979.5,995.1,974,981.4,5600,0
20070313,975.9,994.2,975.9,987.8,2554,0
20070314,982.3,989.6,982.3,987.8,2562,0
20070315,988.7,991.5,979.5,988.7,5386,0
20070316,991.5,996,981.4,987.8,39290,0
20070319,973.1,978.6,952,972.2,18848,0
20070320,975.9,978.6,927.19,952,1096,0
20070321,943.72,953.8,917.09,925.36,9217,0
20070322,932.7,952,927.19,948.31,28695,0
20070323,948.31,981.4,948.31,977.7,1453,0
20070326,975.9,986.9,934.54,950.1,4432,0
20070327,952.9,952.9,937.29,946.47,25654,0
20070328,955.7,960.2,948.31,948.31,1003,0
20070329,981.4,1012.6,981.4,994.2,2762,0
20070330,989.6,989.6,985,985,986,0
20070402,985,985,974.9,985,3190,0
20070403,981.4,1000.6,981.4,984.1,1773,0
20070404,989.6,994.2,988.7,988.7,1366,0
20070405,963,984.1,963,976.8,580,0
20070410,985,985,982.3,985,5061,0
20070411,983.2,983.2,976.8,980.4,1702,0
20070412,974,974,932.7,932.7,1916,0
20070413,941.88,941.88,931.78,934.54,11708,0
20070416,934.54,937.29,930.86,930.86,4771,0
20070417,933.62,933.62,880.37,901.49,7513,0
20070418,891.39,935.45,891.39,925.36,13160,0
20070419,918.93,921.68,905.16,906.08,6004,0
20070420,904.24,911.59,896.9,901.49,39026,0
20070423,920.77,930.86,910.67,930.86,22457,0
20070424,931.78,935.45,927.19,934.54,6408,0
20070426,956.6,966.7,926.27,927.19,10511,0
20070427,938.21,938.21,929.95,938.21,5084,0
20070430,936.37,966.7,926.27,959.3,11832,0
20070501,972.2,974.9,966.7,974.9,4367,0
20070502,991.5,1005.2,991.5,997,6928,0
20070503,1006.1,1016.2,1006.1,1008,1571,0
20070504,1007.1,1032.8,1007.1,1032.8,4050,0
20070508,1045.6,1048.4,1020.8,1025.4,1027,0
20070509,1030.9,1035.5,1012.6,1025.4,19258,0
20070510,1041,1041,1030.9,1039.2,1010,0
20070511,1035.5,1035.5,1025.4,1032.8,10926,0
20070514,1038.3,1038.3,1019.9,1022.7,5636,0
20070515,1028.2,1028.2,1022.7,1022.7,2101,0
20070516,1026.3,1029.1,1013.5,1019,13328,0
20070517,1016.2,1018.1,1016.2,1016.2,8628,0
20070518,1030,1030,1017.2,1017.2,2664,0
20070521,1028.2,1028.2,1008,1012.6,4700,0
20070522,1015.3,1016.2,996,1007.1,1650,0
20070523,1005.2,1010.7,995.1,998.8,443,0
20070524,999.7,1006.1,974,974,3440,0
20070525,976.8,976.8,955.7,972.2,4162,0
20070529,983.2,998.8,973.1,998.8,28511,0
20070530,982.3,997,982.3,990.5,678,0
20070531,998.8,1004.3,991.5,991.5,2121,0
20070604,997,997,965.8,981.4,1764,0
20070605,989.6,989.6,981.4,989.6,4530,0
20070606,986.9,989.6,915.26,919.85,11774,0
20070607,944.63,945.55,873.95,875.78,3894,0
20070608,900.57,966.7,900.57,961.2,24121,0
20070611,976.8,1033.7,976.8,986.9,6968,0
20070612,994.2,1022.7,986.9,1015.3,7293,0
20070613,1013.5,1041.9,1010.7,1020.8,16309,0
20070614,1011.7,1018.1,1008,1018.1,12128,0
20070615,1019.9,1044.7,1014.4,1044.7,4441,0
20070618,1032.8,1042.9,991.5,1017.2,5529,0
20070619,1008.9,1040.1,1008.9,1031.9,4698,0
20070620,1027.3,1030,1014.4,1025.4,9031,0
20070621,1020.8,1026.3,1000.6,1020.8,13439,0
20070622,1023.6,1033.7,1013.5,1018.1,26695,0
20070625,1013.5,1038.3,1003.4,1029.1,7965,0
20070626,1019.9,1037.4,1019.9,1035.5,12900,0
20070627,1021.8,1042.9,1021.8,1037.4,7327,0
20070628,1036.4,1046.5,1027.3,1046.5,10628,0
20070629,1038.3,1043.8,1020.8,1028.2,4705,0
20070702,1022.7,1032.8,1003.4,1017.2,20178,0
20070703,1018.1,1048.4,1018.1,1043.8,18361,0
20070704,1048.4,1058.5,1032.8,1043.8,13701,0
20070705,1041.9,1047.5,1041.9,1042.9,17194,0
20070706,1050.2,1060.3,1050.2,1052,17722,0
20070709,1056.6,1064,1046.5,1046.5,3910,0
20070710,1049.3,1049.3,1039.2,1044.7,8540,0
20070711,1046.5,1048.4,1045.6,1045.6,4197,0
20070712,1041,1042.9,1030.9,1042.9,8414,0
20070713,1048.4,1048.4,997.9,1013.5,3634,0
20070716,1002.5,1016.2,989.6,997,3825,0
20070717,990.5,1011.7,975.9,975.9,2786,0
20070718,991.5,1002.5,938.21,938.21,1468,0
20070719,960.2,996,955.7,996,11155,0
20070720,990.5,1016.2,990.5,1009.8,1617,0
20070723,1024.5,1030,1011.7,1017.2,3900,0
20070724,1017.2,1017.2,998.8,1001.6,3309,0
20070725,1017.2,1017.2,994.2,996,5161,0
20070726,990.5,1000.6,943.72,953.8,4316,0
20070727,963,966.7,938.21,958.4,1671,0
20070730,946.47,949.22,930.86,943.72,868,0
20070731,930.86,987.8,930.86,978.6,3753,0
20070801,959.3,969.4,952,958.4,24537,0
20070802,952.9,958.4,948.31,957.5,887,0
20070803,944.63,961.2,939.13,961.2,2910,0
20070806,935.45,953.8,934.54,945.55,1382,0
20070807,939.13,1020.8,939.13,1000.6,10401,0
20070808,993.3,1007.1,975.9,1007.1,7224,0
20070809,1010.7,1013.5,972.2,997.9,7642,0
20070810,962.1,1009.8,906.08,973.1,7766,0
20070813,967.6,967.6,946.47,948.31,2943,0
20070815,931.78,931.78,906.08,906.08,999,0
20070816,897.82,897.82,856.51,871.19,2072,0
20070817,854.67,870.28,828.97,846.41,11211,0
20070820,838.15,886.8,838.15,886.8,3544,0
20070821,882.21,906.08,856.51,882.21,954,0
20070822,881.29,959.3,878.54,954.7,917,0
20070823,949.22,964.8,855.59,901.49,3827,0
20070824,882.21,908.83,879.46,898.73,4932,0
20070828,880.37,915.26,880.37,910.67,1239,0
20070829,922.6,990.5,922.6,982.3,1143,0
20070830,962.1,966.7,953.8,959.3,3241,0
20070831,952.9,972.2,952.9,968.5,12096,0
20070903,954.7,976.8,954.7,976.8,22666,0
20070904,966.7,992.4,957.5,982.3,3236,0
20070905,958.4,979.5,953.8,979.5,1779,0
20070906,966.7,986.9,962.1,981.4,1744,0
20070907,966.7,971.3,929.95,938.21,7315,0
20070910,926.27,942.8,905.16,905.16,12339,0
20070911,901.49,922.6,896.9,905.16,2858,0
20070912,899.65,899.65,895.98,896.9,4947,0
20070913,907,907,877.62,885.88,2734,0
20070914,878.54,893.23,807.85,836.31,2381,0
20070917,823.46,834.47,801.42,809.69,1759,0
20070918,799.59,844.57,798.67,840.9,2662,0
20070919,839.98,899.65,839.98,888.64,12122,0
20070920,882.21,895.98,865.69,867.52,3288,0
20070921,896.9,900.57,878.54,887.72,7912,0
20070924,878.54,903.32,818.87,823.46,2952,0
20070925,839.98,854.67,806.01,843.65,2328,0
20070926,861.1,910.67,851,894.14,23640,0
20070927,897.82,905.16,895.06,898.73,14251,0
20070928,904.24,904.24,883.13,892.31,2221,0
20071001,894.14,926.27,894.14,904.24,2682,0
20071002,894.14,909.75,893.23,901.49,1718,0
20071003,905.16,905.16,865.69,905.16,10021,0
20071004,907.91,919.85,904.24,904.24,4204,0
20071005,922.6,997.9,922.6,980.4,2500,0
20071008,958.4,981.4,958.4,965.8,1615,0
20071009,978.6,1019.9,968.5,1001.6,5864,0
20071010,995.1,1034.6,979.5,986.9,16175,0
20071011,987.8,987.8,973.1,983.2,9407,0
20071012,969.4,979.5,962.1,972.2,12872,0
20071015,963,977.7,963,973.1,845,0
20071016,979.5,979.5,954.7,974,6177,0
20071017,972.2,977.7,972.2,977.7,12765,0
20071018,976.8,981.4,939.13,953.8,15388,0
20071019,1192.5,1192.5,988.7,989.6,3599,0
20071022,988.7,1009.8,982.3,1009.8,287,0
20071023,1028.2,1239.3,1028.2,1122.7,1440,0
20071024,1156.7,1156.7,1097.9,1097.9,498,0
20071025,1101.6,1191.6,1097.9,1172.3,189,0
20071026,1192.5,1197.1,1101.6,1174.1,193,0
20071029,1156.7,1168.6,1115.4,1147.5,55,0
20071030,1110.8,1146.6,1069.5,1140.2,21,0
20071031,1140.2,1140.2,1070.4,1120,39,0
20071102,1156.7,1156.7,1101.6,1120,42,0
20071105,1106.2,1115.4,1084.2,1085.1,7140,0
20071106,1083.3,1092.4,1083.3,1084.2,19,0
20071107,1083.3,1085.1,1083.3,1084.2,74,0
20071108,1056.6,1056.6,1041.9,1046.5,141,0
20071109,1065.8,1076.8,1065.8,1074.1,43,0
20071112,1076.8,1076.8,1070.4,1070.4,4,0
20071113,1071.3,1071.3,1047.5,1049.3,13,0
20071114,1055.7,1055.7,1046.5,1055.7,17,0
20071115,1037.4,1055.7,1037.4,1038.3,52,0
20071116,1037.4,1037.4,1012.6,1037.4,8,0
20071119,1000.6,1037.4,1000.6,1009.8,20,0
20071120,996,1017.2,969.4,969.4,52,0
20071121,936.37,936.37,907.91,907.91,79,0
20071122,899.65,899.65,897.82,899.65,33,0
20071123,904.24,986,904.24,984.1,102,0
20071126,1003.4,1019,973.1,973.1,60,0
20071127,955.7,955.7,954.7,954.7,3,0
20071128,956.6,968.5,956.6,968.5,36,0
20071129,963.9,963.9,954.7,963.9,20,0
20071130,963.9,963.9,963.9,963.9,8,0
20071203,968.5,968.5,964.8,964.8,47,0
20071204,965.8,967.6,965.8,966.7,7,0
20071205,968.5,968.5,968.5,968.5,13,0
20071206,959.3,959.3,959.3,959.3,12,0
20071207,963.9,973.1,963.9,973.1,35,0
20071210,986.9,986.9,973.1,977.7,53,0
20071211,986,996,982.3,996,33,0
20071212,996,996,966.7,996,29,0
20071213,1000.6,1000.6,1000.6,1000.6,1,0
20071214,1000.6,1000.6,1000.6,1000.6,0,0
20071217,991.5,992.4,991.5,992.4,14,0
20071218,982.3,982.3,963.9,963.9,4,0
20071219,954.7,954.7,950.1,950.1,39,0
20071220,959.3,968.5,959.3,968.5,17,0
20071221,954.7,968.5,945.55,955.7,64,0
20071227,968.5,977.7,968.5,973.1,47,0
20071228,991.5,1028.2,991.5,1028.2,24,0
20080102,1009.8,1019,1009.8,1010.7,10,0
20080103,1009.8,1010.7,1009.8,1010.7,9,0
20080104,1000.6,1005.2,1000.6,1005.2,7,0
20080107,1046.5,1046.5,982.3,1009.8,39,0
20080108,991.5,1020.8,991.5,1019,49,0
20080109,1009.8,1009.8,991.5,991.5,25,0
20080110,973.1,973.1,899.65,950.1,70,0
20080111,927.19,936.37,899.65,936.37,26,0
20080114,918.01,927.19,899.65,922.6,70,0
20080115,908.83,959.3,908.83,959.3,49,0
20080116,922.6,931.78,908.83,931.78,36,0
20080117,918.93,927.19,918.01,927.19,22,0
20080118,908.83,945.55,899.65,945.55,29,0
20080121,918.01,918.01,918.01,918.01,16,0
20080122,900.57,900.57,890.47,895.98,5,0
20080123,918.01,918.01,918.01,918.01,34,0
20080124,945.55,945.55,945.55,945.55,54,0
20080125,945.55,959.3,945.55,959.3,32,0
20080128,963.9,963.9,963.9,963.9,2,0
20080129,954.7,954.7,954.7,954.7,3,0
20080130,954.7,954.7,954.7,954.7,20,0
20080131,940.96,940.96,940.96,940.96,5,0
20080201,921.68,950.1,921.68,950.1,18,0
20080204,937.29,966.7,937.29,966.7,1,0
20080205,945.55,946.47,945.55,946.47,1,0
20080206,918.01,963.9,918.01,963.9,22,0
20080207,946.47,946.47,946.47,946.47,20,0
20080208,936.37,936.37,919.85,919.85,60,0
20080211,963.9,963.9,936.37,936.37,16,0
20080212,908.83,936.37,908.83,936.37,1,0
20080213,918.01,945.55,918.01,945.55,6,0
20080214,927.19,928.11,927.19,928.11,4,0
20080215,929.95,929.95,920.77,920.77,7,0
20080218,922.6,963.9,921.68,963.9,57,0
20080219,954.7,955.7,954.7,955.7,3,0
20080220,936.37,937.29,936.37,936.37,1263,0
20080221,922.6,950.1,922.6,924.44,1,0
20080222,923.52,923.52,900.57,900.57,5,0
20080225,900.57,917.09,900.57,917.09,33,0
20080226,900.57,900.57,900.57,900.57,1,0
20080227,913.42,913.42,913.42,913.42,16,0
20080228,908.83,908.83,908.83,908.83,4,0
20080229,908.83,908.83,908.83,908.83,5,0
20080303,899.65,926.27,899.65,926.27,26,0
20080304,908.83,927.19,908.83,927.19,6,0
20080305,913.42,913.42,890.47,908.83,10,0
20080306,907.91,919.85,907.91,919.85,17,0
20080307,899.65,900.57,899.65,900.57,3,0
20080310,885.88,918.01,885.88,918.01,2,0
20080311,873.95,961.2,873.95,961.2,68,0
20080312,963.9,996,963.9,996,36,0
20080313,982.3,983.2,982.3,982.3,18,0
20080314,963.9,963.9,931.78,931.78,493,0
20080317,931.78,931.78,876.7,890.47,550,0
20080318,881.29,890.47,881.29,890.47,567,0
20080319,877.62,898.73,877.62,898.73,10,0
20080320,881.29,881.29,864.77,876.7,817,0
20080325,872.11,872.11,872.11,872.11,1,0
20080326,872.11,889.55,872.11,872.11,1137,0
20080327,872.11,904.24,872.11,876.7,1893,0
20080328,873.03,899.65,872.11,873.03,1281,0
20080331,872,872,845,862,15,0
20080401,862.93,862.93,844.57,862.01,65,0
20080402,867.52,867.52,859.26,859.26,1105,0
20080403,854.67,871.19,853.75,871.19,451,0
20080404,872.11,872.11,838.15,838.15,1021,0
20080407,836.31,839.06,826.21,838.15,148,0
20080408,838.15,844.57,829.88,844.57,453,0
20080409,833.56,872.11,828.97,844.57,729,0
20080410,844.57,844.57,826.21,844.57,772,0
20080411,844.57,844.57,807.85,817.03,105,0
20080414,817.03,817.03,798.67,798.67,34,0
20080415,780.31,817.03,780.31,817.03,295,0
20080416,808.77,826.21,806.93,806.93,186,0
20080417,807.85,807.85,793.16,807.85,985,0
20080418,807.85,816.11,789.49,798.67,1435,0
20080421,798.67,820.7,734.41,779.39,1641,0
20080422,725.23,779.39,725.23,779.39,513,0
20080423,743.59,756.44,735.33,756.44,447,0
20080424,752.77,779.39,752.77,779.39,819,0
20080425,771.13,775.72,766.54,766.54,769,0
20080428,761.95,761.95,761.03,761.95,109,0
20080429,775.72,780.31,766.54,766.54,1015,0
20080430,763,767,762,767,119,0
20080505,767.46,768.38,761.95,768.38,24,0
20080506,775.72,775.72,745.43,748.18,509,0
20080507,739,760.11,739,760.11,643,0
20080508,761.95,761.95,761.95,761.95,109,0
20080509,761.95,761.95,743.59,758.28,602,0
20080512,744.51,758.28,744.51,758.28,28,0
20080513,744.51,744.51,733.49,737.16,625,0
20080514,737.16,745.43,737.16,744.51,55,0
20080515,744.51,744.51,744.51,744.51,10,0
20080516,726.15,739,726.15,736.25,31,0
20080519,732.57,737.16,732.57,737.16,17,0
20080520,737.16,739,735.33,736.25,99,0
20080521,734,748,734,734,1428,0
20080523,754,754,754,754,2,0
20080526,753,753,734,734,34,0
20080527,739,739,728,739,64,0
20080528,760,800,757,792,141,0
20080529,790,791,789,791,73,0
20080530,780,788,780,781,27,0
20080602,785,788,780,784,418,0
20080603,765,765,765,765,11,0
20080604,765,770,765,770,69,0
20080605,776,776,757,773,523,0
20080606,785,785,760,760,57,0
20080609,755,755,735,735,822,0
20080610,728,728,713,713,30,0
20080611,713,720,713,720,241,0
20080612,707,707,699,702,49,0
20080613,700,715,700,715,76,0
20080616,715,715,700,700,22,0
20080617,710,712,705,705,497,0
20080619,692,700,692,700,44,0
20080620,713,714,713,714,75,0
20080623,720,720,700,700,131,0
20080624,710,710,685,685,27,0
20080625,665,665,658,658,136,0
20080626,660,660,653,660,108,0
20080627,659,660,658,658,121,0
20080630,650,650,650,650,10,0
20080701,660,662,640,641,469,0
20080702,630,630,620,620,276,0
20080703,606,606,600,606,10,0
20080704,625,625,561,595,180,0
20080707,555,555,515,526,25,0
20080708,530,530,510,512,137,0
20080709,524,524,516,516,371,0
20080710,566,566,550,556,97,0
20080711,559,559,555,555,55,0
20080714,554,554,523,547,115,0
20080715,511,562,511,550,90,0
20080716,556,556,510,530,109,0
20080717,515,540,515,531,21,0
20080718,555,555,522,540,491,0
20080721,535,555,535,555,77,0
20080722,559,581,553,575,416,0
20080723,589,589,557,582,297,0
20080724,575,595,555,594,235,0
20080725,563,563,552,563,48,0
20080728,565,565,540,560,29,0
20080729,520,540,520,540,56,0
20080730,522,534,515,534,1292,0
20080731,538,538,510,510,1462,0
20080801,512,525,512,525,649,0
20080804,516,516,500,511,406,0
20080805,511,516,511,515,61,0
20080806,520,543,520,543,332,0
20080807,540,543,518,518,121,0
20080808,526,526,512,524,52,0
20080811,527,533,525,533,58,0
20080812,533,547,533,533,38,0
20080813,535,548,500,540,439,0
20080814,530,530,525,525,263,0
20080818,510,510,498,499,120,0
20080819,461,481,461,480,392,0
20080820,477,485,476,485,88,0
20080821,490,521,490,512,131,0
20080822,519,519,519,519,0,0
20080825,510,510,510,510,5,0
20080826,490,524,490,520,128,0
20080827,536,553,520,553,371,0
20080828,554,559,554,559,14,0
20080829,540,570,540,558,129,0
20080901,559,559,540,550,33,0
20080902,540,540,495,501,604,0
20080903,515,515,476,490,431,0
20080904,494,494,444,457,1791,0
20080905,464,464,419,421,1007,0
20080908,435,446,415,444,139,0
20080909,440,440,400,413,535,0
20080910,410,410,400,400,1388,0
20080911,400,409,395,406,673,0
20080912,407,420,400,412,270,0
20080915,412,412,393,398,107,0
20080916,399,399,389,391,37,0
20080917,409,420,369,405,459,0
20080918,403,419,395,419,129,0
20080919,424,425,405,405,308,0
20080922,406,406,371,380,269,0
20080923,380,380,350,360,281,0
20080924,367,369,360,366,229,0
20080925,360,360,341,355,127,0
20080926,355,355,325,333,568,0
20080929,333,333,325,326,82,0
20080930,310,320,291,320,136,0
20081001,324,324,319,320,130,0
20081002,325,330,325,327,69,0
20081003,327,330,327,330,167,0
20081006,330,330,300,300,946,0
20081007,300,300,275,276,800,0
20081008,270,287,254,265,696,0
20081009,270,270,244,247,549,0
20081010,244,244,220,221,913,0
20081013,234,236,229,232,437,0
20081014,242,259,239,252,709,0
20081015,246,247,242,244,260,0
20081016,238,242,236,242,208,0
20081017,237,237,233,233,412,0
20081020,236,244,236,239,482,0
20081021,239,246,236,241,396,0
20081022,242,242,233,234,64,0
20081023,240,250,234,245,524,0
20081024,238,238,225,237,729,0
20081027,232,235,209,210,507,0
20081028,220,223,210,219,314,0
20081029,218,218,211,217,774,0
20081030,221,221,210,211,603,0
20081031,217,218,210,216,335,0
20081103,218,236,215,223,402,0
20081104,224,240,224,235,639,0
20081105,240,260,240,248,812,0
20081106,250,250,242,249,290,0
20081107,248,248,245,248,96,0
20081110,250,255,250,255,237,0
20081112,255,255,251,251,215,0
20081113,245,250,245,250,60,0
20081114,250,250,246,247,499,0
20081117,244,255,244,252,288,0
20081118,252,265,252,265,251,0
20081119,265,266,246,253,264,0
20081120,242,246,228,228,893,0
20081121,230,234,230,230,104,0
20081124,232,240,232,240,117,0
20081125,245,245,236,237,70,0
20081126,240,242,237,237,104,0
20081127,248,248,241,241,91,0
20081128,239,248,239,247,162,0
20081201,236,247,236,243,92,0
20081202,241,250,241,250,209,0
20081203,250,250,246,246,61,0
20081204,243,243,243,243,15,0
20081205,239,241,235,240,412,0
20081208,250,255,249,251,136,0
20081209,252,252,244,244,50,0
20081210,250,258,248,258,30222,0
20081211,258,260,239,260,124,0
20081212,260,260,244,244,14,0
20081215,234,263,234,250,20386,0
20081216,250,255,244,254,325,0
20081217,253,273,248,260,309,0
20081218,260,264,258,260,153,0
20081219,260,260,247,250,307,0
20081222,247,247,225,233,1274,0
20081223,236,251,236,243,910,0
20081229,254,254,247,247,4,0
20081230,244,263,244,263,240,0
20081231,258,264,258,264,65,0
20090105,271,275,255,274,347,0
20090106,266,289,266,268,376,0
20090107,280,282,265,279,51,0
20090108,275,275,270,275,11,0
20090109,279,279,275,275,85,0
20090112,275,280,249,280,137,0
20090113,269,279,269,279,8,0
20090114,271,292,271,280,381,0
20090115,280,294,280,291,212,0
20090116,291,300,289,300,101,0
20090119,295,307,289,302,224,0
20090120,300,300,284,284,26,0
20090121,279,297,270,297,283,0
20090122,300,310,300,302,81,0
20090123,312,312,297,302,34,0
20090126,304,304,292,299,272,0
20090127,291,307,291,307,78,0
20090128,302,307,299,307,18,0
20090129,307,307,300,307,47,0
20090130,307,327,307,327,246,0
20090202,328,328,321,321,26,0
20090203,320,339,319,339,126,0
20090204,340,370,333,370,247,0
20090205,389,389,352,365,106,0
20090206,360,380,360,380,150,0
20090209,380,380,357,379,15,0
20090210,365,369,360,360,103,0
20090211,360,360,350,360,155,0
20090212,350,366,350,365,9,0
20090213,381,381,346,346,41,0
20090216,346,364,336,364,51,0
20090217,346,347,333,333,20066,0
20090218,333,333,329,330,15037,0
20090219,315,324,310,315,32216,0
20090220,317,317,298,315,4377,0
20090223,305,305,276,293,163,0
20090224,297,297,270,270,34,0
20090225,270,277,255,255,32,0
20090226,250,255,247,248,48,0
20090227,256,281,254,281,72,0
20090302,279,279,252,278,63,0
20090303,280,280,280,280,0,0
20090304,280,280,252,275,48,0
20090305,275,277,255,277,111,0
20090306,276,277,276,277,15,0
20090309,269,276,260,276,9,0
20090310,250,271,250,271,86,0
20090311,271,271,255,264,118,0
20090312,260,265,242,265,66,0
20090313,256,270,255,263,2604,0
20090316,258,267,242,244,143,0
20090317,250,250,233,250,175,0
20090318,256,261,256,260,618,0
20090319,261,265,260,265,763,0
20090320,275,280,273,274,103,0
20090323,280,304,274,304,115,0
20090324,304,321,272,299,181,0
20090325,298,319,290,319,72,0
20090326,319,349,307,345,250,0
20090327,335,335,295,301,1784,0
20090330,300,305,291,305,114,0
20090331,294,304,294,304,141,0
20090401,298,304,295,297,534,0
20090402,307,308,283,302,422,0
20090403,307,307,290,305,188,0
20090406,308,308,295,305,98,0
20090407,300,304,295,304,979,0
20090408,309,322,305,315,2519,0
20090409,320,334,309,320,256,0
20090414,343,360,338,356,738,0
20090415,356,360,340,358,164,0
20090416,358,358,319,319,1338,0
20090417,323,334,315,323,404,0
20090420,326,328,307,308,163,0
20090421,310,315,306,314,46,0
20090422,310,318,302,318,60,0
20090423,330,330,317,317,78,0
20090424,320,320,304,318,775,0
20090427,319,320,310,319,233,0
20090428,310,315,310,312,144,0
20090429,318,318,312,313,546,0
20090430,316,334,315,326,4692,0
20090504,339,344,330,340,182,0
20090505,340,340,328,333,231,0
20090506,333,353,333,353,481,0
20090507,375,383,365,377,944,0
20090508,400,429,390,400,2527,0
20090511,409,409,382,390,1484,0
20090512,397,397,375,384,884,0
20090513,386,386,367,378,293,0
20090514,367,378,356,363,368,0
20090515,378,378,353,363,339,0
20090518,368,373,364,373,465,0
20090519,377,385,368,369,804,0
20090520,370,370,357,359,167,0
20090521,357,357,346,347,452,0
20090522,347,377,347,363,413,0
20090525,363,373,355,363,173,0
20090526,353,362,347,359,324,0
20090527,360,369,360,365,846,0
20090528,365,365,351,360,74,0
20090529,360,363,360,363,65,0
20090601,363,368,362,367,202,0
20090602,368,374,368,373,474,0
20090603,375,398,375,390,1197,0
20090604,399,408,397,404,795,0
20090605,412,412,401,406,894,0
20090608,401,414,392,414,430,0
20090609,414,414,386,405,190,0
20090610,407,415,407,414,299,0
20090612,415,415,410,414,141,0
20090615,416,417,412,413,201,0
20090616,411,411,404,409,64,0
20090617,398,404,398,404,557,0
20090618,400,403,381,403,196,0
20090619,404,409,402,409,65,0
20090622,401,401,401,401,192,0
20090623,401,405,395,395,926,0
20090624,395,404,391,404,235,0
20090625,410,413,405,407,443,0
20090626,410,414,407,414,103,0
20090629,413,414,410,414,111,0
20090630,414,416,411,411,124,0
20090701,398,411,398,410,117,0
20090702,411,420,405,405,26,0
20090703,405,405,405,405,26,0
20090706,400,403,394,403,52,0
20090707,414,435,405,435,2266,0
20090708,423,432,421,432,1431,0
20090709,433,435,430,433,205,0
20090710,433,433,418,430,13,0
20090713,415,420,402,418,85,0
20090714,424,434,424,434,163,0
20090715,435,440,420,433,293,0
20090716,433,433,417,427,62,0
20090717,425,425,417,418,107,0
20090720,420,425,417,425,580,0
20090721,420,426,420,424,255,0
20090722,426,433,425,425,139,0
20090723,426,434,426,434,81,0
20090724,435,451,435,450,966,0
20090727,451,451,440,449,47,0
20090728,450,470,449,470,426,0
20090729,485,485,453,480,490,0
20090730,474,489,460,489,891,0
20090731,488,502,487,500,1058,0
20090803,520,520,460,491,709,0
20090804,491,500,488,500,609,0
20090805,491,502,491,500,624,0
20090806,499,509,493,509,2146,0
20090807,504,516,504,516,1530,0
20090810,516,556,498,556,828,0
20090811,565,588,531,564,1221,0
20090812,550,566,540,565,281,0
20090813,570,575,550,569,1865,0
20090814,587,595,566,590,10279,0
20090817,580,597,565,589,388,0
20090818,592,598,580,580,482,0
20090819,580,580,530,575,2917,0
20090820,560,576,560,576,2608,0
20090821,550,580,550,576,287,0
20090824,576,588,572,588,167,0
20090825,582,609,570,609,749,0
20090826,610,610,550,560,3398,0
20090827,551,570,551,570,1099,0
20090828,570,579,570,578,46,0
20090831,572,577,541,561,104,0
20090901,552,552,531,547,1693,0
20090902,536,550,533,548,552,0
20090903,541,547,520,521,1669,0
20090904,548,548,545,545,6,0
20090907,535,547,535,547,1857,0
20090908,549,555,540,540,682,0
20090909,530,556,530,556,98,0
20090910,545,550,545,550,117,0
20090911,555,568,555,568,351,0
20090914,572,574,538,565,4508,0
20090915,570,571,562,566,3298,0
20090916,566,573,556,566,5543,0
20090917,575,575,553,556,2522,0
20090918,553,575,550,575,204,0
20090921,574,578,564,564,277,0
20090922,576,576,550,563,7352,0
20090923,569,570,560,561,11100,0
20090924,560,588,546,570,28439,0
20090925,543,575,543,570,5803,0
20090928,543,580,543,570,737,0
20090929,575,585,575,585,105,0
20090930,585,618,585,618,10404,0
20091001,620,620,611,615,8422,0
20091002,615,620,612,619,2311,0
20091005,630,630,620,624,6055,0
20091006,634,637,630,634,21855,0
20091007,631,655,631,655,333,0
20091008,665,680,640,670,7435,0
20091009,684,684,656,660,180,0
20091012,674,674,650,660,31,0
20091013,650,660,650,660,585,0
20091014,660,660,640,655,1309,0
20091015,669,669,635,650,400,0
20091016,640,658,631,658,32322,0
20091019,632,652,632,651,1859,0
20091020,646,651,621,642,5650,0
20091021,640,640,640,640,51,0
20091022,644,648,631,648,2054,0
20091023,648,650,640,644,148,0
20091026,640,651,640,651,33,0
20091027,645,655,645,655,454,0
20091028,645,650,645,648,5586,0
20091029,640,645,636,645,473,0
20091030,631,653,631,650,1043,0
20091102,645,649,640,645,460,0
20091103,641,645,630,640,2664,0
20091104,630,650,630,640,8726,0
20091105,621,645,621,645,1018,0
20091106,645,645,640,640,59,0
20091109,638,641,638,640,21,0
20091110,645,653,642,653,1220,0
20091112,653,681,650,681,1762,0
20091113,681,701,681,692,243,0
20091116,700,700,666,670,1063,0
20091117,665,668,650,655,1208,0
20091118,655,668,645,668,31,0
20091119,660,660,651,660,46,0
20091120,643,682,635,662,583,0
20091123,640,657,640,652,117,0
20091124,650,652,650,650,1116,0
20091125,642,652,640,650,79,0
20091126,630,645,630,645,4144,0
20091127,642,642,630,640,6001,0
20091130,640,650,640,641,3092,0
20091201,638,643,638,643,101,0
20091202,650,665,642,645,533,0
20091203,650,650,650,650,269,0
20091204,645,653,645,653,74,0
20091207,653,672,650,660,23,0
20091208,660,669,655,660,614,0
20091209,660,665,643,655,7272,0
20091210,642,664,640,645,5193,0
20091211,640,648,591,648,929,0
20091214,611,665,611,665,10099,0
20091215,630,665,630,664,4253,0
20091216,665,665,651,661,3014,0
20091217,636,670,631,650,8916,0
20091218,633,669,633,665,2266,0
20091221,660,668,653,662,394,0
20091222,641,680,640,680,992,0
20091223,665,690,656,671,2630,0
20091228,661,690,660,690,114,0
20091229,690,700,659,700,4193,0
20091230,699,705,682,705,2987,0
20091231,705,746,665,665,6692,0
20100104,666,687,664,687,18,0
20100105,660,679,660,678,13,0
20100106,660,678,660,678,374,0
20100107,660,679,660,679,44,0
20100108,678,678,660,675,11,0
20100111,675,675,655,668,14,0
20100112,664,734,661,680,493,0
20100113,678,678,652,670,228,0
20100114,678,678,670,678,5,0
20100115,667,667,667,667,1,0
20100118,661,661,654,654,19,0
20100119,667,667,645,664,46,0
20100120,642,665,642,650,17,0
20100121,649,649,600,642,103,0
20100122,616,630,616,630,49,0
20100125,620,639,602,639,3217,0
20100126,603,630,603,630,89,0
20100127,609,609,609,609,7,0
20100128,607,615,607,607,51,0
20100129,606,615,601,610,84,0
20100201,552,606,552,600,8092,0
20100202,580,600,580,599,124,0
20100203,580,598,580,598,142,0
20100204,600,600,590,590,104,0
20100205,581,629,580,619,141,0
20100208,615,615,582,600,106,0
20100209,600,614,600,601,122,0
20100210,586,605,586,605,49,0
20100211,587,587,580,587,407,0
20100212,589,599,582,599,51,0
20100215,608,614,576,595,39,0
20100216,580,630,580,604,96,0
20100217,603,625,603,625,638,0
20100218,605,640,605,640,112,0
20100219,600,658,600,652,67,0
20100222,616,640,616,620,100,0
20100223,612,620,612,615,252,0
20100224,613,613,600,608,126,0
20100225,634,634,570,570,1051,0
20100226,570,590,558,590,81,0
20100301,563,590,563,579,197,0
20100302,562,586,562,580,296,0
20100303,590,590,570,589,162,0
20100304,578,587,570,587,92,0
20100305,588,588,588,588,0,0
20100308,588,599,587,599,134,0
20100309,599,606,599,604,6717,0
20100310,600,618,598,618,89,0
20100311,579,618,579,617,8,0
20100312,600,611,600,611,14,0
20100315,600,610,589,610,55,0
20100316,616,616,600,610,497,0
20100317,610,610,601,601,7029,0
20100318,607,607,586,607,3944,0
20100319,605,606,605,605,10,0
20100322,603,616,603,606,388,0
20100323,615,630,606,606,32,0
20100324,607,615,607,608,257,0
20100325,610,624,607,610,2579,0
20100326,611,611,602,602,195,0
20100329,619,619,597,616,191,0
20100330,616,616,616,616,52,0
20100331,615,615,610,615,130,0
20100401,610,615,610,615,152,0
20100406,600,615,600,615,6,0
20100407,617,639,617,639,1719,0
20100408,638,639,630,639,88,0
20100409,630,638,630,638,225,0
20100412,622,635,622,625,14,0
20100413,635,635,600,620,24,0
20100414,615,615,596,614,38,0
20100415,610,612,601,610,96,0
20100416,612,613,596,596,527,0
20100419,595,595,574,580,77,0
20100420,588,588,580,580,77,0
20100421,581,589,563,589,31,0
20100422,565,595,565,580,160,0
20100423,582,603,582,603,92,0
20100426,601,606,601,606,42,0
20100427,617,617,608,615,763,0
20100428,606,614,586,614,239,0
20100429,613,620,612,620,18,0
20100430,619,620,619,620,17,0
20100504,561,621,561,619,998,0
20100505,625,625,591,591,279,0
20100506,591,600,575,591,182,0
20100507,590,590,565,565,425,0
20100510,603,603,556,596,272,0
20100511,590,590,541,556,290,0
20100512,555,575,555,574,128,0
20100513,575,575,560,575,35,0
20100514,556,557,555,555,151,0
20100517,553,553,516,541,717,0
20100518,545,545,534,535,1208,0
20100519,539,541,510,530,1088,0
20100520,516,516,477,490,544,0
20100521,471,506,471,480,679,0
20100524,520,520,520,520,0,0
20100525,485,503,480,490,925,0
20100526,475,500,470,498,485,0
20100527,490,506,475,506,4054,0
20100528,510,514,500,514,593,0
20100531,515,515,485,485,18,0
20100601,515,520,490,509,111,0
20100602,493,520,482,520,347,0
20100604,510,510,488,510,50,0
20100607,510,510,484,484,131,0
20100608,505,505,485,495,228,0
20100609,490,503,480,502,151,0
20100610,490,490,490,490,70,0
20100611,495,500,495,500,23,0
20100614,485,500,485,500,1095,0
20100615,505,515,500,515,32,0
20100616,500,565,500,536,186,0
20100617,512,524,510,524,20,0
20100618,531,531,501,524,16,0
20100621,521,521,502,519,13,0
20100622,528,528,504,506,5,0
20100623,502,502,502,502,8,0
20100624,541,541,530,530,0,0
20100625,488,519,488,519,9,0
20100628,503,508,500,508,3307,0
20100629,536,536,490,510,367,0
20100630,495,504,495,499,71,0
20100701,528,528,505,505,605,0
20100702,496,496,496,496,1,0
20100705,496,496,496,496,91,0
20100706,495,495,482,495,57,0
20100707,500,500,500,500,147,0
20100708,505,505,500,500,1407,0
20100709,505,505,500,500,1250,0
20100712,500,504,500,504,124,0
20100713,505,505,501,504,10,0
20100714,500,506,500,506,1530,0
20100715,507,507,500,500,5601,0
20100716,500,505,500,500,2107,0
20100719,500,500,500,500,2569,0
20100720,499,505,497,501,17400,0
20100721,514,514,514,514,26,0
20100722,500,502,500,502,23,0
20100723,504,512,496,501,461,0
20100727,503,519,503,519,150,0
20100728,503,518,503,518,1,0
20100729,505,518,505,508,97,0
20100730,510,515,510,515,191,0
20100802,515,515,515,515,113,0
20100803,518,525,515,516,784,0
20100804,525,535,517,531,141,0
20100805,531,550,515,550,1127,0
20100806,560,560,531,559,177,0
20100809,549,549,545,545,824,0
20100810,535,535,535,535,1617,0
20100811,532,532,532,532,10,0
20100812,531,532,531,532,213,0
20100813,532,535,532,535,359,0
20100816,532,532,525,525,394,0
20100817,526,549,526,530,6339,0
20100818,521,545,521,538,436,0
20100819,530,530,525,530,125,0
20100820,526,530,526,530,44,0
20100823,540,540,530,530,47,0
20100824,542,542,525,530,5503,0
20100825,530,532,500,528,62,0
20100826,528,528,511,528,40,0
20100827,520,520,510,510,441,0
20100830,510,523,510,523,28,0
20100831,527,529,520,521,219,0
20100901,525,539,515,525,88,0
20100902,542,542,520,520,488,0
20100903,540,540,523,527,221,0
20100906,530,530,520,520,710,0
20100907,527,528,522,527,213,0
20100908,529,529,523,527,58,0
20100909,527,529,522,522,2326,0
20100910,525,525,519,519,99,0
20100913,525,525,517,517,197,0
20100914,518,518,511,515,233,0
20100915,520,520,515,517,156,0
20100916,518,520,514,515,79,0
20100917,515,519,515,515,107,0
20100920,520,520,506,515,9,0
20100921,515,526,515,520,84,0
20100922,525,525,520,520,152,0
20100923,515,515,515,515,163,0
20100924,515,519,515,516,439,0
20100927,515,517,515,516,1531,0
20100928,525,525,517,525,500,0
20100929,520,539,520,539,357,0
20100930,520,537,520,535,1068,0
20101001,534,544,515,515,667,0
20101004,525,525,525,525,4,0
20101005,525,525,516,525,1478,0
20101006,525,525,517,520,38,0
20101007,520,520,520,520,405,0
20101008,520,520,515,515,446,0
20101011,515,518,515,515,643,0
20101012,519,519,503,503,45,0
20101013,505,505,505,505,50,0
20101014,517,517,506,506,163,0
20101015,507,507,507,507,0,0
20101018,515,515,480,500,443,0
20101019,500,500,495,495,808,0
20101020,500,500,497,497,77,0
20101021,498,500,498,500,1471,0
20101022,499,500,497,500,832,0
20101025,500,500,500,500,84,0
20101026,500,500,495,496,185,0
20101027,500,505,500,500,1700,0
20101028,498,498,498,498,2022,0
20101029,500,504,490,490,36,0
20101102,492,492,492,492,41,0
20101103,492,495,492,495,32,0
20101104,491,491,490,490,266,0
20101105,498,498,470,497,210,0
20101108,490,494,490,491,247,0
20101109,490,491,488,490,330,0
20101110,491,495,491,492,120,0
20101112,490,495,490,490,15,0
20101115,491,492,491,492,18,0
20101116,491,491,470,480,805,0
20101117,471,475,470,475,638,0
20101118,467,480,467,480,27,0
20101119,475,475,455,470,2638,0
20101122,470,475,456,462,4944,0
20101123,455,464,455,464,1072,0
20101124,460,475,458,458,137,0
20101125,462,489,462,489,27,0
20101126,490,490,490,490,5,0
20101129,490,490,490,490,60,0
20101130,497,499,470,493,299,0
20101201,494,494,494,494,1,0
20101202,493,493,493,493,20,0
20101203,475,475,465,465,139,0
20101206,467,478,467,478,6,0
20101207,479,479,471,472,157,0
20101209,475,475,462,463,696,0
20101210,476,476,463,463,1360,0
20101213,462,462,456,456,1085,0
20101214,455,460,452,460,22,0
20101215,455,455,444,444,121,0
20101216,445,457,444,446,8,0
20101217,446,446,446,446,31,0
20101220,457,475,457,458,446,0
20101221,475,475,428,450,1162,0
20101222,430,450,423,446,1168,0
20101223,445,455,442,455,51,0
20101227,456,475,456,475,1863,0
20101228,455,480,455,480,1529,0
20101229,435,500,435,500,1728,0
20101230,486,500,481,493,931,0
20101231,475,491,470,490,4744,0
20110103,490,490,471,471,163,0
20110104,487,488,472,488,56,0
20110105,478,488,470,488,76,0
20110107,485,485,473,482,334,0
20110110,470,485,470,480,749,0
20110111,480,480,470,470,183,0
20110112,470,470,442,442,845,0
20110113,442,447,430,441,1093,0
20110114,442,454,442,450,1743,0
20110117,450,450,445,445,2006,0
20110118,442,449,442,443,182,0
20110119,445,445,444,445,181,0
20110120,444,444,442,444,182,0
20110121,444,444,438,438,7586,0
20110124,444,444,435,435,5,0
20110125,435,443,432,434,1849,0
20110126,432,433,432,433,179,0
20110127,442,442,410,429,213,0
20110128,425,436,420,430,185,0
20110131,430,430,421,430,34,0
20110201,430,430,425,425,514,0
20110202,415,415,415,415,525,0
20110203,420,420,410,410,620,0
20110204,410,419,410,411,187,0
20110207,415,415,407,415,457,0
20110208,415,415,414,415,59,0
20110209,414,415,414,415,145,0
20110210,415,415,409,410,51,0
20110211,408,415,408,410,650,0
20110214,410,420,410,412,303,0
20110215,417,417,414,417,1169,0
20110216,419,419,409,418,147,0
20110217,415,415,410,410,182,0
20110218,415,415,408,415,312,0
20110221,415,415,406,410,175,0
20110222,406,408,392,400,1162,0
20110223,394,405,394,400,112,0
20110224,395,396,391,391,366,0
20110225,399,400,387,387,68,0
20110228,393,394,388,390,40,0
20110301,393,393,390,390,305,0
20110302,391,392,390,390,94,0
20110303,393,393,387,387,389,0
20110304,390,391,390,390,989,0
20110307,390,390,385,385,169,0
20110308,385,390,370,371,602,0
20110309,373,380,370,375,401,0
20110310,375,379,370,379,273,0
20110311,379,379,363,370,144,0
20110314,370,371,370,371,7,0
20110315,365,375,365,370,30,0
20110316,370,380,334,375,1173,0
20110317,373,380,370,380,208,0
20110318,370,380,370,372,726,0
20110321,377,380,370,380,210,0
20110322,380,388,376,376,118,0
20110323,388,407,388,392,795,0
20110324,407,419,405,419,302,0
20110325,426,426,417,425,272,0
20110328,425,425,412,423,664,0
20110329,421,430,406,420,741,0
20110330,399,424,399,410,3203,0
20110331,402,415,400,400,3207,0
20110401,390,412,390,412,680,0
20110404,400,412,400,412,171,0
20110405,412,420,412,420,72,0
20110406,422,430,422,425,1596,0
20110407,420,439,420,437,314,0
20110408,437,437,425,430,724,0
20110411,431,435,429,430,1787,0
20110412,438,438,430,430,50,0
20110413,430,433,430,430,560,0
20110414,432,437,430,430,350,0
20110415,435,435,430,430,415,0
20110418,437,450,431,440,3980,0
20110419,454,468,450,468,2352,0
20110420,467,475,465,465,1014,0
20110421,467,475,467,475,551,0
20110426,475,481,474,481,341,0
20110427,474,485,474,482,173,0
20110428,484,496,477,493,731,0
20110429,495,497,486,497,1010,0
20110502,492,492,481,489,6,0
20110504,481,495,480,483,1227,0
20110505,486,499,486,495,914,0
20110506,498,498,496,497,2078,0
20110509,497,498,495,498,208,0
20110510,495,498,495,498,3382,0
20110511,498,499,494,499,1106,0
20110512,498,498,484,498,150,0
20110513,499,500,498,498,192,0
20110516,488,500,488,500,1245,0
20110517,500,512,500,511,828,0
20110518,512,513,505,510,4391,0
20110519,513,515,513,515,16,0
20110520,512,512,503,503,3326,0
20110523,505,513,503,505,7045,0
20110524,506,510,493,509,8596,0
20110525,492,500,492,500,543,0
20110526,500,500,471,475,1446,0
20110527,455,465,455,460,571,0
20110530,459,461,451,451,2059,0
20110531,450,460,450,455,1614,0
20110601,451,460,448,460,120,0
20110602,460,460,455,455,638,0
20110603,450,457,450,457,291,0
20110606,456,457,451,457,650,0
20110607,449,449,445,445,397,0
20110608,444,445,444,444,76,0
20110609,454,454,430,431,33,0
20110610,432,443,432,443,282,0
20110613,432,454,432,449,466,0
20110614,455,455,429,450,371,0
20110615,430,445,429,445,21,0
20110616,444,444,444,444,1,0
20110617,448,448,427,437,1387,0
20110620,427,439,426,437,81,0
20110621,430,435,426,435,138,0
20110622,415,423,405,420,163,0
20110627,411,411,411,411,70,0
20110628,411,417,405,405,72,0
20110630,408,409,404,404,486,0
20110701,424,424,397,397,718,0
20110704,404,404,382,400,25,0
20110707,395,395,395,395,1,0
20110708,417,417,384,417,1001,0
20110711,417,417,390,404,72,0
20110712,404,404,390,390,68,0
20110713,400,400,395,395,20,0
20110714,395,395,380,380,1141,0
20110715,376,380,375,380,28,0
20110718,370,385,350,375,16,0
20110719,361,379,361,361,16,0
20110720,379,379,334,360,905,0
20110721,345,360,345,360,189,0
20110722,360,360,346,357,496,0
20110725,360,360,355,355,1026,0
20110726,351,375,340,375,1480,0
20110727,360,362,351,355,35,0
20110728,355,373,342,350,814,0
20110729,342,350,342,350,4,0
20110801,343,345,333,342,404,0
20110802,336,349,335,335,145,0
20110803,333,345,325,326,35,0
20110804,322,326,291,315,61,0
20110805,263,312,262,304,3276,0
20110808,274,304,270,270,329,0
20110809,270,270,240,255,541,0
20110810,259,259,227,240,1294,0
20110811,227,264,213,264,1777,0
20110812,250,270,238,270,440,0
20110816,295,308,277,308,421,0
20110817,300,310,282,300,483,0
20110818,273,306,250,250,1078,0
20110819,251,289,250,270,2073,0
20110822,261,289,261,285,212,0
20110823,288,300,285,290,1708,0
20110824,300,300,285,290,466,0
20110825,290,290,285,285,19,0
20110826,285,285,269,285,163,0
20110829,265,295,265,295,256,0
20110830,310,328,281,281,478,0
20110831,298,300,295,299,431,0
20110901,300,307,295,295,236,0
20110902,308,308,280,280,482,0
20110905,270,270,255,256,569,0
20110906,260,275,240,250,2137,0
20110907,260,268,252,265,194,0
20110908,270,283,270,270,1237,0
20110909,269,279,260,260,244,0
20110912,260,260,241,244,3249,0
20110913,265,265,238,239,3297,0
20110914,251,265,240,264,850,0
20110915,280,280,262,262,2444,0
20110916,270,273,249,257,1362,0
20110919,259,259,238,245,1029,0
20110920,249,250,240,240,2224,0
20110921,241,241,199,199,4882,0
20110922,199,199,195,199,791,0
20110923,197,197,185,192,2131,0
20110926,185,195,183,190,1287,0
20110927,190,192,182,190,263,0
20110928,189,189,171,180,415,0
20110929,178,183,175,180,501,0
20110930,176,191,176,191,368,0
20111003,189,189,181,189,134,0
20111004,190,190,181,188,165,0
20111005,187,189,181,188,56,0
20111006,193,196,187,187,818,0
20111007,187,190,187,190,150,0
20111010,192,192,186,188,268,0
20111011,194,194,180,188,213,0
20111012,188,205,188,198,574,0
20111013,197,202,190,195,250,0
20111014,197,203,191,199,690,0
20111017,202,215,202,207,3299,0
20111018,207,207,202,203,248,0
20111019,205,208,205,208,698,0
20111020,205,206,203,205,546,0
20111021,205,215,205,207,495,0
20111024,210,217,206,211,339,0
20111025,217,217,212,212,128,0
20111026,210,210,205,207,94,0
20111027,210,219,210,217,882,0
20111028,220,227,212,222,6323,0
20111031,229,229,212,218,677,0
20111102,212,212,201,212,513,0
20111103,216,217,214,217,2057,0
20111104,224,224,215,219,596,0
20111107,208,216,208,216,603,0
20111108,220,220,216,216,9489,0
20111109,215,218,213,214,9951,0
20111110,214,230,214,228,436,0
20111114,230,230,225,230,84,0
20111115,230,234,222,222,362,0
20111116,225,225,219,219,1312,0
20111117,217,219,216,216,3554,0
20111118,210,215,200,213,2502,0
20111121,212,212,204,209,293,0
20111122,205,205,204,205,7105,0
20111123,198,205,196,199,1788,0
20111124,199,200,197,199,1981,0
20111125,200,200,200,200,13,0
20111128,199,202,199,201,460,0
20111129,200,200,194,195,83,0
20111130,195,195,195,195,8046,0
20111201,189,200,189,200,19178,0
20111205,200,201,196,197,455,0
20111206,197,199,191,199,82,0
20111207,194,200,193,197,684,0
20111208,200,204,191,197,663,0
20111209,196,202,196,202,143,0
20111212,204,204,195,204,80,0
20111213,195,202,195,202,402,0
20111214,202,203,201,201,693,0
20111215,207,211,202,202,209,0
20111216,201,202,198,198,130,0
20111219,201,201,200,200,61,0
20111220,198,203,197,198,1225,0
20111221,199,200,198,198,206,0
20111222,198,201,198,198,603,0
20111223,198,199,198,199,129,0
20111227,199,199,195,195,263,0
20111228,193,193,192,193,61,0
20111229,193,198,193,196,33,0
20111230,195,195,195,195,13,0
20120102,197,209,197,200,201,0
20120103,199,200,197,197,89,0
20120104,200,204,196,204,181,0
20120105,206,209,203,204,262,0
20120109,205,205,202,202,100,0
20120110,203,203,197,203,201,0
20120111,208,265,208,250,14065,0
20120112,260,264,235,249,4731,0
20120113,249,254,243,249,2490,0
20120116,244,244,231,240,1171,0
20120117,239,245,239,241,260,0
20120118,234,252,234,248,676,0
20120119,245,252,245,250,1484,0
20120120,252,260,250,255,1034,0
20120123,255,260,250,251,1170,0
20120124,253,255,238,238,1086,0
20120125,237,246,237,246,55,0
20120126,248,254,248,253,127,0
20120127,254,256,251,255,980,0
20120130,255,270,254,258,1273,0
20120131,260,268,258,260,1525,0
20120201,261,261,245,252,318,0
20120202,252,259,233,241,635,0
20120203,242,247,241,244,275,0
20120206,239,244,239,244,533,0
20120207,248,255,245,250,2867,0
20120208,258,274,258,265,4057,0
20120209,265,275,265,265,996,0
20120210,266,274,264,272,755,0
20120213,275,284,270,280,2153,0
20120214,278,285,275,283,198,0
20120215,283,283,271,279,167,0
20120216,275,275,253,274,511,0
20120217,277,285,270,283,574,0
20120220,282,294,279,288,739,0
20120221,289,296,289,292,1269,0
20120222,297,297,280,293,394,0
20120223,290,294,284,284,2912,0
20120224,285,304,285,294,1180,0
20120227,305,307,284,290,1737,0
20120228,284,290,281,282,422,0
20120229,284,285,272,279,363,0
20120301,284,284,262,273,268,0
20120302,263,272,250,259,810,0
20120305,255,260,253,260,353,0
20120306,260,260,255,260,227,0
20120307,258,263,255,259,1106,0
20120308,258,267,250,260,3600,0
20120309,265,269,263,264,1441,0
20120312,267,267,262,265,1688,0
20120313,265,268,264,265,22,0
20120314,262,263,259,263,189,0
20120315,259,263,253,261,372,0
20120316,259,274,255,273,1349,0
20120319,273,276,270,275,197,0
20120320,271,275,269,275,862,0
20120321,277,278,271,277,417,0
20120322,280,282,273,275,478,0
20120323,274,274,273,273,132,0
20120326,273,275,272,275,624,0
20120327,272,274,261,267,813,0
20120328,267,270,267,270,425,0
20120329,256,265,256,263,132,0
20120330,264,270,260,268,494,0
20120402,262,268,261,268,39,0
20120403,270,275,265,273,1034,0
20120404,264,264,262,262,40,0
20120405,263,266,263,263,57,0
20120410,261,263,260,260,39,0
20120411,246,264,245,263,254,0
20120412,258,260,255,260,87,0
20120413,246,265,246,265,42,0
20120416,265,265,260,260,54,0
20120417,264,264,245,259,38,0
20120418,253,268,252,255,164,0
20120419,263,264,260,260,780,0
20120420,259,259,256,257,95,0
20120423,239,253,239,243,814,0
20120424,241,245,241,242,105,0
20120425,241,251,241,245,853,0
20120426,244,244,244,244,78,0
20120427,258,258,241,252,3,0
20120430,253,253,244,244,11,0
20120502,250,252,245,252,152,0
20120507,241,261,241,250,161,0
20120508,246,254,245,254,340,0
20120510,243,256,243,256,81,0
20120511,247,253,233,253,91,0
20120514,236,245,236,236,0,0
20120515,236,240,235,235,375,0
20120516,240,240,230,235,646,0
20120517,235,235,223,235,877,0
20120518,223,235,221,235,1108,0
20120521,216,235,216,235,4,0
20120522,231,231,231,231,6,0
20120523,240,240,221,240,3878,0
20120525,240,240,240,240,8,0
20120528,238,238,238,238,2,0
20120529,216,236,216,236,15,0
20120530,234,234,221,221,2,0
20120531,221,229,215,229,362,0
20120601,215,215,215,215,0,0
20120604,217,217,217,217,213,0
20120605,203,225,203,217,278,0
20120606,202,232,202,220,350,0
20120608,220,225,220,225,269,0
20120613,216,225,216,225,57,0
20120614,225,225,225,225,17,0
20120615,218,239,218,223,40,0
20120618,231,240,231,240,668,0
20120619,239,240,237,237,493,0
20120620,225,237,225,228,4553,0
20120621,234,234,228,228,906,0
20120622,232,232,228,228,60,0
20120625,223,223,223,223,149,0
20120627,232,233,226,226,102,0
20120628,233,233,233,233,554,0
20120629,234,235,234,235,76,0
20120702,235,235,226,228,108,0
20120703,226,231,211,230,976,0
20120704,229,229,229,229,500,0
20120705,230,235,229,230,961,0
20120706,226,229,226,229,11,0
20120709,225,225,225,225,12,0
20120710,225,225,217,222,596,0
20120711,220,220,219,220,177,0
20120712,224,224,224,224,12,0
20120713,218,226,218,226,103,0
20120716,218,218,218,218,5,0
20120717,219,219,219,219,91,0
20120718,218,227,210,227,57,0
20120719,213,229,213,229,1124,0
20120720,222,226,220,226,361,0
20120723,218,221,218,221,118,0
20120724,220,220,220,220,377,0
20120725,218,222,218,222,421,0
20120726,215,226,215,226,2,0
20120730,216,216,215,215,32,0
20120731,215,218,211,211,359,0
20120801,210,217,200,210,2039,0
20120802,211,215,211,215,6863,0
20120803,214,214,214,214,14,0
20120806,206,213,201,213,127,0
20120807,202,211,201,211,133,0
20120808,202,203,202,203,398,0
20120809,211,211,201,205,1087,0
20120810,202,210,202,204,615,0
20120814,208,208,208,208,30,0
20120816,205,207,205,207,610,0
20120817,207,210,207,210,27,0
20120820,210,210,205,210,490,0
20120821,210,210,206,206,145,0
20120822,207,207,206,206,2083,0
20120823,206,206,203,203,5310,0
20120824,200,201,191,200,4280,0
20120827,200,200,196,196,306,0
20120828,199,199,196,196,590,0
20120829,196,196,196,196,177,0
20120830,192,203,192,203,280,0
20120831,202,202,202,202,753,0
20120903,204,204,203,204,85,0
20120904,204,205,204,204,168,0
20120905,204,208,204,208,661,0
20120906,208,208,204,208,201,0
20120907,204,204,200,200,209,0
20120910,201,203,201,203,29,0
20120911,200,200,200,200,65,0
20120912,200,200,200,200,1000,0
20120913,200,200,200,200,49,0
20120914,206,211,202,208,901,0
20120917,206,212,206,212,657,0
20120919,212,230,212,230,1092,0
20120920,230,230,219,225,458,0
20120921,230,235,229,230,14402,0
20120924,230,230,227,227,123,0
20120925,234,234,234,234,7,0
20120926,234,234,225,230,139,0
20120927,230,233,230,233,10,0
20120928,237,240,231,231,72,0
20121001,232,233,231,233,84,0
20121002,238,239,224,239,56,0
20121004,235,240,235,239,158,0
20121005,239,241,233,241,163,0
20121008,234,235,234,235,316,0
20121009,234,234,232,233,318,0
20121010,227,227,227,227,101,0
20121011,224,224,220,220,278,0
20121015,219,229,212,229,141,0
20121016,225,225,225,225,45,0
20121017,230,230,215,224,114,0
20121018,216,218,215,218,314,0
20121019,218,225,212,225,452,0
20121023,215,224,215,224,8,0
20121025,214,215,214,214,3634,0
20121026,210,214,210,214,5,0
20121029,214,214,208,214,85,0
20121030,209,209,198,200,380,0
20121031,201,205,190,205,12953,0
20121102,205,205,205,205,4,0
20121105,207,211,195,210,21,0
20121106,210,210,199,208,94,0
20121107,199,209,199,209,22,0
20121108,197,208,197,208,1,0
20121109,198,203,197,203,66,0
20121112,197,205,197,205,196,0
20121113,200,200,200,200,2,0
20121114,197,200,197,198,250,0
20121115,198,198,195,196,418,0
20121116,198,198,198,198,8,0
20121119,197,198,197,198,50,0
20121120,196,196,195,195,1055,0
20121121,194,198,193,198,688,0
20121122,197,197,195,195,90,0
20121123,195,195,189,192,1415,0
20121126,188,200,188,190,1995,0
20121127,190,192,171,171,7015,0
20121128,170,170,163,168,531,0
20121129,163,169,162,162,5786,0
20121130,164,171,155,171,729,0
20121203,170,183,159,170,539,0
20121204,166,168,153,154,7648,0
20121205,151,157,139,140,6450,0
20121206,139,150,134,142,2086,0
20121207,149,150,143,145,1166,0
20121210,145,146,143,145,561,0
20121211,146,146,137,140,522,0
20121212,143,143,135,140,1857,0
20121213,141,141,140,141,58,0
20121214,141,143,137,140,364,0
20121217,139,140,136,139,454,0
20121218,139,140,137,139,224,0
20121219,139,139,137,138,897,0
20121220,138,138,136,136,289,0
20121221,137,137,134,134,292,0
20121227,138,138,131,135,359,0
20121228,135,141,134,141,686,0
20130102,142,149,139,140,1914,0
20130103,140,144,138,139,175,0
20130104,140,155,140,155,1886,0
20130107,168,168,147,155,1431,0
20130108,157,172,150,153,2242,0
20130109,157,157,146,150,1964,0
20130110,148,149,145,148,779,0
20130111,146,148,141,143,893,0
20130114,142,144,142,144,475,0
20130115,146,146,141,142,599,0
20130116,142,148,142,142,849,0
20130117,142,144,142,142,348,0
20130118,145,145,131,140,567,0
20130121,138,144,136,144,55,0
20130122,144,145,139,140,1155,0
20130123,140,143,138,140,477,0
20130124,139,139,131,137,1729,0
20130125,137,141,136,140,387,0
20130128,142,142,136,138,2542,0
20130129,138,145,134,140,811,0
20130130,139,139,139,139,380,0
20130131,139,140,136,140,1036,0
20130201,140,140,138,139,1441,0
20130204,138,140,136,139,155,0
20130205,140,140,134,134,257,0
20130206,130,140,130,135,1196,0
20130207,134,136,130,133,114,0
20130208,130,132,125,127,3119,0
20130211,126,127,116,125,2203,0
20130212,118,125,118,123,68,0
20130213,124,126,117,124,1786,0
20130214,124,127,119,123,216,0
20130215,123,128,113,120,3731,0
20130218,120,124,119,123,1126,0
20130219,124,127,120,121,317,0
20130220,124,125,116,120,799,0
20130221,118,123,115,118,364,0
20130222,117,140,117,140,3153,0
20130225,139,140,135,140,1645,0
20130226,131,140,131,138,1537,0
20130227,142,151,131,150,18496,0
20130228,143,156,140,156,78393,0
20130301,155,165,155,165,2250,0
20130304,163,163,148,149,2243,0
20130305,149,152,149,150,302,0
20130306,150,164,150,158,1221,0
20130307,156,158,147,152,4796,0
20130308,153,154,149,150,900,0
20130311,150,153,149,153,893,0
20130312,154,160,154,160,1281,0
20130313,156,159,156,159,250,0
20130314,157,161,156,160,1317,0
20130315,162,162,145,156,552,0
20130318,150,151,145,150,855,0
20130319,150,154,147,153,651,0
20130320,154,157,152,157,296,0
20130321,155,161,152,161,1190,0
20130322,155,159,144,150,1392,0
20130325,151,152,143,152,4039,0
20130326,145,145,140,143,999,0
20130327,143,144,143,144,9978,0
20130328,141,157,141,157,693,0
20130402,153,155,148,153,278,0
20130403,147,148,140,148,1427,0
20130404,149,149,144,148,163,0
20130405,147,147,134,139,1126,0
20130408,134,142,133,133,2167,0
20130409,131,133,125,127,1624,0
20130410,125,125,120,121,1237,0
20130411,115,127,115,127,611,0
20130412,127,127,124,125,45,0
20130415,121,123,118,120,628,0
20130417,120,122,110,115,730,0
20130418,113,119,113,117,1405,0
20130419,116,117,107,117,132,0
20130422,109,115,108,115,54,0
20130423,110,117,110,117,196,0
20130424,115,125,115,119,273,0
20130425,128,135,119,135,875,0
20130426,134,144,134,135,735,0
20130429,143,143,130,130,621,0
20130430,139,139,126,139,1701,0
20130502,138,138,131,135,59,0
20130507,130,137,129,137,219,0
20130508,138,138,130,133,453,0
20130509,137,137,137,137,0,0
20130510,133,133,133,133,40,0
20130513,137,137,131,131,39,0
20130514,135,135,128,128,68,0
20130515,132,132,122,127,713,0
20130516,121,127,119,120,494,0
20130517,122,130,119,128,676,0
20130520,129,129,128,128,14,0
20130521,128,128,119,128,220,0
20130522,123,126,118,122,609,0
20130523,118,122,117,122,84,0
20130524,124,124,118,119,512,0
20130527,121,130,118,130,1313,0
20130528,129,136,121,135,1085,0
20130529,138,138,130,135,626,0
20130531,137,147,137,145,2533,0
20130603,145,148,136,148,129,0
20130604,148,149,139,149,1117,0
20130605,142,147,140,141,3640,0
20130606,144,145,139,141,132,0
20130607,143,143,133,138,168,0
20130610,138,139,136,136,30,0
20130611,141,141,133,133,436,0
20130612,137,140,130,134,243,0
20130613,140,140,133,138,42,0
20130614,140,140,132,132,28,0
20130617,132,137,132,137,400,0
20130618,137,140,135,140,300,0
20130619,136,139,136,137,201,0
20130620,139,139,136,137,377,0
20130621,139,139,135,135,13,0
20130624,137,137,122,122,165,0
20130625,126,131,126,128,140,0
20130626,134,143,123,143,935,0
20130627,133,143,130,143,1109,0
20130628,137,142,137,142,1150,0
20130701,140,140,135,140,50,0
20130702,136,151,136,151,3546,0
20130703,151,151,139,143,1233,0
20130704,139,144,137,140,226,0
20130705,142,143,142,143,113,0
20130708,143,143,141,141,1,0
20130709,143,145,139,140,406,0
20130710,138,143,135,135,114,0
20130711,133,142,132,142,452,0
20130712,142,143,142,142,71,0
20130715,144,144,144,144,1,0
20130716,144,144,141,141,12,0
20130717,140,142,140,140,177,0
20130718,140,154,137,146,791,0
20130719,148,148,143,145,74,0
20130722,145,147,140,147,1199,0
20130723,145,145,139,142,1794,0
20130724,142,147,139,147,419,0
20130725,142,146,140,146,185,0
20130729,142,142,141,141,67,0
20130730,143,146,141,141,590,0
20130731,146,146,132,142,974,0
20130801,144,146,144,144,515,0
20130802,148,154,142,152,580,0
20130805,152,153,142,144,390,0
20130806,144,146,141,144,934,0
20130807,144,148,142,146,914,0
20130808,142,149,141,142,1455,0
20130809,144,144,136,139,780,0
20130812,140,141,137,140,156,0
20130813,141,142,138,141,312,0
20130814,141,145,139,143,450,0
20130816,143,143,138,142,151,0
20130819,142,143,136,142,296,0
20130820,141,143,137,142,249,0
20130821,142,142,142,142,19,0
20130822,138,142,138,142,16,0
20130823,138,142,136,139,364,0
20130826,141,141,135,139,91,0
20130827,139,139,133,139,291,0
20130828,135,141,134,141,142,0
20130829,135,139,133,138,844,0
20130830,136,140,132,140,869,0
20130902,138,138,133,135,203,0
20130903,135,136,127,134,183,0
20130904,132,132,127,130,212,0
20130905,132,132,117,119,2024,0
20130906,119,121,118,118,827,0
20130909,120,121,120,120,45,0
20130910,125,126,119,124,223,0
20130911,123,123,120,122,32,0
20130912,120,123,119,120,88,0
20130913,121,122,121,122,14,0
20130916,124,124,123,124,357,0
20130917,123,124,120,123,103,0
20130918,123,126,119,121,969,0
20130919,124,124,117,122,1291,0
20130920,122,127,119,119,929,0
20130923,124,124,118,120,1308,0
20130924,120,120,115,116,2377,0
20130925,119,121,117,118,1113,0
20130926,120,123,117,121,1247,0
20130927,119,120,117,119,1156,0
20130930,119,121,114,117,2484,0
20131001,119,120,119,120,1230,0
20131002,120,120,118,119,57,0
20131003,119,119,113,113,1405,0
20131004,115,116,105,107,1117,0
20131007,105,112,105,105,771,0
20131008,105,112,95,111,1989,0
20131009,111,112,105,111,225,0
20131010,108,110,103,104,2717,0
20131011,104,105,99,102,915,0
20131014,100,101,97,99,755,0
20131015,99,99,93,93,1354,0
20131016,91,91,82,85,6155,0
20131017,85,85,81,84,3253,0
20131018,82,84,76,76,2441,0
20131021,77,81,75,76,3870,0
20131022,76,80,70,75,3043,0
20131023,77,77,72,73,267,0
20131024,74,74,66,66,5241,0
20131025,67,73,65,67,21514,0
20131028,68,71,66,66,4230,0
20131029,67,70,64,66,4013,0
20131030,67,67,65,66,3051,0
20131031,67,73,61,63,14510,0
20131104,62,66,61,61,17223,0
20131105,62,64,61,61,4950,0
20131106,62,63,59,61,9752,0
20131107,61,65,59,60,11166,0
20131108,60,61,58,58,6873,0
20131112,59,60,55,57,10154,0
20131113,57,59,54,55,7632,0
20131114,50,52,28,28,143773,0
20131115,30,35,28,35,146693,0
20131118,36,38,30,32,177120,0
20131119,34,35,29,31,93460,0
20131120,32,35,30,35,106287,0
20131121,34,36,32,32,59297,0
20131122,33,33,31,31,16776,0
20131125,32,33,30,32,28968,0
20131126,32,33,31,31,20909,0
20131127,31,32,30,32,26383,0
20131128,32,32,29,30,26649,0
20131129,30,30,25,27,60896,0
20131202,26,28,25,26,23186,0
20131203,26,28,24,26,25502,0
20131204,25,27,24,25,8324,0
20131205,25,29,24,28,36254,0
20131206,29,33,26,33,59234,0
20131209,34,36,32,34,32196,0
20131210,34,34,32,32,47262,0
20131211,32,34,31,33,25797,0
20131212,33,36,31,36,47381,0
20131213,37,37,32,33,45525,0
20131216,34,34,32,33,15826,0
20131217,34,36,33,34,36676,0
20131218,34,35,33,34,11765,0
20131219,34,34,31,33,20155,0
20131220,32,33,31,31,7200,0
20131223,31,34,31,33,3980,0
20131227,34,34,32,33,2004,0
20131230,33,34,32,32,2990,0
20140102,34,39,34,39,42095,0
20140103,39,45,38,45,42992,0
20140107,47,58,47,58,78729,0
20140108,60,70,55,63,116895,0
20140109,62,66,54,54,71775,0
20140110,53,58,51,54,60826,0
20140113,55,59,53,57,45386,0
20140114,57,59,55,58,19377,0
20140115,58,69,57,66,80812,0
20140116,66,69,61,66,56514,0
20140117,65,68,63,64,13868,0
20140120,64,65,59,65,45778,0
20140121,64,67,63,63,22867,0
20140122,64,64,62,63,8590,0
20140123,62,64,61,62,7506,0
20140124,62,63,59,60,8340,0
20140127,61,61,58,59,4528,0
20140128,59,62,58,60,3441,0
20140129,60,63,57,57,8069,0
20140130,57,60,52,57,15850,0
20140131,58,59,56,56,1476,0
20140203,56,59,56,58,2863,0
20140204,58,62,55,56,29555,0
20140205,56,58,55,57,9875,0
20140206,58,61,57,58,18277,0
20140207,59,64,58,62,45244,0
20140210,63,77,63,77,117303,0
20140211,78,85,73,76,158748,0
20140212,76,81,74,78,58118,0
20140213,78,87,75,87,36768,0
20140214,90,92,81,82,66773,0
20140217,82,82,76,79,27867,0
20140218,78,78,68,69,84029,0
20140219,68,74,63,65,100498,0
20140220,65,66,57,57,80047,0
20140221,59,63,56,60,50094,0
20140224,61,65,58,64,27912,0
20140225,65,66,63,64,24969,0
20140226,64,65,62,63,21201,0
20140227,64,64,60,60,19376,0
20140228,61,61,57,59,15437,0
20140303,57,57,52,52,24707,0
20140304,55,60,55,58,19094,0
20140305,58,62,57,60,44489,0
20140306,61,61,59,61,11439,0
20140307,60,60,56,58,6609,0
20140310,58,58,55,56,4497,0
20140311,57,58,56,56,2446,0
20140312,57,59,56,58,11705,0
20140313,58,58,53,54,8717,0
20140314,54,54,49,53,21854,0
20140317,54,58,54,56,3524,0
20140318,56,56,53,56,4463,0
20140319,55,55,54,54,5124,0
20140320,54,54,52,54,1614,0
20140321,54,55,52,54,1724,0
20140324,53,54,52,52,5588,0
20140325,52,57,52,55,32410,0
20140326,56,57,54,56,5465,0
20140327,56,56,54,55,4296,0
20140328,54,55,50,53,6198,0
20140331,52,54,51,53,10733,0
20140401,54,63,53,61,68253,0
20140402,62,65,61,64,29719,0
20140403,66,71,64,68,46573,0
20140404,65,68,64,64,12822,0
20140407,63,65,61,61,5537,0
20140408,61,64,61,62,3195,0
20140409,62,65,62,63,7906,0
20140410,63,65,62,63,3598,0
20140411,61,63,59,62,4808,0
20140414,60,60,58,59,6773,0
20140415,59,60,58,59,923,0
20140416,59,61,58,58,2165,0
20140417,59,60,58,59,1382,0
20140422,60,60,59,60,2403,0
20140423,60,60,58,59,1151,0
20140424,59,60,58,58,1396,0
20140425,59,60,58,58,1786,0
20140428,57,58,56,57,2935,0
20140429,57,60,57,59,1202,0
20140430,60,63,60,61,3895,0
20140502,62,62,59,60,244,0
20140505,60,62,59,61,2225,0
20140506,61,62,59,60,1301,0
20140507,60,61,56,60,3147,0
20140508,60,61,59,60,1037,0
20140509,60,60,58,59,1203,0
20140512,58,60,58,59,1342,0
20140513,60,60,58,59,1681,0
20140514,59,60,57,59,2734,0
20140515,57,61,57,59,3104,0
20140516,59,59,57,59,1012,0
20140519,58,59,58,59,665,0
20140520,59,60,57,58,765,0
20140521,58,58,56,58,1156,0
20140522,58,58,57,58,649,0
20140523,56,58,56,58,917,0
20140526,58,58,53,55,5564,0
20140527,56,56,55,56,939,0
20140528,56,59,55,58,2872,0
20140529,58,58,56,57,307,0
20140530,57,59,57,59,2207,0
20140602,59,59,57,58,2089,0
20140603,59,63,58,60,12402,0
20140604,60,62,60,61,4477,0
20140605,61,62,59,60,3533,0
20140606,60,61,59,61,3423,0
20140609,60,62,60,60,3560,0
20140610,60,62,59,61,2501,0
20140611,61,61,59,60,577,0
20140612,59,60,59,60,2521,0
20140613,60,61,59,60,1205,0
20140616,59,59,57,59,1840,0
20140617,59,60,58,58,660,0
20140618,58,59,57,57,874,0
20140620,59,60,57,60,1601,0
20140623,60,60,58,60,716,0
20140624,58,60,58,60,775,0
20140625,59,60,57,59,1420,0
20140626,58,65,58,63,21190,0
20140627,63,66,61,61,15056,0
20140630,61,62,60,62,3267,0
20140701,63,63,60,61,1475,0
20140702,61,61,59,59,1503,0
20140703,60,61,58,60,765,0
20140704,59,60,59,60,80,0
20140707,60,60,59,59,709,0
20140708,60,61,59,59,654,0
20140709,60,60,56,59,2638,0
20140710,58,59,56,58,1099,0
20140711,58,58,56,58,1013,0
20140714,57,58,57,58,252,0
20140715,57,58,56,58,496,0
20140716,56,58,56,58,63,0
20140717,57,59,57,59,774,0
20140718,57,58,56,58,147,0
20140721,56,58,55,58,731,0
20140722,57,58,57,58,493,0
20140723,56,58,56,58,461,0
20140724,57,57,55,57,359,0
20140725,56,57,55,57,836,0
20140728,56,56,54,56,517,0
20140729,56,56,55,56,20,0
20140730,55,56,52,55,862,0
20140731,54,54,49,50,2215,0
20140801,50,52,49,50,1478,0
20140804,49,50,49,50,217,0
20140805,49,50,49,50,233,0
20140806,50,50,47,48,486,0
20140807,47,48,44,45,778,0
20140808,45,49,42,48,1034,0
20140811,49,49,46,48,854,0
20140812,48,48,45,47,585,0
20140813,47,47,45,47,822,0
20140814,47,47,43,45,1324,0
20140818,45,48,45,47,398,0
20140819,48,48,47,47,301,0
20140820,46,47,44,47,418,0
20140821,47,48,46,47,234,0
20140822,48,48,45,47,194,0
20140825,46,48,43,45,1393,0
20140826,44,46,44,46,473,0
20140827,44,45,44,45,290,0
20140828,44,45,38,38,2623,0
20140829,40,42,40,40,2782,0
20140901,39,43,39,42,1334,0
20140902,42,45,42,44,304,0
20140903,44,44,42,44,994,0
20140904,43,45,43,44,731,0
20140905,44,45,43,43,967,0
20140908,45,45,41,41,3075,0
20140909,40,43,39,41,2407,0
20140910,41,41,38,40,2340,0
20140911,39,41,38,40,2512,0
20140912,40,40,39,40,240,0
20140915,39,40,39,40,300,0
20140916,39,40,39,40,40,0
20140917,38,39,38,39,1200,0
20140918,38,39,37,38,2917,0
20140919,38,38,37,38,1742,0
20140922,37,38,36,38,743,0
20140923,37,37,34,35,5066,0
20140924,36,36,33,33,2674,0
20140925,33,34,33,34,841,0
20140926,34,34,33,33,1811,0
20140929,33,33,31,32,3789,0
20140930,31,32,30,32,1453,0
20141001,32,32,31,31,193,0
20141002,30,30,30,30,6265,0
20141003,31,32,31,32,3225,0
20141006,33,33,32,32,354,0
20141007,31,31,31,31,231,0
20141008,32,32,30,30,669,0
20141009,30,30,30,30,699,0
20141010,30,31,30,31,448,0
20141013,32,32,32,32,820,0
20141014,30,31,30,31,438,0
20141015,32,32,32,32,130,0
20141016,32,32,31,31,1132,0
20141017,30,30,30,30,280,0
20141020,30,30,30,30,425,0
20141021,30,30,30,30,795,0
20141022,29,29,29,29,445,0
20141023,28,28,28,28,649,0
20141024,28,28,28,28,538,0
20141027,29,29,28,28,760,0
20141028,29,30,29,30,2849,0
20141029,30,31,30,31,577,0
20141030,32,33,32,33,1963,0
20141031,35,36,35,36,3060,0
20141103,39,39,38,38,1624,0
20141104,36,36,35,35,1010,0
20141105,35,35,35,35,472,0
20141106,34,34,32,32,624,0
20141107,31,31,30,30,2237,0
20141110,31,31,31,31,575,0
20141112,33,33,33,33,5,0
20141113,31,32,31,32,115,0
20141114,31,32,31,32,883,0
20141117,33,33,33,33,538,0
20141118,33,33,33,33,22,0
20141119,33,33,33,33,158,0
20141120,33,33,32,32,170,0
20141121,33,33,33,33,972,0
20141124,33,33,32,32,202,0
20141125,31,31,31,31,673,0
20141126,30,31,30,31,477,0
20141127,31,31,31,31,50,0
20141128,32,32,32,32,3,0
20141202,31,31,31,31,100,0
20141203,30,30,30,30,760,0
20141204,29,29,29,29,2748,0
20141205,28,28,28,28,4706,0
20141208,30,30,28,28,5235,0
20141209,28,29,28,29,332,0
20141210,28,29,28,29,210,0
20141211,29,29,28,28,273,0
20141212,29,29,29,29,1327,0
20141215,29,29,28,28,164,0
20141216,28,28,27,27,288,0
20141217,25,25,25,25,778,0
20141218,25,25,25,25,974,0
20141219,26,27,26,27,6664,0
20141222,28,28,28,28,3335,0
20141223,28,28,28,28,1565,0
20141229,27,27,26,26,341,0
20141230,26,26,25,25,1911,0
20150102,25,25,25,25,479,0
20150105,26,26,26,26,190,0
20150107,24,24,24,24,2685,0
20150108,24,24,23,23,749,0
20150109,23,24,23,24,298,0
20150112,23,24,23,24,300,0
20150113,25,25,25,25,482,0
20150114,25,25,24,24,502,0
20150115,24,24,24,24,348,0
20150116,24,24,23,23,519,0
20150119,21,21,21,21,1359,0
20150120,21,21,20,20,1501,0
20150121,20,20,20,20,672,0
20150122,19,20,19,20,887,0
20150123,19,19,19,19,1016,0
20150126,19,19,19,19,1344,0
20150127,18,18,18,18,2262,0
20150128,18,18,17,17,878,0
20150129,18,18,17,17,1104,0
20150130,17,17,17,17,1218,0
20150202,17,17,17,17,730,0
20150203,18,18,17,17,1116,0
20150204,17,17,17,17,856,0
20150205,18,18,18,18,194,0
20150206,18,18,18,18,128,0
20150209,18,18,18,18,585,0
20150210,18,18,18,18,6,0
20150211,18,18,18,18,182,0
20150212,17,18,17,18,685,0
20150213,17,18,17,18,1127,0
20150216,18,18,18,18,76,0
20150217,17,18,17,18,264,0
20150218,18,18,17,17,100,0
20150219,17,17,17,17,47,0
20150220,17,17,17,17,972,0
20150223,17,17,17,17,219,0
20150224,17,18,17,18,3699,0
20150225,18,18,18,18,2815,0
20150226,18,18,18,18,5969,0
20150227,19,19,19,19,3614,0
20150302,19,19,19,19,5519,0
20150303,19,19,18,18,2132,0
20150304,18,19,18,19,304,0
20150305,19,19,19,19,374,0
20150306,18,19,18,19,575,0
20150309,18,18,18,18,2646,0
20150310,19,19,18,18,727,0
20150311,18,18,18,18,2007,0
20150312,18,18,18,18,80,0
20150313,18,18,18,18,0,0
20150316,18,18,18,18,1629,0
20150317,19,20,19,20,1976,0
20150318,21,21,21,21,2365,0
20150319,20,20,20,20,4714,0
20150320,20,20,20,20,372,0
20150323,19,19,18,18,3987,0
20150324,18,18,18,18,3391,0
20150325,18,18,18,18,238,0
20150326,19,19,19,19,2,0
20150327,18,18,18,18,2695,0
20150330,18,18,18,18,518,0
20150331,18,18,17,17,1266,0
20150401,17,17,17,17,680,0
20150402,17,18,17,18,214,0
20150407,17,17,17,17,350,0
20150408,18,18,17,17,656,0
20150409,17,17,17,17,346,0
20150410,17,17,17,17,54,0
20150413,17,17,17,17,282,0
20150414,16,17,16,17,911,0
20150415,17,17,17,17,1665,0
20150416,18,18,18,18,714,0
20150417,18,18,18,18,2430,0
20150420,19,19,19,19,1087,0
20150421,19,20,19,20,629,0
20150422,20,20,20,20,219,0
20150423,19,19,18,18,1040,0
20150424,18,18,18,18,546,0
20150427,17,18,17,18,433,0
20150428,18,18,18,18,140,0
20150429,17,18,17,18,450,0
20150430,17,17,17,17,325,0
20150504,18,18,18,18,205,0
20150505,18,18,18,18,1,0
20150506,17,18,17,18,919,0
20150507,17,17,17,17,162,0
20150508,17,17,17,17,701,0
20150512,17,18,17,18,37,0
20150513,18,18,18,18,100,0
20150514,17,17,17,17,216,0
20150515,18,18,18,18,1094,0
20150518,18,18,18,18,202,0
20150519,17,17,17,17,857,0
20150520,18,18,18,18,89,0
20150522,18,18,17,17,52,0
20150525,18,18,18,18,10,0
20150526,17,17,17,17,76,0
20150527,18,18,18,18,1272,0
20150528,18,18,18,18,126,0
20150529,18,18,18,18,778,0
20150601,18,18,18,18,1187,0
20150602,17,18,17,18,52,0
20150603,18,18,18,18,609,0
20150605,18,18,18,18,220,0
20150608,17,18,17,18,214,0
20150609,18,18,17,17,1334,0
20150610,16,17,16,17,2136,0
20150611,17,18,17,18,907,0
20150612,18,18,18,18,1,0
20150615,19,19,19,19,0,0
20150618,19,19,19,19,20,0
20150622,18,18,18,18,120,0
20150623,18,18,18,18,60,0
20150624,17,18,17,18,90,0
20150625,18,18,18,18,11,0
20150626,18,18,18,18,100,0
20150629,18,18,18,18,4,0
20150703,17,17,17,17,379,0
20150707,17,17,17,17,159,0
20150708,18,18,18,18,0,0
20150709,17,18,17,18,1747,0
20150710,19,20,19,20,2863,0
20150713,20,20,20,20,794,0
20150714,20,20,20,20,277,0
20150715,19,19,19,19,20,0
20150717,19,19,18,18,287,0
20150720,18,18,18,18,361,0
20150721,17,18,17,18,540,0
20150722,18,19,18,19,793,0
20150723,19,19,19,19,610,0
20150724,19,19,19,19,979,0
20150727,19,20,19,20,352,0
20150728,19,20,19,20,379,0
20150730,20,20,19,19,153,0
20150803,20,21,20,21,2130,0
20150804,21,21,20,20,680,0
20150805,21,21,21,21,159,0
20150806,20,21,20,21,1675,0
20150807,21,21,21,21,641,0
20150810,21,21,21,21,225,0
20150811,21,21,21,21,24,0
20150812,21,21,20,20,1229,0
20150813,20,20,20,20,56,0
20150814,20,20,20,20,41,0
20150817,20,20,20,20,20,0
20150818,19,19,19,19,0,0
20150819,21,21,20,20,208,0
20150820,19,20,19,20,1581,0
20150821,20,20,20,20,559,0
20150824,19,19,17,17,3100,0
20150825,18,19,18,19,201,0
20150826,19,19,19,19,22,0
20150828,18,18,17,17,363,0
20150831,17,17,17,17,56,0
20150901,17,17,16,16,1506,0
20150903,18,18,17,17,272,0
20150904,17,17,17,17,18,0
20150907,17,17,17,17,30,0
20150908,17,17,17,17,10,0
20150909,17,17,16,16,682,0
20150910,17,17,16,16,579,0
20150911,16,16,16,16,774,0
20150914,14,15,14,15,1982,0
20150915,15,16,15,16,200,0
20150916,15,16,15,16,881,0
20150917,15,16,15,16,647,0
20150918,15,16,15,16,796,0
20150921,15,15,15,15,258,0
20150922,14,14,13,13,2680,0
20150923,13,13,13,13,3027,0
20150924,13,13,13,13,480,0
20150925,13,13,13,13,512,0
20150928,13,13,12,12,2794,0
20150929,12,13,12,13,779,0
20150930,14,14,14,14,1153,0
20151001,12,13,12,13,2207,0
20151002,13,13,13,13,5,0
20151005,13,13,12,12,232,0
20151006,12,12,12,12,503,0
20151008,12,12,12,12,477,0
20151009,13,13,13,13,493,0
20151012,13,13,13,13,473,0
20151013,13,13,13,13,135,0
20151014,13,13,13,13,225,0
20151015,13,13,13,13,100,0
20151016,14,14,14,14,425,0
20151019,14,14,13,13,596,0
20151020,14,14,14,14,7,0
20151021,13,13,13,13,270,0
20151022,13,13,13,13,60,0
20151023,13,13,13,13,60,0
20151026,13,13,13,13,1,0
20151027,12,12,12,12,97,0
20151028,13,13,13,13,836,0
20151029,12,12,12,12,2371,0
20151030,12,12,12,12,1254,0
20151102,12,12,12,12,170,0
20151103,13,13,13,13,27,0
20151104,12,12,12,12,309,0
20151105,11,12,11,12,453,0
20151106,13,13,13,13,84,0
20151109,13,13,13,13,874,0
20151112,13,13,13,13,150,0
20151113,12,12,12,12,2596,0
20151116,12,12,11,11,4089,0
20151117,11,12,11,12,906,0
20151118,12,12,12,12,1373,0
20151119,12,12,12,12,150,0
20151120,13,13,13,13,1,0
20151123,13,13,13,13,49,0
20151124,13,13,13,13,55,0
20151125,13,13,13,13,5,0
20151126,13,13,13,13,0,0
20151127,13,13,13,13,18,0
20151201,12,13,12,13,400,0
20151207,12,12,11,11,22,0
20151208,11,11,11,11,2512,0
20151209,11,11,10,10,4481,0
20151210,11,11,10,10,513,0
20151211,11,11,11,11,8813,0
20151214,11,11,11,11,318,0
20151215,10,11,10,11,539,0
20151216,10,10,10,10,15,0
20151217,10,11,10,11,113,0
20151218,11,11,11,11,29,0
20151221,10,10,10,10,138,0
20151222,9,10,9,10,607,0
20151223,10,10,9,9,337,0
20151228,10,10,9,9,569,0
20151229,9,9,9,9,363,0
20151230,9,9,9,9,512,0
20160104,8,9,8,9,977,0
20160105,9,9,9,9,62,0
20160107,9,9,8,8,371,0
20160108,9,9,9,9,135,0
20160111,8,9,8,9,10,0
20160112,9,9,9,9,118,0
20160113,9,9,9,9,5,0
20160114,9,9,9,9,111,0
20160119,8,8,8,8,1072,0
20160120,8,8,8,8,2794,0
20160121,9,9,8,8,396,0
20160122,8,8,8,8,148,0
20160125,8,8,8,8,60,0
20160126,8,8,7,7,456,0
20160127,7,7,7,7,176,0
20160128,7,8,7,8,663,0
20160129,9,9,8,8,459,0
20160201,7,7,7,7,1500,0
20160202,8,8,8,8,45,0
20160203,7,7,7,7,2484,0
20160204,8,8,8,8,150,0
20160205,7,8,7,8,23,0
20160208,8,8,8,8,330,0
20160210,8,8,8,8,28,0
20160211,7,8,7,8,1800,0
20160212,7,8,7,8,278,0
20160215,7,8,7,8,25,0
20160217,8,8,8,8,22,0
20160218,7,7,7,7,321,0
20160219,7,8,7,8,1427,0
20160222,8,8,8,8,6,0
20160223,8,8,8,8,100,0
20160224,8,8,8,8,5,0
20160225,8,8,8,8,90,0
20160229,7,7,7,7,107,0
20160301,7,8,7,8,1906,0
20160302,7,7,7,7,720,0
20160303,8,8,8,8,100,0
20160304,8,10,8,10,7469,0
20160307,11,12,11,12,5178,0
20160308,13,14,13,14,7278,0
20160309,15,15,14,14,3240,0
20160310,14,14,13,13,1422,0
20160311,12,12,12,12,3687,0
20160314,12,13,12,13,1429,0
20160315,13,14,13,14,3629,0
20160316,13,13,13,13,1958,0
20160317,13,13,12,12,1120,0
20160318,12,12,12,12,234,0
20160321,11,11,10,10,5233,0
20160322,9,9,9,9,4835,0
20160323,9,9,9,9,4752,0
20160324,10,10,10,10,2115,0
20160329,10,10,9,9,3444,0
20160330,8,8,8,8,11704,0
20160331,8,8,8,8,8597,0
20160401,8,8,8,8,5151,0
20160404,9,10,9,10,9011,0
20160405,11,11,10,10,6492,0
20160406,10,10,9,9,5818,0
20160407,9,9,9,9,3190,0
20160408,9,9,9,9,2395,0
20160411,9,10,9,10,5054,0
20160412,10,10,10,10,10236,0
20160413,10,10,10,10,6711,0
20160414,10,10,10,10,12294,0
20160415,10,11,10,11,1479,0
20160418,10,10,10,10,5156,0
20160419,11,11,11,11,2754,0
20160420,11,11,11,11,7471,0
20160421,12,13,12,13,15980,0
20160422,15,15,15,15,20466,0
20160425,15,15,14,14,18555,0
20160426,14,15,14,15,3323,0
20160427,15,15,15,15,7483,0
20160428,16,17,16,17,19758,0
20160429,20,23,20,23,22732,0
20160502,21,22,21,22,14884,0
20160504,24,24,24,24,21238,0
20160506,22,22,21,21,12542,0
20160509,20,20,20,20,7289,0
20160510,22,22,22,22,2149,0
20160511,22,22,21,21,6013,0
20160512,21,21,20,20,4239,0
20160513,19,19,19,19,5580,0
20160516,23,23,22,22,17678,0
20160517,23,23,23,23,10879,0
20160518,27,29,27,29,12370,0
20160519,27,27,24,24,13722,0
20160520,27,27,24,24,9310,0
20160523,25,25,23,23,3239,0
20160524,21,21,20,20,6730,0
20160525,20,20,19,19,8762,0
20160527,18,18,18,18,10381,0
20160530,18,18,18,18,7358,0
20160531,19,20,19,20,13327,0
20160601,20,21,20,21,4062,0
20160602,20,20,20,20,8788,0
20160603,21,22,21,22,2577,0
20160606,23,23,22,22,828,0
20160607,22,22,21,21,265,0
20160608,20,20,20,20,2633,0
20160609,19,19,19,19,1244,0
20160610,19,19,19,19,1485,0
20160613,20,20,19,19,465,0
20160614,19,19,18,18,807,0
20160615,18,18,17,17,1489,0
20160616,17,17,16,16,708,0
20160617,17,17,16,16,804,0
20160620,16,17,16,17,1006,0
20160621,18,18,18,18,121,0
20160622,18,18,18,18,1781,0
20160623,18,18,18,18,361,0
20160624,16,16,15,15,3447,0
20160627,18,20,18,20,11868,0
20160704,20.2,24.8,20.2,24.8,48451,0
20160705,25,27.5,19.61,19.61,89576,0
20160706,19.61,20.29,18.16,19.59,12418,0
20160707,19.98,22.6,19,22.58,51871,0
20160708,22.6,24.87,22.11,24.87,41474,0
20160711,25.05,25.85,21.08,22.6,72538,0
20160712,22.6,22.81,18.2,18.2,81907,0
20160713,18.33,18.84,15.98,16.06,88021,0
20160714,16.15,16.32,15.01,15.2,26178,0
20160715,15.26,16.1,14.68,14.99,30095,0
20160718,14.98,15.6,14.28,14.54,51884,0
20160719,14.95,15.08,14.28,14.98,6794,0
20160720,15.38,15.5,14.4,15,16860,0
20160721,15.1,16.45,14.41,14.91,128612,0
20160722,14.95,15.43,14.95,15.34,20880,0
20160725,15.25,16.14,14.9,15,78324,0
20160726,15,15.32,14.5,14.78,5939,0
20160727,15,15.07,14.07,14.2,6644,0
20160728,14.5,14.5,13.8,14.33,8368,0
20160729,14.15,14.32,13.73,14.05,2425,0
20160801,14.23,14.23,13.5,13.7,2247,0
20160802,14.06,14.76,13.14,14.04,7765,0
20160803,14.38,14.55,11.72,11.97,30475,0
20160804,11.99,11.99,11.08,11.48,6821,0
20160805,11.2,11.48,11,11.2,9741,0
20160808,11.2,12.5,11.1,12.45,8941,0
20160809,12.5,13.16,11.36,11.37,10070,0
20160810,11.3,12.3,11.22,11.56,5627,0
20160811,11.75,11.8,11.4,11.69,2328,0
20160812,11.8,12.19,11.68,11.9,4509,0
20160816,12.98,13.67,12.65,13.1,20955,0
20160817,13.54,13.57,13,13.29,7980,0
20160818,13.45,13.49,12.2,12.94,4213,0
20160819,12.6,12.89,12.3,12.89,1649,0
20160822,12.35,12.89,12.2,12.72,1705,0
20160823,12.2,12.67,12.16,12.57,1945,0
20160824,12,12.56,12,12.3,1192,0
20160825,12.56,12.56,12.11,12.48,839,0
20160826,12.3,12.39,11.9,12.39,4913,0
20160829,12.47,12.47,11.9,12.2,1340,0
20160830,11.92,12.39,11.82,12.34,3244,0
20160831,12.45,12.45,11.5,12.17,3854,0
20160901,12.17,12.17,10.97,11.42,7136,0
20160902,11.4,11.4,10.51,11.38,2957,0
20160905,11.4,11.97,11.1,11.77,3465,0
20160906,11.5,11.99,11.5,11.5,2216,0
20160907,11.55,11.55,11.15,11.44,1453,0
20160908,11.25,11.7,11.25,11.59,3441,0
20160909,11.5,11.5,11,11.1,1747,0
20160912,11.11,11.11,10.01,10.92,2040,0
20160913,10.6,11.44,10.6,11.42,738,0
20160914,11.31,11.4,11.1,11.35,1412,0
20160915,11.35,11.59,10.81,11.39,1392,0
20160916,11.5,11.5,11.5,11.5,2,0
20160919,10.37,11.4,10.37,11.29,2345,0
20160920,11.01,11.3,10.61,11,1589,0
20160921,10.65,11,10.65,11,60,0
20160922,10.63,11,10.5,11,611,0
20160923,11,11.3,10.35,11,521,0
20160926,10.99,11.29,10.52,10.95,508,0
20160927,11.2,11.2,10.55,11,44,0
20160929,10.53,10.99,10.4,10.99,1454,0
20160930,10.9,11.28,10.9,11.28,1403,0
20161003,11.28,11.41,10.5,11.3,595,0
20161004,11.27,11.38,10.76,10.76,241,0
20161005,11,11.32,10.77,11.32,53,0
20161006,11.27,11.31,11.27,11.31,120,0
20161007,10.85,11.3,10.81,11.3,373,0
20161010,11,11.49,10.85,11.3,1804,0
20161011,10.82,11.35,10.82,11.28,203,0
20161012,10.99,11.28,10.99,11.28,394,0
20161013,11.28,11.3,11.01,11.3,138,0
20161014,10.93,11.3,10.93,11.3,3,0
20161017,10.95,11.49,10.95,11.48,5074,0
20161018,11.49,11.49,10.9,11.47,1463,0
20161019,11.13,11.49,11.13,11.49,6761,0
20161020,11.48,11.48,11.2,11.45,179,0
20161021,11.2,11.45,10.95,11.39,540,0
20161024,11.01,11.39,11.01,11.39,955,0
20161025,11.2,11.2,11.2,11.2,100,0
20161026,11.01,11.3,11.01,11.3,323,0
20161027,11.01,11.27,10.37,10.37,2299,0
20161028,10.61,11.2,10.5,11.05,1664,0
20161031,11.04,11.04,11.04,11.04,7,0
20161102,11.05,11.05,10.52,10.52,1741,0
20161103,10.53,10.96,10.5,10.89,1955,0
20161104,10.88,11.03,10.84,11.03,995,0
20161107,10.92,10.92,10.53,10.91,716,0
