Date,Open,High,Low,Close,Volume,OpenInt
20101021,3.3907,3.5052,3.1442,3.2763,424261,0
20101022,3.2763,3.3289,3.2586,3.3027,49900,0
20101025,3.3114,3.3114,3.2586,3.3114,10983,0
20101026,3.3114,3.3114,3.1704,3.2322,22679,0
20101027,3.1793,3.1793,2.9239,3.0208,72708,0
20101028,3.0383,3.056,3.0296,3.0473,12130,0
20101029,3.0465,3.0465,2.9926,3.0465,3772,0
20101102,3.1265,3.1442,3.0825,3.1353,19576,0
20101103,3.2057,3.2145,3.1265,3.1881,5428,0
20101104,3.1704,3.2057,3.1265,3.1704,8252,0
20101105,3.1265,3.1265,2.9679,3.0031,26204,0
20101108,3.0031,3.056,2.9943,3.0296,7731,0
20101109,3.056,3.056,2.9943,3.0473,2848,0
20101110,3.0473,3.0473,2.9943,3.0383,2655,0
20101112,3.0648,3.0648,2.9856,3.0208,7920,0
20101115,2.9504,3.0031,2.9504,2.9943,1843,0
20101116,2.9768,2.9768,2.9063,2.9063,10392,0
20101117,2.8183,2.9415,2.8183,2.9063,3870,0
20101118,2.9239,2.9327,2.8623,2.9239,6144,0
20101119,2.9679,2.9679,2.9592,2.9592,2044,0
20101122,2.9943,2.9943,2.9943,2.9943,2272,0
20101123,2.9152,2.9152,2.8271,2.8446,4476,0
20101124,2.8446,2.8798,2.8183,2.8798,6615,0
20101125,2.8887,2.8887,2.8887,2.8887,1426,0
20101126,2.8183,2.8183,2.7477,2.7654,2981,0
20101129,2.7302,2.7302,2.6685,2.6685,20024,0
20101130,2.6772,2.7302,2.6685,2.7302,2499,0
20101201,2.7302,2.7302,2.6862,2.6862,4721,0
20101203,2.6509,2.7214,2.6509,2.7214,722,0
20101206,2.6509,2.6509,2.6509,2.6509,228,0
20101207,2.6598,2.7742,2.6421,2.7302,8613,0
20101208,2.8446,2.9063,2.6862,2.8623,21236,0
20101209,2.8094,2.8358,2.8094,2.8358,6528,0
20101210,2.8623,2.8798,2.8183,2.8798,8411,0
20101213,2.9415,2.9415,2.8623,2.9063,9423,0
20101214,2.8183,2.9063,2.8183,2.9063,2532,0
20101215,2.7919,2.7919,2.7919,2.7919,19500,0
20101216,2.7919,2.8534,2.7742,2.8534,2418,0
20101217,2.8183,2.8183,2.8183,2.8183,2924,0
20101220,2.8887,2.8887,2.7919,2.7919,3072,0
20101221,2.8007,2.8271,2.7919,2.7919,9247,0
20101222,2.7567,2.8534,2.7389,2.7389,10454,0
20101223,2.7477,2.7654,2.7477,2.7654,5528,0
20101227,2.7389,2.7477,2.7125,2.7125,5059,0
20101228,2.6949,2.7214,2.6685,2.6685,8800,0
20101230,2.6862,2.7302,2.6862,2.7302,1305,0
20101231,2.7769,2.7769,2.7769,2.7769,285,0
20110103,2.7742,2.7742,2.7742,2.7742,1134,0
20110104,2.6862,2.7302,2.5628,2.7125,9462,0
20110105,2.6509,2.6598,2.6421,2.6509,10409,0
20110107,2.7654,2.7654,2.6862,2.6862,2906,0
20110110,2.6598,2.6598,2.6421,2.6421,29866,0
20110112,2.6862,2.6862,2.6421,2.6421,898,0
20110113,2.6862,2.6862,2.6421,2.6421,2336,0
20110114,2.5804,2.6509,2.5804,2.6509,914,0
20110117,2.6685,2.6685,2.5893,2.6421,3381,0
20110118,2.6421,2.6421,2.6421,2.6421,3372,0
20110119,2.6333,2.6333,2.554,2.554,25984,0
20110120,2.554,2.554,2.466,2.466,2147,0
20110121,2.4396,2.466,2.4308,2.4308,7573,0
20110124,2.466,2.466,2.3778,2.3778,4812,0
20110125,2.3866,2.3866,2.3866,2.3866,3407,0
20110126,2.4483,2.466,2.4218,2.4396,4542,0
20110127,2.4396,2.4571,2.4396,2.4571,2182,0
20110128,2.4483,2.4483,2.3778,2.3778,1775,0
20110131,2.5342,2.5342,2.5342,2.5342,8,0
20110201,2.4308,2.466,2.4308,2.466,1647,0
20110202,2.554,2.5981,2.4396,2.4396,2057,0
20110203,2.4924,2.5099,2.4924,2.4924,1532,0
20110204,2.5804,2.5804,2.5804,2.5804,10,0
20110207,2.6157,2.6245,2.5804,2.6245,795,0
20110208,2.5981,2.5981,2.5981,2.5981,273,0
20110209,2.554,2.554,2.466,2.466,2647,0
20110210,2.466,2.466,2.466,2.466,228,0
20110214,2.4483,2.4483,2.4483,2.4483,285,0
20110215,2.466,2.5099,2.4396,2.4396,2915,0
20110216,2.5276,2.5276,2.466,2.5187,593,0
20110218,2.4924,2.5012,2.4924,2.5012,602,0
20110221,2.466,2.466,2.466,2.466,1134,0
20110222,2.466,2.466,2.4483,2.4483,709,0
20110223,2.3955,2.3955,2.3778,2.3778,568,0
20110224,2.4483,2.4483,2.4483,2.4483,1,0
20110225,2.466,2.466,2.466,2.466,795,0
20110228,2.466,2.466,2.466,2.466,1817,0
20110301,2.4924,2.4924,2.4924,2.4924,454,0
20110303,2.4571,2.4571,2.4571,2.4571,568,0
20110304,2.4483,2.466,2.4218,2.466,1699,0
20110307,2.3778,2.4924,2.3778,2.4924,1136,0
20110309,2.4043,2.4308,2.3778,2.4308,11502,0
20110310,2.4571,2.4571,2.4571,2.4571,340,0
20110315,2.3778,2.3778,2.3514,2.3514,3577,0
20110316,2.2898,2.3603,2.2898,2.2898,6757,0
20110317,2.3514,2.3514,2.3514,2.3514,1134,0
20110318,2.3691,2.3778,2.3691,2.3778,3220,0
20110323,2.3778,2.4218,2.3778,2.4218,10221,0
20110324,2.4396,2.4396,2.3778,2.4396,1137,0
20110325,2.4218,2.4218,2.4218,2.4218,228,0
20110328,2.4218,2.4218,2.3778,2.3778,2272,0
20110329,2.4131,2.4131,2.2193,2.2193,23659,0
20110330,2.2811,2.3339,2.2811,2.2898,6048,0
20110331,2.3725,2.3725,2.2915,2.2915,610,0
20110401,2.3339,2.3866,2.3074,2.3163,15328,0
20110404,2.3163,2.3778,2.3163,2.3778,631,0
20110405,2.3339,2.3603,2.2546,2.3603,1488,0
20110406,2.3778,2.3778,2.3778,2.3778,5448,0
20110407,2.3778,2.3955,2.3778,2.3955,570,0
20110408,2.3955,2.4924,2.3955,2.4924,24827,0
20110411,2.5187,2.5364,2.466,2.466,8964,0
20110412,2.3778,2.5099,2.3778,2.5099,1726,0
20110413,2.554,2.554,2.554,2.554,4443,0
20110414,2.5893,2.5981,2.554,2.554,7550,0
20110415,2.6421,2.6862,2.6333,2.6421,18461,0
20110418,2.6421,2.6421,2.6245,2.6421,4276,0
20110419,2.5981,2.6421,2.5981,2.6421,4609,0
20110420,2.6421,2.6949,2.6421,2.6862,5234,0
20110421,2.6862,2.6862,2.6685,2.6862,1031,0
20110426,2.6862,2.6949,2.6862,2.6862,397,0
20110427,2.6862,2.6949,2.6685,2.6949,249,0
20110428,2.6949,2.7567,2.6949,2.6949,13196,0
20110429,2.7499,2.7588,2.7499,2.7588,119,0
20110502,2.7567,2.7567,2.7567,2.7567,573,0
20110504,2.7654,2.7654,2.7477,2.7654,1305,0
20110505,2.7567,2.7567,2.7567,2.7567,125,0
20110506,2.7654,2.783,2.7477,2.783,4755,0
20110509,2.8007,2.8007,2.8007,2.8007,135,0
20110511,2.7125,2.7125,2.6598,2.6598,5848,0
20110512,2.6421,2.6598,2.6421,2.6421,1488,0
20110513,2.7477,2.7477,2.7389,2.7389,125,0
20110516,2.7477,2.7477,2.6598,2.7389,394,0
20110517,2.7477,2.7477,2.7477,2.7477,115,0
20110518,2.6421,2.7125,2.6245,2.7125,4554,0
20110519,2.7125,2.7125,2.7125,2.7125,113,0
20110520,2.6949,2.6949,2.6862,2.6862,1056,0
20110523,2.6862,2.6862,2.554,2.6685,1077,0
20110524,2.6685,2.6685,2.6685,2.6685,85,0
20110525,2.5364,2.6421,2.5364,2.6421,1362,0
20110526,2.6421,2.6421,2.5099,2.6245,3324,0
20110527,2.466,2.5628,2.466,2.554,1786,0
20110530,2.6069,2.6069,2.6069,2.6069,602,0
20110531,2.6151,2.6151,2.6151,2.6151,858,0
20110601,2.4748,2.5893,2.4748,2.5628,9601,0
20110602,2.5893,2.5893,2.5717,2.5717,125,0
20110603,2.5804,2.5804,2.5804,2.5804,91,0
20110606,2.5804,2.5893,2.5804,2.5893,118,0
20110607,2.5893,2.5893,2.4836,2.5804,142,0
20110608,2.5893,2.5893,2.5893,2.5893,5,0
20110609,2.5893,2.5893,2.5893,2.5893,115,0
20110610,2.5893,2.5893,2.4748,2.4748,46,0
20110613,2.5893,2.5893,2.5893,2.5893,16,0
20110614,2.5893,2.5893,2.5893,2.5893,113,0
20110615,2.5893,2.5893,2.3778,2.5012,5559,0
20110616,2.5099,2.5099,2.4571,2.4571,54,0
20110617,2.3866,2.3955,2.3866,2.3955,1604,0
20110620,2.4131,2.4131,2.3074,2.3074,10031,0
20110621,2.4131,2.4131,2.3251,2.4131,1213,0
20110622,2.4131,2.4131,2.4131,2.4131,249,0
20110624,2.3778,2.3778,2.2898,2.2898,488,0
20110627,2.4131,2.4131,2.2898,2.2898,1918,0
20110628,2.3691,2.3691,2.3339,2.3339,118,0
20110629,2.4131,2.4131,2.2546,2.3778,4045,0
20110630,2.3815,2.3815,2.3815,2.3815,2,0
20110701,2.3691,2.3691,2.3691,2.3691,5,0
20110704,2.3691,2.3691,2.3691,2.3691,148,0
20110705,2.3691,2.3691,2.3691,2.3691,171,0
20110706,2.3691,2.3691,2.2546,2.2898,202,0
20110707,2.3339,2.3339,2.2722,2.2722,468,0
20110708,2.2634,2.2634,2.2634,2.2634,1134,0
20110711,2.3603,2.3603,2.2546,2.3339,3281,0
20110712,2.2546,2.2546,2.1489,2.2017,12908,0
20110713,2.2546,2.2546,2.2193,2.2458,1249,0
20110714,2.2017,2.2017,2.2017,2.2017,2213,0
20110715,2.1489,2.1489,2.0697,2.1489,17159,0
20110718,2.1137,2.1137,2.0697,2.1137,953,0
20110719,2.1137,2.1137,2.1137,2.1137,2444,0
20110720,2.2017,2.2017,2.0697,2.0697,5903,0
20110721,2.2017,2.2017,2.0784,2.1137,6842,0
20110722,2.1841,2.1841,2.0256,2.1137,6818,0
20110725,2.0784,2.0872,2.0784,2.0872,3860,0
20110726,2.1838,2.1838,2.076,2.1118,6898,0
20110727,2.1137,2.1137,2.0432,2.1137,3520,0
20110728,2.04,2.1028,2.022,2.1028,6693,0
20110729,2.1028,2.1028,2.04,2.1028,4887,0
20110801,2.1137,2.1137,2.1137,2.1137,231,0
20110802,2.022,2.022,1.9861,2.022,7132,0
20110803,2.0081,2.0081,1.964,1.964,5909,0
20110804,2.058,2.058,1.8693,1.9501,7121,0
20110805,1.7613,2.0081,1.7613,1.9816,1066,0
20110808,1.7878,1.9199,1.7878,1.7878,7311,0
20110809,1.9022,1.9022,1.8935,1.8935,1137,0
20110810,1.8847,1.8847,1.7613,1.8054,2902,0
20110811,1.6733,1.8054,1.6733,1.8054,295,0
20110812,1.7613,1.8054,1.6733,1.8054,1419,0
20110816,1.8496,1.8496,1.8054,1.8407,3928,0
20110817,1.8407,1.8496,1.8231,1.8496,5706,0
20110818,1.8935,1.8935,1.7966,1.8758,3595,0
20110819,1.8496,1.8496,1.8318,1.8496,2278,0
20110822,1.8496,1.8847,1.8318,1.8847,4178,0
20110823,1.8847,1.8935,1.8143,1.8935,3201,0
20110824,1.8847,1.8935,1.735,1.8935,4548,0
20110825,1.7966,1.7966,1.7966,1.7966,135,0
20110826,1.8872,1.8872,1.7974,1.8872,573,0
20110829,1.8758,1.8758,1.8054,1.8143,1594,0
20110830,1.8847,1.8847,1.8054,1.8054,1448,0
20110831,1.8872,1.8872,1.8063,1.8872,1026,0
20110901,1.8054,1.8054,1.8054,1.8054,337,0
20110902,1.8063,1.8063,1.7165,1.8063,755,0
20110905,1.8496,1.8496,1.7878,1.7878,398,0
20110906,1.7524,1.7524,1.6535,1.7524,1218,0
20110907,1.7524,1.8782,1.7344,1.8782,800,0
20110908,1.8782,1.8872,1.8782,1.8872,654,0
20110909,1.8333,1.8333,1.8063,1.8154,681,0
20110912,1.7704,1.8512,1.6805,1.7524,2310,0
20110913,1.7344,1.7613,1.7344,1.7613,1816,0
20110914,1.8243,1.8243,1.8243,1.8243,2,0
20110915,1.8243,1.8243,1.7613,1.7613,1176,0
20110916,1.7075,1.7884,1.7075,1.7165,1016,0
20110919,1.6985,1.6985,1.6087,1.6985,992,0
20110920,1.6087,1.6985,1.6087,1.6985,1069,0
20110921,1.6985,1.7974,1.6985,1.7704,378,0
20110922,1.7704,1.7704,1.6176,1.7704,2317,0
20110926,1.7524,1.7704,1.7344,1.7704,2353,0
20110927,1.7704,1.7974,1.7524,1.7884,2235,0
20110928,1.7794,1.7794,1.7794,1.7794,146,0
20110929,1.7794,1.7794,1.7254,1.7344,1669,0
20110930,1.7075,1.7344,1.7075,1.7344,228,0
20111003,1.6715,1.7344,1.6715,1.7344,213,0
20111004,1.6446,1.7704,1.6446,1.7704,813,0
20111005,1.7704,1.7704,1.7075,1.7704,2234,0
20111006,1.7704,1.7704,1.7704,1.7704,3,0
20111007,1.7613,1.7704,1.7075,1.7704,337,0
20111010,1.7165,1.7704,1.7165,1.7704,681,0
20111011,1.7704,1.7704,1.7165,1.7704,172,0
20111012,1.7794,1.7794,1.7434,1.7794,182,0
20111013,1.7165,1.7704,1.7165,1.7704,107,0
20111014,1.7165,1.7704,1.7165,1.7704,356,0
20111017,1.7613,1.7704,1.5907,1.7075,23331,0
20111018,1.6985,1.7613,1.6985,1.7613,485,0
20111019,1.7613,1.7613,1.7613,1.7613,380,0
20111020,1.7075,1.7075,1.7075,1.7075,167,0
20111021,1.7075,1.7613,1.7075,1.7613,170,0
20111025,1.7704,1.7704,1.7165,1.7704,2616,0
20111026,1.7524,1.7524,1.7524,1.7524,40,0
20111027,1.7524,1.7524,1.7434,1.7524,489,0
20111028,1.7524,1.8512,1.7434,1.8512,9989,0
20111031,1.8422,1.8512,1.8154,1.8422,7446,0
20111102,1.8422,1.8512,1.7974,1.7974,16765,0
20111103,1.7794,1.7974,1.7524,1.7974,33425,0
20111104,1.8063,1.8512,1.7974,1.8333,28877,0
20111107,1.8512,1.8693,1.8333,1.8693,12497,0
20111108,1.8693,1.9053,1.8422,1.8603,12045,0
20111109,1.8512,1.8512,1.8333,1.8333,10656,0
20111110,1.8333,1.8333,1.8333,1.8333,4578,0
20111114,1.8962,1.8962,1.8872,1.8872,1150,0
20111115,1.8422,1.8422,1.8333,1.8422,647,0
20111116,1.8422,1.8872,1.7974,1.8872,4047,0
20111117,1.8063,1.8603,1.8063,1.8512,497,0
20111118,1.8872,1.8872,1.8693,1.8693,25,0
20111121,1.8512,1.8512,1.7794,1.8333,334,0
20111122,1.8333,1.8333,1.8333,1.8333,33,0
20111123,1.7974,1.8063,1.7794,1.7974,1017,0
20111124,1.8243,1.8243,1.8154,1.8154,1728,0
20111125,1.8063,1.8063,1.6626,1.7524,5646,0
20111128,1.7165,1.7434,1.6895,1.6895,7437,0
20111129,1.6805,1.7075,1.6267,1.6985,1235,0
20111130,1.6985,1.6985,1.6985,1.6985,7793,0
20111201,1.7524,1.7524,1.7344,1.7434,568,0
20111202,1.7434,1.8422,1.7434,1.8243,5943,0
20111205,1.8154,1.8154,1.7974,1.8154,455,0
20111206,1.8154,1.8154,1.7613,1.8154,38692,0
20111207,1.8063,1.8063,1.8063,1.8063,3,0
20111208,1.7884,1.8063,1.7884,1.8063,7310,0
20111209,1.7613,1.8154,1.7613,1.7613,15300,0
20111212,1.8154,1.8154,1.8154,1.8154,123,0
20111213,1.8154,1.8154,1.6446,1.7974,5651,0
20111214,1.6626,1.7434,1.6176,1.6535,16168,0
20111215,1.7075,1.7075,1.6355,1.6446,1692,0
20111216,1.6176,1.7434,1.4828,1.5367,17569,0
20111219,1.5547,1.5547,1.5547,1.5547,332,0
20111220,1.5547,1.5547,1.5547,1.5547,10,0
20111221,1.5367,1.5547,1.5367,1.5547,1941,0
20111222,1.5726,1.5726,1.5367,1.5726,496,0
20111223,1.6355,1.6355,1.348,1.438,8325,0
20111227,1.5278,1.5278,1.402,1.438,4306,0
20111228,1.438,1.438,1.4289,1.438,1797,0
20111229,1.3749,1.3749,1.3391,1.348,9848,0
20111230,1.3356,1.5644,1.3356,1.5644,251,0
20120102,1.5907,1.5907,1.5188,1.5188,39,0
20120103,1.4289,1.438,1.3929,1.3929,2495,0
20120104,1.348,1.3929,1.348,1.3749,1669,0
20120105,1.5007,1.5007,1.438,1.438,62,0
20120109,1.4558,1.4739,1.42,1.42,3815,0
20120110,1.5188,1.5188,1.3391,1.348,18920,0
20120111,1.3749,1.4109,1.3391,1.348,6693,0
20120112,1.42,1.42,1.3391,1.3391,26322,0
20120113,1.348,1.42,1.3391,1.348,34970,0
20120116,1.3391,1.348,1.33,1.348,8985,0
20120117,1.3211,1.33,1.2941,1.3211,3713,0
20120118,1.3211,1.3211,1.1772,1.1772,49067,0
20120119,1.2581,1.348,1.2581,1.3391,23407,0
20120120,1.2941,1.438,1.2941,1.402,19614,0
20120123,1.402,1.402,1.3391,1.402,1189,0
20120124,1.402,1.402,1.3391,1.3929,4696,0
20120125,1.3929,1.3929,1.312,1.3839,3061,0
20120126,1.3929,1.4109,1.3659,1.402,9099,0
20120127,1.402,1.402,1.348,1.3659,3490,0
20120130,1.3839,1.3839,1.3749,1.3749,6721,0
20120131,1.3905,1.4088,1.3448,1.3814,6000,0
20120201,1.3929,1.4289,1.3749,1.402,21003,0
20120202,1.402,1.4558,1.3929,1.4109,11088,0
20120203,1.4289,1.438,1.4109,1.4289,8047,0
20120206,1.438,1.5188,1.438,1.5099,42447,0
20120207,1.5188,1.5188,1.4828,1.5099,7877,0
20120208,1.5099,1.6446,1.5007,1.6176,58680,0
20120209,1.6355,1.8422,1.6355,1.8422,58580,0
20120210,1.8512,1.8872,1.7974,1.8603,40780,0
20120213,1.8872,2.1478,1.8872,2.1209,49435,0
20120214,2.1838,2.2467,2.076,2.2108,59871,0
20120215,2.2287,2.2287,2.1209,2.1659,23778,0
20120216,2.1567,2.3186,2.1209,2.2017,42094,0
20120217,2.2287,2.2287,2.022,2.1209,42573,0
20120220,2.1927,2.1927,2.076,2.1209,7505,0
20120221,2.1567,2.1567,2.0669,2.1118,8501,0
20120222,2.1299,2.1299,1.9771,2.049,9260,0
20120223,1.9411,2.004,1.9321,1.9771,10963,0
20120224,1.9591,2.022,1.9591,2.013,5843,0
20120227,2.022,2.022,1.9681,2.013,1971,0
20120228,1.9231,2.022,1.8962,1.9141,5314,0
20120229,1.9861,1.9861,1.8512,1.8872,8038,0
20120301,1.8872,2.022,1.8782,1.9771,10417,0
20120302,1.9501,1.9501,1.8154,1.9321,6486,0
20120305,1.9321,2.004,1.8243,1.9321,5177,0
20120306,1.9951,1.9951,1.8333,1.8333,4406,0
20120307,1.8962,1.9053,1.8603,1.9053,3344,0
20120308,1.8422,1.9591,1.8243,1.8422,13315,0
20120309,1.8782,1.9321,1.8422,1.8422,8931,0
20120312,1.9321,1.9321,1.8782,1.9231,5,0
20120313,1.9141,1.9321,1.8872,1.9321,11788,0
20120314,1.9321,1.9321,1.9053,1.9321,823,0
20120315,1.9501,1.9501,1.9321,1.9321,1226,0
20120316,1.8872,1.9321,1.8872,1.9321,1132,0
20120319,1.9053,1.9053,1.8872,1.9053,1555,0
20120320,1.9053,1.9053,1.9053,1.9053,2,0
20120321,1.9053,1.9321,1.9053,1.9321,213,0
20120322,1.8422,1.8422,1.8333,1.8422,3172,0
20120323,1.8063,1.9321,1.7974,1.8154,13343,0
20120326,1.9501,1.9501,1.8333,1.9321,115,0
20120327,1.8422,1.9411,1.8422,1.8782,641,0
20120328,1.8154,1.8693,1.7974,1.8693,7729,0
20120329,1.9053,1.9141,1.7974,1.8154,3513,0
20120330,1.7931,1.9119,1.7931,1.7931,5965,0
20120402,1.8962,1.8962,1.8154,1.8243,1069,0
20120403,1.8782,1.8782,1.8243,1.8243,1118,0
20120404,1.8782,1.8782,1.8782,1.8782,1244,0
20120405,1.8782,1.9141,1.8333,1.8333,9352,0
20120410,1.8154,1.9321,1.8154,1.8962,3333,0
20120411,1.8872,1.8872,1.8154,1.8872,3527,0
20120412,1.9321,2.013,1.9053,2.013,23808,0
20120413,2.04,2.2017,2.04,2.1567,76990,0
20120416,2.1927,2.1927,2.1209,2.1659,11816,0
20120417,2.1567,2.1567,2.076,2.1299,17260,0
20120418,2.085,2.1567,2.049,2.1388,2026,0
20120419,2.0669,2.076,2.031,2.031,12586,0
20120420,2.0669,2.076,2.013,2.013,2457,0
20120423,2.022,2.022,1.8422,1.9681,17218,0
20120424,1.9771,2.031,1.8872,1.9321,10744,0
20120425,1.8603,1.9951,1.8603,1.9951,754,0
20120426,2.022,2.022,2.004,2.004,66,0
20120427,1.9321,2.04,1.8872,2.04,18874,0
20120430,2.0125,2.0125,1.8571,1.8571,3561,0
20120502,1.9141,1.9141,1.9141,1.9141,56,0
20120504,1.8512,1.8512,1.8512,1.8512,668,0
20120507,1.9321,1.9321,1.8063,1.9321,1429,0
20120508,1.9231,1.9231,1.7974,1.9053,1530,0
20120509,1.9053,1.9053,1.8872,1.8872,5564,0
20120510,1.7794,1.8243,1.7613,1.7974,7279,0
20120511,1.7434,1.8063,1.7434,1.7794,1894,0
20120514,1.7794,1.7794,1.7075,1.7344,4353,0
20120515,1.7344,1.7704,1.7344,1.7613,1226,0
20120516,1.6715,1.7794,1.5907,1.7434,15840,0
20120517,1.7344,1.7344,1.6267,1.7165,1556,0
20120518,1.5907,1.7075,1.5816,1.6176,4797,0
20120521,1.6176,1.6355,1.5456,1.6355,6715,0
20120522,1.5637,1.6355,1.5637,1.6355,1115,0
20120523,1.6355,1.6355,1.5456,1.6176,1006,0
20120524,1.5367,1.5726,1.5367,1.5637,10711,0
20120525,1.5367,1.5367,1.5007,1.5278,2620,0
20120528,1.5547,1.5547,1.5547,1.5547,226,0
20120529,1.5547,1.5547,1.5278,1.5278,113,0
20120530,1.5278,1.5278,1.4648,1.4648,9087,0
20120531,1.5095,1.5095,1.4362,1.4638,5351,0
20120601,1.4289,1.5907,1.4289,1.5816,17976,0
20120604,1.5907,1.5907,1.5907,1.5907,2,0
20120605,1.5644,1.5644,1.5368,1.546,660,0
20120606,1.5735,1.5735,1.5278,1.5278,670,0
20120608,1.4918,1.5726,1.4918,1.5726,113,0
20120611,1.4828,1.6087,1.4828,1.6087,3231,0
20120612,1.4828,1.5726,1.4828,1.5726,2841,0
20120613,1.5726,1.5726,1.4468,1.5726,12032,0
20120614,1.5637,1.5637,1.5637,1.5637,1,0
20120615,1.4558,1.5367,1.4558,1.5367,447,0
20120618,1.5278,1.5726,1.5278,1.5726,647,0
20120619,1.5278,1.5726,1.5278,1.5726,864,0
20120620,1.6535,1.6535,1.6535,1.6535,111,0
20120621,1.6535,1.6535,1.6176,1.6176,111,0
20120622,1.6467,1.6467,1.482,1.6192,1895,0
20120625,1.4918,1.5726,1.4648,1.4739,15367,0
20120626,1.4739,1.5726,1.4558,1.4918,2068,0
20120627,1.5816,1.5816,1.5816,1.5816,2,0
20120628,1.5816,1.5816,1.5816,1.5816,2226,0
20120629,1.6375,1.6375,1.6375,1.6375,111,0
20120702,1.6267,1.6267,1.6087,1.6087,723,0
20120703,1.4638,1.6192,1.4638,1.6192,73,0
20120704,1.6192,1.6192,1.6192,1.6192,2,0
20120705,1.6101,1.6101,1.482,1.5644,66,0
20120706,1.4454,1.6101,1.4454,1.6101,1041,0
20120709,1.4546,1.5644,1.4546,1.5644,576,0
20120710,1.4728,1.546,1.4728,1.5278,1653,0
20120711,1.4638,1.5278,1.4638,1.5278,21,0
20120712,1.5278,1.6101,1.5278,1.6101,395,0
20120713,1.4911,1.5918,1.4911,1.5918,82,0
20120716,1.6009,1.6009,1.6009,1.6009,5,0
20120717,1.5095,1.5826,1.4638,1.482,2089,0
20120718,1.5368,1.5368,1.4638,1.4911,3667,0
20120719,1.4911,1.6009,1.4911,1.6009,315,0
20120720,1.6009,1.6009,1.6009,1.6009,10,0
20120723,1.5368,1.5368,1.482,1.5368,30,0
20120724,1.5278,1.5278,1.3997,1.5095,17,0
20120725,1.4638,1.5003,1.3905,1.5003,1485,0
20120726,1.5003,1.5003,1.5003,1.5003,2,0
20120727,1.5003,1.5003,1.5003,1.5003,2,0
20120730,1.5278,1.5278,1.3905,1.5278,23,0
20120731,1.5368,1.5368,1.3997,1.3997,170,0
20120801,1.5368,1.5368,1.4728,1.4728,2231,0
20120802,1.3997,1.5186,1.3997,1.3997,1775,0
20120803,1.4088,1.4546,1.4088,1.4546,603,0
20120806,1.5368,1.5368,1.3997,1.5368,6,0
20120807,1.5368,1.5368,1.5368,1.5368,2,0
20120808,1.5186,1.5186,1.4088,1.5186,6,0
20120809,1.546,1.546,1.546,1.546,2,0
20120810,1.5095,1.546,1.418,1.5368,1142,0
20120816,1.5186,1.5186,1.5186,1.5186,2,0
20120817,1.5368,1.5368,1.5368,1.5368,10,0
20120820,1.5368,1.5368,1.4088,1.5368,118,0
20120821,1.5368,1.5368,1.4638,1.5186,55,0
20120822,1.4911,1.4911,1.4638,1.482,345,0
20120823,1.5095,1.5095,1.3997,1.3997,12,0
20120824,1.3905,1.4546,1.3905,1.418,6622,0
20120827,1.3905,1.4362,1.3905,1.4362,257,0
20120828,1.4546,1.4546,1.3814,1.3905,97,0
20120829,1.418,1.4362,1.418,1.418,6450,0
20120830,1.4362,1.4362,1.3905,1.418,2442,0
20120831,1.418,1.4638,1.3814,1.3905,2840,0
20120903,1.3722,1.3997,1.3265,1.3265,8775,0
20120904,1.2075,1.3814,1.2075,1.3722,809,0
20120905,1.2807,1.3631,1.2807,1.2807,22,0
20120906,1.3631,1.3631,1.2807,1.3631,344,0
20120907,1.3631,1.3631,1.3631,1.3631,731,0
20120910,1.3631,1.3631,1.3631,1.3631,13,0
20120911,1.3539,1.3539,1.2991,1.3539,2291,0
20120912,1.3539,1.3539,1.3539,1.3539,6,0
20120913,1.3448,1.3448,1.3448,1.3448,1537,0
20120914,1.3722,1.3722,1.2807,1.3722,19,0
20120917,1.3631,1.3631,1.2898,1.2898,65,0
20120918,1.2807,1.3539,1.2167,1.3539,38646,0
20120919,1.2807,1.3631,1.2807,1.3539,8495,0
20120920,1.2991,1.2991,1.2807,1.2807,3523,0
20120921,1.2534,1.2715,1.2534,1.2715,9201,0
20120924,1.2534,1.2898,1.2534,1.2898,250,0
20120925,1.2898,1.2898,1.2442,1.2807,943,0
20120926,1.2442,1.2807,1.2442,1.2807,1103,0
20120927,1.2807,1.2898,1.2624,1.2898,668,0
20120928,1.2624,1.2624,1.2442,1.2442,1858,0
20121001,1.2807,1.2807,1.2534,1.2624,1405,0
20121002,1.2624,1.2807,1.2534,1.2807,3586,0
20121003,1.2715,1.2715,1.2442,1.2442,6559,0
20121004,1.2624,1.2715,1.2075,1.2075,984,0
20121005,1.2624,1.2624,1.2258,1.2624,9,0
20121008,1.2624,1.2715,1.2258,1.235,4384,0
20121009,1.2715,1.2715,1.2624,1.2624,111,0
20121010,1.2807,1.2807,1.2442,1.2442,525,0
20121011,1.2442,1.2715,1.2442,1.2442,8,0
20121012,1.2442,1.2442,1.235,1.235,2062,0
20121015,1.2442,1.2442,1.2258,1.2258,2739,0
20121016,1.2715,1.2807,1.2624,1.2624,6848,0
20121017,1.2534,1.2624,1.2442,1.2442,2132,0
20121018,1.2442,1.2442,1.2442,1.2442,55,0
20121019,1.2715,1.3539,1.2715,1.3265,41743,0
20121022,1.3539,1.3722,1.3265,1.3539,4294,0
20121023,1.4454,1.4454,1.3356,1.3356,4759,0
20121024,1.3997,1.3997,1.3356,1.3905,1414,0
20121025,1.3722,1.3722,1.3265,1.3722,3644,0
20121026,1.3631,1.3631,1.3631,1.3631,984,0
20121029,1.3722,1.3722,1.2807,1.2807,2237,0
20121030,1.3631,1.3631,1.3631,1.3631,2,0
20121031,1.3722,1.3722,1.3631,1.3631,634,0
20121105,1.3722,1.3722,1.3722,1.3722,2,0
20121106,1.3722,1.3722,1.2991,1.3265,99,0
20121107,1.3631,1.3631,1.3082,1.3631,8,0
20121108,1.3174,1.3539,1.3174,1.3539,5,0
20121109,1.3539,1.3539,1.3539,1.3539,196,0
20121112,1.3082,1.3631,1.3082,1.3631,542,0
20121114,1.3265,1.3722,1.2991,1.2991,4657,0
20121115,1.3448,1.3539,1.3174,1.3539,667,0
20121116,1.2991,1.3539,1.2991,1.3082,4718,0
20121119,1.3814,1.3814,1.3082,1.3082,13,0
20121120,1.3174,1.3631,1.2991,1.2991,7241,0
20121121,1.2991,1.2991,1.2991,1.2991,1267,0
20121122,1.2807,1.2807,1.2807,1.2807,5,0
20121123,1.2898,1.2898,1.2898,1.2898,5,0
20121126,1.2898,1.3356,1.2898,1.3356,350,0
20121127,1.2898,1.3356,1.2898,1.3356,2225,0
20121128,1.2807,1.3356,1.2807,1.3356,7,0
20121129,1.2715,1.3265,1.2715,1.3174,777,0
20121130,1.2624,1.3356,1.2624,1.3356,16,0
20121203,1.2807,1.3356,1.2807,1.2807,454,0
20121204,1.3356,1.3356,1.2807,1.2807,682,0
20121206,1.3356,1.3356,1.2807,1.2807,61,0
20121207,1.3265,1.3631,1.2807,1.3631,2034,0
20121210,1.3539,1.3539,1.3539,1.3539,161,0
20121211,1.3448,1.4454,1.3356,1.3631,15770,0
20121212,1.4362,1.4362,1.3448,1.4088,3531,0
20121213,1.3356,1.3905,1.3265,1.3905,7824,0
20121214,1.3082,1.3905,1.3082,1.3174,69,0
20121217,1.3814,1.3814,1.3265,1.3722,64,0
20121218,1.3265,1.3814,1.3265,1.3722,50471,0
20121219,1.3814,1.3814,1.3265,1.3265,6776,0
20121220,1.3722,1.3722,1.3265,1.3265,27549,0
20121221,1.3356,1.3814,1.3356,1.3539,2695,0
20121227,1.3905,1.5003,1.3905,1.5003,13511,0
20121228,1.546,1.8113,1.418,1.6741,73057,0
20130102,1.7199,1.7839,1.6558,1.665,27912,0
20130103,1.6924,1.7291,1.6467,1.7291,73599,0
20130104,1.7382,1.7382,1.6832,1.7291,8496,0
20130107,1.6558,1.7107,1.6558,1.6741,1658,0
20130108,1.7199,1.7199,1.6101,1.6101,17138,0
20130109,1.5735,1.6741,1.5735,1.665,4692,0
20130110,1.5551,1.6467,1.5551,1.6467,2997,0
20130111,1.5735,1.6101,1.5644,1.5735,5853,0
20130114,1.5735,1.6101,1.5551,1.6009,25083,0
20130115,1.5551,1.6009,1.5368,1.5735,2132,0
20130116,1.5278,1.5644,1.5278,1.5278,4349,0
20130117,1.546,1.6009,1.546,1.546,9265,0
20130118,1.5918,1.5918,1.546,1.546,1302,0
20130121,1.5644,1.5644,1.5278,1.5278,3304,0
20130122,1.5278,1.5551,1.5095,1.5368,16275,0
20130123,1.5003,1.5735,1.5003,1.5735,1713,0
20130124,1.546,1.5644,1.5186,1.5644,3303,0
20130125,1.5918,1.5918,1.5278,1.5644,596,0
20130128,1.5368,1.5918,1.5278,1.5644,3777,0
20130129,1.5278,1.5551,1.5278,1.5278,738,0
20130130,1.5278,1.5644,1.5186,1.5278,1530,0
20130131,1.5186,1.5186,1.5186,1.5186,963,0
20130201,1.5186,1.5826,1.5186,1.5368,3328,0
20130204,1.5735,1.5918,1.5278,1.5918,7161,0
20130205,1.5278,1.5918,1.5278,1.5644,13,0
20130206,1.5918,1.5918,1.5368,1.5735,3291,0
20130207,1.5368,1.5918,1.5368,1.5368,1316,0
20130208,1.5278,1.5826,1.5278,1.5278,3009,0
20130211,1.5735,1.5735,1.5278,1.5644,1103,0
20130212,1.5278,1.5644,1.5186,1.5644,1539,0
20130213,1.5186,1.5644,1.5186,1.5278,8,0
20130214,1.5644,1.5644,1.5551,1.5551,30,0
20130215,1.5551,1.5551,1.546,1.546,207,0
20130218,1.5644,1.5644,1.5551,1.5551,2221,0
20130219,1.5644,1.5644,1.5644,1.5644,3,0
20130220,1.5551,1.5644,1.546,1.5644,3048,0
20130221,1.5551,1.5551,1.5186,1.5186,2186,0
20130222,1.5186,1.5551,1.5186,1.5551,512,0
20130225,1.5551,1.5551,1.5278,1.5551,46,0
20130226,1.5186,1.5278,1.5186,1.5186,2951,0
20130227,1.5551,1.5551,1.5186,1.5186,2203,0
20130228,1.546,1.5551,1.5368,1.5368,2899,0
20130301,1.5186,1.5186,1.5186,1.5186,5,0
20130304,1.546,1.546,1.482,1.5003,14408,0
20130305,1.4911,1.5278,1.4911,1.5003,308,0
20130306,1.5186,1.5278,1.4728,1.5278,4475,0
20130307,1.5095,1.5186,1.5095,1.5186,661,0
20130308,1.5095,1.5278,1.5095,1.5278,1096,0
20130311,1.482,1.546,1.482,1.482,13,0
20130312,1.546,1.546,1.546,1.546,10,0
20130313,1.5368,1.7839,1.5095,1.7382,91829,0
20130314,1.7291,1.7291,1.6832,1.7107,15797,0
20130315,1.6924,1.7015,1.6467,1.6467,20248,0
20130318,1.665,1.665,1.6558,1.6558,5181,0
20130319,1.6467,1.6467,1.6467,1.6467,2,0
20130320,1.6924,1.6924,1.5186,1.5186,16788,0
20130321,1.5551,1.5551,1.5095,1.5095,2225,0
20130322,1.482,1.5186,1.482,1.5186,2950,0
20130325,1.5186,1.5551,1.4728,1.546,3178,0
20130326,1.546,1.5551,1.482,1.546,6038,0
20130327,1.546,1.5735,1.5003,1.5003,7951,0
20130328,1.5278,1.5551,1.5278,1.5551,4,0
20130402,1.5186,1.5735,1.5186,1.5735,2472,0
20130404,1.5551,1.5551,1.5551,1.5551,3,0
20130405,1.5551,1.5551,1.5186,1.5551,503,0
20130408,1.5644,1.5644,1.5551,1.5551,6011,0
20130409,1.5551,1.5644,1.5551,1.5644,2188,0
20130410,1.5368,1.5551,1.5368,1.5368,4154,0
20130411,1.5644,1.6284,1.5368,1.6284,18959,0
20130412,1.6284,1.6924,1.6284,1.6924,8188,0
20130415,1.6467,1.6924,1.6009,1.6924,3439,0
20130417,1.6467,1.6467,1.5735,1.5735,7643,0
20130418,1.5095,1.6101,1.5095,1.5095,14,0
20130419,1.5186,1.6101,1.5186,1.5186,605,0
20130422,1.6192,1.6192,1.5186,1.6009,5,0
20130423,1.6009,1.6009,1.5186,1.5186,8778,0
20130424,1.5095,1.5735,1.5003,1.5368,3777,0
20130425,1.5003,1.5368,1.5003,1.5368,157,0
20130426,1.4546,1.5368,1.4546,1.5368,16,0
20130429,1.4728,1.5095,1.4728,1.5095,333,0
20130430,1.4728,1.5368,1.4728,1.5368,1879,0
20130502,1.4638,1.5368,1.4638,1.5368,4,0
20130506,1.4728,1.546,1.4728,1.4728,14,0
20130507,1.546,1.546,1.5095,1.5095,809,0
20130508,1.5278,1.5278,1.5278,1.5278,55,0
20130509,1.5278,1.5278,1.5278,1.5278,2,0
20130510,1.5278,1.5278,1.5278,1.5278,907,0
20130513,1.482,1.5278,1.482,1.5278,405,0
20130514,1.5368,1.546,1.5368,1.546,993,0
20130515,1.546,1.6101,1.546,1.6101,10902,0
20130516,1.6101,1.6101,1.5644,1.6009,529,0
20130517,1.6101,1.6375,1.5551,1.6101,271,0
20130520,1.6101,1.6101,1.6101,1.6101,2,0
20130521,1.6101,1.6101,1.5551,1.6101,662,0
20130522,1.6101,1.6375,1.6009,1.6009,1481,0
20130523,1.5551,1.5551,1.5095,1.5551,3199,0
20130524,1.5551,1.5551,1.5551,1.5551,1441,0
20130527,1.5735,1.5735,1.5644,1.5644,885,0
20130528,1.5735,1.6741,1.5735,1.6467,22316,0
20130529,1.6284,1.7748,1.6009,1.7564,49439,0
20130531,1.7291,1.7655,1.7291,1.7382,3254,0
20130603,1.7382,1.7382,1.7382,1.7382,339,0
20130604,1.6924,1.6924,1.6741,1.6741,1311,0
20130605,1.6284,1.6741,1.6101,1.665,5108,0
20130606,1.6741,1.6741,1.6741,1.6741,2,0
20130607,1.6741,1.6924,1.665,1.665,1354,0
20130611,1.665,1.6924,1.6467,1.6832,4648,0
20130612,1.6924,2.0125,1.6924,1.9485,106600,0
20130613,1.9395,2.0125,1.8296,2.0125,107019,0
20130614,1.9943,1.9943,1.9119,1.9852,5265,0
20130617,1.9852,2.1864,1.9852,2.0401,28946,0
20130618,2.0401,2.1498,1.9668,2.1498,37345,0
20130619,2.1407,2.1589,2.0492,2.1589,8842,0
20130620,2.1498,2.1956,2.1041,2.1956,9899,0
20130621,2.1956,2.2139,2.0583,2.1956,10916,0
20130624,2.1864,2.1864,2.0583,2.1681,2847,0
20130625,2.1681,2.1681,2.0583,2.1315,7808,0
20130627,2.1498,2.1498,2.0583,2.1407,13124,0
20130628,2.1224,2.1315,2.1224,2.1224,5599,0
20130701,2.0309,2.1041,2.0035,2.0766,10903,0
20130702,2.0125,2.0949,1.9852,2.0766,5018,0
20130704,2.0125,2.0858,2.0125,2.0858,1749,0
20130705,2.0217,2.0858,2.0217,2.0858,1117,0
20130708,2.0766,2.0766,2.0217,2.0675,1515,0
20130709,2.0217,2.0675,2.0217,2.0675,4427,0
20130710,2.0125,2.0675,2.0125,2.0675,623,0
20130711,2.0492,2.0492,2.0492,2.0492,2,0
20130712,2.0217,2.0401,2.0217,2.0401,7215,0
20130715,2.0401,2.0492,2.0401,2.0492,4156,0
20130716,2.0401,2.0401,2.0401,2.0401,12,0
20130718,1.9943,1.9943,1.9943,1.9943,541,0
20130719,1.9943,2.1772,1.9943,2.1772,10598,0
20130722,2.3602,2.3602,2.3145,2.3236,25295,0
20130723,2.3053,2.3053,2.3053,2.3053,2186,0
20130724,2.3512,2.3512,2.3236,2.3236,2296,0
20130725,2.3236,2.3236,2.2229,2.3053,388,0
20130726,2.287,2.287,2.287,2.287,4373,0
20130729,2.2229,2.2413,2.2048,2.2413,2196,0
20130730,2.2048,2.2048,2.1956,2.1956,570,0
20130731,2.1956,2.1956,2.1956,2.1956,16,0
20130801,2.1956,2.1956,2.1956,2.1956,109,0
20130802,2.1956,2.1956,2.1956,2.1956,10,0
20130805,2.1772,2.1864,2.1772,2.1864,244,0
20130806,2.0583,2.1864,2.0583,2.1864,1638,0
20130807,2.1772,2.1772,2.1772,2.1772,1149,0
20130808,2.0492,2.0492,1.9943,1.9943,13118,0
20130809,1.9668,2.0675,1.9668,2.0125,10887,0
20130812,1.9485,2.0125,1.9485,2.0125,486,0
20130813,2.0675,2.1315,2.0675,2.1315,11971,0
20130814,2.1315,2.1772,2.1315,2.1772,5685,0
20130816,2.1132,2.1132,2.1041,2.1041,3620,0
20130819,2.1772,2.1864,2.1681,2.1864,1864,0
20130820,2.1407,2.1864,2.0675,2.1041,13064,0
20130821,2.0492,2.1498,2.0125,2.0125,34888,0
20130822,2.1681,2.1681,2.0309,2.0309,9331,0
20130823,2.1041,2.1041,2.0401,2.0949,1826,0
20130826,2.0401,2.1224,2.0401,2.1224,2196,0
20130827,2.1041,2.1041,2.1041,2.1041,1159,0
20130828,2.0125,2.0949,2.0125,2.0949,902,0
20130829,2.1315,2.1315,2.1315,2.1315,34,0
20130830,2.1315,2.1772,2.1041,2.1772,29487,0
20130902,2.1772,2.1956,2.1589,2.1772,14058,0
20130903,2.1681,2.287,2.1681,2.2779,13675,0
20130904,2.2779,2.6346,2.2779,2.5158,63716,0
20130905,2.5158,2.6255,2.3876,2.5615,50850,0
20130906,2.5615,2.6896,2.4334,2.6805,61751,0
20130909,2.7536,2.7536,2.5981,2.6986,33019,0
20130910,2.7078,2.7902,2.6621,2.7353,31331,0
20130911,2.7353,2.7353,2.6072,2.6255,24311,0
20130912,2.6805,2.6805,2.5798,2.6072,1199,0
20130913,2.5523,2.6072,2.5158,2.5432,9753,0
20130916,2.5158,2.6346,2.5158,2.6346,4925,0
20130917,2.6621,2.6621,2.6164,2.6164,8066,0
20130918,2.5615,2.6529,2.4792,2.5981,11563,0
20130919,2.6255,2.6255,2.4609,2.5249,8624,0
20130920,2.5158,2.5615,2.4974,2.5615,114,0
20130923,2.6072,2.6072,2.3785,2.3785,13292,0
20130924,2.3785,2.3785,2.287,2.3694,6232,0
20130925,2.3419,2.4609,2.3053,2.4609,13393,0
20130926,2.3968,2.5066,2.3968,2.5066,1958,0
20130927,2.4609,2.4974,2.4152,2.4974,12011,0
20130930,2.4152,2.4883,2.3785,2.3785,9537,0
20131002,2.4609,2.4609,2.4242,2.4242,194,0
20131003,2.3785,2.4609,2.3328,2.3694,2377,0
20131004,2.4242,2.4242,2.3785,2.3785,61,0
20131007,2.3876,2.4609,2.3876,2.406,3500,0
20131008,2.4152,2.4609,2.3419,2.3785,1915,0
20131009,2.3512,2.4517,2.3512,2.3512,2991,0
20131010,2.4425,2.4425,2.3876,2.3876,907,0
20131011,2.4425,2.4425,2.3602,2.4242,302,0
20131014,2.406,2.4609,2.406,2.4242,9627,0
20131015,2.47,2.5066,2.4609,2.4609,14094,0
20131016,2.5615,2.5615,2.4242,2.534,17807,0
20131017,2.534,2.5432,2.5158,2.5432,4524,0
20131018,2.4883,2.5615,2.4883,2.5615,3815,0
20131022,2.5889,2.5889,2.5066,2.5798,1546,0
20131023,2.5798,2.5889,2.5798,2.5889,1311,0
20131024,2.5432,2.5432,2.4883,2.4883,2514,0
20131025,2.4883,2.5889,2.4883,2.5889,1201,0
20131028,2.5889,2.6072,2.5798,2.5798,5876,0
20131029,2.5981,2.6346,2.5432,2.5798,31149,0
20131030,2.6346,2.6346,2.5981,2.6346,8142,0
20131031,2.6164,2.6438,2.5798,2.5798,9958,0
20131104,2.5706,2.6072,2.5615,2.6072,1329,0
20131105,2.6072,2.6346,2.6072,2.6346,9439,0
20131106,2.6346,2.6438,2.6346,2.6438,5724,0
20131107,2.6346,2.6346,2.6255,2.6255,1149,0
20131108,2.6164,2.6164,2.6164,2.6164,71,0
20131112,2.5981,2.6072,2.5706,2.5706,3290,0
20131113,2.5706,2.5889,2.5249,2.5249,5251,0
20131114,2.5523,2.5889,2.5523,2.5889,6305,0
20131115,2.5889,2.5889,2.5523,2.5523,765,0
20131118,2.5706,2.6072,2.5706,2.6072,399,0
20131119,2.5615,2.6072,2.5615,2.6072,4326,0
20131120,2.5432,2.5798,2.5158,2.5798,8145,0
20131121,2.5615,2.5798,2.5158,2.5798,3418,0
20131125,2.534,2.5523,2.47,2.47,1131,0
20131126,2.4792,2.4792,2.4425,2.4425,7856,0
20131127,2.4609,2.4609,2.4425,2.4425,660,0
20131128,2.4152,2.4609,2.4152,2.4242,5304,0
20131129,2.4242,2.4609,2.3785,2.4609,2362,0
20131202,2.3512,2.4517,2.3328,2.4517,5476,0
20131203,2.287,2.3785,2.2413,2.3785,14338,0
20131204,2.3512,2.3512,2.1681,2.1681,2107,0
20131205,2.0766,2.2779,2.0675,2.1864,2237,0
20131206,2.1864,2.2962,2.0949,2.2962,721,0
20131209,2.2962,2.3053,2.1956,2.3053,2492,0
20131210,2.3328,2.4152,2.3328,2.4152,18362,0
20131211,2.3785,2.4425,2.3785,2.4425,1058,0
20131212,2.4425,2.4425,2.3785,2.3785,1379,0
20131213,2.3876,2.3876,2.3876,2.3876,551,0
20131216,2.3785,2.3785,2.3785,2.3785,1905,0
20131217,2.3876,2.4609,2.3602,2.3694,36586,0
20131218,2.4152,2.4609,2.3876,2.4609,1120,0
20131219,2.5249,2.5249,2.5249,2.5249,21,0
20131220,2.4974,2.4974,2.3145,2.3876,75,0
20131223,2.3145,2.5249,2.3145,2.3419,33,0
20131227,2.3328,2.5158,2.3145,2.4883,1132,0
20131230,2.4425,2.5432,2.4425,2.5432,3292,0
20140102,2.5432,2.5432,2.5249,2.5249,114,0
20140103,2.5158,2.5158,2.47,2.47,978,0
20140107,2.4792,2.4792,2.406,2.4152,2130,0
20140108,2.4792,2.4792,2.3968,2.4609,2700,0
20140109,2.4517,2.4517,2.406,2.406,1112,0
20140110,2.4152,2.4517,2.4152,2.4517,1419,0
20140113,2.4425,2.4609,2.4425,2.4609,2460,0
20140114,2.4609,2.4609,2.3876,2.3876,6122,0
20140115,2.47,2.4792,2.4517,2.4792,4291,0
20140116,2.5066,2.5066,2.5066,2.5066,1667,0
20140117,2.5066,2.5066,2.5066,2.5066,1979,0
20140120,2.5066,2.5066,2.5066,2.5066,50,0
20140121,2.5066,2.5066,2.47,2.47,2469,0
20140122,2.406,2.47,2.406,2.47,1323,0
20140123,2.4792,2.4792,2.4609,2.4609,885,0
20140124,2.4609,2.4883,2.4609,2.4883,233,0
20140127,2.4883,2.4883,2.406,2.4883,2554,0
20140128,2.5066,2.9274,2.5066,2.6713,67597,0
20140129,2.6529,2.8269,2.5706,2.5798,57407,0
20140130,2.5981,2.6072,2.5798,2.5981,6280,0
20140131,2.6986,2.6986,2.6164,2.6164,3927,0
20140203,2.6255,2.6255,2.6164,2.6164,1307,0
20140204,2.5981,2.6164,2.5981,2.6164,1336,0
20140205,2.6164,2.6164,2.6072,2.6072,1870,0
20140206,2.6164,2.6164,2.5981,2.6072,4919,0
20140207,2.5706,2.6164,2.5706,2.6164,1368,0
20140210,2.5889,2.6164,2.5889,2.6164,9572,0
20140211,2.5706,2.6805,2.5706,2.6529,2788,0
20140212,2.6438,2.6438,2.6438,2.6438,10,0
20140213,2.5889,2.6255,2.5889,2.6255,416,0
20140214,2.6255,2.6255,2.5798,2.6255,1841,0
20140217,2.6346,2.6346,2.6346,2.6346,2196,0
20140218,2.6713,2.6713,2.6621,2.6621,5713,0
20140219,2.6072,2.6713,2.5981,2.5981,5105,0
20140221,2.5889,2.5889,2.5615,2.5615,6112,0
20140224,2.5706,2.5706,2.5615,2.5615,3790,0
20140225,2.5981,2.6438,2.5981,2.6438,9983,0
20140226,2.6713,2.7445,2.6529,2.7445,30544,0
20140227,2.717,2.717,2.717,2.717,108,0
20140228,2.717,2.7445,2.6529,2.7078,4262,0
20140303,2.6072,2.6072,2.5615,2.5615,14997,0
20140304,2.5615,2.6255,2.5615,2.5706,4244,0
20140305,2.6346,2.6346,2.6346,2.6346,23,0
20140306,2.6346,2.6346,2.5615,2.5615,1447,0
20140307,2.5523,2.5523,2.5249,2.5249,6789,0
20140310,2.5249,2.5615,2.5249,2.5615,13544,0
20140311,2.5523,2.5889,2.3785,2.5889,12214,0
20140312,2.4242,2.5615,2.4242,2.5615,4919,0
20140313,2.4609,2.5158,2.4609,2.5158,11778,0
20140314,2.4334,2.4334,2.3328,2.3785,2864,0
20140317,2.3328,2.5158,2.3328,2.5158,934,0
20140318,2.3968,2.4883,2.3968,2.4883,829,0
20140319,2.47,2.47,2.47,2.47,34,0
20140320,2.4609,2.4609,2.4517,2.4517,34,0
20140321,2.4609,2.4609,2.4517,2.4609,17358,0
20140324,2.47,2.4883,2.4242,2.4792,1071,0
20140325,2.4792,2.4792,2.4792,2.4792,70,0
20140326,2.4974,2.5066,2.4883,2.5066,1640,0
20140327,2.4152,2.4792,2.3876,2.4517,2536,0
20140328,2.3876,2.4792,2.3876,2.4792,1084,0
20140331,2.4609,2.4609,2.4609,2.4609,10,0
20140401,2.47,2.47,2.47,2.47,13,0
20140402,2.47,2.47,2.47,2.47,2,0
20140403,2.47,2.47,2.47,2.47,39,0
20140404,2.47,2.47,2.4609,2.47,1967,0
20140407,2.4517,2.4517,2.3876,2.4517,2298,0
20140408,2.3785,2.4334,2.3785,2.4334,4047,0
20140409,2.3694,2.3694,2.3694,2.3694,761,0
20140410,2.4152,2.47,2.4152,2.47,611,0
20140411,2.47,2.47,2.4517,2.4517,65,0
20140414,2.4517,2.4517,2.3328,2.4242,735,0
20140415,2.4242,2.4425,2.406,2.406,8401,0
20140416,2.3876,2.406,2.3328,2.406,4156,0
20140417,2.3328,2.3785,2.3328,2.3785,2127,0
20140422,2.3694,2.3694,2.3694,2.3694,10,0
20140423,2.3876,2.3876,2.3785,2.3785,40,0
20140424,2.3785,2.4242,2.3785,2.4242,964,0
20140425,2.4425,2.4425,2.3328,2.406,1395,0
20140428,2.4425,2.4425,2.4425,2.4425,2,0
20140429,2.4334,2.4334,2.4334,2.4334,10,0
20140430,2.3968,2.3968,2.3876,2.3876,42,0
20140507,2.3328,2.3694,2.3328,2.3328,2896,0
20140508,2.3602,2.4242,2.3602,2.4242,21,0
20140509,2.3602,2.3602,2.3602,2.3602,322,0
20140512,2.3602,2.3968,2.3602,2.3968,877,0
20140513,2.3968,2.3968,2.3968,2.3968,2,0
20140514,2.406,2.406,2.406,2.406,16,0
20140515,2.3968,2.3968,2.3968,2.3968,6,0
20140516,2.3876,2.3876,2.3876,2.3876,7,0
20140519,2.3968,2.3968,2.3968,2.3968,49,0
20140520,2.3968,2.4334,2.3968,2.4334,4536,0
20140521,2.3785,2.3785,2.3785,2.3785,10,0
20140523,2.3785,2.3785,2.3785,2.3785,10,0
20140526,2.3512,2.3602,2.3419,2.3419,142,0
20140527,2.3602,2.3602,2.3053,2.3053,5476,0
20140528,2.2596,2.2688,2.2596,2.2688,3829,0
20140529,2.1589,2.1589,2.1589,2.1589,6,0
20140530,2.0583,2.1681,2.0583,2.1407,4253,0
20140602,2.2321,2.2321,2.2321,2.2321,10,0
20140603,2.1864,2.1864,2.1864,2.1864,10,0
20140604,2.2321,2.2321,2.2321,2.2321,39,0
20140605,2.2321,2.2321,2.1956,2.1956,771,0
20140606,2.1224,2.1315,2.1041,2.1315,5716,0
20140609,2.1315,2.1315,2.0675,2.1041,5158,0
20140610,2.1864,2.1864,2.1772,2.1772,1306,0
20140611,2.1498,2.1498,2.0583,2.0583,2598,0
20140612,2.0492,2.0492,2.0492,2.0492,4755,0
20140613,2.0309,2.0766,1.9668,2.0675,5036,0
20140616,2.0949,2.0949,2.0949,2.0949,10,0
20140617,2.0858,2.0858,2.0583,2.0583,1440,0
20140618,2.0949,2.0949,2.0583,2.0583,40,0
20140625,2.0125,2.0125,2.0125,2.0125,546,0
20140626,2.0309,2.0309,2.0125,2.0125,2140,0
20140630,2.0583,2.0583,2.0583,2.0583,21,0
20140702,2.0583,2.0583,2.0583,2.0583,196,0
20140703,2.0858,2.0858,2.0766,2.0766,1641,0
20140707,2.0949,2.0949,2.0858,2.0949,512,0
20140708,2.0949,2.0949,2.0949,2.0949,41,0
20140709,2.0766,2.0766,2.0766,2.0766,51,0
20140710,2.0583,2.0766,2.0583,2.0766,1123,0
20140711,2.0583,2.0583,2.0583,2.0583,1136,0
20140714,2.0583,2.0949,2.0125,2.0766,1593,0
20140715,2.0766,2.0858,2.0035,2.0035,5525,0
20140716,2.0407,2.078,2.0407,2.078,2206,0
20140717,2.1246,2.1246,2.1246,2.1246,7,0
20140718,2.0035,2.0407,1.9941,2.0221,5797,0
20140721,2.0035,2.0407,1.9848,2.0221,7066,0
20140722,1.9755,2.1153,1.9755,2.0594,11987,0
20140723,1.9755,2.0686,1.9102,1.9102,10307,0
20140724,2.0221,2.0221,1.9102,1.9102,7109,0
20140725,1.9476,2.0127,1.9476,2.0127,3953,0
20140728,2.0127,2.0127,2.0127,2.0127,50,0
20140729,1.9196,1.9568,1.9102,1.9568,2148,0
20140730,1.901,1.901,1.8636,1.901,8662,0
20140731,1.7425,1.8171,1.7425,1.7425,7216,0
20140801,1.8636,1.8636,1.8636,1.8636,12,0
20140804,1.8636,1.8636,1.8451,1.8636,89,0
20140805,1.8636,1.8636,1.8636,1.8636,81,0
20140806,1.8636,1.8823,1.8636,1.8823,435,0
20140807,1.873,1.901,1.8636,1.901,1289,0
20140808,1.9382,1.9382,1.9382,1.9382,5914,0
20140811,1.9476,1.9848,1.8636,1.9196,14123,0
20140812,1.9196,1.9196,1.9196,1.9196,16,0
20140813,1.7984,1.9196,1.7984,1.9196,203,0
20140814,2.0314,2.1898,2.0035,2.1432,23694,0
20140818,2.1432,2.1432,2.1432,2.1432,2,0
20140819,2.1432,2.1432,2.1432,2.1432,23,0
20140820,2.0501,2.078,2.0035,2.078,612,0
20140821,2.078,2.078,2.078,2.078,269,0
20140822,2.0873,2.0873,2.0873,2.0873,10,0
20140825,1.9848,1.9848,1.9102,1.9661,16452,0
20140826,1.9661,1.9661,1.9661,1.9661,3863,0
20140827,1.9289,1.9382,1.873,1.9382,13972,0
20140828,1.8823,1.8823,1.8543,1.8543,10412,0
20140829,1.9382,1.9661,1.9196,1.9661,17728,0
20140901,2.0314,2.0314,2.0314,2.0314,5,0
20140902,1.9476,2.0314,1.9476,2.0314,697,0
20140903,2.0407,2.0407,1.9661,2.0407,1708,0
20140904,2.0407,2.0407,2.0407,2.0407,38,0
20140905,2.0407,2.0407,2.0407,2.0407,38,0
20140908,2.0407,2.0966,2.0407,2.0966,897,0
20140909,2.0314,2.0966,2.0314,2.0966,598,0
20140910,2.1246,2.1246,2.1246,2.1246,90,0
20140911,2.0966,2.1246,2.0127,2.1246,4227,0
20140912,2.0127,2.1246,2.0127,2.1246,402,0
20140917,2.106,2.1246,2.106,2.1246,5371,0
20140918,2.1246,2.1246,2.1246,2.1246,711,0
20140919,2.1432,2.1432,2.078,2.1432,1377,0
20140922,2.0686,2.1339,2.0594,2.1339,1098,0
20140923,2.0407,2.1246,2.0407,2.1246,290,0
20140924,2.1246,2.1246,2.1246,2.1246,21,0
20140925,2.0221,2.1153,2.0221,2.1153,3946,0
20140926,2.0035,2.0035,2.0035,2.0035,376,0
20140929,2.0035,2.078,2.0035,2.0407,1150,0
20140930,2.106,2.106,1.9848,1.9848,13090,0
20141001,2.0686,2.0686,2.0686,2.0686,3,0
20141002,2.0686,2.0686,2.0686,2.0686,38,0
20141003,2.0686,2.106,2.0686,2.0686,8596,0
20141006,2.0873,2.0873,2.0873,2.0873,21,0
20141007,2.0873,2.106,2.0407,2.0407,6584,0
20141008,2.0966,2.0966,2.0966,2.0966,38,0
20141009,2.1153,2.1153,2.1153,2.1153,2,0
20141010,1.9848,2.0035,1.9568,1.9568,18651,0
20141014,1.9755,1.9755,1.9755,1.9755,752,0
20141015,2.0127,2.0127,2.0127,2.0127,38,0
20141016,2.0127,2.0127,1.9661,2.0035,134,0
20141017,2.0127,2.0127,2.0127,2.0127,142,0
20141020,2.0127,2.0127,2.0127,2.0127,1079,0
20141021,2.0314,2.078,2.0314,2.078,595,0
20141024,2.0686,2.0686,2.0686,2.0686,27,0
20141027,2.0314,2.0314,2.0314,2.0314,38,0
20141029,2.0501,2.0501,2.0501,2.0501,26,0
20141030,1.9848,1.9848,1.9848,1.9848,322,0
20141031,2.0501,2.0501,2.0501,2.0501,103,0
20141103,2.0407,2.0407,2.0127,2.0407,4314,0
20141104,2.0314,2.0314,2.0314,2.0314,29,0
20141105,2.0314,2.0501,2.0314,2.0501,912,0
20141106,2.0501,2.0501,2.0501,2.0501,29,0
20141107,2.0686,2.0686,2.0686,2.0686,536,0
20141110,2.0501,2.0501,2.0501,2.0501,499,0
20141112,2.0501,2.0686,2.0501,2.0686,10235,0
20141113,2.0686,2.0686,2.0686,2.0686,77,0
20141114,2.0686,2.0686,2.0686,2.0686,43,0
20141117,2.0407,2.0686,2.0407,2.0686,1032,0
20141118,2.0686,2.0686,2.0686,2.0686,611,0
20141119,2.0686,2.0686,2.0686,2.0686,54,0
20141120,2.0686,2.0686,2.0035,2.0035,233,0
20141121,2.0686,2.0686,2.0686,2.0686,17,0
20141124,2.0686,2.0686,1.9941,2.0686,2551,0
20141125,2.0501,2.0501,2.0501,2.0501,34,0
20141126,2.0035,2.0594,2.0035,2.0594,108,0
20141127,1.9848,2.0594,1.9848,2.0594,936,0
20141128,2.0594,2.0594,2.0594,2.0594,82,0
20141201,2.0035,2.0035,1.9568,1.9568,6879,0
20141202,1.9755,2.0035,1.9568,2.0035,6128,0
20141203,2.0035,2.0035,2.0035,2.0035,141,0
20141204,2.0035,2.0035,2.0035,2.0035,3,0
20141208,2.0314,2.0314,2.0314,2.0314,1076,0
20141209,2.0686,2.0686,2.0686,2.0686,27,0
20141210,1.9661,1.9661,1.9196,1.9289,7777,0
20141211,1.9289,1.9661,1.8636,1.8636,17914,0
20141212,1.873,1.9476,1.8543,1.9476,11821,0
20141215,1.9568,1.9755,1.8451,1.9755,6441,0
20141216,1.8543,1.9382,1.8171,1.9382,5042,0
20141217,1.7984,1.8917,1.7705,1.8917,28900,0
20141218,1.8171,1.873,1.8077,1.873,8748,0
20141219,1.8357,1.8917,1.8357,1.8636,985,0
20141222,1.873,1.873,1.873,1.873,68,0
20141223,1.8264,1.8823,1.7518,1.8357,91984,0
20141229,1.8543,1.8543,1.8543,1.8543,10,0
20141230,1.8636,1.8636,1.8636,1.8636,2,0
20150102,1.8636,1.8636,1.8636,1.8636,10,0
20150105,1.8543,1.8543,1.8543,1.8543,2146,0
20150107,1.8823,1.8823,1.8823,1.8823,2254,0
20150108,1.8823,2.0221,1.8823,1.9102,6305,0
20150109,1.9848,1.9848,1.9848,1.9848,3,0
20150112,1.9848,1.9848,1.9848,1.9848,15,0
20150113,1.9661,2.0127,1.9661,2.0127,20025,0
20150114,2.0594,2.0594,2.0035,2.0407,2195,0
20150115,2.0407,2.0407,1.9661,2.0221,683,0
20150116,2.0127,2.0127,2.0127,2.0127,3,0
20150119,1.9476,1.9568,1.9476,1.9568,3919,0
20150120,1.9661,1.9661,1.9661,1.9661,65,0
20150121,1.9661,1.9661,1.9661,1.9661,3,0
20150122,1.9661,2.0594,1.9661,2.0594,2075,0
20150123,1.9476,2.0407,1.9476,2.0407,216,0
20150128,2.0501,2.0501,1.9476,2.0501,645,0
20150130,2.0501,2.0501,2.0501,2.0501,14486,0
20150202,2.0501,2.0501,2.0501,2.0501,805,0
20150203,2.0501,2.0501,2.0501,2.0501,580,0
20150204,1.9848,1.9848,1.9568,1.9568,7861,0
20150206,1.9476,1.9476,1.9476,1.9476,429,0
20150209,1.9476,1.9476,1.9476,1.9476,714,0
20150210,1.9476,1.9476,1.9476,1.9476,49,0
20150211,1.9382,1.9476,1.9196,1.9476,902,0
20150212,1.9382,1.9476,1.9382,1.9476,645,0
20150213,1.9476,1.9568,1.9382,1.9568,4298,0
20150216,1.9382,1.9476,1.9382,1.9476,3718,0
20150217,1.9568,1.9568,1.9476,1.9476,8333,0
20150218,1.9382,1.9476,1.9289,1.9476,1013,0
20150219,1.9476,1.9476,1.9289,1.9382,1395,0
20150223,1.9382,1.9382,1.9382,1.9382,676,0
20150224,1.9476,1.9476,1.9476,1.9476,1235,0
20150225,1.9289,1.9476,1.9289,1.9476,130,0
20150226,1.9382,1.9382,1.9382,1.9382,1324,0
20150227,1.9196,1.9476,1.9196,1.9476,1289,0
20150302,1.901,1.901,1.8823,1.901,10423,0
20150303,1.9289,1.9289,1.8823,1.8823,12942,0
20150304,1.9941,1.9941,1.9941,1.9941,10,0
20150305,1.9568,1.9568,1.8543,1.9196,17151,0
20150306,1.9196,1.9568,1.9196,1.9568,5581,0
20150309,1.9476,1.9661,1.9476,1.9661,958,0
20150310,1.9661,1.9661,1.9661,1.9661,56,0
20150311,1.9661,1.9661,1.9661,1.9661,73,0
20150313,1.9289,1.9661,1.901,1.9661,976,0
20150317,1.9568,1.9568,1.9568,1.9568,68,0
20150319,1.9476,1.9661,1.9476,1.9568,6975,0
20150320,1.9661,2.0314,1.9661,2.0314,3714,0
20150323,1.9848,2.0314,1.9848,2.0314,27,0
20150324,2.0221,2.0221,2.0221,2.0221,61,0
20150327,2.0221,2.0221,2.0221,2.0221,1489,0
20150401,1.9848,1.9848,1.9568,1.9848,2364,0
20150402,1.9755,1.9848,1.9755,1.9848,6199,0
20150407,1.9568,1.9755,1.9568,1.9755,80,0
20150408,1.9755,1.9848,1.9755,1.9755,762,0
20150409,1.9755,2.0035,1.9755,2.0035,4543,0
20150410,1.9941,1.9941,1.9941,1.9941,671,0
20150413,2.0035,2.0035,2.0035,2.0035,2146,0
20150414,1.9755,2.0127,1.9755,2.0127,2674,0
20150415,1.9941,2.0314,1.9941,2.0314,6439,0
20150416,2.0314,2.1339,2.0314,2.0873,39621,0
20150417,2.1153,2.1246,2.106,2.1246,8753,0
20150420,2.1153,2.255,2.0966,2.1432,11287,0
20150421,2.1339,2.1711,2.1339,2.1711,9180,0
20150422,2.1711,2.1711,2.1711,2.1711,48,0
20150423,2.1526,2.1898,2.1526,2.1619,5086,0
20150424,2.1805,2.1805,2.1711,2.1711,973,0
20150427,2.1711,2.2644,2.1711,2.2178,3295,0
20150428,2.2085,2.2457,2.1898,2.2457,9049,0
20150429,2.2178,2.3762,2.2178,2.3762,29933,0
20150430,2.3575,2.3575,2.3575,2.3575,5,0
20150504,2.3482,2.3482,2.3482,2.3482,3004,0
20150505,2.3669,2.5532,2.3482,2.4973,77188,0
20150506,2.5998,2.6278,2.4973,2.6278,37496,0
20150507,2.6278,2.665,2.5625,2.5905,22160,0
20150508,2.5253,2.5998,2.5253,2.5998,93,0
20150511,2.6278,2.7209,2.6184,2.693,53697,0
20150512,2.7303,2.7396,2.7116,2.7303,8210,0
20150513,2.7396,2.7396,2.693,2.7116,17707,0
20150514,2.7396,2.7396,2.6557,2.7303,17074,0
20150515,2.7303,2.8793,2.7303,2.8514,56157,0
20150518,2.8793,2.8793,2.8049,2.8049,11989,0
20150519,2.7955,2.8421,2.7955,2.8421,4280,0
20150520,2.8234,2.8421,2.8234,2.8421,1246,0
20150521,2.8234,2.8328,2.8141,2.8328,1771,0
20150522,2.8049,2.8234,2.8049,2.8049,1669,0
20150525,2.7955,2.7955,2.7955,2.7955,1520,0
20150526,2.7862,2.7955,2.7489,2.7489,6222,0
20150527,2.7303,2.7303,2.6744,2.7209,1745,0
20150528,2.6744,2.7024,2.6091,2.7024,5180,0
20150529,2.7024,2.7024,2.6837,2.6837,2157,0
20150601,2.6837,2.6837,2.6837,2.6837,590,0
20150602,2.6371,2.6557,2.6278,2.6557,4059,0
20150603,2.6091,2.6371,2.6091,2.6371,644,0
20150605,2.6091,2.6091,2.5625,2.6091,3482,0
20150608,2.6091,2.87,2.6091,2.7583,82912,0
20150609,2.7583,2.9539,2.7396,2.8234,34183,0
20150610,2.8234,2.8421,2.7955,2.8421,8701,0
20150611,2.8328,2.8421,2.8234,2.8421,3225,0
20150612,2.8421,2.8421,2.8234,2.8234,3595,0
20150615,2.8328,2.8608,2.6278,2.6278,13122,0
20150616,2.7024,2.7024,2.6091,2.6091,22680,0
20150617,2.5998,2.6464,2.5998,2.6464,628,0
20150618,2.665,2.665,2.665,2.665,509,0
20150619,2.665,2.693,2.665,2.6744,1768,0
20150622,2.5998,2.5998,2.4228,2.516,17066,0
20150623,2.5253,2.6091,2.5253,2.5719,15990,0
20150624,2.6385,2.7814,2.6385,2.7052,7655,0
20150625,2.7338,2.7338,2.7338,2.7338,5,0
20150626,2.7243,2.7243,2.7243,2.7243,85,0
20150629,2.6385,2.6385,2.5719,2.6195,3255,0
20150630,2.6004,2.629,2.5338,2.629,3581,0
20150701,2.629,2.629,2.5433,2.5433,2451,0
20150702,2.6195,2.6481,2.6195,2.6481,690,0
20150703,2.6385,2.6385,2.5909,2.5909,244,0
20150706,2.61,2.6576,2.5338,2.6576,3678,0
20150707,2.6481,2.6671,2.6481,2.6671,7620,0
20150708,2.5433,2.6576,2.5433,2.6576,236,0
20150709,2.6671,2.6671,2.6671,2.6671,7,0
20150710,2.6671,2.7147,2.6671,2.7147,4375,0
20150713,2.7338,2.7338,2.5814,2.7338,2346,0
20150714,2.7147,2.7147,2.7052,2.7052,127,0
20150715,2.7052,2.7052,2.7052,2.7052,73,0
20150716,2.7433,2.7433,2.7243,2.7243,402,0
20150717,2.7433,2.7433,2.7243,2.7433,1584,0
20150720,2.7433,2.7433,2.6671,2.7433,367,0
20150721,2.7147,2.7147,2.6671,2.7147,1973,0
20150722,2.6957,2.6957,2.6004,2.6671,320,0
20150723,2.6481,2.6481,2.5909,2.629,3470,0
20150724,2.629,2.629,2.5719,2.5719,2350,0
20150727,2.5242,2.5242,2.5242,2.5242,4398,0
20150728,2.4671,2.6576,2.4671,2.6576,536,0
20150729,2.6481,2.6481,2.6195,2.6195,86,0
20150730,2.5909,2.5909,2.5052,2.5719,439,0
20150731,2.5719,2.5719,2.5338,2.5719,1889,0
20150803,2.5242,2.5719,2.5242,2.5719,789,0
20150804,2.4957,2.6481,2.4766,2.5052,2926,0
20150805,2.5909,2.61,2.5909,2.5909,1749,0
20150806,2.5719,2.5909,2.5719,2.5909,1055,0
20150807,2.5242,2.5719,2.5242,2.5719,184,0
20150810,2.5719,2.5719,2.5719,2.5719,5,0
20150811,2.5719,2.5719,2.5719,2.5719,862,0
20150812,2.5814,2.5909,2.5814,2.5909,529,0
20150813,2.5242,2.5719,2.5242,2.5433,1399,0
20150814,2.5052,2.5052,2.5052,2.5052,499,0
20150817,2.5242,2.6195,2.5242,2.5719,2436,0
20150818,2.5814,2.5814,2.5814,2.5814,210,0
20150819,2.5242,2.5719,2.4957,2.5719,4410,0
20150820,2.5052,2.5052,2.5052,2.5052,31,0
20150821,2.5052,2.5719,2.4766,2.5719,1282,0
20150824,2.5719,2.5719,2.429,2.429,9238,0
20150825,2.1908,2.3623,2.1908,2.3623,890,0
20150826,2.248,2.3242,2.248,2.2861,3665,0
20150827,2.3814,2.429,2.3337,2.429,1099,0
20150828,2.429,2.429,2.4195,2.429,6605,0
20150831,2.5433,2.5433,2.5242,2.5338,873,0
20150901,2.4004,2.6385,2.4004,2.6385,9576,0
20150902,2.5433,2.7528,2.5433,2.7433,8016,0
20150903,2.8005,2.8481,2.7909,2.8386,15209,0
20150904,2.8576,2.8767,2.7909,2.7909,9499,0
20150907,2.81,2.8576,2.81,2.8481,2063,0
20150908,2.8481,2.8481,2.81,2.8481,15048,0
20150909,2.8481,2.8481,2.7909,2.8481,17538,0
20150910,2.8386,2.8386,2.8386,2.8386,10,0
20150911,2.7909,2.8386,2.7909,2.8386,1715,0
20150914,2.8386,2.8386,2.8291,2.8386,529,0
20150915,2.8291,2.8291,2.8291,2.8291,3,0
20150916,2.8291,2.8291,2.8291,2.8291,73,0
20150917,2.7528,2.81,2.7528,2.81,533,0
20150918,2.8291,2.8291,2.8291,2.8291,80,0
20150921,2.8291,2.8291,2.8291,2.8291,3,0
20150922,2.8195,2.8195,2.8195,2.8195,28,0
20150923,2.8291,2.8291,2.8291,2.8291,64,0
20150924,2.8195,2.8481,2.8195,2.8481,9070,0
20150925,2.8481,2.8481,2.8195,2.8481,655,0
20150928,2.8481,2.9338,2.8481,2.9338,32999,0
20150929,2.9243,2.9529,2.9148,2.9434,17448,0
20150930,2.9434,2.9434,2.8576,2.9338,19149,0
20151001,2.9338,2.9338,2.9243,2.9243,136,0
20151002,2.9053,2.9243,2.9053,2.9243,317,0
20151005,2.9148,2.9243,2.9148,2.9243,2528,0
20151006,2.9338,3.0291,2.9243,3.0291,15773,0
20151007,3.0386,3.172,3.0386,3.172,13281,0
20151008,3.2482,3.2482,3.191,3.2291,9169,0
20151009,3.2386,3.2577,3.2005,3.2291,1277,0
20151012,3.2291,3.2291,3.2291,3.2291,972,0
20151013,3.1815,3.1815,3.0767,3.1243,8351,0
20151014,3.1243,3.1243,3.1148,3.1148,2889,0
20151015,3.1148,3.1148,3.1148,3.1148,420,0
20151016,3.1148,3.1148,3.0958,3.0958,982,0
20151019,3.0958,3.0958,3.0291,3.0862,2059,0
20151020,3.0672,3.1148,3.0005,3.1148,2740,0
20151021,3.0958,3.1148,3.0958,3.1148,205,0
20151022,3.1148,3.1529,3.1148,3.1529,194,0
20151023,3.1624,3.1624,3.1434,3.1434,1811,0
20151026,3.1434,3.191,3.1434,3.191,5041,0
20151027,3.1529,3.1529,3.1529,3.1529,2578,0
20151028,3.1815,3.191,3.172,3.191,4641,0
20151029,3.2291,3.2291,3.1529,3.1529,3146,0
20151030,3.2005,3.2005,3.1529,3.2005,2859,0
20151102,3.172,3.172,3.0672,3.0958,17230,0
20151103,3.0958,3.0958,3.0481,3.0481,7967,0
20151104,3.0481,3.0481,3.0005,3.0005,13265,0
20151105,2.991,2.991,2.8957,2.8957,9516,0
20151106,2.8576,2.9243,2.8576,2.9243,3750,0
20151109,2.9338,2.9338,2.9148,2.9148,1325,0
20151110,2.8957,2.8957,2.8957,2.8957,10,0
20151112,2.8957,2.8957,2.8862,2.8862,157,0
20151113,2.8576,2.8767,2.8576,2.8767,1793,0
20151116,2.8862,2.8862,2.6766,2.8576,1201,0
20151117,2.81,2.81,2.81,2.81,21,0
20151118,2.7243,2.8576,2.6766,2.8576,4662,0
20151119,2.8481,2.8481,2.8481,2.8481,2,0
20151120,2.8576,2.8576,2.8576,2.8576,146,0
20151123,2.8576,2.8576,2.8291,2.8291,1281,0
20151124,2.8195,2.8291,2.5719,2.6004,52911,0
20151125,2.6195,2.6862,2.6195,2.6862,544,0
20151126,2.6671,2.7052,2.6671,2.7052,156,0
20151127,2.6957,2.6957,2.6957,2.6957,321,0
20151130,2.6957,2.6957,2.6671,2.6671,111,0
20151201,2.7147,2.7243,2.7147,2.7243,3254,0
20151202,2.7243,2.7243,2.6385,2.6385,1846,0
20151203,2.7147,2.7147,2.7147,2.7147,210,0
20151204,2.7052,2.7052,2.5909,2.7052,791,0
20151207,2.6671,2.6671,2.6671,2.6671,18,0
20151208,2.6195,2.6671,2.5909,2.6481,546,0
20151209,2.6481,2.6481,2.4861,2.61,11859,0
20151210,2.61,2.61,2.61,2.61,3,0
20151211,2.6004,2.6004,2.6004,2.6004,10,0
20151214,2.6004,2.6004,2.4576,2.6004,29791,0
20151215,2.5242,2.5433,2.4766,2.5433,1577,0
20151216,2.5338,2.5909,2.5338,2.5909,165,0
20151217,2.5909,2.5909,2.5909,2.5909,5,0
20151218,2.5909,2.5909,2.5909,2.5909,577,0
20151221,2.5623,2.5623,2.5147,2.5147,2331,0
20151222,2.5623,2.5623,2.5623,2.5623,105,0
20151223,2.4861,2.5242,2.4861,2.5242,385,0
20151228,2.5147,2.5147,2.5147,2.5147,1,0
20151229,2.5242,2.5242,2.5242,2.5242,523,0
20151230,2.5623,2.5623,2.4957,2.4957,526,0
20160104,2.5623,2.5623,2.5623,2.5623,371,0
20160105,2.5719,2.5719,2.5719,2.5719,3,0
20160107,2.5719,2.5719,2.4766,2.4766,3154,0
20160108,2.5814,2.5814,2.5814,2.5814,2773,0
20160112,2.5719,2.5719,2.5719,2.5719,10,0
20160113,2.5719,2.5719,2.5719,2.5719,5,0
20160115,2.5719,2.5719,2.5719,2.5719,37,0
20160119,2.5719,2.5719,2.5719,2.5719,997,0
20160120,2.5242,2.5242,2.5242,2.5242,56,0
20160121,2.5242,2.5719,2.5242,2.5719,421,0
20160122,2.5719,2.6195,2.5719,2.6195,914,0
20160125,2.629,2.629,2.629,2.629,31,0
20160126,2.629,2.629,2.629,2.629,34,0
20160128,2.6195,2.6195,2.5719,2.5719,123,0
20160129,2.629,2.629,2.5338,2.629,581,0
20160204,2.61,2.61,2.61,2.61,420,0
20160205,2.629,2.629,2.629,2.629,1,0
20160208,2.629,2.629,2.629,2.629,344,0
20160209,2.6671,2.6671,2.5719,2.6671,773,0
20160210,2.6671,2.6671,2.6671,2.6671,1050,0
20160211,2.6862,2.6862,2.6862,2.6862,526,0
20160216,2.6957,2.6957,2.6957,2.6957,10,0
20160217,2.6481,2.6957,2.6481,2.6957,2739,0
20160218,2.6766,2.6766,2.6766,2.6766,149,0
20160219,2.7147,2.7147,2.7147,2.7147,5,0
20160222,2.7147,2.7433,2.7147,2.7243,849,0
20160223,2.7433,2.7433,2.7433,2.7433,61,0
20160224,2.7528,2.7528,2.7052,2.7052,1698,0
20160225,2.7243,2.7243,2.6862,2.6862,598,0
20160226,2.7147,2.7528,2.6766,2.7528,4333,0
20160229,2.7433,2.7433,2.7433,2.7433,562,0
20160301,2.7052,2.7052,2.7052,2.7052,2463,0
20160302,2.7243,2.7433,2.7243,2.7433,1749,0
20160303,2.6195,2.7338,2.6195,2.7338,526,0
20160304,2.7147,2.7147,2.7147,2.7147,21,0
20160307,2.6195,2.6195,2.6195,2.6195,273,0
20160310,2.6481,2.6481,2.6481,2.6481,105,0
20160311,2.6671,2.6671,2.6671,2.6671,525,0
20160315,2.7147,2.7147,2.7147,2.7147,91,0
20160316,2.7147,2.7147,2.7147,2.7147,21,0
20160317,2.629,2.7147,2.629,2.7147,33,0
20160318,2.6671,2.6671,2.6576,2.6576,1155,0
20160321,2.6671,2.6766,2.6671,2.6671,1427,0
20160322,2.6385,2.6671,2.6385,2.6671,3170,0
20160323,2.6671,2.6671,2.6576,2.6671,1980,0
20160324,2.6957,2.6957,2.6957,2.6957,52,0
20160329,2.6957,2.6957,2.6957,2.6957,514,0
20160330,2.6195,2.629,2.5814,2.629,13847,0
20160331,2.629,2.629,2.6195,2.6195,1108,0
20160401,2.61,2.61,2.61,2.61,315,0
20160405,2.5909,2.629,2.5909,2.629,2272,0
20160406,2.6385,2.6385,2.629,2.6385,556,0
20160407,2.6385,2.6385,2.629,2.629,84,0
20160408,2.6481,2.6481,2.6481,2.6481,70,0
20160411,2.6576,2.7528,2.6385,2.6862,17174,0
20160412,2.6671,2.7433,2.6671,2.7147,2136,0
20160413,2.7147,2.7624,2.7147,2.7147,8005,0
20160414,2.6195,2.7433,2.6195,2.7338,712,0
20160415,2.7433,2.7433,2.7433,2.7433,73,0
20160418,2.7624,2.7624,2.7433,2.7433,22,0
20160419,2.7433,2.8576,2.7433,2.8481,26625,0
20160420,2.9148,2.9148,2.9053,2.9053,9923,0
20160421,2.9338,2.9719,2.9338,2.9338,12413,0
20160422,2.8862,2.9624,2.8862,2.9624,11770,0
20160425,2.9624,2.9624,2.8957,2.9338,169,0
20160426,2.9529,2.9529,2.8862,2.9338,2578,0
20160428,2.9624,2.9624,2.9624,2.9624,80,0
20160429,2.9719,2.9719,2.9719,2.9719,37,0
20160502,2.9624,2.9624,2.9624,2.9624,304,0
20160504,2.8672,2.9434,2.8672,2.9434,3517,0
20160505,2.9434,2.9434,2.8672,2.8672,1092,0
20160506,2.9434,2.9434,2.9434,2.9434,67,0
20160509,2.9529,2.9529,2.9529,2.9529,21,0
20160510,2.9243,2.9529,2.9243,2.9529,8199,0
20160511,2.8767,2.9053,2.8767,2.9053,1298,0
20160512,2.8862,2.9529,2.8862,2.9529,52,0
20160513,2.9338,2.9338,2.8862,2.8862,383,0
20160516,2.8576,2.9243,2.8576,2.9243,3470,0
20160517,2.81,2.8767,2.81,2.8767,12714,0
20160518,2.8481,2.8481,2.8195,2.8195,3180,0
20160519,2.81953,2.81953,2.74332,2.81,11197,0
20160520,2.81,2.81,2.81,2.81,341,0
20160523,2.80047,2.85763,2.80047,2.85763,1364,0
20160524,2.85763,2.85763,2.78142,2.81,2195,0
20160525,2.99,2.99,2.92,2.92,542,0
20160527,2.87,2.91,2.85,2.91,3246,0
20160530,2.82,2.84,2.82,2.84,2980,0
20160531,2.82,2.85,2.8,2.85,1121,0
20160602,2.85,2.85,2.85,2.85,67,0
20160603,2.85,2.85,2.85,2.85,21,0
20160609,2.85,2.85,2.85,2.85,20,0
20160610,2.85,2.85,2.85,2.85,137,0
20160613,2.85,2.85,2.75,2.75,1620,0
20160614,2.85,2.88,2.85,2.87,8645,0
20160615,2.88,2.88,2.8,2.8,1004,0
20160616,2.8,2.8,2.8,2.8,3228,0
20160617,2.78,2.78,2.78,2.78,2000,0
20160620,2.8,2.8,2.8,2.8,100,0
20160621,2.79,2.79,2.79,2.79,780,0
20160622,2.76,2.81,2.76,2.81,2325,0
20160624,2.75,2.8,2.72,2.8,1161,0
20160629,2.81,2.81,2.75,2.81,1355,0
20160630,2.82,2.91,2.82,2.82,2671,0
20160704,2.8,2.8,2.7,2.7,11740,0
20160705,2.78,2.78,2.78,2.78,4358,0
20160706,2.8,2.8,2.8,2.8,64,0
20160707,2.79,2.84,2.73,2.82,2088,0
20160708,2.84,2.84,2.8,2.8,5673,0
20160711,2.77,2.77,2.77,2.77,279,0
20160712,2.76,2.77,2.75,2.75,1581,0
20160713,2.83,2.83,2.83,2.83,20,0
20160714,2.83,2.83,2.79,2.8,188,0
20160715,2.83,2.83,2.83,2.83,74,0
20160718,2.83,2.83,2.83,2.83,76,0
20160719,2.82,2.83,2.77,2.83,865,0
20160720,2.83,2.83,2.83,2.83,121,0
20160721,2.8,2.83,2.8,2.8,1909,0
20160722,2.83,2.83,2.82,2.82,162,0
20160725,2.83,2.83,2.83,2.83,85,0
20160726,2.84,2.85,2.84,2.85,7933,0
20160727,2.89,2.91,2.89,2.91,3010,0
20160728,2.94,2.94,2.94,2.94,10,0
20160729,2.83,2.85,2.83,2.85,5420,0
20160804,2.8,2.8,2.8,2.8,6565,0
20160805,2.8,2.8,2.79,2.79,6771,0
20160808,2.84,2.84,2.84,2.84,99,0
20160809,2.83,2.83,2.83,2.83,345,0
20160810,2.83,2.83,2.78,2.82,71,0
20160812,2.82,2.82,2.8,2.81,612,0
20160816,2.81,2.81,2.8,2.81,845,0
20160817,2.8,2.8,2.79,2.79,505,0
20160818,2.79,2.81,2.79,2.81,748,0
20160819,2.8,2.8,2.8,2.8,43,0
20160824,2.8,2.8,2.8,2.8,314,0
20160825,2.8,2.8,2.78,2.78,1122,0
20160826,2.8,2.8,2.8,2.8,35,0
20160829,2.8,2.8,2.8,2.8,38,0
20160830,2.8,2.8,2.8,2.8,15,0
20160831,2.73,2.8,2.73,2.8,30,0
20160901,2.79,2.79,2.79,2.79,6586,0
20160902,2.79,2.79,2.79,2.79,772,0
20160905,2.79,2.79,2.75,2.79,10546,0
20160906,2.82,2.82,2.78,2.82,3860,0
20160907,2.8,2.82,2.8,2.82,4658,0
20160908,2.84,2.92,2.84,2.92,15350,0
20160909,2.95,2.96,2.94,2.94,7434,0
20160912,2.88,3.02,2.88,3.02,18467,0
20160913,3.04,3.06,3.04,3.06,5643,0
20160914,3.05,3.05,3.05,3.05,1742,0
20160915,3,3,2.98,3,990,0
20160916,3,3.05,3,3.05,4700,0
20160919,3.05,3.05,3.05,3.05,23,0
20160920,3.05,3.05,2.96,3.03,3879,0
20160921,3.05,3.05,2.96,3.01,1975,0
20160922,3.04,3.04,2.95,2.99,3502,0
20160923,2.92,2.92,2.92,2.92,300,0
20160926,2.99,2.99,2.94,2.94,2603,0
20160927,2.94,2.94,2.92,2.92,2002,0
20160928,2.94,2.94,2.94,2.94,1502,0
20160929,2.99,2.99,2.99,2.99,2,0
20160930,2.99,2.99,2.99,2.99,3,0
20161003,2.93,2.93,2.93,2.93,148,0
20161004,2.94,2.94,2.94,2.94,3,0
20161005,2.94,2.94,2.94,2.94,3,0
20161006,2.94,2.94,2.94,2.94,1503,0
20161007,2.95,2.95,2.95,2.95,200,0
20161010,2.95,2.95,2.95,2.95,3,0
20161011,2.95,3,2.95,3,997,0
20161012,3.02,3.02,3.02,3.02,9,0
20161013,3.02,3.14,3.01,3.09,19030,0
20161014,3.06,3.13,3.06,3.13,216,0
20161017,3.13,3.13,3.13,3.13,1,0
20161018,3.13,3.13,3.06,3.06,512,0
20161020,3.06,3.06,3.05,3.05,4437,0
20161021,3.05,3.05,3.05,3.05,400,0
20161024,3.05,3.05,3.05,3.05,1000,0
20161025,3.05,3.05,3.05,3.05,20,0
20161026,3.12,3.12,3.1,3.1,910,0
20161027,3.12,3.12,3.12,3.12,10,0
20161028,3.01,3.12,3.01,3.12,415,0
20161031,3.14,3.14,3.14,3.14,15,0
20161102,3.05,3.1,3.05,3.1,1000,0
20161103,3.1,3.1,3.1,3.1,3493,0
20161107,3.14,3.14,3.14,3.14,1,0
