Date,Open,High,Low,Close,Volume,OpenInt
20081029,0.38775,0.38775,0.17554,0.20484,633407,0
20081030,0.21947,0.21947,0.17554,0.19756,118855,0
20081031,0.19756,0.2122,0.16828,0.1902,131478,0
20081103,0.19756,0.19756,0.16828,0.16828,60452,0
20081104,0.17554,0.18291,0.16828,0.17554,22548,0
20081105,0.17554,0.17554,0.16828,0.17554,22192,0
20081106,0.17554,0.17554,0.14626,0.14626,16500,0
20081107,0.14626,0.16828,0.14626,0.16828,36355,0
20081110,0.161,0.1902,0.161,0.16828,4792,0
20081112,0.16828,0.16828,0.161,0.16828,17612,0
20081113,0.161,0.161,0.161,0.161,4116,0
20081114,0.13907,0.16828,0.13907,0.16828,7505,0
20081117,0.16828,0.16828,0.16828,0.16828,744,0
20081118,0.16828,0.16828,0.16828,0.16828,75,0
20081119,0.16828,0.16828,0.16828,0.16828,224,0
20081120,0.16828,0.16828,0.161,0.161,75,0
20081121,0.161,0.161,0.161,0.161,75,0
20081124,0.161,0.161,0.13907,0.13907,3425,0
20081125,0.13907,0.19756,0.13907,0.161,12601,0
20081126,0.16828,0.16828,0.14626,0.16828,9896,0
20081127,0.14626,0.16828,0.14626,0.16828,4942,0
20081128,0.16828,0.16828,0.15362,0.15362,5230,0
20081201,0.15362,0.15362,0.15362,0.15362,54,0
20081202,0.15362,0.18291,0.15362,0.18291,52946,0
20081203,0.15362,0.15362,0.15362,0.15362,26849,0
20081204,0.15362,0.15362,0.15362,0.15362,6738,0
20081205,0.13907,0.13907,0.13907,0.13907,12,0
20081209,0.14626,0.14626,0.14626,0.14626,2971,0
20081210,0.14626,0.161,0.14626,0.161,2985,0
20081211,0.161,0.161,0.161,0.161,28,0
20081212,0.161,0.17554,0.14626,0.17554,7443,0
20081215,0.14626,0.14626,0.14626,0.14626,3713,0
20081216,0.13907,0.13907,0.13907,0.13907,28,0
20081217,0.14626,0.17554,0.14626,0.14626,8211,0
20081218,0.13907,0.14626,0.13907,0.14626,22301,0
20081219,0.13907,0.13907,0.13907,0.13907,28,0
20081222,0.13907,0.13907,0.13907,0.13907,28,0
20081223,0.13907,0.14626,0.13907,0.14626,758,0
20081229,0.13907,0.13907,0.13907,0.13907,28,0
20081230,0.13907,0.13907,0.13907,0.13907,1826,0
20090105,0.161,0.16828,0.161,0.16828,2985,0
20090106,0.16828,0.16828,0.161,0.161,772,0
20090107,0.16828,0.16828,0.16828,0.16828,28,0
20090108,0.16828,0.16828,0.16828,0.16828,28,0
20090109,0.16828,0.16828,0.1317,0.1317,34515,0
20090112,0.1317,0.13907,0.1317,0.13907,2555,0
20090113,0.13907,0.13907,0.13907,0.13907,10018,0
20090114,0.13907,0.13907,0.13907,0.13907,28,0
20090115,0.13907,0.13907,0.13907,0.13907,28,0
20090116,0.13907,0.13907,0.13907,0.13907,28,0
20090119,0.13907,0.13907,0.13907,0.13907,28,0
20090120,0.13907,0.13907,0.13907,0.13907,28,0
20090128,0.15362,0.15362,0.15362,0.15362,5,0
20090129,0.16828,0.16828,0.16828,0.16828,1514,0
20090130,0.16828,0.16828,0.16828,0.16828,28,0
20090202,0.16828,0.16828,0.14626,0.14626,14870,0
20090203,0.161,0.161,0.13907,0.13907,17654,0
20090204,0.13907,0.13907,0.13907,0.13907,2,0
20090205,0.13907,0.13907,0.1317,0.1317,22287,0
20090209,0.15362,0.15362,0.15362,0.15362,3714,0
20090210,0.15362,0.15362,0.15362,0.15362,745,0
20090211,0.15362,0.161,0.15362,0.161,29512,0
20090212,0.161,0.161,0.161,0.161,28,0
20090213,0.161,0.16828,0.161,0.16828,31153,0
20090216,0.16828,0.16828,0.16828,0.16828,28,0
20090217,0.16828,0.16828,0.16828,0.16828,28,0
20090218,0.16828,0.16828,0.16828,0.16828,28,0
20090219,0.16828,0.16828,0.161,0.161,19080,0
20090220,0.16828,0.16828,0.16828,0.16828,3713,0
20090224,0.18291,0.1902,0.18291,0.1902,758,0
20090225,0.1902,0.22684,0.1902,0.22684,12419,0
20090226,0.2414,0.2414,0.22684,0.23413,9104,0
20090227,0.23413,0.23413,0.22684,0.22684,2985,0
20090302,0.23413,0.23413,0.22684,0.22684,3000,0
20090303,0.23413,0.23413,0.1902,0.1902,15452,0
20090304,0.16828,0.21947,0.161,0.18291,12121,0
20090305,0.18291,0.18291,0.18291,0.18291,28,0
20090306,0.18291,0.18291,0.18291,0.18291,6090,0
20090310,0.17554,0.17554,0.17554,0.17554,12,0
20090311,0.17554,0.17554,0.17554,0.17554,2957,0
20090312,0.161,0.161,0.161,0.161,28,0
20090313,0.16828,0.1902,0.16828,0.1902,2985,0
20090316,0.17554,0.1902,0.17554,0.1902,28,0
20090317,0.18291,0.19756,0.18291,0.1902,10655,0
20090318,0.1902,0.21947,0.1902,0.2122,8450,0
20090319,0.21947,0.23413,0.2122,0.22684,94336,0
20090320,0.2414,0.2414,0.23413,0.23413,24373,0
20090323,0.23413,0.23413,0.19756,0.22684,7147,0
20090324,0.22684,0.23413,0.22684,0.22684,16373,0
20090325,0.23413,0.23413,0.2122,0.22684,9093,0
20090326,0.23413,0.23413,0.22684,0.23413,17116,0
20090327,0.23413,0.31462,0.23413,0.29998,43744,0
20090330,0.31462,0.31462,0.27805,0.29261,1025,0
20090331,0.29261,0.29261,0.27805,0.29261,11068,0
20090401,0.29261,0.29261,0.27805,0.29261,15038,0
20090402,0.29261,0.29261,0.29261,0.29261,28,0
20090403,0.29261,0.29261,0.29261,0.29261,5823,0
20090406,0.29261,0.29261,0.27068,0.29261,19419,0
20090407,0.29261,0.29261,0.29261,0.29261,28,0
20090408,0.29261,0.32925,0.29261,0.29261,61017,0
20090409,0.29261,0.29261,0.2414,0.29261,906,0
20090414,0.32189,0.32189,0.25613,0.25613,12957,0
20090415,0.24875,0.29261,0.24875,0.29261,12697,0
20090416,0.28533,0.29261,0.28533,0.29261,7443,0
20090417,0.29261,0.29261,0.27068,0.27068,20030,0
20090420,0.29261,0.29261,0.29261,0.29261,28,0
20090421,0.29261,0.29261,0.29261,0.29261,2270,0
20090422,0.29261,0.29261,0.29261,0.29261,8022,0
20090423,0.31462,0.31462,0.29261,0.30725,3906,0
20090424,0.30725,0.30725,0.30725,0.30725,28,0
20090427,0.31462,0.31462,0.31462,0.31462,28,0
20090428,0.31462,0.31462,0.31462,0.31462,28,0
20090429,0.31462,0.31462,0.31462,0.31462,28,0
20090430,0.31462,0.31462,0.31462,0.31462,28,0
20090504,0.31462,0.31462,0.31462,0.31462,2481,0
20090505,0.31462,0.31462,0.29261,0.31462,1544,0
20090506,0.31462,0.31462,0.31462,0.31462,1590,0
20090507,0.31462,0.31462,0.26333,0.27068,17069,0
20090508,0.25613,0.31462,0.2414,0.31462,841,0
20090511,0.31462,0.31462,0.31462,0.31462,28,0
20090512,0.31462,0.31462,0.31462,0.31462,13400,0
20090513,0.31462,0.31462,0.31462,0.31462,28,0
20090514,0.31462,0.31462,0.30725,0.30725,28,0
20090515,0.31462,0.31462,0.31462,0.31462,28,0
20090518,0.31462,0.31462,0.31462,0.31462,28,0
20090519,0.31462,0.31462,0.31462,0.31462,28,0
20090520,0.31462,0.31462,0.31462,0.31462,28,0
20090521,0.31462,0.32925,0.31462,0.32925,4484,0
20090522,0.32189,0.32189,0.31462,0.32189,1514,0
20090525,0.32925,0.32925,0.31462,0.31462,5230,0
20090526,0.31462,0.31462,0.29998,0.29998,28,0
20090527,0.29998,0.29998,0.23413,0.23413,4471,0
20090528,0.23413,0.27805,0.23413,0.27805,772,0
20090529,0.27805,0.27805,0.27805,0.27805,28,0
20090601,0.27805,0.27805,0.21947,0.2414,103,0
20090602,0.22684,0.28533,0.22684,0.28533,402,0
20090603,0.28533,0.28533,0.28533,0.28533,28,0
20090604,0.28533,0.28533,0.28533,0.28533,28,0
20090605,0.28533,0.28533,0.28533,0.28533,28,0
20090608,0.28533,0.28533,0.28533,0.28533,28,0
20090609,0.28533,0.29998,0.28533,0.29998,1366,0
20090610,0.29998,0.29998,0.29998,0.29998,28,0
20090615,0.29998,0.29998,0.29998,0.29998,28,0
20090616,0.29998,0.29998,0.29998,0.29998,28,0
20090617,0.29261,0.29261,0.29261,0.29261,28,0
20090618,0.29998,0.29998,0.29998,0.29998,28,0
20090619,0.29261,0.29261,0.29261,0.29261,28,0
20090622,0.29261,0.29261,0.29261,0.29261,45,0
20090623,0.29998,0.29998,0.29998,0.29998,28,0
20090624,0.29998,0.29998,0.29998,0.29998,28,0
20090625,0.29998,0.29998,0.29998,0.29998,28,0
20090626,0.29261,0.29261,0.29261,0.29261,28,0
20090629,0.29261,0.29261,0.27068,0.27068,7443,0
20090630,0.29261,0.29261,0.29261,0.29261,28,0
20090701,0.29261,0.29261,0.29261,0.29261,12,0
20090702,0.28533,0.28533,0.27068,0.28533,3000,0
20090703,0.28533,0.28533,0.28533,0.28533,28,0
20090706,0.28533,0.28533,0.28533,0.28533,28,0
20090707,0.28533,0.28533,0.22684,0.23413,148,0
20090708,0.2414,0.2414,0.2414,0.2414,28,0
20090709,0.2414,0.28533,0.2414,0.28533,892,0
20090710,0.28533,0.28533,0.28533,0.28533,772,0
20090713,0.28533,0.28533,0.28533,0.28533,28,0
20090714,0.28533,0.28533,0.28533,0.28533,28,0
20090715,0.28533,0.28533,0.22684,0.22684,45,0
20090716,0.26333,0.26333,0.26333,0.26333,1649,0
20090717,0.28533,0.28533,0.28533,0.28533,12,0
20090720,0.28533,0.28533,0.28533,0.28533,28,0
20090721,0.28533,0.28533,0.28533,0.28533,28,0
20090722,0.28533,0.28533,0.27805,0.27805,28,0
20090723,0.28533,0.28533,0.28533,0.28533,28,0
20090724,0.28533,0.28533,0.27068,0.28533,1798,0
20090727,0.28533,0.28533,0.28533,0.28533,28,0
20090728,0.28533,0.28533,0.28533,0.28533,28,0
20090729,0.28533,0.28533,0.28533,0.28533,28,0
20090730,0.28533,0.28533,0.28533,0.28533,28,0
20090731,0.28533,0.28533,0.28533,0.28533,28,0
20090803,0.26333,0.26333,0.22684,0.23413,22163,0
20090804,0.22684,0.22684,0.22684,0.22684,2,0
20090805,0.22684,0.22684,0.21947,0.21947,1973,0
20090806,0.27805,0.27805,0.27805,0.27805,175,0
20090807,0.24875,0.27068,0.24875,0.27068,6896,0
20090810,0.27068,0.27068,0.27068,0.27068,1,0
20090811,0.28533,0.34383,0.28533,0.29261,21099,0
20090812,0.29261,0.40967,0.29261,0.40967,157137,0
20090813,0.40967,0.41702,0.36575,0.40241,57948,0
20090814,0.40241,0.46829,0.40241,0.45353,26799,0
20090817,0.37319,0.44632,0.37319,0.38038,11320,0
20090818,0.37319,0.38038,0.35119,0.36575,20140,0
20090819,0.32925,0.38775,0.29998,0.37319,67188,0
20090820,0.36575,0.36575,0.29261,0.34383,132957,0
20090821,0.34383,0.40241,0.33653,0.38038,28074,0
20090824,0.38038,0.38038,0.33653,0.36575,17116,0
20090825,0.34383,0.36575,0.33653,0.36575,17689,0
20090826,0.33653,0.36575,0.33653,0.36575,4904,0
20090827,0.36575,0.38038,0.32925,0.35846,73511,0
20090828,0.35846,0.36575,0.29261,0.36575,24485,0
20090831,0.37319,0.37319,0.36575,0.36575,28,0
20090901,0.37319,0.37319,0.36575,0.36575,1514,0
20090902,0.35119,0.35119,0.35119,0.35119,10342,0
20090903,0.36575,0.36575,0.28533,0.35846,204,0
20090904,0.34383,0.35846,0.29261,0.35846,7668,0
20090907,0.35846,0.35846,0.29998,0.34383,235,0
20090908,0.30725,0.34383,0.30725,0.33653,3225,0
20090909,0.30725,0.35119,0.30725,0.34383,41391,0
20090910,0.29261,0.34383,0.29261,0.34383,59,0
20090911,0.34383,0.34383,0.34383,0.34383,28,0
20090914,0.34383,0.34383,0.34383,0.34383,28,0
20090915,0.34383,0.35119,0.27805,0.29998,40869,0
20090916,0.25613,0.31462,0.25613,0.29261,224,0
20090917,0.31462,0.31462,0.25613,0.29998,826,0
20090918,0.30725,0.30725,0.30725,0.30725,12,0
20090921,0.31462,0.32925,0.28533,0.32925,47201,0
20090922,0.33653,0.33653,0.27805,0.32189,36957,0
20090923,0.32189,0.32189,0.32189,0.32189,28,0
20090924,0.31462,0.32189,0.27068,0.32189,55531,0
20090925,0.32189,0.32189,0.31462,0.31462,29,0
20090928,0.30725,0.30725,0.27805,0.27805,7326,0
20090929,0.27068,0.32189,0.27068,0.31462,51385,0
20090930,0.32189,0.32189,0.29261,0.32189,626,0
20091001,0.32189,0.32925,0.29261,0.31462,14812,0
20091002,0.31462,0.32189,0.29261,0.31462,59310,0
20091005,0.32189,0.32189,0.27068,0.30725,26325,0
20091006,0.31462,0.31462,0.28533,0.31462,29744,0
20091007,0.31462,0.32189,0.28533,0.29261,57400,0
20091008,0.29998,0.29998,0.29998,0.29998,28,0
20091009,0.29998,0.29998,0.29261,0.29261,28,0
20091012,0.29261,0.29261,0.24875,0.27068,35507,0
20091013,0.27068,0.29261,0.24875,0.29261,15585,0
20091014,0.29261,0.29261,0.29261,0.29261,28,0
20091015,0.29261,0.29261,0.29261,0.29261,402,0
20091016,0.29261,0.29261,0.29261,0.29261,28,0
20091019,0.28533,0.28533,0.2414,0.27805,12660,0
20091020,0.27805,0.27805,0.27805,0.27805,28,0
20091021,0.27805,0.27805,0.23413,0.2414,36867,0
20091022,0.2414,0.24875,0.2414,0.24875,1219,0
20091023,0.26333,0.29261,0.26333,0.29261,11440,0
20091026,0.29261,0.29261,0.29261,0.29261,28,0
20091027,0.25613,0.27068,0.2414,0.27068,30028,0
20091028,0.27805,0.27805,0.27068,0.27068,4858,0
20091029,0.27068,0.27068,0.27068,0.27068,8154,0
20091030,0.27068,0.27068,0.27068,0.27068,3728,0
20091102,0.28533,0.28533,0.27068,0.27068,1597,0
20091103,0.27068,0.27068,0.27068,0.27068,7230,0
20091104,0.28533,0.29261,0.28533,0.29261,17056,0
20091105,0.29261,0.29261,0.28533,0.29261,23795,0
20091106,0.29261,0.29261,0.28533,0.29261,5974,0
20091109,0.29261,0.29261,0.29261,0.29261,28,0
20091110,0.29998,0.29998,0.29261,0.29261,474,0
20091112,0.29998,0.29998,0.29261,0.29261,28,0
20091113,0.29261,0.29261,0.29261,0.29261,28,0
20091116,0.29261,0.29261,0.29261,0.29261,28,0
20091117,0.29261,0.29261,0.29261,0.29261,28,0
20091118,0.29261,0.29261,0.29261,0.29261,28,0
20091119,0.29261,0.29261,0.27068,0.27805,8796,0
20091120,0.29261,0.29261,0.29261,0.29261,16,0
20091123,0.29261,0.29261,0.29261,0.29261,723,0
20091124,0.29261,0.29261,0.29261,0.29261,28,0
20091125,0.29261,0.29261,0.27068,0.29261,8038,0
20091126,0.29261,0.29261,0.26333,0.27068,1514,0
20091127,0.29261,0.29261,0.29261,0.29261,28,0
20091130,0.29261,0.29261,0.29261,0.29261,28,0
20091201,0.29261,0.29261,0.28533,0.28533,29,0
20091202,0.28533,0.28533,0.24875,0.28533,2272,0
20091203,0.28533,0.28533,0.27805,0.28533,7274,0
20091204,0.28533,0.28533,0.27805,0.27805,2207,0
20091207,0.28533,0.28533,0.25613,0.28533,1523,0
20091208,0.28533,0.28533,0.28533,0.28533,28,0
20091209,0.28533,0.28533,0.28533,0.28533,28,0
20091210,0.28533,0.28533,0.25613,0.27805,3664,0
20091211,0.28533,0.28533,0.27805,0.27805,28,0
20091214,0.27805,0.27805,0.27805,0.27805,28,0
20091215,0.27805,0.27805,0.27805,0.27805,28,0
20091216,0.27805,0.27805,0.27068,0.27068,28,0
20091217,0.27068,0.28533,0.27068,0.28533,10135,0
20091218,0.28533,0.28533,0.27068,0.27068,9719,0
20091221,0.27068,0.28533,0.24875,0.28533,16007,0
20091222,0.28533,0.28533,0.28533,0.28533,28,0
20091223,0.28533,0.28533,0.28533,0.28533,28,0
20091228,0.27068,0.28533,0.27068,0.28533,892,0
20091229,0.28533,0.28533,0.28533,0.28533,5580,0
20091230,0.28533,0.29261,0.27068,0.29261,16925,0
20091231,0.29998,0.29998,0.29998,0.29998,137,0
20100104,0.29998,0.36575,0.29998,0.33653,12178,0
20100105,0.35846,0.35846,0.35119,0.35119,28,0
20100106,0.35119,0.35119,0.29998,0.34383,10430,0
20100107,0.35119,0.35119,0.27805,0.31462,19455,0
20100108,0.33653,0.33653,0.29998,0.32925,3744,0
20100111,0.32925,0.35846,0.32925,0.34383,17116,0
20100112,0.34383,0.35846,0.34383,0.35846,4001,0
20100113,0.35846,0.35846,0.31462,0.35846,7590,0
20100114,0.35846,0.36575,0.35846,0.36575,12198,0
20100115,0.36575,0.36575,0.30725,0.33653,30202,0
20100118,0.37319,0.37319,0.30725,0.30725,6937,0
20100119,0.31462,0.31462,0.31462,0.31462,12,0
20100120,0.32189,0.35119,0.32189,0.35119,28,0
20100121,0.35119,0.35119,0.34383,0.34383,28,0
20100122,0.35119,0.35119,0.35119,0.35119,28,0
20100125,0.35119,0.35119,0.34383,0.34383,28,0
20100126,0.34383,0.34383,0.33653,0.33653,28,0
20100127,0.34383,0.34383,0.32925,0.34383,3744,0
20100128,0.34383,0.34383,0.31462,0.31462,5471,0
20100129,0.34383,0.34383,0.32925,0.32925,28,0
20100201,0.34383,0.34383,0.31462,0.31462,8801,0
20100202,0.34383,0.34383,0.29261,0.31462,3713,0
20100203,0.33653,0.33653,0.32189,0.32189,28,0
20100204,0.33653,0.38038,0.32189,0.36575,300766,0
20100205,0.36575,0.39503,0.36575,0.39503,5646,0
20100208,0.34383,0.39503,0.33653,0.38038,176513,0
20100209,0.38038,0.38775,0.34383,0.38775,111611,0
20100210,0.38775,0.44632,0.38038,0.42431,837445,0
20100211,0.42431,0.42431,0.35846,0.38038,25021,0
20100212,0.38775,0.38775,0.38775,0.38775,3054,0
20100215,0.39503,0.39503,0.31462,0.36575,67252,0
20100216,0.32925,0.32925,0.29261,0.30725,59702,0
20100217,0.32925,0.32925,0.31462,0.31462,9810,0
20100218,0.32189,0.35119,0.31462,0.33653,10430,0
20100219,0.33653,0.33653,0.31462,0.32925,489,0
20100222,0.32925,0.32925,0.30725,0.32925,4683,0
20100223,0.32925,0.33653,0.32925,0.33653,5654,0
20100224,0.34383,0.34383,0.31462,0.34383,13456,0
20100225,0.34383,0.34383,0.32189,0.32189,10071,0
20100226,0.35119,0.38775,0.35119,0.38775,2912,0
20100301,0.38038,0.38038,0.31462,0.34383,51292,0
20100302,0.34383,0.34383,0.30725,0.33653,39474,0
20100303,0.33653,0.33653,0.31462,0.33653,36977,0
20100304,0.33653,0.33653,0.33653,0.33653,12433,0
20100305,0.32925,0.32925,0.30725,0.31462,37108,0
20100308,0.30725,0.35846,0.29998,0.35846,44386,0
20100309,0.34383,0.34383,0.32189,0.33653,19934,0
20100310,0.33653,0.33653,0.33653,0.33653,2,0
20100311,0.33653,0.33653,0.30725,0.32925,30150,0
20100312,0.32925,0.32925,0.29998,0.32189,44975,0
20100315,0.32925,0.32925,0.32189,0.32925,5353,0
20100316,0.32925,0.32925,0.30725,0.32925,34285,0
20100317,0.32925,0.32925,0.30725,0.32189,13699,0
20100318,0.32189,0.35119,0.29998,0.32189,142530,0
20100319,0.32189,0.32189,0.29998,0.31462,43487,0
20100322,0.32189,0.32189,0.29261,0.30725,52742,0
20100323,0.29261,0.30725,0.29261,0.30725,12940,0
20100324,0.31462,0.31462,0.27805,0.29261,37289,0
20100325,0.28533,0.29261,0.27805,0.29261,47306,0
20100326,0.29261,0.29998,0.28533,0.29998,27134,0
20100329,0.29261,0.29261,0.28533,0.29261,6101,0
20100330,0.29261,0.29261,0.29261,0.29261,535,0
20100331,0.29261,0.29261,0.28533,0.29261,4338,0
20100401,0.29261,0.29261,0.29261,0.29261,28,0
20100406,0.29261,0.29261,0.29261,0.29261,16877,0
20100407,0.29261,0.29261,0.2414,0.29261,129072,0
20100408,0.27068,0.29261,0.27068,0.29261,5264,0
20100409,0.29261,0.29261,0.29261,0.29261,28,0
20100412,0.29261,0.29261,0.28533,0.29261,550,0
20100413,0.29261,0.29261,0.25613,0.28533,20087,0
20100414,0.29261,0.29261,0.25613,0.28533,61128,0
20100415,0.28533,0.28533,0.27068,0.28533,1714,0
20100416,0.28533,0.28533,0.24875,0.24875,18179,0
20100419,0.25613,0.27805,0.25613,0.27068,35712,0
20100420,0.27805,0.27805,0.24875,0.26333,20790,0
20100421,0.26333,0.26333,0.2414,0.26333,29819,0
20100422,0.26333,0.27068,0.25613,0.27068,20011,0
20100423,0.27068,0.27068,0.27068,0.27068,28,0
20100426,0.28533,0.28533,0.28533,0.28533,28,0
20100427,0.28533,0.28533,0.26333,0.28533,11470,0
20100428,0.28533,0.28533,0.25613,0.28533,7754,0
20100429,0.28533,0.28533,0.28533,0.28533,28,0
20100430,0.28533,0.29261,0.27068,0.29261,57363,0
20100504,0.30725,0.30725,0.29261,0.29998,29914,0
20100505,0.29998,0.29998,0.29261,0.29998,33754,0
20100506,0.29998,0.29998,0.29261,0.29998,22331,0
20100507,0.29998,0.29998,0.29261,0.29998,3744,0
20100510,0.29261,0.29261,0.29261,0.29261,7428,0
20100511,0.29998,0.29998,0.29998,0.29998,3744,0
20100512,0.29998,0.32189,0.29261,0.31462,70772,0
20100513,0.31462,0.31462,0.29261,0.31462,331,0
20100514,0.29998,0.29998,0.27805,0.29998,8185,0
20100517,0.29261,0.29998,0.29261,0.29998,3429,0
20100518,0.29998,0.29998,0.29998,0.29998,8899,0
20100519,0.29261,0.29998,0.29261,0.29998,7147,0
20100520,0.29998,0.29998,0.28533,0.29998,14788,0
20100521,0.29261,0.29261,0.27805,0.29261,14129,0
20100524,0.29261,0.29261,0.29261,0.29261,28,0
20100525,0.29261,0.29261,0.26333,0.27805,23775,0
20100526,0.28533,0.29998,0.28533,0.29998,2971,0
20100527,0.29998,0.29998,0.28533,0.29998,7750,0
20100528,0.29998,0.29998,0.29998,0.29998,11158,0
20100531,0.29998,0.29998,0.28533,0.29998,17372,0
20100601,0.29998,0.31462,0.29998,0.31462,5878,0
20100602,0.30725,0.30725,0.29998,0.29998,594,0
20100604,0.31462,0.31462,0.29998,0.30725,16373,0
20100607,0.29261,0.31462,0.29261,0.31462,17708,0
20100608,0.29261,0.30725,0.29261,0.30725,9661,0
20100609,0.30725,0.30725,0.30725,0.30725,28,0
20100610,0.30725,0.30725,0.30725,0.30725,12,0
20100611,0.29261,0.29998,0.27805,0.29998,45452,0
20100614,0.29261,0.29261,0.29261,0.29261,164,0
20100615,0.29261,0.29261,0.29261,0.29261,164,0
20100616,0.29261,0.29261,0.29261,0.29261,164,0
20100617,0.29261,0.29998,0.29261,0.29998,8335,0
20100618,0.29998,0.30725,0.29998,0.30725,11590,0
20100621,0.30725,0.30725,0.30725,0.30725,13729,0
20100622,0.30725,0.30725,0.29261,0.30725,10252,0
20100623,0.30725,0.30725,0.30725,0.30725,164,0
20100624,0.30725,0.30725,0.29261,0.30725,1054,0
20100625,0.29998,0.29998,0.29998,0.29998,6686,0
20100628,0.30725,0.30725,0.30725,0.30725,3728,0
20100629,0.30725,0.30725,0.29998,0.30725,30283,0
20100630,0.30725,0.30725,0.29261,0.30725,7590,0
20100701,0.30725,0.30725,0.29998,0.29998,1798,0
20100702,0.29998,0.29998,0.29261,0.29261,23622,0
20100705,0.29998,0.29998,0.28533,0.29998,7120,0
20100706,0.29998,0.29998,0.29261,0.29998,34930,0
20100707,0.30725,0.30725,0.29998,0.29998,461,0
20100708,0.29998,0.30725,0.29998,0.30725,37068,0
20100709,0.29998,0.35119,0.29998,0.35119,133715,0
20100712,0.34383,0.34383,0.29998,0.33653,130449,0
20100713,0.33653,0.35119,0.31462,0.35119,51171,0
20100714,0.33653,0.33653,0.31462,0.33653,19751,0
20100715,0.32925,0.33653,0.32925,0.33653,137423,0
20100716,0.33653,0.33653,0.32189,0.33653,40507,0
20100719,0.34383,0.34383,0.33653,0.34383,9280,0
20100720,0.34383,0.34383,0.34383,0.34383,68,0
20100721,0.35119,0.35119,0.31462,0.31462,19682,0
20100722,0.33653,0.33653,0.30725,0.32925,6046,0
20100723,0.32925,0.32925,0.32925,0.32925,12,0
20100726,0.32925,0.35846,0.31462,0.35846,202345,0
20100727,0.38775,0.42431,0.37319,0.39503,461385,0
20100728,0.39503,0.39503,0.34383,0.36575,70881,0
20100729,0.38038,0.38775,0.32925,0.35846,185259,0
20100730,0.36575,0.36575,0.33653,0.35119,55397,0
20100802,0.35119,0.35119,0.32189,0.34383,53087,0
20100803,0.32925,0.33653,0.32189,0.33653,22182,0
20100804,0.33653,0.33653,0.32189,0.32925,7204,0
20100805,0.31462,0.32189,0.31462,0.32189,47885,0
20100806,0.32189,0.32189,0.29261,0.32189,11768,0
20100809,0.31462,0.31462,0.29261,0.30725,38300,0
20100810,0.30725,0.30725,0.30725,0.30725,27,0
20100811,0.30725,0.30725,0.29998,0.30725,7136,0
20100812,0.29261,0.33653,0.29261,0.33653,62890,0
20100813,0.33653,0.35846,0.32189,0.33653,130658,0
20100816,0.33653,0.33653,0.32925,0.32925,27,0
20100817,0.33653,0.33653,0.31462,0.32925,6822,0
20100818,0.30725,0.30725,0.29998,0.29998,34844,0
20100819,0.29998,0.31462,0.29998,0.31462,28540,0
20100820,0.31462,0.31462,0.30725,0.31462,6009,0
20100823,0.31462,0.31462,0.31462,0.31462,6921,0
20100824,0.30725,0.31462,0.29998,0.31462,6921,0
20100825,0.31462,0.31462,0.31462,0.31462,27,0
20100826,0.31462,0.31462,0.31462,0.31462,2391,0
20100827,0.31462,0.31462,0.29998,0.30725,19559,0
20100830,0.30725,0.31462,0.30725,0.31462,18066,0
20100831,0.31462,0.31462,0.31462,0.31462,697,0
20100901,0.31462,0.31462,0.30725,0.30725,3461,0
20100902,0.30725,0.31462,0.29998,0.31462,23821,0
20100903,0.29998,0.31462,0.29998,0.31462,31842,0
20100906,0.29261,0.30725,0.29261,0.29998,50253,0
20100907,0.30725,0.30725,0.30725,0.30725,422,0
20100908,0.30725,0.30725,0.28533,0.30725,14351,0
20100909,0.30725,0.30725,0.29261,0.29261,21333,0
20100910,0.30725,0.30725,0.29261,0.30725,1817,0
20100913,0.30725,0.30725,0.27805,0.29998,61940,0
20100914,0.29998,0.29998,0.29998,0.29998,1268,0
20100915,0.29998,0.29998,0.27068,0.28533,178848,0
20100916,0.28533,0.32189,0.28533,0.31462,203813,0
20100917,0.31462,0.32189,0.27805,0.29998,290657,0
20100920,0.29261,0.29998,0.27805,0.29998,68250,0
20100921,0.29998,0.29998,0.29261,0.29998,28443,0
20100922,0.29998,0.29998,0.29261,0.29998,15349,0
20100923,0.29261,0.29261,0.29261,0.29261,2611,0
20100924,0.29998,0.29998,0.29998,0.29998,1751,0
20100927,0.30725,0.30725,0.28533,0.29998,13165,0
20100928,0.29261,0.29998,0.28533,0.29998,3948,0
20100929,0.28533,0.29998,0.28533,0.29998,21242,0
20100930,0.29998,0.29998,0.29261,0.29998,2761,0
20101001,0.29998,0.29998,0.29261,0.29998,2772,0
20101004,0.29998,0.29998,0.28533,0.29998,33037,0
20101005,0.28533,0.29998,0.28533,0.29261,16116,0
20101006,0.29261,0.29998,0.29261,0.29998,22951,0
20101007,0.29998,0.30725,0.29261,0.30725,23421,0
20101008,0.30725,0.30725,0.30725,0.30725,27,0
20101011,0.30725,0.31462,0.30725,0.31462,29946,0
20101012,0.31462,0.31462,0.29998,0.30725,8912,0
20101013,0.30725,0.31462,0.30725,0.31462,21571,0
20101014,0.31462,0.31462,0.30725,0.31462,7544,0
20101015,0.31462,0.31462,0.30725,0.31462,2352,0
20101018,0.31462,0.31462,0.30725,0.31462,5110,0
20101019,0.31462,0.31462,0.30725,0.30725,19163,0
20101020,0.30725,0.32189,0.30725,0.32189,61096,0
20101021,0.31462,0.32189,0.31462,0.32189,14107,0
20101022,0.32189,0.32189,0.32189,0.32189,27,0
20101025,0.32189,0.32189,0.30725,0.32189,8755,0
20101026,0.31462,0.31462,0.30725,0.31462,2898,0
20101027,0.31462,0.31462,0.31462,0.31462,27,0
20101028,0.31462,0.31462,0.30725,0.30725,20257,0
20101029,0.31411,0.31411,0.31411,0.31411,27,0
20101102,0.31462,0.34383,0.30725,0.33653,113540,0
20101103,0.32189,0.33653,0.32189,0.33653,2882,0
20101104,0.33653,0.33653,0.32189,0.32189,1259,0
20101105,0.32925,0.33653,0.32925,0.33653,113884,0
20101108,0.34383,0.34383,0.32925,0.34383,9035,0
20101109,0.33653,0.34383,0.32925,0.34383,24811,0
20101110,0.34383,0.34383,0.32925,0.34383,67502,0
20101112,0.34383,0.34383,0.34383,0.34383,17377,0
20101115,0.35119,0.35119,0.33653,0.34383,19027,0
20101116,0.34383,0.35846,0.32189,0.35119,125656,0
20101117,0.35119,0.35119,0.32925,0.33653,6995,0
20101118,0.35119,0.35119,0.32925,0.34383,34670,0
20101119,0.34383,0.35119,0.34383,0.35119,62221,0
20101122,0.35846,0.39503,0.35119,0.38038,261947,0
20101123,0.38775,0.38775,0.35846,0.37319,23825,0
20101124,0.38038,0.38038,0.37319,0.37319,27340,0
20101125,0.37319,0.39503,0.36575,0.38775,124021,0
20101126,0.38038,0.40967,0.35119,0.40967,218251,0
20101129,0.40967,0.40967,0.36575,0.38038,41898,0
20101130,0.38038,0.38775,0.38038,0.38775,21426,0
20101201,0.38775,0.40967,0.38775,0.40967,7147,0
20101202,0.40967,0.40967,0.40241,0.40241,2,0
20101203,0.40241,0.40241,0.38038,0.40241,12850,0
20101206,0.40241,0.40241,0.39503,0.40241,46964,0
20101207,0.40241,0.40241,0.38775,0.40241,16572,0
20101208,0.40241,0.40241,0.40241,0.40241,1561,0
20101209,0.40241,0.40241,0.38775,0.40241,11941,0
20101210,0.40241,0.40241,0.40241,0.40241,27,0
20101213,0.40241,0.40241,0.37319,0.38775,12328,0
20101214,0.38038,0.39503,0.37319,0.39503,43189,0
20101215,0.39503,0.39503,0.38775,0.38775,27,0
20101216,0.38775,0.38775,0.38038,0.38038,5756,0
20101217,0.38038,0.38038,0.37319,0.38038,12917,0
20101220,0.37319,0.38038,0.36575,0.36575,47283,0
20101221,0.38038,0.38038,0.38038,0.38038,12,0
20101222,0.38038,0.38038,0.36575,0.38038,2761,0
20101223,0.35119,0.37319,0.35119,0.37319,8409,0
20101227,0.38038,0.38038,0.35846,0.35846,1823,0
20101228,0.35119,0.36575,0.35119,0.36575,16,0
20101229,0.38038,0.38038,0.35846,0.35846,3020,0
20101230,0.35119,0.38038,0.33653,0.38038,6847,0
20101231,0.36774,0.36774,0.36774,0.36774,1,0
20110103,0.37319,0.38775,0.37319,0.38775,17089,0
20110104,0.36575,0.38038,0.36575,0.38038,33039,0
20110105,0.38038,0.40967,0.38038,0.40967,81318,0
20110107,0.40967,0.47561,0.40967,0.45353,157010,0
20110110,0.43896,0.46087,0.43896,0.46087,37540,0
20110111,0.43896,0.46087,0.43896,0.46087,5845,0
20110112,0.45353,0.45353,0.43167,0.45353,1531,0
20110113,0.45353,0.47561,0.45353,0.47561,43493,0
20110114,0.47561,0.5121,0.46829,0.5048,143986,0
20110117,0.5121,0.5342,0.49754,0.5342,142115,0
20110118,0.5633,0.5633,0.5267,0.5487,72807,0
20110119,0.5487,0.5706,0.5048,0.5342,82251,0
20110120,0.5048,0.5267,0.47561,0.5267,25529,0
20110121,0.5048,0.5267,0.49754,0.5267,11001,0
20110124,0.5267,0.5487,0.47561,0.5267,73975,0
20110125,0.4903,0.5193,0.47561,0.5193,13925,0
20110126,0.49754,0.5121,0.44632,0.45353,60438,0
20110127,0.45353,0.45353,0.44632,0.44632,14560,0
20110128,0.46087,0.4903,0.46087,0.47561,11001,0
20110131,0.45968,0.4903,0.4367,0.46728,23341,0
20110201,0.4903,0.5121,0.45353,0.48287,44000,0
20110202,0.43896,0.46829,0.43896,0.46829,10046,0
20110203,0.46829,0.48287,0.43896,0.48287,26448,0
20110204,0.45353,0.47561,0.45353,0.47561,11440,0
20110207,0.46829,0.47561,0.45353,0.47561,1858,0
20110208,0.48287,0.48287,0.45353,0.45353,7899,0
20110209,0.43896,0.48287,0.43896,0.48287,22027,0
20110210,0.47561,0.47561,0.46087,0.46087,1107,0
20110211,0.45353,0.47561,0.43167,0.46829,57489,0
20110214,0.45353,0.45353,0.42431,0.42431,27103,0
20110215,0.47561,0.47561,0.43896,0.43896,12310,0
20110216,0.42431,0.47561,0.41702,0.47561,23265,0
20110217,0.47561,0.47561,0.47561,0.47561,656,0
20110218,0.44632,0.44632,0.40241,0.43896,73736,0
20110221,0.43896,0.46829,0.43896,0.46829,8886,0
20110222,0.46829,0.46829,0.46829,0.46829,12,0
20110223,0.46829,0.46829,0.46829,0.46829,12,0
20110224,0.46087,0.46087,0.43167,0.43167,3829,0
20110225,0.46087,0.46087,0.43896,0.45353,8750,0
20110228,0.46087,0.46087,0.43896,0.46087,5496,0
20110301,0.46087,0.46087,0.45353,0.45353,1643,0
20110302,0.45353,0.45353,0.45353,0.45353,683,0
20110303,0.46087,0.46087,0.46087,0.46087,871,0
20110304,0.46087,0.46087,0.46087,0.46087,3198,0
20110307,0.47561,0.47561,0.45353,0.47561,9581,0
20110308,0.47561,0.47561,0.45353,0.45353,8510,0
20110309,0.43896,0.44632,0.42431,0.44632,14753,0
20110310,0.44632,0.44632,0.44632,0.44632,12,0
20110311,0.44632,0.44632,0.44632,0.44632,3417,0
20110314,0.46087,0.46087,0.46087,0.46087,2,0
20110315,0.44632,0.44632,0.44632,0.44632,996,0
20110316,0.43896,0.43896,0.43896,0.43896,1,0
20110317,0.44632,0.44632,0.42431,0.43896,9119,0
20110318,0.44632,0.44632,0.43896,0.43896,1367,0
20110321,0.46087,0.46087,0.46087,0.46087,2,0
20110322,0.45353,0.45353,0.43896,0.43896,2,0
20110323,0.45353,0.46087,0.43167,0.46087,955,0
20110324,0.46087,0.46087,0.46087,0.46087,2,0
20110325,0.46087,0.46087,0.44632,0.46087,6155,0
20110328,0.46087,0.46087,0.45353,0.46087,10924,0
20110329,0.44632,0.44632,0.44632,0.44632,2051,0
20110330,0.45353,0.45353,0.43167,0.43167,9431,0
20110331,0.42137,0.45195,0.42137,0.45195,6560,0
20110401,0.45353,0.45353,0.45353,0.45353,1,0
20110404,0.43167,0.44632,0.43167,0.44632,446,0
20110405,0.44632,0.45353,0.44632,0.45353,5373,0
20110406,0.46087,0.49754,0.46087,0.4903,12572,0
20110407,0.5048,0.5121,0.49754,0.5121,51061,0
20110408,0.5193,0.5706,0.5193,0.5706,157814,0
20110411,0.5706,0.5853,0.5342,0.5342,62242,0
20110412,0.5487,0.5487,0.5487,0.5487,3706,0
20110413,0.5633,0.5853,0.5413,0.5853,5689,0
20110414,0.5853,0.5853,0.5633,0.5633,2735,0
20110415,0.5706,0.5706,0.5342,0.5342,6612,0
20110418,0.5633,0.5706,0.5633,0.5706,4528,0
20110419,0.556,0.556,0.556,0.556,4170,0
20110420,0.5633,0.5633,0.5633,0.5633,4891,0
20110421,0.5706,0.5853,0.5193,0.5342,32803,0
20110426,0.5267,0.5487,0.5193,0.5342,13249,0
20110427,0.5267,0.5267,0.48287,0.5121,15726,0
20110428,0.5267,0.5267,0.5267,0.5267,35413,0
20110429,0.5209,0.5746,0.5134,0.5746,10108,0
20110502,0.556,0.556,0.5413,0.5413,6539,0
20110504,0.578,0.6073,0.5633,0.5853,59283,0
20110505,0.5853,0.5998,0.5706,0.578,26165,0
20110506,0.5853,0.5853,0.578,0.578,4414,0
20110509,0.5998,0.5998,0.5853,0.5853,4632,0
20110510,0.5853,0.5853,0.578,0.5853,24102,0
20110511,0.578,0.5853,0.578,0.578,7519,0
20110512,0.578,0.5853,0.5706,0.5853,14906,0
20110513,0.5998,0.5998,0.5853,0.5998,10338,0
20110516,0.6511,0.6511,0.6073,0.6438,36449,0
20110517,0.6586,0.6586,0.6365,0.6586,58186,0
20110518,0.6365,0.6438,0.6292,0.6365,11941,0
20110519,0.6586,0.6586,0.6511,0.6511,138,0
20110520,0.6511,0.6511,0.6073,0.6511,32426,0
20110523,0.6292,0.6292,0.6073,0.6292,7356,0
20110525,0.6073,0.6219,0.6073,0.6219,4192,0
20110527,0.6073,0.6219,0.6073,0.6219,4214,0
20110530,0.6292,0.6365,0.6073,0.6365,12613,0
20110531,0.6128,0.6281,0.6052,0.6281,8929,0
20110601,0.6365,0.6365,0.6073,0.6292,16496,0
20110602,0.5998,0.6145,0.5998,0.6145,11251,0
20110606,0.5998,0.6219,0.5853,0.6219,14203,0
20110607,0.5998,0.5998,0.5998,0.5998,697,0
20110608,0.6145,0.6365,0.5925,0.6365,13736,0
20110609,0.5853,0.6365,0.5853,0.6365,16,0
20110610,0.5925,0.6365,0.556,0.6365,38254,0
20110614,0.5853,0.5853,0.5853,0.5853,820,0
20110615,0.5853,0.5853,0.5853,0.5853,1,0
20110616,0.5517,0.5669,0.5134,0.5669,9497,0
20110617,0.556,0.556,0.556,0.556,2092,0
20110620,0.556,0.556,0.5487,0.5487,12526,0
20110621,0.5193,0.5413,0.5193,0.5342,32664,0
20110624,0.5413,0.5413,0.5267,0.5413,10527,0
20110628,0.5267,0.5267,0.5267,0.5267,1366,0
20110629,0.5413,0.5413,0.5413,0.5413,534,0
20110630,0.544,0.544,0.5286,0.5286,6899,0
20110701,0.5362,0.5362,0.5362,0.5362,11571,0
20110704,0.544,0.544,0.5362,0.5362,9541,0
20110705,0.5286,0.5669,0.5209,0.5669,48930,0
20110706,0.5669,0.5669,0.5592,0.5669,36565,0
20110707,0.5746,0.7429,0.5746,0.6739,208267,0
20110708,0.7124,0.7124,0.6204,0.6588,75149,0
20110711,0.6434,0.6434,0.6281,0.6358,41751,0
20110712,0.6052,0.6511,0.5975,0.6511,22692,0
20110714,0.6511,0.6511,0.6511,0.6511,1366,0
20110715,0.6588,0.6665,0.6434,0.6588,14763,0
20110718,0.6665,0.6665,0.6052,0.6511,8613,0
20110719,0.6128,0.6511,0.6128,0.6434,10704,0
20110720,0.6739,0.6739,0.6739,0.6739,1,0
20110721,0.6739,0.6739,0.5975,0.6588,12730,0
20110722,0.6588,0.6588,0.6358,0.6588,6299,0
20110725,0.6588,0.6588,0.6358,0.6358,12665,0
20110726,0.6511,0.6511,0.6511,0.6511,1,0
20110727,0.6588,0.6588,0.6358,0.6434,17164,0
20110728,0.6588,0.6588,0.6281,0.6511,4571,0
20110729,0.6511,0.6511,0.6511,0.6511,1,0
20110801,0.6358,0.6358,0.5669,0.6358,40926,0
20110803,0.6204,0.6739,0.6128,0.6739,19010,0
20110804,0.6511,0.6511,0.5746,0.6434,22193,0
20110805,0.5822,0.6434,0.5822,0.6434,22661,0
20110808,0.5898,0.6204,0.5746,0.5898,46673,0
20110809,0.5669,0.6052,0.5056,0.6052,65289,0
20110810,0.5669,0.5746,0.5592,0.5592,14881,0
20110811,0.544,0.5669,0.5209,0.5669,12575,0
20110812,0.5669,0.5746,0.5669,0.5746,6273,0
20110817,0.5898,0.6128,0.5898,0.6128,9790,0
20110818,0.6128,0.6128,0.5822,0.5822,8487,0
20110819,0.5746,0.6052,0.5746,0.5975,11377,0
20110822,0.5975,0.5975,0.5975,0.5975,1175,0
20110823,0.5822,0.5822,0.5822,0.5822,2272,0
20110825,0.5592,0.5592,0.5592,0.5592,4569,0
20110826,0.5669,0.5822,0.5669,0.5822,13902,0
20110829,0.5746,0.5822,0.5746,0.5822,15492,0
20110831,0.5822,0.5898,0.5822,0.5822,17341,0
20110901,0.5898,0.5898,0.5898,0.5898,131,0
20110902,0.5822,0.5822,0.5822,0.5822,79,0
20110905,0.5669,0.5746,0.5669,0.5746,14360,0
20110906,0.5746,0.5746,0.5362,0.5592,24151,0
20110907,0.5822,0.5822,0.5592,0.5592,45461,0
20110909,0.5592,0.5592,0.5592,0.5592,39162,0
20110912,0.544,0.5898,0.5286,0.5592,25306,0
20110913,0.5669,0.5822,0.5669,0.5822,18892,0
20110914,0.5898,0.5898,0.5746,0.5898,19560,0
20110915,0.5898,0.5898,0.5898,0.5898,6527,0
20110919,0.5975,0.5975,0.5975,0.5975,131,0
20110920,0.5975,0.6358,0.5975,0.6358,43611,0
20110921,0.6204,0.6204,0.6204,0.6204,5875,0
20110922,0.5975,0.5975,0.5746,0.5975,28067,0
20110923,0.5669,0.6204,0.5669,0.6128,11161,0
20110926,0.5746,0.5975,0.5746,0.5975,9528,0
20110927,0.6128,0.6281,0.6128,0.6281,13842,0
20110928,0.6052,0.6281,0.6052,0.6281,8224,0
20110929,0.5898,0.5898,0.5822,0.5822,3996,0
20110930,0.6128,0.6128,0.6128,0.6128,652,0
20111004,0.5975,0.5975,0.5898,0.5898,15666,0
20111005,0.5975,0.6739,0.5898,0.6739,48013,0
20111006,0.6739,0.7659,0.6739,0.7048,122224,0
20111007,0.6893,0.7124,0.6893,0.7124,7456,0
20111010,0.7508,0.7508,0.7508,0.7508,14359,0
20111011,0.7586,0.7659,0.7354,0.7354,54649,0
20111012,0.7429,0.7586,0.7429,0.7586,1306,0
20111013,0.7586,0.7586,0.7586,0.7586,2324,0
20111014,0.7354,0.7354,0.7201,0.7201,3264,0
20111017,0.7201,0.7201,0.7201,0.7201,1306,0
20111018,0.7124,0.7277,0.7048,0.7277,2023,0
20111020,0.7508,0.7508,0.7508,0.7508,3394,0
20111021,0.7277,0.7277,0.7277,0.7277,3524,0
20111027,0.7277,0.7429,0.7201,0.7201,2198,0
20111028,0.7429,0.8273,0.7429,0.8043,19750,0
20111102,0.7354,0.7965,0.7354,0.7965,4960,0
20111103,0.7965,0.8349,0.7659,0.8349,28067,0
20111104,0.7813,0.7813,0.7429,0.7659,43894,0
20111107,0.7429,0.7429,0.7354,0.7354,10378,0
20111108,0.7201,0.7201,0.7201,0.7201,9136,0
20111109,0.7124,0.7124,0.7124,0.7124,1565,0
20111110,0.6971,0.6971,0.6817,0.6971,15991,0
20111116,0.7124,0.7277,0.6971,0.7277,16670,0
20111118,0.7124,0.7124,0.7124,0.7124,11619,0
20111121,0.6971,0.6971,0.6817,0.6817,5222,0
20111123,0.6665,0.6665,0.6665,0.6665,184,0
20111124,0.6893,0.6893,0.6893,0.6893,797,0
20111125,0.6817,0.6817,0.6817,0.6817,2130,0
20111130,0.6755,0.758,0.6755,0.758,9922,0
20111201,0.7429,0.7659,0.7429,0.7659,1217,0
20111202,0.7429,0.7429,0.7429,0.7429,1437,0
20111206,0.7277,0.7277,0.7277,0.7277,3524,0
20111208,0.7124,0.7736,0.7124,0.7659,22606,0
20111209,0.7429,0.7429,0.7201,0.7201,5300,0
20111212,0.7429,0.7659,0.7429,0.7659,26,0
20111214,0.7277,0.7277,0.7277,0.7277,1644,0
20111215,0.7508,0.7508,0.6893,0.7277,3589,0
20111220,0.6893,0.6893,0.6893,0.6893,3916,0
20111221,0.6893,0.6971,0.6893,0.6971,2219,0
20111222,0.6971,0.7508,0.6739,0.7048,178529,0
20111227,0.6971,0.6971,0.6281,0.6588,23097,0
20111228,0.6971,0.6971,0.6434,0.6434,15354,0
20111229,0.6434,0.6971,0.6434,0.6971,5809,0
20111230,0.7002,0.7002,0.6673,0.7002,8537,0
20120102,0.6971,0.6971,0.6588,0.6893,28312,0
20120103,0.6893,0.6893,0.6588,0.6893,95,0
20120104,0.6893,0.7124,0.6665,0.7124,32153,0
20120105,0.6971,0.6971,0.6739,0.6893,37145,0
20120109,0.7124,0.7124,0.7124,0.7124,3916,0
20120110,0.6893,0.6893,0.6817,0.6817,13577,0
20120111,0.6971,0.6971,0.6971,0.6971,12,0
20120112,0.7048,0.7048,0.7048,0.7048,8630,0
20120113,0.7048,0.7048,0.6893,0.6893,2681,0
20120116,0.7048,0.7048,0.7048,0.7048,12,0
20120117,0.7048,0.7048,0.6739,0.6971,8224,0
20120119,0.7048,0.7201,0.6971,0.7201,28517,0
20120120,0.7201,0.7201,0.7201,0.7201,3985,0
20120123,0.7048,0.7277,0.6971,0.7277,9200,0
20120124,0.7277,0.8043,0.7277,0.7429,78630,0
20120125,0.7354,0.7508,0.7277,0.7508,9834,0
20120126,0.7508,0.7508,0.7201,0.7201,29148,0
20120127,0.7048,0.7048,0.6817,0.6971,18730,0
20120131,0.7248,0.799,0.7248,0.799,8093,0
20120201,0.7277,0.7659,0.7277,0.7586,51036,0
20120202,0.7586,0.7586,0.7429,0.7586,5087,0
20120203,0.7586,0.7586,0.7277,0.7508,10713,0
20120206,0.7659,0.812,0.7659,0.7965,78253,0
20120207,0.7965,0.7965,0.7891,0.7891,17453,0
20120208,0.7891,0.7891,0.7813,0.7813,19074,0
20120209,0.7736,0.7891,0.7736,0.7891,10394,0
20120210,0.812,0.812,0.7891,0.812,67429,0
20120213,0.8043,0.8043,0.7965,0.7965,14072,0
20120214,0.8273,0.8273,0.7891,0.7965,69556,0
20120215,0.8043,0.8349,0.8043,0.8273,27808,0
20120216,0.8273,0.8273,0.7659,0.812,11426,0
20120217,0.812,0.812,0.812,0.812,431,0
20120220,0.7965,0.812,0.7965,0.812,14425,0
20120221,0.812,0.8349,0.7965,0.8349,6921,0
20120222,0.7891,0.8043,0.7891,0.8043,3502,0
20120223,0.8273,0.8349,0.8273,0.8349,13054,0
20120224,0.8197,0.8273,0.8197,0.8273,11931,0
20120227,0.812,0.812,0.812,0.812,13054,0
20120228,0.812,0.812,0.812,0.812,611,0
20120229,0.8154,0.8154,0.8072,0.8072,9466,0
20120302,0.8043,0.8043,0.7659,0.7659,62449,0
20120305,0.7659,0.7659,0.7659,0.7659,782,0
20120306,0.7965,0.7965,0.7965,0.7965,131,0
20120307,0.7813,0.8043,0.7508,0.8043,28230,0
20120308,0.7659,0.7659,0.7659,0.7659,7833,0
20120309,0.7736,0.8043,0.7508,0.8043,12204,0
20120312,0.7586,0.8043,0.7586,0.8043,4974,0
20120313,0.8043,0.8043,0.8043,0.8043,5222,0
20120315,0.7891,0.812,0.7813,0.8043,9790,0
20120316,0.8349,0.8427,0.8043,0.8043,22247,0
20120319,0.8273,0.8273,0.8273,0.8273,12,0
20120320,0.8273,0.8273,0.8273,0.8273,6023,0
20120321,0.8349,0.8427,0.8273,0.8273,11488,0
20120322,0.812,0.8349,0.7891,0.8349,17847,0
20120323,0.8349,0.8503,0.8043,0.8427,26814,0
20120326,0.8655,0.9958,0.8655,0.8809,56521,0
20120327,0.9346,0.9346,0.9269,0.9269,1554,0
20120328,0.9346,1.0265,0.9346,0.9958,41199,0
20120329,0.9652,0.9729,0.9193,0.9729,8043,0
20120330,1.005,1.0297,0.9638,1.0131,45939,0
20120402,1.0113,1.08,1.0113,1.08,63235,0
20120403,1.1107,1.149,1.0571,1.1107,21525,0
20120404,1.126,1.126,1.0879,1.1031,7192,0
20120405,1.0879,1.1107,1.0879,1.1031,10775,0
20120410,1.08,1.126,1.08,1.1107,27308,0
20120411,1.0879,1.1185,1.0648,1.1185,18275,0
20120412,1.1107,1.149,1.1107,1.1185,11905,0
20120413,1.1185,1.1185,1.1185,1.1185,3534,0
20120416,1.1107,1.126,1.1107,1.126,2160,0
20120417,1.1367,1.1451,1.1367,1.1451,4177,0
20120418,1.2102,1.2332,1.172,1.172,49608,0
20120419,1.172,1.287,1.172,1.218,27403,0
20120420,1.218,1.3098,1.218,1.2257,64973,0
20120423,1.2257,1.2257,1.1107,1.1414,22530,0
20120424,1.149,1.149,1.126,1.149,5168,0
20120425,1.149,1.149,1.149,1.149,1438,0
20120426,1.149,1.149,1.1107,1.1107,14123,0
20120427,1.1107,1.149,1.1107,1.149,3743,0
20120430,1.1451,1.1451,1.1367,1.1451,32490,0
20120502,1.149,1.149,1.1336,1.149,15404,0
20120504,1.149,1.149,1.1031,1.1414,20899,0
20120508,1.172,1.172,1.0954,1.1567,15017,0
20120509,1.1451,1.1451,1.1451,1.1451,1703,0
20120510,1.1451,1.1451,1.1451,1.1451,1,0
20120511,1.1202,1.1202,1.1039,1.112,13114,0
20120514,1.1567,1.1567,1.1567,1.1567,12,0
20120515,1.149,1.1567,1.1414,1.1567,7887,0
20120516,1.1567,1.1567,1.1107,1.1567,7747,0
20120517,1.1797,1.1797,1.1107,1.149,18823,0
20120518,1.1862,1.1862,1.1451,1.1862,82,0
20120521,1.1697,1.1862,1.1451,1.1862,16874,0
20120522,1.1697,1.2439,1.1697,1.2439,2290,0
20120523,1.2026,1.2026,1.2026,1.2026,4360,0
20120525,1.2026,1.2108,1.1697,1.2026,2626,0
20120528,1.1945,1.2026,1.1945,1.2026,9778,0
20120529,1.2273,1.2439,1.2273,1.2273,2359,0
20120530,1.2273,1.2851,1.2273,1.2851,3548,0
20120531,1.2851,1.4252,1.2851,1.4004,14274,0
20120601,1.4004,1.4004,1.3015,1.3591,29102,0
20120604,1.3346,1.3346,1.2439,1.3015,3495,0
20120605,1.2768,1.2768,1.2355,1.2355,5247,0
20120606,1.2355,1.3591,1.2355,1.3591,8135,0
20120608,1.2026,1.3428,1.1945,1.3428,918,0
20120611,1.3346,1.3591,1.2933,1.3015,12031,0
20120612,1.2768,1.3839,1.2768,1.3839,20138,0
20120614,1.3756,1.3756,1.2768,1.3428,12844,0
20120615,1.2851,1.2851,1.2355,1.2687,17130,0
20120618,1.3096,1.3096,1.2355,1.2768,19808,0
20120619,1.2768,1.2933,1.2768,1.2851,3534,0
20120620,1.2851,1.2933,1.2439,1.2933,8329,0
20120625,1.2523,1.318,1.2439,1.318,11124,0
20120626,1.3015,1.4004,1.3015,1.4004,12124,0
20120627,1.3756,1.3839,1.3428,1.3428,11412,0
20120628,1.3839,1.3839,1.3839,1.3839,11,0
20120629,1.3756,1.3756,1.3756,1.3756,608,0
20120702,1.3591,1.3756,1.3346,1.3756,6163,0
20120703,1.3591,1.4745,1.3591,1.4498,7228,0
20120704,1.4498,1.4498,1.4416,1.4416,845,0
20120705,1.4416,1.5405,1.4004,1.4662,32404,0
20120706,1.4662,1.524,1.4662,1.524,15993,0
20120709,1.5568,1.6062,1.524,1.524,10890,0
20120710,1.5157,1.5405,1.4498,1.5075,5242,0
20120711,1.4992,1.524,1.4992,1.524,6070,0
20120712,1.4826,1.4826,1.4826,1.4826,4738,0
20120713,1.4745,1.4826,1.4745,1.4745,4915,0
20120716,1.4745,1.4826,1.4745,1.4826,1502,0
20120717,1.4826,1.5488,1.4662,1.4662,10101,0
20120718,1.4662,1.5323,1.4662,1.5323,689,0
20120719,1.4909,1.5157,1.4909,1.5157,3598,0
20120720,1.5157,1.5651,1.5157,1.5488,2151,0
20120723,1.5323,1.5488,1.4992,1.5488,14017,0
20120724,1.5075,1.5488,1.4826,1.5488,6082,0
20120725,1.5488,1.5488,1.4826,1.4826,9008,0
20120726,1.4826,1.5157,1.4416,1.5157,2581,0
20120727,1.4745,1.5323,1.4498,1.4826,5476,0
20120730,1.524,1.524,1.4826,1.4826,1008,0
20120731,1.5157,1.5157,1.4826,1.4826,1033,0
20120801,1.524,1.524,1.4745,1.524,7821,0
20120802,1.524,1.524,1.4992,1.5157,12048,0
20120803,1.5157,1.5157,1.4992,1.5157,923,0
20120806,1.5157,1.5157,1.5157,1.5157,8337,0
20120807,1.4992,1.5157,1.4992,1.5157,8363,0
20120808,1.5157,1.5157,1.5157,1.5157,4290,0
20120809,1.5157,1.6969,1.5157,1.6969,32406,0
20120810,1.6556,1.8781,1.6556,1.8534,33554,0
20120813,1.8616,2.0348,1.7298,1.8534,24382,0
20120814,1.9111,1.9192,1.9111,1.9111,1948,0
20120816,1.8864,1.8947,1.8534,1.8947,6743,0
20120817,1.9277,1.9688,1.9277,1.9688,3449,0
20120820,1.9688,1.9688,1.8864,1.8864,1881,0
20120821,1.8947,1.8947,1.8947,1.8947,305,0
20120822,1.9605,1.9605,1.9359,1.9359,1371,0
20120823,1.9359,1.9769,1.8947,1.9688,7192,0
20120824,1.9688,1.9688,1.9688,1.9688,522,0
20120828,1.9688,1.9688,1.9688,1.9688,2,0
20120829,1.9688,1.9688,1.8947,1.9688,418,0
20120830,1.9688,2.1006,1.9688,2.0593,29368,0
20120831,2.1171,2.2159,2.109,2.183,8885,0
20120903,2.1417,2.1417,2.0512,2.1336,9937,0
20120904,2.1336,2.1417,2.0183,2.1336,7575,0
20120905,2.1171,2.1336,2.0593,2.0923,5391,0
20120906,2.0183,2.0593,1.9192,2.0593,22607,0
20120907,2.0183,2.0593,2.0183,2.0183,15451,0
20120910,2.0016,2.0593,2.0016,2.0593,7510,0
20120911,2.0512,2.0593,2.0183,2.0512,14961,0
20120912,1.9769,2.0183,1.9769,2.0183,782,0
20120913,2.0593,2.0593,2.0512,2.0512,2,0
20120914,2.0593,2.0593,2.0183,2.0593,11190,0
20120917,2.0675,2.0923,2.0183,2.0183,14589,0
20120918,2.0183,2.0758,1.9769,1.9769,9508,0
20120919,1.9769,1.9769,1.7711,1.9605,20669,0
20120920,1.9605,1.9605,1.9605,1.9605,161,0
20120921,1.8369,1.9605,1.8039,1.9605,7878,0
20120925,1.9359,1.9359,1.9359,1.9359,680,0
20120926,1.9027,1.9027,1.8039,1.8781,8497,0
20120927,1.8453,1.8699,1.8123,1.8699,1704,0
20120928,1.8543,1.8803,1.8543,1.8803,1719,0
20121003,1.8534,1.8534,1.7793,1.8534,477,0
20121004,1.8534,1.9359,1.8534,1.8534,2031,0
20121005,1.9769,2.0183,1.8947,1.9934,36958,0
20121008,1.9769,2.01,1.9605,2.01,5519,0
20121009,2.0265,2.0265,1.8947,1.9359,9181,0
20121010,1.9359,1.9523,1.8947,1.9523,1382,0
20121011,1.9523,1.9605,1.8947,1.9605,1314,0
20121012,1.9605,2.0593,1.9523,1.9769,9443,0
20121015,1.9769,1.9769,1.9523,1.9688,8968,0
20121016,1.9688,1.9769,1.9688,1.9769,8727,0
20121017,1.9441,1.9441,1.8534,1.8947,22529,0
20121018,1.9769,1.9769,1.8864,1.9605,4639,0
20121019,1.9769,1.9769,1.9688,1.9688,819,0
20121022,1.9769,1.9769,1.8947,1.9359,3111,0
20121023,1.9769,1.9769,1.8699,1.9277,4205,0
20121024,1.9277,1.9277,1.8287,1.9111,2513,0
20121025,1.9111,1.9111,1.9111,1.9111,1,0
20121026,1.9111,1.9111,1.9111,1.9111,2,0
20121029,1.9111,1.9111,1.9111,1.9111,972,0
20121030,1.8947,1.9111,1.8039,1.9111,5743,0
20121031,1.9111,1.9111,1.9027,1.9027,245,0
20121102,1.8534,1.8947,1.8453,1.8947,9142,0
20121105,1.8947,1.8947,1.8123,1.8534,9210,0
20121106,1.8534,1.8534,1.8123,1.8534,4340,0
20121107,1.8534,1.8534,1.8123,1.8534,5126,0
20121108,1.8534,1.8534,1.7875,1.8534,7654,0
20121109,1.8534,1.9277,1.8534,1.8947,5217,0
20121112,1.9277,1.9277,1.8616,1.9192,1161,0
20121113,1.9277,1.9605,1.8616,1.9523,55425,0
20121114,1.9523,1.9523,1.8287,1.9441,5587,0
20121115,1.8205,1.9359,1.8205,1.9359,1227,0
20121116,1.8947,1.9441,1.8947,1.9441,1227,0
20121119,1.8947,1.8947,1.8534,1.8864,5824,0
20121120,1.8534,1.8534,1.8123,1.8369,12985,0
20121121,1.8123,1.8123,1.6888,1.7875,17364,0
20121122,1.7464,1.7464,1.7464,1.7464,1329,0
20121123,1.7298,1.8123,1.7298,1.8123,21329,0
20121126,1.8123,1.8123,1.8123,1.8123,122,0
20121127,1.8123,1.8123,1.7134,1.8039,1285,0
20121128,1.7958,1.7958,1.7298,1.7875,18814,0
20121129,1.7958,1.7958,1.7298,1.7298,1228,0
20121130,1.7958,1.8699,1.7958,1.8699,30325,0
20121203,1.8534,1.8534,1.8453,1.8453,2,0
20121204,1.8534,1.8534,1.7629,1.8534,51882,0
20121205,1.8453,1.8534,1.8453,1.8534,1217,0
20121206,1.7875,1.8699,1.7875,1.8699,618,0
20121207,1.8123,1.8699,1.8123,1.8699,8450,0
20121210,1.8864,1.9605,1.8699,1.9359,31158,0
20121211,1.9359,1.9441,1.9359,1.9441,1227,0
20121212,1.9441,1.9441,1.9192,1.9441,827,0
20121213,1.9441,1.9441,1.9359,1.9441,5432,0
20121214,1.9441,1.9441,1.8947,1.9441,7842,0
20121217,1.9359,1.9359,1.8534,1.8534,12710,0
20121218,1.8287,1.8534,1.8287,1.8534,38039,0
20121219,1.8616,1.9441,1.8616,1.9441,30491,0
20121220,1.8947,1.9359,1.8947,1.9192,46431,0
20121221,1.9192,1.9441,1.9111,1.9192,36048,0
20121227,1.9688,2.0758,1.9688,2.0758,79738,0
20121228,2.0923,2.1417,2.0593,2.1254,18784,0
20130102,2.1006,2.1581,2.1006,2.1581,4044,0
20130103,2.1581,2.1581,2.1254,2.1581,23656,0
20130104,2.1746,2.1746,2.1664,2.1664,1798,0
20130107,2.1417,2.2159,2.0675,2.183,22460,0
20130108,2.1746,2.183,2.1006,2.1006,13570,0
20130109,2.109,2.2736,2.109,2.2653,13292,0
20130110,2.2653,2.2653,2.1581,2.1581,1215,0
20130111,2.2241,2.2982,2.1581,2.2899,51438,0
20130114,2.2899,2.2899,2.1664,2.2653,1715,0
20130115,2.2406,2.2406,2.1581,2.2241,4513,0
20130116,2.2241,2.2241,2.2241,2.2241,2,0
20130117,2.2241,2.2241,2.1417,2.2241,2717,0
20130118,2.2241,2.2324,2.2241,2.2241,2782,0
20130121,2.2324,2.3312,2.2324,2.3312,13559,0
20130122,2.3065,2.3807,2.3065,2.3807,1577,0
20130123,2.3807,2.3807,2.3807,2.3807,425,0
20130124,2.3477,2.3477,2.3065,2.3148,912,0
20130125,2.3477,2.3477,2.3065,2.3065,2429,0
20130128,2.356,2.356,2.356,2.356,609,0
20130129,2.3807,2.3807,2.3065,2.356,5466,0
20130130,2.356,2.3807,2.3148,2.3724,3157,0
20130131,2.3477,2.3477,2.3477,2.3477,36,0
20130201,2.3477,2.3477,2.3477,2.3477,2,0
20130204,2.3477,2.3477,2.3477,2.3477,178,0
20130205,2.3477,2.3477,2.3477,2.3477,333,0
20130206,2.2736,2.3477,2.2736,2.3477,6069,0
20130207,2.3477,2.3477,2.3477,2.3477,2,0
20130208,2.2736,2.3477,2.2736,2.3477,6168,0
20130211,2.3477,2.3477,2.3477,2.3477,2,0
20130212,2.3477,2.3477,2.3477,2.3477,2122,0
20130213,2.3724,2.5535,2.3724,2.5371,8425,0
20130214,2.5124,2.5124,2.4383,2.5124,1453,0
20130215,2.4383,2.5124,2.4383,2.5124,1045,0
20130218,2.5124,2.5124,2.4713,2.4713,4250,0
20130219,2.5124,2.5124,2.4383,2.4713,1823,0
20130220,2.4876,2.5041,2.4218,2.43,11380,0
20130221,2.4054,2.4713,2.3971,2.4713,2417,0
20130222,2.4054,2.4054,2.3477,2.3889,10343,0
20130225,2.4713,2.4713,2.4713,2.4713,1496,0
20130226,2.4713,2.4713,2.4713,2.4713,1,0
20130227,2.4054,2.4795,2.4054,2.4713,3130,0
20130228,2.4695,2.4695,2.4695,2.4695,162,0
20130301,2.4713,2.4713,2.4713,2.4713,31,0
20130304,2.43,2.43,2.43,2.43,121,0
20130305,2.3915,2.3915,2.3915,2.3915,91,0
20130306,2.4261,2.4608,2.4261,2.4521,7480,0
20130307,2.4521,2.5908,2.4521,2.5908,9870,0
20130308,2.5864,2.636,2.5864,2.5948,15850,0
20130311,2.5948,2.6114,2.5948,2.6114,8580,0
20130312,2.6442,2.8173,2.6442,2.8007,48681,0
20130313,2.8007,2.8007,2.8007,2.8007,912,0
20130314,2.8007,2.8007,2.7678,2.8007,3582,0
20130315,2.7987,2.7987,2.7555,2.7814,4142,0
20130318,2.8173,2.8173,2.7595,2.8007,3883,0
20130319,2.8007,2.8007,2.8007,2.8007,12,0
20130320,2.8007,2.8173,2.8007,2.8173,3573,0
20130321,2.8173,2.9242,2.8007,2.8831,19501,0
20130322,2.9114,2.9114,2.842,2.9114,5715,0
20130325,2.9078,2.9242,2.8831,2.8831,31307,0
20130326,2.9161,2.9324,2.9161,2.9242,21339,0
20130327,2.9287,2.9287,2.9114,2.9114,28630,0
20130328,2.9161,2.9242,2.9161,2.9242,39084,0
20130402,2.92,3.0326,2.92,3.0326,38215,0
20130403,3.0326,3.0326,3.0066,3.0153,2062,0
20130404,3.0326,3.0326,3.0153,3.0153,6404,0
20130405,3.05,3.05,3.0326,3.0326,673,0
20130408,3.0413,3.05,3.0326,3.05,6592,0
20130409,3.05,3.05,2.8853,3.0066,2761,0
20130410,3.05,3.1974,3.0413,3.1974,9820,0
20130411,3.1887,3.1887,3.1627,3.1887,575,0
20130412,3.1887,3.3272,3.1193,3.2233,4207,0
20130415,3.2407,3.2407,3.1193,3.1193,4396,0
20130417,3.0413,3.0413,3.0413,3.0413,12934,0
20130418,3.102,3.102,3.0239,3.076,10314,0
20130419,3.0413,3.0413,3.0413,3.0413,23404,0
20130422,3.0413,3.076,3.0413,3.076,811,0
20130423,2.9893,2.9893,2.9807,2.9893,6924,0
20130424,3.0326,3.0326,3.0326,3.0326,1113,0
20130425,3.0673,3.1539,3.0673,3.1193,17839,0
20130426,3.1627,3.1627,3.0848,3.0848,3327,0
20130429,3.1366,3.1974,3.0848,3.1974,19484,0
20130430,3.1799,3.1799,3.1193,3.1799,1193,0
20130502,3.1193,3.1193,3.1193,3.1193,4040,0
20130506,3.1193,3.1193,3.1193,3.1193,577,0
20130507,3.1539,3.1539,3.1539,3.1539,4097,0
20130508,3.1627,3.1799,3.1279,3.1799,837,0
20130509,3.1799,3.1799,3.1279,3.1279,3392,0
20130510,3.1799,3.1799,3.1713,3.1799,5805,0
20130513,3.1627,3.1627,3.1627,3.1627,288,0
20130515,3.1193,3.1799,3.1193,3.1799,18925,0
20130516,3.1627,3.1799,3.1627,3.1627,11706,0
20130517,3.1627,3.1974,3.1627,3.1974,7063,0
20130520,3.1974,3.1974,3.1799,3.1799,3100,0
20130521,3.1974,3.1974,3.1799,3.1799,3289,0
20130522,3.1974,3.1974,3.1799,3.1799,8955,0
20130524,3.1279,3.1887,3.1279,3.1799,89511,0
20130527,3.1799,3.1799,3.0326,3.1366,1285,0
20130528,3.1366,3.1366,3.1366,3.1366,1,0
20130604,3.1193,3.1366,3.1193,3.1366,945,0
20130605,3.0326,3.1366,3.0326,3.1366,670,0
20130606,3.1193,3.1539,3.102,3.102,4350,0
20130607,3.1193,3.1539,3.1193,3.1539,484,0
20130610,3.1539,3.1799,3.1539,3.1799,4502,0
20130611,3.1539,3.1539,3.1453,3.1453,2423,0
20130612,3.1193,3.1887,3.1193,3.1627,650,0
20130613,3.1627,3.1627,3.1279,3.1279,17919,0
20130614,3.1887,3.2667,3.1799,3.2667,47215,0
20130617,3.2407,3.2407,3.2407,3.2407,1316,0
20130620,3.206,3.2147,3.206,3.2147,1384,0
20130621,3.1627,3.1627,3.1193,3.1193,3145,0
20130624,3.1974,3.1974,3.1974,3.1974,323,0
20130625,3.1887,3.2147,3.1887,3.1974,4382,0
20130626,3.206,3.2233,3.206,3.2233,8909,0
20130627,3.2233,3.2667,3.1974,3.1974,14026,0
20130628,3.2667,3.2667,3.2667,3.2667,2,0
20130701,3.2233,3.2233,3.206,3.2233,1226,0
20130702,3.2233,3.2233,3.0848,3.0848,5223,0
20130703,3.118,3.118,3.0828,3.118,14877,0
20130704,3.2233,3.2233,3.1627,3.1627,231,0
20130705,3.0413,3.0413,2.7728,2.8853,22437,0
20130708,2.9547,2.9547,2.8853,2.9547,1448,0
20130709,2.9461,2.9461,2.6168,2.7294,6096,0
20130710,2.7294,2.7294,2.6687,2.7294,4997,0
20130711,2.66,2.66,2.5127,2.5994,7815,0
20130712,2.5994,2.66,2.5994,2.5994,12229,0
20130715,2.6255,2.6255,2.5994,2.6255,2315,0
20130716,2.6514,2.6514,2.3393,2.4088,30814,0
20130717,2.4134,2.5103,2.4134,2.4927,4782,0
20130718,2.504,2.504,2.3482,2.4001,2486,0
20130719,2.4088,2.6342,2.3915,2.3915,11377,0
20130722,2.5215,2.5908,2.5215,2.5908,2729,0
20130723,2.5561,2.7902,2.5561,2.7902,5828,0
20130724,2.6774,2.7902,2.6774,2.7902,827,0
20130725,2.6687,2.7902,2.66,2.66,1160,0
20130726,2.66,2.66,2.6081,2.6514,8506,0
20130729,2.6774,2.7034,2.6081,2.6081,1737,0
20130730,2.7034,2.7122,2.7034,2.7122,579,0
20130731,2.7122,2.7122,2.7122,2.7122,578,0
20130801,2.713,2.713,2.713,2.713,230,0
20130802,2.7122,3.102,2.7122,3.0326,1079,0
20130805,2.8073,2.8506,2.7294,2.8506,2146,0
20130806,2.7746,2.7746,2.6864,2.7746,1973,0
20130808,2.8332,2.8332,2.6427,2.6427,2920,0
20130809,2.5994,2.5994,2.5648,2.5648,2447,0
20130812,2.686,2.686,2.686,2.686,2781,0
20130814,2.7469,2.7469,2.7469,2.7469,312,0
20130819,2.66,2.6687,2.5127,2.6255,8329,0
20130820,2.5984,2.5984,2.5984,2.5984,578,0
20130821,2.5994,2.5994,2.504,2.5127,2522,0
20130822,2.5215,2.5215,2.4261,2.4435,7723,0
20130823,2.4399,2.4399,2.4399,2.4399,703,0
20130826,2.4435,2.4435,2.4435,2.4435,1038,0
20130827,2.4664,2.4664,2.4223,2.4223,3532,0
20130829,2.4954,2.5474,2.4954,2.5474,1962,0
20130830,2.5474,2.7208,2.5474,2.6948,2771,0
20130902,2.686,2.686,2.686,2.686,1,0
20130903,2.6777,2.6777,2.6426,2.6426,808,0
20130904,2.6426,2.6426,2.6426,2.6426,1972,0
20130905,2.5984,2.5984,2.5984,2.5984,3197,0
20130906,2.5103,2.5456,2.4223,2.5456,4748,0
20130909,2.5456,2.5721,2.5456,2.5721,6752,0
20130910,2.5808,2.66,2.5808,2.66,1936,0
20130911,2.6864,2.7217,2.6864,2.7217,56410,0
20130912,2.7306,2.7306,2.7306,2.7306,795,0
20130916,2.6426,2.7306,2.6338,2.7306,1147,0
20130918,2.6864,2.6864,2.6338,2.6864,36818,0
20130920,2.6777,2.7306,2.6777,2.7306,3688,0
20130923,2.7306,2.7306,2.7306,2.7306,352,0
20130924,2.713,2.713,2.713,2.713,172,0
20130925,2.6338,2.6338,2.6338,2.6338,113,0
20130926,2.713,2.713,2.713,2.713,1,0
20130927,2.713,2.713,2.7042,2.7042,39291,0
20130930,2.7217,2.7217,2.7217,2.7217,1510,0
20131001,2.7306,2.7306,2.7306,2.7306,1625,0
20131002,2.8098,2.8098,2.8098,2.8098,24,0
20131003,2.8098,2.8098,2.8098,2.8098,1,0
20131004,2.7746,2.7746,2.6777,2.6777,1679,0
20131007,2.7306,2.7658,2.7306,2.7658,4213,0
20131008,2.7658,2.7658,2.7658,2.7658,1,0
20131009,2.7746,2.7746,2.6426,2.7658,1712,0
20131010,2.7658,2.8187,2.7658,2.8187,7147,0
20131011,2.8187,2.8626,2.8187,2.8626,9659,0
20131014,2.9067,3.1533,2.9067,3.1005,2031,0
20131015,3.0828,3.0828,3.0035,3.0653,2227,0
20131016,2.9947,2.9947,2.9684,2.9859,1520,0
20131017,2.9859,2.9859,2.9067,2.9067,2598,0
20131018,2.9067,2.9596,2.9067,2.9596,919,0
20131021,2.8714,2.8714,2.8187,2.8626,2025,0
20131022,2.8626,3.0388,2.7658,2.7658,3615,0
20131023,2.8187,2.8187,2.8187,2.8187,420,0
20131024,2.8187,2.8187,2.8187,2.8187,654,0
20131025,2.8187,2.9067,2.8187,2.9067,1123,0
20131028,2.9067,2.9067,2.9067,2.9067,1035,0
20131029,2.9067,2.9067,2.8187,2.8626,2762,0
20131030,2.9067,2.9067,2.8626,2.9067,1141,0
20131031,2.9067,2.9067,2.8187,2.9067,2528,0
20131104,2.8626,2.933,2.8626,2.9067,3160,0
20131105,2.942,2.9508,2.942,2.9508,2385,0
20131106,2.9508,2.9508,2.9508,2.9508,3678,0
20131107,2.9596,3.118,2.9596,3.118,5409,0
20131108,3.1533,3.1533,3.0388,3.0388,447,0
20131112,3.0212,3.0212,2.942,2.942,4826,0
20131113,2.8892,2.9947,2.8892,2.9947,877,0
20131114,3.0388,3.0388,3.0388,3.0388,3,0
20131115,3.0388,3.0828,3.0388,3.0828,1421,0
20131118,2.9947,3.074,2.9947,3.074,835,0
20131119,3.1269,3.1269,3.074,3.074,2,0
20131120,3.0828,3.0828,3.074,3.074,2,0
20131121,3.074,3.074,2.9772,2.9772,1185,0
20131122,3.0388,3.0388,2.933,2.9947,4344,0
20131125,2.9772,3.0388,2.9772,3.0388,1819,0
20131126,3.0388,3.0388,2.8892,3.0301,10057,0
20131129,2.9508,2.9508,2.9508,2.9508,341,0
20131202,2.8626,2.8626,2.8187,2.8187,1702,0
20131203,2.8626,2.9067,2.8362,2.8714,6709,0
20131204,2.8714,2.8714,2.8714,2.8714,249,0
20131205,2.8979,2.8979,2.8626,2.8626,1760,0
20131206,2.8892,2.8892,2.8626,2.8626,2357,0
20131209,2.8626,2.9067,2.8626,2.9067,1153,0
20131211,2.9067,2.9859,2.9067,2.9859,2044,0
20131212,2.9859,2.9859,2.9772,2.9772,2441,0
20131213,2.9067,2.9243,2.9067,2.9243,569,0
20131216,2.9772,3.0212,2.9067,2.9508,9949,0
20131217,2.9067,2.9155,2.9067,2.9067,731,0
20131218,3.0388,3.0388,3.0388,3.0388,2,0
20131219,3.0388,3.0388,2.9067,2.9067,7162,0
20131220,2.933,2.933,2.9067,2.9067,962,0
20131223,2.8714,2.8714,2.8714,2.8714,113,0
20131227,2.9067,2.9067,2.8714,2.9067,1307,0
20131230,2.9067,2.9067,2.9067,2.9067,2269,0
20140102,3.0388,3.0388,3.0388,3.0388,1,0
20140103,3.0388,3.0388,2.9508,2.9947,1775,0
20140107,2.9947,3.0388,2.9947,3.0388,671,0
20140108,3.0388,3.0388,2.9508,3.0124,1379,0
20140109,3.0388,3.0388,2.9508,2.9508,3408,0
20140110,3.0388,3.0828,2.9596,3.0828,15674,0
20140113,3.0476,3.0828,3.0035,3.0035,20094,0
20140114,3.0828,3.1269,3.0564,3.1269,21355,0
20140115,3.1358,3.2151,3.1358,3.2151,10407,0
20140116,3.2151,3.4792,3.2151,3.4792,22734,0
20140117,3.4704,3.4792,3.3471,3.4,18087,0
20140120,3.3207,3.3647,3.3207,3.3647,2066,0
20140121,3.3207,3.4616,3.2591,3.3911,5568,0
20140122,3.3911,3.4616,3.3647,3.3647,102184,0
20140123,3.4616,3.4616,3.3471,3.3471,5944,0
20140124,3.4616,3.4616,3.3295,3.4616,730,0
20140127,3.4616,3.4616,3.3911,3.3911,189,0
20140128,3.3384,3.3911,3.3384,3.3911,2197,0
20140129,3.3911,3.3911,3.3911,3.3911,735,0
20140130,3.4616,3.4616,3.3911,3.4351,778,0
20140131,3.4351,3.4351,3.3558,3.4351,1531,0
20140203,3.4351,3.4351,3.4351,3.4351,1,0
20140204,3.3911,3.3911,3.3384,3.3384,1854,0
20140205,3.3471,3.3471,3.3471,3.3471,1238,0
20140206,3.4528,3.4528,3.4528,3.4528,1,0
20140207,3.4704,3.4704,3.3823,3.3823,1056,0
20140210,3.4351,3.4616,3.4351,3.4616,652,0
20140211,3.4616,3.4616,3.4616,3.4616,249,0
20140212,3.4704,3.488,3.4704,3.488,5857,0
20140213,3.3911,3.3911,3.3295,3.3295,5686,0
20140214,3.4704,3.4704,3.3032,3.3032,7226,0
20140217,3.3471,3.4351,3.3471,3.4263,4656,0
20140218,3.3032,3.4263,3.2591,3.4175,7663,0
20140219,3.4351,3.4351,3.4351,3.4351,7877,0
20140220,3.4351,3.4704,3.4351,3.4704,1615,0
20140221,3.4704,3.6995,3.4704,3.6995,55548,0
20140224,3.6995,3.9549,3.6995,3.9549,5330,0
20140225,3.9549,3.9549,3.9549,3.9549,749,0
20140226,3.9549,3.9549,3.8492,3.8492,358,0
20140227,3.8492,3.8492,3.8492,3.8492,1,0
20140228,3.8492,3.858,3.8492,3.858,51,0
20140303,3.77,3.77,3.6114,3.6555,5133,0
20140304,3.6467,3.6906,3.5055,3.5055,4173,0
20140305,3.6467,4.1398,3.6467,3.9461,13580,0
20140306,3.9636,4.1398,3.9636,4.1222,1822,0
20140307,4.1311,4.1398,4.1311,4.1311,1112,0
20140310,4.1311,4.4482,4.1222,4.2896,14527,0
20140311,4.2984,4.2984,4.2015,4.2015,1545,0
20140312,4.2015,4.2015,4.2015,4.2015,1148,0
20140313,3.9636,4.0694,3.9636,4.0606,1205,0
20140314,3.9636,3.9636,3.7875,3.8933,3293,0
20140317,3.9284,4.0254,3.9197,4.0254,4995,0
20140318,4.0254,4.0254,3.9636,3.9636,3174,0
20140319,3.9636,3.9636,3.8756,3.8756,681,0
20140320,3.8845,3.9021,3.8404,3.8404,3235,0
20140324,3.8404,3.8756,3.8404,3.8756,1248,0
20140325,3.8756,3.8756,3.8756,3.8756,913,0
20140326,3.8756,3.8756,3.8756,3.8756,1066,0
20140327,3.8756,3.8756,3.7435,3.858,1849,0
20140328,3.858,3.8756,3.8492,3.8756,2553,0
20140331,3.9197,4.4747,3.9197,4.4747,2680,0
20140401,4.7563,4.7563,4.36,4.4482,9309,0
20140402,4.4482,4.4482,4.4482,4.4482,510,0
20140403,4.316,4.3248,4.316,4.3248,1465,0
20140404,4.3248,4.4482,4.3248,4.4482,3490,0
20140407,4.3248,4.36,4.316,4.316,795,0
20140408,4.4129,4.4482,4.4042,4.4042,8443,0
20140409,4.4042,4.6243,4.4042,4.6243,12577,0
20140410,4.5275,4.5275,4.316,4.4042,12338,0
20140411,4.4042,4.4042,4.4042,4.4042,451,0
20140414,4.36,4.36,4.3248,4.3248,725,0
20140415,4.5098,4.8005,4.4129,4.5363,5210,0
20140416,4.5363,4.5363,4.4042,4.4042,335,0
20140417,4.3425,4.4042,4.3425,4.4042,352,0
20140422,4.4042,4.4923,4.3952,4.4923,6767,0
20140423,4.4394,4.4394,4.4042,4.4042,2464,0
20140424,4.6243,4.6243,4.4042,4.4042,800,0
20140429,4.4042,4.4129,4.3777,4.3777,1363,0
20140430,4.3777,4.4042,4.2808,4.4042,1020,0
20140502,4.4042,4.4042,4.4042,4.4042,11,0
20140505,4.4482,4.4482,4.4482,4.4482,567,0
20140506,4.5802,4.5802,4.4042,4.4482,2480,0
20140507,4.4482,4.4569,4.4482,4.4482,1839,0
20140508,4.4482,4.6243,4.4042,4.6243,2219,0
20140509,4.5802,4.5802,4.4042,4.5275,3460,0
20140512,4.5802,5.0647,4.4042,4.4129,7933,0
20140513,4.5363,4.5363,4.4129,4.4129,1957,0
20140514,4.4042,4.6155,4.4042,4.5802,3605,0
20140515,4.4923,4.6155,4.4923,4.6155,2902,0
20140516,4.7124,5.1,4.7124,5.0647,2617,0
20140519,5.056,5.056,4.7563,4.7563,1475,0
20140520,4.9943,4.9943,4.8005,4.8005,2458,0
20140521,4.9326,4.9326,4.9326,4.9326,61,0
20140522,4.9326,4.9326,4.9326,4.9326,171,0
20140523,4.9326,4.9326,4.7563,4.7563,3749,0
20140526,4.818,4.818,4.5802,4.6771,2521,0
20140527,4.7124,4.7124,4.4923,4.4923,3374,0
20140528,4.501,4.501,4.4042,4.4042,6379,0
20140529,4.4923,4.501,4.4923,4.501,2,0
20140530,4.4129,4.4923,4.4042,4.4923,809,0
20140602,4.4923,4.501,4.4923,4.501,2,0
20140603,4.4923,4.4923,4.4042,4.4042,37879,0
20140604,4.3952,4.4129,4.3952,4.3952,1019,0
20140605,4.4923,4.501,4.4042,4.501,20513,0
20140609,4.4923,4.6243,4.4923,4.6243,358,0
20140610,4.6243,4.7563,4.6243,4.7563,569,0
20140611,4.6243,4.7563,4.6243,4.7563,341,0
20140612,4.7124,4.7563,4.7124,4.7563,25,0
20140613,4.7563,4.7563,4.6682,4.7476,977,0
20140616,4.7567,5.1959,4.7567,5.0587,1852,0
20140617,5.0312,5.0587,5.0312,5.0587,2517,0
20140618,5.0403,5.269,5.0312,5.269,709,0
20140620,5.2599,5.2599,5.0312,5.0312,25254,0
20140623,5.0679,5.0679,4.7567,4.9764,2625,0
20140624,4.8025,4.8025,4.7567,4.8025,14443,0
20140625,4.8025,4.8025,4.8025,4.8025,1,0
20140626,4.8482,4.8482,4.8482,4.8482,223,0
20140627,4.8482,4.8482,4.8482,4.8482,179,0
20140630,4.894,5.2415,4.894,5.2415,810,0
20140701,4.9214,4.9214,4.711,4.711,1220,0
20140702,4.9397,4.9397,4.5739,4.5739,8429,0
20140703,4.5647,4.6653,4.5647,4.6653,1318,0
20140704,4.6744,4.711,4.6653,4.711,793,0
20140707,5.0312,5.3696,4.9397,4.9397,22061,0
20140708,5.1684,5.1867,4.9856,4.9856,7308,0
20140709,5.0312,5.0312,4.9397,4.9397,3463,0
20140710,5.0312,5.0312,4.894,4.894,11593,0
20140711,4.894,4.9032,4.894,4.894,1914,0
20140714,5.0587,5.0587,4.894,4.894,3175,0
20140715,4.8665,4.9397,4.8482,4.9397,13901,0
20140716,4.9397,4.9397,4.8482,4.8482,862,0
20140717,4.9397,4.9397,4.8208,4.8208,1284,0
20140718,4.9397,4.9397,4.7934,4.7934,1841,0
20140721,4.9123,4.9123,4.9123,4.9123,6,0
20140722,5.022,5.022,5.022,5.022,165,0
20140723,5.022,5.077,5.022,5.077,3265,0
20140724,5.1593,5.1593,4.9672,5.0587,276,0
20140725,5.0587,5.2049,5.0587,5.2049,1730,0
20140728,5.2141,5.2141,5.0312,5.0312,2261,0
20140729,5.0312,5.2141,5.0312,5.2141,1921,0
20140730,5.1684,5.2141,5.1684,5.2141,2733,0
20140731,5.0403,5.2141,5.0403,5.0403,2183,0
20140801,5.2049,5.2141,5.2049,5.2141,1376,0
20140804,5.2049,5.2049,5.1226,5.2049,729,0
20140805,5.2049,5.2049,5.1226,5.1959,857,0
20140806,5.1959,5.1959,5.0495,5.0495,197,0
20140807,5.0587,5.6625,5.0587,5.6625,7197,0
20140808,5.6533,5.6533,5.4703,5.5618,1674,0
20140811,5.5618,5.763,5.3057,5.3057,6710,0
20140812,5.5618,5.9002,5.5618,5.6625,724,0
20140813,5.6899,5.9002,5.4428,5.4428,2243,0
20140814,5.4886,5.4886,5.269,5.4703,4253,0
20140818,5.4886,5.5343,5.2599,5.3788,8136,0
20140819,5.3879,5.3879,5.3879,5.3879,548,0
20140820,5.3514,5.3879,5.3514,5.3879,60,0
20140821,5.3879,5.3879,5.3879,5.3879,715,0
20140822,5.4886,5.4886,5.3879,5.3879,197,0
20140825,5.4978,5.507,5.4796,5.4886,2323,0
20140826,5.5343,5.5343,5.2599,5.3057,3777,0
20140827,5.4978,5.4978,5.333,5.333,3901,0
20140828,5.3422,5.3422,5.3422,5.3422,1,0
20140829,5.3422,5.3422,5.3422,5.3422,108,0
20140901,5.141,5.4428,5.141,5.3514,94474,0
20140902,5.4886,5.4886,5.3604,5.3604,113,0
20140903,5.7539,5.7539,5.5343,5.5343,166,0
20140904,5.5801,5.7447,5.4886,5.4886,12210,0
20140905,5.5251,5.6258,5.5251,5.6166,2799,0
20140908,5.6166,5.7539,5.4886,5.4886,11462,0
20140909,5.6166,5.6166,5.6166,5.6166,1,0
20140910,5.6166,5.6166,5.4886,5.5801,2190,0
20140911,5.6166,5.6166,5.5985,5.5985,885,0
20140912,5.5985,5.6166,5.5985,5.6166,2382,0
20140915,5.6258,5.6808,5.6258,5.6441,1122,0
20140916,5.6441,5.6441,5.6441,5.6441,469,0
20140917,5.6441,5.6441,5.4886,5.4886,8246,0
20140918,5.4337,5.4886,5.4337,5.4337,1691,0
20140919,5.6441,5.6441,5.4703,5.4703,6560,0
20140922,5.4886,5.5343,5.3972,5.4886,7391,0
20140923,5.5801,5.5801,5.4886,5.4886,536,0
20140924,5.4886,5.4886,5.2781,5.3057,6345,0
20140925,5.3057,5.3057,5.3057,5.3057,2270,0
20140929,5.3972,5.4337,5.3972,5.4337,14609,0
20140930,5.3972,5.4337,5.3514,5.4337,14003,0
20141001,5.4428,5.4428,5.4428,5.4428,162,0
20141002,5.3972,5.5251,5.3514,5.5251,832,0
20141006,5.4428,5.4428,5.3057,5.3514,1337,0
20141007,5.4886,5.4886,5.4886,5.4886,166,0
20141008,5.3972,5.3972,4.8482,5.141,17377,0
20141009,5.4886,5.4886,4.9397,5.022,16295,0
20141010,5.077,5.2141,5.077,5.2141,1313,0
20141013,5.2049,5.4886,5.2049,5.4886,1526,0
20141014,5.4886,5.4886,5.0312,5.1226,2670,0
20141015,5.1684,5.3972,4.8482,5.3972,14578,0
20141016,5.077,5.2781,5.0312,5.0312,3340,0
20141017,5.1684,5.1684,5.1684,5.1684,274,0
20141020,4.9489,5.3879,4.9397,5.3879,819,0
20141021,5.1684,5.1684,5.0312,5.0312,2140,0
20141022,4.9946,5.1226,4.9397,4.9856,5011,0
20141023,5.0312,5.1045,4.958,5.1045,6120,0
20141024,4.9856,4.9856,4.9397,4.9856,6900,0
20141027,4.9397,4.9397,4.4824,4.8482,22336,0
20141028,4.8482,4.8482,4.5739,4.5739,10621,0
20141029,4.5739,4.5831,4.5281,4.5739,8576,0
20141030,4.5739,4.6561,4.5281,4.5281,26001,0
20141031,4.5281,4.711,4.5281,4.711,1233,0
20141103,4.711,4.8482,4.6105,4.6286,11426,0
20141104,4.8482,4.8482,4.7567,4.7567,940,0
20141105,4.7659,4.7659,4.7659,4.7659,1,0
20141106,4.7476,4.7476,4.7476,4.7476,327,0
20141107,4.7385,4.7385,4.7385,4.7385,108,0
20141110,4.7659,4.8025,4.5189,4.6653,5610,0
20141112,4.6653,4.6653,4.6653,4.6653,152,0
20141113,4.8025,4.894,4.8025,4.894,1202,0
20141114,4.894,5.0312,4.7201,5.022,3308,0
20141117,5.022,5.1684,4.7567,4.7567,4514,0
20141118,4.8482,4.9764,4.5739,4.5739,12940,0
20141119,4.5739,4.6196,4.5281,4.5739,7688,0
20141120,4.5739,4.6378,4.4824,4.6378,8425,0
20141121,4.6653,4.894,4.5739,4.5739,9738,0
20141124,4.5739,4.5739,4.345,4.5739,17939,0
20141125,4.5281,4.7385,4.5281,4.6196,7723,0
20141126,4.7476,4.9397,4.6653,4.9397,1338,0
20141127,4.9397,5.0603,4.912,5.0603,474,0
20141128,5.0972,5.0972,4.6431,4.912,1302,0
20141201,4.6803,4.6803,4.6431,4.6431,2677,0
20141202,4.7266,4.7266,4.5876,4.6339,8370,0
20141203,4.6524,4.6524,4.5227,4.5227,10490,0
20141204,4.5783,4.5876,4.5783,4.5876,2011,0
20141205,4.6339,4.6339,4.5411,4.6339,7232,0
20141208,4.6803,4.6803,4.4763,4.5411,3430,0
20141209,4.5411,4.569,4.4577,4.5411,3431,0
20141210,4.5411,4.5411,4.3095,4.4856,26628,0
20141211,4.3651,4.5227,4.3651,4.5227,1720,0
20141212,4.4949,4.6339,4.4022,4.6339,8136,0
20141215,4.6711,4.6711,4.4949,4.6339,4333,0
20141216,4.6711,4.6711,4.5041,4.5041,3279,0
20141217,4.5134,4.5876,4.5134,4.5227,3014,0
20141218,4.5411,4.6153,4.5227,4.5227,16034,0
20141219,4.6339,4.7173,4.5134,4.7173,1145,0
20141222,4.6339,4.7451,4.6339,4.6339,1241,0
20141223,4.6339,4.6339,4.5411,4.5876,3194,0
20141229,4.5876,4.7266,4.1704,4.7266,8142,0
20141230,4.7266,4.7266,4.6339,4.6803,994,0
20150102,4.6803,4.7266,4.6803,4.7266,4715,0
20150105,4.8656,4.9027,4.6339,4.7636,10233,0
20150107,4.7451,4.81,4.6711,4.81,2019,0
20150108,4.7266,4.81,4.6803,4.81,2091,0
20150109,4.7451,4.81,4.7359,4.81,1088,0
20150112,4.81,4.81,4.6803,4.7729,4011,0
20150113,4.7359,4.7359,4.6339,4.6339,2061,0
20150114,4.6803,4.6895,4.6803,4.6803,4259,0
20150116,4.6803,4.6803,4.6711,4.6711,364,0
20150119,4.6617,4.7266,4.6617,4.7266,1564,0
20150120,4.7266,4.7729,4.7173,4.7173,643,0
20150121,4.6803,4.7544,4.6803,4.7544,1220,0
20150122,4.7544,4.7544,4.7544,4.7544,2224,0
20150123,4.7544,4.7729,4.7266,4.7729,2391,0
20150126,4.7729,4.7729,4.6803,4.6803,1478,0
20150127,4.6339,4.6803,4.5411,4.6617,1651,0
20150128,4.6617,4.6617,4.6617,4.6617,605,0
20150129,4.6339,4.6617,4.6339,4.6431,864,0
20150130,4.6617,4.6617,4.6617,4.6617,2482,0
20150202,4.6711,4.6711,4.4486,4.4486,4342,0
20150203,4.5411,4.5411,4.4486,4.5411,2181,0
20150204,4.5411,4.6988,4.5411,4.6988,581,0
20150205,4.6153,4.7173,4.5783,4.7173,4040,0
20150206,4.708,4.708,4.5876,4.6711,924,0
20150209,4.6711,4.6711,4.6617,4.6711,217,0
20150210,4.6711,4.6711,4.4763,4.6711,1787,0
20150211,4.6617,4.6617,4.6524,4.6617,1034,0
20150212,4.6524,4.6524,4.532,4.6246,1720,0
20150213,4.6246,4.6339,4.6246,4.6339,1123,0
20150216,4.3837,4.5876,4.2353,4.532,8244,0
20150217,4.5227,4.5227,4.4577,4.5227,1679,0
20150218,4.5411,4.6153,4.4208,4.5041,18016,0
20150219,4.5411,4.5411,4.4022,4.532,2334,0
20150220,4.532,4.6153,4.4115,4.6153,3447,0
20150223,4.6339,4.6339,4.4208,4.6246,5535,0
20150224,4.6246,4.6246,4.4949,4.6246,1361,0
20150225,4.5411,4.5411,4.4022,4.4022,4188,0
20150226,4.4208,4.4208,4.328,4.3559,3791,0
20150227,4.4022,4.4022,4.2724,4.3745,6152,0
20150302,4.4022,4.4022,4.2353,4.3745,1781,0
20150303,4.4022,4.4022,4.291,4.3745,10041,0
20150304,4.3745,4.3745,4.1798,4.3559,1535,0
20150305,4.3559,4.3559,4.226,4.328,664,0
20150306,4.3466,4.4022,4.3373,4.4022,4564,0
20150309,4.4022,4.4022,4.4022,4.4022,3383,0
20150310,4.4856,4.4856,4.4486,4.4669,2695,0
20150311,4.4856,4.4856,4.4486,4.4486,1100,0
20150312,4.4856,4.4856,4.4022,4.4022,1497,0
20150313,4.4486,4.4486,4.4486,4.4486,487,0
20150316,4.4949,4.4949,4.2353,4.4393,8882,0
20150317,4.4856,4.4856,4.4856,4.4856,1,0
20150318,4.4022,4.4022,4.4022,4.4022,217,0
20150319,4.1704,4.2631,3.9852,3.9852,12019,0
20150320,3.9852,4.1518,3.9666,4.0779,31670,0
20150323,3.948,4.0593,3.7071,4.0593,6460,0
20150324,3.846,4.2539,3.846,4.0315,7805,0
20150325,4.0779,4.0779,3.9388,4.0037,923,0
20150326,3.8646,3.9944,3.8646,3.9944,1593,0
20150327,4.0779,4.1704,3.8184,4.1611,6647,0
20150330,4.1611,4.1611,3.9759,3.9759,2223,0
20150331,4.0593,4.0593,3.8925,3.9852,164,0
20150401,4.0685,4.0685,3.9852,4.0685,773,0
20150402,4.1611,4.1611,3.9388,3.9852,5714,0
20150407,3.9944,3.9944,3.8832,3.8832,4759,0
20150408,3.9852,4.0315,3.9388,4.0315,5509,0
20150409,4.0593,4.1518,3.9388,3.9944,11470,0
20150410,4.0315,4.0315,3.8832,3.9852,2889,0
20150413,4.0964,4.0964,3.9295,3.9295,870,0
20150414,4.0871,4.0871,3.9018,3.9018,1394,0
20150415,3.9388,3.9388,3.846,3.8925,2354,0
20150416,3.9852,3.9852,3.7999,3.7999,6237,0
20150417,3.8369,3.9666,3.7719,3.9666,17426,0
20150420,3.9666,3.9666,3.8925,3.8925,1678,0
20150421,3.8553,4.0779,3.8553,4.0779,4153,0
20150422,4.1242,4.1242,3.9388,4.1242,27030,0
20150423,4.0315,4.0315,4.0315,4.0315,1586,0
20150424,4.0315,4.0315,3.9759,4.0315,626,0
20150427,4.0315,4.1242,4.0222,4.1242,10668,0
20150428,4.1704,4.1704,4.1704,4.1704,1405,0
20150429,3.8738,4.1704,3.8738,4.1704,5648,0
20150430,4.1704,4.2539,4.1704,4.2539,2871,0
20150504,4.3466,4.5227,4.3466,4.5227,9496,0
20150505,4.5969,4.5969,4.1983,4.5227,2212,0
20150506,4.328,4.6339,4.328,4.6339,27094,0
20150507,4.7173,4.7173,4.7173,4.7173,286,0
20150508,4.7266,4.7266,4.0964,4.4949,5248,0
20150511,4.5783,4.5783,4.5411,4.569,232,0
20150513,4.5783,4.5783,4.5783,4.5783,216,0
20150514,4.5783,4.6339,4.5783,4.6339,873,0
20150515,4.6803,4.7729,4.6803,4.7266,6660,0
20150518,4.81,4.8192,4.7266,4.7729,2178,0
20150519,4.7451,4.7451,4.6803,4.7359,597,0
20150520,4.7359,4.7451,4.4115,4.7451,3326,0
20150521,4.81,4.81,4.7451,4.7914,2322,0
20150522,4.8007,4.81,4.7544,4.7729,1872,0
20150525,4.7451,4.7544,4.7451,4.7544,1203,0
20150526,4.8192,4.8562,4.5134,4.6988,7079,0
20150527,4.5876,4.8656,4.5876,4.8192,4671,0
20150528,4.8656,4.8656,4.8656,4.8656,17,0
20150529,4.8656,4.9954,4.8656,4.9397,2388,0
20150601,4.9954,4.9954,4.8378,4.9954,2537,0
20150602,4.9954,4.9954,4.8749,4.8749,415,0
20150603,4.9582,4.9582,4.8192,4.8192,4880,0
20150605,4.9582,4.9582,4.949,4.949,439,0
20150608,4.7266,4.949,4.7266,4.9397,3475,0
20150609,4.9397,4.9397,4.8656,4.9027,595,0
20150610,4.8934,4.8934,4.7729,4.7729,83,0
20150611,4.8562,4.8656,4.6339,4.8469,2019,0
20150612,4.8469,4.8469,4.8192,4.8192,113,0
20150615,4.8192,4.8192,4.8192,4.8192,2,0
20150616,4.8192,4.8192,4.8192,4.8192,428,0
20150617,4.8562,4.8562,4.8562,4.8562,1,0
20150618,4.8469,4.8469,4.6339,4.8469,1041,0
20150619,4.8469,4.8469,4.8469,4.8469,5,0
20150622,4.8469,4.8469,4.8469,4.8469,1,0
20150623,4.7729,4.8469,4.7729,4.8192,633,0
20150624,4.8192,4.8469,4.8192,4.8192,335,0
20150626,4.8562,4.8562,4.6339,4.8192,2282,0
20150629,4.3095,4.8562,4.3095,4.6339,3410,0
20150630,4.8192,4.8192,4.8192,4.8192,27,0
20150701,4.7266,4.7266,4.7266,4.7266,107,0
20150702,4.7173,4.7173,4.6803,4.6803,792,0
20150703,4.5783,4.7266,4.569,4.7266,5818,0
20150706,4.3837,4.6711,4.3837,4.6711,9094,0
20150707,4.6339,4.912,4.6339,4.912,7584,0
20150708,4.9027,4.9861,4.7266,4.8469,18978,0
20150709,4.912,4.9769,4.6803,4.9769,1850,0
20150710,4.6803,4.912,4.6803,4.8562,3993,0
20150713,4.9397,4.9397,4.8192,4.912,810,0
20150714,4.8841,4.8841,4.8841,4.8841,1,0
20150715,4.9027,4.9027,4.9027,4.9027,57,0
20150716,4.9027,4.912,4.6711,4.912,3989,0
20150717,4.8192,4.949,4.7729,4.9397,3631,0
20150721,4.912,4.912,4.912,4.912,464,0
20150722,4.8192,4.8192,4.6895,4.6895,13865,0
20150723,4.7729,4.7729,4.4577,4.4577,7404,0
20150724,4.6617,4.6617,4.5876,4.5876,864,0
20150727,4.569,4.569,4.569,4.569,21,0
20150728,4.6246,4.6246,4.6246,4.6246,1,0
20150730,4.5134,4.5134,4.4577,4.4577,2366,0
20150731,4.5411,4.7173,4.5411,4.7173,2104,0
20150803,4.6988,4.8192,4.6988,4.7729,2727,0
20150804,4.8192,4.9027,4.6339,4.7821,8807,0
20150805,4.7821,4.7821,4.7821,4.7821,216,0
20150807,4.8656,5.0603,4.8656,5.0603,17853,0
20150810,5.0972,5.2827,5.0787,5.1065,33665,0
20150811,5.19,5.329,5.19,5.3104,3773,0
20150812,5.19,5.19,5.0972,5.0972,3006,0
20150813,5.0972,5.2827,5.0972,5.2827,959,0
20150814,5.2362,5.2362,5.19,5.19,1477,0
20150817,5.051,5.0603,5.0046,5.0046,2082,0
20150818,5.0603,5.0972,5.0603,5.0972,1295,0
20150819,5.2362,5.2362,5.088,5.19,9755,0
20150820,5.2362,5.2362,5.19,5.2362,7464,0
20150821,5.1992,5.2734,5.1992,5.2734,2457,0
20150824,5.2178,5.2548,4.8192,4.9582,26621,0
20150825,4.8656,5.0046,4.7266,5.0046,2729,0
20150826,5.0046,5.1065,5.0046,5.1065,4231,0
20150827,5.2694,5.6909,5.2694,5.6719,13363,0
20150828,5.6719,5.6719,5.6623,5.6623,3070,0
20150831,5.6527,5.6527,5.6527,5.6527,1034,0
20150901,5.6431,5.6623,5.6431,5.6623,156,0
20150902,5.5568,5.5568,5.509,5.509,313,0
20150903,5.5568,5.6047,5.5568,5.6047,569,0
20150904,5.6047,5.6047,5.6047,5.6047,417,0
20150907,5.6623,5.6623,5.6623,5.6623,15,0
20150909,5.6431,5.6431,5.5186,5.5377,1565,0
20150910,5.6335,5.6335,5.509,5.509,1056,0
20150911,5.6335,5.6431,5.6335,5.6431,213,0
20150914,5.5282,5.5377,5.5282,5.5377,660,0
20150915,5.5186,5.5472,5.4898,5.5186,1097,0
20150916,5.5377,5.6335,5.5186,5.5186,2030,0
20150917,5.5568,5.5568,5.5568,5.5568,1291,0
20150918,5.5568,5.5568,5.461,5.5568,2324,0
20150921,5.509,5.509,5.461,5.461,6605,0
20150922,5.3749,5.5568,5.3749,5.5568,1153,0
20150923,5.5568,5.5568,5.3653,5.461,554,0
20150924,5.3653,5.6239,5.3653,5.6239,2269,0
20150925,5.6143,5.6143,5.6143,5.6143,459,0
20150928,5.5568,5.6047,5.5568,5.576,2712,0
20150929,5.6047,5.6335,5.6047,5.6335,1559,0
20150930,5.6047,5.7005,5.6047,5.7005,3556,0
20151001,5.7964,5.8156,5.7772,5.7964,3599,0
20151002,5.806,5.806,5.7484,5.806,512,0
20151005,5.806,6.2083,5.806,6.1317,5355,0
20151006,6.1891,6.1987,5.988,6.1891,3573,0
20151007,6.1987,6.994,6.1317,6.994,26817,0
20151008,7.2335,8.1436,6.994,7.5209,39229,0
20151009,7.5496,7.5496,7.1568,7.2814,6775,0
20151012,7.176,7.8466,7.176,7.6646,17950,0
20151013,7.7508,7.7508,7.473,7.6646,6105,0
20151014,7.7508,7.7508,7.2335,7.3868,5595,0
20151015,7.6646,7.6646,7.3868,7.5688,6570,0
20151016,7.6167,7.6454,7.473,7.6263,10474,0
20151019,7.6071,7.6263,7.473,7.473,713,0
20151020,7.5209,7.6167,7.473,7.6167,5451,0
20151021,7.6167,7.8658,7.5688,7.655,6105,0
20151022,7.8466,7.8466,7.6167,7.6263,2770,0
20151023,7.8083,7.8658,7.6359,7.8562,4765,0
20151026,7.8945,8.6227,7.8945,8.3832,14747,0
20151027,8.4311,8.479,8.3352,8.479,15193,0
20151028,8.546,9.571,8.546,9.2936,27733,0
20151029,9.3895,9.3895,8.8622,8.9101,3953,0
20151030,8.9581,8.9581,8.364,8.6131,7124,0
20151102,8.594,8.9963,7.6742,8.9963,10091,0
20151103,9.78,9.78,9.1513,9.1513,4969,0
20151104,9.1513,9.568,9.1513,9.568,1642,0
20151105,9.587,9.78,9.587,9.78,4659,0
20151106,9.636,9.926,9.636,9.926,11399,0
20151109,9.975,10.643,9.684,9.684,11337,0
20151110,9.684,9.684,9.2191,9.636,5236,0
20151112,9.539,9.587,9.1997,9.1997,5398,0
20151113,9.2966,9.2966,8.977,9.2966,3693,0
20151116,9.2966,9.3837,8.7155,9.3837,3609,0
20151117,9.597,9.597,9.539,9.539,410,0
20151118,9.4417,9.4417,9.4417,9.4417,670,0
20151119,9.4318,9.4417,9.1028,9.4417,988,0
20151120,9.3934,9.4417,9.3934,9.4417,1486,0
20151123,9.4417,9.684,9.4417,9.684,956,0
20151124,9.877,9.877,9.587,9.829,3288,0
20151125,9.78,9.78,9.4229,9.723,838,0
20151126,9.723,10.168,9.723,10.168,1274,0
20151127,10.168,10.469,9.975,10.41,1957,0
20151130,10.507,10.603,10.41,10.556,2622,0
20151201,10.603,10.603,10.556,10.556,731,0
20151202,9.897,10.216,9.684,10.216,2167,0
20151203,10.226,10.226,9.684,10.216,528,0
20151207,10.197,10.197,10.197,10.197,1,0
20151208,9.684,9.965,9.684,9.965,1881,0
20151209,9.965,9.965,9.636,9.684,3455,0
20151210,9.965,9.965,9.965,9.965,1052,0
20151211,9.984,9.984,9.636,9.752,2005,0
20151214,9.587,9.684,9.2481,9.2966,3961,0
20151215,9.3063,9.665,7.7955,9.665,7792,0
20151216,9.636,9.674,9.636,9.636,2362,0
20151217,9.636,9.636,9.2966,9.2966,1147,0
20151218,9.587,9.587,9.1513,9.2966,11020,0
20151221,9.558,9.558,9.2966,9.4705,2090,0
20151222,9.4705,9.4903,9.4705,9.4903,915,0
20151223,9.4903,9.4903,9.1997,9.2966,12469,0
20151228,9.1997,9.1997,9.006,9.1223,4596,0
20151229,9.1997,9.4804,9.1997,9.4705,1187,0
20151230,9.587,9.587,9.587,9.587,1568,0
20160104,9.587,9.587,9.577,9.577,223,0
20160105,9.558,9.558,9.549,9.549,187,0
20160107,8.8124,9.4903,8.8124,9.2966,4004,0
20160108,9.3934,9.839,9.2966,9.78,796,0
20160111,9.839,9.839,9.684,9.829,1160,0
20160112,9.819,9.819,9.577,9.684,2226,0
20160113,9.684,9.684,9.4516,9.4516,1535,0
20160114,9.674,9.674,9.539,9.674,184,0
20160115,9.674,9.674,9.587,9.587,522,0
20160118,9.2094,9.539,9.2094,9.539,272,0
20160119,9.568,9.568,9.568,9.568,232,0
20160120,9.4903,9.4903,9.1997,9.4903,2762,0
20160121,9.4903,9.4903,9.1997,9.1997,817,0
20160122,9.1997,9.4417,9.1997,9.4417,945,0
20160125,9.4417,9.4417,9.4417,9.4417,1,0
20160126,9.4318,9.4318,9.1028,9.3934,1479,0
20160127,9.1028,9.345,9.1028,9.345,139,0
20160128,9.4903,9.829,9.4903,9.684,11592,0
20160129,9.684,9.684,9.684,9.684,14422,0
20160201,9.975,9.975,9.2191,9.684,3940,0
20160202,10.507,10.507,9.674,9.674,4204,0
20160203,9.684,10.052,9.413,9.413,7229,0
20160204,9.2966,9.684,9.2966,9.684,5825,0
20160205,9.684,9.684,9.636,9.636,1283,0
20160208,9.684,9.684,9.1997,9.1997,2085,0
20160209,9.1997,9.636,9.1997,9.636,2784,0
20160210,9.665,9.665,9.3934,9.3934,2816,0
20160211,9.4903,9.665,9.2287,9.655,400,0
20160212,9.2578,9.636,9.2578,9.577,1090,0
20160215,9.577,9.577,9.3934,9.403,701,0
20160216,9.577,9.577,9.403,9.403,1249,0
20160217,9.568,9.568,9.1997,9.519,4984,0
20160218,9.51,9.51,9.51,9.51,51,0
20160219,9.519,9.519,9.3934,9.3934,2805,0
20160222,9.558,9.558,9.3934,9.3934,3732,0
20160223,9.2191,9.374,9.2191,9.374,1437,0
20160224,9.3934,9.3934,9.1028,9.1028,6350,0
20160225,9.1319,9.2868,9.1028,9.2868,913,0
20160226,9.1997,9.345,9.1223,9.345,41811,0
20160229,9.3547,9.3547,9.345,9.345,166,0
20160301,9.4705,9.4705,9.1028,9.4705,79,0
20160302,9.4705,9.529,9.1513,9.529,580,0
20160303,9.51,9.529,9.1997,9.4417,699,0
20160304,9.4417,9.4417,9.1126,9.4417,528,0
20160307,9.19,9.4318,9.19,9.4318,621,0
20160308,9.1416,9.2481,9.1416,9.2481,4440,0
20160309,9.1223,9.3643,9.1223,9.345,2133,0
20160310,9.3353,9.345,9.3353,9.345,331,0
20160311,9.345,9.558,9.1997,9.558,5186,0
20160314,9.577,9.577,9.345,9.558,2367,0
20160315,9.587,9.665,9.587,9.645,8103,0
20160316,9.645,9.645,9.645,9.645,1,0
20160317,9.645,10.439,9.645,10.265,2772,0
20160318,10.342,10.342,10.342,10.342,16,0
20160321,10.352,10.633,10.265,10.41,4150,0
20160322,10.41,10.943,10.313,10.7,2597,0
20160323,10.652,11.466,10.652,11.195,12044,0
20160324,11.195,11.417,11.175,11.379,5025,0
20160329,11.427,12.153,11.389,11.611,9280,0
20160330,11.863,11.863,11.146,11.62,7312,0
20160331,11.185,11.863,11.185,11.62,12327,0
20160401,11.902,11.902,11.292,11.708,2001,0
20160404,11.882,11.902,11.485,11.495,5750,0
20160405,11.62,11.708,11.427,11.62,824,0
20160406,11.698,11.698,11.292,11.523,2376,0
20160407,11.62,11.62,11.33,11.427,802,0
20160408,11.611,11.611,11.592,11.602,791,0
20160411,11.669,12.434,11.669,11.717,13812,0
20160412,11.737,11.912,11.737,11.766,4568,0
20160413,12.105,12.105,11.737,11.959,76572,0
20160414,12.056,12.095,11.912,12.056,1951,0
20160415,12.095,12.299,12.056,12.26,3467,0
20160418,12.25,12.289,12.056,12.279,4186,0
20160419,12.25,12.25,12.133,12.153,1243,0
20160420,12.153,12.25,12.153,12.25,6838,0
20160421,12.25,12.396,12.24,12.396,14553,0
20160422,12.163,12.396,12.153,12.396,2763,0
20160425,12.105,12.202,12.105,12.105,1337,0
20160426,12.376,12.376,11.912,12.202,33361,0
20160427,12.202,12.202,12.182,12.182,31,0
20160428,12.182,12.182,12.105,12.182,204,0
20160429,12.027,12.027,11.853,12.018,3211,0
20160502,12.066,12.066,11.717,11.912,1570,0
20160504,12.105,12.105,11.815,12.086,8709,0
20160505,12.182,12.182,11.766,11.815,653,0
20160506,12.105,12.105,11.698,11.912,1086,0
20160509,12.182,12.182,11.815,11.815,1448,0
20160510,11.912,11.912,11.669,11.669,2380,0
20160511,11.912,12.376,11.912,12.376,474,0
20160512,12.376,12.589,12.347,12.589,1236,0
20160513,12.202,12.589,12.202,12.589,2420,0
20160516,12.579,12.579,12.299,12.309,2997,0
20160517,12.309,12.579,12.299,12.579,6442,0
20160518,12.56,12.56,12.443,12.443,218,0
20160519,12.443,12.443,12.396,12.396,414,0
20160520,12.579,12.589,12.57,12.589,1550,0
20160523,12.589,12.928,12.522,12.928,4665,0
20160524,14.429,14.429,13.267,13.703,3406,0
20160525,13.655,14.283,13.586,14.283,2783,0
20160527,14.283,14.496,13.867,14.478,2452,0
20160530,14.478,14.506,14.478,14.478,553,0
20160531,14.478,14.478,14.283,14.283,5717,0
20160601,14.139,14.419,14.139,14.419,475,0
20160602,14.419,14.419,14.042,14.419,498,0
20160603,14.419,14.419,13.877,14.283,2266,0
20160606,14.322,14.478,13.742,14.332,6090,0
20160607,14.506,14.506,14.478,14.478,42,0
20160608,14.458,14.458,14.332,14.332,4650,0
20160609,14.332,14.816,14.332,14.71,23147,0
20160610,14.719,14.749,14.362,14.739,5441,0
20160613,14.739,14.739,14.371,14.526,1482,0
20160614,14.739,14.739,14.362,14.739,2741,0
20160615,14.7,14.7,14.526,14.526,1704,0
20160616,14.526,14.526,14.139,14.526,486,0
20160617,14.516,14.526,14.399,14.526,1100,0
20160620,14.526,14.526,14.726,14.4,8431,0
20160621,14.526,14.526,14.578,14.429,1286,0
20160622,15.142,15.4,15.053,15.053,1583,0
20160623,14.885,15.192,14.885,15.152,274,0
20160624,14.558,14.855,13.072,14.756,2362,0
20160627,14.756,15.093,14.756,14.756,688,0
20160628,15.152,15.152,15.152,15.152,1,0
20160629,15.053,15.053,14.36,14.469,4488,0
20160630,15.043,15.043,14.558,14.578,1185,0
20160701,14.488,14.954,14.488,14.954,679,0
20160704,14.459,14.459,14.162,14.459,2094,0
20160705,14.548,14.845,14.548,14.845,152,0
20160706,14.498,14.756,14.498,14.706,545,0
20160707,14.845,14.855,14.578,14.855,2196,0
20160708,14.954,15.053,14.36,14.36,4513,0
20160711,14.3,14.36,13.666,14.152,2996,0
20160712,14.172,14.261,13.765,14.261,1898,0
20160713,14.35,14.35,13.666,13.865,1266,0
20160714,13.865,13.865,13.468,13.567,1937,0
20160715,13.567,14.063,13.567,14.063,1474,0
20160718,14.003,14.063,13.865,14.013,4501,0
20160719,13.666,14.013,13.666,14.013,1900,0
20160720,14.013,14.013,13.855,13.865,1260,0
20160721,13.865,14.31,13.865,14.31,1116,0
20160722,14.31,14.31,13.874,14.023,1263,0
20160725,13.874,13.944,13.379,13.666,4419,0
20160726,13.716,13.716,13.528,13.657,2191,0
20160727,14.063,14.112,13.686,13.686,1721,0
20160728,13.716,14.36,13.716,14.36,860,0
20160729,14.36,14.36,13.855,14.35,544,0
20160801,14.36,14.36,13.666,14.172,516,0
20160802,13.627,13.627,13.627,13.627,139,0
20160803,13.815,13.865,13.765,13.765,662,0
20160804,13.637,13.865,13.637,13.865,1248,0
20160805,13.865,14.36,13.865,14.36,2594,0
20160808,13.865,15.003,13.865,15.003,11117,0
20160809,15.003,15.003,14.31,14.558,3298,0
20160810,14.558,14.667,14.36,14.36,1173,0
20160811,13.676,14.31,13.666,14.261,1732,0
20160812,13.686,13.865,13.27,13.369,16794,0
20160816,12.874,13.221,11.686,12.28,29512,0
20160817,11.894,13.171,11.399,12.884,11000,0
20160818,12.874,12.874,12.874,12.874,1063,0
20160819,12.478,12.874,12.379,12.874,2609,0
20160822,12.874,12.874,12.854,12.874,1763,0
20160823,12.775,12.874,12.389,12.874,4796,0
20160824,12.686,13.458,12.686,13.458,2027,0
20160825,13.686,13.686,12.894,13.26,3418,0
20160826,12.884,13.27,12.478,12.864,3612,0
20160829,12.825,12.825,11.933,11.953,4532,0
20160830,12.379,12.379,12.082,12.369,1481,0
20160831,12.082,12.369,11.894,12.369,2088,0
20160901,12.349,12.627,12.23,12.627,1663,0
20160902,12.24,12.369,12.092,12.369,1209,0
20160905,12.627,12.627,12.092,12.33,3223,0
20160906,12.429,12.429,12.102,12.369,504,0
20160907,12.577,12.577,11.735,11.973,9149,0
20160908,11.973,11.973,11.23,11.24,20207,0
20160909,11.834,11.834,11.23,11.23,7441,0
20160912,11.785,11.785,11.092,11.28,5716,0
20160913,11.359,11.359,11.102,11.309,4643,0
20160914,11.359,11.359,11.28,11.28,5158,0
20160915,11.28,11.28,10.993,11.141,4719,0
20160916,11.131,11.131,10.894,11.131,3060,0
20160919,11.191,12.28,11.191,11.795,45739,0
20160920,11.894,12.359,11.389,11.874,8019,0
20160921,11.884,11.884,11.379,11.686,54041,0
20160922,11.884,11.884,11.587,11.735,644,0
20160923,11.656,11.735,11.141,11.735,2136,0
20160926,11.29,12.003,11.29,11.765,1891,0
20160927,11.765,11.775,11.141,11.765,5916,0
20160928,11.854,11.854,11.28,11.587,750,0
20160929,11.854,12.874,11.785,12.775,54925,0
20160930,12.775,12.775,12.379,12.478,60408,0
20161003,12.874,12.874,12.28,12.597,1869,0
20161004,12.528,12.597,12.379,12.577,17493,0
20161005,12.627,12.627,12.33,12.577,2504,0
20161006,12.874,12.874,12.577,12.577,1907,0
20161007,12.597,12.597,12.577,12.577,2094,0
20161010,12.577,12.577,12.478,12.478,438,0
20161011,12.656,12.864,12.389,12.389,18956,0
20161012,12.567,12.577,12.339,12.577,943,0
20161013,12.577,12.577,12.359,12.577,219,0
20161014,12.577,12.577,12.389,12.577,4027,0
20161017,12.399,12.567,12.399,12.567,635,0
20161018,12.409,12.557,12.359,12.557,2501,0
20161019,12.577,12.577,12.379,12.537,1629,0
20161020,12.577,12.577,12.33,12.567,957,0
20161021,12.567,12.567,12.557,12.557,560,0
20161024,12.478,12.478,12.161,12.458,12177,0
20161025,12.557,12.557,12.161,12.161,613,0
20161026,12.28,12.28,12.161,12.27,841,0
20161027,12.28,12.28,12.131,12.151,4172,0
20161028,12.28,12.28,11.884,12.072,6693,0
20161031,11.785,12.27,11.785,12.27,1415,0
20161102,12.2701,12.28,12.0423,12.28,2550,0
20161103,11.75,12.92,11.75,12.2,5077,0
20161104,12.2,12.4,12.2,12.4,4629,0
20161107,12.4,12.4,12.4,12.4,310,0
