Date,Open,High,Low,Close,Volume,OpenInt
20141006,13.384,13.991,13.295,13.384,196979,0
20141007,13.525,13.551,13.384,13.471,24690,0
20141008,13.463,13.463,13.295,13.375,15721,0
20141009,13.313,13.445,13.313,13.418,6957,0
20141010,13.401,13.401,13.111,13.208,10310,0
20141013,13.198,13.304,13.198,13.208,17832,0
20141014,13.234,13.287,12.856,13.181,48873,0
20141015,12.996,13.075,12.943,13.075,28617,0
20141016,13.075,13.119,12.987,13.119,45064,0
20141017,13.208,13.208,13.119,13.119,640,0
20141020,13.119,13.129,13.119,13.119,1108,0
20141021,13.102,13.163,13.032,13.119,5603,0
20141022,13.119,13.252,13.04,13.163,6932,0
20141023,13.208,13.208,13.208,13.208,68144,0
20141024,13.225,13.287,13.208,13.252,4308,0
20141027,13.269,13.269,13.234,13.234,1317,0
20141028,13.242,13.287,13.208,13.287,16625,0
20141029,13.269,13.287,13.269,13.269,5676,0
20141030,13.269,13.269,13.208,13.208,601,0
20141031,13.216,13.216,13.208,13.208,7907,0
20141103,13.208,13.26,13.208,13.208,5070,0
20141104,13.208,13.252,13.208,13.208,1742,0
20141105,13.163,13.252,13.163,13.252,2604,0
20141106,13.339,14.008,13.339,13.991,40567,0
20141107,14.087,14.087,13.736,14,11950,0
20141110,14.22,14.528,14.132,14.352,38683,0
20141112,14.308,14.924,14.308,14.51,21267,0
20141113,14.457,14.792,14.457,14.651,13157,0
20141114,14.792,14.889,14.704,14.889,35552,0
20141117,14.924,15.382,14.924,15.206,22751,0
20141118,15.32,15.391,15.065,15.162,17991,0
20141119,15.268,15.268,14.651,14.986,17203,0
20141120,14.88,14.906,14.748,14.906,5390,0
20141121,14.766,15.144,14.748,15.057,11978,0
20141124,15.057,15.057,14.757,14.837,4871,0
20141125,14.792,14.837,14.308,14.678,12704,0
20141126,14.528,14.968,14.308,14.968,15148,0
20141127,14.977,15.057,14.59,14.889,22936,0
20141128,14.88,14.968,14.792,14.968,1626,0
20141201,14.792,14.792,14.44,14.651,6492,0
20141202,14.837,14.837,14.36,14.792,5104,0
20141203,14.607,14.695,14.493,14.695,3279,0
20141204,14.695,14.748,14.528,14.748,3460,0
20141205,14.748,14.968,14.528,14.96,5722,0
20141208,14.837,14.968,14.554,14.863,9459,0
20141209,14.616,14.934,14.484,14.898,14462,0
20141210,14.827,14.871,14.616,14.871,2095,0
20141211,14.616,14.924,14.581,14.924,3716,0
20141212,14.792,14.792,14.616,14.704,2774,0
20141215,14.616,14.775,14.616,14.775,2141,0
20141216,14.528,14.528,13.216,14.352,21777,0
20141217,14.087,14.087,13.418,14.087,9391,0
20141218,14.087,14.22,13.921,14.22,2955,0
20141219,14.087,14.132,13.912,14.035,3847,0
20141222,14.071,14.22,13.912,14.22,7422,0
20141223,14.176,14.202,14.176,14.202,2540,0
20141229,14.22,14.22,13.622,14.079,3820,0
20141230,14.079,14.783,13.736,14.783,12208,0
20150102,14.783,14.783,14.457,14.748,1848,0
20150105,14.775,14.775,14.695,14.748,4530,0
20150107,14.74,14.775,14.661,14.775,3906,0
20150108,14.792,14.88,14.643,14.88,2751,0
20150109,14.792,14.792,14.792,14.792,80,0
20150112,14.669,14.704,14.528,14.59,1650,0
20150113,14.457,14.51,14.263,14.51,3887,0
20150114,14.484,14.484,14.308,14.44,919,0
20150115,14.263,14.44,14.263,14.44,2023,0
20150116,14.308,14.308,14.018,14.087,5923,0
20150119,14.132,14.158,13.867,14.158,4019,0
20150120,14.184,14.184,13.982,14.087,3261,0
20150121,14.184,14.184,14,14.158,548,0
20150122,14.087,14.396,14.087,14.396,3767,0
20150123,14.396,14.661,14.396,14.661,8161,0
20150126,14.44,14.661,14.44,14.616,1603,0
20150127,14.449,14.449,14.44,14.44,2674,0
20150128,14.572,14.995,14.572,14.968,20438,0
20150129,14.995,15.233,14.889,15.18,20866,0
20150130,15.223,15.233,15.057,15.057,17734,0
20150202,15.047,15.144,15.047,15.065,5628,0
20150203,15.074,15.276,14.986,15.206,29721,0
20150204,15.1,15.206,15.065,15.206,7721,0
20150205,15.206,15.25,15.144,15.25,10092,0
20150206,15.25,15.849,15.233,15.629,28521,0
20150209,15.849,15.849,15.585,15.629,5351,0
20150210,15.717,15.717,15.541,15.62,5115,0
20150211,15.611,15.611,15.426,15.611,3498,0
20150212,15.672,15.672,15.672,15.672,227,0
20150213,15.453,15.761,15.435,15.655,836,0
20150216,15.672,15.805,15.585,15.805,1411,0
20150217,15.593,15.708,15.514,15.708,5292,0
20150218,15.752,15.752,15.585,15.717,702,0
20150219,15.743,15.743,15.585,15.734,1981,0
20150220,15.726,15.726,15.585,15.585,567,0
20150223,15.638,15.708,15.435,15.708,6744,0
20150224,15.506,15.805,15.506,15.805,2824,0
20150225,15.761,16.369,15.761,16.289,160282,0
20150226,16.421,16.421,16.262,16.262,18009,0
20150227,16.377,16.818,16.289,16.721,18497,0
20150302,16.685,16.685,16.43,16.668,9107,0
20150303,16.685,16.923,16.685,16.773,20600,0
20150304,16.492,17.081,16.474,17.081,31354,0
20150305,17.081,17.346,17.081,17.249,20166,0
20150306,17.301,17.301,16.729,16.984,22381,0
20150309,16.782,16.861,16.553,16.729,6181,0
20150310,16.8,16.8,16.553,16.685,4308,0
20150311,16.527,16.773,16.527,16.773,2238,0
20150312,16.773,16.773,16.571,16.773,2538,0
20150313,16.905,16.905,16.588,16.844,4563,0
20150316,16.844,16.861,16.738,16.861,11041,0
20150317,16.861,17.073,16.861,17.073,18401,0
20150318,17.081,17.39,17.081,17.214,12741,0
20150319,17.319,17.319,16.967,17.204,9354,0
20150320,17.188,17.204,17.081,17.17,4581,0
20150323,17.17,17.17,17.064,17.161,21580,0
20150324,17.257,17.257,17.038,17.161,7298,0
20150325,17.081,17.117,16.958,16.958,12200,0
20150326,16.958,16.958,16.597,16.729,6974,0
20150327,16.782,16.852,16.782,16.791,6765,0
20150330,16.818,17.073,16.818,16.861,4572,0
20150331,16.861,16.976,16.826,16.958,2373,0
20150401,16.958,17.073,16.958,17.073,8018,0
20150402,17.081,17.081,16.905,16.905,4689,0
20150407,17.081,17.081,16.905,17.073,5789,0
20150408,17.02,17.055,16.818,16.818,5119,0
20150409,16.879,17.081,16.861,17.073,10004,0
20150410,17.073,17.073,16.958,17.038,2222,0
20150413,17.081,17.081,17.046,17.046,1052,0
20150414,17.046,17.081,16.958,17.064,9013,0
20150415,16.994,17.038,16.915,16.915,6995,0
20150416,17.046,17.046,16.861,16.861,4852,0
20150417,16.861,16.861,16.729,16.729,8952,0
20150420,16.949,16.949,16.818,16.897,7482,0
20150421,16.897,16.905,16.835,16.835,5315,0
20150422,16.818,16.818,16.747,16.8,13298,0
20150423,16.8,16.818,16.756,16.818,5573,0
20150424,16.818,16.905,16.773,16.773,5464,0
20150427,16.818,16.818,16.694,16.729,12960,0
20150428,16.729,16.818,16.571,16.597,9753,0
20150429,16.756,16.756,16.369,16.711,10255,0
20150430,16.711,16.729,16.553,16.685,8285,0
20150504,16.729,16.729,16.642,16.729,65687,0
20150505,16.729,16.729,16.685,16.721,19653,0
20150506,16.729,16.729,16.606,16.703,10001,0
20150507,16.729,16.729,16.58,16.703,5625,0
20150508,16.703,16.711,16.58,16.597,11229,0
20150511,16.711,16.711,16.597,16.597,9682,0
20150512,16.632,16.632,16.333,16.456,10264,0
20150513,16.456,16.694,16.395,16.624,8977,0
20150514,16.729,16.729,16.571,16.571,7044,0
20150515,16.58,16.756,16.571,16.703,17102,0
20150518,16.721,16.729,16.659,16.676,13708,0
20150519,16.676,16.676,16.624,16.642,52249,0
20150520,16.642,16.676,16.377,16.676,28566,0
20150521,17.128,17.128,16.469,16.884,14787,0
20150522,16.874,16.874,16.686,16.836,5101,0
20150525,16.752,16.799,16.375,16.479,7989,0
20150526,16.469,16.658,16.413,16.658,2449,0
20150527,16.469,16.611,16.469,16.469,5400,0
20150528,16.451,16.451,15.914,15.999,9515,0
20150529,15.999,16.752,15.999,16.733,47048,0
20150601,16.827,17.194,16.827,16.893,37006,0
20150602,16.893,16.893,16.488,16.724,9215,0
20150603,16.714,16.733,16.498,16.705,3977,0
20150605,16.658,16.658,16.253,16.309,3621,0
20150608,16.309,16.319,15.829,16.074,9316,0
20150609,16.281,16.309,16.046,16.309,4691,0
20150610,16.357,16.469,16.291,16.46,2941,0
20150611,16.319,16.564,16.3,16.554,26061,0
20150612,16.554,16.554,16.338,16.338,1561,0
20150615,16.197,16.517,16.187,16.517,36115,0
20150616,16.517,16.695,16.253,16.695,1772,0
20150617,16.658,16.695,16.375,16.695,2096,0
20150618,16.469,16.695,16.469,16.676,532,0
20150619,16.564,16.639,16.234,16.639,6773,0
20150622,16.479,16.695,16.46,16.695,9032,0
20150623,16.686,16.695,16.658,16.695,5839,0
20150624,16.658,16.884,16.526,16.874,11235,0
20150625,16.818,16.874,16.469,16.695,2201,0
20150626,16.526,16.658,16.328,16.658,2212,0
20150629,16.291,16.658,15.622,16.413,10996,0
20150630,15.942,16.413,15.942,16.375,2809,0
20150701,16.018,16.262,15.829,16.262,5967,0
20150702,16.149,16.366,16.149,16.338,4090,0
20150703,16.357,16.404,16.008,16.404,2032,0
20150706,16.366,16.375,16.366,16.375,889,0
20150707,16.404,16.46,16.112,16.375,69067,0
20150708,16.281,16.375,16.008,16.234,2860,0
20150709,15.999,16.328,15.886,16.328,2649,0
20150710,16.375,16.469,15.999,16.46,2773,0
20150713,16.441,16.441,16.14,16.375,866,0
20150714,16.413,16.413,16.413,16.413,606,0
20150715,16.422,16.422,16.253,16.262,2523,0
20150716,16.404,16.404,16.375,16.375,4546,0
20150717,16.404,16.469,16.366,16.469,2652,0
20150720,16.422,16.827,16.422,16.789,2113,0
20150721,16.752,16.893,16.507,16.855,49243,0
20150722,16.855,16.893,16.658,16.799,3450,0
20150723,16.752,16.752,16.658,16.752,118,0
20150724,16.658,16.658,16.291,16.648,851,0
20150727,16.601,16.695,16.347,16.695,2677,0
20150728,16.648,16.686,16.648,16.686,106,0
20150729,16.705,16.742,16.705,16.724,1756,0
20150730,16.724,16.724,16.573,16.658,664,0
20150731,16.658,16.658,16.479,16.479,5939,0
20150803,16.517,16.648,16.385,16.469,3391,0
20150804,16.413,16.469,16.413,16.469,861,0
20150805,16.517,16.752,16.469,16.469,24425,0
20150806,16.676,17.081,16.676,16.94,11391,0
20150807,17.034,17.175,16.94,16.978,9716,0
20150810,17.156,17.156,16.949,17.091,2241,0
20150811,17.119,17.128,16.94,17.128,5305,0
20150812,17.034,17.128,16.959,17.072,1300,0
20150813,16.959,17.062,16.846,16.94,24327,0
20150814,16.893,16.893,16.752,16.752,2473,0
20150817,16.846,16.846,15.491,15.905,33489,0
20150818,15.905,15.905,15.444,15.811,7162,0
20150819,15.811,15.811,15.434,15.528,39374,0
20150820,15.246,15.321,15.199,15.321,3289,0
20150821,15.321,15.321,15.218,15.218,2100,0
20150824,15.218,15.218,14.211,15.218,16960,0
20150825,14.87,15.302,14.587,15.058,10499,0
20150826,15.02,15.03,14.644,14.964,4611,0
20150827,15.058,15.312,15.058,15.312,3401,0
20150828,15.237,15.246,14.964,15.058,2047,0
20150831,15.058,15.528,14.982,15.528,4626,0
20150901,15.058,15.528,14.992,15.387,4178,0
20150902,15.378,15.378,15.058,15.161,6944,0
20150903,15.152,15.34,15.058,15.34,8532,0
20150904,15.227,15.528,15.218,15.528,5329,0
20150907,15.528,15.575,15.218,15.321,3092,0
20150908,15.218,15.491,15.218,15.434,3793,0
20150909,15.557,15.557,15.434,15.528,810,0
20150910,15.51,15.519,15.302,15.519,2393,0
20150911,15.302,15.472,15.302,15.472,537,0
20150914,15.519,15.528,15.519,15.519,283,0
20150915,15.519,15.519,15.302,15.519,436,0
20150916,15.5,15.5,15.434,15.434,164,0
20150917,15.472,15.5,15.34,15.34,873,0
20150918,15.51,15.51,14.87,15.368,7002,0
20150921,15.34,15.34,15.34,15.34,213,0
20150922,15.331,15.331,15.02,15.321,196,0
20150923,15.048,15.284,14.973,15.274,1008,0
20150924,15.246,15.255,15.058,15.255,350,0
20150925,15.246,15.246,15.246,15.246,255,0
20150928,15.152,15.237,15.011,15.227,1139,0
20150929,15.058,15.227,15.011,15.227,1483,0
20150930,15.058,15.19,14.973,15.133,1810,0
20151001,15.105,15.105,14.597,14.634,3901,0
20151002,14.681,14.728,14.22,14.728,4983,0
20151005,14.766,14.766,14.719,14.719,1403,0
20151006,14.681,15.048,14.493,15.039,2207,0
20151007,15.039,15.039,14.926,15.03,532,0
20151008,15.039,15.048,14.926,15.048,1442,0
20151009,15.058,15.19,15.039,15.058,8717,0
20151012,15.039,15.058,14.964,15.011,2207,0
20151013,15.03,15.039,15.03,15.039,1419,0
20151014,15.048,15.048,14.954,14.954,5628,0
20151015,15.039,15.039,14.982,15.011,465,0
20151016,14.87,15.199,14.87,15.199,1021,0
20151019,15.152,15.152,14.964,15.058,635,0
20151020,14.954,15.048,14.917,15.039,4792,0
20151021,15.011,15.011,14.917,15.011,261,0
20151022,15.039,15.039,14.54,14.87,7264,0
20151023,14.851,14.954,14.597,14.954,3159,0
20151026,14.728,14.775,14.55,14.568,3808,0
20151027,14.681,14.681,14.418,14.587,1587,0
20151028,14.634,14.926,14.493,14.568,1736,0
20151029,14.672,14.672,14.38,14.38,3557,0
20151030,14.427,14.568,14.23,14.277,5565,0
20151102,14.286,14.587,14.286,14.474,2115,0
20151103,14.474,14.474,14.399,14.474,709,0
20151104,14.587,14.587,14.578,14.578,183,0
20151105,14.587,14.587,14.455,14.455,3545,0
20151106,14.455,14.493,14.455,14.493,321,0
20151109,14.493,14.578,14.135,14.559,1899,0
20151110,14.211,14.531,14.211,14.493,829,0
20151112,14.399,14.484,14.399,14.446,2388,0
20151113,14.258,14.474,14.145,14.399,1213,0
20151116,14.211,14.211,14.06,14.117,4128,0
20151117,14.512,14.879,14.399,14.54,25323,0
20151118,14.681,14.681,14.399,14.54,1153,0
20151119,14.568,14.597,14.493,14.587,3057,0
20151120,14.587,14.587,14.512,14.587,6367,0
20151123,14.54,14.54,14.277,14.352,2967,0
20151124,14.399,14.446,14.286,14.437,782,0
20151125,14.399,14.399,14.399,14.399,2926,0
20151126,14.399,14.408,14.277,14.408,674,0
20151127,14.211,14.22,14.211,14.211,519,0
20151130,14.455,14.681,14.455,14.681,148,0
20151201,14.672,14.87,14.248,14.399,75298,0
20151202,14.832,14.832,14.832,14.832,11,0
20151203,14.747,14.747,14.399,14.681,806,0
20151204,14.399,14.578,14.258,14.578,3465,0
20151207,14.54,14.54,14.455,14.54,1428,0
20151208,14.493,14.493,14.032,14.493,825,0
20151209,14.117,14.117,13.712,14.117,4341,0
20151210,14.117,14.117,13.759,14.107,1334,0
20151211,14.107,14.117,13.646,13.646,4725,0
20151214,14.098,14.098,13.157,13.176,17517,0
20151215,13.194,13.947,13.194,13.74,6951,0
20151216,13.646,13.74,13.552,13.552,6638,0
20151217,13.552,13.74,13.514,13.74,7154,0
20151218,13.608,13.721,13.458,13.599,4886,0
20151221,13.608,13.693,13.599,13.693,695,0
20151222,13.646,13.881,13.505,13.533,3629,0
20151223,13.646,13.646,13.505,13.646,2062,0
20151228,13.552,13.646,13.552,13.646,8918,0
20151229,13.505,13.599,13.505,13.552,1000,0
20151230,13.599,13.599,13.524,13.552,1744,0
20160104,14.004,14.004,13.646,13.985,2247,0
20160105,14.013,14.785,14.013,14.785,3544,0
20160107,14.728,14.728,14.493,14.663,340,0
20160108,14.644,14.644,14.117,14.437,3632,0
20160111,14.437,14.634,14.117,14.418,827,0
20160112,14.681,14.681,14.041,14.437,1403,0
20160113,14.211,14.578,14.211,14.474,1491,0
20160114,14.578,14.578,14.117,14.117,7628,0
20160115,14.531,14.531,14.07,14.474,138,0
20160118,14.399,14.399,14.117,14.324,1801,0
20160119,14.117,14.305,14.117,14.258,3044,0
20160120,13.891,14.277,13.891,14.258,632,0
20160121,14.258,14.39,13.891,14.107,3113,0
20160122,14.192,14.192,14.192,14.192,112,0
20160125,14.023,14.117,13.844,13.844,3015,0
20160126,13.928,14.107,13.768,14.07,792,0
20160127,13.768,14.06,13.768,14.023,1059,0
20160128,14.07,14.117,14.07,14.117,638,0
20160129,14.399,14.775,14.399,14.775,17169,0
20160201,14.813,14.813,14.728,14.775,14565,0
20160202,14.775,14.775,14.634,14.766,175,0
20160203,14.691,14.964,14.634,14.954,4926,0
20160204,14.954,15.237,14.954,15.237,4034,0
20160205,15.105,15.208,14.794,15.058,5049,0
20160208,15.039,15.058,14.738,15.058,731,0
20160209,14.87,15.048,14.823,15.048,4079,0
20160210,15.048,15.434,15.048,15.397,2785,0
20160211,15.067,15.434,15.048,15.406,947,0
20160212,15.406,15.406,15.114,15.124,5332,0
20160215,15.34,15.406,15.105,15.34,2210,0
20160216,15.415,15.415,15.415,15.415,53,0
20160217,15.378,15.378,14.823,14.87,5738,0
20160218,15.105,15.105,15.058,15.058,1973,0
20160219,15.218,15.218,15.218,15.218,53,0
20160222,15.058,15.19,15.058,15.086,1559,0
20160223,15.105,15.152,15.058,15.058,1222,0
20160224,15.218,15.246,15.011,15.199,1771,0
20160225,15.19,15.368,15.19,15.293,2597,0
20160226,15.293,15.378,15.293,15.378,2416,0
20160229,15.387,15.519,15.387,15.491,2696,0
20160301,15.5,15.528,15.397,15.528,3995,0
20160302,15.952,15.999,15.679,15.989,11991,0
20160303,15.999,15.999,15.905,15.905,2681,0
20160304,15.905,15.905,15.848,15.905,1108,0
20160307,15.999,15.999,15.942,15.999,2463,0
20160308,15.999,16.281,15.999,16.102,7151,0
20160309,16.187,16.46,16.14,16.14,14678,0
20160310,16.328,16.469,16.328,16.469,2813,0
20160311,16.469,16.469,16.328,16.422,1137,0
20160314,16.469,16.564,16.469,16.517,2996,0
20160315,16.517,16.686,16.517,16.573,3276,0
20160316,16.564,16.676,16.469,16.517,5532,0
20160317,16.517,16.564,16.432,16.469,3022,0
20160318,16.469,16.564,16.441,16.564,3998,0
20160321,16.564,16.582,16.517,16.545,2676,0
20160322,16.545,16.667,15.999,15.999,23360,0
20160323,16.281,16.413,16.281,16.413,5328,0
20160324,16.422,16.46,16.055,16.422,4573,0
20160329,16.422,16.893,16.422,16.799,17168,0
20160330,16.799,16.893,16.479,16.893,5570,0
20160331,16.893,16.893,16.818,16.846,5467,0
20160401,16.818,16.846,16.658,16.846,4889,0
20160404,16.884,16.893,16.846,16.874,3382,0
20160405,16.874,17.1,16.827,17.1,32716,0
20160406,17.1,17.429,16.893,17.232,19124,0
20160407,17.128,17.316,17.109,17.222,3212,0
20160408,17.128,17.128,17.034,17.128,3063,0
20160411,16.893,17.298,16.469,17.128,7110,0
20160412,17.175,17.194,17.081,17.185,1937,0
20160413,17.194,17.373,17.194,17.354,23148,0
20160414,17.364,17.364,17.316,17.364,2806,0
20160415,17.354,17.354,17.298,17.316,5845,0
20160418,17.3164,17.3635,17.2223,17.26,5637,0
20160419,17.2223,17.3164,16.6577,16.9306,8090,0
20160420,16.9306,16.9494,16.78,16.94,13020,0
20160421,16.94,17.3,16.1,17.02,8668,0
20160422,17.2,17.3,16.85,17,10168,0
20160425,17.02,17.1,17.02,17.08,5719,0
20160426,17.02,17.17,17.02,17.14,2108,0
20160427,17.14,17.18,16.91,17.06,4100,0
20160428,17,17,16.9,16.9,1693,0
20160429,16.89,16.89,16.5,16.78,5612,0
20160502,16.78,16.78,16.5,16.78,1115,0
20160504,16.7,16.7,16.32,16.65,5323,0
20160505,16.78,16.78,16.31,16.58,1207,0
20160506,16.58,16.58,16.15,16.2,4811,0
20160509,16.38,16.38,16.07,16.19,4529,0
20160510,16.2,16.2,16,16,2750,0
20160511,16,16.17,16,16,7716,0
20160512,16,16,15.6,15.75,5931,0
20160513,15.98,16.2,15.8,15.8,1771,0
20160516,15.5,15.6,14.95,15.2,23193,0
20160517,15.2,15.49,15.04,15.49,8396,0
20160518,15.48,15.48,15.22,15.47,2800,0
20160519,15.4,15.4,15.17,15.2,4035,0
20160520,15.2,15.23,15.01,15.23,3669,0
20160523,15.19,15.24,14.99,15.24,6974,0
20160524,15.03,15.25,15.02,15.25,997,0
20160525,15.25,15.34,15.19,15.34,1633,0
20160527,15.34,15.34,15.12,15.33,667,0
20160530,15.3,15.3,15.24,15.3,1166,0
20160531,15.3,15.3,15.25,15.25,395,0
20160601,15.26,15.26,14.75,14.98,5912,0
20160602,14.96,14.96,14.75,14.89,2272,0
20160603,14.9,14.9,14.75,14.8,1264,0
20160606,14.86,14.97,14.8,14.81,1537,0
20160607,14.96,15.29,14.96,15.15,2480,0
20160608,15.15,15.34,15.15,15.2,1970,0
20160609,15.32,15.32,15.32,15.32,5,0
20160610,15.3,15.3,15.12,15.19,634,0
20160613,15.17,15.17,15,15,3170,0
20160614,14.95,14.99,14.82,14.82,1824,0
20160615,14.86,14.9,14.86,14.86,835,0
20160616,14.86,14.98,14.86,14.86,1072,0
20160617,14.91,14.91,14.86,14.88,1016,0
20160620,14.86,15.05,14.86,15.05,844,0
20160621,15.05,15.07,14.93,15.07,4690,0
20160622,15.07,15.07,14.86,15.07,11465,0
20160623,15.05,15.05,14.75,14.95,1294,0
20160624,14.65,14.9,14.39,14.85,5750,0
20160627,14.7,14.7,14.5,14.64,2070,0
20160628,14.64,14.7,14.5,14.69,2067,0
20160629,14.75,14.85,14.75,14.76,682,0
20160630,14.77,15.03,14.77,15.02,3104,0
20160701,15.03,15.06,15,15.06,9134,0
20160704,15.1,15.31,15.07,15.31,15560,0
20160705,15.31,15.47,15.31,15.47,10291,0
20160706,15.4,15.47,15.33,15.43,7956,0
20160707,15.43,15.47,15.18,15.47,4025,0
20160708,15.47,15.47,15.1,15.1,172,0
20160711,15.2,15.25,15.01,15.24,2264,0
20160712,15.25,15.3,15.25,15.25,4144,0
20160713,15.25,15.45,15.25,15.42,16436,0
20160714,15.47,15.95,15.47,15.8,18300,0
20160715,15.88,15.88,15.6,15.66,3090,0
20160718,15.66,15.83,15.6,15.83,13952,0
20160719,15.86,15.89,15.8,15.87,3569,0
20160720,15.88,15.88,15.71,15.85,9291,0
20160721,15.85,15.85,15.65,15.75,22012,0
20160722,15.74,15.74,15.61,15.62,5061,0
20160725,15.67,15.67,15.14,15.49,3749,0
20160726,15.47,15.47,15.08,15.08,6868,0
20160727,15.18,15.25,15,15.12,3134,0
20160728,15.1,15.15,15.06,15.06,2698,0
20160729,15.15,15.18,15.15,15.15,1651,0
20160801,15.22,15.74,15.22,15.74,1175,0
20160802,15.6,15.6,15.3,15.6,6979,0
20160803,15.6,15.6,15.5,15.6,1535,0
20160804,15.76,15.76,15.74,15.74,27,0
20160805,15.74,15.9,15.46,15.9,2292,0
20160808,15.9,15.9,15.8,15.89,1048,0
20160809,15.89,16.39,15.89,16.39,8591,0
20160810,16.39,16.59,16.2,16.59,2217,0
20160811,16.59,16.65,16.4,16.65,4818,0
20160812,16.6,16.79,16.55,16.75,2352,0
20160816,16.75,16.9,16.52,16.9,11050,0
20160817,16.9,16.9,16.41,16.9,1138,0
20160818,16.9,16.96,16.89,16.9,3170,0
20160819,16.95,16.95,16.62,16.92,550,0
20160822,16.89,17.08,16.51,17.04,28794,0
20160823,17,17,16.7,16.99,3284,0
20160824,16.93,16.93,16.55,16.9,492,0
20160825,16.87,16.87,16.45,16.77,684,0
20160826,16.77,16.8,16.55,16.8,203,0
20160829,16.92,16.93,16.45,16.92,1300,0
20160830,16.9,16.9,16.84,16.84,475,0
20160831,16.9,17.29,16.7,17.06,22433,0
20160901,17.06,17.27,16.81,17.15,2446,0
20160902,17.15,17.19,16.75,16.75,4286,0
20160905,16.95,17.06,16.8,16.85,873,0
20160906,16.98,17.15,16.74,16.95,6382,0
20160907,17,17.17,16.8,17,46316,0
20160908,17.16,17.16,16.85,16.9,1625,0
20160909,17,17,16.76,16.98,1235,0
20160912,16.5,16.8,16.5,16.65,2306,0
20160913,16.65,16.65,16.51,16.59,940,0
20160914,16.5,16.7,16.5,16.6,5915,0
20160915,16.75,16.75,16.42,16.5,1760,0
20160916,16.5,16.5,16.41,16.49,955,0
20160919,16.48,16.75,16.48,16.75,1561,0
20160920,16.75,16.75,16.59,16.75,515,0
20160921,16.74,16.74,16.5,16.5,2275,0
20160922,16.5,16.7,16.4,16.69,2367,0
20160923,16.64,16.64,16.5,16.5,574,0
20160926,16.35,16.35,16.06,16.2,4744,0
20160927,16.2,16.8,16.11,16.4,8225,0
20160928,16.3,16.73,16.3,16.37,7238,0
20160929,16.45,16.79,16.45,16.79,2123,0
20160930,16.9,16.9,16.7,16.9,4160,0
20161003,16.92,17.18,16.41,16.41,7970,0
20161004,16.9,16.93,16.65,16.88,23864,0
20161005,16.88,17.71,16.88,17.67,71847,0
20161006,17.7,17.95,17.67,17.9,26059,0
20161007,17.89,18.49,17.42,17.93,87573,0
20161010,17.81,17.93,17.5,17.93,6162,0
20161011,17.6,17.9,17.37,17.7,4149,0
20161012,17.6,17.6,17.36,17.59,4870,0
20161013,17.58,17.58,17.4,17.5,4625,0
20161014,17.5,17.5,17.4,17.45,1285,0
20161017,17.45,17.5,17.4,17.49,10020,0
20161018,17.49,17.5,17.42,17.5,7370,0
20161019,17.45,17.5,16.81,16.82,17525,0
20161020,16.88,17.5,16.84,17.4,2641,0
20161021,17.4,17.4,17.39,17.39,441,0
20161024,17.39,17.4,17.21,17.4,20893,0
20161025,17.39,17.4,17.18,17.37,3590,0
20161026,17.18,17.4,17,17,31360,0
20161027,17,17.1,16.9,17,5895,0
20161028,17.25,17.29,16.9,17.19,8025,0
20161031,17.29,17.29,16.92,17.2,8209,0
20161102,17.05,17.05,16.8,16.8,6280,0
20161103,16.8,16.89,16.58,16.82,3923,0
20161104,16.77,16.81,16.59,16.81,3432,0
20161107,16.9,17.05,16.9,16.95,2499,0
