Date,Open,High,Low,Close,Volume,OpenInt
20071009,8.1918,8.2099,7.3286,7.7603,55723,0
20071010,8.0481,8.102,7.6613,7.8953,27368,0
20071011,7.8953,8.129,7.8772,8.093,13878,0
20071012,8.0841,8.0841,7.7332,7.8683,8508,0
20071015,7.6254,7.9491,7.6254,7.8502,9466,0
20071016,7.8233,7.8502,7.6704,7.8502,12270,0
20071017,7.8683,8.147,7.8592,8.093,33380,0
20071018,8.111,8.129,7.9581,7.9581,2810,0
20071019,7.8323,8.039,7.8052,7.9311,4556,0
20071022,7.6524,7.8592,7.4636,7.8592,18441,0
20071023,7.7332,7.8233,7.7332,7.7423,4854,0
20071024,7.6074,7.6434,7.6074,7.6344,2772,0
20071025,7.5625,7.6884,7.5625,7.6254,9191,0
20071026,7.6165,7.7153,7.4636,7.5535,2225,0
20071029,7.4367,7.5984,7.4367,7.4816,5333,0
20071030,7.5264,7.5535,7.4456,7.5535,4169,0
20071031,7.5535,7.6434,7.5535,7.6434,6022,0
20071102,7.6254,7.985,7.6254,7.8233,6071,0
20071105,7.9941,7.9941,7.6434,7.7782,5184,0
20071106,7.7782,7.9491,7.6974,7.6974,2758,0
20071107,7.5535,7.7872,7.2477,7.5445,7750,0
20071108,6.5643,7.2746,6.5643,7.023,5355,0
20071109,6.978,7.1938,6.7441,6.7801,6301,0
20071112,6.7801,7.1038,6.7441,6.7622,3488,0
20071113,6.5643,7.014,6.5643,6.7352,3665,0
20071114,7.1308,7.1308,6.7532,6.7622,2219,0
20071115,6.7622,6.7622,5.89,5.89,5493,0
20071116,6.6093,6.6093,5.9349,6.3395,8587,0
20071119,6.6902,6.6902,6.0517,6.4474,1320,0
20071120,6.2946,6.4294,6.2046,6.2766,11236,0
20071121,6.0248,6.1956,5.845,5.845,7812,0
20071122,5.89,6.2855,5.4853,6.2855,13254,0
20071123,6.2946,6.3215,6.2046,6.2946,16849,0
20071126,6.2855,6.3126,6.1597,6.2946,7108,0
20071127,6.2495,6.2946,6.1237,6.2946,4507,0
20071128,6.2946,6.5643,6.1507,6.5643,20229,0
20071129,6.7441,6.7441,6.3036,6.7171,7697,0
20071130,6.6722,6.6722,6.4205,6.6542,1575,0
20071203,6.7441,6.7441,6.5194,6.7352,2133,0
20071204,6.7441,6.7441,6.6542,6.6542,1318,0
20071205,6.5823,6.7262,6.5643,6.7171,3901,0
20071206,6.7262,6.8341,6.5643,6.7441,2644,0
20071207,6.5643,6.7441,6.5643,6.7441,3563,0
20071210,6.7352,6.7441,6.6993,6.7441,3130,0
20071211,6.7441,6.915,6.6993,6.87,11045,0
20071212,6.87,6.987,6.4834,6.987,4443,0
20071213,6.987,7.014,6.7441,7.005,7880,0
20071214,7.014,7.032,6.8072,7.014,7394,0
20071217,7.014,7.014,6.7622,6.9239,2989,0
20071218,6.978,7.1038,6.7441,6.9239,51849,0
20071219,6.942,6.9959,6.7171,6.7441,11445,0
20071220,6.7532,6.87,6.4114,6.5643,14710,0
20071221,6.7262,6.7262,6.3215,6.4564,6505,0
20071227,6.5464,6.5643,6.5194,6.5643,5228,0
20071228,6.4744,6.987,6.4653,6.987,7620,0
20080102,6.96,6.96,6.7441,6.9061,2420,0
20080103,6.7082,6.8252,6.5823,6.7352,16657,0
20080104,6.7262,6.987,6.7262,6.978,21173,0
20080107,6.969,6.978,6.7441,6.978,5581,0
20080108,6.8791,6.969,6.8791,6.888,32347,0
20080109,6.888,6.888,6.5643,6.7891,6176,0
20080110,6.5913,6.8252,6.5913,6.6183,5800,0
20080111,6.5823,6.87,6.5823,6.87,2774,0
20080114,6.6993,6.8252,6.5643,6.7441,14400,0
20080115,6.5734,6.8252,6.5734,6.7441,560,0
20080116,5.845,6.3756,5.845,6.1148,7279,0
20080117,6.0248,6.6362,5.8719,6.6362,25536,0
20080118,6.5643,6.6273,6.3126,6.6273,15554,0
20080121,6.6273,6.6273,6.1597,6.2946,460,0
20080122,5.8629,6.2855,5.8629,6.2046,3113,0
20080123,6.2946,6.7441,6.2946,6.3575,5864,0
20080124,6.87,6.87,6.2226,6.3126,4775,0
20080125,6.3845,6.4744,6.2676,6.2676,4412,0
20080128,6.8791,6.8791,6.5643,6.5734,10824,0
20080129,6.7352,6.7891,6.5734,6.6183,12223,0
20080130,6.8161,6.8161,6.7441,6.7891,5331,0
20080131,6.7891,6.969,6.7891,6.96,20050,0
20080201,6.9239,7.1938,6.7441,7.1757,13085,0
20080204,7.1848,7.5354,7.1848,7.2118,4527,0
20080205,7.5264,7.5264,7.014,7.0499,4456,0
20080206,6.5913,7.1848,6.5913,7.1757,7061,0
20080207,7.1757,7.5084,6.7622,7.3196,11665,0
20080208,7.3286,7.3647,7.2837,7.3466,8370,0
20080211,7.3466,7.7243,7.3466,7.7243,9109,0
20080212,7.6434,7.6434,7.4006,7.6344,7413,0
20080213,7.7243,7.9131,7.4186,7.9131,6837,0
20080214,7.8142,7.9131,7.5084,7.5625,9340,0
20080215,7.5714,7.5714,7.1938,7.3736,7560,0
20080218,7.7153,7.7153,7.4186,7.4816,1185,0
20080219,7.3286,7.3286,7.1938,7.3196,4802,0
20080220,7.5535,7.5535,7.1938,7.2388,3046,0
20080221,7.2837,7.5535,7.1128,7.4636,2492,0
20080222,7.2837,7.5445,7.2837,7.5445,257,0
20080225,7.3647,7.5535,7.014,7.5535,17432,0
20080226,7.3017,7.5714,7.3017,7.4995,6799,0
20080227,7.3736,7.5535,7.3647,7.5535,8857,0
20080228,7.3017,7.5535,6.96,7.5535,13749,0
20080229,7.3736,7.4905,7.1938,7.4636,4113,0
20080303,7.1938,7.4636,7.1938,7.4636,13714,0
20080304,7.4636,7.5354,7.3556,7.5354,7120,0
20080305,7.5445,7.5445,7.2927,7.2927,1935,0
20080306,7.3736,7.3736,7.1938,7.1938,3935,0
20080307,7.1938,7.3736,7.1938,7.3647,2376,0
20080310,7.3286,7.3286,7.3286,7.3286,222,0
20080311,7.3286,7.3736,7.2118,7.2118,2008,0
20080312,7.2837,7.4636,7.2837,7.4545,3521,0
20080313,7.4905,7.5084,7.1488,7.4905,11463,0
20080314,7.4905,7.6254,7.2837,7.5535,19062,0
20080317,7.2837,7.5535,7.2837,7.5535,3704,0
20080318,7.2837,7.5535,7.2837,7.5535,4826,0
20080319,7.5354,7.6434,7.5354,7.6434,11886,0
20080320,7.6434,7.6434,7.4276,7.6344,3280,0
20080325,7.2837,7.8683,7.2837,7.8683,6720,0
20080326,7.6344,8.093,7.6344,7.8323,21805,0
20080327,7.4186,7.9042,7.3825,7.6434,8197,0
20080328,7.9131,8.0031,7.6524,7.8323,6850,0
20080401,7.7332,7.985,7.5625,7.9491,8326,0
20080402,8.0211,8.5427,7.9581,8.2009,28304,0
20080403,8.3628,8.4077,8.2279,8.2279,4587,0
20080404,8.2728,8.3178,8.1829,8.1829,2031,0
20080407,8.1829,8.3088,8.111,8.3088,2001,0
20080408,8.3088,8.3088,8.12,8.129,1839,0
20080409,8.129,8.2279,7.8323,8.2189,3121,0
20080410,7.9671,8.2279,7.9671,8.2189,507,0
20080411,8.1829,8.2549,8.093,8.093,1660,0
20080414,8.0031,8.0031,7.9131,7.9131,2601,0
20080415,7.8323,7.9221,7.8323,7.8683,3352,0
20080416,7.9042,7.9042,7.7243,7.7243,1032,0
20080417,7.8142,7.8142,7.5625,7.5625,1962,0
20080418,7.5625,7.7332,7.4726,7.7332,4262,0
20080421,7.7243,7.7332,7.3736,7.7332,3555,0
20080422,7.2298,7.4636,7.014,7.4636,3931,0
20080423,7.5535,7.6884,6.969,7.2118,3860,0
20080424,7.2208,7.4995,6.8341,7.2837,32909,0
20080425,7.2746,7.2837,7.2657,7.2657,1974,0
20080428,7.1938,7.4995,7.1938,7.4995,13927,0
20080429,7.4636,7.4636,7.3736,7.4545,2545,0
20080430,7.5625,8.1379,7.5625,8.093,23926,0
20080505,8.093,8.2368,8.0121,8.1829,21515,0
20080506,8.1379,8.2279,8.1379,8.2279,2377,0
20080507,8.1829,8.2099,8.1379,8.2099,6087,0
20080508,8.102,8.2009,8.102,8.2009,2524,0
20080509,8.102,8.1829,8.102,8.1829,136,0
20080512,8.0121,8.0481,7.8412,7.8412,4091,0
20080513,8.1829,8.1829,7.7513,8.057,3365,0
20080514,7.9131,8.1829,7.9131,8.1829,1102,0
20080515,8.1649,8.1649,8.1379,8.147,634,0
20080516,7.8502,8.093,7.8502,8.093,958,0
20080519,7.8233,8.0031,7.8233,8.0031,568,0
20080520,7.9131,7.9131,7.8683,7.9131,766,0
20080521,7.8412,7.8412,7.2027,7.2657,6318,0
20080523,7.3286,7.5445,7.2837,7.5445,3066,0
20080526,7.9042,8.0481,7.5535,8.039,10316,0
20080527,8.093,8.093,7.9131,8.0031,1354,0
20080528,8.0031,8.0031,7.6344,7.9131,4326,0
20080529,7.9131,7.9131,7.9131,7.9131,248,0
20080530,7.8233,7.8683,7.2837,7.8683,4807,0
20080602,7.8052,7.8052,7.6434,7.6434,876,0
20080603,7.6344,7.6434,7.1938,7.4636,6023,0
20080604,7.5445,7.5445,7.5445,7.5445,101,0
20080605,7.5984,7.6434,7.2837,7.6434,1196,0
20080606,7.5984,7.5984,7.3196,7.3196,637,0
20080609,7.6613,7.6613,7.3466,7.5984,59,0
20080610,7.1938,7.5984,7.1938,7.5445,3303,0
20080611,7.1938,7.3736,6.852,7.2746,2363,0
20080612,7.5354,7.5354,7.1038,7.2837,707,0
20080613,7.041,7.1938,6.897,7.1488,1740,0
20080616,7.1938,7.2837,7.0588,7.0588,4178,0
20080617,7.2746,7.2746,6.7712,7.1938,5939,0
20080618,6.987,7.1488,6.7891,7.1038,4449,0
20080619,7.1308,7.2837,7.1128,7.1848,6848,0
20080620,6.9239,7.1938,6.8161,7.1848,953,0
20080623,6.7622,7.1848,6.7622,7.1398,459,0
20080624,6.8341,7.0948,6.7532,6.915,1285,0
20080625,7.005,7.005,6.7441,6.8791,1496,0
20080626,6.6273,6.915,6.6093,6.7441,1456,0
20080627,6.4744,6.7891,6.2946,6.7891,4191,0
20080630,6.9061,6.9061,6.8341,6.8341,535,0
20080701,6.8341,6.8341,6.4834,6.7891,179,0
20080702,6.8252,6.8252,6.8252,6.8252,1,0
20080703,6.7441,6.7441,6.3845,6.3845,781,0
20080704,6.3845,6.7801,6.3845,6.6542,676,0
20080707,6.8341,6.8341,6.8341,6.8341,1,0
20080708,6.2946,6.8252,6.2046,6.7441,894,0
20080709,6.8252,6.8252,6.7981,6.7981,293,0
20080710,7.005,7.005,6.6093,6.7262,361,0
20080711,7.014,7.014,6.5283,6.5283,650,0
20080714,6.2135,6.6452,6.2135,6.4744,443,0
20080715,6.6362,6.6362,6.6362,6.6362,1,0
20080716,6.8252,6.8252,6.1688,6.5554,1862,0
20080717,6.2946,6.8072,6.2495,6.5643,402,0
20080718,6.4744,6.4744,6.4653,6.4744,565,0
20080721,6.4744,6.5464,6.1956,6.2046,1578,0
20080722,6.4744,6.5194,6.4564,6.5194,1789,0
20080723,6.5194,6.7441,6.2676,6.6542,1700,0
20080724,6.6542,6.6542,6.1148,6.1148,13010,0
20080725,6.2495,6.2855,6.2495,6.2495,497,0
20080728,6.0158,6.2766,6.0158,6.2495,1592,0
20080729,6.1597,6.2855,6.1597,6.2766,1150,0
20080730,6.2855,6.4205,6.2855,6.3935,950,0
20080731,6.4474,6.4474,6.2316,6.2316,1340,0
20080801,6.2946,6.2946,5.89,6.1237,2194,0
20080804,6.5194,6.5194,6.5104,6.5104,113,0
20080805,6.4294,6.4294,6.2855,6.2855,2480,0
20080806,6.2946,6.2946,6.1597,6.1597,2612,0
20080807,5.9798,6.3845,5.9798,6.3845,70,0
20080808,6.2946,6.2946,6.2946,6.2946,222,0
20080811,6.3395,6.3486,6.1866,6.1866,1917,0
20080812,6.2046,6.2046,6.0248,6.0248,1344,0
20080814,6.0697,6.3395,6.0697,6.1148,1041,0
20080820,6.1327,6.1327,6.1327,6.1327,520,0
20080821,6.1597,6.1597,6.0337,6.1148,389,0
20080822,6.1866,6.1866,5.917,6.1507,1437,0
20080825,5.9439,5.9439,5.9439,5.9439,556,0
20080826,5.845,5.845,5.836,5.845,954,0
20080827,5.9439,6.0158,5.845,6.0158,761,0
20080828,6.0517,6.1148,6.0517,6.1148,3654,0
20080829,6.0968,6.0968,6.0968,6.0968,55,0
20080901,6.0968,6.1148,5.6921,6.1148,3821,0
20080902,5.836,6.1148,5.764,6.1148,6133,0
20080903,5.8719,6.2046,5.8719,6.2046,700,0
20080904,6.2495,6.2495,6.2495,6.2495,222,0
20080905,6.0248,6.2946,6.0248,6.0697,1236,0
20080908,6.2855,6.2855,6.2495,6.2495,272,0
20080909,6.2046,6.3756,6.2046,6.3756,416,0
20080910,6.2855,6.3845,6.0248,6.2046,4370,0
20080911,6.2946,6.2946,6.0337,6.0697,978,0
20080912,6.1597,6.1597,6.0337,6.1057,910,0
20080915,6.0337,6.0697,5.5931,5.6021,3005,0
20080916,5.5751,5.5751,5.4853,5.5751,8111,0
20080917,5.755,5.755,5.5751,5.5751,4749,0
20080918,5.2245,5.4583,5.2155,5.4583,891,0
20080919,5.2335,5.4762,5.1615,5.4762,4191,0
20080922,5.4313,5.4313,5.4313,5.4313,556,0
20080923,5.3055,5.3055,5.1615,5.3055,1316,0
20080924,5.2964,5.2964,5.1705,5.2155,963,0
20080925,5.1705,5.2155,4.8559,5.1885,1394,0
20080926,5.2155,5.2155,5.2155,5.2155,55,0
20080929,4.9817,4.9817,4.9817,4.9817,300,0
20080930,4.6759,4.721,4.4961,4.5231,7086,0
20081001,4.9366,4.9366,4.6759,4.721,2451,0
20081002,4.9366,4.9457,4.721,4.8559,2188,0
20081003,4.9457,4.9457,4.7659,4.9457,754,0
20081006,4.9907,4.9907,4.6759,4.8917,4061,0
20081007,4.8378,4.8559,4.7659,4.8108,1859,0
20081008,4.4961,4.5771,4.3432,4.5771,15590,0
20081009,4.586,4.586,4.4871,4.586,661,0
20081010,4.2712,4.4511,4.2443,4.4332,12769,0
20081013,4.4961,4.4961,4.3253,4.4511,8751,0
20081014,4.631,4.631,4.3522,4.3522,7612,0
20081015,4.4961,4.4961,4.2443,4.2443,6694,0
20081016,4.2443,4.6759,4.1274,4.3613,7128,0
20081017,4.3613,4.4691,4.2533,4.4511,4181,0
20081020,4.3522,4.559,4.3522,4.4061,35530,0
20081021,4.3163,4.5411,4.3163,4.5411,409,0
20081022,4.3432,4.4961,4.2264,4.2264,14535,0
20081023,4.2443,4.3613,4.1724,4.3613,2680,0
20081024,4.1724,4.3613,4.1364,4.2624,5134,0
20081027,4.3163,4.3163,4.1454,4.2174,3337,0
20081028,4.2174,4.2264,4.2174,4.2174,2002,0
20081029,4.2264,4.2353,4.2174,4.2264,2873,0
20081030,4.3163,4.3163,4.1815,4.2264,2477,0
20081031,4.1724,4.2264,4.1364,4.1364,1969,0
20081103,4.0645,4.1364,4.0285,4.0285,6020,0
20081104,3.9386,4.0106,3.9297,4.0106,3736,0
20081105,3.9566,3.9926,3.8755,3.9926,8302,0
20081106,3.8577,3.9386,3.7768,3.9386,991,0
20081107,3.8667,3.8667,3.8577,3.8667,2780,0
20081110,3.7678,3.8755,3.6868,3.8755,2880,0
20081112,3.7768,3.7947,3.5969,3.6868,5937,0
20081113,3.552,3.552,3.552,3.552,2882,0
20081114,3.6868,3.6868,3.498,3.498,4024,0
20081117,3.4169,3.4169,3.2462,3.3091,7189,0
20081118,3.3272,3.3721,3.2372,3.3272,344,0
20081119,3.3631,3.3631,3.2372,3.2372,191,0
20081120,3.2282,3.2282,3.2282,3.2282,10,0
20081121,3.2101,3.2101,3.1473,3.1923,2979,0
20081124,3.0753,3.1832,3.0753,3.1832,2736,0
20081125,3.2372,3.3272,3.2372,3.3182,13691,0
20081126,3.39,3.39,3.381,3.381,2475,0
20081127,3.3991,3.3991,3.2642,3.3272,912,0
20081128,3.2372,3.3991,3.2372,3.3721,18636,0
20081201,3.3451,3.3451,3.3451,3.3451,66,0
20081202,3.3272,3.3631,3.3272,3.3631,62,0
20081203,3.39,3.39,3.39,3.39,6,0
20081204,3.3631,3.3631,3.3631,3.3631,10,0
20081205,3.39,3.39,3.2821,3.2821,1702,0
20081208,3.3721,3.3721,3.2101,3.2101,2808,0
20081209,3.2372,3.2372,3.1204,3.1204,3559,0
20081210,3.0664,3.1023,3.0574,3.0574,3765,0
20081211,3.0934,3.0934,3.0034,3.0574,1123,0
20081212,2.9225,3.0124,2.9045,2.9045,3329,0
20081215,2.9225,2.9225,2.9225,2.9225,1113,0
20081216,2.9136,2.9136,2.8775,2.8775,831,0
20081217,2.7876,2.7876,2.6527,2.6977,9727,0
20081218,2.6348,2.7606,2.6348,2.7606,1864,0
20081219,2.6527,2.6887,2.6527,2.6887,3240,0
20081222,2.6977,2.7426,2.6977,2.7426,1809,0
20081223,2.7876,2.7876,2.6708,2.6708,1604,0
20081229,2.6527,2.6527,2.6527,2.6527,445,0
20081230,2.6257,2.6618,2.5448,2.6527,1265,0
20081231,2.5628,2.6527,2.5628,2.6527,2898,0
20090105,2.6618,2.7156,2.6618,2.7156,22,0
20090106,2.7067,2.7067,2.455,2.455,15019,0
20090107,2.455,2.4909,2.2929,2.338,16317,0
20090108,2.2929,2.2929,2.1402,2.1581,26355,0
20090109,2.1581,2.1581,2.0412,2.0412,13857,0
20090112,2.0412,2.0412,1.8613,1.8883,22322,0
20090113,1.7534,2.0951,1.7175,1.8344,125258,0
20090114,1.8883,2.0861,1.8524,2.0233,185900,0
20090115,1.9244,2.0233,1.8075,1.8434,36150,0
20090116,1.8883,1.9063,1.7894,1.9063,27480,0
20090119,1.9333,1.9423,1.8794,1.8794,4055,0
20090120,1.8434,1.9423,1.8254,1.8794,14947,0
20090121,1.8165,1.8524,1.7624,1.7894,14149,0
20090122,1.8434,1.8524,1.6365,1.7085,15439,0
20090123,1.6455,1.6815,1.4837,1.5197,14534,0
20090126,1.5467,1.5467,1.4567,1.4567,7906,0
20090127,1.4567,1.4567,1.3939,1.4028,15667,0
20090128,1.4028,1.4028,1.3578,1.3578,22078,0
20090129,1.3758,1.3758,1.115,1.115,76704,0
20090130,1.1331,1.1421,1.0161,1.115,49123,0
20090202,1.115,1.187,1.0431,1.097,125785,0
20090203,1.124,1.3129,1.124,1.1421,225966,0
20090204,1.178,1.3489,1.124,1.2049,218992,0
20090205,1.2229,1.3308,1.214,1.3308,86102,0
20090206,1.3308,1.4028,1.3038,1.3578,89631,0
20090209,1.3578,1.3578,1.2499,1.3038,40135,0
20090210,1.286,1.286,1.1959,1.2409,26838,0
20090211,1.2499,1.2499,1.1421,1.214,33233,0
20090212,1.169,1.214,1.151,1.151,16325,0
20090213,1.1959,1.1959,1.1421,1.1421,12220,0
20090216,1.1421,1.1421,1.052,1.1331,46946,0
20090217,1.0431,1.097,1.0251,1.0791,26322,0
20090218,1.0791,1.1421,1.0072,1.1421,9289,0
20090219,1.1331,1.151,1.052,1.0611,9289,0
20090220,1.0611,1.1421,0.9891,1.0341,20365,0
20090223,1.0161,1.0161,0.9262,0.9353,4527,0
20090224,0.9262,0.9622,0.9082,0.9082,7308,0
20090225,0.9082,1.0431,0.9082,1.0431,6195,0
20090226,0.9442,1.0161,0.9442,1.0161,2113,0
20090227,0.9533,0.9801,0.9533,0.9712,11143,0
20090302,0.9981,1.0072,0.9801,0.9801,2224,0
20090303,0.9891,1.0251,0.9533,0.9533,6841,0
20090304,0.9533,0.9712,0.9262,0.9533,12697,0
20090305,0.9981,1.0161,0.9622,0.9622,10765,0
20090306,0.9622,0.9712,0.9442,0.9712,3053,0
20090309,0.9172,0.9442,0.9172,0.9442,381,0
20090310,0.9981,1.151,0.9891,1.151,22622,0
20090311,1.0611,1.16,1.0611,1.097,9462,0
20090312,1.124,1.16,1.0341,1.1061,5527,0
20090313,1.0611,1.124,1.0611,1.124,9414,0
20090316,1.115,1.2948,1.115,1.2589,90206,0
20090317,1.2589,1.2589,1.1331,1.16,80295,0
20090318,1.1331,1.151,1.1331,1.151,3484,0
20090319,1.16,1.16,1.1331,1.151,16168,0
20090320,1.1421,1.3668,1.1421,1.3399,134247,0
20090323,1.2769,1.4387,1.2769,1.4387,48955,0
20090324,1.4658,1.4658,1.3219,1.3219,213177,0
20090325,1.3399,1.3399,1.214,1.3129,224953,0
20090326,1.3219,1.3219,1.2229,1.2679,49858,0
20090327,1.3129,1.3308,1.2499,1.2589,83696,0
20090330,1.2499,1.2589,1.2499,1.2589,5805,0
20090331,1.2499,1.2589,1.2318,1.2589,12668,0
20090401,1.2589,1.2589,1.214,1.2589,8685,0
20090402,1.2589,1.3308,1.2589,1.2769,60771,0
20090403,1.3038,1.3038,1.2318,1.2769,54102,0
20090406,1.2589,1.3219,1.2589,1.3038,59246,0
20090407,1.3038,1.4028,1.3038,1.3758,162231,0
20090408,1.3939,1.4658,1.3668,1.4658,101621,0
20090409,1.5017,1.7534,1.5017,1.7265,232323,0
20090414,1.7085,1.8434,1.6187,1.8075,114293,0
20090415,1.7894,1.8075,1.7355,1.7805,35256,0
20090416,1.7805,1.9783,1.7534,1.9783,53336,0
20090417,1.9783,2.0682,1.8524,1.9423,70183,0
20090420,1.9063,1.9063,1.7446,1.7985,76672,0
20090421,1.7985,1.8254,1.7355,1.7985,41525,0
20090422,1.8613,1.9244,1.7985,1.8434,21269,0
20090423,1.8794,1.8794,1.7985,1.8704,15796,0
20090424,1.8794,1.8794,1.7985,1.8524,29379,0
20090427,1.8524,1.8524,1.7624,1.8344,44679,0
20090428,1.7534,1.8254,1.6635,1.8075,41874,0
20090429,1.7534,1.8704,1.7534,1.8344,19325,0
20090430,1.8344,1.9153,1.7894,1.8254,20886,0
20090504,1.8434,1.8434,1.7715,1.7985,38958,0
20090505,1.8434,1.8434,1.7805,1.7985,31323,0
20090506,1.7985,1.8254,1.7534,1.8254,17646,0
20090507,1.7534,1.7985,1.7534,1.7985,11533,0
20090508,1.7534,1.7985,1.7085,1.7534,13087,0
20090511,1.7446,1.7446,1.5826,1.5826,45699,0
20090512,1.6187,1.6995,1.6007,1.6905,33893,0
20090513,1.7175,1.7175,1.6545,1.6815,8047,0
20090514,1.7446,1.7446,1.6365,1.7355,14434,0
20090515,1.7355,1.7355,1.6635,1.7085,8681,0
20090518,1.6635,1.6995,1.6007,1.6635,3524,0
20090519,1.6995,1.6995,1.5917,1.6365,36035,0
20090520,1.6635,1.6815,1.6187,1.6815,16229,0
20090521,1.6815,1.6815,1.6276,1.6815,56492,0
20090522,1.6635,1.6995,1.6007,1.6905,23032,0
20090525,1.7085,1.7085,1.6187,1.6635,4660,0
20090526,1.6007,1.7534,1.6007,1.7265,14830,0
20090527,1.7715,1.7894,1.6905,1.6995,21236,0
20090528,1.7715,1.7715,1.6905,1.7175,4695,0
20090529,1.7175,1.7805,1.6097,1.7085,26683,0
20090601,1.7085,1.7355,1.6455,1.7355,10711,0
20090602,1.7265,1.7355,1.5737,1.6276,47562,0
20090603,1.7355,1.7355,1.6365,1.6905,17857,0
20090604,1.6365,1.7085,1.6187,1.6995,12236,0
20090605,1.6635,1.6995,1.6635,1.6635,8687,0
20090608,1.6455,1.7446,1.6276,1.6635,24957,0
20090609,1.7265,1.7624,1.6726,1.7355,17637,0
20090610,1.7265,1.7985,1.6905,1.7894,19798,0
20090612,1.8075,1.9692,1.8075,1.9423,113556,0
20090615,1.9964,2.0053,1.8524,1.8524,51969,0
20090616,1.7985,1.8075,1.6905,1.7534,64759,0
20090617,1.6905,1.7624,1.6726,1.6815,29526,0
20090618,1.6815,1.7624,1.6726,1.7175,24673,0
20090619,1.6995,1.7085,1.6187,1.7085,32221,0
20090622,1.7085,1.7085,1.5556,1.5737,17431,0
20090623,1.5826,1.6187,1.5826,1.6187,10921,0
20090624,1.6635,1.6635,1.6635,1.6635,322,0
20090625,1.6187,1.6187,1.5737,1.5826,9973,0
20090626,1.5826,1.6187,1.5826,1.5917,10001,0
20090629,1.6365,1.6635,1.6187,1.6545,3897,0
20090630,1.6545,1.6726,1.5917,1.6726,7507,0
20090701,1.6905,1.6905,1.6905,1.6905,10,0
20090702,1.6187,1.6365,1.5287,1.6365,61288,0
20090703,1.6455,1.6726,1.5917,1.5917,4294,0
20090706,1.6455,1.6635,1.5826,1.6097,10170,0
20090707,1.6545,1.7624,1.5826,1.6635,47241,0
20090708,1.6635,1.6635,1.6635,1.6635,4626,0
20090709,1.6635,1.7446,1.6365,1.6365,15263,0
20090710,1.7085,1.7085,1.6455,1.6995,1029,0
20090713,1.6635,1.6815,1.6635,1.6815,14667,0
20090714,1.6455,1.8344,1.6365,1.8344,127681,0
20090715,1.8344,1.8613,1.7985,1.7985,36984,0
20090716,1.7355,1.8254,1.7265,1.7985,27267,0
20090717,1.7985,1.7985,1.7715,1.7985,15596,0
20090720,1.8254,1.8883,1.7894,1.8883,26273,0
20090721,1.8165,1.9964,1.8165,1.9964,54714,0
20090722,2.0233,2.5898,1.9783,2.3649,284024,0
20090723,2.3649,2.4279,2.2032,2.383,87491,0
20090724,2.383,2.383,2.1581,2.248,85219,0
20090727,2.2929,2.2929,2.0682,2.1042,49572,0
20090728,2.1042,2.1221,1.9603,2.0323,43935,0
20090729,2.0503,2.248,2.0412,2.1402,79491,0
20090730,2.1851,2.2301,2.0861,2.1491,103341,0
20090731,2.2121,2.2391,2.0861,2.1221,30894,0
20090803,2.1402,2.1402,2.0682,2.1221,15611,0
20090804,2.1402,2.2121,1.9692,2.1042,46668,0
20090805,2.0682,2.1941,2.0682,2.1131,33453,0
20090806,2.0682,2.1941,2.0682,2.1941,18089,0
20090807,2.1851,2.2929,2.1851,2.248,21317,0
20090810,2.248,2.41,2.2391,2.338,43498,0
20090811,2.3649,2.5178,2.2929,2.4729,42507,0
20090812,2.4729,2.4729,2.4279,2.4729,54547,0
20090813,2.4729,2.7156,2.4729,2.7067,77986,0
20090814,2.7156,2.9674,2.7156,2.7876,169334,0
20090817,2.8505,2.9225,2.5898,2.6167,78962,0
20090818,2.6078,2.6796,2.5988,2.5988,98736,0
20090819,2.6348,3.0394,2.5898,3.0394,71285,0
20090820,3.0574,3.48,2.9494,3.4169,139779,0
20090821,3.4169,3.5969,3.1023,3.5609,59853,0
20090824,3.5609,4.0375,3.5609,3.7407,122229,0
20090825,3.8036,3.8577,3.6958,3.8216,43893,0
20090826,3.8307,3.9027,3.48,3.7498,51240,0
20090827,3.7407,3.7407,3.5609,3.6239,27630,0
20090828,3.6239,3.6239,3.507,3.534,24463,0
20090831,3.4889,3.4889,3.3451,3.3451,35511,0
20090901,3.4169,3.507,3.2552,3.4169,27669,0
20090902,3.3182,3.3182,2.9854,3.0574,28883,0
20090903,3.0124,3.1204,2.9225,2.9764,31815,0
20090904,3.0214,3.5699,2.9854,3.2372,43504,0
20090907,3.3721,3.435,3.3272,3.3451,14002,0
20090908,3.462,3.462,3.2821,3.4169,22453,0
20090909,3.3451,3.4169,3.3272,3.3721,16510,0
20090910,3.3362,3.3362,3.1742,3.2821,22589,0
20090911,3.2821,3.3182,3.2372,3.3182,14837,0
20090914,3.1653,3.1923,3.0214,3.1923,7730,0
20090915,3.1923,3.3721,3.1923,3.2642,31067,0
20090916,3.2911,3.3541,3.2731,3.3362,28449,0
20090917,3.3631,3.5879,3.3362,3.507,48909,0
20090918,3.507,3.507,3.3362,3.48,34219,0
20090921,3.3631,3.6148,3.3631,3.6148,42351,0
20090922,3.9116,4.0015,3.5969,3.5969,164423,0
20090923,3.6418,3.6418,3.507,3.552,24002,0
20090924,3.552,3.552,3.2821,3.2821,15325,0
20090925,3.2821,3.2821,3.1204,3.1653,42201,0
20090928,3.1653,3.2282,3.1473,3.2282,21869,0
20090929,3.2372,3.408,3.2372,3.2372,18132,0
20090930,3.2013,3.3272,3.1294,3.1923,69886,0
20091001,3.2642,3.2642,3.1294,3.1383,1948,0
20091002,3.0574,3.2642,3.0484,3.2192,74698,0
20091005,3.2821,3.7498,3.2821,3.7498,104073,0
20091006,3.7498,3.9656,3.6599,3.9656,291809,0
20091007,4.0015,4.0375,3.6868,4.0375,298604,0
20091008,4.0375,4.0375,3.8216,3.9386,24071,0
20091009,3.9926,3.9926,3.7319,3.7319,7376,0
20091012,3.7048,3.7228,3.408,3.7228,47200,0
20091013,3.7228,3.7228,3.5699,3.7228,7003,0
20091014,3.6148,3.8396,3.5609,3.6868,28340,0
20091015,3.6599,3.6958,3.5879,3.6958,38851,0
20091016,3.7228,3.7228,3.5969,3.6868,16143,0
20091019,3.6688,3.7138,3.6599,3.7048,19764,0
20091020,3.6058,3.9926,3.5789,3.9566,46715,0
20091021,3.9475,4.1364,3.8126,4.0285,57619,0
20091022,3.9116,3.9566,3.7319,3.7858,26580,0
20091023,3.9475,3.9566,3.6599,3.6868,59456,0
20091026,3.6148,3.8486,3.6148,3.6688,12274,0
20091027,3.7588,3.7588,3.5969,3.7407,32657,0
20091028,3.6148,3.7319,3.5699,3.6058,32658,0
20091029,3.5879,3.7407,3.507,3.6599,35536,0
20091030,3.6599,3.7588,3.5969,3.6418,10597,0
20091102,3.5879,3.6958,3.552,3.6778,21111,0
20091103,3.7138,3.7138,3.5609,3.6148,18945,0
20091104,3.6778,3.6778,3.507,3.6148,31082,0
20091105,3.6239,3.6239,3.525,3.534,16920,0
20091106,3.6688,3.6688,3.552,3.552,6106,0
20091109,3.552,3.5879,3.4441,3.4441,18292,0
20091110,3.525,3.7319,3.453,3.7319,28437,0
20091112,3.6058,3.8577,3.6058,3.8577,45504,0
20091113,3.7319,3.8216,3.7319,3.8216,6573,0
20091116,3.8486,3.9116,3.7407,3.7407,14703,0
20091117,3.7678,3.7678,3.525,3.5969,30463,0
20091118,3.7048,3.7048,3.552,3.5789,10569,0
20091119,3.552,3.7498,3.552,3.5969,73394,0
20091120,3.6778,3.6778,3.5879,3.6418,5064,0
20091123,3.5969,3.7228,3.5969,3.7228,4340,0
20091124,3.6058,3.6058,3.6058,3.6058,211,0
20091125,3.6778,3.8216,3.6778,3.7768,35207,0
20091126,3.7768,3.8036,3.7319,3.7768,4749,0
20091127,3.6418,3.7138,3.5969,3.6958,7281,0
20091130,3.7319,3.7768,3.6868,3.7768,17778,0
20091201,3.7678,3.7768,3.7048,3.7048,7327,0
20091202,3.6868,3.8667,3.6868,3.8667,69823,0
20091203,3.8755,4.4871,3.8755,4.2983,61114,0
20091204,4.2712,4.3342,4.1815,4.2084,13562,0
20091207,4.1993,4.1993,4.0555,4.1454,12310,0
20091208,4.2712,4.2712,4.0106,4.0106,8659,0
20091209,3.9926,4.4061,3.9566,4.3613,28082,0
20091210,4.2983,4.3163,4.1724,4.1724,3548,0
20091211,4.3072,4.3072,4.1815,4.2712,6905,0
20091214,4.2264,4.6759,4.2264,4.6759,60833,0
20091215,4.6759,4.9007,4.6491,4.8559,52987,0
20091216,4.7659,4.8828,4.4061,4.586,96796,0
20091217,4.613,4.658,4.55,4.631,10675,0
20091218,4.4961,4.7029,4.4961,4.6491,10664,0
20091221,4.586,4.631,4.4511,4.622,13319,0
20091222,4.5411,4.631,4.4961,4.622,5454,0
20091223,4.613,4.613,4.5231,4.613,4942,0
20091228,4.6401,4.6401,4.4061,4.4871,42959,0
20091229,4.4061,4.4871,4.3342,4.4511,7117,0
20091230,4.3613,4.4422,4.1815,4.3792,16264,0
20091231,4.4422,4.4422,4.2174,4.4242,8210,0
20100104,4.2084,4.4871,4.2084,4.4871,16931,0
20100105,4.5411,4.5411,4.3163,4.5411,9908,0
20100106,4.586,4.631,4.2893,4.5771,39779,0
20100107,4.3792,4.721,4.3792,4.6669,76382,0
20100108,4.6939,5.0357,4.586,5.0267,22491,0
20100111,5.1345,5.2604,4.9188,5.2155,36321,0
20100112,5.2065,5.2065,4.8828,5.1076,12934,0
20100113,4.9907,5.1076,4.9907,5.0896,8784,0
20100114,5.1255,5.1255,4.9366,4.9366,6841,0
20100115,5.1165,5.1435,5.0357,5.1435,23955,0
20100118,5.1885,5.2785,5.1435,5.2604,9878,0
20100119,5.2785,5.2785,5.1885,5.1885,1343,0
20100120,5.3144,5.3144,5.3055,5.3055,6081,0
20100121,5.3055,5.3055,5.2875,5.2875,1519,0
20100122,5.2155,5.2875,5.2155,5.2875,1990,0
20100125,4.9907,5.1076,4.9007,4.9907,13015,0
20100126,4.9547,4.9637,4.7659,4.7659,17839,0
20100127,4.8648,4.8648,4.6849,4.8559,1516,0
20100128,4.8378,4.8738,4.6849,4.7029,7370,0
20100129,4.7569,4.7569,4.6401,4.7388,2596,0
20100201,4.7569,4.7659,4.631,4.7659,2905,0
20100202,4.7659,4.8018,4.6849,4.8018,37283,0
20100203,4.8018,4.9097,4.8018,4.8378,4060,0
20100204,4.9457,5.0357,4.9277,4.9457,20935,0
20100205,4.7749,4.8199,4.6759,4.7659,11222,0
20100208,4.7659,4.8917,4.7659,4.8828,4628,0
20100209,4.8917,5.0176,4.8828,4.9457,23270,0
20100210,4.9907,5.0357,4.9907,5.0357,2613,0
20100211,5.0357,5.0357,4.8648,4.9907,432,0
20100212,5.0176,5.0986,4.9366,5.0537,16565,0
20100215,4.9907,5.1076,4.9907,5.1076,1573,0
20100216,5.1076,5.1525,5.1076,5.1525,2154,0
20100217,5.1796,5.4762,5.1345,5.4313,31266,0
20100218,5.4403,5.5213,5.3953,5.4943,8417,0
20100219,5.3953,5.5842,5.3953,5.5842,17567,0
20100222,5.6651,5.773,5.6021,5.755,20343,0
20100223,5.5033,5.7371,5.4943,5.7371,25577,0
20100224,5.7461,6.2946,5.6471,6.2046,21277,0
20100225,6.3395,6.3486,6.2495,6.2495,3247,0
20100226,6.1597,6.2407,6.0158,6.2407,14885,0
20100301,6.2407,6.2407,6.0428,6.2316,1021,0
20100302,6.0697,6.5913,5.755,6.4744,38770,0
20100303,6.5194,6.5194,6.1597,6.4744,9997,0
20100304,6.4653,6.5554,6.2046,6.5554,14355,0
20100305,6.4744,6.4744,6.3305,6.4653,14233,0
20100308,6.4744,6.6093,6.3395,6.5554,54355,0
20100309,6.3305,6.5464,6.3305,6.5464,3432,0
20100310,6.5643,6.5643,6.3845,6.5643,7124,0
20100311,6.5194,6.5194,6.3845,6.4294,7295,0
20100312,6.4744,6.4924,6.3395,6.4294,5132,0
20100315,6.4294,6.4294,6.2946,6.3935,3318,0
20100316,6.5194,6.5194,6.3215,6.4924,8947,0
20100317,6.3845,6.4744,6.2495,6.4564,10921,0
20100318,6.4744,6.4744,6.2946,6.4114,3351,0
20100319,6.4114,6.4114,6.2407,6.2495,8701,0
20100322,6.2135,6.2135,5.6651,6.1057,23445,0
20100323,6.1148,6.3665,6.1148,6.3665,15189,0
20100324,6.3665,6.3665,6.1237,6.2766,18132,0
20100325,6.2046,6.3935,6.2046,6.2946,8188,0
20100326,6.3305,6.4834,6.2946,6.4834,29139,0
20100329,6.4834,7.1488,6.4294,7.1488,43654,0
20100330,7.1038,7.6434,7.005,7.3286,80412,0
20100331,7.4636,7.4636,7.2568,7.3736,38768,0
20100401,7.3647,7.3736,6.7622,7.2388,29726,0
20100406,7.2388,7.2388,6.888,6.9959,21342,0
20100407,7.1038,7.1488,6.969,7.1488,8671,0
20100408,7.2837,7.3286,7.1938,7.1938,1330,0
20100409,7.2027,7.3377,7.1128,7.3377,14011,0
20100412,6.9239,7.2837,6.9239,7.2837,15204,0
20100413,7.3017,7.3286,7.014,7.2837,10294,0
20100414,7.3286,7.3286,7.2027,7.2746,4070,0
20100415,7.3736,7.4545,7.2927,7.4276,16415,0
20100416,7.4186,7.4186,7.2837,7.3286,6994,0
20100419,7.032,7.2837,6.8341,7.1938,9895,0
20100420,7.1938,7.1938,6.4924,6.8252,52788,0
20100421,7.014,7.1488,6.8341,7.0948,5901,0
20100422,7.0859,7.0859,6.7891,6.9959,7251,0
20100423,6.9239,7.014,6.7441,7.014,5414,0
20100426,6.8341,7.0499,6.6362,6.897,28151,0
20100427,6.861,6.861,6.7082,6.7082,2353,0
20100428,6.6542,6.8791,6.5194,6.8791,9794,0
20100429,6.8791,6.8791,6.7981,6.8791,676,0
20100430,6.6632,6.8791,6.6632,6.8341,6308,0
20100504,6.8791,6.8791,6.8341,6.8791,1488,0
20100505,6.6722,6.8252,6.6722,6.7801,3351,0
20100506,6.6542,6.6542,6.3395,6.3665,8450,0
20100507,6.2855,6.2855,5.8809,6.1237,20592,0
20100510,6.1148,6.2855,5.8809,5.8809,19192,0
20100511,5.8809,6.0697,5.6201,5.6201,7601,0
20100512,5.5751,5.917,5.0537,5.917,19550,0
20100513,5.9349,6.0428,5.7461,5.89,17561,0
20100514,5.9529,5.9529,5.4762,5.7011,5600,0
20100517,5.4943,5.5033,5.3953,5.4853,8979,0
20100518,5.4853,5.6831,5.4853,5.6561,3697,0
20100519,5.6111,5.6111,5.2875,5.6111,8206,0
20100520,5.6111,5.6111,5.3953,5.4583,2808,0
20100521,5.3953,5.5033,4.9457,5.4943,47421,0
20100524,5.2065,5.6111,5.2065,5.5751,19487,0
20100525,5.6471,5.6471,5.2604,5.6111,12289,0
20100526,5.6651,5.8269,5.6561,5.8269,6013,0
20100527,5.845,5.845,5.755,5.845,3482,0
20100528,5.9349,5.9349,5.917,5.9349,2671,0
20100531,5.9349,6.1327,5.9349,6.0067,5703,0
20100601,6.0067,6.0248,5.773,6.0067,1485,0
20100602,6.0787,6.0787,5.89,6.0787,1630,0
20100604,6.0248,6.0248,5.7999,6.0248,3305,0
20100607,5.7191,6.0248,5.7191,6.0248,911,0
20100608,6.0428,6.0428,5.845,5.845,3048,0
20100609,5.9349,5.9349,5.764,5.836,2129,0
20100610,5.845,5.845,5.845,5.845,1179,0
20100611,5.755,5.9349,5.755,5.9079,7401,0
20100614,5.9079,5.9977,5.9079,5.9977,3901,0
20100615,5.845,6.0067,5.845,6.0067,3348,0
20100616,5.9977,6.2046,5.9888,6.2046,13482,0
20100617,6.2495,6.4294,6.2495,6.2946,9632,0
20100618,6.2946,6.4294,6.2946,6.4205,50141,0
20100621,6.6452,7.1038,6.4294,6.4294,39761,0
20100622,6.4744,6.4744,6.2946,6.4564,3027,0
20100623,6.4744,6.6542,6.4744,6.5194,13512,0
20100624,6.5373,6.7171,6.5194,6.7171,3300,0
20100625,6.7171,6.8791,6.6093,6.8341,7294,0
20100628,6.9239,6.9239,6.6273,6.897,8088,0
20100629,6.897,7.014,6.7441,6.7441,4294,0
20100630,6.96,6.96,6.4294,6.4294,4776,0
20100701,6.6273,6.6273,6.3395,6.5194,1506,0
20100702,6.6093,6.8252,6.3845,6.8161,5725,0
20100705,6.7262,6.8252,6.6993,6.8252,973,0
20100706,6.8341,6.915,6.8341,6.9061,668,0
20100707,6.8252,6.8341,6.6902,6.8341,3012,0
20100708,6.7891,6.8252,6.6812,6.8252,1515,0
20100709,6.8252,6.942,6.8252,6.9239,9444,0
20100712,6.942,6.969,6.9061,6.969,6745,0
20100713,6.978,6.987,6.897,6.987,10896,0
20100714,7.032,7.2388,7.032,7.2388,14770,0
20100715,7.2657,7.2837,7.1938,7.2837,6074,0
20100716,7.2298,7.2837,7.1938,7.1938,3796,0
20100719,7.1038,7.1938,7.1038,7.1938,2713,0
20100720,7.2837,7.2837,7.014,7.1848,2062,0
20100721,7.014,7.1938,6.9959,7.0588,7172,0
20100722,7.3736,7.3736,7.1938,7.2837,16452,0
20100723,7.3647,7.4186,7.2118,7.2118,15586,0
20100726,7.3286,7.3647,6.9959,7.1938,11069,0
20100727,7.1938,7.1938,6.897,7.1218,12389,0
20100728,7.1757,7.1938,7.1488,7.1488,1481,0
20100729,7.1938,7.2118,6.4744,7.0859,11321,0
20100730,6.9239,6.9239,6.6452,6.6542,12544,0
20100802,6.6993,6.6993,6.4474,6.6632,13044,0
20100803,6.5283,6.8161,6.5283,6.8161,5726,0
20100804,6.87,6.9061,6.8341,6.9061,3982,0
20100805,7.041,7.0588,6.969,7.0588,5709,0
20100806,7.0588,7.0588,6.8431,7.014,12965,0
20100809,7.014,7.1488,7.005,7.0588,4095,0
20100810,7.1668,7.1757,6.87,7.1757,3538,0
20100811,6.7622,7.1488,6.7352,7.1038,25533,0
20100812,6.8341,7.0499,6.7891,7.0499,6248,0
20100813,7.014,7.0678,6.969,7.0678,2566,0
20100816,7.0588,7.0588,6.852,7.0499,1438,0
20100817,7.0499,7.0499,6.9239,6.9239,597,0
20100818,6.933,7.014,6.933,7.014,1773,0
20100819,7.0678,7.0678,6.933,7.014,2881,0
20100820,7.041,7.041,6.7981,7.032,922,0
20100823,7.023,7.0768,6.8341,7.0768,3134,0
20100824,7.0859,7.1848,6.9239,7.1848,5671,0
20100825,7.1757,7.1757,6.9239,7.1668,657,0
20100826,7.032,7.1579,6.978,7.1579,2653,0
20100827,7.0588,7.1488,6.978,7.1488,2925,0
20100830,7.1488,7.1488,6.969,6.987,4294,0
20100831,7.1488,7.1488,6.7441,7.1398,9758,0
20100901,6.8341,7.1398,6.8341,7.1398,4237,0
20100902,6.933,7.1398,6.9239,7.1308,3026,0
20100903,7.1038,7.1038,6.978,7.0948,3422,0
20100906,7.032,7.0948,6.969,7.0948,7117,0
20100907,7.1128,7.1128,6.978,7.1038,1840,0
20100908,7.1038,7.1038,6.9959,7.1038,4143,0
20100909,7.014,7.0588,6.942,7.0588,1844,0
20100910,6.969,7.1128,6.942,7.1128,2910,0
20100913,7.0588,7.1038,7.0588,7.0588,910,0
20100914,7.0588,7.0588,7.032,7.032,1642,0
20100915,6.96,7.1038,6.942,6.942,2054,0
20100916,6.933,7.0588,6.9239,7.0588,948,0
20100917,7.0588,7.1038,6.9239,7.1038,1214,0
20100920,7.0948,7.0948,6.933,7.0948,2853,0
20100921,7.0859,7.0948,6.933,7.0948,2935,0
20100922,7.0859,7.1128,7.0859,7.1128,4403,0
20100923,7.1038,7.1038,6.969,7.1038,3119,0
20100924,7.1128,7.1128,7.1038,7.1038,1730,0
20100927,7.1128,7.1128,7.1128,7.1128,112,0
20100928,7.1038,7.1128,6.9239,7.0948,3836,0
20100929,7.1038,7.1038,6.852,7.0948,3016,0
20100930,6.969,7.1038,6.852,7.1038,22280,0
20101001,7.0588,7.1128,7.0588,7.1038,1703,0
20101004,7.005,7.0948,6.8791,7.0948,4672,0
20101005,6.888,7.0859,6.888,7.0859,710,0
20101006,7.0768,7.0859,6.96,7.0859,2158,0
20101007,6.969,7.0588,6.969,7.0588,117,0
20101008,6.8791,7.0588,6.3395,6.3395,21395,0
20101011,6.6362,6.6542,6.4294,6.6183,7351,0
20101012,6.5014,6.6542,6.5014,6.6542,4997,0
20101013,6.6542,6.8341,6.6542,6.8341,10953,0
20101014,6.6632,6.8341,6.6183,6.7891,9417,0
20101015,6.8341,6.951,6.6632,6.9239,2593,0
20101018,6.915,7.032,6.915,7.014,5772,0
20101019,7.005,7.005,6.6993,6.8252,10489,0
20101020,6.6993,6.7712,6.6993,6.7712,2294,0
20101021,6.6362,6.7352,6.5283,6.7352,7950,0
20101022,6.7622,6.7622,6.4384,6.4744,11826,0
20101025,6.4564,6.4564,6.2046,6.3305,10915,0
20101026,6.3486,6.3486,6.0248,6.1866,14087,0
20101027,6.0428,6.2495,5.9529,6.1597,26625,0
20101028,5.9977,6.0878,5.9529,6.0878,5546,0
20101029,6.0697,6.1148,5.818,6.1148,7449,0
20101102,6.1597,6.4834,6.1597,6.4744,15940,0
20101103,6.5643,6.6542,6.4924,6.6542,6327,0
20101104,6.7171,6.7262,6.4294,6.7082,11428,0
20101105,6.6542,6.6812,6.4294,6.6812,2658,0
20101108,6.6722,6.6722,6.3845,6.6542,212071,0
20101109,6.5194,6.7891,6.5194,6.6902,12564,0
20101110,6.7352,6.8072,6.6542,6.6542,12260,0
20101112,6.6542,6.7352,6.4834,6.7352,4988,0
20101115,6.6183,6.7352,6.6093,6.7352,7655,0
20101116,6.7441,6.7712,6.6993,6.7262,2276,0
20101117,6.6993,6.7441,6.6902,6.7262,4896,0
20101118,6.7171,6.7441,6.6902,6.7352,6528,0
20101119,6.7441,6.7622,6.6902,6.7171,4280,0
20101122,6.6542,6.7441,6.6003,6.6542,4788,0
20101123,6.6273,6.6273,6.5643,6.6273,8903,0
20101124,6.6273,6.7352,6.5194,6.7352,9838,0
20101125,6.6902,6.96,6.6902,6.96,17047,0
20101126,7.014,7.014,6.852,6.978,2088,0
20101129,6.852,6.942,6.8341,6.8341,18051,0
20101130,6.7891,6.8341,6.7891,6.8341,3942,0
20101201,6.8341,6.915,6.7262,6.915,8432,0
20101202,6.915,7.0859,6.915,7.0859,9597,0
20101203,6.9959,7.2568,6.9959,7.2568,16568,0
20101206,7.2568,7.4636,7.1938,7.3647,19118,0
20101207,7.3736,7.4726,7.3736,7.4726,10612,0
20101208,7.4186,7.8772,7.4186,7.8772,17361,0
20101209,7.9042,8.5337,7.6613,8.4436,28948,0
20101210,8.093,8.102,7.9581,7.9941,19069,0
20101213,8.0751,8.0751,7.6884,7.9671,61010,0
20101214,7.9671,7.9671,7.9671,7.9671,1223,0
20101215,7.9671,7.9761,7.7423,7.9761,3781,0
20101216,7.9761,8.0031,7.9581,8.0031,6811,0
20101217,7.9131,7.9581,7.6613,7.6884,10561,0
20101220,7.6884,7.6884,7.3017,7.6613,4280,0
20101221,7.2388,7.5984,7.0588,7.5984,21260,0
20101222,7.5894,7.5894,7.3736,7.4636,2218,0
20101223,7.3286,7.3286,7.3286,7.3286,322,0
20101227,7.3736,7.4636,7.3647,7.4636,2805,0
20101228,7.4636,7.4636,7.4636,7.4636,2392,0
20101229,7.3196,7.5445,7.3196,7.5445,5885,0
20101230,7.5445,7.5804,7.2837,7.5804,12483,0
20101231,7.5804,7.5804,7.3196,7.5804,1299,0
20110103,7.5984,7.6074,7.3017,7.5984,1281,0
20110104,7.6165,7.6434,7.5714,7.6434,1668,0
20110105,7.3825,7.6434,7.3736,7.3736,3728,0
20110107,7.4545,7.6344,7.3286,7.6344,1123,0
20110110,7.7332,7.7332,7.7332,7.7332,39,0
20110111,7.6704,7.7332,7.5535,7.7332,5501,0
20110112,7.7243,7.7332,7.5535,7.7332,2272,0
20110113,7.7243,7.7243,7.6074,7.7153,460,0
20110114,7.7153,7.7153,7.5984,7.7153,2670,0
20110117,7.5625,7.6974,7.5535,7.6974,2447,0
20110118,7.6344,7.6344,7.5084,7.5535,4394,0
20110119,7.5535,7.5535,7.5535,7.5535,180,0
20110120,7.5535,7.6434,7.5535,7.6434,506,0
20110121,7.7153,7.7153,7.5264,7.5264,1481,0
20110124,7.4636,7.6434,7.3106,7.6434,3527,0
20110125,7.4367,7.4905,7.3286,7.4905,3943,0
20110126,7.3556,7.3556,7.3556,7.3556,556,0
20110127,7.3017,7.4186,7.1938,7.4186,3271,0
20110128,7.1938,7.4636,6.8431,7.4636,19465,0
20110131,6.969,7.3196,6.969,7.3196,8687,0
20110201,7.1488,7.3106,7.1038,7.2837,4328,0
20110202,7.2746,7.2746,7.1128,7.1938,3000,0
20110203,7.1488,7.2477,7.1488,7.2477,11232,0
20110204,6.987,7.1938,6.987,7.014,868,0
20110207,7.2298,7.2298,7.1038,7.2118,1255,0
20110208,7.2208,7.2837,7.1038,7.2837,2626,0
20110209,7.1218,7.1938,7.1218,7.1938,1635,0
20110210,7.1038,7.2746,7.1038,7.2746,835,0
20110211,7.1579,7.2746,7.1308,7.2746,113069,0
20110214,7.1218,7.3647,7.1218,7.1398,1123,0
20110215,7.1128,7.2657,7.1128,7.2657,2016,0
20110216,7.1488,7.1848,7.1218,7.1848,793,0
20110217,7.1128,7.1938,7.1038,7.1938,1698,0
20110218,7.1488,7.1488,7.1488,7.1488,84,0
20110221,7.0499,7.1038,7.014,7.1038,1152,0
20110222,6.7712,7.0588,6.7622,6.7891,1023,0
20110223,6.9239,6.9239,6.6632,6.915,591,0
20110224,6.8341,6.987,6.8341,6.987,490,0
20110225,6.96,7.1488,6.9239,7.023,2343,0
20110228,6.852,7.014,6.852,6.888,1265,0
20110301,7.014,7.014,6.6542,6.9239,2891,0
20110302,6.9061,6.9061,6.4114,6.7441,3199,0
20110303,6.5104,6.6993,6.5104,6.6093,2373,0
20110304,6.6273,6.6273,6.4294,6.6093,904,0
20110307,6.6273,6.6273,6.6093,6.6093,339,0
20110308,6.5734,6.6452,6.5283,6.6452,1571,0
20110309,6.6093,6.6273,6.3665,6.6183,1090,0
20110310,6.4744,6.7262,6.4744,6.7262,1075,0
20110311,6.7171,6.7171,6.4294,6.6812,569,0
20110314,6.4114,6.6093,6.4114,6.5194,4211,0
20110315,6.4205,6.6003,6.3935,6.6003,2036,0
20110316,6.6003,6.6003,6.6003,6.6003,100,0
20110317,6.5734,6.5734,6.4744,6.4744,279,0
20110318,6.4744,6.4744,6.4744,6.4744,222,0
20110321,6.3935,6.3935,6.3036,6.3036,1113,0
20110322,6.3036,6.3036,6.0248,6.1148,3655,0
20110323,6.0337,6.0337,5.7011,5.845,6873,0
20110324,5.9349,5.9349,5.5842,5.7461,4329,0
20110325,5.7102,5.7102,5.4313,5.5751,14218,0
20110328,5.6651,5.7102,5.4943,5.5751,8464,0
20110329,5.5751,5.845,5.4672,5.845,19987,0
20110330,5.845,6.0517,5.7102,6.0517,10921,0
20110331,6.2046,6.2046,5.89,6.1057,7199,0
20110401,5.8989,6.0248,5.8539,5.8539,11268,0
20110404,5.8539,5.9798,5.845,5.9798,2629,0
20110405,6.0428,6.0517,5.8539,5.8539,6050,0
20110406,5.8719,6.0968,5.6651,6.0968,13651,0
20110407,6.0968,6.0968,5.8989,5.9349,6158,0
20110408,5.9079,5.9349,5.8809,5.9349,3970,0
20110411,5.89,6.0248,5.845,6.0248,3850,0
20110412,5.9977,6.0428,5.9977,6.0428,3484,0
20110413,5.9798,6.0968,5.9708,6.0968,2069,0
20110414,5.9888,6.1777,5.9888,6.1777,3860,0
20110415,6.0878,6.2766,6.0878,6.2766,1025,0
20110418,6.1597,6.2855,6.1237,6.2855,3974,0
20110419,6.1597,6.3575,6.1597,6.3575,7440,0
20110420,6.5643,6.5643,6.3395,6.3845,8073,0
20110421,6.1597,6.5283,6.1597,6.5283,4974,0
20110426,6.5104,6.5104,6.5104,6.5104,2279,0
20110427,6.5283,6.5283,6.4024,6.4744,2447,0
20110428,6.5464,6.5464,6.4114,6.4114,933,0
20110429,6.1688,6.3036,6.1688,6.2946,7778,0
20110502,6.1688,6.1688,6.0517,6.0878,12481,0
20110504,6.0517,6.0517,5.6741,5.9079,28664,0
20110505,5.773,5.8269,5.6021,5.8269,55515,0
20110506,5.6741,5.6741,5.6471,5.6561,7915,0
20110509,5.6471,5.6471,5.5123,5.5213,5902,0
20110510,5.4403,5.4403,5.3504,5.3504,3717,0
20110511,5.3504,5.3504,5.3055,5.3504,6691,0
20110512,5.3413,5.6291,5.2245,5.5751,6414,0
20110513,5.5302,5.5751,5.4133,5.5751,5302,0
20110516,5.3953,5.5751,5.3774,5.5751,3031,0
20110517,5.3953,5.3953,5.3774,5.3953,6385,0
20110518,5.3953,5.3953,5.3055,5.3055,1029,0
20110519,5.2245,5.3953,5.2245,5.3953,955,0
20110520,5.4583,5.6651,5.4583,5.4583,2645,0
20110523,5.3953,5.4403,5.3953,5.4403,3179,0
20110524,5.4043,5.4583,5.3953,5.3953,4252,0
20110525,5.3683,5.6021,5.3055,5.3953,7444,0
20110526,5.4583,5.6021,5.3953,5.3953,378,0
20110527,5.4583,5.6471,5.3953,5.5662,5083,0
20110530,5.6561,5.6561,5.3953,5.3953,6264,0
20110531,5.3413,5.4583,5.3413,5.4583,1378,0
20110601,5.4853,5.4853,5.3953,5.3953,2658,0
20110602,5.3504,5.3953,5.3504,5.3953,2692,0
20110603,5.3234,5.3953,5.3144,5.3953,1465,0
20110606,5.3953,5.3953,5.3864,5.3864,1408,0
20110607,5.3953,5.3953,5.3234,5.3953,3074,0
20110608,5.3504,5.3504,5.3055,5.3055,3874,0
20110609,5.2065,5.3055,5.2065,5.3055,486,0
20110610,5.3055,5.3055,4.9547,5.0806,10829,0
20110613,5.0806,5.2065,5.0806,5.2065,3437,0
20110614,5.0357,5.1705,5.0357,5.1255,7104,0
20110615,5.0986,5.1435,5.0806,5.1345,5296,0
20110616,5.0357,5.1255,5.0357,5.1255,2113,0
20110617,5.1076,5.2155,5.0446,5.1885,2938,0
20110620,5.0717,5.1165,5.0086,5.1165,20920,0
20110621,5.0986,5.1255,5.0446,5.1255,18342,0
20110622,5.0896,5.2155,5.0896,5.1615,3101,0
20110624,5.0986,5.0986,5.0357,5.0717,4958,0
20110627,4.9907,5.0986,4.9007,5.0986,5687,0
20110628,4.9727,5.0896,4.9727,5.0896,3110,0
20110629,5.0806,5.3055,5.0806,5.3055,5075,0
20110630,5.2875,5.5213,5.2875,5.3953,15272,0
20110701,5.3864,5.3864,5.1885,5.2785,7200,0
20110704,5.3953,5.3953,5.1705,5.1705,3365,0
20110705,5.1345,5.2155,5.0986,5.1615,4227,0
20110706,5.1076,5.1076,4.9547,5.0357,9094,0
20110707,5.0986,5.0986,4.9727,4.9727,5426,0
20110708,4.9637,4.9727,4.9457,4.9457,3954,0
20110711,4.9007,4.9007,4.8917,4.8917,3753,0
20110712,4.7659,4.7659,4.7029,4.7659,4045,0
20110713,4.9097,4.9097,4.5951,4.604,22815,0
20110714,4.613,4.613,4.4242,4.4242,3786,0
20110715,4.4242,4.7659,4.3163,4.3163,9179,0
20110718,4.2712,4.2712,4.0465,4.1993,5699,0
20110719,4.0555,4.1364,3.9566,4.0465,5316,0
20110720,3.9926,3.9926,3.8667,3.8846,6551,0
20110721,3.9566,4.2264,3.7678,4.2084,45875,0
20110722,4.586,4.721,4.3072,4.721,6262,0
20110725,4.9907,4.9907,4.5051,4.6759,5814,0
20110726,4.7839,4.7839,4.6849,4.7569,568,0
20110727,4.586,4.8828,4.586,4.586,7480,0
20110728,4.1993,4.7569,4.1993,4.4511,11355,0
20110729,4.4691,4.4691,4.4691,4.4691,1157,0
20110801,4.4691,4.5771,4.4601,4.532,12012,0
20110802,4.3432,4.4961,4.3432,4.4691,3627,0
20110803,4.478,4.4961,4.2264,4.4961,10486,0
20110804,4.4871,4.5771,4.4061,4.4961,4980,0
20110805,4.2533,4.4871,4.2264,4.4691,4447,0
20110808,4.2443,4.3163,3.8216,4.2264,11817,0
20110809,4.2174,4.2174,4.0914,4.1993,550,0
20110810,4.2443,4.2443,3.8216,4.0465,6377,0
20110811,3.9566,4.2264,3.5609,4.2264,35779,0
20110812,4.2174,4.6491,4.1364,4.586,140848,0
20110816,4.658,4.658,4.3342,4.5771,4533,0
20110817,4.4961,4.4961,4.4961,4.4961,346,0
20110818,4.4152,4.5771,4.1724,4.1724,5651,0
20110819,4.2802,4.2893,3.7768,4.0914,35115,0
20110822,4.2802,4.2802,3.9206,3.9206,51787,0
20110823,4.0375,4.2624,4.0375,4.0914,4374,0
20110824,4.2533,4.2533,4.0914,4.2264,383,0
20110825,4.1004,4.1815,4.0825,4.0825,2666,0
20110826,4.0825,4.3792,4.0825,4.3163,3883,0
20110830,4.4061,4.4061,4.4061,4.4061,878,0
20110831,4.4061,4.4061,4.2712,4.2712,33068,0
20110901,4.1905,4.3342,4.1905,4.3342,6505,0
20110902,4.3702,4.3702,4.3702,4.3702,334,0
20110905,4.3613,4.3613,3.9386,4.1004,7839,0
20110906,4.1544,4.2264,4.1004,4.1004,8562,0
20110907,4.0825,4.0914,3.9566,4.0914,6096,0
20110908,4.0825,4.0914,4.0465,4.0465,4714,0
20110909,4.0465,4.0465,4.0465,4.0465,4861,0
20110912,3.7138,4.0375,3.7138,3.7768,10316,0
20110913,3.7768,4.0015,3.6958,4.0015,8147,0
20110914,4.1364,4.1364,3.9566,4.0015,4725,0
20110915,4.0465,4.2174,3.8667,4.1815,4044,0
20110916,4.1815,4.1815,4.1815,4.1815,435,0
20110919,4.0914,4.3883,4.0465,4.3163,2493,0
20110920,4.3163,4.3163,4.2264,4.2264,2257,0
20110921,4.2353,4.2353,4.0195,4.0195,1576,0
20110922,4.2264,4.2264,4.1364,4.1724,1939,0
20110923,3.9386,4.1724,3.9297,4.1364,4149,0
20110926,4.1364,4.1364,3.9926,3.9926,2572,0
20110927,4.1364,4.1815,4.0106,4.1815,2543,0
20110928,4.1634,4.2264,4.1634,4.2264,856,0
20110929,4.2264,4.4511,4.2264,4.4511,1386,0
20110930,4.4422,4.4511,4.1544,4.1544,1643,0
20111003,4.1544,4.2264,4.1544,4.2264,2395,0
20111004,4.1364,4.1364,4.0465,4.1364,4337,0
20111005,4.2174,4.2174,3.8216,3.8216,2701,0
20111006,4.1274,4.1274,3.8216,4.0465,1078,0
20111007,4.0465,4.0465,3.9116,3.9116,855,0
20111010,3.8486,3.9116,3.7768,3.8936,3798,0
20111011,3.8936,3.8936,3.6958,3.7678,2854,0
20111012,3.7048,4.1095,3.7048,4.1095,2033,0
20111013,4.0645,4.0645,4.0465,4.0465,852,0
20111014,4.0465,4.0465,4.0465,4.0465,695,0
20111017,4.0285,4.0285,3.7228,4.0285,3170,0
20111018,4.0465,4.0465,4.0375,4.0375,1101,0
20111019,3.7947,4.0375,3.7947,4.0375,3831,0
20111020,3.8936,3.9746,3.8755,3.9746,15853,0
20111021,3.8486,3.9746,3.8396,3.9746,6718,0
20111024,3.8396,4.0106,3.8396,4.0106,1205,0
20111025,4.0195,4.0375,3.8396,3.8396,63005,0
20111026,3.7407,3.7768,3.6868,3.6868,2840,0
20111027,3.8036,3.9116,3.7407,3.7407,2520,0
20111028,3.8396,3.8396,3.7498,3.7768,1194,0
20111031,3.7858,3.8216,3.7858,3.8216,345,0
20111102,3.8755,3.8755,3.7768,3.7768,1526,0
20111103,3.7858,3.8307,3.7768,3.7768,4401,0
20111104,3.8755,3.8755,3.7319,3.7319,3843,0
20111107,3.7947,3.7947,3.5969,3.5969,9068,0
20111108,3.6058,3.8216,3.6058,3.6509,119832,0
20111109,3.8216,3.8216,3.6148,3.6148,2656,0
20111110,3.6058,3.6058,3.5969,3.5969,13303,0
20111114,3.5969,3.5969,3.5969,3.5969,3288,0
20111115,3.453,3.507,3.453,3.462,905,0
20111116,3.507,3.507,3.453,3.453,2520,0
20111117,3.462,3.48,3.462,3.462,3670,0
20111118,3.462,3.462,3.2821,3.408,2831,0
20111121,3.1923,3.3272,3.1923,3.3272,946,0
20111122,3.0124,3.1473,3.0124,3.0124,817,0
20111123,2.9674,2.9674,2.7966,2.7966,9246,0
20111124,3.0484,3.0484,2.8416,2.9583,3950,0
20111125,2.8686,3.1742,2.8686,3.1742,5430,0
20111128,3.1742,3.1923,3.0034,3.1832,3385,0
20111129,3.1742,3.2101,3.1742,3.2101,2420,0
20111130,3.2282,3.2282,3.0664,3.0664,2839,0
20111201,3.0124,3.1923,3.0124,3.1923,289,0
20111202,3.2192,3.2821,3.0664,3.0664,4788,0
20111205,3.0664,3.2372,3.0664,3.0664,3206,0
20111206,3.0664,3.2192,3.0574,3.0574,1975,0
20111207,3.0124,3.0124,2.9674,2.9674,5941,0
20111208,2.9674,2.9674,2.8325,2.8325,5880,0
20111209,2.8686,2.8686,2.8325,2.8505,2704,0
20111212,2.8505,2.9583,2.8325,2.8325,5470,0
20111213,2.9764,3.0394,2.8775,2.8865,1234,0
20111214,2.8865,2.8865,2.8865,2.8865,232,0
20111215,3.0753,3.0753,2.8686,2.8686,4052,0
20111216,2.8775,3.0934,2.8775,3.0124,184,0
20111219,2.7966,2.8056,2.7515,2.7515,5983,0
20111220,2.7785,2.7785,2.7337,2.7337,3820,0
20111221,2.7426,2.8325,2.5358,2.8056,5630,0
20111222,2.5448,2.9583,2.5448,2.9583,7253,0
20111223,2.7246,2.7246,2.7246,2.7246,27,0
20111227,2.7246,2.7426,2.5717,2.7426,1366,0
20111228,2.5988,2.7876,2.5358,2.7067,4242,0
20111229,2.7337,2.7337,2.6257,2.6887,5274,0
20111230,2.6348,2.6348,2.6348,2.6348,10,0
20120102,2.6257,2.6257,2.6257,2.6257,10,0
20120103,2.6348,2.7337,2.6348,2.6977,4532,0
20120104,2.6527,2.7246,2.6527,2.7246,3281,0
20120105,2.9944,2.9944,2.6527,2.6977,1339,0
20120109,2.6527,2.6527,2.6527,2.6527,542,0
20120110,2.9045,2.9045,2.7426,2.8505,456,0
20120111,2.8505,2.8505,2.7876,2.8416,2141,0
20120112,2.8505,2.9764,2.8505,2.9764,1286,0
20120113,2.9494,2.9674,2.9494,2.9494,745,0
20120116,2.8145,2.8686,2.7876,2.7876,3272,0
20120117,2.7876,2.9944,2.7876,2.8775,11829,0
20120118,2.9225,2.9225,2.8325,2.8325,1889,0
20120119,2.9225,2.9225,2.8325,2.8775,17397,0
20120120,2.8775,3.2372,2.8775,3.2372,862834,0
20120123,3.3272,3.381,3.1204,3.3272,177164,0
20120124,3.3182,3.3272,3.2552,3.3091,5106,0
20120125,3.2911,3.2911,3.1832,3.2013,8330,0
20120126,3.2372,3.4169,3.2372,3.3272,97796,0
20120127,3.3362,3.507,3.3272,3.462,10632,0
20120130,3.381,3.516,3.2911,3.516,7062,0
20120131,3.516,3.516,3.4169,3.426,3255,0
20120201,3.516,3.516,3.39,3.507,32693,0
20120202,3.498,3.498,3.426,3.4441,2117,0
20120203,3.498,3.498,3.4441,3.498,1357,0
20120206,3.498,3.498,3.3272,3.408,8395,0
20120207,3.408,3.462,3.3362,3.453,5821,0
20120208,3.462,3.5699,3.462,3.5699,7013,0
20120209,3.5969,3.6239,3.5699,3.6239,6945,0
20120210,3.6239,3.7048,3.6058,3.7048,2270,0
20120213,3.6778,3.8126,3.6778,3.8036,9031,0
20120214,3.8036,3.8036,3.6599,3.7319,6203,0
20120215,3.7407,3.8036,3.6958,3.7768,23167,0
20120216,3.7138,3.7678,3.7138,3.7678,276,0
20120217,3.7319,4.0465,3.7319,3.9386,32156,0
20120220,3.9116,3.9746,3.9116,3.9475,776,0
20120221,3.8667,3.9566,3.8667,3.8846,624,0
20120222,3.9297,3.9297,3.8216,3.8216,9924,0
20120223,3.8216,3.8216,3.7319,3.7319,27758,0
20120224,3.7319,3.7319,3.6868,3.6868,6660,0
20120227,3.6688,3.6868,3.6509,3.6868,5485,0
20120228,3.6868,3.6868,3.6688,3.6868,15271,0
20120229,3.7319,3.7319,3.6688,3.6688,4083,0
20120301,3.6509,3.6868,3.6509,3.6868,3099,0
20120302,3.6688,3.6688,3.6688,3.6688,222,0
20120305,3.5969,3.5969,3.507,3.525,3996,0
20120306,3.5879,3.5879,3.426,3.4889,1739,0
20120307,3.435,3.498,3.39,3.498,3717,0
20120308,3.498,3.5969,3.498,3.5969,1236,0
20120309,3.6418,3.6868,3.552,3.6688,951,0
20120312,3.6239,3.6239,3.552,3.552,12900,0
20120313,3.462,3.552,3.462,3.462,17093,0
20120314,3.462,3.5429,3.3451,3.498,38465,0
20120315,3.453,3.462,3.4169,3.462,10089,0
20120316,3.48,3.48,3.48,3.48,1261,0
20120319,3.48,3.516,3.462,3.516,3015,0
20120320,3.498,3.498,3.48,3.48,3345,0
20120321,3.453,3.453,3.3991,3.3991,3183,0
20120322,3.4169,3.4169,3.2552,3.2552,2543,0
20120323,3.3091,3.453,3.2821,3.3631,3359,0
20120326,3.435,3.435,3.2552,3.2552,8418,0
20120327,3.4169,3.4169,3.2372,3.3272,5712,0
20120328,3.3182,3.3182,3.2821,3.3182,656,0
20120329,3.3182,3.3272,3.3182,3.3272,7810,0
20120330,3.2282,3.3631,3.2101,3.3182,13344,0
20120402,3.2642,3.3182,3.1923,3.3182,5035,0
20120404,3.1653,3.2821,3.1653,3.2821,318,0
20120405,3.2821,3.2911,3.2821,3.2821,220,0
20120410,3.1653,3.1653,3.1473,3.1473,6947,0
20120411,3.1562,3.1562,3.1383,3.1383,10710,0
20120412,3.1473,3.1473,3.1383,3.1473,623,0
20120413,3.1473,3.1562,3.1473,3.1473,1823,0
20120416,3.1473,3.1473,3.0124,3.0303,14674,0
20120417,2.9674,2.9674,2.9583,2.9674,9553,0
20120418,2.9674,2.9674,2.9225,2.9674,4268,0
20120419,2.9225,3.0753,2.9225,2.9674,1742,0
20120423,2.9225,2.9225,2.8775,2.8775,2185,0
20120424,2.9136,2.9136,2.8775,2.8775,2109,0
20120425,2.9045,2.9136,2.9045,2.9136,13344,0
20120426,2.9225,2.9225,2.9225,2.9225,90,0
20120427,2.9583,2.9583,2.7696,2.9136,2221,0
20120430,2.8775,2.9045,2.8775,2.9045,8227,0
20120502,2.8775,2.9136,2.8145,2.9136,3573,0
20120504,2.8865,2.8865,2.8865,2.8865,3,0
20120508,2.9405,2.9405,2.9314,2.9314,646,0
20120510,2.9314,2.9314,2.9314,2.9314,55,0
20120514,2.9225,2.9225,2.9225,2.9225,1979,0
20120515,2.9136,3.1023,2.9136,3.0484,1831,0
20120516,2.6887,2.7696,2.5178,2.6257,10808,0
20120517,2.6977,2.6977,2.5178,2.5898,5188,0
20120518,2.5178,2.5178,2.2661,2.383,8176,0
20120521,2.383,2.5178,2.383,2.4998,804,0
20120522,2.4998,2.4998,2.4998,2.4998,466,0
20120523,2.4998,2.4998,2.4998,2.4998,2,0
20120524,2.4998,2.4998,2.4279,2.4998,1169,0
20120525,2.4998,2.4998,2.4998,2.4998,55,0
20120531,2.4729,2.4729,2.2661,2.4639,574,0
20120601,2.2751,2.4189,2.2571,2.4189,8529,0
20120604,2.4189,2.4189,2.4189,2.4189,222,0
20120605,2.1851,2.284,2.1761,2.248,25440,0
20120606,2.2571,2.3199,2.248,2.3199,5905,0
20120608,2.302,2.302,2.0233,2.1131,250,0
20120611,2.0682,2.0682,2.0682,2.0682,1,0
20120612,2.1671,2.1671,2.1671,2.1671,163,0
20120613,2.1761,2.221,2.1131,2.221,5396,0
20120614,2.2301,2.2301,2.1671,2.1671,142,0
20120615,2.248,2.284,2.248,2.248,6844,0
20120618,2.248,2.248,2.0861,2.0861,3194,0
20120619,2.2391,2.2391,2.1851,2.2301,817,0
20120620,2.2301,2.2301,2.0861,2.221,837,0
20120621,2.0772,2.2032,2.0233,2.2032,19573,0
20120622,2.0323,2.284,2.0323,2.284,47393,0
20120625,2.302,2.3559,2.302,2.3559,35237,0
20120626,2.284,2.4639,2.284,2.4279,43077,0
20120627,2.4279,2.4279,2.3199,2.338,11277,0
20120628,2.284,2.3739,2.284,2.3739,14777,0
20120629,2.4729,2.5268,2.338,2.5268,4460,0
20120702,2.2751,2.4998,2.2751,2.4998,543,0
20120703,2.3559,2.5268,2.3559,2.4279,869,0
20120704,2.347,2.5178,2.338,2.5178,3369,0
20120705,2.4279,2.4279,2.4279,2.4279,2158,0
20120709,2.4279,2.4279,2.338,2.338,1242,0
20120710,2.2751,2.2751,2.2751,2.2751,10,0
20120711,2.2751,2.329,2.2661,2.2751,2972,0
20120712,2.2661,2.2661,2.2032,2.2032,1441,0
20120713,2.1131,2.2032,2.1131,2.2032,41,0
20120716,2.2032,2.2661,2.2032,2.2661,442,0
20120717,2.1402,2.329,2.1402,2.329,1137,0
20120718,2.248,2.329,2.248,2.329,1561,0
20120719,2.2661,2.284,2.2661,2.284,626,0
20120720,2.329,2.338,2.329,2.338,5282,0
20120723,2.338,2.338,2.338,2.338,1164,0
20120724,2.338,2.338,2.2751,2.2751,1141,0
20120725,2.2661,2.2661,2.248,2.2661,2779,0
20120726,2.2571,2.2571,2.2571,2.2571,137,0
20120730,2.4189,2.4189,2.4189,2.4189,279,0
20120731,2.383,2.383,2.2032,2.338,2300,0
20120801,2.1851,2.329,2.1851,2.329,11705,0
20120802,2.284,2.284,2.284,2.284,1113,0
20120803,2.329,2.5628,2.329,2.4729,11412,0
20120806,2.4459,2.6078,2.4459,2.6078,10620,0
20120807,2.6078,2.6887,2.5178,2.6527,7762,0
20120808,2.5988,2.6796,2.5988,2.6708,2703,0
20120809,2.5628,2.6708,2.5628,2.6078,3621,0
20120810,2.5628,2.6078,2.4639,2.4639,10779,0
20120813,2.3559,2.4819,2.3559,2.4819,1179,0
20120814,2.4729,2.4729,2.4729,2.4729,778,0
20120816,2.4729,2.5088,2.4729,2.5088,8269,0
20120817,2.4459,2.5808,2.4459,2.5808,235,0
20120820,2.6078,2.6078,2.4459,2.4459,12900,0
20120821,2.5898,2.5898,2.5898,2.5898,2224,0
20120822,2.4459,2.5268,2.4459,2.5268,2780,0
20120823,2.455,2.5358,2.455,2.4729,3419,0
20120824,2.4729,2.4729,2.4459,2.4729,1636,0
20120827,2.5448,2.5537,2.4909,2.5537,2558,0
20120828,2.5537,2.5628,2.5178,2.5268,3691,0
20120829,2.5268,2.5988,2.5268,2.5448,5362,0
20120830,2.5628,2.5988,2.5537,2.5988,1435,0
20120831,2.6257,2.9854,2.6257,2.9854,15513,0
20120903,2.9944,3.1653,2.9225,2.9225,13852,0
20120904,2.8955,2.9225,2.8865,2.8865,10657,0
20120905,2.8505,2.8505,2.8056,2.8056,1527,0
20120906,2.8056,2.8056,2.7966,2.8056,8709,0
20120907,2.8056,2.8056,2.7606,2.7606,13677,0
20120910,2.7515,2.7606,2.7515,2.7606,15213,0
20120911,2.7696,2.7696,2.7606,2.7606,1557,0
20120912,2.7696,2.7696,2.7337,2.7337,6560,0
20120913,2.7156,2.8056,2.7156,2.7246,2115,0
20120914,2.7966,2.8325,2.7966,2.8325,12548,0
20120917,2.8865,2.8865,2.8416,2.8775,7063,0
20120918,2.8325,2.8775,2.8325,2.8775,5713,0
20120919,2.8775,2.9314,2.8775,2.9314,1487,0
20120920,2.9494,2.9494,2.8865,2.8865,5700,0
20120921,2.8865,2.9494,2.8775,2.9494,2188,0
20120924,2.8955,2.9674,2.8056,2.9674,12611,0
20120925,2.9674,2.9674,2.9674,2.9674,1,0
20120926,2.9583,2.9583,2.8416,2.8416,1450,0
20120927,2.8416,2.8416,2.8325,2.8325,890,0
20121001,2.8416,2.9405,2.8325,2.9405,3853,0
20121002,2.9583,2.9583,2.9583,2.9583,66,0
20121003,2.9583,3.0484,2.9583,3.0484,7111,0
20121004,3.0394,3.0574,2.9944,2.9944,6849,0
20121005,2.9314,2.9314,2.9314,2.9314,556,0
20121008,2.9854,2.9854,2.9405,2.9854,2580,0
20121009,2.9854,2.9854,2.9225,2.9225,2318,0
20121011,2.9225,2.9225,2.9225,2.9225,1113,0
20121012,2.9225,2.9225,2.9225,2.9225,1778,0
20121015,2.9225,3.0484,2.9225,3.0484,580,0
20121017,2.9314,2.9314,2.9225,2.9225,2767,0
20121018,2.9225,2.9225,2.9225,2.9225,143,0
20121022,2.9045,2.9045,2.8056,2.8056,3317,0
20121023,2.8056,2.9225,2.8056,2.9225,1351,0
20121024,2.9225,2.9225,2.9225,2.9225,445,0
20121025,2.7966,2.8145,2.7966,2.8145,667,0
20121026,2.8145,2.9225,2.8145,2.9225,1226,0
20121029,2.9225,3.0394,2.7337,2.7876,5927,0
20121030,2.8325,2.9494,2.7966,2.9494,1230,0
20121031,3.0303,3.1383,2.8775,3.1294,7841,0
20121102,3.2192,3.2731,3.2192,3.2642,7021,0
20121105,3.2911,3.516,3.2911,3.3002,7492,0
20121106,3.0034,3.2462,3.0034,3.2462,644,0
20121107,3.3091,3.3272,3.2372,3.2462,4024,0
20121108,3.2372,3.3451,3.2372,3.3451,239,0
20121109,3.2911,3.2911,3.2372,3.2462,7796,0
20121112,3.2462,3.2552,3.2372,3.2552,1935,0
20121113,3.2462,3.2462,3.2372,3.2462,1980,0
20121114,3.2372,3.507,3.2372,3.3631,11527,0
20121115,3.1473,3.3091,3.1473,3.3091,1445,0
20121116,3.3451,3.3451,3.2642,3.2642,1835,0
20121119,3.2372,3.2372,3.1923,3.2013,1325,0
20121120,3.2731,3.3091,3.1923,3.3002,4092,0
20121121,3.2821,3.3091,3.2013,3.2372,16306,0
20121122,3.2372,3.2372,3.2372,3.2372,460,0
20121123,3.2372,3.2821,3.2372,3.2821,2591,0
20121126,3.3272,3.381,3.2462,3.3451,3990,0
20121127,3.2731,3.3091,3.2731,3.2911,308008,0
20121128,3.2911,3.2911,3.2911,3.2911,3700,0
20121129,3.2911,3.4441,3.2911,3.3991,21646,0
20121130,3.453,3.453,3.453,3.453,556,0
20121203,3.435,3.6688,3.435,3.5789,24876,0
20121204,3.5789,3.6328,3.4711,3.552,17488,0
20121205,3.6418,3.6599,3.516,3.534,7081,0
20121206,3.525,3.5969,3.525,3.5969,3003,0
20121207,3.5429,3.5429,3.534,3.534,1774,0
20121210,3.5789,3.5879,3.525,3.525,2227,0
20121211,3.462,3.5609,3.462,3.5609,668,0
20121212,3.5699,3.5699,3.507,3.507,2764,0
20121213,3.4889,3.4889,3.462,3.462,916,0
20121217,3.552,3.552,3.552,3.552,1,0
20121218,3.507,3.507,3.4441,3.4441,4170,0
20121219,3.462,3.498,3.3721,3.3721,6951,0
20121220,3.3721,3.3721,3.3631,3.3631,4949,0
20121221,3.462,3.516,3.462,3.516,2224,0
20121227,3.5609,3.5609,3.5609,3.5609,2224,0
20121228,3.6868,3.7319,3.6868,3.7138,13624,0
20130102,3.7768,3.8126,3.7768,3.8126,7574,0
20130103,3.7678,3.7678,3.7678,3.7678,1038,0
20130104,3.7498,3.7498,3.6868,3.6868,3321,0
20130107,3.6778,3.6868,3.6778,3.6868,1113,0
20130108,3.6868,3.6868,3.6868,3.6868,134,0
20130109,3.6868,3.7678,3.6868,3.6868,114057,0
20130110,3.6868,3.6868,3.6868,3.6868,544,0
20130111,3.5969,3.7138,3.5609,3.6868,5021,0
20130114,3.5969,3.5969,3.5609,3.5609,1948,0
20130115,3.507,3.5609,3.3362,3.5609,1186,0
20130116,3.5969,3.5969,3.5879,3.5879,5019,0
20130117,3.426,3.525,3.4169,3.525,2940,0
20130118,3.525,3.5789,3.4711,3.5789,4321,0
20130121,3.525,3.5609,3.4169,3.507,1364,0
20130122,3.507,3.507,3.435,3.507,1473,0
20130123,3.525,3.525,3.462,3.462,4294,0
20130124,3.435,3.462,3.426,3.426,2847,0
20130125,3.453,3.5429,3.453,3.5429,612,0
20130128,3.507,3.507,3.498,3.507,2503,0
20130129,3.453,3.507,3.453,3.507,63206,0
20130130,3.507,3.507,3.507,3.507,755,0
20130131,3.4441,3.4441,3.4169,3.4169,2875,0
20130201,3.3541,3.507,3.3002,3.507,11298,0
20130204,3.525,3.525,3.516,3.525,1512,0
20130205,3.507,3.534,3.426,3.534,59679,0
20130206,3.5879,3.6239,3.5879,3.6239,33961,0
20130207,3.6688,3.6688,3.507,3.6688,3773,0
20130208,3.6688,3.6688,3.6688,3.6688,509,0
20130211,3.6418,3.6418,3.5969,3.5969,13828,0
20130212,3.5969,3.5969,3.5969,3.5969,23048,0
20130213,3.5969,3.5969,3.5969,3.5969,498,0
20130214,3.5879,3.5879,3.5879,3.5879,369,0
20130215,3.5969,3.5969,3.5969,3.5969,222,0
20130218,3.5789,3.5969,3.5789,3.5969,20969,0
20130219,3.5609,3.6328,3.5429,3.6328,23442,0
20130220,3.6688,3.7588,3.6148,3.7498,180870,0
20130221,3.6868,3.7319,3.6868,3.7319,501,0
20130222,3.7228,3.7228,3.7228,3.7228,1784,0
20130225,3.5789,3.5789,3.5789,3.5789,22,0
20130226,3.5609,3.6868,3.5609,3.6868,1078,0
20130227,3.5699,3.6868,3.5699,3.6868,2457,0
20130228,3.7017,3.7108,3.6927,3.6927,1931,0
20130301,3.5699,3.5699,3.5699,3.5699,354,0
20130304,3.5969,3.7319,3.5969,3.6868,23831,0
20130305,3.6778,3.7228,3.5609,3.7228,3366,0
20130307,3.7407,3.7768,3.7407,3.7768,10528,0
20130308,3.7768,4.1185,3.7768,4.1185,22007,0
20130311,4.1364,4.2264,4.0465,4.2264,10865,0
20130312,4.3163,4.5681,4.2712,4.4511,21251,0
20130313,4.4511,4.6939,4.4152,4.6939,41686,0
20130314,4.7659,4.7839,4.7659,4.7749,21565,0
20130315,4.7388,4.7388,4.721,4.721,641,0
20130318,4.4242,4.7029,4.4242,4.7029,355,0
20130319,4.7029,4.7119,4.586,4.586,1890,0
20130320,4.4242,4.586,4.4152,4.586,5296,0
20130321,4.4961,4.622,4.2353,4.5231,79500,0
20130322,4.5231,4.5771,4.4152,4.4152,4317,0
20130325,4.4961,4.5771,4.478,4.55,5019,0
20130326,4.559,4.559,4.4961,4.4961,2435,0
20130327,4.3163,4.3792,4.2264,4.3792,39308,0
20130328,4.3792,4.4691,4.3792,4.4601,1943,0
20130402,4.478,4.478,4.2802,4.3613,652,0
20130403,4.2533,4.2533,4.2533,4.2533,1,0
20130404,4.4332,4.4332,4.3163,4.3163,327,0
20130405,4.2802,4.2802,4.2533,4.2533,712,0
20130408,4.2533,4.2533,4.2443,4.2443,222,0
20130409,4.3163,4.3163,4.2353,4.2353,1697,0
20130410,4.0914,4.478,4.0914,4.478,5788,0
20130415,4.4961,4.4961,4.4961,4.4961,222,0
20130419,4.2533,4.2533,4.1004,4.1004,3544,0
20130422,4.1004,4.4511,4.0645,4.4061,12535,0
20130425,4.0645,4.4691,4.0645,4.4691,6375,0
20130429,4.4691,4.4691,4.4691,4.4691,112,0
20130430,4.462,4.4711,4.462,4.4711,1113,0
20130502,4.3613,4.4871,4.3613,4.4871,1254,0
20130506,4.4511,4.4511,4.4511,4.4511,112,0
20130507,4.4511,4.8289,4.4511,4.8018,2977,0
20130508,4.6759,4.9637,4.6759,4.9637,20886,0
20130509,4.8559,5.0806,4.8559,4.9457,199806,0
20130510,4.8108,5.0267,4.8108,5.0267,5725,0
20130513,4.8559,5.0267,4.8108,5.0267,3693,0
20130514,4.9457,4.9907,4.9457,4.9457,46013,0
20130515,4.9457,4.9817,4.9277,4.9817,2215,0
20130516,5.0806,5.1165,5.0267,5.1165,7863,0
20130517,5.0537,5.0537,5.0537,5.0537,214,0
20130520,4.9007,4.9188,4.8559,4.8559,2128,0
20130521,4.8108,4.9907,4.8108,4.8108,2602,0
20130522,4.7749,4.7839,4.7749,4.7749,1328,0
20130523,4.6849,4.6849,4.6759,4.6759,1838,0
20130524,4.8018,4.8018,4.6759,4.6759,820,0
20130527,4.6759,4.9457,4.5771,4.6759,103903,0
20130528,4.586,4.7479,4.586,4.7479,136821,0
20130529,4.7697,4.815,4.7426,4.7426,3337,0
20130531,4.7697,4.7697,4.7697,4.7697,250,0
20130605,4.7515,4.7697,4.6702,4.6973,11721,0
20130606,4.6793,4.8603,4.6793,4.6973,4851,0
20130607,4.7969,4.9417,4.6973,4.9417,6514,0
20130610,4.9277,5.2785,4.9277,5.0357,7811,0
20130611,5.0413,5.0413,4.996,4.996,1990,0
20130612,5.2694,5.3323,5.0357,5.3055,76891,0
20130614,5.2132,5.3943,5.2132,5.3943,55826,0
20130617,5.3953,5.3953,5.3953,5.3953,745,0
20130618,5.3943,5.3943,5.3943,5.3943,188,0
20130619,5.4395,5.8196,5.4395,5.7654,7355,0
20130620,5.5391,5.7925,5.358,5.358,6113,0
20130621,5.2132,5.3943,5.2132,5.358,3884,0
20130624,5.358,5.3943,5.1409,5.3037,9320,0
20130625,5.3037,5.5662,5.3037,5.5662,4374,0
20130626,5.4304,5.6205,5.1589,5.6205,4222,0
20130627,5.6205,5.702,5.521,5.702,6497,0
20130628,5.702,5.702,5.702,5.702,332,0
20130701,5.6748,5.702,5.2676,5.702,7978,0
20130702,5.702,5.7925,5.4395,5.4395,1279,0
20130703,5.0775,5.7834,4.9869,5.702,104,0
20130704,5.6567,5.8376,5.6567,5.8376,9635,0
20130705,5.8286,5.8286,5.8286,5.8286,99,0
20130708,5.7925,5.8376,5.7472,5.7472,7128,0
20130709,5.702,5.702,5.702,5.702,295,0
20130710,5.702,5.702,5.702,5.702,5,0
20130711,5.702,5.8739,5.702,5.8739,30096,0
20130712,5.8376,6.1001,5.8376,6.082,16404,0
20130715,6.1454,6.5165,6.073,6.417,13917,0
20130716,6.3716,6.3716,6.245,6.3265,2886,0
20130717,6.3355,6.3355,6.3355,6.3355,155,0
20130718,6.3265,6.3265,6.3265,6.3265,15,0
20130719,6.3174,6.3265,6.082,6.3265,1228,0
20130722,6.3084,6.3084,6.2721,6.2721,11,0
20130723,6.0911,6.2721,6.0911,6.245,409,0
20130724,6.082,6.2359,5.8558,6.1545,7642,0
20130725,6.0368,6.5617,6.0368,6.5527,13020,0
20130726,6.4983,6.6523,6.3355,6.6523,15010,0
20130729,6.7157,6.7157,6.616,6.6975,26954,0
20130730,6.7247,6.9057,6.6523,6.8786,18441,0
20130731,6.8695,6.8786,6.8604,6.8604,684,0
20130801,6.8786,6.9057,6.6071,6.788,2551,0
20130802,6.788,6.788,6.435,6.788,13156,0
20130805,6.7247,7.15,6.5165,7.15,6281,0
20130806,7.15,7.2406,6.9691,7.1953,84305,0
20130807,7.1862,7.1953,7.1862,7.1953,8447,0
20130808,7.2315,7.3311,7.159,7.2406,8861,0
20130809,7.1862,7.1953,7.159,7.1953,9604,0
20130812,7.1953,7.6478,7.1953,7.6389,26501,0
20130813,7.6026,7.6389,7.2496,7.5935,141557,0
20130814,7.5935,7.5935,7.2224,7.313,4717,0
20130816,7.3401,7.4215,7.0324,7.4035,3330,0
20130819,7.3311,7.3311,7.0867,7.0867,5062,0
20130820,6.9691,7.2858,6.8242,6.9691,6106,0
20130821,6.8786,7.1411,6.6432,6.9419,12047,0
20130822,6.7518,6.8515,6.5165,6.8424,18324,0
20130823,6.9328,6.9419,6.6523,6.6523,16189,0
20130826,6.5617,6.797,6.2903,6.6975,135690,0
20130827,6.9237,6.9237,6.7066,6.788,3357,0
20130828,6.5346,6.7699,6.5346,6.6885,9140,0
20130829,6.5255,6.7337,6.5165,6.6885,11127,0
20130830,6.4983,6.6704,6.4983,6.6704,674,0
20130902,6.5527,6.8424,6.5165,6.6613,14842,0
20130903,6.3807,6.616,6.3807,6.6071,15397,0
20130904,6.5074,6.7157,6.5074,6.6523,10420,0
20130905,6.4894,6.6523,6.2088,6.589,50350,0
20130906,6.3716,6.5708,6.3716,6.417,5212,0
20130909,6.3898,6.5527,6.1726,6.5346,4577,0
20130910,6.5074,6.6794,6.435,6.6613,23227,0
20130911,6.6975,6.96,6.6975,6.9419,14292,0
20130912,6.9419,7.1229,6.8786,7.1048,13474,0
20130913,7.1681,7.2315,7.1229,7.1862,4749,0
20130916,7.2315,7.3764,7.1862,7.322,26757,0
20130917,7.3311,7.3311,7.2406,7.2406,205,0
20130918,7.1139,7.2858,6.8875,7.2858,1357,0
20130919,7.3311,7.3673,7.0324,7.0324,1208,0
20130920,7.1411,7.15,7.1411,7.15,206,0
20130923,7.0777,7.2858,6.9237,7.2406,59446,0
20130924,7.0595,7.5935,7.0595,7.5573,125336,0
20130925,7.6931,8.0552,7.6931,7.9285,177258,0
20130926,7.9285,8.2361,7.9285,8.1275,131312,0
20130927,7.9646,8.2361,7.9646,8.2361,42730,0
20130930,8.1365,8.3267,8.1365,8.3267,58404,0
20131001,8.3267,8.3718,8.2905,8.3267,14369,0
20131002,8.3718,8.5982,8.3718,8.5982,22315,0
20131003,8.4625,9.0238,8.4625,9.0238,80732,0
20131004,8.9786,9.2225,8.9786,9.1412,14612,0
20131007,9.2321,9.2407,8.6616,9.2321,14305,0
20131008,9.2321,9.2321,9.0507,9.2321,6833,0
20131009,9.2321,9.2321,8.9147,9.1144,7280,0
20131010,9.1871,9.503,9.1871,9.323,29333,0
20131011,9.323,9.957,9.323,9.957,44453,0
20131014,9.957,9.957,9.693,9.919,31364,0
20131015,9.957,9.957,9.811,9.902,16253,0
20131016,9.883,9.883,9.2952,9.866,29962,0
20131017,9.866,9.866,9.594,9.866,23335,0
20131018,9.866,9.866,9.602,9.821,6755,0
20131021,9.63,9.811,9.4857,9.766,25613,0
20131022,9.775,9.829,9.412,9.503,37751,0
20131023,9.503,9.503,9.1412,9.4665,9582,0
20131024,9.503,9.594,8.8879,9.4493,36568,0
20131025,9.4579,9.73,9.2139,9.594,37679,0
20131028,9.594,9.874,9.594,9.666,124337,0
20131029,9.675,10.209,9.675,10.209,67518,0
20131030,10.408,10.68,10.318,10.571,28793,0
20131031,10.571,10.761,10.571,10.671,15325,0
20131104,10.634,10.77,10.634,10.68,12318,0
20131105,10.77,10.77,10.408,10.671,10865,0
20131106,10.68,10.68,10.462,10.544,65477,0
20131107,10.544,11.033,10.544,10.96,29029,0
20131108,11.033,11.033,10.906,10.925,8332,0
20131112,10.997,10.997,10.698,10.861,4521,0
20131113,10.942,10.942,10.607,10.816,19987,0
20131114,10.77,11.223,10.544,10.942,31996,0
20131115,11.123,11.205,10.499,11.205,22235,0
20131118,11.133,11.133,10.78,11.078,8537,0
20131119,11.078,11.214,10.915,11.088,11984,0
20131120,10.997,10.997,10.861,10.942,4422,0
20131121,10.942,10.942,10.544,10.851,4438,0
20131122,10.834,10.834,10.68,10.806,4707,0
20131125,10.798,10.851,10.499,10.499,6406,0
20131126,10.327,10.327,9.3766,10.019,24091,0
20131127,9.866,10.019,9.866,9.866,10364,0
20131128,9.648,9.929,9.602,9.703,24185,0
20131129,9.621,9.883,9.621,9.712,41663,0
20131202,9.739,9.866,9.503,9.666,4732,0
20131203,9.63,9.63,9.63,9.63,2983,0
20131204,9.412,9.72,9.412,9.72,14243,0
20131205,9.2407,9.974,9.2407,9.974,9248,0
20131206,10.083,10.254,9.703,10.136,4017,0
20131209,10.128,10.363,10.055,10.272,17570,0
20131210,10.272,10.363,10.1,10.299,3800,0
20131211,10.091,10.363,10.091,10.309,32959,0
20131212,10.001,10.335,10.001,10.272,7209,0
20131213,10.091,10.264,10.038,10.246,19404,0
20131216,10.272,10.272,9.703,10.136,42863,0
20131217,9.703,10.091,9.693,10.091,7235,0
20131218,9.957,10.091,9.612,9.612,1475,0
20131219,9.602,9.866,9.512,9.512,10592,0
20131220,9.512,9.548,9.168,9.548,7760,0
20131223,9.2857,9.594,9.2857,9.594,23949,0
20131227,9.73,10.218,9.73,10.136,7862,0
20131230,10.164,10.164,9.974,10.164,8495,0
20140102,10.49,10.49,10.136,10.363,34469,0
20140103,9.957,10.418,9.957,10.418,4063,0
20140107,10.426,10.426,10.083,10.408,9297,0
20140108,10.426,10.426,10.065,10.335,16103,0
20140109,10.363,10.408,10.055,10.4,158310,0
20140110,10.363,10.363,9.685,10.299,5636,0
20140113,10.299,10.354,10.055,10.354,3777,0
20140114,10.354,10.735,10.065,10.735,13790,0
20140115,10.689,11.314,10.689,11.268,47204,0
20140116,11.314,11.476,11.06,11.322,19656,0
20140117,11.314,11.485,11.314,11.449,2974,0
20140120,11.494,12.453,11.449,12.372,43427,0
20140121,12.219,12.382,12.037,12.382,18504,0
20140122,12.382,12.427,12.382,12.391,5692,0
20140123,12.391,13.539,12.391,13.395,127128,0
20140124,13.35,13.386,12.761,13.36,29052,0
20140127,13.123,13.214,12.761,12.761,347488,0
20140128,12.852,13.106,12.608,12.943,10212,0
20140129,13.106,13.757,13.07,13.712,189765,0
20140130,13.739,13.739,13.549,13.675,26041,0
20140131,13.757,14.02,13.757,13.902,89000,0
20140203,13.893,13.893,13.757,13.848,31731,0
20140204,13.577,13.848,13.133,13.803,5049,0
20140205,13.747,13.757,13.178,13.658,57884,0
20140206,13.577,13.577,13.395,13.558,19566,0
20140207,13.703,14.472,13.214,14.3,25838,0
20140210,14.318,14.427,14.228,14.373,5690,0
20140211,14.373,14.472,14.3,14.409,7401,0
20140212,14.409,15.251,14.092,15.251,96599,0
20140213,14.979,15.251,14.979,15.115,10591,0
20140214,15.105,15.748,14.716,15.748,76012,0
20140217,15.839,16.074,15.07,15.386,9655,0
20140218,15.395,15.649,15.26,15.386,62793,0
20140219,15.649,15.649,14.662,15.206,269528,0
20140220,15.576,15.576,14.589,15.16,5114,0
20140221,15.206,15.206,14.807,15.206,8081,0
20140224,15.206,15.64,14.627,15.631,35214,0
20140225,15.567,15.567,14.77,15.459,12549,0
20140226,15.431,15.631,15.078,15.521,69084,0
20140227,15.504,15.839,15.196,15.839,27304,0
20140228,15.911,16.699,15.884,16.653,48519,0
20140303,15.839,16.246,14.481,15.839,29998,0
20140304,15.839,16.201,15.83,16.183,21082,0
20140305,16.608,16.608,15.848,16.282,35264,0
20140306,16.473,16.473,15.839,16.11,56410,0
20140307,16.291,16.463,15.848,16.201,11952,0
20140310,16.255,16.599,15.839,16.093,21755,0
20140311,16.291,16.463,16.019,16.183,337330,0
20140312,16.291,16.291,15.386,16.11,21926,0
20140313,15.902,16.191,14.952,14.952,56959,0
20140314,14.481,14.934,13.584,14.934,58307,0
20140317,14.979,15.839,14.481,15.748,39640,0
20140318,15.938,15.957,15.178,15.657,19826,0
20140319,15.386,15.811,15.386,15.811,114700,0
20140320,15.712,15.748,15.521,15.739,5492,0
20140321,15.576,15.93,15.576,15.93,6995,0
20140324,16.011,16.201,15.93,16.11,4497,0
20140325,16.11,16.201,15.115,15.884,3695,0
20140326,16.246,16.291,15.033,16.065,33114,0
20140327,16.191,16.219,16.11,16.11,1369,0
20140328,16.11,16.11,16.019,16.065,3385,0
20140331,16.019,16.201,15.957,16.201,6200,0
20140401,16.201,16.608,16.11,16.11,12098,0
20140402,16.273,16.382,15.93,16.065,4956,0
20140403,16.201,16.201,15.911,15.911,2060,0
20140404,15.911,15.911,15.586,15.748,4502,0
20140407,15.413,15.476,14.599,15.105,15342,0
20140408,14.825,14.934,14.409,14.653,124892,0
20140409,14.491,15.386,14.491,15.359,8253,0
20140410,15.395,15.64,15.314,15.504,8964,0
20140411,15.514,15.567,15.296,15.567,113450,0
20140414,15.296,15.521,15.043,15.088,6672,0
20140415,14.581,15.268,14.553,15.115,3669,0
20140416,14.897,14.897,14.499,14.499,6679,0
20140417,14.526,14.662,14.481,14.481,38457,0
20140422,15.015,15.015,14.309,14.309,356920,0
20140423,14.39,14.617,14.39,14.481,2236,0
20140424,14.463,14.653,13.712,14.481,40593,0
20140425,14.436,14.472,14.292,14.472,167675,0
20140428,14.472,14.481,13.604,14.481,51031,0
20140429,14.228,14.39,14.029,14.345,4228,0
20140430,14.39,14.39,13.984,14.246,32207,0
20140502,14.029,14.481,13.803,14.409,3130,0
20140505,14.708,14.708,13.939,14.345,4224,0
20140506,14.029,14.119,14.029,14.029,22725,0
20140507,14.029,14.119,13.141,13.486,22452,0
20140508,14.074,14.074,13.658,13.775,18935,0
20140509,13.974,13.984,13.577,13.984,5415,0
20140512,14.119,14.119,12.961,13.577,27394,0
20140513,13.567,13.577,13.141,13.486,16805,0
20140514,13.305,14.119,13.305,14.092,5390,0
20140515,14.029,14.481,14.029,14.146,19967,0
20140516,14.092,14.481,14.092,14.481,15488,0
20140519,14.481,15.024,14.481,14.481,12667,0
20140520,14.481,14.843,14.481,14.843,3194,0
20140521,14.843,14.843,14.436,14.436,119784,0
20140522,14.481,15.368,14.481,15.368,64857,0
20140523,15.206,15.386,15.151,15.359,9768,0
20140526,15.476,15.476,14.843,15.169,17581,0
20140527,15.468,15.468,15.169,15.169,32324,0
20140528,15.169,15.359,14.499,15.115,168074,0
20140529,15.296,15.296,14.934,15.196,7269,0
20140530,15.196,15.196,15.16,15.16,6693,0
20140602,14.962,15.16,14.563,15.16,5089,0
20140603,15.196,15.206,15.196,15.206,1343,0
20140604,15.206,15.206,14.888,15.206,943,0
20140605,14.997,15.206,14.962,15.206,516,0
20140606,15.206,15.251,15.051,15.206,2636,0
20140609,15.115,15.251,15.033,15.206,7660,0
20140610,15.169,15.341,14.843,15.024,4745,0
20140611,14.934,14.934,14.789,14.807,290,0
20140612,14.634,14.807,14.491,14.735,3091,0
20140613,15.262,15.262,15.207,15.207,293,0
20140616,14.892,15.262,14.162,15.262,2355,0
20140617,15.132,15.169,14.725,15.169,24569,0
20140618,14.938,15.169,14.892,15.169,3049,0
20140620,14.975,15.234,14.957,15.234,775,0
20140623,14.965,15.003,14.892,14.938,2534,0
20140624,14.947,15.058,14.781,15.058,4009,0
20140625,14.957,14.957,14.827,14.947,1752,0
20140626,14.799,14.799,14.753,14.753,468,0
20140627,14.392,14.521,14.18,14.337,7183,0
20140630,14.328,14.79,14.041,14.79,24640,0
20140701,14.429,14.438,14.337,14.337,2468,0
20140702,14.142,14.142,13.69,13.967,8231,0
20140703,13.809,13.856,13.782,13.782,2795,0
20140704,13.449,13.782,13.051,13.782,24074,0
20140707,13.763,13.782,13.643,13.782,2708,0
20140708,13.606,13.68,13.403,13.403,11356,0
20140709,13.319,13.319,12.996,13.227,12622,0
20140710,13.199,13.199,12.774,13.107,15676,0
20140711,13.107,13.107,12.913,13.024,9698,0
20140714,12.913,13.625,12.913,13.135,2656,0
20140715,13.393,13.393,12.949,12.949,2559,0
20140716,12.949,12.949,12.302,12.441,43403,0
20140717,12.441,12.671,12.441,12.487,111895,0
20140718,12.487,12.857,12.487,12.671,9065,0
20140721,12.764,13.264,12.764,13.042,40283,0
20140722,13.042,13.365,12.774,13.181,2440,0
20140723,13.181,13.393,13.181,13.393,12154,0
20140724,13.384,13.791,13.181,13.652,3156,0
20140725,13.69,13.865,13.69,13.763,1609,0
20140728,13.763,13.828,13.532,13.828,3140,0
20140729,13.698,13.782,13.662,13.782,3101,0
20140730,13.69,13.782,13.625,13.782,3978,0
20140731,13.662,13.763,13.56,13.763,5786,0
20140801,13.43,13.541,13.227,13.292,10680,0
20140804,13.227,13.69,13.227,13.319,3384,0
20140805,13.504,13.69,13.264,13.458,7650,0
20140806,13.736,13.736,13.292,13.458,4683,0
20140807,13.449,13.773,13.135,13.754,8461,0
20140808,13.458,13.662,13.135,13.662,30613,0
20140811,13.476,13.476,13.365,13.365,7035,0
20140812,13.365,13.365,13.365,13.365,1248,0
20140813,13.227,13.643,13.227,13.643,1301,0
20140814,13.412,13.726,13.273,13.273,3159,0
20140818,13.393,13.504,13.199,13.282,4094,0
20140819,13.282,13.319,13.143,13.143,387135,0
20140820,12.968,13.319,12.968,13.079,3050,0
20140821,13.032,13.088,12.977,13.042,15175,0
20140822,13.079,13.393,13.079,13.153,2137,0
20140825,13.227,13.486,13.227,13.236,2604,0
20140826,13.319,13.365,13.19,13.19,11312,0
20140827,13.384,13.384,13.042,13.042,19907,0
20140828,13.079,13.135,12.783,12.94,9495,0
20140829,12.949,13.024,12.588,13.024,2146,0
20140901,13.135,13.319,12.737,13.135,105461,0
20140902,13.236,13.597,13.236,13.579,121620,0
20140903,13.736,14.309,13.736,14.217,12834,0
20140904,14.337,15.03,14.226,14.614,37619,0
20140905,14.614,15.215,14.614,14.864,25033,0
20140908,15.169,15.169,14.929,15.141,23620,0
20140909,15.252,15.956,15.252,15.697,82553,0
20140910,15.669,16.436,15.669,16.279,52809,0
20140911,16.372,16.372,16.076,16.325,38980,0
20140912,16.325,16.372,15.54,15.54,55600,0
20140915,15.114,15.724,15.114,15.52,19695,0
20140916,15.78,15.946,15.595,15.946,7063,0
20140917,16.233,16.298,16.048,16.048,10556,0
20140918,16.002,16.178,15.576,15.77,10922,0
20140919,15.817,15.817,15.54,15.586,2132,0
20140922,15.909,15.909,15.558,15.558,11175,0
20140923,15.567,15.567,15.234,15.493,8281,0
20140924,15.262,15.447,15.215,15.234,3077,0
20140925,15.262,15.873,15.262,15.364,5653,0
20140926,15.345,15.697,15.225,15.225,2611,0
20140929,15.623,15.623,15.271,15.54,645,0
20140930,15.364,15.437,15.207,15.207,3611,0
20141001,15.252,15.271,14.947,14.947,9994,0
20141002,14.957,14.993,14.18,14.245,34256,0
20141003,14.429,15.29,14.42,14.799,107216,0
20141006,14.808,14.965,14.605,14.965,1788,0
20141007,14.975,14.975,14.383,14.67,7422,0
20141008,14.605,14.605,14.291,14.337,5944,0
20141009,14.503,14.799,14.503,14.707,3297,0
20141010,14.614,14.725,14.364,14.364,4898,0
20141013,14.596,14.596,14.013,14.549,9020,0
20141014,14.735,14.735,14.023,14.096,6835,0
20141015,14.152,14.41,13.865,14.078,27184,0
20141016,14.152,14.577,14.059,14.096,7790,0
20141017,14.023,14.291,14.023,14.291,368,0
20141020,14.3,14.318,14.3,14.3,2762,0
20141021,14.152,14.707,14.069,14.707,3902,0
20141022,14.521,14.521,14.226,14.226,1813,0
20141023,14.429,14.429,14.152,14.152,745,0
20141024,14.235,15.29,14.235,15.114,27810,0
20141027,15.354,15.354,14.799,15.197,5291,0
20141028,14.965,14.965,14.521,14.614,45232,0
20141029,14.614,14.743,14.475,14.743,15332,0
20141030,14.743,14.743,14.743,14.743,68,0
20141031,14.743,14.799,14.743,14.753,2550,0
20141103,15.197,15.197,14.614,14.725,568,0
20141104,14.985,15.114,14.938,14.938,2861,0
20141105,15.16,15.16,15.003,15.003,689,0
20141106,15.003,15.151,14.799,14.938,2480,0
20141107,15.16,15.308,15.141,15.308,13080,0
20141110,15.354,15.54,15.354,15.493,5574,0
20141112,15.493,15.724,15.179,15.318,10659,0
20141113,15.318,15.595,15.318,15.419,5014,0
20141114,15.447,15.613,15.401,15.401,6699,0
20141117,17.898,18.48,15.909,16.187,111922,0
20141118,16.631,16.631,15.409,15.891,31496,0
20141119,15.891,16.168,15.863,16.168,13663,0
20141120,16.159,16.187,15.724,15.742,6544,0
20141121,15.909,16.187,15.909,16.15,4716,0
20141124,16.224,16.742,16.057,16.141,51778,0
20141125,16.187,16.187,16.002,16.002,7501,0
20141126,16.002,16.15,15.187,15.187,29294,0
20141127,15.586,16.076,15.447,16.076,12080,0
20141128,16.076,16.196,15.845,16.187,76297,0
20141201,16.325,16.325,16.095,16.178,9917,0
20141202,16.307,16.307,16.011,16.159,198453,0
20141203,16.325,17.112,16.196,16.742,38461,0
20141204,16.926,17.473,16.926,17.102,44766,0
20141205,17.112,17.251,17.019,17.112,17411,0
20141208,17.251,17.537,17.251,17.435,8670,0
20141209,17.389,17.389,17.065,17.297,64357,0
20141210,17.297,17.297,17.037,17.186,22533,0
20141211,17.158,17.186,17.065,17.186,4957,0
20141212,17.389,17.389,17.084,17.251,2650,0
20141215,17.251,18.036,17.213,17.223,12318,0
20141216,17.278,17.546,16.279,16.603,27416,0
20141217,16.696,16.926,16.603,16.649,16525,0
20141218,16.825,16.825,16.585,16.76,20666,0
20141219,16.76,16.815,16.539,16.815,4903,0
20141222,16.815,16.815,16.557,16.649,4241,0
20141223,16.649,16.815,16.585,16.807,9240,0
20141229,16.807,17.001,16.649,16.742,7575,0
20141230,16.742,17.065,16.723,16.973,9845,0
20150102,17.102,17.713,16.723,17.565,24570,0
20150105,17.759,18.397,17.713,18.203,54670,0
20150107,18.203,18.361,17.87,18.194,13975,0
20150108,18.222,18.305,18.194,18.296,7205,0
20150109,18.389,18.962,18.268,18.305,38266,0
20150112,18.314,18.472,18.175,18.175,17989,0
20150113,18.268,18.314,18.036,18.314,9732,0
20150114,19.239,19.369,17.778,17.842,34409,0
20150115,18.342,18.342,17.121,17.565,12762,0
20150116,17.667,17.907,17.5,17.759,4614,0
20150119,17.759,17.879,17.389,17.565,10550,0
20150120,17.565,17.75,17.029,17.287,7588,0
20150121,17.204,17.435,16.973,16.973,10326,0
20150122,17.112,17.112,15.863,16.187,78692,0
20150123,16.279,16.557,15.826,16.464,160712,0
20150126,16.88,17.112,16.529,16.936,107839,0
20150127,17.065,17.251,16.834,16.926,37641,0
20150128,16.926,17.278,16.834,17.278,13418,0
20150129,17.287,17.519,16.973,16.973,17932,0
20150130,16.973,17.112,16.926,16.982,25628,0
20150202,17.065,17.204,16.834,17.195,7985,0
20150203,17.112,17.195,16.834,17.158,30817,0
20150204,17.158,17.158,16.64,16.76,20563,0
20150205,16.76,16.926,15.909,16.714,13790,0
20150206,16.834,17.037,16.501,17.01,20092,0
20150209,17.065,17.065,16.492,16.973,10882,0
20150210,16.973,17.065,16.88,16.926,10902,0
20150211,16.899,16.899,16.676,16.834,4558,0
20150212,16.918,17.019,16.89,17.019,3409,0
20150213,17.019,17.019,16.788,17.019,5481,0
20150216,16.381,17.01,16.381,16.714,4988,0
20150217,16.696,17.019,16.649,16.88,40185,0
20150218,16.834,17.463,16.825,17.426,125017,0
20150219,17.565,17.953,17.565,17.703,10643,0
20150220,17.703,17.824,17.703,17.713,12413,0
20150223,17.713,18.407,17.574,18.175,183469,0
20150224,18.351,18.657,18.222,18.5,123073,0
20150225,18.5,18.545,18.074,18.268,18150,0
20150226,18.545,19.257,18.545,19.239,77444,0
20150227,19.202,19.424,18.314,19.331,77959,0
20150302,19.369,20.072,19.369,20.025,35039,0
20150303,20.072,20.812,20.072,20.58,70771,0
20150304,20.682,21.181,20.405,20.996,25995,0
20150305,21.228,21.264,21.117,21.237,37233,0
20150306,21.237,21.413,21.117,21.367,35720,0
20150309,20.904,21.884,20.904,21.829,79657,0
20150310,21.894,22.338,21.459,21.819,37000,0
20150311,21.459,22.014,21.459,22.014,82793,0
20150312,22.199,22.199,21.746,22.106,12593,0
20150313,22.106,22.19,21.367,21.829,18321,0
20150316,21.819,21.819,21.135,21.145,32449,0
20150317,21.145,21.413,21.107,21.181,23143,0
20150318,21.736,21.736,21.089,21.089,6317,0
20150319,20.627,21.237,19.747,21.237,95146,0
20150320,21.274,21.69,20.96,21.45,7211,0
20150323,21.644,21.736,21.367,21.727,12303,0
20150324,21.727,21.727,21.561,21.644,64620,0
20150325,21.644,22.014,21.561,22.014,36821,0
20150326,22.014,22.014,21.718,21.968,15159,0
20150327,22.005,22.014,21.811,21.922,5881,0
20150330,21.922,21.922,21.57,21.922,7634,0
20150331,21.922,21.922,21.746,21.829,5261,0
20150401,21.922,22.319,21.922,22.319,15745,0
20150402,22.338,22.662,22.338,22.616,5860,0
20150407,22.662,22.754,22.616,22.662,8667,0
20150408,22.754,22.939,22.662,22.846,12389,0
20150409,22.985,23.124,22.939,23.124,53809,0
20150410,23.217,23.863,23.217,23.54,20533,0
20150413,23.91,23.956,23.374,23.374,13299,0
20150414,23.171,23.171,22.838,22.846,9223,0
20150415,22.846,22.957,22.199,22.616,10171,0
20150416,22.569,23.013,22.199,22.384,5693,0
20150417,22.384,22.967,22.384,22.818,4114,0
20150420,22.976,24.021,22.754,23.956,18205,0
20150421,23.956,24.696,23.772,24.4,25326,0
20150422,24.363,24.419,23.818,24.327,15535,0
20150423,24.327,24.937,24.327,24.428,29475,0
20150424,24.696,24.696,24.178,24.327,11122,0
20150427,24.687,24.687,24.049,24.41,14299,0
20150428,24.41,24.511,23.873,24.511,13120,0
20150429,24.65,24.65,24.188,24.511,7114,0
20150430,24.511,24.974,24.224,24.511,32313,0
20150504,25.066,25.288,24.974,25.205,15921,0
20150505,25.436,25.797,24.965,24.974,21698,0
20150506,24.882,24.882,23.447,23.577,101917,0
20150507,23.577,24.049,22.856,23.115,31626,0
20150508,23.124,23.947,23.124,23.53,27878,0
20150511,23.586,23.863,23.217,23.586,77199,0
20150512,23.772,23.772,22.43,23.124,28483,0
20150513,23.05,23.772,21.385,23.586,28869,0
20150514,23.586,23.707,23.124,23.586,12765,0
20150515,23.392,23.661,22.699,23.225,10026,0
20150518,22.162,22.643,21.274,21.968,81884,0
20150519,21.727,21.727,20.812,21.367,49809,0
20150520,21.413,22.606,21.413,21.922,31883,0
20150521,22.051,22.754,21.958,22.662,21874,0
20150522,22.662,22.985,22.662,22.967,9520,0
20150525,22.995,23.022,22.199,22.199,18189,0
20150526,22.061,22.606,21.995,22.061,11976,0
20150527,22.061,22.199,21.561,21.922,9821,0
20150528,21.922,22.55,21.746,22.43,10778,0
20150529,22.384,22.689,22.291,22.671,7180,0
20150601,22.384,22.754,21.922,22.569,7294,0
20150602,22.569,23.679,22.236,23.54,28055,0
20150603,23.633,23.956,23.633,23.762,9476,0
20150605,23.818,23.974,23.328,23.355,6513,0
20150608,23.836,23.836,22.606,23.013,13592,0
20150609,22.939,23.013,22.199,22.245,20043,0
20150610,22.014,22.624,21.736,22.569,25849,0
20150611,22.569,23.124,22.199,23.106,18534,0
20150612,23.171,23.577,23.171,23.198,3803,0
20150615,23.106,23.106,21.903,22.477,11282,0
20150616,22.477,22.624,21.736,22.106,17363,0
20150617,22.403,22.422,21.628,21.628,16550,0
20150618,21.791,22.508,21.657,21.867,4729,0
20150619,21.695,22.202,21.685,22.164,10198,0
20150622,22.011,23.284,22.011,22.489,21103,0
20150623,22.317,22.767,21.819,22.384,19037,0
20150624,22.681,22.681,21.867,22.059,30855,0
20150625,22.011,22.384,21.264,21.523,12374,0
20150626,21.532,21.963,20.451,20.547,19073,0
20150629,18.575,20.862,17.034,20.384,105134,0
20150630,20.097,20.575,19.245,20.48,20233,0
20150701,20.384,20.958,20.384,20.604,9467,0
20150702,20.384,21.532,20.384,21.006,9333,0
20150703,21.006,21.14,20.862,20.872,16647,0
20150706,20.862,21.303,20.575,20.728,9036,0
20150707,20.728,20.824,20.575,20.585,44783,0
20150708,20.585,20.585,20.097,20.202,36710,0
20150709,20.202,20.202,19.331,19.905,26914,0
20150710,20.097,20.269,19.235,19.341,65175,0
20150713,19.618,20.078,19.609,20.001,21519,0
20150714,20.068,20.068,19.331,19.389,44801,0
20150715,19.551,19.551,19.14,19.341,34324,0
20150716,19.618,20.575,19.618,20.384,75803,0
20150717,20.384,20.384,19.867,20.355,9077,0
20150720,20.355,20.355,20.001,20.106,8307,0
20150721,20.24,20.853,20.049,20.183,25659,0
20150722,20.202,20.671,20.192,20.413,27613,0
20150723,20.48,22.489,20.48,22.489,100263,0
20150724,22.939,23.016,22.738,22.776,27365,0
20150727,22.633,22.633,21.772,21.858,15479,0
20150728,22.461,22.461,22.011,22.212,4852,0
20150729,22.307,22.91,22.307,22.824,8595,0
20150730,22.939,24.126,22.939,23.953,39433,0
20150731,23.925,25.169,23.925,24.977,95886,0
20150803,25.36,25.37,25.083,25.37,18632,0
20150804,25.37,25.37,24.403,25.265,11755,0
20150805,25.265,25.753,24.748,25.733,19968,0
20150806,25.255,25.638,24.796,25.36,9277,0
20150807,25.408,26.03,25.36,25.839,16293,0
20150810,26.03,26.126,25.839,25.887,8516,0
20150811,25.887,25.934,25.839,25.848,11847,0
20150812,25.839,25.858,25.427,25.848,8997,0
20150813,25.982,26.03,25.733,25.982,4414,0
20150814,25.954,25.963,24.891,25.82,45797,0
20150817,25.81,25.81,24.403,24.891,11254,0
20150818,25.245,25.36,24.7,24.968,7572,0
20150819,25.36,25.542,24.891,25.36,15654,0
20150820,25.36,25.36,24.595,25.121,4960,0
20150821,24.882,24.882,23.446,23.638,8070,0
20150824,22.307,23.446,21.054,23.446,54112,0
20150825,22.489,23.877,22.489,23.446,21746,0
20150826,23.733,24.135,22.595,23.925,3701,0
20150827,23.925,24.202,23.073,23.561,22627,0
20150828,23.925,24.26,23.925,24.26,5890,0
20150831,24.212,25.839,23.925,25.36,17729,0
20150901,24.499,24.499,23.092,23.925,5461,0
20150902,23.829,23.829,23.446,23.561,2286,0
20150903,23.542,23.925,23.446,23.456,5613,0
20150904,23.456,23.925,22.489,22.508,5005,0
20150907,22.633,22.633,21.743,22.011,4675,0
20150908,22.011,23.456,22.011,23.15,8869,0
20150909,23.016,23.37,23.016,23.351,15971,0
20150910,23.341,23.819,23.341,23.733,1466,0
20150911,23.36,23.743,22.499,23.446,4469,0
20150914,23.437,23.494,22.968,23.485,1060,0
20150915,23.446,23.915,22.537,23.446,6479,0
20150916,22.882,23.877,22.882,23.437,3526,0
20150917,23.159,23.437,23.063,23.351,1807,0
20150918,23.542,23.542,23.159,23.446,1173,0
20150921,23.685,23.685,23.188,23.657,2210,0
20150922,23.207,23.207,22.518,22.968,4115,0
20150923,22.968,23.063,22.039,22.489,34588,0
20150924,22.489,23.025,22.489,23.025,3736,0
20150925,23.063,23.063,22.585,22.968,1166,0
20150928,22.968,22.968,22.154,22.26,2021,0
20150929,22.728,22.968,22.173,22.872,4016,0
20150930,22.403,23.236,22.403,22.968,53258,0
20151001,21.657,22.949,21.657,22.853,2765,0
20151002,22.815,22.815,22.164,22.795,159,0
20151005,22.327,22.748,22.011,22.489,2347,0
20151006,22.489,22.671,22.288,22.585,53298,0
20151007,22.489,23.341,22.489,23.073,5114,0
20151008,23.446,23.791,23.083,23.791,3676,0
20151009,23.8,23.819,23.322,23.819,6503,0
20151012,23.819,23.819,23.446,23.733,2487,0
20151013,23.638,23.695,23.446,23.542,1768,0
20151014,23.724,25.504,23.724,24.882,35454,0
20151015,25.456,25.456,24.575,24.575,23500,0
20151016,24.69,25.121,24.059,24.499,6476,0
20151019,24.499,24.863,24.116,24.757,1903,0
20151020,24.403,24.403,24.403,24.403,892,0
20151021,24.69,24.738,24.049,24.049,4007,0
20151022,23.982,24.04,23.829,24.04,4707,0
20151023,24.04,24.04,23.848,23.867,2403,0
20151026,23.819,24.394,23.819,24.308,2459,0
20151027,24.116,24.757,24.116,24.757,4093,0
20151028,24.738,24.834,24.499,24.595,2472,0
20151029,24.403,24.843,24.403,24.738,1375,0
20151030,24.69,24.69,24.116,24.69,8540,0
20151102,24.843,24.843,24.317,24.499,3917,0
20151103,24.69,24.738,24.212,24.26,3172,0
20151104,24.671,24.671,24.164,24.164,3443,0
20151105,24.212,24.212,23.953,23.973,1968,0
20151106,24.068,24.375,23.819,24.25,3064,0
20151109,24.212,24.212,23.819,24.193,1812,0
20151110,24.212,24.375,23.819,23.925,1959,0
20151112,23.819,23.819,23.073,23.542,3038,0
20151113,23.446,23.446,23.102,23.446,959,0
20151116,22.862,23.159,22.039,23.159,12997,0
20151117,22.212,23.408,22.212,22.968,27154,0
20151118,22.681,23.331,22.681,23.331,505,0
20151119,23.159,23.772,22.949,23.685,13924,0
20151120,23.628,23.628,22.996,23.446,9770,0
20151123,23.207,23.207,22.949,22.949,8630,0
20151124,22.728,22.728,22.02,22.394,35947,0
20151125,22.298,23.207,22.298,22.968,263730,0
20151126,23.437,23.437,22.585,23.197,367472,0
20151127,23.226,23.226,22.154,22.614,1193,0
20151130,22.767,23.15,22.394,22.585,31874,0
20151201,22.221,22.872,22.221,22.298,1741,0
20151202,22.298,22.298,20.48,20.585,23812,0
20151203,20.48,20.757,19.35,20.594,8295,0
20151204,20.575,21.035,20.489,20.681,27269,0
20151207,20.585,21.437,20.393,21.025,5734,0
20151208,20.901,20.91,20.901,20.901,42560,0
20151209,20.384,20.901,20.384,20.403,1636,0
20151210,20.46,20.508,20.403,20.48,10140,0
20151211,20.575,20.748,20.48,20.738,9323,0
20151214,20.594,20.594,19.14,19.14,12456,0
20151215,19.283,20.384,19.283,20.317,39140,0
20151216,20.738,20.738,19.781,20.097,11050,0
20151217,20.049,20.738,20.049,20.566,2816,0
20151218,20.25,20.384,20.25,20.336,21027,0
20151221,20.145,20.413,20.116,20.116,11583,0
20151222,20.106,21.437,20.106,21.121,16118,0
20151223,21.389,21.963,21.379,21.963,10778,0
20151228,22.001,22.968,21.628,22.968,15877,0
20151229,22.968,23.542,22.728,23.542,13591,0
20151230,23.446,23.532,22.489,23.159,32386,0
20160104,23.446,23.446,22.489,22.499,53198,0
20160105,22.403,22.862,22.403,22.489,26233,0
20160107,22.489,23.303,21.484,21.724,11488,0
20160108,21.245,21.532,21.149,21.245,1595,0
20160111,21.245,22.001,20.298,21.054,527,0
20160112,20.623,21.054,20.097,21.054,5913,0
20160113,21.341,21.341,20.958,21.054,1408,0
20160114,20.671,20.671,20.527,20.575,1743,0
20160115,20.575,20.575,20.097,20.192,1680,0
20160118,20.097,20.097,19.618,19.714,10047,0
20160119,19.523,19.791,19.523,19.618,821,0
20160120,19.341,19.714,19.14,19.168,1968,0
20160121,19.235,19.235,18.001,18.326,2257,0
20160122,18.183,19.609,18.183,19.609,3352,0
20160125,20.097,20.958,20.097,20.633,1480,0
20160126,20.853,20.853,19.925,20.097,29819,0
20160127,20.097,20.48,20.097,20.097,152,0
20160128,20.097,20.575,19.523,19.523,3804,0
20160129,18.901,19.714,18.901,19.57,1203,0
20160201,20.413,20.575,19.666,20.575,1004,0
20160202,19.81,20.575,19.81,20.547,214,0
20160203,20.097,20.767,20.097,20.767,1958,0
20160204,20.575,20.757,20.116,20.748,3048,0
20160205,20.748,20.748,20.48,20.527,2620,0
20160208,20.575,20.575,20.413,20.413,347,0
20160209,20.068,20.068,20.049,20.049,596,0
20160210,19.714,20.738,19.532,19.858,14439,0
20160211,20.097,20.097,19.255,19.312,2509,0
20160212,19.35,20.03,19.235,19.848,2923,0
20160215,19.848,19.848,19.848,19.848,14,0
20160216,19.379,19.791,19.235,19.714,721,0
20160217,19.685,19.695,19.36,19.369,745,0
20160218,19.618,19.704,19.235,19.58,2474,0
20160219,19.255,19.523,19.235,19.523,4493,0
20160222,19.235,19.666,19.235,19.618,2294,0
20160223,19.618,19.81,19.618,19.81,1792,0
20160224,19.858,19.858,19.255,19.427,1311,0
20160225,19.235,19.618,19.235,19.618,632,0
20160226,19.838,19.838,19.235,19.35,1579,0
20160229,19.36,20.097,19.36,19.523,2991,0
20160301,19.762,19.771,19.427,19.771,1249,0
20160302,19.743,19.762,19.523,19.714,952,0
20160303,19.81,19.81,19.475,19.484,9949,0
20160304,19.484,19.972,19.484,19.618,189361,0
20160307,19.972,20.508,19.81,20.508,190092,0
20160308,20.508,21.054,20.192,20.901,7386,0
20160309,21.054,21.331,20.958,21.054,1968,0
20160310,21.054,21.054,20.48,20.48,11263,0
20160311,20.527,20.527,20.011,20.192,3184,0
20160314,20.097,20.575,20.011,20.575,1829,0
20160315,20.575,20.939,20.575,20.633,1538,0
20160316,20.633,20.948,20.633,20.948,3720,0
20160317,21.054,22.202,21.054,21.628,34002,0
20160318,22.862,22.862,21.829,22.48,3256,0
20160321,22.499,22.633,21.915,22.633,2356,0
20160322,22.728,22.728,21.303,22.106,5711,0
20160323,22.106,22.106,21.657,22.068,1065,0
20160324,21.37,22.059,21.341,22.059,3171,0
20160329,22.336,22.336,21.341,21.714,5322,0
20160330,21.724,21.724,21.341,21.341,2318,0
20160331,21.628,22.958,21.456,22.958,67022,0
20160401,22.958,22.968,22.595,22.776,2457,0
20160404,22.757,22.776,22.585,22.585,10182,0
20160405,22.681,22.681,22.489,22.681,29601,0
20160406,22.681,23.351,22.681,23.264,10399,0
20160407,23.437,23.829,23.255,23.829,11657,0
20160408,23.733,23.819,22.977,23.111,44129,0
20160411,23.303,24.403,23.303,24.394,250936,0
20160412,24.403,24.403,23.944,24.202,5798,0
20160413,23.934,24.193,23.934,24.193,29623,0
20160414,24.164,24.26,24.011,24.241,33979,0
20160415,24.183,24.394,24.183,24.212,13469,0
20160418,24.107,24.107,23.992,23.992,40170,0
20160419,24.001,24.116,24.001,24.02,1288,0
20160420,23.934,24.02,23.934,24.02,1022,0
20160421,24.02,24.107,23.973,24.107,3063,0
20160422,24.107,25.36,24.107,25.159,22047,0
20160425,25.169,25.418,24.499,25.418,10957,0
20160426,24.882,25.647,24.413,25.647,32972,0
20160427,25.647,25.934,25.552,25.839,9802,0
20160428,25.456,25.647,25.36,25.36,4029,0
20160429,25.36,25.647,25.188,25.36,2242,0
20160502,25.36,25.58,24.977,25.58,512,0
20160504,25.36,25.791,25.332,25.791,3384,0
20160505,25.312,25.523,25.312,25.523,6252,0
20160506,25.083,25.083,24.221,24.882,9887,0
20160509,25.073,25.073,25.006,25.006,455,0
20160510,24.786,25.073,24.786,25.073,355,0
20160511,25.073,25.686,25.073,25.456,86753,0
20160512,25.408,25.408,24.882,24.882,819,0
20160513,24.882,25.121,24.451,25.073,2126,0
20160516,25.552,25.552,24.92,25.073,20241,0
20160517,25.169,25.705,24.891,25.705,16688,0
20160518,25.934,27.552,25.839,26.815,107448,0
20160519,27.513,27.714,26.652,27.178,18651,0
20160520,27.274,27.552,26.126,26.518,3593,0
20160523,27.121,27.131,26.604,26.604,1097,0
20160524,26.777,26.777,26.336,26.413,5750,0
20160525,26.327,26.327,25.647,25.954,13328,0
20160527,26.595,26.595,26.317,26.47,1123,0
20160530,26.47,26.47,26.269,26.279,2684,0
20160531,26.547,26.547,25.934,26.03,1666,0
20160601,25.274,25.465,24.556,24.872,10598,0
20160602,24.882,25.8,24.786,25.571,9968,0
20160603,25.743,25.743,24.882,24.882,4316,0
20160606,24.882,25.36,24.508,25.303,2771,0
20160607,25.293,25.312,24.451,25.312,1358,0
20160608,25.312,25.312,24.69,24.7,738,0
20160609,24.7,24.786,24.403,24.403,3788,0
20160610,24.403,24.403,23.159,23.465,10806,0
20160613,21.829,25.169,21.829,24.882,43534,0
20160614,23.762,24.308,23.446,23.446,1683,0
20160615,23.733,24.298,23.733,24.288,98959,0
20160616,23.925,23.925,23.925,23.925,9,0
20160617,23.427,23.925,23.36,23.925,1123,0
20160620,23.896,23.925,23.561,23.561,1412,0
20160621,23.5611,25.3602,23.5611,24.4989,2274,0
20160622,24.4989,24.6903,23.9247,23.9247,25024,0
20160623,24.4894,25.1688,24.1736,24.6425,79891,0
20160624,22.4892,23.9247,21.0538,23.073,21467,0
20160627,23.14,23.8769,22.0586,22.9582,38586,0
20160628,22.7285,22.7285,22.25,22.25,4904,0
20160629,22.52,23.65,22.11,22.65,4753,0
20160630,23.15,23.15,22.15,22.15,2193,0
20160701,22.18,22.79,22.18,22.6,3539,0
20160704,23.45,23.45,22.2,22.3,2358,0
20160705,22.4,22.59,22.13,22.31,2523,0
20160706,22.5,22.5,21.6,22,3627,0
20160707,21.95,23.1,21.95,22.6,6526,0
20160708,22.2,22.9,22.2,22.9,218,0
20160711,22.55,23.79,22.55,23.58,5136,0
20160712,24,24.5,24,24.5,2120,0
20160713,24.96,25.68,24.95,25,3501,0
20160714,24.5,24.93,24.45,24.93,775,0
20160715,24.32,24.8,24.32,24.8,156,0
20160718,24.29,24.29,23.4,23.41,5321,0
20160719,23.8,23.98,23.3,23.3,6896,0
20160720,23.3,23.65,21.44,22.22,14887,0
20160721,22.3,22.71,22.2,22.2,6569,0
20160722,22.1,22.6,22.1,22.59,6049,0
20160725,22.58,22.58,21.55,21.99,15958,0
20160726,22.09,22.19,21.9,22.14,4287,0
20160727,22.1,22.1,21.96,22,4269,0
20160728,22,22,21.5,21.5,5883,0
20160729,21.8,21.8,20.1,20.55,30392,0
20160801,20.94,21.04,20.1,20.4,68022,0
20160802,20.94,20.99,20.52,20.8,6064,0
20160803,20.8,20.8,20.6,20.6,12689,0
20160804,21,22,21,21.65,13955,0
20160805,21.99,22.04,21.7,21.89,4104,0
20160808,22.02,22.5,21.8,21.85,6412,0
20160809,22,22,21,21.69,10928,0
20160810,21.5,21.5,20.65,20.99,11543,0
20160811,20.77,21.39,20.77,21.15,3086,0
20160812,21.15,21.43,21.1,21.43,59032,0
20160816,21.43,21.64,21.3,21.4,226875,0
20160817,21.17,21.4,21.17,21.4,250,0
20160818,21.4,21.4,21.3,21.38,71585,0
20160819,21.35,21.4,21.22,21.38,23589,0
20160822,21.21,21.4,21.15,21.3,3495,0
20160823,21.57,21.57,21.1,21.3,746,0
20160824,21.2,21.2,21.1,21.15,2035,0
20160825,21.11,21.3,19.5,21.3,6869,0
20160826,21.49,21.49,21.1,21.1,1019,0
20160829,21.15,21.15,20.82,21,1277,0
20160830,21.25,21.25,20.5,20.7,4597,0
20160831,20.76,20.9,20.6,20.88,3810,0
20160901,20.15,20.69,20.15,20.42,4550,0
20160902,20.15,20.25,20.15,20.24,2894,0
20160905,20.22,20.23,19.55,19.86,4406,0
20160906,19.84,20.46,19.84,20.4,3580,0
20160907,20.64,21.26,20.4,21.26,67110,0
20160908,21.16,21.65,20.85,21.63,13378,0
20160909,21.69,22.39,21.69,22.2,15702,0
20160912,22.35,22.35,21.55,21.8,1155,0
20160913,21.8,22.6,21.8,22.6,26342,0
20160914,22.6,22.86,22.6,22.8,2341,0
20160915,22.4,22.7,22.2,22.6,1212,0
20160916,22.7,22.95,22.01,22.94,4045,0
20160919,22.94,23.93,22.94,23.93,9475,0
20160920,24,26.31,23.75,26.31,126824,0
20160921,26.05,26.2,25.75,26.1,23672,0
20160922,26.2,26.5,25.4,26.5,6583,0
20160923,26.4,26.4,25.75,25.75,20929,0
20160926,25.55,25.79,23.3,25,18915,0
20160927,25,25,24.31,24.57,19685,0
20160928,24.99,24.99,24.11,24.98,13998,0
20160929,24.99,24.99,24.4,24.9,1970,0
20160930,24.99,24.99,24.4,24.99,1848,0
20161003,25,25,24.41,24.45,73,0
20161004,24.8,24.8,23,24.8,26220,0
20161005,24.8,25,24.8,24.87,4143,0
20161006,25,25,24.8,24.8,6307,0
20161007,25,25,24.58,24.8,713,0
20161010,25,25,24.5,25,10178,0
20161011,25,25,23.5,23.83,1285,0
20161012,23.91,24.39,23.51,24.39,1916,0
20161013,24.49,24.49,23,24.1,869,0
20161014,24.1,24.1,24.1,24.1,640,0
20161017,24.3,24.3,24.3,24.3,1,0
20161018,24.27,24.27,23.5,23.5,1139,0
20161019,24.15,24.15,23.5,23.5,7063,0
20161020,23.49,23.83,23.1,23.45,866,0
20161021,23.45,24,23.45,23.97,2265,0
20161024,23.53,23.94,23.53,23.55,1422,0
20161025,23.65,24.45,23.55,23.65,2918,0
20161026,23.65,23.7,23.52,23.52,3203,0
20161027,23,23.93,22.5,23.93,7354,0
20161028,24.24,24.45,24.2,24.44,2001,0
20161031,24.45,24.69,24.45,24.6,3591,0
20161102,24.55,24.55,23.56,23.56,636,0
20161103,23.99,24,23.99,23.99,501,0
20161104,23.5,23.99,23.5,23.51,3874,0
20161107,23.51,24.3,23.4,24.3,27950,0
