Date,Open,High,Low,Close,Volume,OpenInt
20110328,26.4,31.2,24,25.6,2337,0
20110329,27.28,28.32,24.4,24.8,1067,0
20110330,23.76,25.52,22.24,25.52,607,0
20110331,22,24,22,23.92,394,0
20110401,24,24,24,24,6,0
20110404,22.88,22.96,21.12,22.16,429,0
20110405,21.6,24,21.6,24,1058,0
20110406,24.08,24.08,24.08,24.08,105,0
20110407,23.28,24,23.28,23.36,967,0
20110408,24.4,24.4,24.4,24.4,3,0
20110412,24.72,28,24.72,28,332,0
20110413,30.4,36.48,30.4,32,241,0
20110414,32,32,28.96,28.96,276,0
20110415,27.68,27.68,27.68,27.68,91,0
20110418,28,32,27.12,28,646,0
20110419,27.12,32.72,27.12,32.72,538,0
20110420,32.24,32.24,28.8,32.24,662,0
20110421,32.24,32.24,32.24,32.24,3,0
20110426,32.24,32.24,30.8,31.84,9271,0
20110427,31.36,32.88,31.36,32.88,4150,0
20110428,32.64,32.64,32.64,32.64,82,0
20110429,32.64,32.64,31.36,32.56,30,0
20110502,32.64,33.6,32.64,33.6,294,0
20110504,32.8,32.8,32.8,32.8,79,0
20110506,31.52,31.52,31.52,31.52,31,0
20110509,30.56,30.56,30.56,30.56,26,0
20110510,32.32,33.44,32.32,33.44,155,0
20110511,34.64,34.64,34.64,34.64,37,0
20110512,32.8,34,31.44,34,1544,0
20110517,32.4,33.2,32.4,33.2,138,0
20110519,32.8,33.2,32.8,33.2,151,0
20110523,34.88,35.2,34.88,35.2,209,0
20110524,44.8,44.8,44.8,44.8,13,0
20110525,48,52,45.6,45.6,282,0
20110526,44.4,44.4,44.4,44.4,57,0
20110527,42.4,47.28,40.48,47.28,300,0
20110530,44.8,44.8,42.88,42.88,92,0
20110531,43.2,44.48,43.2,44.48,114,0
20110603,43.6,43.6,43.6,43.6,1,0
20110606,43.2,43.2,43.2,43.2,58,0
20110608,40,40,40,40,63,0
20110609,38.4,46.4,38.4,46.4,579,0
20110610,44,44,44,44,13,0
20110613,42.4,47.2,38.88,46.4,913,0
20110614,45.36,45.36,43.2,43.2,181,0
20110615,44.64,50.4,44.64,44.8,109,0
20110620,44.8,44.8,44.8,44.8,1,0
20110621,44.8,44.8,44.8,44.8,1,0
20110622,44.8,44.8,44.8,44.8,1,0
20110627,44.8,44.8,44.8,44.8,1,0
20110628,44.8,44.8,44.8,44.8,1,0
20110629,44.8,44.8,44.8,44.8,0,0
20110630,44.8,44.8,44.8,44.8,13,0
20110701,44,46.48,42.32,42.32,90,0
20110704,42.32,42.32,42.32,42.32,39,0
20110706,40.8,40.8,40.8,40.8,61,0
20110712,40.4,40.4,40.4,40.4,39,0
20110718,38.4,38.4,38.4,38.4,64,0
20110801,35.12,38.4,35.12,38.4,143,0
20110804,36,36,36,36,70,0
20110808,36,36.08,36,36.08,23,0
20110829,36,36,34.64,34.64,57,0
20110927,28.96,29.04,28.96,29.04,21,0
20110928,30.32,34.8,30.32,34.8,172,0
20110929,33.6,34.8,33.6,34.8,112,0
20110930,36.08,40.4,36.08,40.4,113,0
20111004,38.4,38.4,36.8,36.8,131,0
20111005,35.2,35.2,35.2,35.2,72,0
20111025,33.68,33.68,33.68,33.68,76,0
20111026,32.4,32.4,32.4,32.4,25,0
20111028,33.12,38.4,33.12,38.4,144,0
20111031,33.68,37.6,33.68,37.6,215,0
20111102,37.68,37.68,37.68,37.68,27,0
20111103,37.6,38.4,33.68,38.4,77,0
20111107,34.24,36.8,34.24,36.8,76,0
20111118,34.4,34.4,34.4,34.4,74,0
20111121,33.28,33.28,33.28,33.28,77,0
20111123,33.28,33.28,33.28,33.28,19,0
20111125,31.6,31.6,31.6,31.6,63,0
20111208,30.4,30.4,30.4,30.4,79,0
20111229,26.4,34.4,26.4,34.4,15172,0
20111230,32.16,37.2,32.16,37.2,220,0
20120103,35.2,35.2,35.2,35.2,73,0
20120104,33.44,33.44,33.44,33.44,76,0
20120109,29.44,38,29.44,38,3,0
20120111,38,38,38,38,1,0
20120112,38,38,38,38,1,0
20120117,37.84,37.84,37.84,37.84,1,0
20120123,37.6,37.6,37.6,37.6,1,0
20120124,37.6,37.6,37.6,37.6,1,0
20120127,31.68,32,30.24,30.24,169,0
20120130,25.2,32.4,25.2,32.4,102,0
20120201,32.4,32.4,32.4,32.4,0,0
20120203,30.88,32.4,30.88,32.4,83,0
20120206,32.4,32.4,32.4,32.4,1,0
20120207,32.4,32.4,32.4,32.4,0,0
20120210,29.84,29.84,29.84,29.84,86,0
20120221,27.2,32.32,27.2,32.32,6251,0
20120224,27.2,27.2,27.2,27.2,8750,0
20120228,28.08,32.32,28.08,32.32,105,0
20120229,30.8,32,30.8,32,93,0
20120306,30.4,30.4,30.4,30.4,1,0
20120312,32,32,32,32,1,0
20120321,32,32,32,32,1,0
20120430,36.32,36.32,36.32,36.32,1,0
20120529,34,34,34,34,1,0
20120530,34,34,34,34,1,0
20120531,33.84,33.84,33.84,33.84,38,0
20120626,33.52,33.52,33.52,33.52,1,0
20120628,33.36,35.2,33.36,35.2,112,0
20120629,35.2,35.2,35.2,35.2,125,0
20120702,36.32,36.32,36.32,36.32,1,0
20120709,28.4,28.4,28.4,28.4,53,0
20120710,31.92,31.92,31.92,31.92,0,0
20120713,27.36,27.36,27.36,27.36,57,0
20120716,31.92,31.92,31.92,31.92,0,0
20120820,25.52,25.6,25.52,25.6,98,0
20120822,25.6,25.6,25.6,25.6,180265,0
20120823,23.84,27.2,23.84,27.2,65,0
20120827,28.8,28.8,28.8,28.8,1,0
20120906,22.96,22.96,22.96,22.96,68,0
20120925,22.96,22.96,22.96,22.96,1,0
20120926,18.24,19.6,18.24,19.6,26,0
20120927,18.24,18.24,18.24,18.24,197,0
20121002,18.4,18.4,18.4,18.4,11,0
20121003,18.64,19.92,18.64,19.92,18,0
20121004,22.4,22.4,22.4,22.4,0,0
20121005,20.8,22.4,20.8,22.4,13,0
20121008,20.8,20.8,20.8,20.8,75,0
20121031,20.8,20.8,20.8,20.8,1,0
20121106,20.8,20.8,20.8,20.8,1,0
20121108,20.8,20.8,20.8,20.8,1,0
20121120,17.76,17.76,17.76,17.76,38,0
20121122,17.12,17.76,17.12,17.76,92,0
20121123,16.4,16.4,16.4,16.4,63,0
20121203,16.4,16.4,16.08,16.08,1,0
20121206,15.36,16.4,15.36,15.92,67,0
20121218,15.52,15.52,15.52,15.52,9562,0
20121220,15.6,17.6,14.56,17.6,70,0
20121227,15.04,16.16,15.04,16.16,103,0
20121228,16.4,17.6,16.32,16.32,233,0
20130102,15.92,15.92,15.92,15.92,0,0
20130103,15.92,15.92,15.92,15.92,0,0
20130104,15.92,15.92,15.92,15.92,0,0
20130111,16,16,16,16,0,0
20130115,16,16,16,16,0,0
20130125,16,16,16,16,0,0
20130128,16,16,16,16,1,0
20130222,16,16,16,16,97,0
20130226,15.68,16,15.68,16,199,0
20130227,15.68,15.68,15.68,15.68,99,0
20130315,16,17.6,16,17.6,123,0
20130412,15.68,15.68,15.68,15.68,99,0
20130415,16,16,16,16,0,0
20130417,16,16,16,16,76,0
20130515,16.8,16.8,16.8,16.8,1,0
20130520,15.68,15.68,15.68,15.68,99,0
20130524,16,17.6,16,17.6,190,0
20130527,16.8,16.8,16.8,16.8,92,0
20130612,17.6,17.6,17.6,17.6,0,0
20130617,15.2,16.8,15.2,16.8,5,0
20130618,15.2,15.2,15.2,15.2,21,0
20130619,15.04,15.04,15.04,15.04,63,0
20130624,14.24,14.24,14.24,14.24,3,0
20130627,14.24,14.24,12.96,12.96,14,0
20130628,14.24,14.24,14.16,14.24,50,0
20130701,12.88,12.88,12.88,12.88,1,0
20130702,11.68,11.68,11.68,11.68,1,0
20130715,12,12,12,12,2,0
20130719,12,12,11.04,11.04,34,0
20130722,11.04,12.08,11.04,12.08,1,0
20130726,11.84,11.84,11.04,11.04,251,0
20130729,10.96,10.96,10.08,10.08,2,0
20130802,9.2,9.2,9.2,9.2,1,0
20130805,9.2,9.2,8.4,8.4,1,0
20130812,9.2,9.2,9.2,9.2,100,0
20130819,10,10,10,10,25,0
20130820,10.8,10.8,10.8,10.8,125,0
20130821,11.76,12,11.04,12,13000,0
20130822,12.8,13.12,12,12,1446,0
20130823,12,12,12,12,1820,0
20130826,12.8,12.8,12.32,12.32,1535,0
20130829,12.32,12.32,12.32,12.32,13,0
20130830,12.72,12.72,11.68,12.72,344,0
20130905,12,12,12,12,2500,0
20130906,11.6,11.6,11.6,11.6,1875,0
20130909,11.2,11.2,11.2,11.2,1250,0
20130910,10.8,10.8,10.8,10.8,1500,0
20130911,11.2,11.2,11.2,11.2,500,0
20130917,10.4,11.12,10.4,11.12,745,0
20130919,10.4,10.4,10.4,10.4,1250,0
20130924,11.12,11.12,11.12,11.12,1523,0
20130925,10.4,10.4,10.4,10.4,4,0
20130926,11.12,11.12,11.12,11.12,89,0
20131004,11.12,11.12,11.12,11.12,12875,0
20131007,11.12,11.12,11.12,11.12,938,0
20131010,10.4,10.4,10.4,10.4,786,0
20131011,10.4,10.4,10.4,10.4,1250,0
20131015,11.12,11.12,11.12,11.12,113,0
20131016,11.12,11.12,11.12,11.12,400,0
20131017,11.12,11.12,11.12,11.12,375,0
20131018,9.6,9.6,9.6,9.6,400,0
20131021,11.12,11.12,11.12,11.12,63,0
20131022,12.08,12.08,12.08,12.08,13,0
20131024,12.08,12.08,12.08,12.08,1313,0
20131025,12.08,12.08,12.08,12.08,69,0
20131028,12.08,12.08,12.08,12.08,1625,0
20131031,11.92,11.92,11.92,11.92,8,0
20131108,10.8,11.84,10.8,11.84,1000,0
20131114,10.8,10.8,10.8,10.8,125,0
20131115,11.2,11.2,11.2,11.2,13,0
20131118,11.2,11.2,11.2,11.2,94,0
20131121,10.4,10.4,10.4,10.4,1250,0
20131122,10.4,10.4,10.4,10.4,14375,0
20131205,10.4,10.4,10.4,10.4,1250,0
20131212,10.4,10.4,10.4,10.4,11613,0
20131213,11.2,11.2,11.2,11.2,13,0
20131217,10,10,10,10,2813,0
20131219,9.2,9.2,9.2,9.2,17500,0
20131220,8.8,8.8,8.8,8.8,6409,0
20131223,8.8,8.8,8.8,8.8,6466,0
20131230,10.24,10.24,10.24,10.24,63,0
20140103,11.12,11.12,11.12,11.12,25,0
20140110,9.2,9.2,8.32,8.32,26496,0
20140113,8.8,8.8,8.8,8.8,8070,0
20140114,8.8,8.8,8.8,8.8,4000,0
20140115,8.8,8.8,8.8,8.8,28,0
20140116,8.4,8.4,8.4,8.4,659,0
20140117,8.4,8.4,8.08,8.08,7705,0
20140121,8,8,8,8,1,0
20140127,8,8,8,8,6000,0
20140128,7.36,7.36,7.36,7.36,13000,0
20140131,7.6,7.6,7.2,7.2,1375,0
20140203,6.56,6.56,6.56,6.56,16000,0
20140204,6.56,6.56,6.56,6.56,101,0
20140205,6.32,6.32,6.32,6.32,7125,0
20140207,8,8,7.92,7.92,3551,0
20140210,8,8,7.92,7.92,3473,0
20140211,7.28,7.28,7.28,7.28,2351,0
20140212,7.76,7.76,7.76,7.76,1,0
20140213,7.76,7.76,7.76,7.76,133,0
20140214,6.24,6.24,6.24,6.24,4684,0
20140217,6.64,6.64,6.64,6.64,13,0
20140218,6.64,6.64,6.64,6.64,1250,0
20140219,7.12,7.12,6.64,6.64,1251,0
20140220,6.72,6.72,6.56,6.56,1618,0
20140221,5.92,5.92,5.92,5.92,9505,0
20140224,6.48,6.48,6.4,6.4,1128,0
20140225,7.04,7.04,6.96,6.96,313,0
20140226,6.4,6.4,6.4,6.4,1500,0
20140227,7.04,7.04,6.96,6.96,6,0
20140304,5.6,5.6,5.6,5.6,4250,0
20140305,5.6,5.76,5.6,5.76,5375,0
20140306,5.84,5.84,5.6,5.6,8497,0
20140307,5.6,5.6,5.6,5.6,7500,0
20140310,5.84,5.84,5.84,5.84,16,0
20140311,5.84,5.84,5.84,5.84,375,0
20140313,6.16,6.16,6.16,6.16,14800,0
20140314,6.08,6.08,6.08,6.08,259,0
20140317,6.16,6.16,6.16,6.16,125,0
20140318,5.68,5.68,5.68,5.68,4125,0
20140319,5.68,5.68,5.68,5.68,13556,0
20140320,5.36,5.36,5.36,5.36,12397,0
20140326,5.44,5.44,5.44,5.44,131,0
20140327,5.76,6.32,5.76,6.32,1416,0
20140328,6.32,6.32,6.32,6.32,342,0
20140331,6.8,6.8,6.8,6.8,125,0
20140401,6.32,6.32,6.32,6.32,1464,0
20140404,6,6,6,6,2188,0
20140408,5.76,5.76,5.76,5.76,10,0
20140414,5.2,5.2,5.2,5.2,113,0
20140417,4.72,4.8,4.72,4.8,9475,0
20140423,4.8,4.8,4.8,4.8,2500,0
20140425,4.32,4.32,4.32,4.32,3438,0
20140506,4.4,4.4,4.4,4.4,125,0
20140507,4.4,4.4,4.4,4.4,264,0
20140509,4,4,4,4,1000,0
20140512,4.56,4.56,4.56,4.56,7617,0
20140513,4.56,4.56,4.56,4.56,2959,0
20140515,4.8,4.8,4.8,4.8,19,0
20140516,5.28,5.28,5.28,5.28,13,0
20140519,5.6,5.6,5.6,5.6,827,0
20140520,5.6,5.6,5.6,5.6,25,0
20140521,5.6,5.6,5.6,5.6,1263,0
20140522,5.68,5.76,5.68,5.76,116,0
20140523,5.76,5.76,5.68,5.68,25,0
20140526,5.76,5.76,5.6,5.6,225,0
20140527,5.6,5.6,5.6,5.6,2363,0
20140528,5.92,5.92,5.6,5.84,3738,0
20140529,5.92,6.4,5.92,6.4,1651,0
20140530,6.32,6.48,6.32,6.48,1974,0
20140602,6.48,6.48,6.24,6.48,1325,0
20140603,6.48,6.48,6.08,6.48,693,0
20140604,6.48,6.64,6.48,6.64,1183,0
20140605,6.64,6.72,6.4,6.4,714,0
20140606,6.4,6.8,6.4,6.8,450,0
20140609,6.8,6.8,6.8,6.8,633,0
20140610,6.8,7.2,6.8,7.2,3948,0
20140611,7.28,7.76,7.28,7.76,789,0
20140612,7.84,8.56,7.84,8.56,1151,0
20140613,8.56,9.36,7.76,7.76,26850,0
20140616,7.6,8.16,7.6,8,6707,0
20140617,8.16,8.16,7.36,7.68,1240,0
20140618,6.96,7.04,6.32,6.32,2683,0
20140620,3.6,3.6,3.6,3.6,14244,0
20140623,3.92,4.64,3.92,4.64,6381,0
20140624,5.36,5.84,4.88,5.76,7327,0
20140625,6.24,6.64,6,6.4,1878,0
20140626,6.48,6.48,5.44,6.16,3924,0
20140627,6.16,6.24,5.76,5.92,311,0
20140630,6,6.48,6,6.48,363,0
20140701,6.32,6.32,6.32,6.32,13,0
20140702,6.16,6.16,5.6,5.84,191,0
20140703,5.76,5.76,5.76,5.76,343,0
20140704,5.6,5.6,5.36,5.36,231,0
20140707,5.76,6.32,5.76,6.08,7645,0
20140708,6.64,6.88,6.4,6.72,538,0
20140709,6.64,6.88,6,6.56,1564,0
20140710,6.48,6.48,5.84,6.24,1075,0
20140711,6.4,6.4,5.92,6.16,1563,0
20140714,6.48,6.48,6.16,6.4,38,0
20140715,6.32,8,6.32,8,5841,0
20140716,8.8,9.12,6.72,6.96,935,0
20140717,6.72,7.36,5.52,5.6,5854,0
20140718,5.76,6.32,5.52,5.68,4773,0
20140721,6.16,6.24,5.76,5.84,2365,0
20140722,5.6,5.84,5.6,5.84,292,0
20140723,5.84,6.32,5.84,6.32,1589,0
20140724,6.24,6.24,6.24,6.24,6,0
20140725,6.24,6.32,6.24,6.32,94,0
20140728,6.32,6.32,5.76,5.76,2264,0
20140729,5.84,5.92,5.68,5.84,1773,0
20140730,5.92,5.92,5.68,5.84,1168,0
20140731,5.84,5.84,5.36,5.68,501,0
20140801,6,6,5.2,5.36,3918,0
20140804,5.52,5.52,5.52,5.52,18,0
20140805,5.52,5.52,5.04,5.2,5138,0
20140806,5.2,5.28,4.8,5.28,12967,0
20140807,5.2,5.2,4.88,5.2,416,0
20140808,5.2,5.2,4.88,4.96,4113,0
20140811,4.96,5.12,4.8,4.88,2739,0
20140812,4.96,4.96,4.72,4.72,8014,0
20140813,4.8,4.8,4.56,4.8,116,0
20140814,4.8,4.8,4.56,4.56,1910,0
20140818,4.56,4.64,4.24,4.64,30,0
20140819,4.64,4.64,4.24,4.56,4878,0
20140820,4.64,4.64,4.56,4.64,70,0
20140821,4.64,4.64,4.32,4.4,457,0
20140822,4.48,4.48,4.4,4.4,1568,0
20140825,4.56,4.56,4.32,4.32,138,0
20140826,4.48,4.56,4.24,4.32,6770,0
20140827,4.56,4.56,4.48,4.56,7280,0
20140828,4.56,4.56,4.32,4.56,1881,0
20140829,4.56,4.56,4.56,4.56,6,0
20140901,4.56,4.96,4.56,4.8,42920,0
20140902,5.12,5.12,4.72,4.72,4069,0
20140903,4.88,4.88,4.64,4.88,618,0
20140904,4.88,4.88,4.88,4.88,1,0
20140905,5.12,5.12,4.64,4.96,1669,0
20140908,4.96,4.96,4.8,4.96,1347,0
20140909,5.2,5.28,4.8,5.12,2897,0
20140910,5.12,5.12,4.8,5.12,6888,0
20140911,5.04,5.04,5.04,5.04,1,0
20140912,5.04,5.04,4.88,5.04,153,0
20140915,5.12,5.12,4.8,4.8,1139,0
20140916,4.96,4.96,4.96,4.96,208,0
20140917,4.96,5.04,4.8,4.8,818,0
20140918,4.96,4.96,4.96,4.96,13,0
20140919,4.96,4.96,4.48,4.48,1217,0
20140922,4.64,4.64,4.24,4.24,1530,0
20140923,4.56,4.56,4.48,4.48,25,0
20140924,4.48,4.48,4.48,4.48,44,0
20140925,4.48,4.64,4.48,4.48,1406,0
20140926,4.64,4.8,4.64,4.8,338,0
20140929,4.8,4.8,4.56,4.72,213,0
20140930,4.72,4.72,4.4,4.4,900,0
20141001,4.32,4.48,4,4.08,17944,0
20141002,4.24,4.24,3.84,4.08,14398,0
20141003,4.08,4.08,3.68,3.76,3253,0
20141006,3.92,3.92,3.6,3.6,8564,0
20141007,3.6,3.6,3.28,3.52,11412,0
20141008,3.6,3.6,3.28,3.6,4953,0
20141009,3.6,3.6,3.28,3.52,8524,0
20141010,3.52,3.52,3.36,3.36,400,0
20141013,3.44,3.44,3.12,3.2,2551,0
20141014,3.2,3.28,3.2,3.28,25,0
20141015,3.28,3.28,2.8,2.96,2146,0
20141016,3.04,3.04,2.88,3.04,8074,0
20141017,3.12,3.2,3.12,3.2,988,0
20141020,3.36,3.36,3.2,3.2,1877,0
20141021,3.2,3.2,3.04,3.12,1548,0
20141022,3.2,3.2,2.96,3.2,950,0
20141023,3.2,3.2,3.04,3.04,44,0
20141024,3.12,3.2,2.56,2.88,2663,0
20141027,3.04,3.04,2.96,2.96,1975,0
20141028,3.04,3.04,2.8,2.88,1793,0
20141029,2.96,2.96,2.72,2.8,244,0
20141030,2.88,2.96,2.56,2.8,13723,0
20141031,2.96,2.96,2.96,2.96,10,0
20141103,2.96,2.96,2.72,2.72,3649,0
20141104,2.72,2.72,2.72,2.72,31,0
20141105,2.8,2.8,2.8,2.8,828,0
20141106,2.8,2.8,2.8,2.8,6,0
20141107,2.8,2.8,2.32,2.48,26084,0
20141110,2.48,2.48,2.32,2.4,1937,0
20141112,2.4,2.4,2.4,2.4,1015,0
20141113,2.48,2.48,2.4,2.4,117,0
20141114,2.4,2.4,2.24,2.4,4013,0
20141117,2.4,2.4,2.4,2.4,6,0
20141118,2.4,2.4,2.32,2.4,348,0
20141119,2.4,2.56,2.4,2.48,24437,0
20141120,2.48,2.48,2.32,2.32,18026,0
20141121,2.4,2.4,2.24,2.24,11479,0
20141124,2.24,2.4,2.24,2.4,8688,0
20141125,2.4,2.4,2.24,2.32,17784,0
20141126,2.32,2.32,2.32,2.32,6,0
20141127,2.32,2.32,2.32,2.32,10004,0
20141128,2.4,2.4,2.32,2.4,1328,0
20141201,2.4,2.4,2,2.08,13465,0
20141202,2.16,2.16,2.08,2.16,1911,0
20141203,2.16,2.16,2,2.16,996,0
20141204,2.16,2.16,2.08,2.08,3291,0
20141205,2.16,2.16,2.08,2.08,104,0
20141222,2,2,1.88,1.88,50336,0
20141223,1.75,1.75,1.57,1.57,96556,0
20141229,1.57,1.57,1.55,1.56,7919,0
20141230,1.58,1.73,1.58,1.73,9119,0
20150102,1.72,1.8,1.65,1.8,2997,0
20150105,1.8,1.89,1.8,1.85,5789,0
20150107,1.9,2.04,1.8,2.04,24970,0
20150108,2.04,2.24,2.04,2.09,56335,0
20150109,2.1,2.2,2.09,2.19,2334,0
20150112,2.19,2.19,2.02,2.02,18674,0
20150113,2.09,2.09,1.93,2,4662,0
20150114,1.85,1.86,1.75,1.83,34489,0
20150115,1.9,1.9,1.9,1.9,20,0
20150116,1.89,1.89,1.8,1.8,40120,0
20150119,1.8,1.84,1.8,1.84,11923,0
20150120,1.9,1.9,1.9,1.9,1,0
20150121,1.9,1.9,1.9,1.9,50,0
20150122,1.9,1.9,1.74,1.74,1405,0
20150123,1.74,1.74,1.74,1.74,100,0
20150126,1.8,1.8,1.78,1.79,1156,0
20150127,1.79,1.79,1.79,1.79,50,0
20150128,1.75,1.79,1.75,1.79,1950,0
20150129,1.79,1.79,1.79,1.79,100,0
20150130,1.79,1.79,1.79,1.79,50,0
20150202,1.75,1.75,1.75,1.75,6800,0
20150203,1.74,1.74,1.7,1.7,160,0
20150204,1.7,1.7,1.7,1.7,50,0
20150205,1.71,1.71,1.65,1.65,2000,0
20150206,1.65,1.65,1.65,1.65,6670,0
20150211,1.66,1.66,1.66,1.66,110,0
20150212,1.65,1.65,1.62,1.62,337,0
20150213,1.62,1.62,1.6,1.6,950,0
20150216,1.6,1.6,1.6,1.6,50,0
20150217,1.6,1.69,1.6,1.69,1560,0
20150218,1.67,1.67,1.67,1.67,300,0
20150220,1.66,1.72,1.66,1.72,766,0
20150223,1.71,1.71,1.71,1.71,130,0
20150224,1.72,1.73,1.72,1.73,6832,0
20150225,1.73,1.73,1.71,1.71,625,0
20150226,1.72,1.82,1.72,1.79,2955,0
20150227,1.76,1.85,1.76,1.85,1070,0
20150302,1.95,2.09,1.95,2.09,7450,0
20150303,2.29,2.51,2.29,2.51,8161,0
20150304,2.73,3,2.73,3,7616,0
20150305,3.3,3.63,3.3,3.63,6974,0
20150306,4,4.5,4,4.5,27725,0
20150309,4.89,5.37,4.89,5.37,18011,0
20150310,5.9,6.19,5.37,5.37,17646,0
20150311,4.85,4.95,4.37,4.38,17725,0
20150312,4.37,4.78,4,4.6,3623,0
20150313,5.06,5.06,4.6,4.9,766,0
20150316,4.41,4.76,4.26,4.76,914,0
20150317,4.5,4.68,4.5,4.68,585,0
20150318,4.45,4.45,4.05,4.06,4417,0
20150319,4.07,4.07,3.67,3.67,11519,0
20150320,4,4.16,3.97,4,1718,0
20150323,4,4.01,3.81,3.85,1275,0
20150324,3.52,3.8,3.17,3.8,5680,0
20150325,3.87,4,3.5,3.5,736,0
20150326,3.53,3.53,3.52,3.53,462,0
20150327,3.45,3.63,3.44,3.63,700,0
20150330,3.3,3.38,3.23,3.23,1651,0
20150331,3.28,3.34,3.23,3.28,1465,0
20150401,3.28,3.4,3.26,3.26,4830,0
20150402,3.1,3.1,3.01,3.01,626,0
20150407,3.05,3.28,3.05,3.28,487,0
20150408,3.25,3.25,3.25,3.25,286,0
20150409,3.35,3.5,3.35,3.5,1272,0
20150410,4,4.2,4,4,1112,0
20150413,3.99,4.2,3.68,4.2,1539,0
20150414,4,4,3.85,3.85,1060,0
20150415,3.86,3.88,3.74,3.88,380,0
20150416,3.88,3.88,3.88,3.88,55,0
20150417,3.73,3.86,3.72,3.86,2865,0
20150421,3.75,4,3.75,4,836,0
20150422,4.1,4.1,4.1,4.1,33,0
20150423,4.04,4.05,4.04,4.05,395,0
20150424,4,4,4,4,427,0
20150427,4,4,3.8,3.8,1620,0
20150428,3.9,3.9,3.8,3.8,4480,0
20150429,3.99,4,3.99,4,3055,0
20150430,4,4,4,4,50,0
20150504,3.8,3.8,3.8,3.8,14300,0
20150506,3.76,3.76,3.76,3.76,100,0
20150508,3.76,3.76,3.76,3.76,295,0
20150513,3.73,3.73,3.73,3.73,232,0
20150515,3.72,3.72,3.53,3.54,2887,0
20150518,3.19,3.39,3.19,3.39,3971,0
20150519,3.13,3.26,3.13,3.15,868,0
20150520,3.15,3.46,3.15,3.46,1852,0
20150522,3.45,3.45,3.2,3.2,1686,0
20150525,3.2,3.2,3.2,3.2,250,0
20150527,3.1,3.15,3.01,3.15,2628,0
20150528,3.1,3.1,3.1,3.1,210,0
20150529,3,3,2.78,2.78,2891,0
20150601,2.8,2.84,2.7,2.72,5080,0
20150602,2.74,2.74,2.73,2.73,504,0
20150605,2.65,2.65,2.41,2.41,2173,0
20150608,2.41,2.41,2.41,2.41,100,0
20150609,2.41,2.6,2.24,2.4,2540,0
20150610,2.51,2.51,2.3,2.3,888,0
20150611,2.23,2.41,2.08,2.41,16885,0
20150612,2.41,2.41,2.3,2.3,2607,0
20150615,2.17,2.17,2.16,2.16,1527,0
20150616,2.37,2.6,2.28,2.28,5330,0
20150617,2.27,2.36,2.21,2.36,4535,0
20150618,2.36,2.46,2.36,2.46,57,0
20150619,2.3,2.35,2.28,2.35,1271,0
20150622,2.35,2.35,2.35,2.35,8937,0
20150623,2.36,2.36,2.35,2.35,40,0
20150624,2.46,2.58,2.46,2.58,149,0
20150625,2.45,2.45,2.45,2.45,10,0
20150626,2.38,2.38,2.34,2.34,679,0
20150629,2.36,2.36,2.36,2.36,1197,0
20150630,2.36,2.36,2.36,2.36,270,0
20150703,2.67,2.67,2.67,2.67,151,0
20150706,2.65,2.65,2.65,2.65,11,0
20150707,2.61,2.61,2.52,2.52,586,0
20150708,2.52,2.52,2.52,2.52,10,0
20150709,2.52,2.52,2.52,2.52,435,0
20150713,2.52,2.52,2.52,2.52,10,0
20150714,2.52,2.52,2.35,2.42,6754,0
20150715,2.49,2.49,2.39,2.4,1170,0
20150716,2.45,2.45,2.45,2.45,955,0
20150717,2.55,2.65,2.55,2.65,850,0
20150720,2.65,2.65,2.65,2.65,1500,0
20150721,2.62,2.65,2.62,2.65,1161,0
20150722,2.65,2.9,2.65,2.9,10999,0
20150727,3.19,3.5,3.19,3.5,15304,0
20150728,3.55,3.84,3.55,3.62,3053,0
20150729,3.66,4.15,3.66,4.14,7732,0
20150730,4.16,4.37,4.16,4.37,6533,0
20150731,4.39,4.5,4.39,4.39,3947,0
20150803,4.39,4.39,4,4,8193,0
20150804,4,4.15,3.85,3.85,5047,0
20150805,3.85,3.97,3.85,3.97,12580,0
20150806,3.97,3.97,3.85,3.95,1538,0
20150807,3.95,3.95,3.67,3.67,5121,0
20150810,3.65,3.68,3.57,3.6,1593,0
20150811,3.61,3.61,3.49,3.5,723,0
20150812,3.5,3.5,3.16,3.16,7757,0
20150813,3.17,3.17,3.16,3.16,1002,0
20150814,3.16,3.31,3.16,3.25,1630,0
20150817,3.34,3.4,3.34,3.4,300,0
20150818,3.4,3.4,3.4,3.4,31,0
20150819,3.4,3.4,3.07,3.16,10383,0
20150820,3.16,3.16,3.1,3.1,1002,0
20150821,3.09,3.09,3.02,3.02,4943,0
20150824,3.02,3.02,2.93,2.99,5191,0
20150825,3,3.02,3,3,615,0
20150826,3.01,3.01,3,3,800,0
20150827,3.03,3.03,3.01,3.01,1101,0
20150828,3.05,3.05,3.05,3.05,11,0
20150831,3.03,3.08,3.03,3.08,2200,0
20150901,3.1,3.1,2.86,2.86,9055,0
20150902,2.86,2.86,2.58,2.82,4539,0
20150903,2.85,2.85,2.84,2.85,2310,0
20150904,2.86,3.04,2.86,3.01,8641,0
20150907,3.39,3.39,3.07,3.07,687,0
20150908,3.08,3.11,3.08,3.11,1251,0
20150909,3.12,3.39,3.12,3.31,4503,0
20150910,3.41,3.41,3.3,3.3,3358,0
20150911,3.5,3.5,3.21,3.21,4617,0
20150914,3.21,3.21,3.21,3.21,2,0
20150915,3.21,3.49,3.21,3.33,18039,0
20150916,3.33,3.48,3.33,3.48,1701,0
20150917,3.38,3.38,3.38,3.38,300,0
20150921,3.4,3.7,3.4,3.41,9483,0
20150923,3.5,3.6,3.5,3.6,1713,0
20150924,3.6,3.82,3.6,3.82,718,0
20150925,4.2,4.2,3.85,3.85,3155,0
20150928,3.91,3.91,3.89,3.89,10291,0
20150929,3.9,3.9,3.87,3.87,846,0
20150930,3.87,3.9,3.82,3.9,11277,0
20151001,3.9,3.9,3.75,3.75,501,0
20151002,3.75,3.81,3.75,3.81,1971,0
20151005,3.9,3.9,3.9,3.9,2000,0
20151006,3.81,3.81,3.72,3.8,403,0
20151007,3.8,3.9,3.8,3.9,7662,0
20151008,3.9,3.9,3.9,3.9,2,0
20151009,3.8,3.8,3.71,3.72,4034,0
20151012,3.79,3.79,3.71,3.79,2057,0
20151013,3.79,3.84,3.79,3.84,191,0
20151014,3.84,3.84,2.81,3.03,27568,0
20151015,3.03,3.09,2.86,3,8247,0
20151016,3.18,3.18,2.89,3.03,781,0
20151019,3.18,3.18,3.03,3.13,3799,0
20151020,3.13,3.13,3.1,3.1,264,0
20151021,3.1,3.1,3.01,3.09,1482,0
20151022,3.09,3.09,3.01,3.05,2339,0
20151023,3.05,3.09,3.05,3.09,2,0
20151026,3.09,3.09,2.97,3.05,602,0
20151027,3.05,3.05,3.05,3.05,2,0
20151028,3.05,3.05,3.05,3.05,2,0
20151029,3.05,3.05,2.97,3.04,352,0
20151030,3.05,3.05,2.97,3.05,1117,0
20151102,3.05,3.05,3.05,3.05,2,0
20151103,3.05,3.12,2.99,3.12,2528,0
20151104,3.12,3.12,3.12,3.12,2,0
20151105,3.12,3.12,3.12,3.12,2,0
20151106,3.19,3.19,3.19,3.19,2,0
20151109,3.19,3.19,2.99,3.19,290,0
20151110,3.19,3.19,3.05,3.05,102,0
20151112,3.19,3.5,3.06,3.5,8680,0
20151113,3.5,3.85,3.4,3.7,4680,0
20151116,3.7,3.89,3.45,3.54,5128,0
20151117,3.54,3.54,3.4,3.54,1937,0
20151118,3.54,3.54,3.54,3.54,2,0
20151119,3.54,3.54,3.53,3.53,2,0
20151120,3.53,3.53,3.46,3.53,102,0
20151123,3.53,3.53,3.39,3.52,993,0
20151124,3.53,3.53,3.5,3.5,2,0
20151125,3.53,3.53,3.5,3.5,102,0
20151126,3.5,3.5,3.49,3.49,2,0
20151127,3.49,3.49,3.39,3.49,2302,0
20151130,3.49,3.49,3.49,3.49,2,0
20151201,3.53,3.53,3.53,3.53,2,0
20151202,3.53,3.53,3.53,3.53,2,0
20151203,3.53,3.53,3.2,3.5,3002,0
20151204,3.53,3.53,3.53,3.53,2,0
20151207,3.53,3.53,3.21,3.21,801,0
20151208,3.53,3.53,3.5,3.5,391,0
20151209,3.52,3.52,3.5,3.5,3,0
20151210,3.52,3.52,3.2,3.3,950,0
20151211,3.3,3.3,3.3,3.3,2,0
20151214,3.3,3.3,3.2,3.3,2302,0
20151215,3.3,3.3,3.1,3.1,384,0
20151216,3.24,3.24,3.24,3.24,1,0
20151217,3.52,3.52,3.3,3.5,2002,0
20151218,3.5,3.5,3.5,3.5,2,0
20151221,3.5,3.5,3.5,3.5,2,0
20151222,3.5,3.5,3.5,3.5,2,0
20151223,3.5,3.5,3.5,3.5,2,0
20151228,3.5,3.5,3.17,3.17,1978,0
20151229,3.2,3.3,3.18,3.18,6805,0
20151230,3.15,3.17,3.15,3.17,501,0
20160104,3.19,3.3,3.19,3.27,1461,0
20160105,3.52,3.52,3.29,3.3,102,0
20160107,3.5,3.5,3.47,3.47,2,0
20160108,3.5,3.5,3.5,3.5,2,0
20160111,3.5,3.5,3.3,3.3,2,0
20160112,3.3,3.3,3.15,3.3,554,0
20160113,3.3,3.3,3.15,3.3,2423,0
20160114,3.3,3.3,3.3,3.3,2,0
20160115,3.3,3.3,3.3,3.3,2,0
20160118,3.3,3.3,3,3,4978,0
20160119,2.9,3,2.9,3,78,0
20160120,3.04,3.04,2.85,2.85,3492,0
20160121,2.85,2.85,2.85,2.85,2,0
20160122,2.85,2.85,2.67,2.67,3088,0
20160125,2.57,2.67,2.57,2.67,4091,0
20160126,2.85,2.85,2.67,2.67,12320,0
20160127,2.67,2.67,2.65,2.65,406,0
20160128,2.85,2.85,2.67,2.67,2,0
20160129,2.65,2.68,2.57,2.57,3786,0
20160201,2.68,2.68,2.68,2.68,2,0
20160202,2.85,2.85,2.68,2.8,4,0
20160203,2.85,2.85,2.67,2.8,3003,0
20160204,2.85,2.85,2.85,2.85,2,0
20160205,2.85,2.85,2.75,2.75,2,0
20160208,2.85,2.85,2.63,2.85,268,0
20160209,2.85,2.85,2.67,2.67,2,0
20160210,2.85,2.85,2.6,2.72,109,0
20160211,2.85,2.85,2.73,2.73,2,0
20160212,2.85,2.85,2.71,2.71,3338,0
20160215,2.85,2.85,2.72,2.72,277,0
20160216,2.84,2.84,2.71,2.71,923,0
20160217,2.81,2.81,2.61,2.8,1002,0
20160218,2.81,2.81,2.71,2.71,718,0
20160219,2.81,2.81,2.7,2.7,302,0
20160222,2.8,2.8,2.8,2.8,2,0
20160223,2.79,2.79,2.67,2.67,2,0
20160224,2.79,2.79,2.6,2.66,3817,0
20160225,2.66,2.66,2.66,2.66,2,0
20160226,2.66,2.66,2.66,2.66,2,0
20160229,2.66,2.66,2.4,2.4,6728,0
20160301,2.4,2.4,2.3,2.3,1334,0
20160302,2.39,2.4,2.29,2.4,1681,0
20160303,2.45,2.45,2.4,2.4,2001,0
20160304,2.29,2.39,2.29,2.39,811,0
20160307,2.39,2.39,2.19,2.19,4450,0
20160308,2.19,2.2,2.18,2.2,1977,0
20160309,2.2,2.2,2.03,2.2,2651,0
20160310,2.2,2.2,1.98,2.2,6652,0
20160311,2.2,2.2,2.05,2.2,1837,0
20160314,2.2,2.2,2.2,2.2,2,0
20160315,2.2,2.2,2.15,2.2,2002,0
20160316,2.2,2.2,2.15,2.2,97,0
20160317,2.2,2.2,2.2,2.2,2,0
20160318,2.2,2.2,2.2,2.2,2,0
20160321,2.2,2.2,2.15,2.2,472,0
20160322,2.2,2.2,2.2,2.2,2,0
20160323,2.2,2.2,2.1,2.1,1101,0
20160324,2.15,2.2,2.15,2.2,1866,0
20160329,2.2,2.2,2.1,2.2,2151,0
20160330,2.1,2.19,2.1,2.19,801,0
20160331,2.2,2.2,2.14,2.14,1503,0
20160401,2.14,2.2,2.14,2.19,4248,0
20160404,2.39,2.39,2.25,2.39,553,0
20160405,2.39,2.39,2.25,2.36,4599,0
20160406,2.38,2.38,2.38,2.38,2,0
20160407,2.38,2.38,2.33,2.35,3925,0
20160408,2.39,2.39,2.34,2.34,2,0
20160411,2.34,2.34,2.34,2.34,429,0
20160412,2.35,2.46,2.35,2.37,1929,0
20160413,2.37,2.5,2.37,2.41,411,0
20160414,2.4,2.5,2.4,2.45,5042,0
20160415,2.45,2.45,2.45,2.45,2,0
20160418,2.52,2.52,2.52,2.52,1001,0
20160419,2.52,2.67,2.52,2.67,29032,0
20160420,2.7,2.7,2.62,2.67,2568,0
20160421,2.7,2.7,2.52,2.67,1477,0
20160422,2.7,2.7,2.52,2.67,776,0
20160425,2.7,2.7,2.45,2.51,25095,0
20160426,2.6,2.6,2.39,2.6,1936,0
20160427,2.6,2.6,2.49,2.49,1650,0
20160428,2.44,2.44,2.44,2.44,51,0
20160429,2.44,2.44,2.44,2.44,1,0
20160504,2.67,2.67,2.43,2.55,3438,0
20160505,2.54,2.6,2.54,2.6,1901,0
20160506,2.44,2.67,2.44,2.67,10480,0
20160509,2.67,2.67,2.56,2.66,2752,0
20160510,2.66,2.67,2.64,2.67,7102,0
20160511,2.67,2.67,2.67,2.67,2,0
20160512,2.67,2.67,2.66,2.66,1301,0
20160513,2.67,2.67,2.67,2.67,2,0
20160516,2.67,2.67,2.45,2.67,2924,0
20160517,2.67,2.67,2.66,2.66,1182,0
20160518,2.67,2.67,2.54,2.67,99,0
20160519,2.66,2.66,2.54,2.66,3529,0
20160520,2.66,2.66,2.55,2.65,26,0
20160523,2.65,2.65,2.65,2.65,2,0
20160524,2.6,2.6,2.6,2.6,2,0
20160525,2.65,2.65,2.5,2.65,13302,0
20160527,2.65,2.65,2.43,2.65,3002,0
20160530,2.65,2.65,2.65,2.65,2,0
20160531,2.65,2.65,2.64,2.64,2,0
20160601,2.65,2.65,2.45,2.65,1214,0
20160602,2.65,2.65,2.47,2.64,70,0
20160603,2.64,2.64,2.64,2.64,1,0
20160606,2.64,2.64,2.64,2.64,2,0
20160607,2.64,2.64,2.62,2.62,2,0
20160608,2.61,2.61,2.37,2.61,1102,0
20160609,2.64,2.64,2.38,2.44,604,0
20160610,2.46,2.46,2.46,2.46,2,0
20160613,2.46,2.46,2.46,2.46,2,0
20160614,2.46,2.46,2.46,2.46,2,0
20160615,2.46,2.46,2.38,2.46,328,0
20160616,2.46,2.46,2.4,2.46,203,0
20160617,2.46,2.46,2.46,2.46,2,0
20160620,2.46,2.46,2.46,2.46,2,0
20160621,2.46,2.46,2.43,2.43,2,0
20160622,2.46,2.46,2.46,2.46,2,0
20160623,2.46,2.46,2.46,2.46,2,0
20160624,2.46,2.46,2.21,2.4,78,0
20160627,2.4,2.4,2.4,2.4,2,0
20160628,2.4,2.4,2.4,2.4,1,0
20160629,2.4,2.4,2.3,2.3,2,0
20160630,2.4,2.4,2.25,2.3,4,0
20160701,2.4,2.4,2.3,2.3,2,0
20160704,2.4,2.4,2.25,2.3,555,0
20160705,2.4,2.4,2.3,2.3,2,0
20160706,2.4,2.4,2.25,2.25,2,0
20160707,2.4,2.4,2.39,2.39,2,0
20160708,2.39,2.39,2.39,2.39,2,0
20160711,2.39,2.39,2.39,2.39,2,0
20160712,2.39,2.39,2.05,2.06,4326,0
20160713,2.06,2.06,1.95,1.96,9939,0
20160714,1.95,1.95,1.86,1.86,900,0
20160715,1.89,2.06,1.89,1.97,8268,0
20160718,2.06,2.06,1.97,2.06,603,0
20160719,2.06,2.06,2.06,2.06,2,0
20160720,2.06,2.11,1.92,2.11,8870,0
20160721,2.16,2.3,2,2.3,7153,0
20160722,2.28,2.28,1.86,1.98,21848,0
20160725,1.82,1.98,1.81,1.9,18774,0
20160726,1.9,1.9,1.82,1.9,5,0
20160727,1.9,1.9,1.82,1.85,202,0
20160728,1.85,1.85,1.77,1.85,262,0
20160729,1.85,1.85,1.85,1.85,62,0
20160801,1.85,1.85,1.77,1.77,397,0
20160802,1.77,1.77,1.76,1.77,4555,0
20160803,1.77,1.77,1.77,1.77,2,0
20160804,1.77,1.77,1.77,1.77,1,0
20160805,1.77,1.77,1.77,1.77,2,0
20160808,1.77,1.77,1.77,1.77,1,0
20160809,1.77,1.77,1.77,1.77,2,0
20160810,1.77,1.77,1.77,1.77,52,0
20160811,1.77,1.77,1.51,1.51,901,0
20160812,1.51,1.51,1.45,1.45,4501,0
20160816,1.44,1.44,1.17,1.36,15097,0
20160817,1.45,1.56,1.45,1.56,1617,0
20160818,1.4,1.4,1.29,1.3,24776,0
20160819,1.34,1.34,1.25,1.25,4112,0
20160822,1.35,1.35,1.35,1.35,2,0
20160823,1.35,1.35,1.35,1.35,144,0
20160824,1.35,1.35,1.35,1.35,2,0
20160825,1.35,1.35,1.35,1.35,2,0
20160826,1.35,1.35,1.3,1.3,2,0
20160829,1.35,1.35,1.19,1.19,1103,0
20160830,1.3,1.3,1.29,1.3,201,0
20160831,1.3,1.3,1.19,1.26,9206,0
20160901,1.3,1.3,1.17,1.24,9402,0
20160902,1.24,1.24,1.22,1.22,608,0
20160905,1.24,1.24,1.23,1.23,2,0
20160906,1.23,1.23,1.15,1.23,9002,0
20160907,1.23,1.23,1.11,1.11,10159,0
20160908,1.11,1.11,1,1.04,12718,0
20160909,1.04,1.04,1,1.04,503,0
20160912,1.04,1.04,0.95,1.04,1000,0
20160913,1.04,1.04,1.04,1.04,2,0
20160914,1.04,1.04,1.04,1.04,2,0
20160915,1.04,1.04,1.03,1.03,2,0
20160916,1.04,1.04,0.95,1.04,143,0
20160919,1.04,1.04,0.85,0.86,15424,0
20160920,0.9,0.93,0.89,0.93,12306,0
20160921,0.93,0.94,0.88,0.94,2997,0
20160922,0.95,0.95,0.93,0.93,3,0
20160923,0.93,0.93,0.89,0.9,2012,0
20160926,0.9,0.9,0.83,0.9,33335,0
20160927,0.9,0.9,0.84,0.88,45544,0
20160928,0.9,0.93,0.89,0.93,9785,0
20160929,0.93,0.93,0.93,0.93,2,0
20160930,0.93,0.93,0.86,0.93,972,0
20161003,0.93,0.93,0.83,0.83,2043,0
20161004,0.8,0.8,0.8,0.8,4850,0
20161005,0.74,0.74,0.74,0.74,1900,0
20161006,0.74,0.74,0.74,0.74,146,0
20161007,0.74,0.74,0.74,0.74,1179,0
20161017,0.72,0.72,0.72,0.72,4908,0
20161018,0.72,0.72,0.72,0.72,5909,0
20161019,0.68,0.68,0.68,0.68,3437,0
20161021,0.62,0.68,0.56,0.68,12680,0
20161024,0.55,0.56,0.55,0.55,3699,0
20161025,0.55,0.55,0.55,0.55,1324,0
20161026,0.49,0.49,0.49,0.49,1757,0
20161027,0.51,0.51,0.51,0.51,706,0
20161028,0.5,0.51,0.5,0.51,3831,0
20161107,0.51,0.56,0.51,0.56,850,0
