Date,Open,High,Low,Close,Volume,OpenInt
20070315,13.01,13.069,12.266,12.587,286868,0
20070316,12.892,13.17,12.773,12.892,108332,0
20070319,13.154,13.187,12.943,13.027,16469,0
20070320,13.027,13.027,12.604,12.857,19030,0
20070321,13.027,13.027,12.815,12.857,11018,0
20070322,12.731,12.934,12.731,12.857,15771,0
20070323,12.857,12.876,12.689,12.824,20095,0
20070326,12.824,12.824,12.68,12.748,35509,0
20070327,12.689,12.689,12.545,12.604,24805,0
20070328,12.562,12.689,12.367,12.647,9939,0
20070329,12.689,12.689,12.35,12.629,8297,0
20070330,12.689,12.731,12.52,12.689,9793,0
20070402,12.68,12.68,12.435,12.562,9644,0
20070403,12.528,12.528,12.35,12.435,18948,0
20070404,12.435,12.435,12.181,12.435,31280,0
20070405,12.444,12.52,12.266,12.486,21750,0
20070410,12.68,12.857,12.562,12.689,29424,0
20070411,12.849,12.943,12.731,12.934,31853,0
20070412,12.934,13.163,12.876,13.103,49023,0
20070413,13.112,13.45,13.103,13.45,38261,0
20070416,13.45,13.991,13.408,13.957,118927,0
20070417,14.101,14.126,13.788,14.016,28804,0
20070418,14.042,14.042,13.366,13.535,36453,0
20070419,13.069,13.535,12.857,13.197,18069,0
20070420,13.535,13.535,13.112,13.197,5529,0
20070423,13.112,13.197,12.689,12.689,16953,0
20070424,12.689,12.857,12.689,12.857,6973,0
20070425,13.069,13.112,12.731,13.069,9032,0
20070426,13.069,13.069,12.985,12.985,3813,0
20070427,13.069,13.069,12.917,12.943,3159,0
20070430,12.857,12.876,12.68,12.841,3205,0
20070502,12.857,12.857,12.697,12.723,6493,0
20070504,12.773,12.773,12.621,12.689,10365,0
20070507,13.255,13.323,13.019,13.137,24930,0
20070508,13.18,13.45,13.035,13.035,21178,0
20070509,13.027,13.027,12.689,12.857,6469,0
20070510,12.857,12.9,12.536,12.9,4343,0
20070511,12.528,12.765,12.528,12.613,5128,0
20070514,12.765,12.773,12.697,12.748,5143,0
20070515,12.773,12.808,12.697,12.697,4000,0
20070516,12.697,12.697,12.528,12.528,7446,0
20070517,12.689,12.689,12.266,12.503,4102,0
20070518,12.503,12.503,12.325,12.35,4185,0
20070521,12.587,12.587,12.35,12.57,5361,0
20070522,12.604,12.604,12.52,12.579,2861,0
20070523,12.671,12.671,12.435,12.435,6105,0
20070524,12.647,12.647,12.486,12.638,5566,0
20070525,12.503,12.647,12.393,12.647,8539,0
20070528,12.638,13.01,12.444,12.815,30342,0
20070529,13.001,13.281,12.857,13.238,37290,0
20070530,13.112,13.298,12.909,13.197,24929,0
20070531,12.993,13.323,12.993,13.23,18960,0
20070601,13.112,13.197,13.019,13.197,21766,0
20070604,13.187,13.197,13.035,13.197,18612,0
20070605,13.035,13.222,12.773,13.197,13984,0
20070606,12.781,12.781,12.773,12.773,4206,0
20070608,12.985,13.112,12.689,12.773,8226,0
20070611,13.112,13.187,12.781,13.187,11407,0
20070612,13.112,13.112,12.857,13.027,9686,0
20070613,12.857,13.112,12.815,13.112,5773,0
20070614,12.689,13.095,12.689,13.095,1532,0
20070615,13.069,13.281,13.061,13.238,25899,0
20070618,13.271,13.957,13.197,13.644,72024,0
20070619,13.704,13.957,13.535,13.62,69082,0
20070620,13.62,13.62,13.45,13.45,17057,0
20070621,13.45,13.957,13.45,13.873,110171,0
20070622,13.957,14.042,13.637,13.696,54643,0
20070625,13.62,13.696,13.238,13.45,32901,0
20070626,13.197,13.374,12.882,13.374,77965,0
20070627,13.374,13.374,12.9,13.323,77609,0
20070628,13.408,13.408,12.9,13.112,42244,0
20070629,12.876,13.086,12.857,13.027,10941,0
20070702,13.086,13.086,12.689,13.019,20218,0
20070703,12.562,13.019,12.562,12.977,19849,0
20070704,12.689,12.909,12.621,12.909,8428,0
20070705,12.647,12.9,12.647,12.9,1345,0
20070706,12.857,13.535,12.857,13.112,40591,0
20070709,13.323,13.408,13.112,13.408,8098,0
20070710,13.442,13.873,13.442,13.797,50668,0
20070711,13.788,13.788,13.526,13.535,16123,0
20070712,13.509,13.704,13.027,13.366,12397,0
20070713,13.391,13.526,13.12,13.492,1746,0
20070716,13.526,13.737,13.154,13.154,28395,0
20070717,13.128,13.526,13.027,13.526,6487,0
20070718,13.238,13.526,13.238,13.526,714,0
20070719,13.265,13.704,13.255,13.627,26181,0
20070720,13.746,14.634,13.746,14.634,199866,0
20070723,14.98,15.902,14.98,15.556,169904,0
20070724,15.556,16.708,14.778,15.902,136256,0
20070725,15.651,16.064,15.252,15.895,61032,0
20070726,16.072,16.496,15.396,15.396,34879,0
20070727,14.795,15.336,14.592,14.973,30471,0
20070730,15.21,15.21,14.465,14.964,26127,0
20070731,15.226,15.651,15.218,15.59,25194,0
20070801,14.804,16.064,14.804,15.902,20628,0
20070802,15.987,15.987,15.651,15.895,19413,0
20070803,15.651,15.886,15.396,15.836,4509,0
20070806,14.811,15.226,14.678,14.964,15807,0
20070807,15.176,15.176,14.085,14.085,25375,0
20070808,13.957,14.465,13.957,14.465,8831,0
20070809,14.465,14.465,13.975,14.372,3547,0
20070810,13.543,14.244,13.535,14.244,4955,0
20070813,14.372,14.423,14.372,14.423,721,0
20070814,13.797,14.423,13.704,14.364,6182,0
20070816,13.543,13.949,13.323,13.949,17574,0
20070817,13.45,13.949,13.197,13.704,10177,0
20070820,13.704,13.873,13.492,13.831,9218,0
20070821,13.933,13.933,13.34,13.838,9538,0
20070822,13.957,14.338,13.314,14.338,6502,0
20070823,14.338,14.584,14.33,14.584,4174,0
20070824,13.957,14.804,13.957,14.804,46307,0
20070827,14.549,14.786,14.042,14.38,3121,0
20070828,14.364,14.364,13.991,14.33,3220,0
20070829,14.338,14.38,13.915,14.38,17309,0
20070830,14.38,14.38,14.016,14.38,2931,0
20070831,14.38,14.72,13.543,14.634,12700,0
20070904,14.296,14.626,14.042,14.626,4213,0
20070905,14.38,14.457,13.966,14.38,1853,0
20070906,13.873,14.287,13.78,14.287,1610,0
20070907,14.254,15.031,13.957,14.6,6610,0
20070910,13.586,14.592,13.586,14.457,1071,0
20070911,13.957,14.465,13.957,14.465,1950,0
20070912,14.542,14.542,14.051,14.533,8999,0
20070914,14.617,14.617,13.957,14.457,883,0
20070917,14.533,14.592,14.423,14.533,1431,0
20070918,14.092,14.592,14.092,14.542,1025,0
20070919,14.542,15.54,14.533,15.311,45511,0
20070920,15.464,15.522,15.142,15.522,6845,0
20070921,15.556,16.072,15.522,15.819,13730,0
20070924,15.802,15.861,15.802,15.861,11822,0
20070925,15.396,15.674,15.396,15.674,3676,0
20070926,15.226,15.548,15.218,15.548,3023,0
20070927,15.624,15.827,15.615,15.777,12732,0
20071001,14.322,15.599,14.322,15.48,6059,0
20071002,14.888,15.912,14.888,15.396,5827,0
20071003,14.804,15.582,14.804,15.472,313,0
20071004,15.455,15.608,15.057,15.057,8971,0
20071005,14.634,15.566,14.38,15.522,3394,0
20071008,15.514,15.608,14.939,15.21,17624,0
20071009,15.472,15.472,15.472,15.472,1,0
20071010,15.455,15.735,15.014,15.651,11164,0
20071011,15.226,15.793,15.226,15.651,4183,0
20071012,15.057,15.641,15.057,15.599,378,0
20071015,15.556,16.072,15.556,15.608,12843,0
20071016,16.064,16.75,15.632,16.309,22608,0
20071017,16.275,17.002,16.081,16.487,19178,0
20071018,16.487,16.918,16.487,16.665,9948,0
20071019,16.741,16.918,16.708,16.918,10108,0
20071022,16.792,17.342,16.156,17.332,10735,0
20071023,17.332,18.441,17.256,17.84,14878,0
20071024,18.101,18.272,17.002,18.179,8033,0
20071025,18.179,18.441,17.765,18.356,5182,0
20071026,18.432,18.432,17.857,18.315,326,0
20071029,18.356,18.441,18.186,18.365,997,0
20071030,18.06,18.06,18.06,18.06,56,0
20071031,18.06,18.186,17.891,18.186,201,0
20071102,17.857,18.186,17.857,18.186,4012,0
20071105,18.186,18.272,17.951,18.23,1483,0
20071106,18.23,18.23,17.773,18.186,1625,0
20071107,17.933,17.933,16.241,16.241,9438,0
20071108,14.973,16.241,14.973,16.241,4715,0
20071109,16.428,16.428,16.072,16.233,3043,0
20071113,16.072,17.739,16.072,17.739,562,0
20071114,17.747,17.747,16.63,16.918,4476,0
20071115,16.75,16.75,16.75,16.75,354,0
20071116,15.235,16.496,15.235,16.454,974,0
20071119,16.825,16.825,15.912,16.817,343,0
20071120,15.902,16.8,15.902,16.8,199,0
20071121,15.48,17.146,15.48,16.918,1052,0
20071122,15.573,16.876,15.573,16.775,2840,0
20071123,16.741,16.741,16.072,16.241,1442,0
20071126,15.735,16.487,15.735,16.487,757,0
20071127,15.657,16.208,15.608,16.208,393,0
20071128,16.258,16.258,16.258,16.258,117,0
20071129,16.325,16.613,16.199,16.613,273,0
20071130,16.623,17.342,16.623,17.342,12248,0
20071203,17.384,17.384,17.384,17.384,59,0
20071204,16.496,17.062,16.496,17.062,177,0
20071205,17.122,17.332,16.267,17.248,2165,0
20071206,17.248,17.248,16.496,17.155,736,0
20071207,16.503,16.918,16.233,16.402,5675,0
20071210,16.496,16.496,15.651,15.912,7129,0
20071211,16.454,16.496,15.954,16.496,1077,0
20071212,16.487,16.487,16.156,16.156,444,0
20071214,16.233,16.233,16.233,16.233,117,0
20071217,14.634,16.325,14.634,16.064,431,0
20071218,15.099,15.987,15.057,15.651,1507,0
20071219,15.651,15.651,15.651,15.651,237,0
20071220,15.235,16.325,15.235,16.325,3885,0
20071221,16.325,16.325,16.072,16.325,1493,0
20071228,16.149,16.149,15.987,15.987,101,0
20080102,15.987,15.987,15.987,15.987,1,0
20080103,15.735,15.735,15.226,15.226,830,0
20080104,15.226,15.226,15.226,15.226,195,0
20080107,14.634,15.109,14.465,15.091,2283,0
20080109,13.535,13.535,13.197,13.197,2776,0
20080110,13.535,14.38,13.535,13.957,914,0
20080111,13.366,14.338,12.773,13.112,1112,0
20080114,13.035,13.535,11.842,11.961,3671,0
20080115,11.775,11.842,11.251,11.758,51314,0
20080116,10.996,11.411,10.996,11.167,14968,0
20080117,10.996,12.055,10.996,12.028,1634,0
20080118,12.773,12.773,11.851,12.604,4380,0
20080121,13.442,13.746,11.851,13.112,5120,0
20080122,13.103,13.103,11.842,12.663,972,0
20080123,12.689,12.689,11.421,12.478,2967,0
20080124,12.849,13.442,12.097,13.442,2990,0
20080125,13.29,13.366,13.265,13.366,119591,0
20080129,13.602,13.602,13.535,13.535,99,0
20080130,12.52,13.62,12.181,13.62,9681,0
20080131,12.967,13.586,12.849,12.849,6714,0
20080201,13.34,13.34,12.943,13.333,615,0
20080204,13.356,13.356,12.52,12.52,866,0
20080205,12.536,12.536,11.276,11.276,7985,0
20080206,11.242,11.758,10.912,11.234,6853,0
20080207,11.106,11.648,11.106,11.589,2094,0
20080208,11.835,11.835,11.293,11.293,3667,0
20080211,11.048,11.081,10.921,10.98,2182,0
20080212,11.427,11.767,11.427,11.741,331,0
20080213,11.589,11.716,11.081,11.479,2049,0
20080214,11.479,11.547,11.106,11.116,894,0
20080215,11.495,11.495,11.495,11.495,87,0
20080218,11.489,11.489,11.032,11.326,2777,0
20080219,11.099,11.209,11.099,11.209,384248,0
20080220,11.09,11.09,11.081,11.081,881,0
20080221,11.421,11.421,11.133,11.369,721,0
20080225,11.394,11.394,11.394,11.394,117,0
20080226,11.209,11.394,10.751,11.234,393,0
20080227,11.09,11.124,11.038,11.124,10674,0
20080228,10.996,11.081,10.996,11.081,6499,0
20080229,11.167,11.167,10.996,11.081,4364,0
20080303,11.242,11.242,10.827,11.234,2259,0
20080305,11.09,11.242,10.996,11.242,157,0
20080306,10.836,10.836,10.827,10.827,289,0
20080307,10.363,10.996,10.168,10.354,1352,0
20080310,10.15,10.989,10.15,10.989,742,0
20080311,10.989,11.167,10.321,10.989,157,0
20080312,10.448,11.378,10.252,11.378,1024,0
20080317,10.245,10.328,10.245,10.328,827,0
20080318,10.996,10.996,10.279,10.279,1242,0
20080319,9.753,10.734,9.745,10.734,534,0
20080320,9.795,10.607,9.795,9.872,1017,0
20080325,10.455,10.481,9.923,10.354,258,0
20080326,10.448,10.448,10.15,10.438,130,0
20080328,10.431,10.448,10.396,10.448,507,0
20080331,10.143,10.98,10.143,10.904,604,0
20080401,10.16,10.98,10.16,10.168,915,0
20080402,10.862,10.862,10.218,10.726,72,0
20080407,10.15,10.177,10.15,10.177,473,0
20080408,10.227,10.947,10.227,10.947,138,0
20080409,10.193,10.193,10.066,10.15,3347,0
20080410,10.15,10.337,10.108,10.337,1110,0
20080411,10.108,10.108,9.838,9.838,528,0
20080414,9.838,10.066,9.838,10.066,219,0
20080417,9.3049,9.4909,8.8821,9.4909,4368,0
20080418,9.4909,9.4909,9.4241,9.4241,164,0
20080422,9.3297,9.3297,9.3297,9.3297,12,0
20080423,8.4679,9.1532,8.4592,9.1532,776,0
20080424,8.8821,8.8821,8.8821,8.8821,106,0
20080425,8.8821,8.8821,8.4592,8.7972,126,0
20080428,8.4592,8.7972,8.4592,8.7972,707,0
20080429,8.4592,8.8821,8.4592,8.8821,95,0
20080505,8.8821,9.22,8.8821,9.22,109,0
20080506,9.644,9.644,9.644,9.644,1,0
20080507,8.7972,9.3908,8.7972,9.3908,131,0
20080508,9.635,9.635,8.5018,9.3564,7,0
20080509,8.5268,9.364,8.5268,9.364,600,0
20080512,9.364,9.364,8.8821,9.3564,130,0
20080515,8.586,9.3049,8.586,9.3049,125,0
20080516,8.5941,9.136,8.5441,8.5441,331,0
20080519,9.136,9.136,8.4592,8.8234,216,0
20080520,8.4592,8.7972,8.4592,8.7972,289,0
20080521,8.4592,8.9669,8.4592,8.9669,356,0
20080523,9.2963,9.2963,9.2963,9.2963,59,0
20080526,9.2457,9.2457,9.2457,9.2457,1,0
20080527,8.8821,9.2124,8.8821,9.2124,463,0
20080529,9.22,9.22,9.22,9.22,117,0
20080530,8.4931,9.2715,8.4931,9.2715,53,0
20080603,9.136,9.136,8.7133,8.7133,356,0
20080604,9.2124,9.2124,8.7133,9.1275,108,0
20080605,8.5441,9.1275,8.5441,9.1275,542,0
20080606,8.3491,8.3491,8.3491,8.3491,1,0
20080609,8.873,8.873,8.873,8.873,1,0
20080610,8.4592,8.6871,8.2903,8.6871,465,0
20080611,8.679,8.679,8.2903,8.5441,45,0
20080612,8.6284,8.6284,8.6284,8.6284,473,0
20080613,8.586,8.586,8.586,8.586,4136,0
20080616,8.679,8.679,8.2903,8.4592,126,0
20080617,8.679,8.679,8.679,8.679,5,0
20080618,8.6871,8.6871,8.6871,8.6871,5,0
20080619,8.6284,8.6284,8.6284,8.6284,5,0
20080620,8.6709,8.6709,8.2903,8.2903,125,0
20080623,8.2478,8.4592,8.2478,8.4592,220,0
20080624,8.4592,8.4592,8.2478,8.2478,593,0
20080625,8.4341,8.4341,8.2478,8.4341,63,0
20080626,8.4341,8.4341,8.2054,8.2054,343,0
20080627,8.3319,8.3319,8.2054,8.2054,2,0
20080630,8.2478,8.2478,7.9601,8.2478,541,0
20080701,8.0361,8.2478,8.0361,8.2478,442,0
20080702,8.2054,8.2054,8.0701,8.0701,128,0
20080703,7.8671,8.0361,7.5286,7.8247,308,0
20080707,8.0785,8.0785,8.0785,8.0785,1,0
20080708,8.1207,8.1207,8.1207,8.1207,1,0
20080709,7.6132,7.6132,7.6132,7.6132,237,0
20080710,7.8247,8.0276,7.7825,8.0276,450,0
20080711,8.2054,8.2054,7.6217,8.2054,59,0
20080714,8.2816,8.3742,8.2816,8.3742,3,0
20080715,8.3665,8.4341,8.0361,8.4341,1003,0
20080716,8.4341,9.2963,8.4341,9.2963,2047,0
20080717,9.2963,9.2963,8.7133,9.1275,527,0
20080718,8.8821,9.2124,8.8821,9.2124,60,0
20080721,8.7133,9.1275,8.6284,9.0427,150,0
20080722,9.0427,9.0427,8.5519,8.8821,581,0
20080723,8.8821,8.8821,8.4592,8.8397,363,0
20080724,8.7043,8.7043,8.7043,8.7043,5,0
20080725,8.8821,8.8821,8.8821,8.8821,5,0
20080728,8.7891,8.7891,8.7891,8.7891,1,0
20080729,8.7891,8.7891,8.7891,8.7891,1,0
20080730,8.873,9.1275,8.873,9.1275,759,0
20080731,8.8063,9.1275,8.8063,8.9579,239,0
20080804,8.7385,8.7385,8.7385,8.7385,59,0
20080805,8.7891,8.7891,8.7891,8.7891,2,0
20080806,8.7891,8.7891,8.3742,8.5441,611,0
20080807,8.4592,8.4592,8.4592,8.4592,1,0
20080808,8.2903,8.4592,8.2903,8.4592,64,0
20080811,8.7043,8.7043,8.2054,8.5018,113,0
20080812,8.4592,8.4592,8.4592,8.4592,1,0
20080813,8.7043,8.7043,8.7043,8.7043,5,0
20080814,8.7043,8.7043,8.4592,8.4592,2,0
20080818,8.4592,8.4592,8.0361,8.4592,592,0
20080819,8.3742,8.3742,7.9516,8.3742,5,0
20080820,8.3742,8.3742,8.2903,8.2903,25,0
20080821,8.3742,8.3742,8.2903,8.2903,60,0
20080822,8.3742,8.3742,8.0361,8.3742,26,0
20080825,8.3742,8.3742,8.3742,8.3742,1,0
20080826,8.3665,8.3665,8.3665,8.3665,157,0
20080827,8.3742,8.3742,8.3742,8.3742,1,0
20080828,8.3742,8.3742,7.9516,8.3742,180,0
20080829,8.3742,8.3742,8.3742,8.3742,1,0
20080901,8.7043,8.7043,8.7043,8.7043,1,0
20080904,7.6979,8.0361,7.6979,7.9939,1652,0
20080905,7.9939,8.0361,7.6132,8.0361,1457,0
20080908,8.3742,8.3742,8.3742,8.3742,2,0
20080909,8.3578,8.3578,8.3578,8.3578,1,0
20080910,8.3665,8.3665,8.3665,8.3665,1,0
20080911,8.3742,8.3742,8.3742,8.3742,2,0
20080912,8.3742,8.3742,7.5794,8.3742,347,0
20080915,8.2054,8.2054,7.6132,8.2054,300,0
20080916,8.2478,8.2478,8.2478,8.2478,1,0
20080917,8.1884,8.1884,8.1884,8.1884,1,0
20080918,8.1884,8.1884,8.1884,8.1884,1,0
20080919,8.1884,8.1884,8.1884,8.1884,1,0
20080922,8.1715,8.1715,8.1715,8.1715,1,0
20080923,8.1715,8.1715,7.5709,8.163,365,0
20080924,7.6555,8.163,7.6132,7.6132,455,0
20080925,7.6132,7.6132,7.6132,7.6132,496,0
20080926,8.163,8.163,7.6048,7.6048,118,0
20080929,7.6132,7.6132,7.2749,7.2749,131,0
20080930,7.6132,7.6132,7.6132,7.6132,5,0
20081001,7.6132,7.6132,7.2325,7.6132,415,0
20081002,7.6132,7.6132,7.2325,7.6048,439,0
20081003,7.5709,7.5709,7.5709,7.5709,5,0
20081006,7.5709,7.5709,7.1903,7.5709,23,0
20081007,7.5709,7.6132,7.1903,7.5709,573,0
20081008,7.4441,7.4441,6.6827,7.4441,2377,0
20081009,7.3595,7.4441,7.1056,7.4441,1237,0
20081010,7.2749,7.2749,6.6405,6.9365,971,0
20081013,6.9365,6.9365,6.5135,6.9365,1007,0
20081014,6.9365,6.9365,6.835,6.9365,592,0
20081015,6.9365,6.9365,6.9365,6.9365,1,0
20081016,6.9365,6.9365,6.9365,6.9365,298,0
20081017,6.3443,6.9365,6.3443,6.9365,15,0
20081020,6.9365,6.9365,6.9365,6.9365,1,0
20081021,6.9365,6.9365,6.5135,6.9365,97,0
20081022,6.9365,6.9365,6.429,6.429,1101,0
20081023,6.9365,6.9365,6.429,6.429,61,0
20081024,6.429,6.429,6.429,6.429,5,0
20081027,6.429,6.429,5.7523,5.7523,321,0
20081028,5.7523,5.7523,5.5069,5.6676,2455,0
20081029,6.2175,6.2175,5.3293,5.8368,505,0
20081030,5.8368,5.8368,5.5069,5.6253,1384,0
20081031,5.4984,5.7099,5.3378,5.7099,1446,0
20081103,5.7099,5.7438,5.287,5.7438,1801,0
20081104,5.8368,5.8368,5.2447,5.7523,1548,0
20081105,5.7268,5.7268,5.3293,5.4984,2435,0
20081106,5.5154,6.0652,5.5154,5.5154,18883,0
20081107,5.4984,5.4984,5.4984,5.4984,258,0
20081110,5.4984,5.4984,5.4984,5.4984,5,0
20081112,5.4984,5.4984,5.4984,5.4984,5,0
20081113,5.4138,5.4138,5.0754,5.3293,552,0
20081114,5.4054,5.4054,5.0839,5.4054,3677,0
20081117,5.4054,5.4054,5.1601,5.3715,120,0
20081118,5.4561,5.4561,4.9908,4.9908,855,0
20081119,5.1601,5.1601,4.9908,5.1601,485,0
20081120,5.2447,5.3293,5.2447,5.3293,6,0
20081121,5.1601,5.3631,5.0754,5.3631,242,0
20081124,5.3631,5.3631,5.3631,5.3631,1,0
20081125,5.287,5.287,5.2447,5.2447,13,0
20081126,5.287,5.3631,5.0839,5.3631,850,0
20081127,5.3631,5.4138,5.2447,5.4138,308,0
20081128,5.5746,5.5746,5.5746,5.5746,23,0
20081201,5.5746,5.5746,5.1601,5.5323,2608,0
20081202,5.5746,5.5746,5.5746,5.5746,1,0
20081203,5.5746,5.5746,5.5746,5.5746,1,0
20081204,5.4984,5.4984,5.4984,5.4984,4,0
20081205,5.4984,5.4984,5.4984,5.4984,1,0
20081208,5.4984,5.4984,5.287,5.4984,286,0
20081209,5.4984,5.4984,5.2447,5.4984,414,0
20081210,5.4984,5.4984,5.4984,5.4984,1,0
20081211,5.4984,5.4984,5.4984,5.4984,1,0
20081212,5.4984,5.4984,5.4984,5.4984,1,0
20081215,5.4984,5.4984,5.4984,5.4984,2,0
20081216,5.4984,5.4984,5.4984,5.4984,2,0
20081217,5.4984,5.4984,5.49,5.49,61,0
20081218,5.4815,5.4815,5.4646,5.4646,12,0
20081219,5.4731,5.4731,5.4392,5.4392,611,0
20081222,5.4392,5.4392,4.9487,5.0754,1098,0
20081223,5.4138,5.4138,4.9654,4.9739,1805,0
20081229,5.0162,5.0162,4.6525,4.6525,1831,0
20081230,4.6525,4.6525,4.3988,4.6525,481,0
20081231,4.6525,5.0248,4.3564,4.3564,1106,0
20090105,4.3988,4.6102,4.3564,4.6102,378,0
20090106,4.3988,4.6102,4.3988,4.6102,707,0
20090107,4.6102,4.6102,4.6102,4.6102,5,0
20090108,4.5678,4.5678,4.3564,4.3564,598,0
20090109,4.3143,4.3564,4.2126,4.3564,1636,0
20090112,4.3564,4.3564,4.3564,4.3564,5,0
20090113,4.3564,4.3564,4.3479,4.3479,355,0
20090114,4.3564,4.3564,4.2297,4.3479,839,0
20090115,4.3395,4.3395,4.2297,4.3395,248,0
20090116,4.3395,4.3395,4.3395,4.3395,5,0
20090119,4.3395,4.3395,4.3311,4.3395,18,0
20090120,4.3395,4.3395,4.1449,4.3395,696,0
20090121,4.3395,4.3395,4.2297,4.2297,479,0
20090122,4.2297,4.2297,4.1027,4.2297,603,0
20090123,4.4749,4.4833,4.4749,4.4749,1458,0
20090126,4.4749,4.4749,4.0943,4.4411,850,0
20090127,4.4326,4.4326,4.4326,4.4326,5,0
20090128,4.4326,4.4326,4.3988,4.3988,479,0
20090129,4.4242,4.4326,4.1449,4.4326,671,0
20090130,4.4326,4.4326,4.4326,4.4326,5,0
20090202,4.4157,4.4157,4.4157,4.4157,5,0
20090203,4.4157,4.4157,4.4157,4.4157,2,0
20090204,4.4157,4.4157,4.1449,4.4157,241,0
20090205,4.2297,4.4157,4.2297,4.4157,239,0
20090206,4.4157,4.4157,4.1449,4.4157,718,0
20090209,4.4157,4.4157,4.4157,4.4157,2,0
20090210,4.3988,4.3988,4.3988,4.3988,5,0
20090211,4.3988,4.3988,4.3988,4.3988,2,0
20090212,4.3988,4.4326,4.1449,4.4326,917,0
20090213,4.4326,4.4326,4.4326,4.4326,2,0
20090216,4.4326,4.4326,4.4326,4.4326,30,0
20090217,4.4326,4.4326,4.0604,4.0604,324,0
20090218,4.0604,4.4749,3.9758,4.4749,1152,0
20090219,4.4749,4.4749,3.9843,4.2297,2503,0
20090220,4.2634,4.2634,3.9758,3.9758,286,0
20090223,4.2634,4.2634,3.9758,4.0181,504,0
20090224,4.0604,4.0604,4.0181,4.0604,1115,0
20090225,4.0604,4.0604,4.0604,4.0604,5,0
20090226,4.0604,4.0604,4.0604,4.0604,2,0
20090227,4.0604,4.0604,4.0604,4.0604,2,0
20090302,4.0604,4.0604,4.0604,4.0604,2,0
20090303,4.0604,4.0604,3.9758,4.0604,418,0
20090304,4.0604,4.0604,4.0604,4.0604,2,0
20090305,4.0604,4.0604,3.8913,4.052,857,0
20090306,4.052,4.052,3.8913,4.052,241,0
20090309,4.052,4.052,3.8067,4.052,476,0
20090310,4.052,4.052,3.8067,3.9758,823,0
20090311,4.052,4.052,3.8151,3.9758,1096,0
20090312,4.052,4.052,4.052,4.052,2,0
20090313,4.0435,4.0435,3.8067,3.9419,3576,0
20090316,3.8067,3.9419,3.8067,3.8659,894,0
20090317,3.8659,3.8913,3.8236,3.8913,763,0
20090318,3.8913,4.0604,3.8913,3.9758,1722,0
20090319,3.9758,4.2297,3.7389,4.2297,2397,0
20090320,4.2126,4.4749,4.1788,4.4749,3161,0
20090323,4.4749,4.4749,4.1449,4.4326,1175,0
20090324,4.4411,4.4411,4.4411,4.4411,5,0
20090325,4.5678,5.1601,4.3143,5.1601,8866,0
20090326,5.1601,5.6168,4.8217,5.6168,2238,0
20090327,5.6592,6.0906,5.2447,6.0906,3068,0
20090330,6.0398,6.2597,6.0398,6.2597,2601,0
20090331,6.2175,6.7673,6.2175,6.7673,2461,0
20090401,6.7673,6.7673,6.1752,6.429,301,0
20090402,6.5981,6.5981,6.5981,6.5981,12,0
20090403,6.5981,6.5981,6.0906,6.5135,258,0
20090406,6.5981,6.5981,6.5981,6.5981,5,0
20090407,6.5135,6.5135,6.0906,6.429,93,0
20090408,6.5981,6.5981,6.5135,6.5981,1771,0
20090409,6.5135,6.7673,6.5135,6.7673,1197,0
20090414,6.7673,6.9365,6.7673,6.9365,949,0
20090415,6.9534,6.9534,6.5135,6.7673,238,0
20090416,6.9365,6.9365,6.7673,6.9365,362,0
20090417,6.9365,6.9365,6.9365,6.9365,2,0
20090420,6.9365,6.9365,6.9365,6.9365,1,0
20090421,6.5135,6.5981,6.2683,6.5981,2849,0
20090422,6.4374,6.7673,6.429,6.7673,354,0
20090423,6.7673,6.7673,6.7673,6.7673,12,0
20090424,6.7673,6.7673,6.7673,6.7673,5,0
20090427,6.5135,6.5559,6.3443,6.5559,454,0
20090428,6.7673,6.7673,6.7673,6.7673,2,0
20090429,6.7673,6.7673,6.6742,6.6742,2153,0
20090430,6.7673,7.1903,6.6827,7.1903,8159,0
20090504,7.5964,7.5964,7.5964,7.5964,131,0
20090505,7.6132,7.6132,7.6132,7.6132,117,0
20090506,7.6132,7.7825,7.3595,7.7825,4797,0
20090507,7.4864,7.4864,7.4441,7.4441,331,0
20090508,7.6132,7.6132,7.6132,7.6132,5,0
20090511,8.1969,8.1969,7.3255,7.3595,6050,0
20090512,7.1903,7.5964,7.1903,7.5964,154,0
20090513,7.6809,7.6809,7.2749,7.6471,158,0
20090514,7.6809,7.6809,7.6809,7.6809,598,0
20090515,7.0211,7.6132,7.0211,7.6132,149,0
20090518,7.6895,7.6895,7.6895,7.6895,5,0
20090519,7.6895,7.6895,7.1903,7.4441,1194,0
20090520,7.6555,7.6555,7.6555,7.6555,5,0
20090521,7.6471,7.6471,7.6471,7.6471,2,0
20090522,7.6386,7.6386,7.6386,7.6386,2,0
20090525,7.6895,7.6895,7.6895,7.6895,2,0
20090526,7.6895,7.6895,7.6895,7.6895,2,0
20090527,7.6895,7.6895,7.6555,7.6555,808,0
20090528,7.6895,7.6895,7.6895,7.6895,2,0
20090529,7.6132,7.6132,7.6132,7.6132,2,0
20090601,7.6979,7.6979,7.1056,7.1141,1902,0
20090602,7.7825,7.7825,7.3595,7.3595,824,0
20090603,7.7825,7.7825,7.7825,7.7825,1,0
20090604,7.7825,7.7825,7.6132,7.74,2120,0
20090605,7.7825,7.7825,7.0211,7.038,4989,0
20090608,7.2749,7.2749,7.0211,7.1903,1503,0
20090609,7.0634,7.2749,6.8519,7.2749,1928,0
20090610,7.2749,7.2749,6.9449,7.1903,941,0
20090612,7.2749,7.2749,7.2749,7.2749,5,0
20090615,7.2749,7.2749,6.8181,7.1903,35,0
20090616,7.2749,7.2749,7.2749,7.2749,2,0
20090617,7.2749,7.2749,7.2749,7.2749,2,0
20090618,7.258,7.258,6.9365,7.258,8,0
20090619,7.2749,7.2749,7.2325,7.2325,13,0
20090622,7.2325,7.2325,6.8519,6.8519,398,0
20090623,6.7673,6.7673,6.7673,6.7673,15,0
20090624,6.7673,6.7673,6.725,6.725,238,0
20090625,6.6742,6.6827,6.429,6.6827,1007,0
20090626,6.7419,6.7419,6.7419,6.7419,1,0
20090701,6.9365,6.9365,6.9365,6.9365,1,0
20090702,6.9365,6.9365,6.6742,6.9365,28,0
20090703,6.5981,7.0211,6.5981,7.0211,209,0
20090707,7.1903,7.1903,7.1903,7.1903,2,0
20090708,7.1649,7.1649,7.1649,7.1649,1,0
20090709,7.1903,7.1903,7.1903,7.1903,1,0
20090710,7.1903,7.1903,7.1903,7.1903,1,0
20090713,7.1903,7.1903,7.1903,7.1903,2,0
20090714,7.1903,7.1903,7.1903,7.1903,2,0
20090715,7.1903,7.1903,6.928,7.1903,495,0
20090716,7.1903,7.1903,7.1819,7.1819,225,0
20090717,7.1819,7.1819,7.1819,7.1819,178,0
20090720,7.1903,7.1903,7.1903,7.1903,2,0
20090721,7.1819,7.1819,7.1819,7.1819,2,0
20090722,7.1819,7.1819,7.1819,7.1819,1,0
20090723,7.1819,7.1819,6.8096,7.1819,17,0
20090724,6.9365,7.1819,6.8266,7.1819,815,0
20090727,7.1819,7.1819,6.8519,7.1734,1351,0
20090728,7.1734,7.1734,6.8096,7.1734,992,0
20090729,7.1479,7.1479,6.8519,7.1056,792,0
20090730,6.9365,7.351,6.9365,7.1903,6493,0
20090731,7.4018,7.4441,7.2749,7.2749,2328,0
20090803,7.3595,7.4356,7.3595,7.4356,44,0
20090804,7.1987,7.4441,7.1903,7.3595,2238,0
20090805,7.2749,7.4187,6.9365,7.4018,2547,0
20090806,7.4441,7.4441,7.0211,7.4441,690,0
20090807,7.4441,7.4441,7.4441,7.4441,1,0
20090810,7.1819,7.3933,7.1819,7.3933,948,0
20090811,7.3933,7.3933,7.1395,7.3848,452,0
20090812,7.3595,7.3595,7.351,7.3595,780,0
20090813,7.3679,7.3933,7.3171,7.3171,1115,0
20090814,7.4018,7.4018,7.1056,7.1056,443,0
20090817,7.1056,7.1056,6.8519,7.1056,122,0
20090818,7.1056,7.1056,7.1056,7.1056,5,0
20090819,7.3255,7.3255,7.3255,7.3255,1,0
20090820,7.3255,7.3255,6.8942,6.8942,1982,0
20090821,6.8942,6.8942,6.8519,6.8519,2196,0
20090824,6.8519,6.8519,6.7673,6.8519,1380,0
20090825,6.8519,7.0211,6.8519,7.0211,25,0
20090826,7.2665,7.2665,6.9365,7.2325,158,0
20090827,7.2241,7.2665,7.2241,7.2665,254,0
20090828,7.2665,7.3255,7.2665,7.2749,1050,0
20090831,7.3595,7.3595,7.3595,7.3595,2,0
20090901,7.351,7.351,6.7673,7.1056,1185,0
20090902,7.131,7.131,6.928,6.928,239,0
20090903,6.928,6.928,6.6066,6.6066,254,0
20090904,6.8942,6.9365,6.8942,6.9365,209,0
20090907,6.9365,7.1395,6.9365,7.1395,268,0
20090908,7.0211,7.1395,6.9789,7.1395,515,0
20090909,7.1056,7.1056,7.1056,7.1056,5,0
20090910,6.7673,6.8942,6.5981,6.8942,773,0
20090911,6.9365,6.9365,6.9365,6.9365,2,0
20090914,6.5981,6.5981,6.5981,6.5981,79,0
20090915,6.9365,6.9365,6.9365,6.9365,1,0
20090916,7.0126,7.0126,7.0126,7.0126,5,0
20090917,6.9789,6.9789,6.9789,6.9789,5,0
20090918,7.0126,7.0126,7.0126,7.0126,3,0
20090921,7.0126,7.0126,6.5981,6.7589,417,0
20090922,6.5981,6.9365,6.5981,6.9365,363,0
20090923,6.9789,6.9789,6.9789,6.9789,5,0
20090924,7.0126,7.0126,6.6066,6.8519,142,0
20090925,6.8858,6.8858,6.8858,6.8858,5,0
20090928,6.8858,6.8858,6.8858,6.8858,1539,0
20090929,6.7758,6.8519,6.7758,6.8519,2615,0
20090930,6.8519,7.1056,6.7758,7.1056,1391,0
20091001,7.1395,7.1395,7.1395,7.1395,5,0
20091002,7.1395,7.1395,7.1395,7.1395,1,0
20091005,7.1395,7.1395,6.7673,6.7673,15,0
20091006,6.7673,7.1225,6.7673,7.1225,365,0
20091007,7.1395,7.4441,7.1056,7.4441,2982,0
20091008,7.5286,7.5286,7.2918,7.2918,237,0
20091009,7.1903,7.1903,7.1903,7.1903,12,0
20091012,7.1903,7.1903,7.1903,7.1903,5,0
20091013,7.1903,7.1903,7.1903,7.1903,5,0
20091014,7.1903,7.1903,7.1819,7.1903,2285,0
20091015,7.5201,7.5201,7.5201,7.5201,5,0
20091016,7.2496,7.2496,7.2496,7.2496,23,0
20091019,7.5201,7.6301,7.5201,7.5286,278,0
20091020,7.4441,8.1207,7.4441,8.1207,2145,0
20091021,8.1207,8.4419,8.1207,8.4419,1776,0
20091022,8.4505,8.4505,8.3742,8.3742,320,0
20091023,8.3319,8.3742,8.0531,8.3742,969,0
20091026,8.0361,8.0361,7.9516,7.9516,131,0
20091027,7.9516,7.9516,7.9516,7.9516,23,0
20091029,7.9939,7.9939,7.9939,7.9939,5,0
20091030,8.2903,8.2903,8.2903,8.2903,5,0
20091102,7.9516,8.2816,7.9516,8.2816,42,0
20091103,7.9516,8.1207,7.9516,8.1207,13,0
20091104,8.0785,8.0785,8.0785,8.0785,59,0
20091105,8.1124,8.1124,8.1124,8.1124,5,0
20091106,8.1124,8.1124,7.4441,7.5286,387,0
20091109,7.5286,7.5286,7.5286,7.5286,92,0
20091110,7.6132,7.6132,7.5455,7.6048,1360,0
20091112,7.8247,7.8247,7.8247,7.8247,1,0
20091113,7.8671,7.8671,7.8671,7.8671,5,0
20091116,7.9346,7.9516,7.6132,7.8671,2176,0
20091117,7.4441,7.8671,7.4441,7.8671,172,0
20091118,7.6132,7.9094,7.3171,7.9094,624,0
20091119,7.8671,7.8671,7.8671,7.8671,5,0
20091120,7.85,7.85,7.85,7.85,2,0
20091123,7.85,8.0785,7.85,8.0785,592,0
20091124,7.9939,7.9939,7.9939,7.9939,5,0
20091125,7.9939,7.9939,7.9854,7.9939,159,0
20091126,7.9854,7.9854,7.5286,7.5286,9106,0
20091127,7.5286,7.5286,7.5117,7.5286,646,0
20091130,7.5286,7.9094,7.5286,7.9094,118,0
20091202,7.6132,7.9094,7.5286,7.9094,952,0
20091203,7.9094,7.9094,7.9094,7.9094,5,0
20091204,7.5286,8.4081,7.5286,8.4081,2015,0
20091207,7.8247,8.0361,7.5286,7.5286,5102,0
20091208,7.5286,7.6132,7.5286,7.6132,3252,0
20091209,7.6132,7.6132,7.6132,7.6132,720,0
20091210,7.6132,7.6132,7.4441,7.5286,1194,0
20091211,7.4441,7.4864,7.4441,7.4864,408,0
20091214,7.4864,7.7147,7.2749,7.7147,27189,0
20091215,7.6555,7.6555,7.6555,7.6555,12,0
20091216,7.6048,7.6048,7.6048,7.6048,5,0
20091217,7.6132,7.6132,7.6132,7.6132,12,0
20091218,7.6132,7.6132,7.6132,7.6132,5,0
20091221,7.7231,7.7231,7.2749,7.6048,538,0
20091222,7.6132,7.6132,7.2749,7.5286,200,0
20091223,7.6132,7.6132,7.1903,7.4356,387,0
20091228,7.6048,7.6048,7.3595,7.5201,2398,0
20091229,7.3679,7.6895,7.3595,7.6471,448,0
20091230,7.7147,7.7147,7.7147,7.7147,12,0
20091231,7.6132,7.6132,7.6048,7.6132,4937,0
20100104,7.6132,7.7231,7.4948,7.6132,1581,0
20100105,7.7147,7.7147,7.4441,7.6048,347,0
20100106,7.5964,7.6979,7.5117,7.6979,299,0
20100107,7.6048,7.6048,7.6048,7.6048,142,0
20100108,7.6048,7.6048,7.6048,7.6048,12,0
20100111,7.6048,7.6132,7.6048,7.6132,354,0
20100112,7.6132,7.6132,7.6132,7.6132,5,0
20100113,7.4864,7.6132,7.4441,7.6132,479,0
20100114,7.5286,7.5286,7.5286,7.5286,12,0
20100115,7.5286,7.5286,7.5286,7.5286,5,0
20100118,7.5201,7.5371,7.4948,7.5286,11237,0
20100119,7.5286,7.5286,7.3002,7.5201,242,0
20100120,7.5201,7.5201,7.2833,7.5201,134666,0
20100121,7.4525,7.6895,7.4525,7.6895,177,0
20100122,7.6895,7.6895,7.6895,7.6895,5,0
20100125,7.6132,7.6386,7.6048,7.6386,125,0
20100126,6.8858,7.1056,6.8858,6.9789,13139,0
20100127,7.0211,7.1141,6.9789,7.1141,1098,0
20100129,7.0972,7.1056,7.0972,7.1056,11112,0
20100202,7.0972,7.0972,7.0972,7.0972,47,0
20100203,7.0972,7.0972,7.0972,7.0972,23,0
20100204,7.0295,7.0634,7.0295,7.0634,414,0
20100205,6.6827,7.0549,6.6827,7.0549,617,0
20100208,7.1479,7.1479,7.1479,7.1479,117,0
20100209,7.0211,7.0211,7.0211,7.0211,23,0
20100210,7.1395,7.1395,7.0211,7.1395,539,0
20100211,7.2241,7.2241,7.2241,7.2241,12,0
20100212,7.2241,7.2241,7.2241,7.2241,12,0
20100215,7.2241,7.2241,7.2241,7.2241,5,0
20100216,7.2241,7.2241,7.0211,7.2156,79,0
20100217,7.2241,7.2241,6.9365,7.1395,244,0
20100218,7.1479,7.1479,6.8603,7.1395,34,0
20100219,7.131,7.131,7.131,7.131,5,0
20100222,6.9365,7.1056,6.9365,7.1056,16024,0
20100223,7.1056,7.1056,7.1056,7.1056,5,0
20100224,7.1056,7.1056,7.1056,7.1056,5,0
20100225,7.1056,7.1056,7.1056,7.1056,5,0
20100226,7.1056,7.1056,6.9365,6.9365,242,0
20100301,7.2749,7.2749,7.2749,7.2749,5,0
20100302,7.2749,7.2749,7.2749,7.2749,5,0
20100303,7.2665,7.2665,7.2665,7.2665,47,0
20100304,7.2665,7.2665,7.2665,7.2665,5,0
20100305,7.2665,7.2665,7.2496,7.2496,30,0
20100308,7.2496,7.2496,7.2496,7.2496,5,0
20100309,7.258,7.258,7.1903,7.1903,220,0
20100310,7.2918,7.6132,7.2918,7.461,3991,0
20100311,7.6132,8.0276,7.4356,7.74,2896,0
20100312,7.74,8.0531,7.74,8.0531,1766,0
20100315,7.7909,8.1207,7.6132,8.1207,2438,0
20100316,7.6301,8.2138,7.5286,7.9854,1230,0
20100317,7.943,8.324,7.7825,7.9516,1056,0
20100318,7.9516,7.9516,7.9516,7.9516,177,0
20100319,8.1207,8.2816,7.9516,7.9516,663,0
20100322,8.1124,8.1124,8.1124,8.1124,5,0
20100323,8.1207,8.3742,8.1124,8.3742,2089,0
20100324,8.3491,8.7972,8.3491,8.7972,3794,0
20100325,8.7972,9.1704,8.5519,9.136,8828,0
20100326,9.136,9.136,8.7972,9.136,9356,0
20100329,9.22,9.727,9.178,9.651,7379,0
20100330,9.644,9.896,9.644,9.896,3468,0
20100331,9.931,9.931,9.4747,9.812,4215,0
20100401,9.4747,9.719,9.4747,9.644,590,0
20100406,9.651,9.651,9.136,9.4747,486,0
20100407,9.4747,9.559,9.0509,9.0509,437,0
20100408,9.0509,9.0509,8.6284,9.0427,330,0
20100409,9.0931,9.0931,9.0931,9.0931,5,0
20100412,9.136,9.1446,8.7133,8.9669,1664,0
20100413,8.9669,8.9669,8.9669,8.9669,12,0
20100414,8.9669,8.9669,8.9669,8.9669,5,0
20100415,8.9669,9.136,8.9669,9.136,191,0
20100416,8.8821,9.3812,8.8821,9.3812,252,0
20100419,9.3812,9.3812,9.3812,9.3812,5,0
20100420,9.4146,9.4146,9.4146,9.4146,53,0
20100421,8.9498,9.0509,8.9498,9.0509,405,0
20100422,8.8993,8.8993,8.2307,8.7557,2627,0
20100423,8.4254,8.7467,8.4254,8.7467,301,0
20100426,8.4757,8.5018,8.4757,8.4931,2777,0
20100427,8.4592,8.6284,8.4592,8.4592,669,0
20100428,8.4592,8.4592,8.2391,8.4505,915,0
20100429,8.7133,8.7133,8.7133,8.7133,234,0
20100430,8.7972,9.22,8.7972,8.8821,906,0
20100504,8.7972,8.7972,8.4592,8.4592,1297,0
20100505,8.4592,8.4592,8.3742,8.3742,716,0
20100506,8.4592,8.4592,8.4592,8.4592,5,0
20100507,8.0616,8.3665,7.8671,8.0108,2181,0
20100510,8.2223,8.7891,8.2223,8.7133,1262,0
20100511,8.4592,8.7133,8.2903,8.7133,242,0
20100512,8.7133,8.7891,8.6709,8.7891,397,0
20100513,8.7133,8.7133,8.7133,8.7133,12,0
20100514,8.7133,8.8821,8.7133,8.7133,735,0
20100517,8.6284,8.6284,8.6284,8.6284,36,0
20100518,8.6284,8.6284,8.6284,8.6284,775,0
20100519,8.7891,8.7972,8.6366,8.7133,607,0
20100520,8.7972,8.7972,8.5441,8.5441,23,0
20100521,8.3829,8.7972,8.3829,8.7972,898,0
20100524,8.7972,8.8821,8.7972,8.8821,368,0
20100525,8.8821,8.8821,8.8821,8.8821,5,0
20100526,8.8821,9.22,8.7972,9.0509,1412,0
20100527,9.0931,9.0931,9.0931,9.0931,12,0
20100528,9.0931,9.0931,9.0931,9.0931,12,0
20100531,9.0931,9.0931,9.0931,9.0931,18,0
20100601,9.0855,9.0855,8.7972,8.9246,165,0
20100602,9.0931,9.0931,9.0085,9.0085,18,0
20100604,9.0085,9.0085,8.7133,8.7133,183,0
20100607,8.7557,8.7557,8.7557,8.7557,12,0
20100608,8.7557,8.7557,8.4592,8.7557,480,0
20100609,8.9246,8.9246,8.9246,8.9246,12,0
20100610,9.0085,9.0085,8.7133,8.7133,64,0
20100611,8.6284,8.6284,8.5441,8.5441,403,0
20100614,8.8821,8.8821,8.5441,8.5441,164,0
20100615,8.5018,8.9669,8.5018,8.7133,11321,0
20100616,8.7133,8.7133,8.7133,8.7133,36,0
20100617,8.7133,8.7133,8.7133,8.7133,10600,0
20100618,8.7133,8.7133,8.7133,8.7133,12,0
20100621,9.0085,9.0085,9.0085,9.0085,12,0
20100622,9.0085,9.0085,8.7972,8.7972,64,0
20100623,8.8234,8.8234,8.8234,8.8234,12,0
20100624,8.6366,8.781,8.6366,8.781,237,0
20100625,8.8821,8.9669,8.8397,8.9669,526,0
20100628,9.0085,9.0085,8.7891,8.7891,53,0
20100629,8.7972,8.7972,8.7972,8.7972,5,0
20100630,8.7972,8.7972,8.586,8.586,64,0
20100701,8.586,8.586,8.586,8.586,12,0
20100702,8.6962,8.6962,8.6962,8.6962,5,0
20100705,8.6962,8.6962,8.6962,8.6962,5,0
20100706,8.7972,8.7972,8.7972,8.7972,367,0
20100707,8.7972,8.7972,8.7972,8.7972,5,0
20100708,8.7557,8.7557,8.7557,8.7557,5,0
20100709,8.7043,8.7043,8.7043,8.7043,59,0
20100712,8.7043,8.7043,8.7043,8.7043,5,0
20100713,8.7133,8.7133,8.7133,8.7133,59,0
20100714,8.7133,8.7133,8.7133,8.7133,1064,0
20100715,8.7133,8.7133,8.7133,8.7133,5,0
20100716,8.7133,8.7133,8.7133,8.7133,125,0
20100719,8.6962,8.6962,8.4592,8.6962,89,0
20100720,8.6709,8.6709,8.4592,8.6709,172,0
20100721,8.7133,8.7133,8.4592,8.6284,61,0
20100722,8.5441,8.7133,8.2981,8.7133,643,0
20100723,8.7133,8.7133,8.7133,8.7133,531,0
20100726,8.7972,8.7972,8.7972,8.7972,2,0
20100727,8.7972,8.7972,8.5441,8.7972,264,0
20100728,8.7972,8.7972,8.7972,8.7972,2,0
20100729,8.7891,8.7891,8.7891,8.7891,2,0
20100730,8.7557,8.7557,8.7557,8.7557,2,0
20100802,8.5018,8.7557,8.4592,8.7557,342,0
20100803,8.7891,8.7891,8.5441,8.7891,123,0
20100804,8.781,8.7972,8.781,8.7972,474,0
20100805,8.7972,8.7972,8.7972,8.7972,2,0
20100806,8.7972,8.7972,8.7972,8.7972,2,0
20100809,8.7972,8.7972,8.7972,8.7972,2,0
20100810,8.7972,8.7972,8.7972,8.7972,2,0
20100811,8.7972,8.7972,8.4592,8.7972,77,0
20100812,8.7972,8.7972,8.7972,8.7972,5,0
20100813,8.7972,8.7972,8.7972,8.7972,2,0
20100816,8.7972,8.7972,8.5941,8.7972,425,0
20100817,8.7891,8.7891,8.7891,8.7891,117,0
20100818,8.7891,8.7891,8.6032,8.7891,651,0
20100819,8.7972,8.7972,8.7972,8.7972,2,0
20100820,8.6032,8.7972,8.5941,8.7972,471,0
20100823,8.7972,8.7972,8.7972,8.7972,5,0
20100824,8.7972,8.7972,8.7972,8.7972,59,0
20100825,8.781,8.7972,8.772,8.7972,2359,0
20100826,8.679,8.7972,8.679,8.7972,1015,0
20100827,8.7557,8.7557,8.7557,8.7557,657,0
20100830,8.7133,8.7972,8.7133,8.7972,79,0
20100831,9.136,9.136,8.8821,8.8821,7,0
20100901,8.8821,8.8821,8.8821,8.8821,5,0
20100902,8.8821,8.8821,8.4592,8.8821,86,0
20100903,8.8821,8.8821,8.873,8.873,125,0
20100906,9.136,9.136,9.136,9.136,2,0
20100907,9.136,9.136,9.136,9.136,2,0
20100908,8.6871,8.8821,8.4679,8.8821,300,0
20100909,8.6284,8.6284,8.4592,8.6284,1822,0
20100910,9.0085,9.0085,8.7557,8.8821,140,0
20100913,9.0085,9.0085,9.0085,9.0085,2,0
20100914,9.0085,9.0085,9.0085,9.0085,2,0
20100915,9.0085,9.0085,8.4592,8.6284,862,0
20100916,8.6284,8.6284,8.6284,8.6284,12,0
20100917,8.6284,8.7972,8.6284,8.7972,54581,0
20100920,8.7972,9.0427,8.7972,9.0427,242,0
20100921,8.6456,9.178,8.6456,9.178,1629,0
20100922,9.178,9.178,8.8821,8.8821,74,0
20100923,8.8821,8.8821,8.8821,8.8821,5,0
20100924,8.8821,8.8821,8.8821,8.8821,5,0
20100927,8.8821,8.8821,8.8821,8.8821,85,0
20100928,8.8821,8.8821,8.8821,8.8821,2,0
20100929,8.8821,8.8821,8.8821,8.8821,3,0
20100930,8.8821,9.0509,8.8821,9.0509,1929,0
20101001,9.0509,9.0509,8.6871,8.7133,466,0
20101004,9.0085,9.0085,9.0085,9.0085,59,0
20101005,9.0085,9.0085,9.0085,9.0085,3,0
20101006,9.0085,9.0085,9.0085,9.0085,977,0
20101007,9.0346,9.0346,8.9246,8.9246,1492,0
20101008,9.0085,9.0509,8.9751,8.9751,3647,0
20101011,9.136,9.1704,9.136,9.1704,27,0
20101012,9.178,9.178,9.178,9.178,2,0
20101013,9.178,9.644,9.178,9.644,701,0
20101014,9.644,9.644,9.644,9.644,117,0
20101015,9.559,9.559,9.0769,9.0769,6138,0
20101018,9.3049,9.3392,9.3049,9.3392,154,0
20101019,9.4241,9.4575,9.3908,9.3974,11296,0
20101020,9.3974,9.407,9.262,9.407,537,0
20101021,9.407,9.407,9.407,9.407,5,0
20101022,9.4747,9.4747,9.4747,9.4747,5,0
20101025,9.4747,9.4747,9.3049,9.3908,148,0
20101026,9.727,10.15,9.3049,9.727,1473,0
20101027,10.066,10.066,9.559,9.896,1535,0
20101028,10.15,10.15,9.686,9.686,1120,0
20101029,9.602,9.602,9.602,9.602,12,0
20101102,9.745,9.745,9.745,9.745,94,0
20101103,9.727,9.727,9.727,9.727,5,0
20101104,9.727,9.727,9.686,9.686,110,0
20101105,9.136,9.3049,9.0509,9.178,1475,0
20101108,9.559,9.559,9.3392,9.55,1603,0
20101109,9.55,9.55,9.55,9.55,743,0
20101110,9.719,9.719,9.677,9.677,151,0
20101112,9.677,9.677,9.508,9.508,396,0
20101115,9.559,9.559,9.517,9.517,1897,0
20101116,9.517,9.517,9.517,9.517,106,0
20101117,9.517,9.517,9.4823,9.4823,36,0
20101118,9.517,9.517,9.3049,9.4661,747,0
20101119,9.4747,9.4747,9.3049,9.3049,479,0
20101122,9.4747,9.4747,9.136,9.4747,248,0
20101123,9.0509,9.4747,9.0509,9.4747,1657,0
20101124,9.3049,9.3049,9.3049,9.3049,6,0
20101125,9.3049,9.3049,9.3049,9.3049,4,0
20101126,9.0509,9.3049,9.0509,9.3049,4144,0
20101129,9.3049,9.559,9.3049,9.559,552,0
20101130,9.559,9.559,9.559,9.559,5,0
20101201,9.4327,9.4327,9.4327,9.4327,5,0
20101202,9.559,9.559,9.517,9.517,18,0
20101203,9.3908,9.559,9.3908,9.559,5988,0
20101206,9.559,9.559,9.136,9.3812,1635,0
20101207,9.136,9.3812,9.136,9.3812,27,0
20101208,9.4823,9.4823,9.3478,9.4241,736,0
20101209,9.4327,9.727,9.3049,9.3049,2693,0
20101210,9.3049,9.3049,9.3049,9.3049,5,0
20101213,9.3049,9.3049,9.3049,9.3049,5,0
20101214,9.3049,9.3049,9.0683,9.3049,244,0
20101215,9.4661,9.4661,9.4661,9.4661,8,0
20101216,9.4661,9.4661,9.4661,9.4661,3,0
20101217,9.4661,9.4747,9.3297,9.4747,420,0
20101220,9.4747,9.812,9.4747,9.812,1104,0
20101221,9.4661,10.405,9.4661,10.388,2520,0
20101222,10.312,10.388,10.279,10.388,1747,0
20101223,10.405,10.996,10.405,10.996,5618,0
20101227,11.081,11.835,10.996,11.835,3652,0
20101228,11.835,11.842,11.835,11.842,1751,0
20101229,11.835,11.835,10.996,11.758,4407,0
20101230,11.792,11.792,11.758,11.758,479,0
20101231,11.835,11.835,11.835,11.835,5,0
20110103,11.842,11.842,11.378,11.378,502,0
20110104,11.378,11.378,11.378,11.378,23,0
20110105,11.421,11.421,11.421,11.421,5,0
20110107,11.421,11.421,10.996,11.336,242,0
20110110,11.378,11.378,11.378,11.378,231,0
20110111,11.421,11.421,10.912,10.912,242,0
20110112,11.167,11.167,11.167,11.167,1,0
20110114,11.284,11.284,10.667,11.284,935,0
20110117,10.996,11.284,10.827,11.284,122,0
20110118,11.081,11.251,10.912,11.251,207,0
20110119,11.284,11.284,10.912,10.912,78,0
20110124,10.659,10.827,10.659,10.827,214,0
20110125,10.574,10.659,10.49,10.659,125,0
20110126,10.024,10.303,9.896,9.896,710,0
20110127,10.024,10.405,10.024,10.405,84,0
20110128,10.565,10.565,10.565,10.565,5,0
20110131,10.405,10.448,10.363,10.448,5278,0
20110201,10.15,10.321,10.108,10.321,2649,0
20110202,10.236,10.37,10.066,10.37,3106,0
20110203,10.279,10.279,9.727,10.024,2025,0
20110204,9.981,10.108,9.981,10.108,59,0
20110207,9.981,9.998,9.981,9.998,142,0
20110208,10.108,10.108,9.939,9.981,670,0
20110209,10.15,10.15,9.981,9.981,781,0
20110210,10.193,10.202,10.193,10.202,952,0
20110211,10.236,10.303,9.981,10.269,3168,0
20110214,9.956,10.279,9.727,10.15,3980,0
20110215,10.126,10.126,9.872,10.083,1633,0
20110216,10.143,10.143,9.939,10.1,421,0
20110217,10.126,10.126,10.126,10.126,3,0
20110218,10.143,10.15,10.143,10.15,1635,0
20110221,10.184,10.193,9.896,10.193,1809,0
20110222,10.184,10.184,9.896,9.896,725,0
20110223,9.956,9.956,9.956,9.956,2,0
20110224,10.184,10.184,10.15,10.15,200,0
20110225,10.184,10.184,9.753,10.15,184,0
20110228,10.108,10.15,10.108,10.15,81,0
20110301,10.16,10.16,10.134,10.134,4,0
20110302,10.143,10.143,9.559,10.143,804,0
20110303,10.184,10.184,10.184,10.184,5,0
20110304,9.737,10.066,9.727,10.066,545,0
20110307,9.974,9.974,9.822,9.974,80,0
20110308,9.727,9.727,9.727,9.727,213,0
20110309,9.686,10.024,9.686,10.024,615,0
20110310,10.15,10.15,10.15,10.15,5,0
20110314,10.15,10.15,10.15,10.15,12,0
20110315,9.896,9.896,9.727,9.896,113,0
20110316,9.896,9.896,9.896,9.896,5,0
20110317,9.855,9.855,9.812,9.855,317,0
20110318,9.855,10.143,9.737,10.143,362,0
20110321,10.15,10.15,10.15,10.15,12,0
20110322,10.108,10.108,9.644,10.024,248,0
20110323,10.108,10.108,9.737,10.108,741,0
20110324,9.761,10.016,9.737,10.007,1399,0
20110325,10.108,10.108,10.024,10.108,589,0
20110328,10.066,10.066,9.77,10.066,75,0
20110329,10.066,10.066,9.727,9.727,307,0
20110330,9.727,9.727,9.727,9.727,721,0
20110401,9.644,9.846,9.644,9.846,1200,0
20110404,9.559,9.727,9.4823,9.727,355,0
20110405,9.559,9.559,9.559,9.559,12,0
20110406,9.4823,9.541,8.6366,8.9498,5301,0
20110407,8.9579,8.9669,8.6284,8.9669,2032,0
20110408,9.1275,9.4327,8.7557,9.4327,1808,0
20110411,9.0509,9.4327,9.0509,9.4327,586,0
20110412,9.0509,9.3908,9.0509,9.3908,116,0
20110413,9.0509,9.0931,8.7133,9.0931,825,0
20110414,9.136,9.262,9.136,9.262,324,0
20110415,9.262,9.262,9.262,9.262,1405,0
20110418,9.262,9.262,8.9669,8.9669,159,0
20110419,9.262,9.262,9.262,9.262,910,0
20110420,8.8821,9.262,8.8821,9.262,91,0
20110421,8.9669,8.9669,8.8821,8.8821,220,0
20110426,8.8821,8.8821,8.8821,8.8821,36,0
20110427,8.9669,8.9669,8.9669,8.9669,23,0
20110428,9.22,9.22,9.22,9.22,5,0
20110429,9.22,9.22,9.22,9.22,5,0
20110502,9.0085,9.0085,9.0085,9.0085,59,0
20110504,9.0085,9.0085,8.7133,9.0085,71,0
20110505,9.2124,9.2124,9.2124,9.2124,5,0
20110506,8.9669,8.9669,8.9669,8.9669,5,0
20110509,9.2124,9.2124,8.8821,8.8821,78,0
20110510,8.9669,8.9669,8.9669,8.9669,5,0
20110511,8.8821,8.8821,8.8821,8.8821,5,0
20110512,8.9246,8.9246,8.8821,8.8821,20,0
20110513,8.5441,8.5441,8.5441,8.5441,18,0
20110516,8.5441,8.5441,8.18,8.18,1177,0
20110517,7.8671,8.18,7.8671,8.18,165,0
20110518,8.2054,8.2054,8.1292,8.1292,621,0
20110519,8.2054,8.2054,8.1207,8.2054,94,0
20110520,8.2054,8.2054,8.2054,8.2054,5,0
20110523,8.3665,8.3665,8.3665,8.3665,5,0
20110524,8.3665,8.3665,8.3665,8.3665,5,0
20110525,8.3491,8.3829,7.9854,8.3829,1428,0
20110526,8.4341,8.4341,8.4341,8.4341,12,0
20110527,8.4254,8.4254,8.4254,8.4254,125,0
20110530,8.4254,8.4254,8.4254,8.4254,5,0
20110531,8.4254,8.4254,8.3665,8.3665,64,0
20110601,8.4254,8.4254,8.3742,8.3742,34,0
20110602,8.3742,8.3742,8.3742,8.3742,66,0
20110603,8.3742,8.3742,8.3665,8.3665,36,0
20110606,8.3665,8.4254,8.0785,8.4254,42,0
20110607,8.4254,8.4254,8.4254,8.4254,53,0
20110608,8.4254,8.4254,8.4254,8.4254,5,0
20110610,8.4254,8.4254,8.0276,8.4168,1907,0
20110613,7.8755,8.1124,7.8755,8.0276,626,0
20110614,8.0276,8.0276,8.0192,8.0192,12,0
20110615,7.9939,7.9939,7.6132,7.9939,241,0
20110616,7.6132,7.9516,7.6132,7.8925,469,0
20110617,7.8925,7.8925,7.8925,7.8925,5,0
20110620,7.8247,7.8247,7.8247,7.8247,5,0
20110621,7.8331,7.8331,7.8331,7.8331,5,0
20110622,7.8331,7.8331,7.8331,7.8331,3,0
20110624,7.5117,7.6555,7.2325,7.3171,930,0
20110627,7.3086,7.3086,7.3086,7.3086,10,0
20110628,7.2749,7.3086,7.2749,7.3086,798,0
20110629,7.3171,7.3171,7.3086,7.3171,798,0
20110630,7.3255,7.943,7.3255,7.943,774,0
20110701,7.9516,7.9516,7.9516,7.9516,687,0
20110704,8.0531,8.0531,7.5794,7.9516,284,0
20110705,7.9516,7.9516,7.9516,7.9516,3,0
20110706,8.0276,8.0361,7.9516,8.0361,19,0
20110707,8.0276,8.0361,8.0276,8.0361,12,0
20110708,8.0531,8.0531,8.0531,8.0531,3,0
20110711,8.0361,8.0361,8.0361,8.0361,3,0
20110712,8.0361,8.0361,8.0361,8.0361,5,0
20110713,8.0361,8.0361,8.0361,8.0361,5,0
20110714,8.0361,8.0361,8.0361,8.0361,5,0
20110715,8.0361,8.0361,8.0361,8.0361,5,0
20110718,8.0361,8.0361,7.6132,8.0361,12,0
20110719,7.7825,7.7825,7.7825,7.7825,5,0
20110720,8.0531,8.0531,8.0531,8.0531,3,0
20110721,8.0361,8.0361,8.0361,8.0361,2,0
20110722,8.0361,8.0361,8.0361,8.0361,2,0
20110725,8.0361,8.0361,8.0361,8.0361,3,0
20110726,7.6132,7.7825,7.3595,7.6555,615,0
20110727,7.6979,7.6979,7.6132,7.6132,6,0
20110728,7.6979,7.6979,7.6132,7.6132,4,0
20110729,7.6555,7.6555,7.6555,7.6555,5,0
20110801,7.6555,7.6555,7.6555,7.6555,3,0
20110802,7.5286,7.5286,7.5286,7.5286,3,0
20110803,7.1056,7.1056,6.7673,6.7673,1632,0
20110804,6.7673,6.7673,6.2597,6.7673,383,0
20110805,6.7673,6.7673,6.006,6.1752,579,0
20110808,6.006,6.006,5.7523,5.7523,473,0
20110809,5.7608,5.7608,5.7608,5.7608,4,0
20110810,5.9214,6.3443,5.9214,6.3443,1652,0
20110811,6.3443,6.3443,6.3443,6.3443,2190,0
20110812,6.3443,6.3443,6.3443,6.3443,12,0
20110816,6.3443,6.9365,6.3443,6.9365,15,0
20110818,7.5286,7.5286,7.5286,7.5286,94,0
20110819,7.8671,7.8671,7.8671,7.8671,117,0
20110822,7.8671,7.8671,7.2325,7.2325,1757,0
20110823,7.1987,7.1987,6.7673,6.7673,2777,0
20110824,7.2749,7.2749,7.2749,7.2749,1,0
20110825,7.3595,7.3595,7.2325,7.3086,35,0
20110826,6.7673,6.7673,6.7673,6.7673,574,0
20110829,6.7673,6.7673,6.2597,6.6827,234,0
20110830,6.6827,6.6827,6.3783,6.6827,1192,0
20110831,6.6827,6.6827,6.3443,6.4713,131,0
20110901,6.505,6.505,6.505,6.505,5,0
20110905,6.5896,6.5896,6.505,6.505,71,0
20110906,6.5135,6.5135,6.5135,6.5135,2,0
20110907,6.429,6.429,6.429,6.429,5,0
20110908,6.302,6.302,6.302,6.302,5,0
20110909,6.302,6.302,6.302,6.302,5,0
20110912,6.302,6.302,6.302,6.302,5,0
20110913,6.302,6.302,6.302,6.302,5,0
20110914,6.302,6.302,6.302,6.302,12,0
20110915,6.302,6.302,6.302,6.302,3,0
20110916,6.302,6.302,6.302,6.302,3,0
20110919,6.302,6.302,6.302,6.302,1,0
20110920,6.302,6.302,6.2936,6.2936,120,0
20110921,6.302,6.302,6.302,6.302,5,0
20110922,6.302,6.302,6.302,6.302,2,0
20110923,6.302,6.302,6.302,6.302,2,0
20110926,6.302,6.302,6.2936,6.2936,25,0
20110927,6.302,6.302,6.302,6.302,3,0
20110928,6.1752,6.302,6.1752,6.302,246,0
20110929,6.302,6.3443,6.1752,6.3443,393,0
20110930,6.3443,6.3443,6.1752,6.3443,615,0
20111003,6.3443,6.3443,6.1752,6.1752,615,0
20111004,6.1752,6.1752,6.1752,6.1752,2,0
20111005,6.1752,6.1752,5.896,6.1667,1294,0
20111006,6.1752,6.1752,5.6337,5.879,2454,0
20111007,5.9214,5.989,5.5492,5.989,18,0
20111010,6.1244,6.1244,5.6508,5.8368,857,0
20111011,5.5069,5.7945,5.5069,5.7945,571,0
20111013,5.4138,6.0906,5.3208,6.0906,1180,0
20111014,5.7438,6.0906,5.7438,6.0906,1544,0
20111017,5.7438,5.9214,5.7438,5.9214,1550,0
20111020,5.9214,5.9214,5.9214,5.9214,12,0
20111021,5.9214,5.9214,5.9214,5.9214,5,0
20111025,5.5831,5.9214,5.5831,5.9214,45,0
20111027,5.3293,5.8368,5.3208,5.7945,5226,0
20111028,5.8368,5.8368,5.3293,5.8368,195,0
20111102,5.7099,5.7099,5.4984,5.7099,39,0
20111103,5.8368,5.8368,5.8368,5.8368,5,0
20111104,5.8368,5.8368,5.5069,5.7945,583,0
20111107,5.7523,5.7523,5.4731,5.6676,203,0
20111108,5.6253,5.6253,5.4984,5.6253,234,0
20111109,5.8368,5.8368,5.8368,5.8368,5,0
20111110,5.8368,5.8368,5.6253,5.7438,129,0
20111114,5.8368,5.8368,5.7523,5.7523,47,0
20111115,5.8368,5.8368,5.8368,5.8368,3,0
20111116,5.8368,5.8368,5.8368,5.8368,2,0
20111117,5.7523,5.7523,5.7523,5.7523,5,0
20111118,5.7099,5.8368,5.5408,5.8368,139,0
20111121,5.8368,5.8368,5.5408,5.8368,59,0
20111122,5.8368,5.8368,5.8368,5.8368,5,0
20111123,5.8368,5.8368,5.8368,5.8368,5,0
20111124,5.8368,5.8368,5.5408,5.8368,59,0
20111125,5.8368,5.8368,5.5408,5.8368,160,0
20111128,5.8368,5.8368,5.8368,5.8368,5,0
20111129,5.7945,5.7945,5.7945,5.7945,5,0
20111201,5.7945,5.7945,5.7945,5.7945,5,0
20111202,5.7945,5.7945,5.7945,5.7945,5,0
20111205,5.7945,5.7945,5.7945,5.7945,5,0
20111206,5.7523,5.7523,5.7523,5.7523,5,0
20111207,5.7523,5.7523,5.7523,5.7523,3,0
20111208,5.7523,5.7523,5.7523,5.7523,2,0
20111209,5.5408,5.5408,5.5408,5.5408,131,0
20111212,5.786,5.786,5.7099,5.7099,240,0
20111213,5.7523,5.7523,5.7523,5.7523,2,0
20111215,5.7014,5.7014,5.7014,5.7014,5,0
20111216,5.7014,5.7014,5.7014,5.7014,5,0
20111219,5.786,5.786,5.4138,5.4984,1135,0
20111220,5.7438,5.7438,5.2447,5.4138,7092,0
20111221,5.0924,5.0924,5.0839,5.0839,551,0
20111222,5.1263,5.1263,5.1263,5.1263,5,0
20111223,5.0754,5.0754,4.9063,4.9063,636,0
20111227,5.067,5.067,4.5678,4.6018,827,0
20111228,4.6525,4.6525,4.6525,4.6525,12,0
20111229,4.6441,4.7287,4.6441,4.7287,12,0
20111230,4.7287,5.1938,4.7287,5.1601,2659,0
20120102,4.9487,4.9487,4.9487,4.9487,980,0
20120103,4.7794,5.0162,4.7794,5.0162,975,0
20120104,5.0754,5.0754,5.0754,5.0754,5,0
20120105,5.0754,5.0754,5.0754,5.0754,2,0
20120109,5.287,5.287,5.287,5.287,12,0
20120110,5.4138,5.4138,5.4138,5.4138,12,0
20120111,5.6508,5.6508,5.6508,5.6508,12,0
20120112,5.5069,5.5069,5.3547,5.3547,12,0
20120113,5.3547,5.3547,5.3293,5.3293,12,0
20120116,5.4984,5.4984,5.1601,5.3715,292,0
20120117,5.4561,5.4561,5.4561,5.4561,5,0
20120118,5.4561,5.4561,5.1685,5.1685,342,0
20120119,5.4561,5.4561,5.4561,5.4561,5,0
20120124,5.4984,5.4984,5.27,5.27,473,0
20120125,5.2784,5.2784,5.1938,5.1938,12,0
20120126,5.2784,5.2784,5.1938,5.1938,12,0
20120127,5.4984,5.4984,5.4984,5.4984,5,0
20120130,5.7438,5.7438,5.7438,5.7438,3,0
20120131,5.7438,5.7438,5.4223,5.7099,1195,0
20120201,5.7354,5.7354,5.7268,5.7268,61,0
20120202,5.7438,5.7438,5.7099,5.7099,472,0
20120203,5.7099,5.7099,5.7099,5.7099,5,0
20120206,5.7438,5.7691,5.7438,5.7691,1625,0
20120207,5.8368,5.8368,5.7523,5.7523,632,0
20120208,5.8368,5.8368,5.676,5.8368,562,0
20120209,5.8368,5.8368,5.676,5.676,646,0
20120210,5.879,5.879,5.676,5.676,10,0
20120213,5.6337,5.6337,5.4138,5.6337,382,0
20120214,5.6337,5.6337,5.4984,5.6337,1229,0
20120215,5.6337,5.6337,5.6337,5.6337,5,0
20120216,5.6337,5.6337,5.6337,5.6337,3,0
20120217,5.6337,5.6337,5.6337,5.6337,5,0
20120220,5.7523,5.7523,5.7438,5.7438,671,0
20120221,5.6676,5.7438,5.6676,5.7438,420,0
20120222,5.7438,5.7438,5.7438,5.7438,3,0
20120223,5.9214,6.006,5.7523,5.7523,7614,0
20120224,5.913,5.913,5.7099,5.913,1012,0
20120227,5.913,5.913,5.7945,5.879,593,0
20120228,5.913,5.913,5.913,5.913,5,0
20120229,5.7523,5.7523,5.7523,5.7523,5,0
20120301,5.7523,5.7523,5.7523,5.7523,12,0
20120302,5.7523,5.7523,5.5831,5.5831,125,0
20120305,5.5831,5.5831,5.5831,5.5831,2,0
20120306,5.5831,5.5831,5.5831,5.5831,2,0
20120307,5.4138,5.4138,5.4138,5.4138,5,0
20120308,5.4138,5.4138,5.4138,5.4138,117,0
20120309,5.3715,5.3715,5.3715,5.3715,59,0
20120312,5.3715,5.4138,5.3715,5.3715,236,0
20120313,5.3715,5.3715,5.3715,5.3715,1,0
20120314,5.4138,5.4138,5.4138,5.4138,5,0
20120315,5.3293,5.3293,5.3293,5.3293,190,0
20120316,5.3293,5.3293,5.3293,5.3293,3,0
20120319,5.4138,5.4477,5.4138,5.4477,310,0
20120320,5.4477,5.4477,5.4477,5.4477,2,0
20120321,5.4477,5.4477,5.4477,5.4477,2,0
20120322,5.4223,5.4223,5.4223,5.4223,3,0
20120326,5.287,5.287,4.9908,5.287,245,0
20120327,5.287,5.287,5.287,5.287,2,0
20120329,5.287,5.287,4.9063,5.287,425,0
20120330,5.287,5.287,5.287,5.287,5,0
20120402,5.287,5.287,5.287,5.287,2,0
20120403,5.287,5.287,5.287,5.287,2,0
20120404,5.1601,5.287,5.1601,5.287,348,0
20120405,5.287,5.287,5.287,5.287,5,0
20120410,5.287,5.287,5.287,5.287,12,0
20120411,5.0754,5.2447,5.0754,5.2278,490,0
20120412,5.287,5.287,5.287,5.287,2,0
20120413,5.287,5.287,5.287,5.287,2,0
20120416,5.287,5.287,4.9063,5.0754,248,0
20120417,5.2447,5.2447,4.9908,4.9908,4,0
20120418,5.287,5.287,5.287,5.287,5,0
20120419,4.8217,5.0754,4.8217,5.0754,123,0
20120420,4.9063,5.0248,4.9063,5.0248,187,0
20120424,5.0248,5.0248,5.0248,5.0248,2,0
20120425,4.9063,4.9063,4.9063,4.9063,2,0
20120426,4.8217,4.8217,4.7372,4.7372,289,0
20120427,4.7287,4.7287,4.5678,4.5678,254,0
20120430,4.6102,4.6102,4.6102,4.6102,12,0
20120502,4.6102,4.6102,4.6102,4.6102,2,0
20120504,4.6525,4.6525,4.6525,4.6525,2,0
20120507,4.6525,4.6525,4.6525,4.6525,593,0
20120508,4.6525,4.6525,4.6525,4.6525,2,0
20120509,4.6525,4.6525,4.6525,4.6525,15,0
20120510,4.6525,4.6525,4.6525,4.6525,2,0
20120511,4.6525,4.7372,4.4073,4.7287,602,0
20120514,4.864,4.864,4.864,4.864,3,0
20120515,4.2297,4.2297,4.2297,4.2297,117,0
20120516,4.2297,4.5678,4.2297,4.5678,1912,0
20120517,4.8217,4.8217,4.8217,4.8217,12,0
20120518,4.7794,4.8217,4.7794,4.8217,13,0
20120521,4.9908,4.9908,4.9908,4.9908,2,0
20120522,5.1179,5.1179,5.1179,5.1179,2,0
20120523,5.1179,5.1179,5.1179,5.1179,270,0
20120524,5.0754,5.0754,5.0754,5.0754,2,0
20120525,5.0754,5.0754,5.0754,5.0754,5,0
20120528,5.0754,5.0754,5.0754,5.0754,5,0
20120529,5.0754,5.0754,5.0754,5.0754,5,0
20120530,5.0754,5.0754,5.0754,5.0754,5,0
20120531,5.0754,5.0754,5.0754,5.0754,1,0
20120601,5.0754,5.0754,5.0754,5.0754,2,0
20120604,5.0754,5.0754,5.0754,5.0754,32,0
20120605,5.067,5.067,5.067,5.067,37,0
20120606,4.8302,5.0248,4.8302,5.0248,312,0
20120608,5.1601,5.1601,5.1601,5.1601,23,0
20120611,5.1601,5.1601,5.1601,5.1601,71,0
20120614,5.0754,5.0754,4.754,5.0754,371,0
20120615,5.0754,5.0754,5.0754,5.0754,2,0
20120619,5.0585,5.0585,5.0585,5.0585,2,0
20120620,5.0502,5.0502,4.6779,4.9908,886,0
20120621,4.9908,4.9908,4.9908,4.9908,2,0
20120622,4.6779,4.9063,4.6779,4.9063,183,0
20120625,5.0417,5.0417,5.0417,5.0417,2,0
20120626,5.0585,5.0585,5.0585,5.0585,3,0
20120628,5.0502,5.0502,5.0502,5.0502,3,0
20120629,5.0585,5.0585,5.0585,5.0585,2,0
20120702,5.0585,5.0585,4.6525,4.8217,240,0
20120703,4.4833,4.4833,3.7643,3.8489,16543,0
20120704,3.8489,3.8489,3.3075,3.3752,49354,0
20120705,3.2145,3.5106,3.1467,3.299,3641,0
20120706,3.426,3.426,3.426,3.426,42468,0
20120709,3.502,3.502,3.502,3.502,2,0
20120710,3.5443,3.5443,3.2145,3.3837,239,0
20120711,3.4514,3.4514,3.3837,3.3837,239,0
20120712,3.5697,3.5697,2.9184,3.2737,2337,0
20120713,3.2568,3.2568,3.0453,3.1976,49130,0
20120716,3.2229,3.2484,2.6054,2.6054,28352,0
20120717,2.5378,2.5378,2.1148,2.1571,26455,0
20120718,2.3178,2.3347,2.1148,2.174,27289,0
20120719,2.2585,2.5378,2.2416,2.3516,26587,0
20120720,2.3602,2.3602,2.2501,2.3602,2050,0
20120723,2.4447,2.4447,2.1148,2.1148,1059,0
20120724,2.1994,2.1994,2.0979,2.0979,1604,0
20120725,2.1826,2.1994,2.0979,2.0979,2546,0
20120726,2.1994,2.1994,2.0979,2.0979,61,0
20120727,2.191,2.191,2.1571,2.1571,1194,0
20120730,2.1148,2.1148,2.1148,2.1148,117,0
20120731,2.1148,2.1826,2.1148,2.1826,559,0
20120801,2.1826,2.1826,2.1826,2.1826,2,0
20120802,2.1826,2.1826,2.1826,2.1826,120,0
20120803,2.0725,2.1317,2.0725,2.1317,78,0
20120806,2.1317,2.1317,2.1317,2.1317,5,0
20120807,2.1148,2.1148,1.8948,2.0725,3600,0
20120808,2.1317,2.1317,1.9118,1.9795,1281,0
20120809,2.0471,2.0471,1.9032,1.9032,603,0
20120810,2.0302,2.0302,2.0302,2.0302,473,0
20120813,2.0979,2.0979,2.0979,2.0979,5,0
20120814,2.0979,2.0979,2.0895,2.0895,360,0
20120816,2.0895,2.0895,2.0895,2.0895,12,0
20120817,2.0979,2.0979,2.0979,2.0979,64,0
20120820,2.0979,2.0979,2.0979,2.0979,12,0
20120821,2.1063,2.1063,2.1063,2.1063,5,0
20120822,2.0979,2.0979,2.0979,2.0979,23,0
20120823,2.1148,2.3262,2.1148,2.3262,10389,0
20120824,2.3602,2.3602,2.1994,2.3262,281,0
20120827,2.3516,2.3516,2.3516,2.3516,5,0
20120828,2.3516,2.3516,2.3516,2.3516,2,0
20120829,2.3516,2.3516,2.1994,2.3516,21,0
20120830,2.3516,2.3516,2.1994,2.3516,117,0
20120831,2.3516,2.3516,2.284,2.3516,254,0
20120903,2.3516,2.5292,2.3262,2.3262,10839,0
20120904,2.3771,2.3771,2.3771,2.3771,436,0
20120905,2.4108,2.4108,2.3008,2.3008,825,0
20120906,2.2925,2.4108,2.2925,2.3686,1144,0
20120907,2.4532,2.5801,2.4532,2.5801,4182,0
20120910,2.5801,2.5801,2.5462,2.5462,2619,0
20120911,2.5378,2.5378,2.5208,2.5208,2959,0
20120912,2.4955,2.5208,2.284,2.5208,2722,0
20120913,2.5123,2.5123,2.3432,2.4361,835,0
20120914,2.4701,2.6224,2.4701,2.6224,3413,0
20120917,2.6224,2.6224,2.6224,2.6224,531,0
20120918,2.6138,2.6138,2.4532,2.5292,716,0
20120919,2.5292,2.5292,2.5292,2.5292,5,0
20120920,2.5292,2.5292,2.4532,2.5039,951,0
20120921,2.5292,2.5292,2.5292,2.5292,12,0
20120924,2.4108,2.4108,2.3262,2.3602,1189,0
20120925,2.3602,2.3602,2.2925,2.3602,1304,0
20120926,2.3686,2.3686,2.3602,2.3686,437,0
20120927,2.2925,2.3602,2.2079,2.3602,2259,0
20120928,2.3602,2.3602,2.1148,2.284,10893,0
20121001,2.3178,2.3178,2.3178,2.3178,12,0
20121002,2.3178,2.3178,2.3178,2.3178,5,0
20121003,2.3432,2.3432,2.284,2.3178,374,0
20121004,2.3602,2.3602,2.3602,2.3602,12,0
20121005,2.3516,2.3516,2.2163,2.3516,143,0
20121008,2.3516,2.5547,2.3347,2.4532,8955,0
20121009,2.5378,2.9607,2.5378,2.6224,14533,0
20121010,2.6224,2.8845,2.4532,2.8845,5783,0
20121011,2.9607,3.2145,2.9607,3.1638,1977,0
20121012,3.1298,3.1298,2.9607,3.0284,3188,0
20121015,3.0707,3.0791,3.0707,3.0791,496,0
20121016,3.0368,3.1298,2.9607,3.113,284,0
20121017,3.0961,3.0961,2.6224,2.6224,5260,0
20121018,2.6224,2.7915,2.5462,2.5801,2171,0
20121019,2.4193,2.6561,2.4193,2.4616,3015,0
20121022,2.7069,2.7069,2.4532,2.4616,1344,0
20121023,2.4532,2.5378,2.4532,2.5378,722,0
20121024,2.6224,2.7069,2.5378,2.7069,854,0
20121025,2.4955,2.6985,2.4955,2.6985,603,0
20121026,2.6985,2.6985,2.6985,2.6985,142,0
20121029,2.6477,2.8591,2.6392,2.8591,824,0
20121030,2.8338,2.8423,2.6731,2.8338,1797,0
20121031,2.8085,2.8085,2.5547,2.6985,1558,0
20121102,2.6646,2.7069,2.6646,2.7069,23,0
20121105,2.6224,2.6985,2.5801,2.69,3184,0
20121106,2.6985,2.6985,2.6224,2.6224,330,0
20121107,2.6985,2.6985,2.6985,2.6985,12,0
20121108,2.6985,2.6985,2.6985,2.6985,12,0
20121109,2.69,2.6985,2.5378,2.6985,1891,0
20121112,2.6985,2.6985,2.6985,2.6985,12,0
20121113,2.6985,2.6985,2.69,2.69,252,0
20121114,2.6985,2.6985,2.6985,2.6985,2,0
20121115,2.69,2.6985,2.69,2.6985,1318,0
20121116,2.6224,2.6224,2.6224,2.6224,4,0
20121119,2.7154,2.7661,2.6985,2.7661,1194,0
20121120,2.7661,2.7661,2.7069,2.7661,792,0
20121121,2.7492,2.7831,2.7492,2.7577,2809,0
20121122,2.8254,2.8761,2.7577,2.8761,6242,0
20121123,2.9184,2.9184,2.9184,2.9184,1891,0
20121126,2.9607,2.9607,2.9607,2.9607,237,0
20121127,2.9522,2.9522,2.9522,2.9522,12,0
20121128,2.8169,2.8169,2.7746,2.7746,1656,0
20121129,2.8254,2.8254,2.8169,2.8169,367,0
20121130,2.7492,2.8254,2.7492,2.8254,153,0
20121203,2.8254,2.8254,2.8254,2.8254,15,0
20121204,2.8254,2.8254,2.7154,2.7831,1208,0
20121205,2.8169,2.8507,2.8085,2.8507,1832,0
20121206,2.8507,2.8507,2.7154,2.8507,386,0
20121207,2.8423,2.8423,2.8423,2.8423,117,0
20121210,2.8507,2.8507,2.8338,2.8338,649,0
20121211,2.8507,2.9607,2.8423,2.9607,6546,0
20121212,2.9607,2.9862,2.9607,2.9777,414,0
20121213,2.9862,2.9862,2.9862,2.9862,12,0
20121214,2.9691,2.9691,2.9184,2.9184,25783,0
20121217,2.9437,2.9437,2.9268,2.9268,792,0
20121218,2.9015,2.9015,2.7492,2.8931,9493,0
20121219,2.8676,2.8676,2.7154,2.7915,2389,0
20121220,2.8761,2.8761,2.7492,2.8423,2716,0
20121221,2.8254,2.8254,2.8254,2.8254,12,0
20121227,2.8423,2.8423,2.8423,2.8423,248,0
20121228,2.8254,2.8338,2.8254,2.8338,1182,0
20130102,2.8254,2.8254,2.8254,2.8254,485,0
20130103,2.8169,2.8169,2.8169,2.8169,12,0
20130104,2.8169,2.8169,2.7492,2.7492,142,0
20130107,2.8169,2.8169,2.8169,2.8169,1289,0
20130108,2.8169,2.8169,2.7069,2.8169,1437,0
20130109,2.7915,2.7915,2.5378,2.6646,3566,0
20130110,2.69,2.69,2.6224,2.6731,2092,0
20130111,2.7154,2.8001,2.7154,2.8001,5326,0
20130114,2.8423,2.8507,2.8423,2.8507,1213,0
20130115,2.8338,2.8845,2.8338,2.8423,4845,0
20130116,2.8591,2.8845,2.8423,2.8845,2104,0
20130117,2.9184,2.9946,2.9099,2.9862,7521,0
20130118,2.9862,3.0115,2.9862,3.0031,1111,0
20130121,2.9946,3.0453,2.9862,3.0453,3677,0
20130122,3.1045,3.1045,3.0453,3.0453,4280,0
20130123,3.1045,3.1045,3.1045,3.1045,906,0
20130124,3.1467,3.1467,3.0538,3.1298,1202,0
20130125,3.1213,3.2145,3.0453,3.1298,3439,0
20130128,3.2229,3.2229,3.1298,3.1298,307,0
20130129,3.2568,3.2568,3.1298,3.1467,2756,0
20130130,3.1298,3.1553,3.1298,3.1553,3327,0
20130131,3.1891,3.1891,3.1891,3.1891,13,0
20130201,3.1213,3.1213,3.1213,3.1213,3,0
20130204,3.1213,3.4598,3.1213,3.3837,70156,0
20130205,3.4429,3.502,3.1976,3.299,4949,0
20130206,3.299,3.299,3.1298,3.2145,1362,0
20130207,3.299,3.3837,3.299,3.3837,869,0
20130208,3.3837,3.5106,3.3837,3.5106,1192,0
20130211,3.4598,3.5106,3.3921,3.426,1568,0
20130212,3.4598,3.4598,3.4598,3.4598,331,0
20130213,3.5443,3.5528,3.3837,3.5443,1005,0
20130214,3.5443,3.5443,3.5443,3.5443,5,0
20130215,3.4598,3.4598,3.4598,3.4598,275,0
20130218,3.5528,3.5528,3.5528,3.5528,106,0
20130219,3.5528,3.5528,3.4429,3.5443,158,0
20130220,3.5528,3.6206,3.5528,3.6037,11882,0
20130221,3.5951,3.5951,3.5951,3.5951,5,0
20130222,3.5528,3.6037,3.5528,3.5867,4182,0
20130225,3.6206,3.6206,3.5528,3.5528,803,0
20130226,3.5951,3.5951,3.5359,3.5359,18,0
20130227,3.5359,3.5359,3.3837,3.4598,894,0
20130228,3.4575,3.5095,3.4229,3.5095,1552,0
20130301,3.4598,3.5106,3.4598,3.5106,125,0
20130304,3.5867,3.5867,3.4598,3.5613,1882,0
20130305,3.5528,3.5528,3.4767,3.4767,638,0
20130306,3.5359,3.5359,3.4683,3.4683,898,0
20130307,3.5782,3.5867,3.4767,3.5867,418,0
20130308,3.5697,3.5697,3.502,3.502,5096,0
20130311,3.5106,3.5106,3.5106,3.5106,12,0
20130312,3.5106,3.5106,3.4598,3.5106,1197,0
20130313,3.4936,3.502,3.4598,3.502,1946,0
20130314,3.4936,3.4936,3.3837,3.4683,256,0
20130315,3.4936,3.4936,3.4936,3.4936,5,0
20130318,3.4683,3.4683,3.3837,3.4514,137,0
20130319,3.4514,3.4514,3.4514,3.4514,62,0
20130320,3.4598,3.4936,3.4514,3.4936,1847,0
20130321,3.4936,3.722,3.4936,3.5528,11879,0
20130322,3.5443,3.629,3.5443,3.5528,4229,0
20130325,3.629,3.629,3.4851,3.6206,2522,0
20130326,3.6206,3.6206,3.4683,3.5528,993,0
20130327,3.5106,3.5359,3.5106,3.5359,687,0
20130328,3.5274,3.5274,3.5274,3.5274,5,0
20130402,3.5106,3.5106,3.5106,3.5106,12,0
20130403,3.4936,3.4936,3.299,3.299,842,0
20130404,3.3837,3.3837,3.2145,3.3667,667,0
20130405,3.3583,3.3667,3.299,3.3667,136,0
20130408,3.3837,3.3837,3.299,3.3498,449,0
20130409,3.3837,3.3837,3.3837,3.3837,5,0
20130410,3.3837,3.3837,3.1722,3.2821,1028,0
20130411,3.2821,3.2821,2.9607,3.0876,6034,0
20130412,3.1638,3.1638,3.0453,3.1298,658,0
20130415,3.113,3.1213,3.0453,3.0453,426,0
20130417,2.9607,3.0876,2.8761,2.8761,1025,0
20130418,3.0031,3.0031,3.0031,3.0031,242,0
20130419,3.0031,3.2568,3.0031,3.2568,2614,0
20130422,3.2737,3.2737,3.0791,3.2145,2151,0
20130423,3.1722,3.1722,3.1722,3.1722,2,0
20130424,3.1213,3.1213,2.9862,3.1213,450,0
20130425,3.2061,3.4683,3.2061,3.4683,6447,0
20130426,3.4514,3.4514,3.4514,3.4514,5,0
20130429,3.4514,3.4514,3.4514,3.4514,892,0
20130430,3.5355,3.5355,3.3795,3.3795,724,0
20130502,3.2568,3.3837,3.2568,3.3837,367,0
20130506,3.4683,3.4683,3.4683,3.4683,12,0
20130507,3.4683,3.4683,3.3837,3.3837,739,0
20130508,3.4683,3.4683,3.4683,3.4683,167,0
20130509,3.4683,3.4683,3.3837,3.4683,117,0
20130510,3.5106,4.1788,3.5106,4.0604,25657,0
20130513,4.2297,4.238,3.8913,3.9758,7979,0
20130514,3.9335,4.3227,3.9335,4.2297,17433,0
20130515,4.5678,4.6441,4.3143,4.6356,4821,0
20130516,4.2803,4.6272,4.0435,4.3988,12023,0
20130517,4.3648,4.3648,4.1196,4.3143,4831,0
20130520,4.3733,4.3902,4.1788,4.3143,1638,0
20130521,4.3818,4.3902,4.2297,4.3733,1373,0
20130522,4.1788,4.3479,4.1619,4.1703,4247,0
20130523,4.3733,4.3988,4.128,4.3564,3530,0
20130524,4.4833,4.4833,4.3564,4.3564,23,0
20130527,4.4411,4.5678,4.4157,4.5678,2132,0
20130528,4.5678,4.9063,4.5678,4.7963,10221,0
20130529,4.9047,5.3726,4.8614,4.8873,19390,0
20130531,5.0693,5.0693,4.9913,5.0606,349,0
20130603,5.0585,5.0585,4.8217,5.0585,1619,0
20130604,4.7227,4.9047,4.7227,4.8527,3368,0
20130605,4.9393,4.9393,4.7487,4.9219,1525,0
20130606,5.0259,5.0346,4.948,5.0346,7070,0
20130607,5.0502,5.0502,5.0417,5.0417,564,0
20130610,5.0502,5.0502,5.0502,5.0502,463,0
20130611,5.052,5.1646,4.818,5.1646,2668,0
20130612,5.1854,5.1854,5.0839,5.1601,832,0
20130613,5.1179,5.1179,4.8386,4.9908,1916,0
20130614,5.0173,5.0173,4.9913,4.9913,544,0
20130617,5.0078,5.0078,4.6779,5.0078,1655,0
20130618,5.0693,5.1213,4.9913,5.1213,2955,0
20130619,5.1517,5.1517,5.0754,5.0754,1548,0
20130620,5.0754,5.2362,4.9993,5.0754,8639,0
20130621,4.8094,5.2253,4.8094,5.1993,10723,0
20130624,5.3206,5.8405,5.3206,5.7106,8365,0
20130625,5.8838,5.8838,5.3293,5.6239,2629,0
20130626,5.6672,5.6672,5.6239,5.6672,453,0
20130627,5.7106,5.7106,4.6793,4.9393,5709,0
20130628,4.7456,4.957,4.5003,4.957,1545,0
20130701,4.9306,4.9393,4.506,4.6187,1817,0
20130702,4.5927,4.6793,4.1767,4.6793,13582,0
20130703,4.6707,4.6793,4.3327,4.3761,3850,0
20130704,4.3674,4.584,4.3674,4.584,932,0
20130705,4.8007,4.9393,4.4453,4.4453,3361,0
20130708,4.766,4.766,4.506,4.506,6,0
20130709,4.636,5.0259,4.4801,5.0259,347,0
20130710,4.766,4.9826,4.766,4.9826,3,0
20130711,5.0953,5.0953,4.7746,5.0259,1163,0
20130712,4.61,4.9826,4.61,4.6793,580,0
20130715,4.896,4.896,4.766,4.766,260,0
20130716,4.8094,4.8094,4.8094,4.8094,12,0
20130717,4.8094,4.8094,4.5927,4.5927,13,0
20130718,4.8094,4.8527,4.8094,4.8527,403,0
20130719,5.052,5.052,4.6793,4.9306,134,0
20130722,4.9306,4.9306,4.6793,4.8527,116,0
20130723,5.0259,5.0259,4.636,4.636,464,0
20130724,4.8527,4.8527,4.636,4.8527,134,0
20130725,4.8353,4.8353,4.8353,4.8353,12,0
20130726,4.818,4.818,4.636,4.6793,953,0
20130729,4.688,4.766,4.636,4.766,446,0
20130730,4.766,4.766,4.766,4.766,12,0
20130731,4.766,4.766,4.766,4.766,5,0
20130801,4.766,4.818,4.5927,4.766,1638,0
20130802,4.8094,4.9826,4.688,4.688,726,0
20130805,4.9219,4.9219,4.766,4.766,121,0
20130806,4.9393,4.9393,4.9393,4.9393,347,0
20130807,4.896,5.0259,4.8614,5,2450,0
20130808,5.0259,5.2426,5.0173,5.1906,629,0
20130809,5.2426,5.2426,5.1559,5.1906,432,0
20130812,5.1906,5.1906,4.9393,5.0346,710,0
20130813,5.1126,5.1126,4.8527,5.0346,1844,0
20130814,5.1126,5.1126,4.7833,5.0866,766,0
20130816,4.896,4.896,4.8094,4.8094,588,0
20130819,5.0779,5.0779,4.6793,4.688,248,0
20130820,4.766,4.766,4.766,4.766,12,0
20130821,4.766,4.766,4.766,4.766,5,0
20130822,4.8094,4.8094,4.8094,4.8094,375,0
20130823,4.8353,5.0259,4.8353,4.8614,602,0
20130826,4.8786,5.052,4.8786,5.0259,1505,0
20130827,5.0433,5.0433,5.0173,5.0173,175,0
20130828,5.0173,5.0173,4.8873,4.8873,578,0
20130829,5.0433,5.0433,4.8527,4.9826,529,0
20130830,4.6187,4.6187,4.0641,4.2028,23948,0
20130902,3.9081,4.1854,3.8995,4.1161,12494,0
20130903,4.1594,4.4194,4.1161,4.3241,10546,0
20130904,4.3241,4.3241,4.1681,4.2374,2299,0
20130905,4.1941,4.1941,3.9254,4.1681,4164,0
20130906,4.1594,4.2374,4.1508,4.2374,626,0
20130909,4.2374,4.2374,4.1594,4.2374,451,0
20130910,4.3154,4.3154,4.2981,4.3154,839,0
20130911,4.3154,4.3154,4.3154,4.3154,930,0
20130912,4.3154,4.4194,4.3154,4.402,7143,0
20130913,4.402,4.402,4.1767,4.3327,144,0
20130916,4.2028,4.3674,4.2028,4.3674,970,0
20130917,4.3674,4.5493,4.3674,4.506,3131,0
20130918,4.5927,4.9826,4.5927,4.6967,9456,0
20130919,4.8614,4.9826,4.8527,4.9393,5324,0
20130920,5.0693,5.1126,4.7746,5.0173,5645,0
20130923,5.0779,5.0779,5.0779,5.0779,5,0
20130924,5.0953,5.0953,4.8094,5.0606,1306,0
20130925,5.0259,5.0606,4.8527,5.0606,1447,0
20130926,5.0606,5.0953,4.9047,5.0953,338,0
20130927,5.0953,5.1126,5.0693,5.1126,4154,0
20130930,5.1126,5.1126,5.1126,5.1126,807,0
20131001,5.0693,5.1126,4.9826,5.104,1630,0
20131002,5.1126,5.1126,4.9826,5.104,138,0
20131003,5.1126,5.1126,4.896,4.896,4359,0
20131004,4.9826,4.9826,4.688,4.688,5066,0
20131007,4.688,4.688,4.6187,4.688,210,0
20131008,4.9393,4.9393,4.7313,4.7313,295,0
20131009,4.9393,4.9393,4.7313,4.7313,10,0
20131010,4.8527,4.8527,4.8527,4.8527,493,0
20131011,4.9219,4.9306,4.9047,4.9306,1108,0
20131014,4.9219,4.9219,4.9219,4.9219,2,0
20131015,5.0173,5.0173,4.8527,5.0173,351,0
20131016,5.0173,5.0173,5.0173,5.0173,50,0
20131017,5.0087,5.0087,5.0087,5.0087,2,0
20131018,5.0173,5.0173,5.0173,5.0173,89,0
20131021,5.0259,5.0259,4.9306,4.9306,264,0
20131022,5.0259,5.0259,4.9393,5.0259,387,0
20131023,5.0173,5.0173,5.0173,5.0173,5,0
20131024,5.0173,5.0173,4.7833,4.7833,2658,0
20131025,4.7833,4.9306,4.61,4.9306,2000,0
20131028,4.9219,4.9306,4.8527,4.9306,1889,0
20131029,4.9219,4.9219,4.766,4.9219,3455,0
20131030,4.9306,4.9653,4.9306,4.9653,118,0
20131031,4.9826,4.9826,4.896,4.9653,123,0
20131104,4.9393,5.0173,4.9393,5.0173,7332,0
20131105,4.9826,4.9826,4.9567,4.9567,1429,0
20131106,5.1126,5.4939,5.0087,5.4939,18340,0
20131107,5.4159,5.4419,5.4159,5.4419,2135,0
20131108,5.5459,6.0918,5.5459,6.0918,17889,0
20131112,6.0918,6.1958,6.0832,6.1958,2439,0
20131113,6.1958,6.1958,6.1872,6.1958,3488,0
20131114,6.2305,6.3171,6.1091,6.3171,3628,0
20131115,6.3691,6.9324,6.3691,6.9324,2824,0
20131118,6.9064,6.9324,6.9064,6.9064,1180,0
20131119,6.9324,6.9324,6.7591,6.7591,430,0
20131120,6.7591,6.7591,6.4991,6.4991,18,0
20131121,6.1611,6.4124,6.1611,6.3778,3636,0
20131122,6.629,6.6724,6.5857,6.6724,2189,0
20131125,6.6638,6.6638,6.4211,6.4211,1563,0
20131126,6.4818,6.8457,6.4818,6.7158,2461,0
20131127,7.279,7.7469,6.6724,6.6724,3360,0
20131128,7.1837,7.3223,6.7678,7.149,2625,0
20131129,7.1924,7.3223,6.7591,7.3223,3480,0
20131202,7.3223,7.3223,7.019,7.019,1213,0
20131203,7.1924,7.7036,7.0623,7.2963,2358,0
20131204,7.357,7.357,6.9324,7.149,592,0
20131205,7.149,7.1924,6.8457,6.9324,940,0
20131206,6.889,6.9324,6.6377,6.9324,9218,0
20131209,6.9324,6.9324,6.889,6.9064,359,0
20131210,7.0017,7.019,6.7591,6.7591,1387,0
20131211,6.9324,6.9324,6.6724,6.6724,1625,0
20131212,7.019,7.019,6.6724,6.7591,21872,0
20131213,6.889,6.915,6.5857,6.8024,1410,0
20131216,6.9064,6.915,6.4991,6.8457,2749,0
20131217,6.7591,6.7591,6.4124,6.4124,750,0
20131218,6.5857,6.5857,5.9792,6.2825,2188,0
20131219,6.5424,6.5424,5.8059,6.0658,1941,0
20131220,6.0658,6.0658,6.0658,6.0658,2,0
20131223,6.0658,6.0658,5.7192,6.0571,1252,0
20131227,6.2392,6.2392,5.9445,5.9445,571,0
20131230,5.9445,6.2218,5.8492,6.2218,382,0
20140102,6.2218,6.2218,6.2218,6.2218,80,0
20140103,6.2392,6.2392,6.2392,6.2392,66,0
20140107,6.2392,6.3258,6.2392,6.3258,3465,0
20140108,6.4991,6.4991,6.0745,6.2825,1408,0
20140109,6.2825,6.3258,6.2825,6.3258,1373,0
20140110,6.3258,6.3345,6.3258,6.3258,1307,0
20140113,6.4558,6.5857,6.4558,6.5857,93,0
20140114,6.5857,6.5857,6.5857,6.5857,2,0
20140115,6.7504,6.9324,6.4211,6.629,2772,0
20140116,6.629,6.629,6.629,6.629,153,0
20140117,6.6638,6.6638,6.6638,6.6638,58,0
20140120,6.629,6.6724,6.4211,6.6724,1164,0
20140121,6.967,6.967,6.6724,6.9324,635,0
20140122,6.9237,6.9237,6.6724,6.6724,112,0
20140123,6.8024,6.8024,6.7678,6.7678,117,0
20140124,6.8457,6.8457,6.7678,6.837,109,0
20140127,6.8284,6.8284,6.8284,6.8284,18,0
20140128,6.8284,6.8284,6.8284,6.8284,2,0
20140129,6.837,6.837,6.837,6.837,349,0
20140130,6.837,6.837,6.837,6.837,2,0
20140131,6.7591,6.7591,6.7158,6.7591,1282,0
20140203,6.7591,6.7591,6.7591,6.7591,2,0
20140204,6.7417,6.7417,6.7417,6.7417,2,0
20140205,6.7417,6.7417,6.2825,6.629,1154,0
20140206,6.629,7.019,6.629,7.019,491,0
20140207,7.0623,7.1056,7.0364,7.0364,509,0
20140210,7.1056,7.3656,7.1056,7.3656,255,0
20140211,7.3656,7.3656,7.1924,7.3656,1540,0
20140212,7.3656,7.3743,7.3656,7.3656,524,0
20140213,7.5389,7.5389,7.4523,7.4523,464,0
20140214,7.4523,7.4523,7.279,7.279,291,0
20140217,7.4523,7.4523,7.4523,7.4523,2,0
20140218,7.4523,7.4523,7.1924,7.4523,861,0
20140219,7.6256,7.6603,7.6256,7.6603,34,0
20140220,7.6603,7.6603,7.6603,7.6603,2,0
20140221,7.6603,7.6603,7.6603,7.6603,2,0
20140224,7.6603,7.6603,7.6603,7.6603,264,0
20140225,7.6862,7.6862,7.3656,7.3656,216,0
20140226,7.4956,7.4956,6.8457,7.149,1276,0
20140227,7.1056,7.1056,7.1056,7.1056,2,0
20140228,7.1056,7.1924,7.019,7.019,531,0
20140303,7.019,7.019,6.4991,6.4991,10779,0
20140304,6.4991,6.4991,6.4991,6.4991,87,0
20140305,6.629,6.8457,6.5424,6.5424,2496,0
20140306,6.8024,6.8024,6.629,6.629,308,0
20140307,6.8024,7.019,6.5424,6.5424,1210,0
20140310,6.7937,6.9324,6.629,6.9324,2545,0
20140311,7.019,7.019,6.9324,6.9324,2055,0
20140312,6.9324,6.9324,6.4991,6.4991,933,0
20140313,6.4991,7.0623,6.4991,6.6724,989,0
20140314,6.889,6.889,6.4991,6.8024,4762,0
20140317,6.9237,7.0103,6.9237,7.0103,1604,0
20140318,7.0103,7.1924,7.0103,7.149,1451,0
20140319,7.4436,7.4436,7.1143,7.279,2195,0
20140320,7.4436,8.1369,7.4436,7.6256,7023,0
20140321,7.7989,7.9635,7.5389,7.8422,1490,0
20140324,8.0588,8.1369,7.8856,8.1282,1052,0
20140325,8.1195,8.1195,8.0588,8.0588,352,0
20140326,8.0416,8.0416,7.9722,7.9722,106,0
20140327,7.9289,8.0588,7.7989,7.7989,932,0
20140328,7.6949,7.7816,7.3743,7.7816,240,0
20140331,7.7816,7.7816,7.6342,7.6342,237,0
20140401,7.6342,7.6342,7.3656,7.3656,1808,0
20140402,7.4956,7.5389,7.4956,7.4956,1030,0
20140403,7.4956,7.4956,7.4956,7.4956,541,0
20140404,7.7123,7.7123,7.7123,7.7123,2,0
20140407,7.7123,7.7123,7.5476,7.7123,1125,0
20140408,7.7123,7.7123,7.6256,7.6256,28,0
20140409,7.5822,7.669,7.5822,7.669,621,0
20140410,7.7123,7.7123,7.7123,7.7123,394,0
20140411,7.7123,7.7123,7.7123,7.7123,197,0
20140414,7.7556,7.7556,7.461,7.5389,3239,0
20140415,7.5389,7.5389,7.5389,7.5389,396,0
20140416,7.617,7.6256,7.6083,7.6256,4764,0
20140417,7.6256,7.6256,7.5389,7.6256,357,0
20140422,7.6083,7.6083,7.5389,7.5389,2996,0
20140423,7.6083,7.6083,7.5389,7.5389,2268,0
20140424,7.5302,7.5302,6.941,7.0797,1391,0
20140425,7.1576,7.1576,7.1576,7.1576,1185,0
20140428,7.1924,7.4523,7.1924,7.4523,3,0
20140429,7.4523,7.4523,7.4523,7.4523,2,0
20140430,7.4349,7.4349,7.4349,7.4349,28,0
20140502,7.4176,7.4176,7.4176,7.4176,2,0
20140505,7.4263,7.4263,7.3656,7.3656,37,0
20140506,7.4263,7.4263,7.4263,7.4263,12,0
20140507,7.3656,7.3656,7.1924,7.1924,23,0
20140508,7.4263,7.4263,7.4263,7.4263,12,0
20140509,7.2357,7.2357,6.7678,6.7678,184,0
20140512,6.7678,6.7678,6.7591,6.7591,219,0
20140513,6.889,6.889,6.889,6.889,12,0
20140514,7.1056,7.1056,6.6204,6.7504,453,0
20140515,6.7591,6.7591,6.7591,6.7591,12,0
20140516,6.7591,6.7591,6.7591,6.7591,12,0
20140519,6.7591,6.7591,6.4991,6.4991,5782,0
20140520,6.7591,6.7591,6.4991,6.4991,1341,0
20140521,6.4991,6.4991,6.4991,6.4991,156,0
20140522,6.7504,6.7504,6.7504,6.7504,26,0
20140523,6.7158,6.7158,6.7158,6.7158,12,0
20140526,6.7158,6.7158,6.4991,6.4991,588,0
20140527,6.7158,6.7158,6.4991,6.4991,1860,0
20140528,6.7591,6.7591,6.7591,6.7591,5,0
20140529,6.7504,6.7591,6.7504,6.7591,345,0
20140530,6.9757,6.9757,6.9324,6.9757,2004,0
20140602,7.0017,7.0017,7.0017,7.0017,155,0
20140603,7.0017,7.0017,6.9844,7.0017,194,0
20140604,7.0017,7.0017,7.0017,7.0017,444,0
20140605,7.279,7.279,7.279,7.279,12,0
20140606,7.279,7.279,7.279,7.279,173,0
20140609,7.4176,7.4176,7.4176,7.4176,12,0
20140610,7.383,7.383,7.0623,7.2703,325,0
20140611,7.279,7.279,7.1056,7.253,226,0
20140612,7.279,7.279,7.1056,7.1056,804,0
20140613,7.2357,7.2357,7.019,7.019,128,0
20140616,6.9324,6.9324,6.9324,6.9324,115,0
20140617,6.993,6.993,6.993,6.993,12,0
20140618,7.0623,7.1576,7.019,7.019,320,0
20140620,7.149,7.149,6.9324,6.9324,357,0
20140623,6.5857,6.837,6.5857,6.7504,784,0
20140624,6.9324,6.9324,6.9324,6.9324,410,0
20140625,7.1056,7.1056,6.9324,6.9324,23,0
20140626,7.0623,7.0623,6.9324,6.9324,128,0
20140627,7.1129,7.1129,7.1129,7.1129,12,0
20140630,7.0136,7.2212,6.7699,6.9956,1202,0
20140701,6.7699,6.7699,6.7699,6.7699,34,0
20140702,6.7699,6.7699,6.3818,6.7699,1334,0
20140704,6.7699,6.7699,6.7699,6.7699,56,0
20140707,6.9504,6.9504,6.7699,6.7699,255,0
20140708,6.815,6.815,6.815,6.815,56,0
20140709,6.7699,6.7699,6.5171,6.5171,4117,0
20140710,6.7789,6.7789,6.7518,6.7699,1763,0
20140711,6.7699,6.7699,6.7699,6.7699,558,0
20140715,6.7699,6.7699,6.5894,6.5894,798,0
20140716,6.7789,6.7789,6.7699,6.7789,580,0
20140717,6.7789,6.7789,6.5894,6.7699,422,0
20140721,6.7699,6.7699,6.7699,6.7699,411,0
20140722,6.7699,6.7699,6.7699,6.7699,3196,0
20140724,6.7699,6.7699,6.7699,6.7699,277,0
20140728,7.0858,7.0858,7.0858,7.0858,12,0
20140730,7.0858,7.0858,6.7699,6.7699,565,0
20140804,6.7699,6.7699,6.3185,6.4449,927,0
20140805,6.5894,6.5894,6.5894,6.5894,323,0
20140806,6.9053,6.9053,6.9053,6.9053,4,0
20140807,6.9053,6.9053,6.9053,6.9053,12,0
20140808,6.9053,6.9053,6.9053,6.9053,3,0
20140811,6.9504,6.9504,6.9504,6.9504,12,0
20140812,7.3115,7.3115,7.3115,7.3115,5,0
20140813,7.122,7.122,7.122,7.122,133,0
20140814,7.1309,7.1309,6.9504,6.9504,240,0
20140818,7.0407,7.0407,6.8602,7.0407,289,0
20140819,7.0407,7.0407,6.788,6.788,236,0
20140820,6.788,7.0316,6.788,7.0316,65,0
20140821,7.0316,7.0316,6.7699,6.7699,679,0
20140822,6.9956,6.9956,6.7699,6.7699,553,0
20140825,6.9143,6.9143,6.9143,6.9143,3,0
20140826,6.7699,7.0136,6.7699,7.0136,21,0
20140827,7.0407,7.0407,6.7699,6.7699,1586,0
20140828,7.0407,7.0407,7.0407,7.0407,3,0
20140829,6.815,6.9053,6.815,6.9053,150,0
20140901,6.9143,6.9956,6.9143,6.9956,190,0
20140902,6.9956,6.9956,6.9053,6.9956,44,0
20140903,6.9956,6.9956,6.8602,6.9865,886,0
20140904,6.9956,6.9956,6.9956,6.9956,5,0
20140905,6.9504,6.9504,6.7699,6.7699,6010,0
20140908,6.9324,6.9504,6.7699,6.9504,219,0
20140909,6.9504,6.9504,6.7699,6.7699,651,0
20140910,6.9504,6.9504,6.7699,6.7699,711,0
20140911,6.7699,6.7699,6.7699,6.7699,122,0
20140912,6.8421,6.8421,6.7699,6.7699,587,0
20140915,6.8602,6.8602,6.7699,6.7699,621,0
20140916,6.788,6.9053,6.788,6.9053,16,0
20140917,6.9053,6.9053,6.9053,6.9053,12,0
20140918,6.9956,6.9956,6.9956,6.9956,12,0
20140919,6.9956,6.9956,6.9956,6.9956,5,0
20140922,7.1309,7.1309,6.9956,6.9956,66,0
20140923,6.9956,6.9956,6.9956,6.9956,5,0
20140924,7.0949,7.0949,7.0949,7.0949,5,0
20140925,7.1309,7.1309,6.7699,6.7699,457,0
20140926,6.9504,6.9504,6.4991,6.7699,299,0
20140929,6.9414,6.9414,6.7699,6.7699,688,0
20140930,6.9233,6.9233,6.7699,6.7699,74,0
20141001,6.9504,6.9504,6.7699,6.7699,226,0
20141002,7.122,7.122,6.6345,6.7699,530,0
20141003,7.122,7.122,7.122,7.122,5,0
20141006,7.122,7.122,7.122,7.122,5,0
20141007,6.8602,6.8602,6.788,6.788,272,0
20141008,6.8602,6.8602,6.4991,6.5803,410,0
20141009,6.5894,6.6254,6.4089,6.4991,3611,0
20141010,6.5442,6.5442,6.5442,6.5442,12,0
20141013,6.5894,6.7158,6.4991,6.5081,632,0
20141014,6.6796,6.6796,6.4089,6.4089,480,0
20141015,6.3637,6.4089,6.3637,6.4089,332,0
20141016,6.3276,6.3276,6.3185,6.3185,189,0
20141017,6.4991,6.4991,6.3185,6.3185,22,0
20141020,6.4991,6.4991,6.3185,6.3185,321,0
20141021,6.454,6.454,6.3185,6.3185,236,0
20141022,6.454,6.454,6.454,6.454,12,0
20141023,6.3185,6.3185,6.3185,6.3185,12,0
20141024,6.454,6.454,6.0478,6.2283,256,0
20141027,6.2283,6.2283,6.2283,6.2283,89,0
20141028,6.454,6.6796,6.454,6.6796,1127,0
20141029,6.6796,6.6796,6.6796,6.6796,12,0
20141030,6.6796,6.6796,6.6796,6.6796,12,0
20141031,6.6796,6.6796,6.5803,6.5803,103,0
20141103,6.8602,6.8602,6.4991,6.4991,138,0
20141104,6.8602,6.8602,6.7158,6.7158,282,0
20141105,6.6976,6.6976,6.6976,6.6976,5,0
20141106,6.5803,6.5803,6.3637,6.3637,1280,0
20141107,6.3185,6.3185,6.3185,6.3185,665,0
20141110,6.3096,6.3096,6.2734,6.2734,227,0
20141112,6.2734,6.2734,6.2644,6.2734,236,0
20141113,6.2734,6.2734,6.2734,6.2734,111,0
20141114,6.2554,6.2554,6.2554,6.2554,5,0
20141117,6.1922,6.1922,6.1922,6.1922,227,0
20141118,6.1922,6.1922,6.1922,6.1922,12,0
20141119,6.1922,6.1922,5.9214,5.9214,475,0
20141120,6.2012,6.2012,6.2012,6.2012,5,0
20141121,6.2012,6.2012,6.2012,6.2012,5,0
20141124,6.2012,6.2012,6.2012,6.2012,172,0
20141125,6.2012,6.2012,5.9394,6.138,631,0
20141126,6.2012,6.2012,5.9394,6.2012,24,0
20141127,6.2012,6.2012,6.2012,6.2012,5,0
20141128,6.2012,6.2012,6.2012,6.2012,5,0
20141201,6.2283,6.2644,6.2283,6.2644,105,0
20141202,6.2554,6.2554,6.2554,6.2554,44,0
20141203,6.2554,6.2554,5.9485,5.9485,89,0
20141204,6.2554,6.2554,6.2554,6.2554,5,0
20141205,6.2554,6.2554,6.2554,6.2554,5,0
20141208,6.2463,6.2463,6.2463,6.2463,12,0
20141209,6.2192,6.2192,5.8672,5.9123,621,0
20141210,6.1922,6.1922,5.8672,5.8672,393,0
20141211,6.147,6.147,5.8582,5.8582,94,0
20141212,6.12,6.12,6.12,6.12,5,0
20141215,6.1019,6.1019,6.1019,6.1019,5,0
20141216,6.0929,6.0929,6.0929,6.0929,5,0
20141217,6.0929,6.0929,5.6867,5.6867,349,0
20141218,5.6145,5.6145,5.6145,5.6145,56,0
20141219,6.0929,6.0929,6.0929,6.0929,5,0
20141222,5.777,5.8221,5.4159,5.4159,1219,0
20141223,5.6416,5.6416,5.425,5.425,12905,0
20141229,5.7318,5.7318,5.2354,5.425,13575,0
20141230,5.425,5.7318,5.4159,5.7228,22118,0
20150102,5.7228,5.9575,5.7228,5.9575,425,0
20150105,6.0929,6.0929,5.777,5.777,746,0
20150107,5.8672,5.8672,5.8672,5.8672,12,0
20150108,5.8672,5.8672,5.8672,5.8672,1343,0
20150109,5.8672,5.8672,5.8672,5.8672,12,0
20150112,5.7138,5.7138,5.7138,5.7138,26,0
20150113,5.8672,5.8672,5.6957,5.7138,900,0
20150114,5.7679,5.777,5.5965,5.5965,1521,0
20150115,5.5965,5.5965,5.5965,5.5965,5,0
20150116,5.5965,5.5965,5.4339,5.4339,50,0
20150119,5.5965,5.5965,5.5965,5.5965,17,0
20150120,5.5965,5.5965,5.5965,5.5965,5,0
20150121,5.5965,5.5965,5.5965,5.5965,22,0
20150122,5.5965,5.5965,5.4159,5.5513,776,0
20150123,5.5513,5.5513,5.1632,5.4159,2990,0
20150126,5.4159,5.4159,5.4159,5.4159,133,0
20150127,5.4339,5.4339,5.4339,5.4339,83,0
20150128,5.5061,5.5603,5.5061,5.5603,22,0
20150129,5.5603,5.5603,5.5513,5.5513,176,0
20150130,5.5513,5.5513,5.5061,5.5061,1106,0
20150202,5.4159,5.4159,5.4159,5.4159,273,0
20150203,5.5061,5.5061,5.5061,5.5061,248,0
20150204,5.5061,5.5061,5.5061,5.5061,12,0
20150205,5.4881,5.5061,5.4881,5.5061,2334,0
20150206,5.5061,5.5061,5.5061,5.5061,124,0
20150209,5.5061,5.5061,5.5061,5.5061,12,0
20150210,5.5061,5.5061,5.4972,5.4972,34,0
20150211,5.4972,5.4972,5.4972,5.4972,84,0
20150212,5.4159,5.5061,5.4159,5.5061,650,0
20150213,5.5061,5.5061,5.5061,5.5061,2298,0
20150216,5.5061,5.5061,5.5061,5.5061,1773,0
20150218,5.5061,5.5061,5.3798,5.3798,903,0
20150219,5.5061,5.5061,5.5061,5.5061,565,0
20150220,5.5061,5.5061,5.5061,5.5061,211,0
20150223,5.6777,6.0929,5.6777,5.8672,1018,0
20150224,5.8672,5.8672,5.4159,5.5061,1759,0
20150225,5.5061,5.5061,5.5061,5.5061,1753,0
20150226,5.5061,5.5061,5.5061,5.5061,992,0
20150227,5.5061,5.5061,5.5061,5.5061,1295,0
20150302,5.5061,5.5061,5.461,5.461,637,0
20150303,5.4159,5.461,5.3708,5.461,1084,0
20150304,5.461,5.461,5.461,5.461,5,0
20150305,5.461,5.461,5.461,5.461,227,0
20150306,5.4701,5.4701,5.461,5.461,553,0
20150309,5.5061,5.5061,5.5061,5.5061,719,0
20150310,5.5061,5.5061,5.5061,5.5061,688,0
20150311,5.5061,5.5061,5.5061,5.5061,621,0
20150312,5.5061,5.7318,5.5061,5.7318,22,0
20150313,5.8221,5.8672,5.8221,5.8221,432,0
20150316,5.8221,5.8221,5.8221,5.8221,12,0
20150317,5.5061,5.5061,5.5061,5.5061,766,0
20150318,5.5513,5.5513,5.5061,5.5061,1317,0
20150319,5.425,5.5061,5.425,5.5061,221,0
20150320,5.3437,5.3437,5.2444,5.3347,3747,0
20150323,5.3347,5.4159,5.3347,5.4159,1246,0
20150324,5.4159,5.5061,5.4159,5.5061,5129,0
20150325,5.5152,5.5152,5.3437,5.3437,4008,0
20150330,5.3798,5.3798,5.3437,5.3437,665,0
20150331,5.1993,5.1993,5.1993,5.1993,111,0
20150401,5.2083,5.2083,5.1993,5.1993,5539,0
20150402,5.2354,5.2354,5.2354,5.2354,83,0
20150407,5.2354,5.2354,5.1451,5.2263,2633,0
20150408,5.2263,5.2805,5.091,5.2805,3007,0
20150409,5.2805,5.4159,5.2805,5.4159,1325,0
20150410,5.3437,5.3437,5.3257,5.3257,5887,0
20150413,5.4791,5.4791,5.4791,5.4791,443,0
20150414,5.4881,5.4881,5.3257,5.3257,4708,0
20150415,5.3257,5.3257,5.3257,5.3257,1108,0
20150416,5.4159,5.4159,5.4159,5.4159,2382,0
20150417,5.4159,5.4159,5.4159,5.4159,894,0
20150420,5.4159,5.4159,5.3617,5.4159,2437,0
20150421,5.4159,5.4159,5.3257,5.3257,2820,0
20150427,5.4159,5.4159,5.3257,5.3257,1022,0
20150428,5.3347,5.3347,5.3166,5.3166,44,0
20150429,5.3166,5.3166,5.2715,5.2715,1861,0
20150430,5.2715,5.2715,5.1722,5.2354,13409,0
20150504,5.2263,5.2263,5.2263,5.2263,530,0
20150505,5.2354,5.2354,5.2354,5.2354,13739,0
20150506,5.2263,5.2263,5.2263,5.2263,1623,0
20150507,5.2354,5.2354,5.2263,5.2263,1680,0
20150508,5.2173,5.2625,5.1993,5.2625,12904,0
20150511,5.2986,5.2986,5.1993,5.1993,3544,0
20150512,5.1993,5.3798,5.1993,5.3798,190,0
20150514,5.2895,5.3798,5.2895,5.3257,664,0
20150515,5.3257,5.3888,5.2354,5.3888,4598,0
20150518,5.4339,5.4339,5.2805,5.4159,583,0
20150519,5.4159,5.4159,5.4159,5.4159,1798,0
20150520,5.3979,5.3979,5.3979,5.3979,311,0
20150521,5.4339,5.4339,5.4339,5.4339,1,0
20150522,5.3257,5.4068,5.2986,5.3979,1289,0
20150525,5.2805,5.2805,5.2805,5.2805,332,0
20150527,5.2805,5.3979,5.2805,5.3979,610,0
20150528,5.3979,5.5784,5.3979,5.5784,420,0
20150529,5.4339,5.4339,5.3798,5.3798,1972,0
20150601,5.4972,5.5694,5.4159,5.5694,1960,0
20150602,5.5513,5.5513,5.5513,5.5513,199,0
20150605,5.5061,5.5874,5.5061,5.5874,531,0
20150608,5.5874,5.5874,5.3708,5.3708,732,0
20150609,5.3708,5.3708,5.3708,5.3708,1537,0
20150610,5.3708,5.3708,5.3347,5.3347,1022,0
20150612,5.5423,5.5965,5.5423,5.5603,4139,0
20150615,5.5603,5.5784,5.5152,5.5243,11078,0
20150616,5.4972,5.4972,5.461,5.461,5900,0
20150623,5.6506,5.6506,5.6506,5.6506,112,0
20150624,5.6506,5.6506,5.6506,5.6506,332,0
20150626,5.4701,5.4701,5.4159,5.4159,4840,0
20150629,5.3708,5.3708,5.3708,5.3708,189,0
20150630,5.5329,5.5806,5.5329,5.5806,314,0
20150701,5.4089,5.5329,5.3899,5.3899,2731,0
20150703,5.5234,5.5616,5.5234,5.5329,77058,0
20150706,5.5234,5.5234,5.5234,5.5234,291,0
20150708,5.3612,5.3612,5.3612,5.3612,634,0
20150709,5.3422,5.3422,5.3422,5.3422,94,0
20150710,5.3899,5.3899,5.3231,5.3231,3145,0
20150715,5.3231,5.4853,5.3231,5.4853,2610,0
20150716,5.4757,5.5997,5.4757,5.5997,908,0
20150721,5.3899,5.3899,5.3899,5.3899,189,0
20150723,5.3708,5.3708,5.3708,5.3708,1048,0
20150728,5.3708,5.5329,5.3708,5.5329,172,0
20150803,5.5329,5.5997,5.5329,5.5997,105,0
20150805,5.5139,5.5329,5.5043,5.5329,5896,0
20150806,5.552,5.552,5.552,5.552,84,0
20150810,5.4376,5.5234,5.4185,5.5234,2359,0
20150812,5.4853,5.4853,5.4853,5.4853,52,0
20150813,5.3612,5.3612,5.3612,5.3612,152,0
20150814,5.3612,5.4853,5.304,5.4853,318,0
20150817,5.2563,5.2563,5.2563,5.2563,94,0
20150818,5.2468,5.2945,5.2468,5.2945,307,0
20150824,5.2468,5.2468,5.0274,5.0274,1670,0
20150825,4.9606,4.9606,4.827,4.827,2456,0
20150827,4.827,4.827,4.7698,4.7698,3937,0
20150828,4.6744,4.8079,4.6744,4.8079,2086,0
20150831,4.7602,4.8366,4.6744,4.8175,11223,0
20150901,4.9033,4.9033,4.9033,4.9033,10,0
20150903,4.8652,4.9129,4.7221,4.9129,5241,0
20150909,5.0464,5.2372,5.0464,5.2372,1855,0
20150910,5.056,5.056,5.056,5.056,105,0
20150911,5.0369,5.0369,5.0369,5.0369,157,0
20150916,5.1704,5.18,5.1704,5.18,292,0
20150922,5.1991,5.1991,5.1514,5.1514,208,0
20150923,5.0274,5.0274,5.0274,5.0274,314,0
20150924,5.0274,5.0274,5.0274,5.0274,191,0
20150925,5.0274,5.0274,4.9129,4.9129,627,0
20150930,4.8652,4.8652,4.8652,4.8652,157,0
20151001,4.8366,4.8366,4.8366,4.8366,210,0
20151008,4.8079,4.8079,4.8079,4.8079,907,0
20151009,4.7602,4.7602,4.7602,4.7602,1572,0
20151012,4.7602,5.056,4.7602,5.056,8167,0
20151015,5.1323,5.2086,5.1323,5.2086,1479,0
20151016,5.2372,5.4089,5.2372,5.4089,335,0
20151019,5.4089,5.4566,5.4089,5.4566,386,0
20151020,5.4757,5.4757,5.2468,5.2468,109,0
20151021,5.4566,5.5043,5.4566,5.5043,446,0
20151027,5.4376,5.4376,5.4376,5.4376,294,0
20151030,5.4376,5.4376,5.4376,5.4376,52,0
20151102,5.5329,5.5997,5.5329,5.5997,273,0
20151103,5.5997,5.7237,5.5806,5.7237,976,0
20151105,5.5806,5.7905,5.5806,5.7905,1139,0
20151106,5.8191,5.8382,5.8191,5.8382,316,0
20151109,5.8191,5.8287,5.8191,5.8287,168,0
20151110,5.5711,5.5711,5.5711,5.5711,629,0
20151112,5.8191,5.8382,5.8191,5.8382,630,0
20151116,5.5806,5.5806,5.5806,5.5806,96,0
20151117,5.5806,5.5806,5.5806,5.5806,169,0
20151120,5.5806,5.5806,5.5329,5.5329,911,0
20151123,5.5329,5.7333,5.5329,5.7333,415,0
20151124,5.7142,5.7142,5.7142,5.7142,5,0
20151127,5.4757,5.4757,5.4757,5.4757,10,0
20151201,5.4757,5.4757,5.4757,5.4757,105,0
20151208,5.4757,5.5997,5.4757,5.5997,273,0
20151209,5.3422,5.3422,5.3422,5.3422,314,0
20151211,5.3326,5.3326,5.3326,5.3326,210,0
20151216,5.2372,5.2372,5.2372,5.2372,26,0
20151217,5.0655,5.0655,4.8843,4.8843,2123,0
20151218,4.8843,4.8843,4.827,4.827,629,0
20151221,4.827,4.827,4.827,4.827,6,0
20151222,4.827,4.827,4.827,4.827,1048,0
20151223,4.827,4.827,4.8175,4.8175,5581,0
20151228,4.8175,4.8175,4.8175,4.8175,241,0
20151229,4.7698,4.827,4.7698,4.827,16257,0
20151230,4.6935,4.9224,4.6935,4.9224,427,0
20160104,4.7698,4.7698,4.7698,4.7698,550,0
20160105,4.8652,4.8652,4.8652,4.8652,94,0
20160108,4.6935,4.8652,4.6935,4.8652,262,0
20160111,4.8652,4.8652,4.8652,4.8652,63,0
20160121,4.6744,4.6744,4.6744,4.6744,5,0
20160122,4.6744,4.8652,4.6744,4.8652,2,0
20160128,4.8652,4.8652,4.8652,4.8652,42,0
20160217,4.6362,4.6458,4.6362,4.6458,80,0
20160224,4.6744,4.6744,4.6744,4.6744,105,0
20160225,4.8556,4.8652,4.8556,4.8652,105,0
20160229,4.8652,4.8652,4.8652,4.8652,26,0
20160303,4.8652,4.8652,4.7698,4.7698,373,0
20160304,4.8652,4.9606,4.8652,4.9606,1290,0
20160307,4.951,5.0655,4.9129,5.0655,2217,0
20160308,5.0655,5.1514,5.0655,5.1514,3306,0
20160309,5.2468,5.2945,5.2468,5.2945,750,0
20160310,5.4948,5.4948,5.4948,5.4948,283,0
20160311,5.5234,5.6188,5.5234,5.6188,1619,0
20160314,5.6188,5.8096,5.6188,5.8096,2128,0
20160318,5.8668,6.2007,5.8096,6.1912,14944,0
20160321,6.1912,6.1912,5.8191,5.9145,3852,0
20160322,5.9145,5.9718,5.9145,5.9145,2019,0
20160323,5.9145,5.9145,5.9145,5.9145,314,0
20160324,5.9718,6.1435,5.9718,6.1435,2676,0
20160329,6.1339,6.1339,6.1339,6.1339,195,0
20160330,6.0099,6.0099,6.0099,6.0099,498,0
20160331,6.0099,6.0576,6.0099,6.0099,980,0
20160401,5.9527,5.9527,5.905,5.905,2209,0
20160405,5.8191,5.9241,5.7905,5.9241,2369,0
20160406,5.8668,5.8668,5.8668,5.8668,3,0
20160411,5.8764,5.8764,5.8764,5.8764,253,0
20160412,5.7619,5.7619,5.6283,5.6283,1775,0
20160413,5.6379,5.8287,5.6379,5.8287,688,0
20160414,5.8191,6.2007,5.8191,6.2007,9612,0
20160415,6.2007,6.8113,6.2007,6.8017,10900,0
20160418,6.8017,7.3455,6.8017,7.3455,9608,0
20160419,7.4027,8.1086,7.4027,7.9083,4700,0
20160420,7.9083,7.9083,7.6317,7.7271,6025,0
20160421,7.7271,7.7271,7.7271,7.7271,461,0
20160422,7.4027,7.6221,7.4027,7.6221,1057,0
20160426,7.4313,7.6126,7.4313,7.4313,469,0
20160427,7.3455,7.3455,7.3455,7.3455,477,0
20160429,7.2501,7.3455,7.2501,7.3455,1630,0
20160504,7.2978,7.2978,7.107,7.107,466,0
20160505,7.107,7.4409,7.107,7.4409,797,0
20160506,7.4504,7.4504,7.3073,7.3073,304,0
20160509,7.4027,7.4886,7.3168,7.4886,9771,0
20160517,7.4886,7.4886,7.2501,7.2501,262,0
20160518,7.4409,7.4886,7.4409,7.4886,469,0
20160519,7.4886,7.4886,7.3455,7.3455,432,0
20160520,7.4886,7.584,7.4886,7.584,1324,0
20160523,7.6317,7.6317,7.6317,7.6317,52,0
20160524,7.6221,7.6317,7.6221,7.6317,262,0
20160525,7.7461,7.7461,7.7461,7.7461,10,0
20160531,7.7271,7.7271,7.7271,7.7271,10,0
20160601,7.6317,7.6317,7.3932,7.3932,561,0
20160602,7.2787,7.2787,7.2501,7.2501,1061,0
20160603,7.355,7.355,7.355,7.355,16,0
20160607,7.355,7.4981,7.355,7.4981,577,0
20160608,7.5267,7.5267,7.1928,7.1928,1114,0
20160609,7.2978,7.4409,7.2978,7.4409,267,0
20160610,7.2978,7.2978,7.0974,7.0974,166,0
20160613,7.0974,7.0974,7.0974,7.0974,1087,0
20160615,6.7731,6.7731,6.7731,6.7731,524,0
20160616,6.9925,6.9925,6.9925,6.9925,1183,0
20160623,7.05928,7.05928,7.05928,7.05928,147,0
20160624,6.77309,6.86849,6.32473,6.63,3348,0
20160628,6.68724,6.68724,6.63,6.63,3488,0
20160629,6.63,6.63,6.63,6.63,10,0
20160706,6.72,6.72,6.72,6.72,127,0
20160707,6.7,6.7,6.7,6.7,250,0
20160713,6.72,7.05,6.72,7.05,6530,0
20160714,7.34,7.34,7.18,7.18,1250,0
20160715,7.34,7.69,7.21,7.21,10548,0
20160718,7.21,7.21,7.21,7.21,100,0
20160721,7.21,7.21,7.21,7.21,250,0
20160722,7.21,7.21,7.21,7.21,250,0
20160726,7.4,7.4,7.4,7.4,150,0
20160728,7.21,7.21,7.1,7.1,1967,0
20160729,7.26,7.26,6.99,6.99,281,0
20160803,6.99,7.04,6.99,7.04,1326,0
20160805,7.08,7.08,7.08,7.08,1103,0
20160817,7.25,7.25,7.25,7.25,200,0
20160818,7.3,7.3,7.3,7.3,200,0
20160819,7.4,7.4,7.4,7.4,302,0
20160825,7.35,7.35,7.35,7.35,50,0
20160829,7.34,7.34,7.15,7.15,2694,0
20160830,7.15,7.15,7.15,7.15,50,0
20160902,6.9,6.9,6.86,6.86,450,0
20160905,6.86,6.86,6.51,6.76,1440,0
20160906,6.51,6.51,6.51,6.51,291,0
20160907,6.6,6.78,6.6,6.78,1161,0
20160908,6.6,6.82,6.56,6.82,801,0
20160912,6.51,6.51,6.51,6.51,226,0
20160913,6.82,6.82,6.82,6.82,1,0
20160914,6.53,6.53,6.53,6.53,100,0
20160919,6.53,6.53,6.53,6.53,200,0
20160920,6.52,6.52,6.52,6.52,153,0
20160922,6.52,6.52,6.51,6.51,90,0
20160926,6.51,6.51,6.51,6.51,249,0
20160929,6.72,6.72,6.72,6.72,300,0
20161007,6.71,6.71,6.71,6.71,500,0
20161011,6.45,6.45,6.41,6.41,300,0
20161013,6.5,6.5,6.5,6.5,100,0
20161014,6.61,6.61,6.61,6.61,1150,0
20161017,6.67,6.67,6.67,6.67,1160,0
20161019,6.93,7.06,6.93,7.06,2200,0
20161021,7.16,7.16,7.16,7.16,1100,0
20161024,7.15,8.5,7.15,8.45,15943,0
20161025,8.6,8.63,7.74,8.01,2473,0
20161026,8.41,8.95,7.57,7.85,4295,0
20161027,8,8,7.72,7.72,561,0
20161028,7.65,7.65,7.45,7.45,585,0
20161031,7.38,7.38,7.38,7.38,150,0
20161107,7.14,7.14,7.11,7.11,1016,0
