Date,Open,High,Low,Close,Volume,OpenInt
20080418,29.014,29.564,27.963,29.517,291883,0
20080421,29.427,29.427,28.83,29.289,73473,0
20080422,29.261,29.472,28.741,29.014,130080,0
20080423,29.014,29.363,29.014,29.024,114211,0
20080424,28.84,29.243,28.84,29.151,50761,0
20080425,28.83,29.234,28.83,29.161,2920,0
20080428,29.198,29.289,28.886,29.106,12082,0
20080429,28.923,29.453,28.905,29.408,69343,0
20080430,29.289,29.289,28.83,28.84,929,0
20080505,28.859,29.087,28.83,29.06,215,0
20080506,28.83,28.905,28.373,28.83,49125,0
20080507,28.905,28.95,27.55,28.823,863,0
20080508,28.813,28.823,27.687,28.795,384,0
20080509,28.813,28.923,28.556,28.83,4773,0
20080512,26.543,28.913,26.543,28.913,1328,0
20080513,28.905,28.905,28.373,28.373,450,0
20080514,27.458,28.83,27.458,28.83,4713,0
20080515,28.83,29.462,28.83,29.398,24913,0
20080516,27.476,27.476,23.889,24.851,13749,0
20080519,22.974,23.339,21.967,22.599,8742,0
20080520,23.156,25.353,23.139,24.712,1481,0
20080521,24.712,27.184,23.797,26.443,1540,0
20080523,26.268,26.268,23.98,26.268,184,0
20080526,23.889,26.259,23.852,23.916,347,0
20080527,26.186,26.186,23.98,25.93,202,0
20080528,24.081,25.61,24.081,24.254,229,0
20080529,25.857,25.902,23.898,24.676,1075,0
20080530,24.41,24.41,23.66,24.384,191,0
20080602,24.21,24.21,22.424,24.127,282,0
20080603,24.301,24.301,24.301,24.301,1,0
20080604,24.347,24.347,23.066,23.797,1342,0
20080605,24.347,24.347,21.912,23.788,847,0
20080606,23.605,23.706,22.195,23.688,211,0
20080609,22.781,22.781,21.509,22.698,179,0
20080610,24.53,24.53,22.424,23.203,1308,0
20080611,23.322,23.322,21.518,21.518,218,0
20080612,21.967,23.98,21.546,21.555,817,0
20080613,23.688,23.688,21.509,22.745,166,0
20080616,23.66,23.66,23.66,23.66,1,0
20080617,23.596,23.596,21.6,23.422,3265,0
20080618,23.679,23.679,21.738,23.605,23,0
20080619,23.651,23.651,21.6,22.69,185,0
20080620,23.614,23.614,21.6,23.111,447,0
20080623,23.524,23.524,20.502,21.234,1055,0
20080624,22.835,22.835,18.855,18.855,365,0
20080625,22.745,22.791,19.276,20.822,556,0
20080626,21.05,21.05,18.361,19.221,7219,0
20080627,20.584,20.584,18.305,18.443,12144,0
20080630,20.502,20.502,17.756,19.404,730,0
20080701,19.221,19.221,18.059,18.122,819,0
20080702,17.666,18.397,17.298,17.298,3998,0
20080703,17.345,19.028,15.925,16.833,585,0
20080704,16.932,16.932,15.925,16.201,642,0
20080707,16.474,16.474,14.837,14.837,1250,0
20080708,14.965,14.965,13.473,13.729,2688,0
20080709,14.004,14.69,13.729,14.69,5361,0
20080710,14.049,14.599,13.271,14.552,2857,0
20080711,14.737,14.737,14.095,14.187,1273,0
20080714,14.737,15.102,14.095,14.737,2285,0
20080715,13.729,13.729,13.674,13.729,109813,0
20080716,13.82,13.82,13.271,13.271,494,0
20080717,13.353,14.187,13.271,14.187,1075,0
20080718,14.369,14.369,13.729,14.177,549,0
20080721,13.757,14.187,13.546,14.187,554,0
20080722,14.369,14.369,13.729,14.187,714,0
20080723,13.729,14.177,13.729,13.729,697,0
20080724,13.72,13.958,13.318,13.729,1025,0
20080725,13.089,13.729,13.089,13.097,151,0
20080728,13.455,13.455,12.997,12.997,895,0
20080729,12.814,12.997,12.814,12.997,298,0
20080730,13.271,14.095,13.271,13.455,4929,0
20080731,13.729,14.004,13.408,14.004,843,0
20080801,14.278,14.278,13.729,13.729,548,0
20080804,16.932,16.932,13.446,13.446,10168,0
20080805,13.465,13.729,12.814,12.814,45436,0
20080806,12.731,13.408,12.584,12.632,3365,0
20080807,13.089,13.089,12.311,12.311,1725,0
20080808,12.128,13.007,12.128,13.007,2021,0
20080811,13.271,13.271,13.007,13.007,1294,0
20080812,13.007,13.007,12.814,12.814,912,0
20080813,12.814,12.877,12.721,12.877,38516,0
20080814,12.696,13.061,12.686,12.686,903,0
20080818,12.677,12.997,11.936,12.447,29050,0
20080819,12.264,12.264,12,12,773,0
20080820,12,12.393,11.825,12.393,888,0
20080821,12.493,12.493,11.991,12.493,160,0
20080822,12.584,12.584,11.898,12.064,1592,0
20080825,11.944,11.944,11.313,11.716,29566,0
20080826,11.697,11.697,11.341,11.341,823,0
20080827,11.533,11.533,11.12,11.129,437,0
20080828,11.002,11.533,11.002,11.523,84607,0
20080829,11.533,11.533,10.983,10.992,12454,0
20080901,11.533,11.533,10.992,11.533,1377,0
20080902,10.992,11.533,10.992,11.533,100,0
20080903,11.523,12.356,11.523,11.533,7985,0
20080904,11.844,12.311,11.533,11.533,2606,0
20080905,11.844,11.844,11.167,11.844,100,0
20080908,11.807,12.165,11.78,12.165,5767,0
20080909,11.908,12.447,11.898,12.356,2682,0
20080910,11.734,12.082,11.734,12.082,101,0
20080911,12.264,12.264,11.624,11.624,1557,0
20080912,11.431,11.624,11.431,11.624,455,0
20080915,11.12,11.12,10.983,10.983,13100,0
20080916,10.526,10.873,10.434,10.873,1587,0
20080917,10.526,10.526,10.087,10.526,6474,0
20080918,10.572,10.572,10.526,10.572,438,0
20080919,10.755,10.755,10.735,10.735,723,0
20080922,10.983,10.983,10.434,10.983,415,0
20080923,10.434,10.434,10.261,10.434,875,0
20080924,10.261,10.617,10.261,10.572,6663,0
20080925,10.251,10.617,10.251,10.617,426,0
20080926,10.351,10.709,10.351,10.617,2420,0
20080929,10.343,10.343,9.546,9.556,94070,0
20080930,9.1806,9.518,9.1527,9.3629,2169,0
20081001,9.793,9.793,9.1527,9.793,7892,0
20081002,10.023,10.023,9.61,9.61,790,0
20081003,9.976,9.976,9.3362,9.93,54,0
20081006,9.4279,10.013,9.4279,9.93,10967,0
20081007,9.61,10.013,9.1623,9.3362,1038,0
20081008,9.518,9.518,8.567,8.9697,1419,0
20081009,9.793,9.793,8.6951,8.8874,503,0
20081010,8.9697,8.9697,7.3222,7.3222,22785,0
20081013,7.6883,8.0453,7.4138,7.4229,1471,0
20081014,7.7341,8.5029,7.7341,8.0453,5161,0
20081015,7.9629,8.2284,7.7341,8.1826,827,0
20081016,8.2009,8.2009,7.7799,8.1917,645,0
20081017,8.1826,8.1826,7.5053,8.027,2105,0
20081020,8.2284,8.7867,8.2284,8.4115,14738,0
20081021,8.5945,8.5945,7.8714,8.5762,1581,0
20081022,7.8623,8.21,7.7799,8.0635,1128,0
20081023,8.5945,8.5945,7.3314,7.6883,2207,0
20081024,7.3314,7.7799,7.2856,7.7799,1031,0
20081027,7.2399,7.6701,6.4069,6.4069,2351,0
20081028,6.9561,7.2307,6.2605,7.2216,25089,0
20081029,7.8714,7.8714,6.5535,7.2673,2589,0
20081030,7.9629,7.9629,6.8737,7.4138,2705,0
20081031,7.5876,7.5876,6.6816,7.0477,2666,0
20081103,7.6792,7.6792,6.9012,7.0477,495,0
20081104,6.6816,7.2216,6.6816,6.9561,3815,0
20081105,7.0294,7.0477,6.6907,6.7273,2766,0
20081106,7.0934,7.0934,6.6816,6.947,24604,0
20081107,6.9561,6.9561,6.4344,6.9378,1179,0
20081110,7.3222,7.3222,6.773,7.2307,453,0
20081112,6.8646,7.2307,6.8646,7.1759,922,0
20081113,7.5053,7.5053,7.0934,7.1118,638,0
20081114,7.1392,7.1392,6.6816,7.1392,242,0
20081117,6.8646,6.8646,6.8646,6.8646,2185,0
20081118,7.0477,7.0477,6.8646,6.8646,1227,0
20081119,7.1118,7.1118,6.773,7.1118,166,0
20081120,6.8646,7.1118,6.8646,7.1118,148,0
20081121,6.6816,6.9927,6.4069,6.9927,1275,0
20081124,6.9927,6.9927,6.8646,6.947,17911,0
20081125,6.773,6.9561,6.4344,6.9378,5369,0
20081126,6.9561,6.9836,6.773,6.9836,1417,0
20081127,6.4344,6.9927,6.4344,6.8646,2729,0
20081128,6.9927,6.9927,6.9927,6.9927,91,0
20081201,7.7799,7.7799,6.4527,7.2125,1094,0
20081202,6.5076,7.313,6.5076,6.8371,5546,0
20081203,7.313,7.313,6.5442,7.2033,27370,0
20081204,7.1299,7.1299,6.6816,7.0569,650,0
20081205,6.773,6.9561,6.5992,6.5992,928,0
20081208,6.8737,6.883,6.5992,6.6176,1474,0
20081209,6.8646,6.8646,6.5901,6.6176,799,0
20081210,7.1299,7.1299,6.5076,6.6176,5844,0
20081211,6.416,6.6176,6.4069,6.6176,3076,0
20081212,6.416,6.6084,6.2697,6.5167,1193,0
20081215,6.3978,6.4985,5.9678,6.4985,7653,0
20081216,6.773,6.773,6.5901,6.7273,5519,0
20081217,6.7273,6.7273,6.7181,6.7181,320,0
20081218,6.4985,6.4985,6.0866,6.4894,4156,0
20081219,6.4069,6.4069,5.986,6.4069,1407,0
20081222,6.1782,6.1782,5.9768,6.0866,11109,0
20081223,6.0866,6.0866,5.9493,6.0866,1812,0
20081229,6.7549,6.7549,5.9493,5.9493,939,0
20081230,6.5442,6.5442,5.812,6.1049,10911,0
20081231,5.9493,6.8464,5.9493,6.8464,8359,0
20090105,6.8464,6.8464,6.416,6.7273,561,0
20090106,6.7181,6.7181,6.4069,6.4069,2934,0
20090107,6.2239,6.2697,5.9493,5.9493,3911,0
20090108,5.812,6.3519,5.812,5.8852,601271,0
20090109,6.3887,6.3887,5.8852,6.2697,4214,0
20090112,6.1325,6.2972,5.6473,6.2789,666,0
20090113,5.6931,5.995,5.6564,5.812,2721,0
20090114,6.2055,6.2055,5.6015,5.8486,3078,0
20090115,5.986,5.986,5.7662,5.9493,3150,0
20090116,6.2239,6.3154,5.9493,6.3154,2920,0
20090119,6.2239,6.2239,5.9584,6.2055,617,0
20090120,6.3154,6.3154,6.2239,6.2239,242,0
20090121,5.9493,6.2972,5.9493,6.1325,982,0
20090122,6.3154,6.3154,5.995,6.2972,972,0
20090123,6.8464,6.8464,5.9768,6.6358,6307,0
20090126,6.7456,6.7456,6.7456,6.7456,3,0
20090128,6.709,6.709,6.709,6.709,148,0
20090129,6.709,7.3222,6.709,6.828,3026,0
20090130,6.8646,7.304,6.4069,6.4069,8239,0
20090202,6.4069,6.4069,6.3978,6.3978,130,0
20090203,5.9678,6.3978,5.9678,6.3247,306,0
20090204,7.304,7.304,5.867,5.867,3331,0
20090205,6.4069,6.4069,5.6931,6.2147,85302,0
20090206,5.7296,6.6084,5.6749,5.7662,23153,0
20090209,6.0866,6.3154,5.9678,5.9678,5463,0
20090210,6.4985,6.4985,5.995,6.0408,737,0
20090211,6.0043,6.4985,5.995,6.4985,650,0
20090212,6.0318,6.4619,5.9493,5.9493,7385,0
20090213,6.4985,6.4985,5.9493,6.3519,1516,0
20090216,6.2239,6.2697,5.9493,6.0408,3215,0
20090217,5.995,6.4985,5.9493,6.1325,24468,0
20090218,6.4985,6.4985,6.0408,6.3154,12230,0
20090219,6.0408,6.4985,6.0408,6.4985,798,0
20090220,6.1325,6.4527,6.1325,6.4527,123,0
20090223,6.4436,6.4436,6.2239,6.2239,3862,0
20090224,6.1325,6.4527,6.1325,6.4527,5511,0
20090225,6.4436,6.4436,6.1325,6.4436,4237,0
20090227,6.3612,6.3612,5.9493,6.2239,723,0
20090302,5.9493,6.3612,5.8578,6.2239,1603,0
20090303,6.1325,6.3519,6.1325,6.3519,2368,0
20090304,6.3519,6.4527,6.3154,6.4527,3748,0
20090305,6.4985,6.5901,6.1325,6.1782,83348,0
20090306,6.5718,6.5718,6.5718,6.5718,1,0
20090310,6.3154,6.5351,6.3154,6.5351,2929,0
20090311,6.526,6.8554,6.526,6.8554,5712,0
20090312,7.2216,7.2216,6.9104,6.9104,2,0
20090313,6.8646,7.2125,6.8646,6.8646,109289,0
20090316,6.8554,7.0477,6.8554,7.0477,72313,0
20090317,6.5442,7.1392,6.5442,7.1392,7030,0
20090318,7.1392,7.304,6.6999,7.2765,2482,0
20090319,7.8714,7.8714,7.1575,7.5876,1749,0
20090320,7.5053,7.8714,7.5053,7.5968,2889,0
20090323,8.027,9.857,7.7799,8.384,6644,0
20090324,8.7409,8.7867,8.1917,8.1917,31974,0
20090325,8.329,8.4206,8.2375,8.4206,18878,0
20090326,8.2467,8.4206,8.2467,8.4206,431,0
20090327,8.5121,8.5121,8.329,8.5121,2399,0
20090330,8.6951,8.6951,8.2375,8.2375,7235,0
20090331,8.329,8.6585,8.329,8.4206,1566,0
20090401,8.4206,8.4206,8.4115,8.4206,135,0
20090402,8.9697,8.9697,8.9697,8.9697,1093,0
20090403,8.9697,8.9697,8.146,8.8691,29162,0
20090406,9.61,9.61,8.5213,8.622,903,0
20090407,8.9697,8.9697,8.5121,8.9606,278,0
20090408,8.7776,8.7776,8.7776,8.7776,131,0
20090409,8.7776,8.9697,8.329,8.9697,11639,0
20090414,8.9697,9.2905,8.8783,8.9697,6673,0
20090415,9.0613,9.51,8.6036,8.8783,9632,0
20090416,9.556,9.556,9.4092,9.4092,119,0
20090417,8.9697,9.1071,8.6951,8.9697,6523,0
20090420,8.6951,8.9697,8.6036,8.9697,5740,0
20090421,8.2375,8.6951,8.2375,8.6951,22179,0
20090422,9.1345,9.1345,8.6677,8.6951,1276,0
20090424,8.6036,8.6036,8.6036,8.6036,142033,0
20090429,8.6951,8.6951,8.6036,8.6951,11264,0
20090430,9.0156,9.518,8.5121,9.518,45441,0
20090504,9.793,9.793,9.1527,9.748,11368,0
20090505,9.693,9.693,9.693,9.693,5462,0
20090506,9.738,9.867,9.1527,9.61,76783,0
20090507,9.656,9.876,9.61,9.867,6317,0
20090508,8.9514,9.876,8.9514,9.857,5737,0
20090511,9.876,9.876,9.1623,9.876,1208,0
20090512,9.876,9.876,9.61,9.867,3488,0
20090513,9.857,9.857,9.857,9.857,55,0
20090514,9.3551,10.069,9.1161,10.069,18777,0
20090515,9.2074,10.013,9.1527,9.867,1582,0
20090518,10.105,11.879,9.4368,11.879,14056,0
20090519,11.616,11.616,10.809,10.983,2394,0
20090520,11.075,11.075,10.087,10.691,688,0
20090521,10.974,11.487,9.886,10.526,4691,0
20090522,10.343,10.343,9.711,10.059,136842,0
20090525,10.049,10.049,9.565,9.959,4217,0
20090526,9.95,9.95,9.886,9.95,3552,0
20090527,10.224,10.224,9.886,9.886,5780,0
20090528,10.206,10.206,9.967,9.967,11109,0
20090529,10.462,10.983,9.684,10.983,22151,0
20090601,11.075,12.082,10.965,12.082,18005,0
20090602,11.441,11.898,10.983,11.396,11598,0
20090603,11.807,11.807,10.983,11.158,5186,0
20090604,10.617,11.386,10.617,11.386,2832,0
20090605,11.431,11.431,10.892,10.901,3029,0
20090608,11.431,11.431,10.892,11.258,610,0
20090609,11.002,11.349,11.002,11.349,3430,0
20090610,10.965,11.322,10.947,11.322,6466,0
20090612,10.929,11.331,10.818,11.331,5933,0
20090615,10.983,11.423,10.983,11.423,372,0
20090616,10.818,11.898,10.818,11.898,3815,0
20090617,11.46,11.46,11.002,11.349,6143,0
20090618,10.892,11.322,10.828,11.258,4324,0
20090619,11.149,11.716,10.892,11.716,7999,0
20090622,11.716,11.716,10.983,11.716,5634,0
20090623,10.992,11.898,10.992,11.898,3862,0
20090624,11.872,12.072,11.807,12.072,2841,0
20090625,12.072,12.356,11.441,12.356,2744,0
20090626,12.658,12.658,12.549,12.549,273,0
20090629,11.889,12.584,11.889,11.898,1423,0
20090630,12.346,12.346,11.761,11.991,12803,0
20090701,11.304,12.264,11.304,11.991,22875,0
20090702,12.256,12.256,11.898,11.991,1422,0
20090703,11.991,11.991,11.972,11.991,3933,0
20090706,11.991,11.991,11.606,11.898,2907,0
20090707,11.898,12.814,11.716,11.991,15242,0
20090708,11.863,11.898,11.863,11.898,5578,0
20090709,11.624,11.898,11.624,11.898,824,0
20090710,12.346,12.346,12.229,12.229,84,0
20090714,12.283,12.283,11.624,12.256,1236,0
20090715,12.219,12.256,12.165,12.174,2088,0
20090716,12.174,12.174,12.174,12.174,538,0
20090717,11.807,11.898,11.441,11.441,6667,0
20090720,11.441,11.441,11.258,11.441,2154,0
20090721,11.441,11.441,10.983,11.441,24725,0
20090722,11.616,11.616,11.075,11.258,637,0
20090723,11.258,11.606,11.258,11.606,1171,0
20090724,11.578,11.879,10.983,11.423,1533,0
20090727,10.755,11.158,10.617,10.8,5450,0
20090728,11.423,11.423,10.8,11.03,1917,0
20090729,11.047,11.075,11.047,11.075,1585,0
20090730,11.377,11.377,10.8,11.12,89303,0
20090731,11.075,11.075,10.818,11.066,3846,0
20090803,11.075,11.075,10.818,10.818,3714,0
20090804,10.818,10.937,10.297,10.562,5737,0
20090805,10.8,10.8,10.251,10.489,2055,0
20090806,10.434,10.434,10.023,10.159,22643,0
20090807,10.791,10.791,10.087,10.709,2204,0
20090810,11.002,11.377,10.709,10.774,113817,0
20090811,10.847,11.396,10.343,10.617,4485,0
20090812,10.388,10.791,10.388,10.791,554,0
20090813,10.782,10.782,10.351,10.608,2832,0
20090814,11.02,11.02,10.343,10.434,5609,0
20090817,10.343,10.416,10.077,10.196,5469,0
20090818,10.424,10.424,10.069,10.251,3800,0
20090819,10.434,10.434,9.976,10.031,7860,0
20090820,10.215,10.215,9.976,10.059,9699,0
20090821,10.095,10.434,10.023,10.251,166251,0
20090824,10.37,10.791,10.37,10.572,8718,0
20090825,10.791,10.8,10.536,10.617,2886,0
20090826,10.572,10.572,10.069,10.343,25067,0
20090827,10.572,10.572,10.251,10.251,4250,0
20090828,10.434,10.526,10.388,10.434,2765,0
20090831,10.434,10.434,10.343,10.388,1689,0
20090901,10.709,10.992,10.087,10.8,16627,0
20090902,10.929,10.929,9.986,10.206,8559,0
20090903,10.27,10.617,10.069,10.069,4060,0
20090904,10.572,10.617,10.178,10.526,637,0
20090907,10.709,10.709,10.343,10.343,4923,0
20090908,10.004,10.242,9.629,9.921,14541,0
20090909,10.242,10.242,9.518,9.876,5489,0
20090910,9.876,9.876,9.2535,9.2817,10687,0
20090911,9.2438,9.565,8.8324,9.1527,14162,0
20090914,9.4191,9.4191,8.8783,9.3079,8059,0
20090915,9.1442,9.1442,8.8965,9.1249,35233,0
20090916,9.3079,9.536,9.1345,9.1345,7570,0
20090917,9.1527,9.1989,9.1527,9.1806,17776,0
20090918,9.4279,9.4279,9.0247,9.0247,23001,0
20090921,9.3994,9.3994,9.0613,9.1442,16452,0
20090922,9.1527,9.518,9.1527,9.518,7727,0
20090923,10.142,10.142,9.518,9.793,134451,0
20090924,9.793,9.93,9.61,9.903,3495,0
20090925,9.886,10.159,9.629,10.159,7972,0
20090928,9.976,10.159,9.976,10.159,3005,0
20090929,10.479,11.341,10.069,10.069,58296,0
20090930,10.206,10.526,9.702,10.159,34947,0
20091001,10.343,10.343,10.343,10.343,1,0
20091002,10.159,10.434,9.976,10.434,7014,0
20091005,10.343,11.12,10.343,10.974,23882,0
20091006,11.167,11.697,11.12,11.533,20489,0
20091007,11.789,11.789,11.386,11.386,14422,0
20091008,11.386,11.707,11.386,11.707,6487,0
20091009,11.716,12.346,11.716,12.346,20216,0
20091012,12.256,12.677,11.386,12.575,15276,0
20091013,12.356,12.623,12.165,12.584,17053,0
20091014,12.632,13.089,11.944,12.905,67582,0
20091015,12.814,12.814,12.54,12.714,7013,0
20091016,12.796,12.814,12.54,12.559,9818,0
20091019,12.559,12.559,11.898,12.521,2325,0
20091020,12.559,12.623,12.092,12.623,4189,0
20091021,12.632,12.677,12.155,12.447,5388,0
20091022,12.256,12.804,11.898,12.804,4866,0
20091023,12.796,12.796,12.064,12.447,4469,0
20091026,12.632,12.632,12.447,12.447,393,0
20091027,11.807,12.613,11.807,12.613,2903,0
20091028,12.632,12.677,11.952,12.677,2612,0
20091029,12.356,12.594,11.936,12.594,2645,0
20091030,12.594,12.594,11.844,12.447,1803,0
20091102,12.403,12.768,12.082,12.447,939,0
20091103,12.54,12.54,11.944,12.447,1318,0
20091104,12.632,12.814,12.174,12.814,8501,0
20091105,12.356,12.814,12.356,12.632,379917,0
20091106,12.814,12.814,12.302,12.632,5447,0
20091109,12.814,13.664,12.658,12.75,122950,0
20091110,13.089,13.271,13.042,13.089,39711,0
20091112,13.309,13.546,12.375,13.546,169025,0
20091113,13.638,13.638,13.134,13.537,2330,0
20091116,13.18,13.629,13.024,13.107,35901,0
20091117,13.436,13.436,13.097,13.372,7788,0
20091118,13.271,13.391,13.107,13.391,4311,0
20091119,13.436,13.436,13.107,13.426,659993,0
20091120,13.125,13.382,13.107,13.344,1536,0
20091123,13.327,13.344,12.814,13.089,829,0
20091124,12.915,13.089,12.493,13.089,5064,0
20091125,12.814,13.271,12.632,13.271,94736,0
20091126,13.372,13.426,13.144,13.426,2350,0
20091127,12.814,13.318,12.814,13.318,3181,0
20091130,12.905,13.426,12.905,13.426,7932,0
20091201,13.5,13.5,13.18,13.418,4144,0
20091202,13.198,13.426,13.198,13.426,5794,0
20091203,13.426,13.426,13.208,13.401,5021,0
20091204,13.401,13.401,13.271,13.401,15944,0
20091207,13.198,13.408,13.198,13.363,197755,0
20091208,13.408,13.546,13.363,13.5,9621,0
20091209,13.28,13.601,13.28,13.601,1845,0
20091210,13.299,13.72,13.299,13.72,24289,0
20091211,13.729,14.416,13.729,14.369,3975,0
20091214,14.416,15.248,14.324,14.69,18212,0
20091215,14.196,14.993,14.196,14.645,423,0
20091216,15.093,15.093,14.205,14.645,7833,0
20091217,14.187,14.645,14.187,14.645,3875,0
20091218,14.04,14.645,14.04,14.369,3618,0
20091221,14.369,15.148,14.232,14.645,59353,0
20091222,14.196,14.645,14.196,14.645,84633,0
20091223,14.205,14.956,14.205,14.737,3138,0
20091228,15.102,15.102,14.562,15.102,2920,0
20091229,14.773,14.965,14.773,14.782,2568,0
20091230,14.754,14.754,14.416,14.744,2550,0
20091231,14.708,14.819,14.498,14.801,41333,0
20100104,15.542,15.542,14.827,15.404,6923,0
20100105,15.56,15.705,14.92,14.92,11022,0
20100106,14.92,15.423,14.846,14.855,2773,0
20100107,14.92,14.92,14.809,14.809,2106,0
20100108,14.122,14.91,14.122,14.763,2044,0
20100111,14.379,14.91,14.379,14.645,4562,0
20100112,14.645,14.91,14.552,14.91,5138,0
20100113,14.645,14.791,14.022,14.654,103638,0
20100114,14.69,14.819,14.645,14.645,7530,0
20100115,14.975,14.975,14.645,14.645,11421,0
20100118,14.801,14.983,14.645,14.846,45405,0
20100119,15.368,15.368,14.654,15.35,13705,0
20100120,15.35,15.368,14.873,15.34,1129,0
20100121,14.737,15.267,14.737,14.91,1057,0
20100122,15.065,15.065,14.516,14.526,1064,0
20100125,13.271,13.995,13.226,13.894,10441,0
20100126,13.418,13.912,13.299,13.876,6005,0
20100127,13.382,13.84,13.382,13.84,2835,0
20100128,13.729,13.921,13.556,13.703,1773,0
20100129,13.638,13.958,13.61,13.647,1550,0
20100201,13.61,13.976,13.601,13.967,70510,0
20100202,13.546,13.976,13.473,13.866,1449,0
20100203,13.647,14.278,13.647,14.278,1574,0
20100204,14.617,14.617,13.683,14.187,524,0
20100205,13.738,14.443,13.401,13.729,1711,0
20100208,14.369,14.369,13.465,13.729,2544,0
20100209,13.82,13.82,13.318,13.729,15226,0
20100210,13.418,13.729,13.418,13.729,5479,0
20100211,14.462,14.462,13.546,13.729,2483,0
20100212,13.546,14.389,13.519,13.912,454,0
20100215,14.333,14.333,13.473,13.683,1498,0
20100216,13.546,14.324,13.546,14.324,867,0
20100217,14.095,14.443,14.095,14.443,164215,0
20100218,13.866,14.433,13.866,13.912,324,0
20100219,13.766,14.425,13.766,13.912,232,0
20100222,13.912,14.433,13.912,14.416,1094,0
20100223,14.369,14.645,13.931,14.645,3431,0
20100224,14.278,14.801,14.278,14.782,707,0
20100225,14.379,14.727,14.379,14.462,831,0
20100226,14.187,14.36,13.776,13.866,142399,0
20100301,13.866,14.077,13.866,14.077,762,0
20100302,13.866,14.077,13.866,13.876,536,0
20100303,13.876,14.343,13.866,14.343,1214,0
20100304,13.747,14.324,13.738,14.324,1490,0
20100305,13.876,14.315,13.876,14.004,2943,0
20100308,13.894,14.177,13.885,13.958,23110,0
20100309,13.766,13.958,13.766,13.958,331,0
20100310,13.793,14.049,13.793,14.049,752,0
20100311,13.866,14.049,13.848,14.049,2454,0
20100312,13.866,14.049,13.866,14.049,773,0
20100315,13.84,14.801,13.84,14.599,12612,0
20100316,13.912,15.239,13.912,15.093,3321,0
20100317,15.496,15.496,14.471,15.459,9349,0
20100318,14.892,15.376,14.837,15.376,1546,0
20100319,14.791,15.331,14.791,15.331,130,0
20100322,14.827,15.083,14.791,15.083,527,0
20100323,15.083,15.083,14.416,14.416,887,0
20100324,14.278,14.672,14.278,14.672,466,0
20100325,14.315,15.221,14.306,15.221,659,0
20100326,14.369,14.645,14.324,14.369,6796,0
20100329,14.278,14.278,14.242,14.242,1475,0
20100330,14.278,14.278,13.82,13.995,5844,0
20100331,13.729,13.866,13.729,13.858,5519,0
20100401,13.858,14.122,13.729,14.122,673,0
20100406,14.122,14.122,13.757,14.087,491,0
20100407,13.82,14.004,13.82,14.004,6733,0
20100408,13.912,14.022,13.912,14.004,53822,0
20100409,14.625,14.625,14.196,14.471,37524,0
20100412,14.104,14.617,14.104,14.608,13014,0
20100413,14.718,14.737,14.187,14.737,6132,0
20100414,14.242,14.782,14.242,14.782,1287,0
20100415,14.69,14.782,14.488,14.782,1639,0
20100416,14.416,14.773,14.416,14.773,285,0
20100419,14.36,14.737,14.196,14.737,3643,0
20100420,14.654,14.827,14.645,14.827,2396,0
20100421,14.873,14.873,14.645,14.645,563,0
20100422,14.645,14.92,14.645,14.92,17473,0
20100423,14.864,14.864,14.296,14.846,991,0
20100426,14.205,14.873,14.205,14.873,1063,0
20100427,14.873,14.873,14.278,14.873,666,0
20100428,14.562,14.737,14.288,14.737,95609,0
20100429,14.9,14.9,14.9,14.9,1,0
20100430,14.975,15.102,14.9,14.9,981,0
20100504,14.654,14.827,14.654,14.654,538,0
20100505,14.645,14.654,14.379,14.379,1420,0
20100506,14.545,14.545,13.363,13.455,3296,0
20100507,13.876,13.912,13.28,13.912,2747,0
20100510,13.912,14.177,13.912,14.177,1169,0
20100512,14.177,14.177,14.177,14.177,164,0
20100514,13.912,13.958,13.638,13.958,1153,0
20100517,13.289,13.683,12.915,13.089,2040,0
20100518,12.952,13.189,12.814,13.107,25580,0
20100519,13.271,13.271,12.356,12.447,1436,0
20100520,12.566,12.75,12.356,12.356,55062,0
20100521,12.082,12.356,11.898,12.356,78866,0
20100524,12.174,12.174,12.082,12.174,61199,0
20100525,13.134,13.134,11.991,12.759,2134,0
20100526,12.714,13.162,12.714,13.08,589,0
20100527,13.363,13.674,13.08,13.08,2123,0
20100528,13.664,13.664,12.905,13.18,1076,0
20100531,13.18,13.271,13.18,13.271,223,0
20100601,12.814,12.814,12.759,12.814,500,0
20100602,12.814,12.814,12.814,12.814,1364,0
20100604,12.814,12.814,12.814,12.814,697,0
20100607,12.814,12.814,12.814,12.814,245,0
20100608,12.814,12.814,12.447,12.814,2875,0
20100609,12.54,13.866,12.54,13.729,4362,0
20100610,13.729,14.737,13.729,14.552,1475,0
20100611,14.507,14.645,14.187,14.645,2014,0
20100615,13.391,14.452,13.391,14.369,697,0
20100616,14.095,14.369,14.095,14.369,79961,0
20100618,13.491,14.352,13.491,14.352,6,0
20100621,13.565,14.324,13.565,14.324,231,0
20100622,13.408,14.278,13.344,14.278,656,0
20100623,13.198,14.049,13.198,14.049,220,0
20100624,13.226,13.408,13.198,13.408,339,0
20100625,12.905,13.245,12.814,13.18,2866,0
20100628,12.584,13.18,12.584,13.18,122,0
20100629,13.683,13.683,12.366,13.62,548,0
20100630,13.646,13.646,13.646,13.646,99,0
20100702,13.638,13.683,13.638,13.683,765,0
20100705,14.187,14.187,12.648,14.095,133,0
20100706,13.089,13.858,13.032,13.858,1240,0
20100707,13.455,13.583,13.089,13.583,1866,0
20100709,13.271,13.271,12.997,12.997,441,0
20100712,13.528,13.528,13.528,13.528,109,0
20100714,13.263,13.263,12.997,13.226,1114,0
20100715,13.042,13.363,13.042,13.363,450,0
20100716,13.061,13.271,13.061,13.271,513,0
20100719,13.061,13.089,12.814,13.089,558,0
20100720,12.814,13.071,12.814,12.814,180,0
20100721,13.042,13.263,12.814,12.814,593,0
20100722,12.74,13.18,12.74,13.18,153,0
20100723,13.318,13.546,13.289,13.455,4649,0
20100726,13.546,13.565,13.465,13.473,874,0
20100727,13.729,13.729,13.28,13.703,205,0
20100728,13.5,13.5,13.5,13.5,318,0
20100729,13.683,13.683,13.519,13.546,468,0
20100730,13.546,13.546,12.997,13.5,102,0
20100802,13.042,13.5,13.042,13.473,555,0
20100803,13.491,13.711,13.144,13.189,1511,0
20100804,13.289,13.592,12.521,13.592,526,0
20100805,13.72,13.72,12.814,13.583,1017,0
20100806,13.72,13.72,13.455,13.455,110,0
20100809,12.869,13.638,12.869,13.638,49,0
20100810,13.629,13.711,12.952,12.952,558,0
20100811,13.683,13.683,12.952,13.537,1095,0
20100812,13.455,13.5,13.353,13.5,342,0
20100813,13.318,13.72,13.318,13.72,1849,0
20100816,13.509,13.72,13.408,13.72,963,0
20100817,13.729,13.858,13.729,13.858,475,0
20100818,13.858,13.858,13.858,13.858,906,0
20100819,13.82,14.122,13.82,13.912,776,0
20100820,14.141,14.16,14.095,14.16,510,0
20100823,14.232,14.552,14.014,14.552,1759,0
20100824,14.571,14.599,14.552,14.552,5339,0
20100825,14.545,14.545,14.187,14.187,142340,0
20100826,14.278,14.278,14.27,14.27,190,0
20100827,14.232,14.232,13.82,14.095,516,0
20100830,14.278,14.965,14.278,14.873,13572,0
20100831,14.873,14.92,14.737,14.873,3603,0
20100901,15.01,15.102,14.754,14.754,2298,0
20100902,15.276,15.834,14.782,15.834,17763,0
20100903,15.651,15.651,15.423,15.56,668,0
20100906,15.744,16.008,15.121,15.194,7573,0
20100907,15.286,15.286,15.286,15.286,508,0
20100908,15.286,15.972,15.121,15.121,1434,0
20100909,15.331,15.642,15.029,15.029,442,0
20100910,15.578,15.578,15.102,15.102,2600,0
20100913,15.56,15.56,15.057,15.514,2541,0
20100914,15.542,15.542,15.093,15.542,964,0
20100915,15.542,15.542,15.359,15.359,205,0
20100916,15.514,15.514,14.737,15.194,8706,0
20100917,15.286,15.286,14.782,15.175,4137,0
20100920,15.514,15.514,14.837,15.468,1089,0
20100921,15.468,15.468,14.782,15.286,564,0
20100922,14.929,15.194,14.782,15.194,605,0
20100923,15.286,15.286,13.82,15.102,1578,0
20100924,14.471,15.102,14.471,15.102,407,0
20100927,14.645,15.057,14.645,14.827,11548,0
20100928,14.645,14.873,14.645,14.827,2427,0
20100929,14.827,15.057,14.827,14.965,487,0
20100930,14.827,14.9,14.827,14.827,14479,0
20101001,14.827,14.9,14.827,14.827,346,0
20101004,14.91,14.91,14.827,14.873,4445,0
20101005,14.873,16.017,14.873,15.834,8607,0
20101006,15.56,15.734,15.386,15.734,154,0
20101007,15.386,15.386,15.368,15.368,423,0
20101008,15.102,15.725,14.645,14.737,2340,0
20101011,14.278,14.9,13.729,14.9,1358,0
20101012,14.141,14.782,14.141,14.737,2541,0
20101013,14.278,14.737,14.278,14.737,771,0
20101014,14.581,15.55,14.552,15.55,558,0
20101015,15.55,15.55,15.55,15.55,84,0
20101018,14.975,15.505,14.654,14.654,1407,0
20101019,14.672,15.376,14.672,15.093,992,0
20101020,14.681,14.956,14.654,14.937,1268,0
20101022,14.058,14.937,14.058,14.937,311,0
20101025,14.379,14.837,14.379,14.827,103,0
20101026,14.416,14.801,14.416,14.744,2013,0
20101027,14.488,14.782,14.488,14.782,2550,0
20101028,14.801,14.819,14.462,14.801,418,0
20101102,14.645,14.827,14.645,14.827,1290,0
20101103,15.423,15.423,14.645,14.7,14046,0
20101104,14.645,15.248,14.645,15.01,2284,0
20101105,14.7,15.184,14.7,15.184,1281,0
20101108,15.441,15.441,14.827,15.368,2206,0
20101109,15.376,15.441,15.102,15.441,907,0
20101110,15.157,16.008,15.112,16.008,4811,0
20101112,15.917,16.008,15.376,16.008,4842,0
20101115,16.017,16.741,16.017,16.658,25919,0
20101116,16.567,16.658,16.017,16.658,2395,0
20101117,16.109,16.567,16.109,16.567,6680,0
20101118,16.457,16.567,16.457,16.474,35392,0
20101119,16.658,16.658,15.597,16.474,1007,0
20101122,16.474,16.567,15.744,16.474,775,0
20101123,16.567,16.567,16.567,16.567,493,0
20101125,16.201,16.521,16.201,16.521,189,0
20101126,16.465,16.658,16.465,16.658,2322,0
20101129,16.611,16.658,16.611,16.658,765,0
20101130,16.658,16.658,16.246,16.649,1192,0
20101201,16.567,16.567,16.567,16.567,16,0
20101202,16.256,16.649,15.578,16.649,12301,0
20101203,16.649,16.649,16.293,16.567,13864,0
20101207,15.615,16.658,15.606,16.658,113492,0
20101208,16.75,16.932,15.925,16.649,298,0
20101209,16.922,16.932,16.474,16.841,486,0
20101210,16.887,16.887,16.841,16.841,7,0
20101213,16.841,16.841,16.75,16.75,680,0
20101214,16.658,16.814,16.567,16.75,1510,0
20101215,16.649,16.814,16.649,16.795,13446,0
20101216,16.658,16.814,16.474,16.814,10864,0
20101217,16.795,16.887,16.795,16.887,1104,0
20101220,16.75,16.795,16.474,16.795,1938,0
20101221,16.795,16.932,16.795,16.932,2429,0
20101222,15.788,17.07,15.788,16.932,1565,0
20101223,16.997,16.997,16.997,16.997,68,0
20101228,17.024,17.088,16.932,17.088,4297,0
20101229,17.09,17.09,17.09,17.09,83,0
20101230,17.044,17.09,17.025,17.09,295,0
20101231,17.109,17.109,17.099,17.099,53,0
20110103,16.201,17.015,16.201,17.015,35,0
20110104,17.015,17.106,16.474,16.915,773,0
20110105,17.024,17.07,16.401,17.07,55942,0
20110107,17.024,17.024,17.024,17.024,87,0
20110110,16.932,18.113,16.932,18.113,4696,0
20110111,18.113,18.938,18.077,18.919,8117,0
20110112,17.583,18.81,17.583,18.736,66,0
20110113,18.305,18.305,17.939,17.939,655,0
20110114,18.305,18.305,17.106,17.106,683,0
20110117,17.537,17.545,17.088,17.545,611,0
20110118,17.545,17.848,17.39,17.848,1599,0
20110119,18.122,18.305,17.848,18.305,2852,0
20110120,18.305,18.561,17.939,18.561,17709,0
20110121,18.561,18.626,18.561,18.626,39,0
20110124,18.397,18.598,17.354,18.598,66056,0
20110125,18.305,18.461,17.857,17.857,16424,0
20110126,17.857,18.305,17.857,18.305,43959,0
20110127,17.491,18.352,17.491,18.352,301,0
20110131,18.294,18.351,18.294,18.351,1172,0
20110201,18.461,18.763,18.461,18.763,1102,0
20110202,18.305,18.58,18.305,18.305,605,0
20110203,18.58,20.136,18.58,20.136,1131,0
20110204,20.136,20.227,19.954,20.126,271,0
20110207,20.594,20.594,18.855,20.502,419,0
20110208,18.489,20.09,18.489,20.09,1638,0
20110209,18.763,20.09,18.535,20.09,3664,0
20110210,18.891,19.221,18.891,18.965,264,0
20110211,18.945,18.945,18.945,18.945,98,0
20110214,18.945,18.945,18.945,18.945,21,0
20110215,18.544,19.221,18.535,18.535,109338,0
20110216,18.535,19.221,18.535,19.221,6316,0
20110217,19.989,19.989,18.763,18.855,690,0
20110218,19.221,19.221,18.81,19.221,568,0
20110221,19.221,19.221,18.763,19.221,95,0
20110222,18.717,19.028,18.479,18.535,370,0
20110223,19.028,19.202,18.315,19.202,642,0
20110224,19.13,19.211,18.59,18.59,125,0
20110225,18.763,18.763,18.406,18.406,397,0
20110228,18.443,18.714,18.443,18.714,172,0
20110301,18.727,18.727,18.626,18.626,40904,0
20110302,18.727,18.727,18.352,18.673,408,0
20110303,18.352,18.673,18.352,18.673,101696,0
20110304,18.673,18.673,16.932,17.135,471,0
20110307,17.116,18.003,17.116,18.003,114,0
20110308,18.022,18.279,17.756,18.279,2565,0
20110309,18.269,18.279,18.269,18.279,602,0
20110310,18.279,18.279,18.279,18.279,196,0
20110311,18.279,18.288,18.279,18.288,123,0
20110314,18.288,18.288,17.491,18.241,143,0
20110315,18.215,18.215,18.196,18.205,314,0
20110316,18.215,18.215,17.399,18.205,265,0
20110318,18.16,18.205,18.16,18.205,328,0
20110321,17.427,18.168,17.354,18.168,1767,0
20110322,17.537,18.095,17.491,18.059,211,0
20110323,18.113,18.113,17.481,17.481,25,0
20110324,17.848,17.848,17.848,17.848,1,0
20110325,17.83,18.113,17.573,17.573,237,0
20110328,17.583,18.104,17.5,18.086,378,0
20110329,17.628,18.067,17.628,18.031,68,0
20110330,18.077,18.59,17.848,17.848,929,0
20110331,18.593,18.593,18.304,18.584,47861,0
20110401,17.857,18.479,17.39,17.417,931,0
20110404,17.436,18.15,17.427,17.986,812,0
20110405,17.446,17.986,17.427,17.977,902,0
20110406,18.104,18.241,17.51,18.241,1339,0
20110407,17.72,18.443,17.72,18.443,11038,0
20110408,18.297,18.297,17.775,18.297,67004,0
20110411,17.775,18.297,17.683,18.288,58,0
20110412,18.279,18.279,17.674,18.259,543,0
20110413,18.259,18.259,17.729,17.729,105,0
20110414,17.857,18.196,17.857,18.168,1171,0
20110415,17.729,18.297,17.729,18.259,969,0
20110418,17.756,18.077,17.738,18.077,23137,0
20110419,18.012,18.012,17.848,17.848,2564,0
20110420,17.756,17.986,17.756,17.83,110215,0
20110421,18.022,18.022,17.683,17.683,112,0
20110426,17.683,17.756,17.399,17.756,59,0
20110427,17.399,17.738,17.39,17.738,26,0
20110428,17.738,17.738,17.738,17.738,47,0
20110502,16.951,17.738,16.951,17.738,242,0
20110504,16.942,17.738,16.942,17.692,124,0
20110505,17.39,17.637,16.969,17.619,273166,0
20110506,16.979,17.61,16.942,17.61,88,0
20110509,17.116,17.455,16.668,17.455,1178,0
20110510,16.668,17.308,15.744,17.153,480,0
20110511,16.465,16.922,15.852,16.201,880,0
20110512,16.649,16.649,16.465,16.474,385,0
20110513,17.062,17.062,16.073,16.878,9,0
20110516,16.08,16.08,15.77,15.77,748,0
20110517,16.356,16.356,15.615,15.615,154,0
20110518,15.56,16.246,15.56,16.246,56,0
20110519,16.055,16.055,16.008,16.008,223,0
20110520,16,16,16,16,240,0
20110523,16.008,16.008,14.763,16,412,0
20110524,15.925,15.99,15.925,15.99,173,0
20110525,15.99,16,15.99,16,361,0
20110526,15.624,15.624,15.148,15.56,1219,0
20110527,15.148,15.148,15.148,15.148,8,0
20110530,15.825,15.825,15.248,15.779,90,0
20110531,15.251,15.783,15.251,15.289,114,0
20110601,15.77,15.77,15.286,15.761,365,0
20110602,15.102,15.744,15.102,15.744,526,0
20110603,15.56,15.77,15.157,15.56,487,0
20110606,16.301,16.301,15.56,15.715,446,0
20110607,16.288,16.288,15.159,15.159,307,0
20110608,15.159,15.55,14.393,15.112,592,0
20110609,16.25,16.25,14.645,15.102,737,0
20110610,15.102,15.97,15.102,15.961,345,0
20110613,15.962,15.962,15.112,15.917,100,0
20110614,15.925,15.925,14.672,15.102,369,0
20110615,14.92,14.92,14.92,14.92,438,0
20110616,14.739,15.102,14.645,14.962,183,0
20110617,14.645,15.056,14.645,15.056,123,0
20110620,15.924,15.924,14.608,15.924,23,0
20110621,14.608,15.102,14.608,15.102,193,0
20110622,14.608,14.906,14.608,14.906,128,0
20110624,14.906,15.55,14.906,15.55,42,0
20110628,14.645,15.56,14.598,15.465,3509,0
20110629,15.999,15.999,15.102,15.102,536,0
20110630,16.195,16.195,14.747,15.102,5627,0
20110701,15.4,15.858,14.337,15.858,22,0
20110704,14.645,15.848,14.645,15.848,13,0
20110705,14.747,15.756,14.747,15.756,230,0
20110707,14.72,15.382,14.187,15.382,797,0
20110711,14.756,14.756,14.756,14.756,46,0
20110712,14.57,15.355,14.468,14.477,4286,0
20110713,14.477,15.027,13.487,14.831,1089,0
20110714,13.823,14.747,13.813,14.747,273,0
20110715,14.094,14.785,14.094,14.785,385,0
20110718,14.739,14.739,13.813,14.739,324,0
20110719,13.58,14.691,13.58,14.691,37,0
20110720,14.364,14.364,13.487,14.327,266,0
20110721,13.497,14.281,13.497,14.272,1061,0
20110722,13.674,14.272,13.674,14.272,34,0
20110726,14.001,14.001,13.823,14.001,265,0
20110727,14.262,14.262,13.813,13.823,304,0
20110728,14.216,14.216,13.655,13.991,1457,0
20110729,14.131,14.131,13.655,13.982,28,0
20110801,14.103,14.103,13.655,13.991,184,0
20110802,14.076,14.076,13.254,13.926,2500,0
20110803,13.346,13.346,12.88,13.048,2758,0
20110804,13.982,13.982,11.947,12.133,2413,0
20110805,11.995,12.125,11.947,11.947,814,0
20110808,10.464,11.93,9.716,9.726,1402,0
20110809,9.708,10.268,9.4279,10.164,3004,0
20110810,10.155,11.014,8.9605,8.9605,7510,0
20110811,10.725,10.725,9.0819,9.194,3230,0
20110812,10.454,10.454,9.613,9.781,10751,0
20110816,9.987,10.454,9.894,10.454,452,0
20110817,10.678,10.678,9.894,10.174,2074,0
20110818,10.006,10.08,9.1192,9.1469,2055,0
20110819,8.6058,9.1469,8.6058,8.8671,2250,0
20110822,9.1469,9.613,9.1469,9.613,1479,0
20110823,9.3342,9.3342,9.1469,9.1469,535,0
20110824,10.052,10.566,8.8765,8.8765,11748,0
20110825,8.6992,9.3342,8.6152,8.6152,3940,0
20110826,8.6804,9.1288,8.3165,8.4938,3612,0
20110829,8.5871,8.5871,8.1671,8.5031,4010,0
20110830,8.5778,8.5778,8.1764,8.1764,54,0
20110831,8.5964,8.5964,8.5778,8.5778,323,0
20110901,8.4005,9.4279,8.4005,8.6992,2544,0
20110902,9.3244,9.3244,7.9898,7.9898,1270,0
20110905,8.6804,8.6804,7.1965,7.5043,1323,0
20110906,7.467,7.467,6.907,7.3551,518,0
20110907,7.187,7.3737,6.8137,7.2804,8975,0
20110908,7.3737,7.3737,6.907,7.0003,4801,0
20110909,7.0003,7.3644,6.3283,7.187,8246,0
20110912,6.5336,7.0937,6.4684,6.9911,10585,0
20110913,6.8137,6.8137,6.1697,6.1697,100,0
20110914,6.263,6.8884,6.1602,6.1602,4619,0
20110915,6.4217,6.4217,6.179,6.319,1992,0
20110916,6.179,6.3003,6.1602,6.1602,10831,0
20110919,6.291,6.291,6.1136,6.291,1524,0
20110920,6.5243,6.627,6.5243,6.627,33,0
20110921,6.627,7.7005,6.627,7.7005,1577,0
20110922,7.467,7.467,6.2537,7.0003,6849,0
20110923,6.347,6.9537,6.347,6.9537,350,0
20110926,6.347,6.8043,5.9923,6.711,2020,0
20110927,6.7203,6.8043,6.7203,6.8043,558,0
20110928,7.187,7.187,6.7203,6.7203,216,0
20110929,7.187,7.187,6.347,6.8977,268,0
20110930,7.1777,7.1777,6.347,6.7203,3381,0
20111003,6.7203,7.187,6.7203,6.9164,1838,0
20111004,7.4203,7.4203,6.4403,6.7203,787,0
20111005,7.1777,7.3271,6.4777,6.8977,1528,0
20111006,6.907,7.3737,6.823,7.271,1284,0
20111007,7.3457,7.3457,6.4403,6.8137,5550,0
20111011,6.8137,7.1217,6.4684,6.5336,2540,0
20111012,6.5336,6.711,6.5336,6.6737,3446,0
20111013,6.8043,6.8043,6.347,6.5336,468,0
20111014,6.8977,6.8977,6.5336,6.5803,1066,0
20111017,6.6737,6.6737,6.3937,6.5336,362,0
20111018,6.3937,6.5243,6.347,6.347,2518,0
20111019,6.5243,6.5243,6.207,6.4964,159,0
20111021,6.3937,6.3937,6.3937,6.3937,277,0
20111024,6.2537,6.3843,6.1602,6.3377,2359,0
20111025,6.1884,6.3843,6.1697,6.3843,908,0
20111026,6.3843,6.3843,6.1976,6.3843,173,0
20111027,6.3937,6.711,6.3937,6.683,378,0
20111028,6.627,6.7951,6.5057,6.7577,369,0
20111031,6.6737,6.7484,6.4124,6.7484,1568,0
20111103,6.7297,6.7391,6.5897,6.7391,751,0
20111107,6.711,6.711,6.7017,6.7017,465,0
20111108,6.4124,6.7017,6.4124,6.4403,63,0
20111109,6.5803,6.767,6.3937,6.3937,2435,0
20111110,6.403,6.6177,6.3937,6.3937,3535,0
20111114,6.5336,6.7951,6.3843,6.3843,1010,0
20111115,6.5336,6.5336,6.4403,6.4403,3429,0
20111116,6.5151,6.5151,6.4403,6.4403,339,0
20111117,6.403,6.403,6.347,6.347,418,0
20111118,6.599,6.599,6.1602,6.5336,1552,0
20111121,6.7577,6.7577,6.5524,6.5524,1137,0
20111122,6.627,6.6737,6.627,6.6737,2,0
20111123,6.1602,6.347,5.927,5.9737,2875,0
20111124,6.3377,6.3377,6.3377,6.3377,1,0
20111125,6.0203,6.207,5.6751,5.7869,2081,0
20111128,6.0484,6.1136,5.6751,6.1136,1064,0
20111129,6.0951,6.0951,5.6936,6.0203,268,0
20111130,5.6843,5.983,5.6843,5.9737,111,0
20111201,5.9737,5.9737,5.9737,5.9737,301,0
20111202,6.0389,6.0389,6.0203,6.0203,86,0
20111205,5.9737,5.9737,5.9737,5.9737,215,0
20111206,6.011,6.011,5.507,5.6003,5275,0
20111207,5.6003,5.8616,5.6003,5.8616,143,0
20111208,5.731,5.7402,5.5723,5.5723,934,0
20111209,5.731,5.731,5.7217,5.7217,24,0
20111212,5.7217,5.731,5.5164,5.7217,203,0
20111213,5.5164,5.6843,5.507,5.6843,231,0
20111214,5.5164,5.647,5.4324,5.647,268,0
20111215,5.4324,5.6283,5.4324,5.6283,79,0
20111216,5.6096,5.8803,5.6003,5.647,2772,0
20111219,5.4602,5.6003,5.4324,5.6003,1291,0
20111220,5.4324,5.4324,5.2176,5.3202,1916,0
20111221,5.2083,5.3857,4.8816,5.1523,6910,0
20111222,5.1337,5.255,4.9936,5.0402,13138,0
20111223,5.1803,5.1803,5.0402,5.1523,5132,0
20111227,5.0496,5.1242,4.8163,4.8256,9438,0
20111228,5.0309,5.0309,4.723,4.8629,5259,0
20111229,4.723,5.1242,4.7136,5.0216,14999,0
20111230,4.9936,5.1056,4.8163,4.9469,6271,0
20120102,4.7789,5.227,4.7789,5.227,4554,0
20120103,5.647,6.1976,5.4136,5.6283,2023,0
20120104,5.6283,5.6377,5.6283,5.6377,923,0
20120105,6.0577,6.1697,5.6936,6.1324,2191,0
20120109,6.1976,6.8137,6.1976,6.6177,11326,0
20120110,6.7203,6.9443,6.7203,6.8697,7066,0
20120111,6.9351,6.9351,6.5336,6.5336,3213,0
20120112,6.4124,6.6084,6.291,6.3003,2455,0
20120113,6.599,6.9257,6.403,6.403,1719,0
20120116,6.7017,6.7017,6.403,6.4496,38,0
20120117,6.8417,7.467,6.627,7.2804,5210,0
20120118,7.467,8.1205,7.467,7.6538,13818,0
20120119,7.8218,7.8218,7.0003,7.3364,4713,0
20120120,7.0937,7.4485,7.0937,7.4485,1301,0
20120123,7.6538,7.6911,7.467,7.467,815,0
20120124,7.4577,7.4577,7.2804,7.3271,581,0
20120125,7.6911,7.7938,7.4764,7.7752,3591,0
20120126,7.8311,7.8311,7.5137,7.7657,5262,0
20120127,7.7471,7.7471,7.607,7.7378,797,0
20120130,7.803,7.8404,7.607,7.8404,3151,0
20120131,7.8497,7.8497,7.6911,7.7191,1997,0
20120201,7.5604,7.7005,7.0097,7.5137,10637,0
20120202,7.3924,7.4577,7.1777,7.383,3722,0
20120203,7.4485,7.467,7.383,7.383,1803,0
20120206,7.4485,7.9337,7.4485,7.7471,6124,0
20120207,7.7471,7.9243,7.7471,7.9243,6210,0
20120208,7.9243,8.6152,7.7657,8.6152,3554,0
20120209,8.1764,8.6711,8.1764,8.6525,5445,0
20120210,8.1764,8.6338,8.1764,8.6338,1577,0
20120213,8.6338,8.7085,8.5871,8.7085,3958,0
20120214,8.7085,9.1288,8.7085,8.9605,56180,0
20120215,9.0539,9.3244,8.9699,9.2963,4050,0
20120216,9.2963,9.2963,9.194,9.2594,1360,0
20120217,9.3244,10.127,9.3244,10.025,1808,0
20120220,10.127,11.108,10.127,10.733,5940,0
20120221,10.762,10.762,10.547,10.743,2742,0
20120222,10.268,10.725,10.268,10.641,1131,0
20120223,10.277,10.743,10.174,10.576,1749,0
20120224,10.323,10.36,10.268,10.36,1913,0
20120227,10.36,10.36,9.96,9.987,1285,0
20120228,10.333,10.333,10.08,10.08,64712,0
20120229,9.987,10.333,9.987,10.333,217,0
20120301,10.323,10.323,10.323,10.323,16,0
20120302,9.846,10.323,9.577,9.894,2712,0
20120305,9.4831,9.894,9.4831,9.708,276,0
20120306,9.4831,9.4831,8.7552,9.0539,3790,0
20120307,9.2594,9.3342,9.194,9.3342,43419,0
20120308,9.605,9.894,9.605,9.613,1114,0
20120309,10.127,10.127,9.801,9.987,511,0
20120312,9.977,9.977,9.977,9.977,215,0
20120313,10.127,10.127,10.127,10.127,1,0
20120315,9.67,10.072,9.1566,9.1566,453,0
20120316,10.025,10.025,9.52,9.801,2741,0
20120319,9.801,9.801,9.708,9.773,1513,0
20120321,9.4082,9.763,9.4082,9.763,546,0
20120322,9.2496,9.688,9.0165,9.503,3502,0
20120323,9.503,9.503,9.4831,9.4831,224,0
20120326,9.708,9.708,9.3342,9.3342,340,0
20120327,9.1288,9.3342,9.1288,9.3342,1149,0
20120328,9.1192,9.2963,8.8765,8.8765,229,0
20120329,9.2778,9.2778,8.8765,8.8765,1614,0
20120330,8.8765,9.2219,8.8671,8.8671,2964,0
20120402,8.9138,8.9231,8.5871,8.9231,1135,0
20120403,8.9978,8.9978,8.6058,8.6058,2,0
20120404,8.7831,8.7831,8.7831,8.7831,268,0
20120405,8.9792,8.9792,8.9792,8.9792,12,0
20120410,8.6152,8.6152,8.5871,8.5871,858,0
20120411,8.5778,8.5778,8.5778,8.5778,289,0
20120412,8.6711,8.6804,8.6711,8.6804,1152,0
20120413,8.3725,8.7458,8.2138,8.7458,1286,0
20120416,8.5031,8.5871,8.5031,8.5871,518,0
20120417,8.5124,8.5124,8.5124,8.5124,1425,0
20120418,8.5778,8.5778,8.2418,8.4938,2261,0
20120419,8.2418,8.4005,8.2418,8.4005,6738,0
20120420,8.4844,8.4844,8.223,8.4752,7967,0
20120423,8.6338,8.6338,8.223,8.4752,5675,0
20120424,9.0539,9.0539,8.3165,8.4005,4983,0
20120425,8.6338,8.8298,8.6338,8.8298,151,0
20120426,8.8298,8.8298,8.8298,8.8298,910,0
20120427,9.0539,9.0539,9.0539,9.0539,1,0
20120430,8.391,8.5311,8.2138,8.5311,1066,0
20120502,9.0539,9.0539,8.7552,9.0539,22,0
20120507,8.1485,8.6804,8.1485,8.391,1675,0
20120508,8.7644,8.7644,8.4005,8.7644,2961,0
20120509,8.4005,8.7644,8.4005,8.7644,131,0
20120510,8.4005,8.7458,8.4005,8.7458,79,0
20120511,8.7458,8.8019,8.7458,8.8019,730,0
20120514,8.7458,8.7458,8.2792,8.6711,1294,0
20120515,8.1298,8.2978,7.9431,8.2978,495,0
20120516,7.8592,7.8592,7.467,7.803,1382,0
20120517,7.4391,7.7938,7.3551,7.3551,1120,0
20120518,6.767,7.3271,6.767,7.3271,869,0
20120521,7.6443,7.6443,7.467,7.467,536,0
20120522,6.9817,7.0003,6.9817,7.0003,256,0
20120523,6.543,6.543,6.3003,6.5243,1867,0
20120524,6.5243,6.5243,6.2442,6.5243,3648,0
20120525,6.5243,6.5243,6.5243,6.5243,913,0
20120528,7.1592,7.1684,6.5243,6.5243,273,0
20120529,7.0937,7.0937,6.2442,6.627,2185,0
20120601,6.6457,6.7484,6.6457,6.7484,501,0
20120604,6.627,6.627,6.2442,6.5803,2561,0
20120605,6.8417,6.8417,6.8417,6.8417,1,0
20120606,7.271,7.271,6.5243,7.271,44,0
20120608,6.9724,6.9724,6.571,6.8977,1250,0
20120611,7.271,7.271,6.5336,6.7203,1394,0
20120612,6.627,7.271,6.627,7.271,227,0
20120614,6.8697,6.8697,6.8697,6.8697,26,0
20120615,7.2804,7.2804,7.2804,7.2804,1,0
20120619,7.1777,7.1777,6.8697,7.1403,67,0
20120620,6.7391,6.7391,6.6737,6.7391,172,0
20120621,6.9911,6.9911,6.9911,6.9911,5,0
20120622,6.7203,6.7203,6.7203,6.7203,48,0
20120625,6.347,6.347,5.6003,6.2442,6241,0
20120626,5.9737,6.8603,5.9737,6.7203,2245,0
20120627,6.7203,6.9911,6.319,6.9911,2436,0
20120628,7.1497,7.1497,7.1497,7.1497,589,0
20120702,6.5617,6.571,6.5336,6.5336,1015,0
20120703,6.3656,6.9537,6.3656,6.5336,152,0
20120704,6.5336,6.5336,6.5243,6.5336,1300,0
20120705,7.0752,7.0752,6.543,6.9911,583,0
20120706,6.599,6.599,6.599,6.599,361,0
20120709,6.5151,6.9911,6.5151,6.9911,1395,0
20120711,6.2816,6.8043,6.2816,6.8043,127,0
20120712,6.907,6.907,6.907,6.907,1,0
20120713,5.9177,6.4777,5.9177,6.4777,2824,0
20120716,6.347,6.4217,5.927,6.4217,239,0
20120718,5.9364,6.207,5.7869,5.955,1127,0
20120719,6.2442,6.2442,6.2442,6.2442,5,0
20120723,5.9456,5.9456,5.8897,5.8897,1691,0
20120724,5.9923,5.9923,5.8897,5.9737,102,0
20120725,5.8897,5.955,5.8897,5.955,494,0
20120726,5.6096,5.955,5.6096,5.955,81,0
20120727,5.6096,5.955,5.6096,5.955,242,0
20120730,5.8057,5.955,5.8057,5.955,135,0
20120731,5.9456,5.9456,5.6843,5.9456,35,0
20120803,5.255,5.255,5.2363,5.255,1706,0
20120806,5.255,5.4883,5.227,5.4509,10144,0
20120807,5.227,5.4416,5.227,5.4416,531,0
20120808,5.4416,5.4416,5.4416,5.4416,221,0
20120809,5.2363,5.3763,5.1989,5.3763,810,0
20120810,5.227,5.3296,5.227,5.3296,82,0
20120813,5.3669,5.3669,5.2736,5.2736,238,0
20120814,5.2736,5.2736,4.7789,4.9751,6154,0
20120816,5.1242,5.1242,4.9936,5.1242,1941,0
20120817,5.0775,5.115,4.9002,5.0964,1368,0
20120820,4.9469,5.1242,4.9469,5.1242,25,0
20120821,5.0869,5.1242,4.9002,5.1242,2955,0
20120822,4.9002,5.115,4.8723,5.0402,3978,0
20120823,5.0402,5.1242,5.0402,5.1242,5371,0
20120824,5.3669,5.6656,4.8816,5.2736,6543,0
20120827,5.6656,5.6656,5.3202,5.3202,1615,0
20120828,5.3202,5.6003,5.3202,5.3484,5147,0
20120829,5.3202,5.3202,5.2736,5.2736,429,0
20120830,4.891,5.255,4.891,5.255,911,0
20120903,5.0402,5.255,5.0402,5.255,119,0
20120904,5.1337,5.1337,5.1337,5.1337,145444,0
20120905,5.227,5.227,5.0216,5.1337,817,0
20120906,5.227,5.227,4.9002,5.1337,2812,0
20120907,5.1242,5.1242,5.0402,5.0964,313,0
20120910,5.0964,5.3202,5.0775,5.3202,400828,0
20120911,5.5537,5.5537,5.2736,5.5537,1025,0
20120912,5.6003,5.8616,5.3669,5.8616,428879,0
20120913,5.8803,6.4403,5.8803,6.4403,3265,0
20120914,7.0843,7.0843,6.627,7.0843,6503,0
20120917,6.8603,7.0003,6.5336,6.627,2547,0
20120918,6.5336,6.5336,6.5336,6.5336,365,0
20120919,6.5057,6.5057,6.5057,6.5057,428,0
20120920,5.7402,5.927,5.7402,5.927,2179,0
20120921,5.7029,5.9456,5.6936,5.6936,796,0
20120924,5.7029,5.9737,5.7029,5.9737,4038,0
20120925,6.067,6.067,5.8803,6.067,708,0
20120926,5.9083,5.983,5.8057,5.983,500,0
20120927,6.067,6.067,6.067,6.067,391,0
20120928,5.843,6.067,5.7869,5.955,5047,0
20121001,5.7029,5.7029,5.6936,5.6936,1683,0
20121002,5.6936,5.7402,5.6936,5.7402,900,0
20121003,5.955,5.955,5.955,5.955,1,0
20121004,5.7402,6.1602,5.7402,6.1602,4801,0
20121005,6.1602,6.1602,6.1602,6.1602,1,0
20121008,6.067,6.067,6.067,6.067,82,0
20121009,6.067,6.1602,6.067,6.067,122,0
20121010,6.0763,6.1602,5.8897,6.1602,529,0
20121012,5.8803,6.1602,5.8803,6.1602,921,0
20121015,5.479,6.067,5.479,6.067,5435,0
20121016,6.151,6.151,6.067,6.067,262,0
20121017,6.067,6.067,5.8057,6.067,389,0
20121018,5.8242,5.955,5.8151,5.955,618,0
20121019,5.7496,5.9643,5.7496,5.9643,573,0
20121022,5.6936,5.955,5.6936,5.955,1701,0
20121023,5.927,5.955,5.927,5.955,2680,0
20121024,6.067,6.067,5.6936,6.0577,4728,0
20121025,5.7402,6.1602,5.7402,5.9737,5011,0
20121026,5.9737,5.9737,5.6936,5.955,2846,0
20121029,5.6936,6.0857,5.6936,6.0857,4130,0
20121030,6.067,6.067,5.8803,6.067,1611,0
20121031,6.2724,6.5336,6.0203,6.3097,325,0
20121102,6.3937,6.7764,6.3937,6.7297,4128,0
20121105,6.8603,6.8603,6.3564,6.7297,2519,0
20121106,6.9817,6.9817,6.8137,6.8137,506,0
20121107,6.7297,6.7297,6.7297,6.7297,5,0
20121108,6.8137,6.8137,6.8137,6.8137,2,0
20121109,6.7203,6.8137,6.711,6.8137,1493,0
20121112,6.7391,7.467,6.7391,7.131,10373,0
20121113,6.9911,6.9911,6.3656,6.3656,1408,0
20121114,6.711,6.711,6.4777,6.599,2438,0
20121115,6.2257,6.6364,6.2257,6.6364,294,0
20121116,6.5336,6.6551,6.403,6.6551,207,0
20121119,6.571,6.6643,6.571,6.5897,178,0
20121120,6.5336,6.5897,6.4403,6.4496,18157,0
20121121,6.5897,7.0937,6.487,7.0657,3405,0
20121122,7.0003,7.467,7.0003,7.3177,3271,0
20121123,7.7005,7.7005,7.5884,7.5884,644,0
20121126,7.0097,7.551,7.0003,7.551,5716,0
20121127,7.1592,7.5604,7.1592,7.5604,586,0
20121128,7.2057,7.5604,7.2057,7.5604,2366,0
20121129,7.7005,7.7191,7.7005,7.7191,923,0
20121130,7.7378,9.0258,7.7378,9.0258,4774,0
20121203,8.9419,8.9419,8.1298,8.4005,3533,0
20121204,8.4005,8.6618,8.1764,8.6244,1095,0
20121205,8.4005,8.4005,7.9337,8.391,981,0
20121206,8.1952,8.3818,7.887,8.3818,4993,0
20121207,7.8497,8.3818,7.8497,8.2885,1831,0
20121210,8.2792,8.2792,8.2792,8.2792,119,0
20121211,8.2885,8.6618,8.2885,8.2885,7705,0
20121212,8.4005,8.6338,8.2885,8.2885,25478,0
20121213,8.0365,8.2792,8.0271,8.2792,4308,0
20121214,8.2325,8.2418,7.7284,8.2418,465,0
20121218,7.8311,8.1671,7.8311,8.1391,605,0
20121219,7.7657,8.0738,7.7005,7.9058,776,0
20121220,7.7097,7.9058,7.4297,7.6538,1925,0
20121227,7.551,7.551,7.551,7.551,14,0
20121228,7.5604,8.1205,7.4111,7.4111,6295,0
20130102,7.4391,8.1671,7.4297,7.9804,3385,0
20130103,7.8592,8.0551,7.6538,8.0551,8919,0
20130104,7.4952,8.0551,7.4952,8.0457,647,0
20130107,8.0457,8.0738,8.0457,8.0738,940,0
20130108,8.0738,8.0831,7.7471,8.0831,1324,0
20130109,8.1391,8.1391,8.0271,8.1205,1372,0
20130110,8.1205,8.6804,8.1205,8.5405,2021,0
20130111,8.4005,8.6804,8.4005,8.6804,1720,0
20130114,8.6804,8.6804,8.1205,8.6804,7570,0
20130115,8.6804,9.0539,8.6711,9.0071,34618,0
20130116,8.8111,8.8111,8.4005,8.8111,3652,0
20130117,9.0071,9.0071,8.8111,8.8205,2937,0
20130118,8.6244,8.7085,8.5778,8.7085,609,0
20130121,8.4098,8.6804,8.4098,8.6804,80,0
20130122,8.9978,8.9978,8.7458,8.8111,10724,0
20130123,8.4938,8.4938,8.4938,8.4938,428,0
20130124,8.7925,8.9044,8.5405,8.9044,2624,0
20130125,8.6058,8.6244,8.6058,8.6244,375,0
20130128,8.6525,8.8392,8.4005,8.8392,13228,0
20130129,8.5124,8.8392,8.5124,8.8392,629,0
20130130,8.5685,8.7644,8.5592,8.7644,4924,0
20130131,8.7365,8.7552,8.5124,8.7552,954,0
20130201,8.4098,8.6804,8.4098,8.6804,85,0
20130204,8.4005,8.6804,8.2792,8.6618,3661,0
20130205,8.5871,8.5871,8.307,8.5498,1084,0
20130207,8.4844,8.4844,8.4844,8.4844,179,0
20130208,8.1017,8.4658,8.0924,8.4658,644,0
20130211,8.0738,8.4565,8.0738,8.4565,944,0
20130212,8.0365,8.4284,8.0365,8.4284,5,0
20130213,8.2792,8.2792,7.887,8.2792,229,0
20130214,7.6351,7.9337,7.6351,7.6911,2323,0
20130215,7.6257,7.8778,7.5043,7.8778,2282,0
20130218,7.5698,7.7938,7.5698,7.7938,187,0
20130219,7.7938,7.9337,7.7938,7.9337,983,0
20130220,7.9804,8.4471,7.9337,8.4471,223,0
20130222,8.5311,8.5311,8.5311,8.5311,1,0
20130225,7.8404,8.1671,7.7471,8.1671,4472,0
20130226,8.5218,8.5218,8.5218,8.5218,1,0
20130227,7.8592,8.3818,7.8592,8.3818,611,0
20130228,7.9431,8.307,7.9431,8.307,1553,0
20130301,8.4192,8.4192,8.1205,8.4098,163,0
20130304,8.0271,8.4005,8.0271,8.4005,268,0
20130305,7.971,8.4005,7.971,8.4005,1060,0
20130306,8.5218,8.8671,8.5218,8.8671,1277,0
20130307,8.5871,9.3342,8.5871,9.3342,4107,0
20130308,9.568,9.987,9.1469,9.52,1449,0
20130311,8.8858,9.3342,8.8858,9.3342,70,0
20130312,8.9138,9.3342,8.9044,9.3342,2199,0
20130313,9.568,9.987,9.343,9.754,634,0
20130314,9.781,10.268,9.781,10.034,14206,0
20130315,9.577,10.034,9.1566,9.801,7311,0
20130318,9.605,9.781,9.605,9.781,783,0
20130319,9.781,9.801,9.3342,9.801,4734,0
20130320,10.127,10.127,9.3342,9.791,4671,0
20130321,10.08,10.08,9.3342,10.08,914,0
20130322,9.0071,9.708,8.1205,9.708,11981,0
20130325,9.4279,9.773,9.4279,9.763,2158,0
20130326,9.977,9.977,9.2594,9.4279,45846,0
20130327,9.791,9.791,9.1566,9.605,4977,0
20130402,9.4082,9.801,9.4082,9.801,9989,0
20130403,10.127,10.127,9.801,10.127,378,0
20130404,9.846,10.127,9.846,10.127,277,0
20130405,9.801,9.801,9.781,9.801,4755,0
20130408,9.52,10.733,9.52,10.733,12008,0
20130409,10.687,10.687,10.687,10.687,172,0
20130410,9.846,11.388,9.846,11.388,3021,0
20130411,11.2,11.92,11.2,11.92,3033,0
20130412,11.742,11.807,10.864,11.751,25510,0
20130415,11.807,11.807,11.023,11.023,1219,0
20130417,11.648,11.648,10.92,10.92,1231,0
20130418,11.173,11.173,11.014,11.014,6429,0
20130419,9.894,10.92,9.801,10.92,2213,0
20130422,9.613,10.277,9.3526,9.4279,11782,0
20130423,9.3342,9.977,9.1288,9.977,393,0
20130424,10.258,10.258,9.3342,10.258,5955,0
20130425,9.894,10.687,9.894,10.687,31,0
20130426,9.754,10.529,9.716,9.801,1118,0
20130429,10.258,10.258,9.633,9.633,127,0
20130430,10.425,10.425,10.243,10.253,366,0
20130502,10.547,10.547,9.987,10.454,58,0
20130506,9.708,10.137,9.708,10.137,672,0
20130507,10.454,10.454,9.736,10.174,9570,0
20130508,10.343,10.343,10.174,10.174,29836,0
20130510,9.81,10.212,9.81,10.212,216,0
20130513,10.109,10.37,9.894,10.37,9947,0
20130514,10.137,10.435,10.137,10.435,6393,0
20130515,10.174,11.088,9.613,11.088,3138,0
20130516,11.088,11.294,11.088,11.294,477,0
20130517,10.454,12.003,10.454,12.003,3906,0
20130520,11.667,11.667,11.667,11.667,305,0
20130521,11.667,12.003,10.864,11.947,3740,0
20130523,11.761,11.761,11.667,11.761,1076,0
20130524,11.947,11.947,11.014,11.658,331,0
20130527,12.003,12.003,11.947,11.947,141,0
20130528,11.855,11.855,11.855,11.855,50,0
20130529,11.845,11.845,11.845,11.845,267,0
20130531,10.934,11.741,10.934,11.617,511,0
20130603,11.303,11.481,11.303,11.481,237,0
20130605,11.462,11.462,11.462,11.462,17,0
20130606,11.2,11.472,10.939,11.388,1534,0
20130607,11.2,11.938,10.733,11.938,54234,0
20130610,11.807,11.807,11.07,11.667,2278,0
20130611,11.573,11.573,11.573,11.573,160,0
20130612,11.21,11.667,11.21,11.667,584,0
20130613,11.21,11.658,11.2,11.518,753,0
20130614,11.573,11.573,11.564,11.564,55,0
20130617,11.564,11.564,10.883,11.481,1368,0
20130618,11.023,11.462,11.023,11.462,200,0
20130619,11.378,11.462,10.995,11.462,2871,0
20130620,10.902,11.472,10.902,11.182,7618,0
20130621,10.892,11.173,10.892,11.173,562,0
20130624,11.2,11.481,11.2,11.481,155,0
20130625,11.2,11.938,11.2,11.938,5118,0
20130627,11.573,11.995,11.453,11.947,111781,0
20130628,11.995,12.078,11.667,12.078,53883,0
20130701,12.04,12.04,11.947,11.947,11040,0
20130702,11.942,12.154,11.942,12.154,5433,0
20130703,12.182,13.326,12.182,12.575,10010,0
20130704,12.575,12.575,12.489,12.489,2376,0
20130705,12.507,12.545,11.714,11.714,4136,0
20130708,12.788,12.788,12.788,12.788,267,0
20130709,12.605,12.605,12.134,12.134,1953,0
20130710,12.143,12.535,12.143,12.498,115,0
20130711,12.555,12.555,12.348,12.535,778,0
20130712,12.499,12.499,12.318,12.412,583,0
20130715,12.358,12.358,12.338,12.338,272,0
20130716,12.318,12.345,12.182,12.345,394,0
20130717,12.192,12.318,12.134,12.318,43027,0
20130718,12.133,12.348,12.133,12.348,22,0
20130719,12.134,12.739,12.134,12.739,12861,0
20130722,12.192,12.538,12.192,12.489,3685,0
20130723,12.499,12.701,12.499,12.701,37186,0
20130724,12.701,12.701,12.701,12.701,707,0
20130725,12.701,13.882,12.258,12.788,4246,0
20130726,13.095,13.095,13.095,13.095,250,0
20130729,13.056,13.527,12.951,13.527,2030,0
20130730,13.393,13.728,13.393,13.728,2706,0
20130731,13.901,13.901,12.759,13.891,1730,0
20130801,14.4,14.4,13.737,14.381,631,0
20130802,14.161,14.535,14.161,14.535,650,0
20130805,14.448,14.496,14.064,14.496,1348,0
20130806,13.632,13.834,13.632,13.834,56,0
20130807,13.92,14.477,13.728,14.448,478,0
20130808,14.496,14.535,13.939,14.448,1744,0
20130809,13.949,14.304,13.949,14.304,182,0
20130812,14.448,14.448,13.737,13.882,206,0
20130813,14.304,14.477,14.208,14.477,1374,0
20130814,14.036,14.496,14.036,14.496,2932,0
20130816,14.161,14.967,14.161,14.967,361,0
20130819,14.967,14.967,14.592,14.688,375,0
20130820,14.688,14.688,14.218,14.669,4215,0
20130821,14.208,14.967,14.179,14.967,2512,0
20130822,14.967,15.245,14.88,15.245,940,0
20130823,14.361,15.072,14.353,15.072,281,0
20130826,14.525,15.072,14.525,15.072,17,0
20130827,14.438,14.486,14.016,14.016,2603,0
20130828,13.536,14.112,13.536,13.92,1671,0
20130829,13.642,13.92,13.642,13.92,137,0
20130830,13.92,13.92,13.44,13.92,1534,0
20130902,14.899,15.312,14.448,15.168,4237,0
20130903,14.87,15.168,14.016,15.168,3836,0
20130904,15.159,15.303,14.448,15.293,16152,0
20130905,14.4,14.784,13.642,13.92,2629,0
20130906,13.939,15.149,13.939,15.149,42147,0
20130909,15.264,15.303,14.583,15.072,1489,0
20130910,15.024,16.079,15.024,16.079,2380,0
20130911,16.272,17.04,15.379,16.993,3151,0
20130912,16.993,17.932,16.944,17.281,6418,0
20130913,17.281,17.281,16.704,17.281,996,0
20130916,17.472,17.472,16.32,16.32,3481,0
20130917,16.079,16.416,15.936,16.416,2820,0
20130918,16.8,16.8,16.032,16.224,1014,0
20130919,16.32,16.406,15.456,16.224,4558,0
20130920,15.668,15.888,15.668,15.888,2219,0
20130923,15.888,16.513,15.745,16.513,2003,0
20130924,16.32,17.184,15.985,17.127,415,0
20130925,17.184,17.184,16.32,17.088,433,0
20130926,16.82,16.983,16.33,16.983,411,0
20130927,16.224,17.127,16.224,16.513,616,0
20130930,16.32,16.32,16.272,16.272,638,0
20131001,16.32,16.8,16.32,16.8,249,0
20131002,16.81,18.432,16.81,18.326,7834,0
20131003,17.865,18.24,17.856,18.144,167,0
20131004,18.135,18.624,17.865,18.624,1838,0
20131007,18.624,19.2,18.624,19.008,2151,0
20131008,18.71,19.68,18.279,18.73,5463,0
20131009,17.779,19.008,17.779,18.432,1160,0
20131010,18.24,20.064,18.24,20.064,7107,0
20131011,20.16,21.936,19.2,21.552,4719,0
20131014,21.504,21.504,19.805,21.102,2608,0
20131015,20.208,21.025,19.249,19.249,38191,0
20131016,19.296,20.16,19.296,20.16,13920,0
20131017,20.534,20.534,19.977,20.15,1528,0
20131018,19.968,20.141,19.728,19.776,8588,0
20131021,19.2,20.112,19.066,20.112,15696,0
20131022,20.976,20.976,20.112,20.544,17223,0
20131023,20.966,21.312,20.641,20.785,18500,0
20131024,21.312,21.312,21.216,21.312,917,0
20131025,20.794,21.552,20.775,21.552,4596,0
20131028,21.6,21.888,21.129,21.888,281,0
20131029,21.312,22.07,21.312,22.06,35110,0
20131030,22.06,22.07,21.658,22.07,1318,0
20131031,21.658,21.888,21.649,21.888,1879,0
20131104,21.312,22.06,21.312,22.033,278,0
20131105,21.504,22.033,20.544,20.554,1229,0
20131106,20.324,21.293,20.026,21.169,1508,0
20131107,21.072,21.159,20.324,21.159,1239,0
20131108,20.18,20.631,20.16,20.621,720,0
20131112,20.621,20.621,19.968,20.497,1367,0
20131113,19.959,20.054,19.546,19.68,1681,0
20131114,19.68,21.072,19.68,20.487,2326,0
20131115,21.716,23.396,21.716,23.222,19348,0
20131118,23.04,23.04,22.272,22.368,8217,0
20131119,22.186,22.368,21.888,22.368,5319,0
20131120,22.368,22.753,22.32,22.753,4311,0
20131121,22.753,22.753,22.704,22.753,1895,0
20131122,22.753,22.753,21.793,22.128,2444,0
20131125,22.753,22.753,22.128,22.704,818,0
20131126,22.743,22.753,21.743,21.743,3276,0
20131127,21.6,22.608,21.6,22.608,852,0
20131128,21.888,22.561,21.888,21.917,207,0
20131129,22.561,22.561,21.936,22.561,2069,0
20131202,22.579,22.579,21.994,22.08,1032,0
20131203,22.07,22.07,21.61,22.06,101,0
20131204,21.619,21.888,21.12,21.793,9117,0
20131205,20.832,21.111,20.832,20.928,2267,0
20131206,20.381,21.12,20.17,21.12,8666,0
20131209,22.042,22.042,20.948,21.888,820,0
20131210,21.879,21.879,21.169,21.686,2019,0
20131211,21.169,21.85,21.169,21.85,1886,0
20131212,21.226,21.59,20.851,21.59,23354,0
20131213,21.12,21.59,21.12,21.59,1939,0
20131216,21.293,21.504,21.12,21.12,6899,0
20131217,21.495,21.495,20.871,21.12,1693,0
20131218,21.504,21.504,20.401,21.12,1250,0
20131219,21.312,21.486,20.651,21.12,2024,0
20131220,21.302,21.302,20.487,21.12,4838,0
20131223,21.12,22.07,21.12,21.984,421,0
20131227,21.984,22.935,21.984,22.935,1195,0
20131230,22.848,22.945,22.282,22.945,5703,0
20140102,23.04,23.04,22.08,22.848,2971,0
20140103,22.464,22.464,21.369,22.07,2325,0
20140107,21.888,21.888,21.188,21.265,1013,0
20140108,21.12,21.129,20.948,20.948,2919,0
20140109,20.928,21.6,20.928,21.552,3770,0
20140110,21.12,21.399,20.352,21.379,2828,0
20140113,21.956,21.956,20.928,21.956,181,0
20140114,21.332,21.332,20.948,21.312,1334,0
20140115,21.111,21.743,20.266,21.6,11460,0
20140116,21.12,21.811,21.12,21.649,17064,0
20140117,21.226,23.521,21.226,23.521,8468,0
20140120,23.521,24.903,23.521,24.863,5780,0
20140121,24.856,25.344,24.856,25.344,6904,0
20140122,25.153,25.344,24.058,24.48,5648,0
20140123,24.48,25.247,23.991,24.539,16064,0
20140124,24.289,24.365,24.145,24.365,677,0
20140127,24.365,24.863,23.137,24.769,3240,0
20140128,24.95,25.344,24.863,25.344,10899,0
20140129,25.614,26.016,25.46,25.824,2259,0
20140130,25.968,26.112,25.364,25.921,2757,0
20140131,25.44,25.44,24.96,25.431,2070,0
20140203,25.564,25.824,25.431,25.623,1723,0
20140204,25.632,25.834,24.96,25.584,26313,0
20140205,25.104,25.584,25.104,25.334,1256,0
20140206,24.95,24.95,24.394,24.863,2517,0
20140207,24.365,24.365,21.936,24.336,6006,0
20140210,23.914,24.078,23.914,23.914,2047,0
20140211,24,24.846,23.923,24.48,447,0
20140212,24.019,24.48,24.01,24.48,1236,0
20140213,24,25.872,24,25.872,4539,0
20140214,25.872,27.744,25.872,27.726,11489,0
20140217,27.726,27.84,27.217,27.831,1593,0
20140218,27.831,27.831,27.217,27.792,1468,0
20140219,27.322,27.744,27.265,27.734,188,0
20140220,27.408,27.686,26.035,26.419,37237,0
20140221,26.419,26.582,25.786,26.17,3969,0
20140224,25.795,26.372,25.795,26.372,1033,0
20140225,26.372,26.372,25.795,26.362,31,0
20140226,26.324,26.342,25.921,26.305,1885,0
20140227,25.911,25.911,25.056,25.44,1381,0
20140228,25.344,25.344,24.863,25.334,2051,0
20140303,22.08,23.703,20.641,23.511,23607,0
20140304,23.04,24.836,22.714,24.48,5323,0
20140305,24.48,24.769,23.184,23.521,661,0
20140306,23.175,23.501,22.09,22.272,17472,0
20140307,22.195,22.272,20.851,21.092,8024,0
20140310,20.976,20.976,20.208,20.641,74108,0
20140311,20.314,20.631,20.208,20.294,2118,0
20140312,20.343,20.401,19.968,20.17,1104,0
20140313,19.968,20.112,19.584,19.633,8543,0
20140314,19.296,19.68,18.049,19.68,7686,0
20140317,18.797,21.667,18.797,21.649,39814,0
20140318,21.649,22.464,21.332,21.639,2471,0
20140319,21.12,22.023,20.745,21.552,2216,0
20140320,20.755,21.956,20.755,21.956,14436,0
20140321,21.946,23.04,20.928,23.04,26608,0
20140324,23.329,23.501,23.232,23.232,1131,0
20140325,23.521,23.607,23.098,23.607,1592,0
20140326,23.808,23.808,23.088,23.703,3367,0
20140327,23.04,23.04,21.216,22.983,11374,0
20140328,22.368,22.945,21.84,21.907,6319,0
20140331,22.09,22.704,22.09,22.704,104468,0
20140401,22.08,22.618,20.284,22.618,1142,0
20140402,21.898,22.608,21.84,22.551,284,0
20140403,22.08,22.08,21.12,22.07,790,0
20140404,21.245,21.6,21.178,21.59,1650,0
20140407,21.312,21.312,20.785,20.948,150,0
20140408,20.16,20.938,19.977,20.938,3518,0
20140409,21.169,22.033,20.515,21.686,1272,0
20140410,21.686,22.454,21.686,22.444,447,0
20140411,21.888,22.349,21.888,22.349,324,0
20140414,20.448,22.08,20.448,20.735,251,0
20140415,21.753,21.753,19.757,20.735,1879,0
20140416,20.026,21.102,20.026,20.641,933,0
20140417,20.641,20.641,20.257,20.257,161,0
20140422,21.025,21.025,20.064,21.025,10430,0
20140423,20.227,22.177,20.227,21.206,46,0
20140424,21.206,22.08,20.391,20.391,2397,0
20140425,19.392,20.631,19.392,20.631,2735,0
20140428,20.16,20.631,20.16,20.631,2191,0
20140429,20.017,21.312,20.017,21.312,1252,0
20140430,21.025,21.84,21.025,21.84,1759,0
20140502,21.793,21.84,20.735,20.785,257,0
20140505,19.987,20.641,19.987,20.641,366,0
20140506,20.641,21.495,20.641,21.495,1451,0
20140507,20.16,21.025,19.68,20.928,7253,0
20140508,21.052,21.052,21.052,21.052,1,0
20140509,20.851,21.379,20.851,21.379,1510,0
20140512,21.111,21.12,21.111,21.12,91,0
20140513,20.276,21.072,20.257,20.257,1190,0
20140514,19.498,20.247,19.488,20.093,488,0
20140515,20.237,20.237,19.383,19.383,244,0
20140516,18.528,18.72,16.676,18.72,14679,0
20140519,18.24,18.941,18.24,18.797,247,0
20140520,18.902,19.661,18.902,19.661,450,0
20140521,19.575,19.575,19.575,19.575,2,0
20140522,18.49,19.566,18.49,19.566,292,0
20140523,18.874,19.536,18.874,19.526,49,0
20140526,19.546,20.16,19.546,20.15,734,0
20140527,20.15,20.16,20.15,20.16,1667,0
20140528,20.064,20.16,20.064,20.16,644,0
20140529,20.621,20.688,19.719,20.688,680,0
20140530,20.641,21.466,19.498,21.015,2059,0
20140602,21.025,21.025,19.411,20.668,191,0
20140603,20.966,20.966,20.966,20.966,72,0
20140604,20.909,20.909,20.909,20.909,9,0
20140605,20.928,21.419,20.928,21.419,308,0
20140606,20.928,21.025,20.928,20.928,156,0
20140609,20.18,20.881,20.18,20.881,74,0
20140610,20.881,20.881,20.881,20.881,25,0
20140611,19.95,20.641,19.95,20.641,581,0
20140612,20.851,20.861,20.851,20.861,521,0
20140613,20.881,20.881,20.881,20.881,1,0
20140616,20.688,20.688,19.796,20.688,15,0
20140617,19.882,20.544,19.833,19.873,332,0
20140618,19.873,20.881,19.873,20.881,1361,0
20140620,20.976,21.86,20.976,21.86,7831,0
20140623,21.86,21.86,21.188,21.85,822,0
20140624,21.84,21.84,21.84,21.84,313,0
20140625,20.641,21.783,20.641,21.783,218,0
20140626,21.578,21.578,21.578,21.578,320,0
20140627,21.957,21.957,20.947,20.947,1338,0
20140630,20.947,21.773,20.947,21.773,105,0
20140701,21.666,21.666,21.666,21.666,10,0
20140702,20.616,21.374,20.403,21.374,1673,0
20140703,20.733,21.277,20.606,21.277,245,0
20140704,21.277,21.277,21.277,21.277,1,0
20140707,20.14,21.287,20.14,21.287,87470,0
20140708,20.441,21.287,20.441,21.287,183,0
20140709,21.229,21.229,21.229,21.229,1,0
20140710,20.072,21.131,20.072,21.131,72,0
20140711,21.374,21.374,21.374,21.374,1,0
20140715,20.441,21.287,20.441,21.287,245,0
20140716,20.568,21.151,20.568,21.151,139,0
20140717,20.431,21.073,20.431,21.073,258,0
20140721,20.441,20.509,20.052,20.208,942,0
20140722,19.45,20.121,19.44,20.121,317,0
20140723,19.07,19.44,18.517,19.44,3183,0
20140724,18.954,19.294,18.565,18.565,37801,0
20140725,17.399,18.439,17.399,18.439,16,0
20140728,18.362,19.421,17.885,18.284,2280,0
20140729,18.225,18.37,18.177,18.362,107,0
20140730,19.44,19.44,17.496,18.954,562,0
20140801,17.448,18.448,17.448,18.39,4286,0
20140804,17.604,18.39,17.604,18.39,10,0
20140805,17.846,18.37,17.739,17.739,19,0
20140806,17.594,17.594,16.641,16.66,3274,0
20140807,17.69,17.69,15.922,15.922,25662,0
20140808,16.33,16.33,14.113,14.939,2164,0
20140811,15.542,15.639,14.823,15.639,1772,0
20140812,14.279,15.639,14.279,15.552,12845,0
20140813,14.6,15.63,14.6,15.63,103,0
20140814,14.765,15.63,14.765,15.63,31,0
20140818,14.901,15.611,14.901,15.591,15425,0
20140819,15.62,15.62,15.503,15.503,8,0
20140820,14.784,15.639,14.775,15.639,751,0
20140821,15.639,16.611,15.639,16.611,1809,0
20140822,16.602,16.611,15.697,16.573,183,0
20140825,16.962,18.167,16.447,17.379,52095,0
20140826,17.379,17.594,17.301,17.584,1301,0
20140827,17.574,17.584,17.301,17.438,223,0
20140828,17.574,17.574,16.524,17.496,1124,0
20140829,17.594,17.594,16.641,17.594,46,0
20140901,16.894,17.496,16.874,17.496,17847,0
20140902,17.486,17.496,16.738,16.962,1629,0
20140903,17.107,17.486,17.01,17.467,12240,0
20140904,17.457,17.457,17.01,17.448,6192,0
20140905,17.01,17.01,15.99,16.913,2365,0
20140908,17.448,17.448,17,17.01,5936,0
20140909,16.631,17.137,16.621,17,166,0
20140910,17.117,17.117,16.66,16.991,3204,0
20140911,17.127,17.127,16.816,16.991,133,0
20140912,17.127,17.341,17.01,17.01,525,0
20140915,17.292,17.292,16.583,17.283,80,0
20140916,16.913,17.195,16.602,17.097,219,0
20140917,16.621,17.195,16.524,16.524,290,0
20140918,16.524,17.205,15.697,16.796,1246,0
20140919,16.718,16.718,16.718,16.718,7,0
20140922,17.292,17.292,15.805,16.962,684,0
20140923,16.767,16.767,16.758,16.767,33,0
20140924,17.292,17.292,15.98,16.864,925,0
20140925,16.184,16.524,16.184,16.524,10225,0
20140926,17.01,17.01,15.358,16.524,6898,0
20140929,16.621,16.621,15.552,15.552,1125,0
20140930,16.611,16.611,14.959,15.406,17148,0
20141001,15.076,15.737,15.076,15.737,16,0
20141002,16.397,16.397,14.794,15.98,367,0
20141003,16.281,16.281,15.747,16.009,309,0
20141006,16.009,16.009,15.465,15.99,237,0
20141007,15.29,15.98,15.26,15.97,1705,0
20141008,15.26,15.931,15.26,15.747,314,0
20141009,15.076,15.912,15.076,15.795,989,0
20141013,15.679,15.679,14.843,15.241,4937,0
20141014,15.26,15.844,15.115,15.834,352,0
20141015,15.805,15.805,15.805,15.805,1,0
20141016,15.805,15.805,15.26,15.757,2198,0
20141017,15.348,15.824,15.348,15.824,150,0
20141020,15.358,15.747,15.085,15.611,16413,0
20141021,15.455,15.455,15.085,15.455,2332,0
20141022,15.26,15.669,15.154,15.542,15673,0
20141023,15.785,15.785,15.26,15.775,413,0
20141024,15.552,15.795,15.552,15.795,181,0
20141027,15.795,15.795,15.795,15.795,1553,0
20141028,15.747,15.747,15.163,15.747,274,0
20141029,15.824,15.824,15.824,15.824,1,0
20141030,15.134,15.815,15.115,15.115,84,0
20141031,15.824,15.824,15.824,15.824,1,0
20141103,15.124,15.542,15.124,15.542,310,0
20141104,15.503,15.503,15.503,15.503,1,0
20141105,15.163,15.436,15.163,15.436,61,0
20141106,15.163,15.163,14.658,15.057,874,0
20141107,14.969,15.017,14.969,15.007,267,0
20141110,15.815,15.815,14.58,14.58,5,0
20141112,15.348,15.348,14.103,14.103,2944,0
20141113,14.103,14.542,13.608,14.279,1109,0
20141114,14.269,15.358,14.259,14.542,25749,0
20141117,14.989,14.989,13.608,14.376,2993,0
20141118,14.191,14.58,14.191,14.191,649,0
20141119,14.201,14.211,14.191,14.191,2135,0
20141120,14.249,15.358,14.24,14.289,79498,0
20141121,15.533,15.824,14.298,15.455,86,0
20141124,15.824,15.824,14.677,14.833,3364,0
20141125,15.542,15.785,14.61,14.61,1661,0
20141126,14.289,15.503,14.289,14.289,6964,0
20141127,14.668,14.949,14.638,14.949,16420,0
20141128,14.784,14.979,14.298,14.57,2928,0
20141201,14.901,14.901,13.706,14.249,26017,0
20141202,13.938,14.153,13.618,13.656,2444,0
20141203,13.608,13.802,13.608,13.792,41681,0
20141204,13.706,13.792,13.608,13.792,4631,0
20141205,13.792,13.792,13.317,13.715,3847,0
20141208,13.413,13.802,13.413,13.802,1091,0
20141209,13.618,13.618,13.608,13.608,437,0
20141210,13.472,13.9,13.463,13.9,10964,0
20141211,14.308,14.308,13.559,14.279,454,0
20141212,13.88,14.279,13.666,14.191,52196,0
20141215,14.094,14.269,13.802,14.181,104933,0
20141216,13.463,13.784,12.637,13.784,922,0
20141217,13.792,13.792,13.792,13.792,1,0
20141218,13.598,13.608,13.598,13.608,362,0
20141219,12.84,13.598,12.83,13.598,2730,0
20141222,12.743,13.024,12.743,13.016,1913,0
20141223,13.024,13.501,12.539,12.83,7824,0
20141229,13.792,13.792,12.617,13.764,15,0
20141230,12.685,13.764,12.685,13.764,441,0
20150102,14.308,14.308,13.764,13.987,313,0
20150105,13.122,13.9,13.122,13.9,4,0
20150107,13.792,14.464,13.792,14.464,53,0
20150108,13.987,14.191,13.987,14.191,489,0
20150109,14.483,15.192,14.483,14.775,495,0
20150112,14.58,15.358,14.153,15.017,1425,0
20150113,15.017,15.017,14.775,14.775,163,0
20150114,15.066,15.066,14.133,14.853,2294,0
20150115,14.853,14.969,14.396,14.969,1244,0
20150116,14.415,14.998,14.123,14.998,42672,0
20150119,15.017,15.017,14.396,14.58,7266,0
20150120,14.483,14.93,14.483,14.93,1840,0
20150121,14.775,16.33,14.59,16.076,1034,0
20150122,16.076,16.379,14.969,15.824,3373,0
20150123,15.97,16.086,15.96,16.086,1719,0
20150126,16.048,16.048,16.009,16.009,67,0
20150127,16.018,16.018,15.057,16,77254,0
20150128,15.795,15.795,15.795,15.795,1029,0
20150129,16.009,16.009,14.862,15.922,87460,0
20150130,14.998,16.086,14.989,16.086,1521,0
20150202,16.116,16.116,16.086,16.086,654,0
20150203,16.301,16.301,15.95,15.95,236,0
20150204,16.31,16.31,16.038,16.154,1048,0
20150205,16.154,16.154,16.136,16.136,947,0
20150206,17.175,17.175,16.018,17,653,0
20150209,17.107,17.107,16.048,17.01,391,0
20150210,16.913,17.301,16.913,17.301,240,0
20150211,17.35,17.496,17.35,17.36,1202,0
20150212,17.379,17.758,16.913,17.758,56146,0
20150213,17.973,17.973,17.788,17.788,174,0
20150216,17.7,18.42,17.7,18.352,7430,0
20150217,18.809,19.421,18.809,18.954,5907,0
20150218,18.954,19.848,18.954,19.848,4521,0
20150219,19.838,19.838,19.003,19.382,10802,0
20150220,19.586,19.586,19.148,19.431,4287,0
20150223,19.431,19.868,19.08,19.431,7576,0
20150224,19.256,19.431,19.052,19.284,2670,0
20150225,19.061,19.226,19.003,19.197,830,0
20150226,19.246,19.246,18.079,18.759,67547,0
20150227,18.759,19.246,18.478,18.759,7125,0
20150302,19.226,19.226,18.478,18.954,5137,0
20150303,19.052,19.333,18.954,19.052,28399,0
20150304,19.13,19.421,18.954,19.421,1402,0
20150305,19.421,19.635,19.343,19.44,7636,0
20150306,19.44,19.44,19.44,19.44,1029,0
20150309,19.44,19.44,19.158,19.391,309,0
20150310,19.391,19.391,18.964,19.188,1090,0
20150311,18.565,19.44,18.565,18.935,3134,0
20150312,19.052,19.829,19.052,19.44,1080,0
20150313,19.44,19.829,19.44,19.81,2635,0
20150316,19.44,19.81,19.44,19.81,386,0
20150317,19.732,19.81,19.732,19.81,3863,0
20150318,19.81,20.898,19.81,20.898,1637,0
20150319,20.898,20.898,20.412,20.888,1259,0
20150320,21.336,21.598,20.995,21.374,3621,0
20150323,21.364,21.87,19.323,21.374,4072,0
20150324,21.355,21.384,21.355,21.384,5480,0
20150325,21.384,21.725,20.908,21.725,4799,0
20150326,20.704,21.374,20.412,20.85,6247,0
20150327,20.422,21.336,20.422,20.947,1241,0
20150330,21.374,21.374,20.83,21.364,773,0
20150331,21.364,21.861,21.063,21.861,1901,0
20150401,21.861,22.541,21.861,22.356,16834,0
20150402,22.551,23.804,22.453,23.329,35848,0
20150407,23.329,24.251,23.329,23.435,10823,0
20150408,23.814,24.242,23.814,24.242,12666,0
20150409,24.242,24.242,23.814,24.242,21309,0
20150410,24.251,24.786,24.251,24.786,19334,0
20150413,25.175,25.184,23.036,23.036,35439,0
20150414,23.036,23.329,22.842,23.211,2171,0
20150415,23.182,23.182,23.134,23.182,259,0
20150416,22.745,23.124,22.366,23.124,746,0
20150417,22.794,22.794,21.491,22.697,1210,0
20150420,21.967,22.667,21.967,22.657,388,0
20150421,22.541,22.541,21.793,22.045,1894,0
20150422,21.112,21.676,21.112,21.141,7929,0
20150423,20.801,21.909,20.519,21.909,4158,0
20150424,21.87,21.87,21.103,21.861,190,0
20150427,21.287,21.811,21.287,21.803,51,0
20150428,21.482,22.045,21.482,21.482,865,0
20150429,21.384,22.035,20.422,22.035,5023,0
20150430,21.87,22.104,21.87,22.104,929,0
20150504,21.87,22.104,20.538,21.87,1392,0
20150505,21.821,21.87,21.753,21.87,2048,0
20150506,21.432,22.104,21.432,22.104,579,0
20150507,22.104,22.104,22.016,22.016,149,0
20150508,21.676,22.045,21.676,22.045,629,0
20150511,21.695,22.104,21.695,22.104,183,0
20150512,22.104,22.104,22.104,22.104,47,0
20150513,21.685,22.064,21.452,22.055,448,0
20150515,21.462,22.104,21.384,22.104,2644,0
20150518,21.374,22.055,21.364,21.87,10880,0
20150520,21.482,21.861,21.423,21.861,2462,0
20150521,21.685,21.685,21.685,21.685,103,0
20150525,21.841,21.841,20.811,21.773,1992,0
20150526,21.773,22.055,21.384,22.055,633,0
20150527,22.064,22.064,21.578,22.045,185,0
20150529,21.87,21.87,21.87,21.87,130,0
20150602,21.015,21.015,21.015,21.015,185,0
20150603,20.656,20.656,20.568,20.568,228,0
20150605,22.055,22.055,20.898,20.898,361,0
20150608,20.801,21.432,18.721,20.898,9601,0
20150609,20.431,20.85,20.285,20.85,909,0
20150610,21.384,21.384,21.384,21.384,283,0
20150612,20.242,21.384,20.232,20.833,358,0
20150615,20.833,20.872,20.321,20.321,512,0
20150616,19.917,20.872,19.917,20.675,1638,0
20150617,20.872,22.349,20.872,21.611,466,0
20150618,21.02,21.463,20.488,21.463,914,0
20150619,21.187,21.66,21.187,21.66,1070,0
20150622,20.685,21.66,20.685,21.66,1031,0
20150623,20.971,21.66,20.971,21.66,709,0
20150624,21.069,21.66,20.478,21.66,963,0
20150625,21.66,21.66,19.208,19.208,5350,0
20150626,20.331,20.567,19.504,20.272,1635,0
20150629,19.691,20.134,19.494,20.124,1499,0
20150630,19.198,20.025,19.198,19.986,1231,0
20150701,20.085,20.085,20.085,20.085,7,0
20150702,19.494,20.075,19.494,20.075,40,0
20150703,19.504,19.986,19.494,19.986,523,0
20150707,20.075,20.075,19.553,20.075,318,0
20150708,19.514,20.075,19.514,19.976,2161,0
20150709,19.937,19.937,19.937,19.937,41,0
20150713,19.937,19.937,19.504,19.937,1219,0
20150714,19.494,19.927,19.494,19.927,208,0
20150716,19.957,19.966,19.691,19.691,1214,0
20150717,19.691,19.691,19.198,19.494,652,0
20150721,19.198,19.494,19.198,19.494,422,0
20150722,19.494,19.494,19.198,19.198,255,0
20150723,19.198,19.198,17.722,19.198,1404,0
20150724,18.263,19.198,18.263,19.198,676,0
20150727,18.509,19.189,18.509,19.189,5,0
20150728,18.716,19.641,18.716,19.641,43,0
20150729,18.765,19.592,18.765,19.592,1607,0
20150730,19.021,19.021,18.923,18.923,195,0
20150731,18.992,19.297,18.785,19.297,114,0
20150803,18.696,19.198,18.696,18.716,306,0
20150804,19.198,19.464,19.198,19.464,1185,0
20150805,19.976,19.976,19.1,19.789,89,0
20150806,20.665,20.665,19.198,19.691,77,0
20150807,20.665,20.665,19.002,19.691,1037,0
20150810,19.691,19.691,18.903,19.681,266,0
20150811,18.982,19.632,18.982,19.632,246,0
20150812,18.952,19.622,18.952,19.622,103,0
20150813,18.903,19.602,18.706,19.543,930,0
20150814,18.706,19.691,18.706,19.602,22,0
20150817,18.716,19.582,18.509,19.1,1504,0
20150818,18.509,19.051,18.509,19.021,748,0
20150819,18.509,18.992,18.509,18.992,6,0
20150820,18.992,18.992,17.928,18.706,966,0
20150821,17.781,18.598,17.781,18.362,827,0
20150824,17.731,18.312,16.836,17.722,3833,0
20150825,17.544,17.544,16.836,17.525,1193,0
20150826,17.328,18.992,16.836,17.229,889,0
20150827,16.767,17.229,16.767,17.229,29,0
20150828,17.318,17.328,17.318,17.328,316,0
20150831,16.649,17.318,16.639,17.17,601,0
20150901,16.885,17.682,16.885,17.17,134,0
20150902,16.747,17.515,16.747,17.515,509,0
20150903,17.672,19.002,17.328,18.696,928,0
20150904,18.115,18.115,18.115,18.115,121,0
20150907,18.204,18.204,17.18,17.722,1876,0
20150909,17.525,17.623,17.229,17.623,913,0
20150910,17.229,17.623,16.944,17.623,1325,0
20150911,17.328,17.672,16.944,17.672,727,0
20150914,16.836,17.672,16.836,17.672,1473,0
20150915,16.944,17.623,16.934,17.623,1346,0
20150916,16.983,17.298,16.54,17.22,112938,0
20150917,16.826,17.377,16.826,17.032,217,0
20150921,17.525,17.525,17.525,17.525,5,0
20150922,17.574,17.574,17.032,17.574,344,0
20150923,17.052,17.663,17.052,17.653,914,0
20150924,17.525,17.525,17.525,17.525,153,0
20150925,17.229,17.692,17.229,17.692,56,0
20150929,16.983,17.771,16.983,17.771,477,0
20151001,18.194,18.194,18.194,18.194,30,0
20151002,18.194,18.204,17.426,18.204,56,0
20151005,17.426,18.293,17.426,18.293,310,0
20151006,18.293,18.608,18.293,18.608,1613,0
20151008,18.627,18.627,18.627,18.627,20,0
20151009,17.82,18.696,17.82,18.696,984,0
20151012,18.115,18.686,18.115,18.686,107,0
20151013,17.968,18.696,17.968,18.696,77,0
20151014,18.854,18.854,17.426,18.431,758,0
20151016,17.83,18.411,17.83,18.273,134,0
20151020,17.781,18.214,17.781,18.214,406,0
20151021,17.781,17.83,17.731,17.731,688,0
20151022,17.722,18.184,17.722,18.184,204,0
20151023,17.387,18.175,17.387,18.175,2,0
20151027,17.722,18.204,17.722,18.204,69,0
20151028,18.214,18.214,17.525,18.184,668,0
20151029,18.115,18.115,18.115,18.115,61,0
20151030,17.436,17.722,17.436,17.722,662,0
20151102,17.722,17.722,17.722,17.722,5290,0
20151104,17.377,17.663,16.836,17.663,1244,0
20151110,16.944,17.229,16.855,17.229,1219,0
20151112,16.855,16.855,16.068,16.855,598,0
20151113,15.969,16.688,15.969,16.009,225,0
20151116,15.211,15.821,15.073,15.821,7201,0
20151117,15.654,15.753,15.014,15.753,1108,0
20151118,15.083,15.743,15.083,15.743,84,0
20151119,15.26,15.595,15.26,15.595,2789,0
20151120,15.428,15.428,14.768,14.965,6425,0
20151123,14.817,14.817,14.817,14.817,25,0
20151124,14.817,14.817,14.67,14.67,498,0
20151125,14.187,14.463,13.784,14.463,1268,0
20151126,14.463,14.463,14.423,14.423,400,0
20151127,14.404,14.404,14.404,14.404,107,0
20151130,14.374,14.374,14.374,14.374,894,0
20151201,14.355,14.355,14.079,14.345,2040,0
20151202,14.079,14.276,13.488,14.276,2503,0
20151203,13.695,14.335,13.695,14.335,441,0
20151204,14.345,14.355,13.705,14.276,865,0
20151207,14.266,14.266,14.266,14.266,102,0
20151208,13.734,14.246,12.907,12.907,603,0
20151209,13.675,13.675,12.602,13.665,361,0
20151210,13.291,13.665,13.291,13.665,223,0
20151211,13.291,14.167,13.291,13.685,14861,0
20151214,13.488,13.951,13.301,13.872,6987,0
20151216,13.872,13.99,13.872,13.99,61,0
20151217,13.587,13.675,13.488,13.665,5764,0
20151218,13.301,13.784,13.291,13.764,3485,0
20151221,13.488,13.931,13.291,13.931,31482,0
20151222,13.685,13.882,13.587,13.882,1041,0
20151223,13.882,13.882,13.882,13.882,118,0
20151228,13.833,13.882,13.439,13.882,1092,0
20151229,13.882,13.882,13.882,13.882,559,0
20151230,14.069,14.069,14.069,14.069,1,0
20160104,13.636,13.941,13.636,13.941,2063,0
20160105,13.921,13.921,13.921,13.921,1943,0
20160108,13.911,13.911,13.587,13.872,2996,0
20160111,13.872,13.872,13.537,13.872,28,0
20160112,13.537,13.872,13.537,13.872,232,0
20160113,13.537,13.862,13.252,13.252,1382,0
20160114,13.242,13.429,13.242,13.429,570,0
20160118,12.71,12.71,12.011,12.405,2142,0
20160119,12.445,12.445,11.736,12.238,45,0
20160120,12.248,13.419,12.218,13.419,887,0
20160121,12.789,12.789,12.789,12.789,66,0
20160122,12.612,12.612,12.602,12.612,838,0
20160125,12.317,12.789,12.317,12.789,600,0
20160126,12.208,12.789,11.44,12.789,656,0
20160127,12.011,12.691,12.011,12.691,252,0
20160128,12.661,12.701,12.661,12.701,800,0
20160129,12.405,12.789,12.405,12.789,89,0
20160201,12.307,12.789,12.307,12.789,36,0
20160203,12.779,12.779,12.779,12.779,2117,0
20160204,12.779,12.779,12.779,12.779,192,0
20160205,12.789,12.917,12.789,12.917,619,0
20160208,13.006,14.118,12.996,14.079,523,0
20160209,14.108,14.128,13.39,13.39,888,0
20160210,13.675,13.675,13.675,13.675,5,0
20160211,13.675,13.744,13.675,13.744,277,0
20160212,14.128,14.768,14.108,14.768,1014,0
20160215,14.768,16.048,14.768,15.26,1955,0
20160216,15.26,15.703,14.975,15.703,320,0
20160217,15.319,15.644,15.27,15.634,607,0
20160218,15.516,15.516,15.26,15.359,351,0
20160219,15.359,15.359,14.768,15.014,3853,0
20160222,15.014,15.014,14.483,14.994,760,0
20160223,15.044,15.044,15.044,15.044,118,0
20160224,14.916,15.093,14.768,15.093,278,0
20160225,15.182,15.182,15.182,15.182,166,0
20160226,14.719,15.378,14.719,15.378,719,0
20160229,15.182,15.182,15.182,15.182,127,0
20160301,15.241,15.241,14.768,15.231,546,0
20160302,15.231,15.231,14.768,15.221,442,0
20160304,14.483,14.768,14.443,14.522,1133,0
20160307,14.906,14.916,14.906,14.916,10,0
20160308,15.024,15.024,15.024,15.024,5,0
20160310,15.132,15.132,14.729,15.132,822,0
20160311,15.083,15.083,14.315,15.034,810,0
20160317,14.729,15.034,14.729,15.034,9350,0
20160318,14.335,14.965,14.335,14.965,22,0
20160322,14.571,15.113,14.571,15.113,610,0
20160323,14.473,15.073,14.473,14.916,2307,0
20160324,14.276,14.886,14.177,14.768,2784,0
20160330,14.167,15.162,14.167,15.162,74786,0
20160331,14.866,15.142,14.866,14.916,53643,0
20160401,14.778,15.329,14.778,15.329,735,0
20160404,15.329,15.713,15.329,15.713,559,0
20160405,15.753,15.762,15.723,15.762,781,0
20160406,15.733,15.753,15.457,15.743,750,0
20160407,15.753,15.753,15.753,15.753,1656,0
20160411,15.821,15.821,15.359,15.821,2044,0
20160413,15.506,15.753,15.506,15.556,339,0
20160414,15.703,15.703,15.703,15.703,102,0
20160415,15.753,15.753,15.753,15.753,375,0
20160418,15.743,15.743,15.664,15.743,3077,0
20160419,15.831,15.831,15.733,15.743,2591,0
20160420,15.654,15.654,15.654,15.654,591,0
20160421,15.654,15.654,15.654,15.654,1361,0
20160422,15.575,15.575,15.575,15.575,99,0
20160425,15.556,15.556,15.506,15.506,623,0
20160426,15.506,15.506,15.319,15.319,376,0
20160427,15.841,15.841,15.841,15.841,152,0
20160428,15.841,15.841,15.802,15.812,1134,0
20160502,15.753,15.753,15.753,15.753,101,0
20160504,15.802,15.802,15.556,15.802,154,0
20160505,15.566,15.792,15.566,15.792,1707,0
20160506,15.802,15.802,15.753,15.753,83,0
20160510,15.329,15.782,15.329,15.782,23,0
20160516,15.684,15.743,15.654,15.654,17323,0
20160517,15.615,15.654,15.162,15.595,1156,0
20160520,15.162,15.408,14.768,15.408,1760,0
20160523,15.26,15.743,15.26,15.743,1051,0
20160524,15.063,15.802,15.063,15.802,150,0
20160525,15.792,15.792,15.792,15.792,66,0
20160527,15.792,15.802,15.457,15.457,6673,0
20160530,15.457,15.713,15.457,15.713,89,0
20160601,15.556,15.556,15.556,15.556,2,0
20160606,15.359,15.359,15.359,15.359,6,0
20160607,15.26,15.654,15.26,15.654,993,0
20160608,15.634,15.644,15.634,15.644,31,0
20160609,15.073,15.644,15.014,15.014,450,0
20160610,14.876,15.556,14.876,15.556,62,0
20160614,14.985,15.546,14.837,15.546,520,0
20160616,14.866,15.438,14.837,15.438,1467,0
20160620,15.359,15.506,14.847,15.506,102,0
20160622,14.837,15.26,14.837,14.926,174,0
20160623,15.487,15.487,14.837,14.837,281,0
20160624,14.837,14.847,14.837,14.847,1110,0
20160627,14.847,14.876,14.679,14.857,1684,0
20160629,14.876,14.876,14.876,14.876,2235,0
20160701,14.876,14.886,14.876,14.886,847,0
20160706,14.67,14.67,14.67,14.67,81257,0
20160708,14.768,15.093,14.768,15.093,2890,0
20160711,15.113,15.113,15.113,15.113,1212,0
20160712,15.605,15.605,15.231,15.231,1016,0
20160713,15.615,15.644,15.172,15.201,1036,0
20160714,15.772,16.786,15.772,16.786,8283,0
20160715,16.885,18.509,16.885,18.037,5399,0
20160718,18.2238,18.6077,18.2139,18.2139,9872,0
20160719,18.5782,18.5782,17.5247,18.5093,1507,0
20160720,17.7709,18.5093,17.7709,18.5093,1539,0
20160721,18.588,19.1985,18.5093,19.1985,2000,0
20160722,18.716,19.1985,18.2631,19.1394,3670,0
20160725,19.1,19.1,17.7118,19.0902,4393,0
20160726,19.0606,19.0606,18.4601,18.9819,1228,0
20160727,18.5585,19.1197,18.5585,19.1,1350,0
20160729,19.51,19.51,18.77,19.44,1820,0
20160801,19.44,19.44,19.43,19.43,1051,0
20160802,19.39,19.39,18.73,19.29,350,0
20160803,19.26,19.26,19.26,19.26,200,0
20160804,19,19.2,19,19.2,372,0
20160805,19,19,19,19,182,0
20160808,18.8,19,18.3,19,837,0
20160809,18.37,19.25,18.37,19.25,2278,0
20160810,19.24,19.25,19.24,19.25,1047,0
20160811,18.99,19,18.99,19,2500,0
20160812,18.54,18.95,18.54,18.95,469,0
20160816,18.35,18.9,18.31,18.9,690,0
20160817,18.8,18.98,18.8,18.98,161,0
20160818,18.95,18.95,18.95,18.95,50,0
20160819,18.8,18.98,18.8,18.98,201,0
20160822,19,19,18.5,18.9,2559,0
20160823,18.7,19,18.68,19,690,0
20160824,19,19,18.97,18.97,4071,0
20160825,18.37,18.95,18.37,18.94,1251,0
20160826,18.57,19.6,18.54,19.6,14058,0
20160829,19.59,20.49,19.04,19.5,3680,0
20160830,20.18,20.18,19.5,19.88,1506,0
20160831,21,21,20.5,20.84,2662,0
20160901,20.01,20.84,20,20.82,2435,0
20160902,20.82,20.82,20.15,20.82,1449,0
20160905,20.8,20.82,19.82,20.82,543,0
20160906,20.82,20.82,20.15,20.59,1771,0
20160907,20.25,20.57,20.2,20.57,918,0
20160908,20.21,20.49,20.15,20.49,602,0
20160909,20.48,20.6,20.15,20.6,70,0
20160912,20.35,20.47,20.1,20.47,539,0
20160913,20.01,20.39,19.8,20.39,1248,0
20160914,20.39,20.4,20.39,20.4,20,0
20160915,20.15,20.3,19.87,20.3,695,0
20160920,20,20.28,19.83,20.28,815,0
20160921,20,20.25,20,20.25,4,0
20160922,20,20.25,19.81,20.25,692,0
20160927,19.85,20.2,19.8,20.2,1066,0
20160928,19.81,20.2,19.8,20.2,559,0
20160929,20,20,20,20,2,0
20160930,19.3,19.99,19.3,19.99,1707,0
20161003,19.54,20,19.54,19.99,3303,0
20161004,19.95,19.98,19.95,19.98,1040,0
20161005,19.56,19.93,19.55,19.93,759,0
20161006,19.6,19.92,19.49,19.92,1090,0
20161007,19.85,19.85,19.6,19.79,1429,0
20161010,19.7,20.3,19.7,20.3,228890,0
20161011,20.3,20.3,20.29,20.3,1641,0
20161012,20.3,20.8,20.04,20.3,5860,0
20161013,20.15,20.3,20.15,20.3,2501,0
20161014,20.3,20.39,20.3,20.39,10300,0
20161017,20.39,20.69,20.15,20.3,6051,0
20161018,20.05,20.15,20.05,20.15,20740,0
20161019,20,20.49,20,20.29,1532,0
20161020,19.88,20.29,19.6,20.29,689,0
20161024,20.29,20.29,19.83,20,4932,0
20161025,20.06,20.06,20.06,20.06,74,0
20161026,19.74,20.05,19.74,20.05,1140,0
20161027,20.02,20.29,20.02,20.29,3006,0
20161028,19.85,20.28,19.85,20.28,248,0
20161102,19.8,20.29,19.8,20.25,217,0
20161103,20,20,19.61,20,7760,0
20161104,20,20,18.5,20,14441,0
20161107,20.3,20.3,20.3,20.3,400,0
