Date,Open,High,Low,Close,Volume,OpenInt
20110929,20.4,24,18.4,20.4,11374,0
20110930,21.2,21.2,15.2,15.6,3133,0
20111003,15.6,15.6,12.8,13.6,1310,0
20111004,11.6,14,11.6,12,777,0
20111005,11.6,18,11.6,18,3453,0
20111006,18,20.4,15.6,18.4,2074,0
20111007,18,18.4,16.4,18,238,0
20111010,16,16.8,12.8,13.2,451,0
20111011,14.8,15.6,12.4,15.6,719,0
20111012,12.8,15.2,12.8,13.2,453,0
20111013,15.6,15.6,12.8,13.2,218,0
20111014,12.8,14,12,14,828,0
20111017,14,14,12,12,308,0
20111018,13.6,13.6,11.2,12.4,786,0
20111019,11.6,14.8,11.6,14,509,0
20111020,12.4,12.8,12,12,930,0
20111021,12,12,9.6,10.4,612,0
20111024,10,12,10,12,32,0
20111025,11.6,11.6,9.6,11.2,740,0
20111026,10,11.2,9.6,10,793,0
20111027,10.4,10.4,9.2,9.6,127,0
20111028,10.4,11.2,10,11.2,408,0
20111031,11.2,11.6,10.4,10.4,275,0
20111102,10.4,10.4,9.6,10.4,103,0
20111104,9.6,10.8,9.6,9.6,235,0
20111107,9.2,9.6,9.2,9.6,52,0
20111108,10.8,10.8,9.6,10.4,20,0
20111109,10.8,10.8,10,10,81,0
20111110,9.6,10.4,9.6,10.4,161,0
20111114,10.8,10.8,9.6,10.8,23,0
20111115,10.4,11.6,10.4,11.6,115,0
20111116,11.6,11.6,11.6,11.6,13,0
20111117,9.6,11.6,9.6,10.8,80,0
20111121,10.8,10.8,10.8,10.8,14,0
20111122,8.8,10.8,8.8,10.8,1,0
20111123,10,10.8,10,10.8,28,0
20111124,10.8,10.8,9.2,10.8,25,0
20111125,9.2,10.4,8.8,10.4,217,0
20111128,9.6,10.4,8.4,10.4,494,0
20111129,8,10,8,10,104,0
20111130,8,8,8,8,250,0
20111201,8.8,8.8,8.8,8.8,107,0
20111202,9.2,10.8,9.2,10,756,0
20111205,11.2,11.2,9.2,10,346,0
20111213,9.2,11.6,9.2,11.6,122,0
20111215,10.4,10.4,9.6,9.6,159,0
20111216,10.4,10.4,10.4,10.4,13,0
20111221,9.6,10.4,9.2,10.4,393,0
20111222,10,10,10,10,50,0
20111223,8.8,10.4,8.4,10.4,231,0
20111227,10,10,10,10,28,0
20111230,10,10.4,10,10.4,113,0
20120103,10.8,10.8,10.8,10.8,13,0
20120110,9.2,10.4,8.8,10.4,125,0
20120116,10.4,10.8,10.4,10.8,33,0
20120119,10.4,10.4,10.4,10.4,50,0
20120123,10.4,10.8,10.4,10.8,80,0
20120125,9.2,9.2,9.2,9.2,58,0
20120126,9.2,10.4,9.2,10.4,34,0
20120130,9.2,9.6,9.2,9.2,266,0
20120131,9.2,9.2,9.2,9.2,155,0
20120201,10,10,10,10,50,0
20120202,9.2,9.2,9.2,9.2,38,0
20120206,9.2,10,9.2,10,145,0
20120217,10,10,10,10,74,0
20120229,8.4,8.4,8.4,8.4,0,0
20120301,9.6,9.6,9.6,9.6,0,0
20120305,8.4,8.4,8.4,8.4,125,0
20120306,8,8,7.2,8,705,0
20120307,6.8,6.8,6.8,6.8,0,0
20120308,6.8,6.8,6.8,6.8,50,0
20120313,7.2,8.4,7.2,8.4,533,0
20120314,8.4,8.4,8.4,8.4,3,0
20120320,8.4,8.4,8.4,8.4,94,0
20120322,7.6,8.4,7.6,8.4,83,0
20120327,7.2,8,7.2,8,217,0
20120403,6.8,7.6,6.8,7.6,88,0
20120412,6.8,6.8,6.8,6.8,122,0
20120413,6.4,7.6,6.4,7.6,63,0
20120420,8,8,7.2,8,338,0
20120510,8,8,8,8,15,0
20120515,6.8,8,6.8,8,139,0
20120523,6.4,7.2,6.4,7.2,61,0
20120606,7.2,7.2,7.2,7.2,38,0
20120628,7.2,8,7.2,8,151,0
20120629,8,8.4,8,8.4,191,0
20120702,8,9.2,8,9.2,243,0
20120703,7.6,7.6,7.6,7.6,75,0
20120704,8.4,8.8,8.4,8.8,261,0
20120705,10,10.4,9.6,10.4,143,0
20120706,12,14.4,12,14.4,126,0
20120711,11.6,13.6,11.6,13.6,271,0
20120712,12,12,12,12,30,0
20120713,12.8,12.8,12.8,12.8,64,0
20120716,12.8,12.8,12,12,123,0
20120717,12,12,12,12,75,0
20120719,12,12,12,12,25,0
20120724,12,12,10.8,10.8,100,0
20120725,11.6,11.6,11.6,11.6,115,0
20120730,12,12,12,12,58,0
20120802,12.4,13.2,12.4,12.4,685,0
20120806,11.2,11.2,11.2,11.2,25,0
20120809,11.6,11.6,11.6,11.6,50,0
20120810,11.2,11.2,10.8,10.8,65,0
20120827,12,12,12,12,33,0
20120907,10.8,11.6,10.4,11.6,91,0
20120912,10.8,11.2,9.6,11.2,169,0
20120913,10.8,12,10.8,12,98,0
20120919,12,12,10,12,417,0
20120925,10,10,10,10,25,0
20120928,10.4,10.4,8.4,10,1187,0
20121001,10,10,10,10,86,0
20121002,8.4,8.4,8,8,269,0
20121003,8.8,8.8,8.8,8.8,125,0
20121009,7.6,7.6,7.6,7.6,250,0
20121010,7.6,8.4,7.6,8.4,125,0
20121011,6.8,8.8,6.8,8.8,263,0
20121012,8.8,8.8,8.8,8.8,125,0
20121015,8.8,8.8,8.8,8.8,0,0
20121016,8.8,9.2,8.8,9.2,100,0
20121017,8.8,8.8,8.8,8.8,50,0
20121018,9.6,9.6,9.6,9.6,0,0
20121019,9.6,9.6,9.6,9.6,0,0
20121022,9.6,9.6,9.6,9.6,281,0
20121023,10,10,10,10,0,0
20121025,10,12,9.2,10.4,4349,0
20121026,10,10.4,8.8,9.6,714,0
20121029,8.8,9.2,8.4,9.2,283,0
20121030,9.6,9.6,9.6,9.6,50,0
20121031,9.6,9.6,8.8,9.6,98,0
20121102,8.8,9.6,8.8,9.6,44,0
20121106,9.6,10,9.2,9.6,307,0
20121107,10,10,10,10,1,0
20121108,10,10,10,10,0,0
20121109,9.6,9.6,8.8,8.8,203,0
20121113,8.8,8.8,8,8.8,203,0
20121114,8.4,9.2,8,9.2,100,0
20121116,8.4,9.2,8.4,9.2,128,0
20121119,8,8.4,7.6,8.4,328,0
20121120,7.2,8,7.2,8,56,0
20121122,8.4,8.4,8.4,8.4,63,0
20121123,8.4,8.4,8,8.4,130,0
20121129,8,8.4,7.6,8.4,288,0
20121130,7.6,8.4,7.6,8.4,50,0
20121203,7.6,7.6,7.6,7.6,178,0
20121204,7.6,8,7.6,8,25,0
20121205,7.6,7.6,7.6,7.6,25,0
20121206,7.6,7.6,7.2,7.2,288,0
20121210,7.6,8,7.2,8,88,0
20121211,8,8,8,8,155,0
20121212,8.8,8.8,8.8,8.8,112,0
20121213,8.4,8.4,8.4,8.4,15,0
20121214,8.4,8.4,8.4,8.4,25,0
20121217,8.8,8.8,8,8,274,0
20121218,8.4,8.8,8.4,8.8,1354,0
20121219,8.8,9.2,8.8,9.2,558,0
20121220,9.2,9.2,9.2,9.2,188,0
20121221,9.2,9.6,8.8,9.6,252,0
20121228,8.8,9.6,8.4,9.6,151,0
20130102,10,11.2,10,11.2,53,0
20130103,10,10.4,10,10,376,0
20130104,10,10,9.6,9.6,275,0
20130107,10,10,9.6,9.6,230,0
20130108,9.6,9.6,9.2,9.6,78,0
20130109,9.6,11.2,9.6,11.2,963,0
20130110,11.2,11.2,10.4,11.2,2088,0
20130111,10.8,10.8,10.4,10.8,692,0
20130114,10.8,11.2,10.8,11.2,298,0
20130115,11.2,11.2,10,10.8,763,0
20130116,10.8,11.2,10.8,10.8,1100,0
20130117,10.8,11.2,10.4,11.2,197,0
20130118,11.2,11.2,10.4,11.2,290,0
20130122,10.4,10.8,10.4,10.8,92,0
20130123,10.4,10.8,10.4,10.8,163,0
20130124,10.8,10.8,10.4,10.8,121,0
20130125,10.8,11.2,10.8,11.2,308,0
20130128,11.2,11.2,10.4,11.2,604,0
20130129,10.4,11.2,10.4,11.2,60,0
20130130,10.8,11.2,10.8,11.2,488,0
20130204,10.4,11.2,10,11.2,225,0
20130208,10,10.4,10,10.4,258,0
20130211,10.8,10.8,10.8,10.8,13,0
20130212,10.8,10.8,10.8,10.8,5,0
20130213,10,10.4,10,10.4,330,0
20130214,10,10,9.6,10,260,0
20130215,10,10,10,10,25,0
20130219,9.6,10,9.6,10,100,0
20130220,10,10,10,10,99,0
20130221,9.6,9.6,9.6,9.6,75,0
20130222,9.6,10.4,9.6,10.4,175,0
20130225,10.4,10.4,10.4,10.4,55,0
20130301,10.4,10.8,10.4,10.8,66,0
20130304,10.8,10.8,10.4,10.8,204,0
20130305,10.4,11.2,10.4,11.2,246,0
20130306,10.8,10.8,10,10.8,139,0
20130307,10.4,10.4,10.4,10.4,50,0
20130308,10.8,10.8,10.8,10.8,3,0
20130312,10.8,10.8,10.4,10.4,126,0
20130313,10.4,10.4,10.4,10.4,13,0
20130314,10.8,10.8,10.4,10.4,150,0
20130315,10.8,11.2,10.8,11.2,134,0
20130318,10.4,11.2,10,11.2,40,0
20130319,10.8,10.8,10.8,10.8,22,0
20130320,10.4,10.4,10.4,10.4,50,0
20130321,10,10,10,10,240,0
20130322,10.4,11.2,10.4,10.8,387,0
20130325,10.4,10.8,10,10.8,76,0
20130326,8.8,9.6,8.8,9.6,740,0
20130327,9.6,9.6,9.6,9.6,100,0
20130328,9.2,9.6,9.2,9.6,50,0
20130408,9.6,10,9.6,10,125,0
20130410,9.6,10.8,9.6,10.8,53,0
20130417,10.4,10.8,10.4,10.8,250,0
20130422,9.6,10.4,9.6,10.4,50,0
20130425,9.6,10.4,9.6,10.4,125,0
20130506,10.4,10.4,10.4,10.4,100,0
20130507,10,10.4,10,10.4,62,0
20130508,9.6,10,8.8,10,325,0
20130509,10,10,10,10,113,0
20130510,10,10,9.2,10,275,0
20130513,9.2,10,9.2,10,22,0
20130514,9.2,9.2,8.4,9.2,263,0
20130516,8.4,8.4,8.4,8.4,505,0
20130517,8,8.8,8,8.8,172,0
20130605,8.8,8.8,8.8,8.8,138,0
20130606,8.8,9.2,8.8,9.2,113,0
20130613,9.2,9.2,9.2,9.2,131,0
20130614,9.2,9.2,9.2,9.2,52,0
20130617,9.6,9.6,9.6,9.6,148,0
20130624,9.2,9.6,9.2,9.6,25,0
20130628,9.6,10,9.6,10,128,0
20130701,8.8,9.2,8.8,9.2,500,0
20130705,8.8,8.8,8.8,8.8,255,0
20130708,9.2,9.2,9.2,9.2,85,0
20130716,8.8,8.8,8.8,8.8,78,0
20130718,8.8,8.8,8.8,8.8,7,0
20130722,8.4,8.8,8.4,8.8,306,0
20130723,8.4,8.8,8.4,8.8,125,0
20130801,8.4,8.4,8.4,8.4,75,0
20130805,8.8,9.2,8.8,9.2,600,0
20130808,8.4,9.2,8.4,9.2,152,0
20130809,8.4,9.2,8.4,9.2,103,0
20130814,8.8,8.8,8.8,8.8,127,0
20130819,8.8,8.8,8.8,8.8,63,0
20130821,8.8,9.2,8.4,9.2,75,0
20130823,8.4,8.8,8.4,8.8,25,0
20130828,8.4,8.4,8.4,8.4,50,0
20130830,8.8,9.2,8.8,9.2,109,0
20130902,9.2,9.2,9.2,9.2,0,0
20130903,9.2,10,9.2,10,1265,0
20130909,9.6,10,9.6,10,78,0
20130913,9.2,9.2,9.2,9.2,375,0
20130919,8.8,8.8,8.4,8.8,290,0
20131004,8.4,8.8,8.4,8.8,56,0
20131015,8.4,8.4,8.4,8.4,183,0
20131023,8,8.4,7.6,8.4,277,0
20131024,7.6,8,7.6,8,138,0
20131030,7.2,7.2,7.2,7.2,11,0
20131104,7.2,7.6,7.2,7.6,263,0
20131108,7.2,7.2,7.2,7.2,837,0
20131112,7.2,7.2,7.2,7.2,305,0
20131113,7.6,7.6,7.6,7.6,0,0
20131119,7.2,7.2,7.2,7.2,75,0
20131121,7.2,7.2,7.2,7.2,28,0
20131122,7.2,7.2,7.2,7.2,143,0
20131126,7.2,7.2,7.2,7.2,5,0
20131202,7.6,7.6,7.6,7.6,320,0
20131209,7.6,7.6,7.6,7.6,38,0
20131212,7.6,7.6,7.6,7.6,50,0
20131218,7.6,7.6,7.6,7.6,0,0
20131219,7.2,7.6,7.2,7.6,131,0
20131227,7.6,7.6,7.6,7.6,37,0
20131230,7.6,8,7.6,8,338,0
20140107,8.4,8.4,8.4,8.4,84,0
20140108,8,8,8,8,28,0
20140109,8.8,8.8,8.8,8.8,10,0
20140122,8.8,8.8,8.8,8.8,48,0
20140204,7.6,8,7.6,8,497,0
20140205,8,8,7.6,7.6,141,0
20140210,7.6,7.6,7.6,7.6,265,0
20140211,7.6,7.6,7.6,7.6,27,0
20140213,7.6,7.6,7.2,7.6,253,0
20140225,7.6,7.6,7.6,7.6,100,0
20140227,7.6,7.6,7.6,7.6,23,0
20140303,7.6,7.6,7.2,7.2,182,0
20140304,7.6,7.6,7.6,7.6,138,0
20140307,7.2,7.2,7.2,7.2,171,0
20140310,6.8,6.8,6.8,6.8,79,0
20140312,7.2,7.2,7.2,7.2,423,0
20140317,7.2,7.6,7.2,7.6,324,0
20140318,7.6,10.4,7.6,10.4,3170,0
20140319,12,16,10.4,11.6,6512,0
20140320,12.8,12.8,11.2,11.6,450,0
20140321,12,12,10.4,12,159,0
20140324,10.4,12,10.4,12,401,0
20140325,10.4,11.2,10.4,11.2,122,0
20140326,10.4,11.2,10.4,11.2,223,0
20140327,10.4,11.2,10.4,11.2,48,0
20140328,10.4,10.4,10.4,10.4,70,0
20140331,11.2,11.2,11.2,11.2,8,0
20140401,11.2,11.2,10,10,79,0
20140402,11.2,11.2,10,10,539,0
20140404,11.2,13.2,9.6,13.2,462,0
20140407,13.2,18,12.4,14.8,1310,0
20140408,14.8,18,14.8,18,2528,0
20140409,18.8,18.8,17.2,18.8,644,0
20140410,18.8,18.8,16,16,253,0
20140411,15.6,17.6,15.2,17.6,207,0
20140414,16,16,16,16,71,0
20140424,15.2,15.2,15.2,15.2,48,0
20140428,15.2,15.2,15.2,15.2,843,0
20140430,14.8,14.8,14.8,14.8,2,0
20140502,14.8,14.8,14.8,14.8,23,0
20140505,13.6,13.6,13.6,13.6,52,0
20140506,16,16.4,15.2,15.2,1520,0
20140507,14.8,14.8,14.8,14.8,73,0
20140513,14.4,14.4,14.4,14.4,38,0
20140516,15.2,15.2,15.2,15.2,150,0
20140522,14,14,14,14,2,0
20140527,15.6,15.6,15.6,15.6,33,0
20140530,14,14,14,14,48,0
20140605,14,14,14,14,155,0
20140606,14,14,14,14,34,0
20140627,16,16,16,16,5025,0
20140701,16.8,16.8,16.8,16.8,144,0
20140702,15.6,15.6,15.6,15.6,106,0
20140704,17.2,18,17.2,18,9836,0
20140707,16.4,17.6,16.4,17.6,528,0
20140711,17.6,17.6,17.6,17.6,13000,0
20140714,18,18,18,18,3353,0
20140716,16.4,16.8,16.4,16.8,2500,0
20140722,16.8,16.8,16.8,16.8,40,0
20140723,16.4,18,16.4,18,7275,0
20140724,19.6,21.6,19.6,21.6,100,0
20140725,21.6,21.6,21.6,21.6,63,0
20140728,18,18,18,18,160,0
20140729,18.8,18.8,18.8,18.8,80,0
20140730,18.8,18.8,18.8,18.8,46,0
20140801,18,18,18,18,8,0
20140805,20.4,20.4,20.4,20.4,60,0
20140806,20,20,20,20,52,0
20140811,20,20,20,20,12,0
20140812,18,18,18,18,28,0
20140813,19.6,21.6,19.6,21.6,4659,0
20140814,24,27.2,24,27.2,338,0
20140818,30,36,30,36,153,0
20140819,43.2,51.6,34.8,48.8,190,0
20140820,48.4,48.4,39.6,40,380,0
20140821,39.6,39.6,36,36,7,0
20140822,36,39.6,36,39.6,5,0
20140825,36,36,36,36,30,0
20140826,32,32,26,26,23,0
20140827,24,27.6,20,27.6,558,0
20140901,24.4,27.6,24.4,24.4,48,0
20140902,27.2,27.6,27.2,27.6,2,0
20140910,22.4,24,20,20,309,0
20140911,22,26,22,26,66,0
20140912,24,24,24,24,38,0
20140917,24.4,24.4,24.4,24.4,6,0
20140922,24,24,24,24,44,0
20140929,25.6,28.4,25.6,28.4,2393,0
20140930,30,36,30,30,2308,0
20141001,30,32,28,32,1550,0
20141002,33.6,38,33.6,38,1496,0
20141003,38.8,38.8,37.6,38,50,0
20141006,38.8,43.6,38.8,43.6,807,0
20141007,42,49.6,40,49.6,141,0
20141008,49.6,51.2,49.6,49.6,79,0
20141009,50,50,40,40,95,0
20141010,40.4,48.4,40,48.4,360,0
20141013,48,48,46.4,48,208,0
20141014,43.2,48,39.6,48,64,0
20141016,43.2,47.6,34.8,34.8,782,0
20141017,36,40,36,40,571,0
20141021,36,39.6,36,39.6,5,0
20141027,35.6,36,35.6,36,14,0
20141104,36,39.6,32,39.6,10,0
20141105,38.4,39.6,38.4,39.6,13,0
20141106,34,34,34,34,13,0
20141107,34,36,34,36,286,0
20141110,36,36,34,34,16,0
20141113,36,47.6,36,47.6,270,0
20141114,47.6,50,47.6,50,870,0
20141117,48,56,48,56,769,0
20141118,56,57.2,56,57.2,1636,0
20141119,55.6,56,52.8,52.8,2796,0
20141120,52.8,55.2,52.4,53.2,72,0
20141121,52.4,57.2,51.6,51.6,675,0
20141124,52,54,51.6,53.6,973,0
20141125,54,54,46.8,46.8,181,0
20141126,44,44,44,44,13,0
20141127,39.2,51.6,32,51.6,95,0
20141128,44,48,44,48,3,0
20141201,48,54,48,54,10,0
20141202,54,54,54,54,61,0
20141210,50,50,42,42,32,0
20141211,43.2,51.6,43.2,46,111,0
20141212,46,46,44,44,162,0
20141215,46,46,46,46,5,0
20141216,49.6,49.6,49.6,49.6,13,0
20141217,49.6,51.2,48.8,51.2,35,0
20141218,50,50,44.8,44.8,147,0
20141219,44.8,52,44,52,57,0
20141222,50,51.6,50,51.6,1759,0
20141229,52,54,51.2,51.2,92,0
20141230,47.2,57.6,42.4,57.6,300,0
20150102,50,50.8,50,50.8,57,0
20150107,45.2,45.2,40,40.8,89,0
20150109,44,44,42,42,2194,0
20150112,43.6,43.6,42,42,398,0
20150113,38,40.8,36,40.8,134,0
20150116,46,46,46,46,11,0
20150119,47.6,47.6,42,47.2,68,0
20150120,47.2,47.2,47.2,47.2,3,0
20150121,47.2,53.6,47.2,53.6,77,0
20150122,53.6,64,52,64,508,0
20150123,72.8,88,72.8,83.6,486,0
20150126,82.4,87.6,75.6,87.6,672,0
20150127,83.2,83.2,81.2,81.2,709,0
20150128,81.2,81.6,65.2,66,1501,0
20150129,66.8,76,53.6,72.8,3225,0
20150130,80,80,53.2,60.4,5068,0
20150202,64,64,41.2,41.2,6419,0
20150203,49.2,58.8,48.4,58.8,4254,0
20150204,62.8,62.8,50.4,51.6,7713,0
20150205,52,52,41.2,41.2,7766,0
20150206,41.6,55.6,41.2,52.8,12275,0
20150209,53.2,54,47.6,47.6,8039,0
20150210,47.6,47.6,41.2,41.6,10248,0
20150211,41.6,44.8,40.4,40.4,12277,0
20150212,40.8,42.4,37.2,37.6,6723,0
20150213,38.4,40.4,32,34,14558,0
20150216,34,35.2,28.4,28.8,11504,0
20150217,30,32,28,29.2,7122,0
20150218,28,28,22.4,22.4,16177,0
20150219,22,25.6,20.4,22,11122,0
20150220,23.2,23.2,19.6,21.2,11733,0
20150223,22,25.6,22,24,34731,0
20150224,24.4,24.8,22,23.2,23886,0
20150225,22.8,22.8,21.2,22,9705,0
20150226,21.2,22,19.6,20,13389,0
20150227,20.4,20.8,20,20,5759,0
20150302,20,20.8,18,20,15378,0
20150303,20,20.4,18.8,18.8,10149,0
20150304,18.8,18.8,16.8,17.2,12623,0
20150305,17.2,17.6,16.4,17.2,8055,0
20150306,17.6,19.6,17.2,18.8,22319,0
20150309,18.4,26.4,18,26.4,74134,0
20150310,30,30,22.4,22.8,128464,0
20150311,23.2,26.8,22.4,23.6,55652,0
20150312,23.6,24.4,19.2,19.6,63860,0
20150313,20,21.2,18.8,19.6,34424,0
20150316,20,20.8,18,19.2,35925,0
20150317,19.2,19.6,18.8,19.6,11333,0
20150318,20,22.4,19.2,19.6,64226,0
20150319,19.6,20.4,18.8,19.2,22893,0
20150320,19.2,19.2,18,18.8,15328,0
20150323,19.2,20,18.8,19.6,7631,0
20150324,19.2,19.2,18,18.4,12393,0
20150325,18.8,19.6,18.4,18.4,11249,0
20150326,18.4,19.2,18.4,19.2,2694,0
20150327,18.8,19.2,18.4,19.2,8656,0
20150330,19.2,19.2,18,18.4,8156,0
20150331,18.4,18.8,17.2,18.4,14852,0
20150401,17.6,18.4,17.6,18,3918,0
20150402,17.6,18,16.8,16.8,16029,0
20150407,16.8,16.8,15.2,16.4,11760,0
20150408,15.6,16,15.6,16,9720,0
20150409,16,18.8,16,18.4,28827,0
20150410,18.4,19.6,18.4,18.8,22916,0
20150413,19.2,21.2,19.2,20,17933,0
20150414,19.6,20.4,17.6,17.6,10456,0
20150415,18,18.8,17.6,18,5431,0
20150416,18.8,19.2,17.6,18.4,3075,0
20150417,18.4,18.8,17.6,18,4928,0
20150420,18.4,18.8,17.6,18.4,934,0
20150421,17.6,18.4,17.6,17.6,2252,0
20150422,18,18.4,17.6,18.4,1727,0
20150423,18.4,18.4,17.2,18,4442,0
20150424,17.6,18,17.6,18,2297,0
20150427,17.6,17.6,17.2,17.6,2597,0
20150428,17.6,17.6,16.4,17.6,4041,0
20150429,16.8,17.2,16.4,17.2,3005,0
20150430,16.4,17.2,16.4,17.2,879,0
20150504,16.4,16.8,16,16.4,2327,0
20150505,16.4,16.8,16,16.4,967,0
20150506,16,16.4,16,16.4,1461,0
20150507,16.8,20,16.8,18,40614,0
20150508,18,18,17.2,18,4502,0
20150511,17.6,18,17.2,17.2,5897,0
20150512,17.6,17.6,17.2,17.6,3282,0
20150513,17.6,17.6,16.8,16.8,4380,0
20150514,16.8,17.2,16.8,17.2,4158,0
20150515,17.2,17.2,16,16.8,3957,0
20150518,16.4,17.2,16,16.4,2268,0
20150519,16.4,16.4,15.2,16,7825,0
20150520,15.2,15.6,13.6,14.8,6949,0
20150521,14.4,15.2,14.4,14.8,2841,0
20150522,15.2,16.8,14.8,15.6,7388,0
20150525,15.6,16.8,14.8,15.2,7592,0
20150526,15.2,15.2,13.6,14,12472,0
20150527,14.4,14.4,13.2,14.4,9354,0
20150528,14.4,15.6,14,14.4,6404,0
20150529,14.4,14.8,12.8,13.2,13065,0
20150601,13.2,14,12.8,14,5642,0
20150602,14.4,14.4,13.2,14,2166,0
20150603,14,14.8,13.6,14,7678,0
20150605,14,14,13.2,14,929,0
20150608,14,14,13.2,13.6,1873,0
20150609,13.6,14,12.8,13.6,1531,0
20150610,13.6,13.6,12.8,13.6,2657,0
20150611,13.6,13.6,12.8,13.6,2090,0
20150612,13.2,13.6,12.8,13.6,719,0
20150615,13.2,13.6,12.8,13.2,2571,0
20150616,13.2,13.2,12.8,13.2,3563,0
20150617,13.2,13.2,12.4,12.8,2844,0
20150618,12.8,14,12.4,13.6,8768,0
20150619,13.2,14.8,13.2,14.8,21653,0
20150622,14.8,15.2,13.6,14.4,7561,0
20150623,14,14.8,14,14.4,2341,0
20150624,14.4,14.4,13.6,14.4,1586,0
20150625,14,14,13.6,14,1853,0
20150626,13.6,13.6,12.8,13.6,3437,0
20150629,13.2,13.2,12.4,13.2,3879,0
20150630,12.8,13.2,12.4,13.2,1645,0
20150701,12.4,13.2,12,12.4,5508,0
20150702,12,12.8,12,12.8,2173,0
20150703,12.8,12.8,12,12.4,113,0
20150706,12.4,12.8,12,12.8,538,0
20150707,12.8,12.8,12.4,12.8,717,0
20150708,12.8,12.8,12.4,12.8,2336,0
20150709,12.4,12.8,12,12.8,259,0
20150710,12.8,13.6,12.4,13.2,5786,0
20150713,13.6,15.2,13.6,14.4,15307,0
20150714,14.4,17.2,14.4,16.8,21631,0
20150715,17.2,17.2,16.4,16.4,9956,0
20150716,16.8,20.8,16.8,20.4,39993,0
20150717,20.8,21.2,18.8,19.2,18874,0
20150720,19.6,19.6,18,18,21942,0
20150721,18.4,18.4,16.8,17.6,10129,0
20150722,17.6,19.2,17.2,18.4,11919,0
20150723,18.4,18.4,17.2,18,4343,0
20150724,18,18,17.2,18,1595,0
20150727,17.6,18,16.8,17.6,2469,0
20150728,17.6,20.4,17.6,19.6,18287,0
20150729,20,21.2,20,20.4,18077,0
20150730,20,21.2,17.2,17.6,28796,0
20150731,17.6,18.4,17.2,17.6,20225,0
20150803,17.6,17.6,15.2,15.6,26229,0
20150804,15.2,15.6,13.2,13.6,24711,0
20150805,13.2,15.2,13.2,15.2,28297,0
20150806,15.2,16,14.8,15.2,19125,0
20150807,15.2,15.2,14,14.4,16299,0
20150810,14.4,14.4,13.2,13.2,32466,0
20150811,12.8,13.2,12,12.4,32213,0
20150812,12.4,13.6,12.4,13.6,8654,0
20150813,13.2,13.2,12,12,34308,0
20150814,12.4,12.8,12,12.8,5425,0
20150817,12.8,13.6,12.8,13.6,17023,0
20150818,14,14,12.8,12.8,8303,0
20150819,12.8,13.2,12.4,12.8,4440,0
20150820,12.8,14,12.4,13.6,16279,0
20150821,13.6,14,12.4,12.4,20354,0
20150824,12.4,12.4,11.2,12,24631,0
20150825,11.6,12.4,11.6,12,11902,0
20150826,12,12,11.6,12,3399,0
20150827,12.4,12.8,11.2,11.6,33712,0
20150828,11.6,11.6,10.4,11.2,30506,0
20150831,10.8,11.2,9.6,10,59305,0
20150901,8.8,10,8.8,10,45817,0
20150902,10,10,8.8,9.2,16239,0
20150903,9.2,9.6,8.8,9.2,9619,0
20150904,8.8,9.2,8.4,8.4,19596,0
20150907,8.8,8.8,8.4,8.4,6497,0
20150908,8.4,9.6,8,9.2,44848,0
20150909,8.8,9.2,7.6,7.6,132045,0
20150910,7.6,8,7.2,7.6,16101,0
20150911,7.2,7.6,6.8,7.6,42853,0
20150914,7.6,7.6,6.8,7.6,10348,0
20150915,7.2,7.2,6.4,6.4,109979,0
20150916,6.4,8,6,7.2,73836,0
20150917,7.2,8,6.8,7.2,28767,0
20150918,7.6,7.6,6.8,7.6,41107,0
20150921,7.2,7.2,6.8,7.2,19901,0
20150922,6.8,7.2,6.4,7.2,50699,0
20150923,7.2,7.2,6.4,7.2,13063,0
20150924,7.2,7.2,6.4,6.4,7252,0
20150925,6.4,6.8,6,6.4,29366,0
20150928,6,6.4,5.6,6,17977,0
20150929,6,6.8,5.6,6,27675,0
20150930,6.4,6.4,6,6.4,8307,0
20151001,6,6.4,5.6,6.4,11738,0
20151002,6.4,6.4,6,6.4,6195,0
20151005,6.4,6.8,6,6.8,11325,0
20151006,6.8,6.8,6,6.8,3392,0
20151007,6.4,6.8,6,6.4,17123,0
20151008,6.8,6.8,6,6.8,13546,0
20151009,6.8,8,6,8,118428,0
20151012,8.8,10,8,10,226917,0
20151013,12,13.6,11.2,13.6,347954,0
20151014,12.8,13.2,10,10,494785,0
20151015,9.2,10.8,8.8,10,250827,0
20151016,10,10.4,8.8,9.2,76639,0
20151019,8.8,10,8.4,9.2,111197,0
20151020,9.2,9.6,8.8,9.2,45220,0
20151021,9.2,9.6,8.8,9.2,13881,0
20151022,9.6,10,8.8,9.2,47645,0
20151023,9.2,9.2,8,8.4,90395,0
20151026,8.4,8.4,7.2,8,67492,0
20151027,7.6,8,7.2,7.2,17331,0
20151028,7.2,7.6,6.8,7.2,30314,0
20151112,6.88,6.88,6.04,6.21,33246,0
20151113,6.05,6.59,5.83,6.4,17886,0
20151116,6.39,6.39,5.8,5.89,8601,0
20151117,5.72,6.25,5.24,5.33,23667,0
20151118,5.3,5.44,5,5.01,14728,0
20151119,4.86,4.99,4.75,4.96,22340,0
20151120,4.9,5.38,4.76,5.32,32135,0
20151123,5.32,5.4,5.1,5.31,8992,0
20151124,5.31,5.31,5.07,5.07,3172,0
20151125,5.08,5.15,4.9,5.13,3197,0
20151126,5.13,5.13,4.8,4.99,2630,0
20151127,4.82,4.96,4.7,4.94,3678,0
20151130,4.8,4.84,4.64,4.8,2763,0
20151201,4.8,4.86,4.61,4.84,5408,0
20151202,4.8,4.8,4.67,4.67,5019,0
20151203,4.66,4.75,4.5,4.72,9157,0
20151204,4.72,4.74,4.45,4.62,6477,0
20151207,4.6,4.6,4.24,4.24,8636,0
20151208,4.31,4.39,4.02,4.09,5045,0
20151209,4.09,4.22,4.02,4.17,5569,0
20151210,4.22,4.95,4,4.88,15594,0
20151211,4.9,5.47,4.88,5.47,22834,0
20151214,5.87,6.4,5.65,5.73,39792,0
20151215,5.73,5.99,5.2,5.21,11708,0
20151216,5.21,5.41,4.85,4.94,8588,0
20151217,4.82,5.45,4.8,5.02,13485,0
20151218,5.12,5.29,5,5.1,1947,0
20151221,4.96,5.19,4.82,5.19,6551,0
20151222,5.01,5.3,5,5.29,4906,0
20151223,5.29,5.49,5.17,5.47,4352,0
20151228,5.48,5.48,5.09,5.09,12501,0
20151229,5.39,5.39,5.11,5.25,3321,0
20151230,5.17,5.32,5.13,5.32,3674,0
20160104,5.32,5.4,5.25,5.4,741,0
20160105,5.21,5.29,5.04,5.29,5742,0
20160107,5.04,5.15,4.82,5.15,5097,0
20160108,5.15,5.15,4.65,4.8,9057,0
20160111,4.81,5.08,4.81,4.99,1832,0
20160112,4.98,4.98,4.66,4.93,1067,0
20160113,4.92,4.92,4.62,4.79,2887,0
20160114,4.79,4.79,4.65,4.75,1604,0
20160115,4.62,4.7,4.45,4.55,4185,0
20160118,4.55,4.55,4.35,4.4,2692,0
20160119,4.32,4.44,4.3,4.44,1454,0
20160120,4.44,4.44,4.06,4.44,3166,0
20160121,4.2,4.41,4.17,4.25,1684,0
20160122,4.5,4.5,4.06,4.4,3233,0
20160125,4.41,4.47,4.18,4.47,1699,0
20160126,4.2,4.49,4.2,4.45,1078,0
20160127,4.35,4.44,4.17,4.43,152,0
20160128,4.17,4.4,4.17,4.4,1217,0
20160129,4.2,4.4,4.12,4.39,2516,0
20160201,4.15,4.35,4.15,4.35,778,0
20160202,4.17,4.33,4.02,4.04,6334,0
20160203,4.1,4.2,4.05,4.19,1367,0
20160204,4.21,4.22,4.04,4.18,3854,0
20160205,4.1,4.27,4.1,4.27,2550,0
20160208,4.39,4.39,4.1,4.3,1483,0
20160209,4.37,4.37,4.11,4.33,1465,0
20160210,4.4,4.58,4.2,4.45,6024,0
20160211,4.55,4.55,4.1,4.4,5169,0
20160212,4.4,4.4,4.2,4.4,225,0
20160215,4.4,4.4,4.22,4.39,1054,0
20160216,4.22,4.38,4.2,4.37,182,0
20160217,4.37,4.57,4.25,4.57,3879,0
20160218,4.57,4.78,4.45,4.75,6831,0
20160219,4.65,5.1,4.65,4.99,8265,0
20160222,5.1,5.3,4.99,5.3,12459,0
20160223,5.32,5.78,5.22,5.77,13629,0
20160224,5.76,6.17,5.76,5.99,26917,0
20160225,5.87,6.99,5.65,6.4,72245,0
20160226,6.75,6.81,6.33,6.74,27636,0
20160229,6.77,6.89,6.5,6.64,13339,0
20160301,6.64,6.64,6.2,6.47,7272,0
20160302,6.2,6.2,5.6,5.9,36643,0
20160303,5.83,5.83,5.28,5.63,10777,0
20160304,5.63,5.63,5.46,5.6,2688,0
20160307,5.25,5.55,5.07,5.44,3995,0
20160308,5.33,5.39,5.05,5.37,3349,0
20160309,5.15,5.8,5.15,5.8,4916,0
20160310,5.79,5.93,5.48,5.86,8908,0
20160311,5.8,6.18,5.8,5.96,4740,0
20160314,5.96,6,5.7,5.75,5786,0
20160315,5.75,5.95,5.62,5.67,5948,0
20160316,5.51,5.87,5.51,5.83,1067,0
20160317,5.79,5.82,5.6,5.8,300,0
20160318,5.6,5.75,5.59,5.75,135,0
20160321,5.75,5.75,5.32,5.59,754,0
20160322,5.09,5.38,5,5.15,14147,0
20160323,5.3,5.3,5,5.1,3397,0
20160324,5.2,5.2,4.85,5.15,7014,0
20160329,5.1,5.14,4.89,5.14,2548,0
20160330,4.91,5.1,4.89,5.08,4471,0
20160331,5,5.11,5,5.1,3358,0
20160401,5.19,5.43,5.18,5.34,2572,0
20160404,5.35,5.57,5.35,5.55,8226,0
20160405,5.59,5.59,5.41,5.55,1311,0
20160406,5.51,5.51,5.14,5.49,5082,0
20160407,5.2,5.39,5.05,5.37,2976,0
20160408,5.13,5.3,5.13,5.3,589,0
20160411,5.3,6.28,5.28,6.08,38351,0
20160412,6.07,6.07,5.5,5.85,5191,0
20160413,5.76,5.88,5.52,5.8,4330,0
20160414,5.94,5.94,5.7,5.84,2626,0
20160415,5.88,5.9,5.52,5.85,3535,0
20160418,5.82,5.9,5.66,5.9,7006,0
20160419,5.9,6.29,5.9,6.15,17407,0
20160420,6.2,6.2,5.85,6.09,7581,0
20160421,5.9,6.08,5.8,5.95,2705,0
20160422,5.95,6.08,5.8,6.08,9749,0
20160425,6.08,6.19,5.96,6,2489,0
20160426,6,6,5.51,5.94,1591,0
20160427,5.85,5.9,5.85,5.9,251,0
20160428,6,6,5.61,5.85,4508,0
20160429,5.85,5.92,5.66,5.66,1518,0
20160502,5.8,5.81,5.62,5.81,4,0
20160504,5.8,5.8,5.44,5.76,5890,0
20160505,5.65,5.78,5.65,5.78,481,0
20160506,5.65,5.77,5.5,5.67,1725,0
20160509,5.53,5.65,5.35,5.35,3519,0
20160510,5.3,5.35,4.91,5.16,9718,0
20160511,4.92,5.73,4.92,5.6,1963,0
20160512,5.15,5.39,5.15,5.39,5475,0
20160513,5.2,5.49,5.2,5.48,2105,0
20160516,5.1,5.3,5.1,5.3,392,0
20160517,5.1,5.19,4.9,5.18,9808,0
20160518,5.11,5.18,5.1,5.16,3497,0
20160519,5.03,5.18,5.03,5.17,1819,0
20160520,5.14,5.24,5.01,5.18,455,0
20160523,5.01,5.18,4.95,5.18,254,0
20160524,4.95,5.17,4.95,5.16,2381,0
20160525,5,5.17,5,5.15,863,0
20160530,5.01,5.05,5,5.05,238,0
20160531,5,5.05,4.66,5.04,7067,0
20160601,5,5,4.99,5,4862,0
20160602,4.91,4.95,4.9,4.9,910,0
20160603,5.1,5.1,4.85,5.08,182,0
20160606,4.85,4.95,4.75,4.95,1940,0
20160607,4.81,5.06,4.75,5,2464,0
20160609,4.95,4.95,4.95,4.95,20,0
20160610,4.83,4.95,4.83,4.95,128,0
20160613,4.85,4.94,4.8,4.94,991,0
20160614,4.8,4.85,4.6,4.85,2484,0
20160615,4.87,5,4.75,4.95,882,0
20160616,4.76,4.92,4.6,4.9,2146,0
20160617,4.62,4.85,4.55,4.55,1391,0
20160620,4.6,4.85,4.6,4.85,537,0
20160621,4.82,4.82,4.56,4.82,538,0
20160622,4.55,4.78,4.41,4.78,3326,0
20160623,4.8,4.8,4.8,4.8,30,0
20160624,4.4,4.76,4.4,4.76,1731,0
20160627,4.52,4.78,4.52,4.78,633,0
20160628,4.54,4.75,4.52,4.74,1441,0
20160629,4.71,4.74,4.55,4.7,879,0
20160630,4.74,4.75,4.6,4.74,1590,0
20160701,4.6,4.73,4.53,4.7,1591,0
20160704,4.53,4.6,4.53,4.53,521,0
20160705,4.53,4.68,4.52,4.68,283,0
20160706,4.67,4.68,4.67,4.68,320,0
20160707,4.68,4.74,4.68,4.74,396,0
20160708,4.74,5.04,4.74,5.04,1291,0
20160711,5.08,5.09,4.82,5.09,961,0
20160712,4.95,5,4.83,4.95,360,0
20160713,4.82,4.82,4.8,4.8,838,0
20160714,4.6,4.97,4.6,4.97,302,0
20160715,4.9,4.99,4.62,4.7,1799,0
20160718,4.7,4.92,4.7,4.8,252,0
20160719,4.72,4.9,4.7,4.89,2199,0
20160720,4.85,4.85,4.72,4.83,311,0
20160722,4.83,4.89,4.8,4.83,1816,0
20160725,4.72,4.8,4.72,4.8,151,0
20160726,4.66,4.8,4.52,4.78,2083,0
20160727,4.65,4.78,4.6,4.76,1429,0
20160728,4.6,4.72,4.55,4.72,116,0
20160729,4.6,4.72,4.5,4.72,1788,0
20160801,4.51,4.7,4.51,4.7,250,0
20160802,4.59,4.59,4.25,4.5,3315,0
20160803,4.25,4.49,4.25,4.49,2219,0
20160804,4.25,4.55,4.24,4.55,3789,0
20160805,4.42,4.64,4.36,4.38,1618,0
20160808,4.5,4.5,3.65,4.32,13709,0
20160809,4.15,4.32,4.15,4.24,333,0
20160810,4.13,4.29,4.05,4.29,2949,0
20160811,4.27,4.27,4.11,4.2,411,0
20160812,4.12,4.2,4.06,4.2,3177,0
20160817,4.1,4.18,4,4.03,2352,0
20160818,4.05,4.17,4,4.17,893,0
20160819,4.18,4.18,4.18,4.18,300,0
20160822,4.2,4.2,4.2,4.2,40,0
20160823,4.01,4.01,4.01,4.01,150,0
20160824,4.09,4.2,3.72,4.2,3171,0
20160825,4.1,4.38,4.1,4.37,1107,0
20160826,4.35,4.35,4,4.33,560,0
20160830,3.74,4.22,3.74,4.22,3149,0
20160831,3.9,4.17,3.9,4.14,2382,0
20160901,4.15,4.15,4.01,4.01,450,0
20160902,4.01,4.13,4.01,4.13,1531,0
20160905,4.1,4.1,3.8,4.02,1020,0
20160906,4.02,4.08,4,4.08,520,0
20160907,4,4.01,3.69,3.74,7421,0
20160908,3.7,3.95,3.7,3.95,2154,0
20160909,3.71,4.02,3.71,4,1706,0
20160912,3.81,4,3.8,3.98,561,0
20160913,3.98,3.98,3.78,3.98,2370,0
20160914,3.9,3.97,3.8,3.9,252,0
20160915,3.9,3.97,3.9,3.96,367,0
20160916,3.96,4,3.9,4,681,0
20160919,3.99,4,3.98,4,936,0
20160920,4,4.04,4,4.03,1235,0
20160921,4,4.21,4,4.2,749,0
20160922,4.16,4.16,3.95,4.05,1516,0
20160923,4.15,4.15,3.85,4.14,2204,0
20160926,3.8,4.06,3.79,4.06,2214,0
20160927,3.8,4.09,3.8,4.05,2196,0
20160928,3.82,4.02,3.82,4.01,1052,0
20160930,3.86,4,3.86,3.99,445,0
20161003,3.99,4.02,3.85,4,935,0
20161004,4,4,3.73,4,1000,0
20161005,3.76,3.83,3.73,3.83,3207,0
20161006,3.99,3.99,3.9,3.97,240,0
20161007,3.99,4.15,3.83,4.15,4770,0
20161010,4.05,4.05,3.92,4.05,205,0
20161011,4,4,3.95,4,344,0
20161012,4.09,4.09,3.92,4.09,1383,0
20161013,4.05,4.05,3.8,3.92,2387,0
20161014,4,4,3.74,3.88,3610,0
20161017,3.89,3.91,3.89,3.9,732,0
20161018,3.9,4.06,3.82,3.98,816,0
20161019,3.82,3.97,3.78,3.78,2801,0
20161020,3.78,3.96,3.75,3.76,6476,0
20161021,4.04,4.1,3.83,4.07,4394,0
20161024,3.91,4.04,3.85,3.85,7182,0
20161025,3.82,3.88,3.74,3.88,2360,0
20161026,3.87,3.96,3.87,3.96,1590,0
20161027,3.96,4.05,3.83,4.05,2864,0
20161028,4.05,4.05,3.92,3.94,4011,0
20161031,3.92,3.92,3.79,3.92,3040,0
20161102,3.8,3.97,3.8,3.95,461,0
20161103,3.9,3.9,3.9,3.9,25,0
20161104,3.85,3.89,3.79,3.85,5748,0
20161107,3.8,3.84,3.72,3.84,2986,0
