Date,Open,High,Low,Close,Volume,OpenInt
20080623,5.4791,5.5008,5.0532,5.2697,31845,0
20080624,5.407,5.407,5.0892,5.3348,4806,0
20080625,5.1182,5.3924,5.1182,5.3924,112,0
20080627,5.2697,5.2697,5.2697,5.2697,190,0
20080701,5.0532,5.0532,5.0532,5.0532,140,0
20080702,4.8439,5.0532,4.8439,5.0532,3913,0
20080703,4.9449,4.9449,4.9449,4.9449,1656,0
20080707,4.981,4.981,4.981,4.981,734,0
20080708,4.981,5.2988,4.9089,5.2988,4848,0
20080709,4.8511,5.1904,4.8511,5.1904,8376,0
20080711,4.981,5.1615,4.981,5.1615,1847,0
20080715,4.9089,4.9089,4.9089,4.9089,2078,0
20080716,4.9089,4.9089,4.9089,4.9089,233,0
20080722,4.8366,5.1904,4.8366,5.1904,624,0
20080724,5.703,5.703,5.703,5.703,14,0
20080725,5.1615,5.4286,5.1615,5.4286,1573,0
20080729,5.4286,5.4286,5.4286,5.4286,69,0
20080730,4.9016,4.9089,4.9016,4.9089,2148,0
20080731,4.9882,5.3131,4.9882,5.3131,1525,0
20080805,5.1254,5.2553,5.1254,5.1254,1342,0
20080811,5.1759,5.1759,5.1759,5.1759,118,0
20080812,5.3348,5.3348,5.3348,5.3348,1,0
20080818,5.3348,5.3348,5.1254,5.1254,523,0
20080820,5.1254,5.1254,5.1254,5.1254,263,0
20080822,5.3276,5.3276,5.3276,5.3276,1,0
20080825,5.3276,5.3276,5.3276,5.3276,473,0
20080829,5.4286,5.4286,5.4286,5.4286,5,0
20080902,5.4286,5.4286,5.4286,5.4286,140,0
20080905,5.4359,5.4359,5.3204,5.407,484,0
20080908,5.2988,5.2988,5.2988,5.2988,1099,0
20080909,5.2988,5.2988,5.2988,5.2988,278,0
20080912,5.3781,5.3781,5.0172,5.0892,7295,0
20080915,4.981,5.1976,4.981,5.1976,1544,0
20080916,5.0892,5.1976,5.0892,5.1976,486,0
20080917,5.0892,5.0892,5.0532,5.0532,1572,0
20080918,4.9521,4.9521,4.9521,4.9521,1607,0
20080919,4.8511,4.8511,4.75,4.8511,1333,0
20080922,4.9521,4.9521,4.8511,4.9521,1709,0
20080923,5.0532,5.0532,4.9521,4.9521,1648,0
20080925,4.7645,4.8439,4.7283,4.8439,1614,0
20080930,5.1904,5.1904,5.1904,5.1904,5,0
20081002,4.8439,5.046,4.8439,4.9449,3806,0
20081003,4.7716,4.7716,4.7716,4.7716,1171,0
20081006,4.714,4.714,4.714,4.714,162,0
20081008,4.6416,4.6416,4.5263,4.5263,3481,0
20081010,4.3096,4.3096,4.3096,4.3096,1274,0
20081013,4.2302,4.2302,4.2302,4.2302,1800,0
20081014,4.2591,4.2591,4.1654,4.1654,1747,0
20081016,4.0426,4.2518,3.9776,3.9776,1983,0
20081017,3.8982,3.8982,3.8044,3.8044,2896,0
20081023,3.6456,3.6456,3.5085,3.5085,1836,0
20081027,3.5373,3.5373,3.5373,3.5373,149,0
20081029,3.2557,3.2846,3.2557,3.2846,1128,0
20081031,3.7538,3.7538,3.7538,3.7538,27,0
20081103,4.1291,4.4756,4.1146,4.4756,437,0
20081104,4.2591,4.2591,4.2591,4.2591,69,0
20081105,4.2591,4.6851,4.2591,4.3458,997,0
20081107,4.6851,4.6851,4.6851,4.6851,8,0
20081110,4.223,4.2591,4.223,4.223,1637,0
20081112,4.5118,4.5118,4.5118,4.5118,1871,0
20081113,4.4686,4.4686,4.4686,4.4686,1,0
20081119,4.3313,4.3313,4.3313,4.3313,24,0
20081124,4.1508,4.1508,3.826,4.1508,582,0
20081125,3.826,3.826,3.826,3.826,1054,0
20081127,3.6093,3.6093,3.6093,3.6093,27,0
20081128,4.1508,4.1508,4.1508,4.1508,5,0
20081202,4.1146,4.1146,4.0426,4.0426,105,0
20081205,3.6383,3.6383,3.6383,3.6383,5,0
20081208,3.9992,3.9992,3.6383,3.6383,4130,0
20081210,3.6816,3.6816,3.4652,3.6672,91220,0
20081211,3.6528,3.6528,3.4652,3.4652,3155,0
20081215,3.3928,3.3928,3.3928,3.3928,1202,0
20081223,3.2485,3.2485,3.2485,3.2485,18148,0
20081229,3.2773,3.2773,3.2773,3.2773,18148,0
20090105,2.9597,2.9597,2.9597,2.9597,27,0
20090106,2.967,2.967,2.967,2.967,140,0
20090107,2.9309,2.9309,2.9309,2.9309,27,0
20090109,3.2195,3.2195,2.9309,2.9309,2572,0
20090112,2.7793,2.7793,2.7793,2.7793,2466,0
20090113,3.0319,3.0319,3.0319,3.0319,832,0
20090115,2.9597,2.9597,2.9597,2.9597,623,0
20090116,2.8153,2.8153,2.8153,2.8153,48,0
20090119,3.0319,3.0319,3.0319,3.0319,14,0
20090120,3.1041,3.1041,3.1041,3.1041,19,0
20090121,2.8514,3.1041,2.8514,3.1041,51,0
20090123,2.8153,3.1041,2.8153,3.1041,30,0
20090126,2.8876,2.8876,2.8876,2.8876,5263,0
20090203,3.1041,3.1041,3.1041,3.1041,3,0
20090205,2.7937,2.7937,2.7937,2.7937,1033,0
20090210,2.7937,2.7937,2.7937,2.7937,412,0
20090223,2.8153,2.9597,2.6709,2.9597,327,0
20090226,2.8876,2.8876,2.8876,2.8876,1519,0
20090227,2.5988,2.6855,2.5988,2.6855,1691,0
20090303,2.5267,2.9526,2.5267,2.9526,3,0
20090304,2.9237,2.9237,2.7071,2.7071,4,0
20090305,2.7143,2.7721,2.7071,2.7721,2603,0
20090312,2.5267,2.5988,2.5267,2.5267,4922,0
20090316,2.3822,2.6637,2.3822,2.6637,581,0
20090318,2.57,2.57,2.3822,2.4833,7359,0
20090319,2.4833,2.4833,2.4833,2.4833,415,0
20090323,2.2379,2.3605,2.2379,2.3605,8945,0
20090324,2.31,2.31,2.1657,2.2522,18182,0
20090325,2.2522,2.2595,2.2018,2.2595,4508,0
20090326,2.2234,2.3462,2.2234,2.2738,109329,0
20090327,2.2956,2.3605,2.1801,2.3605,1752,0
20090330,2.31,2.31,2.2522,2.2522,111931,0
20090331,2.2522,2.2522,2.2451,2.2522,2106,0
20090401,2.1945,2.2018,2.1295,2.1295,9733,0
20090402,2.1295,2.144,2.1295,2.1295,4282,0
20090403,2.1224,2.1295,2.0934,2.1295,8984,0
20090406,2.3172,2.3172,2.1008,2.1657,79936,0
20090407,2.1657,2.1657,2.1512,2.1657,13480,0
20090408,2.1512,2.3605,2.1512,2.2451,13743,0
20090409,2.2668,2.3317,2.2379,2.3028,18220,0
20090414,2.3822,2.4543,2.3462,2.3605,37798,0
20090415,2.3534,2.6781,2.31,2.6348,103939,0
20090416,2.6421,2.7721,2.4977,2.6494,34310,0
20090417,2.6565,2.6565,2.4905,2.5267,16209,0
20090420,2.4905,2.5267,2.4543,2.4543,3629,0
20090421,2.3172,2.4543,2.2451,2.4543,7646,0
20090422,2.5195,2.5195,2.3028,2.4471,35853,0
20090423,2.4543,2.4543,2.3751,2.3822,18029,0
20090424,2.411,2.411,2.2956,2.2956,4356,0
20090427,2.3462,2.3462,2.31,2.31,2881,0
20090428,2.2738,2.3317,2.2379,2.3317,6416,0
20090429,2.209,2.3462,2.209,2.2738,5043,0
20090430,2.2956,2.3605,2.2595,2.2595,10469,0
20090504,2.3028,2.3317,2.2885,2.3028,20191,0
20090505,2.3028,2.3534,2.1657,2.1657,21724,0
20090506,2.2885,2.3028,2.1657,2.2161,21556,0
20090507,2.2161,2.2738,2.2161,2.2161,23665,0
20090508,2.2379,2.31,2.2379,2.31,8934,0
20090511,2.31,2.31,2.2018,2.209,45903,0
20090512,2.31,2.31,2.31,2.31,41,0
20090513,2.2738,2.3605,2.2738,2.3605,18328,0
20090514,2.3605,2.5915,2.3317,2.5411,30476,0
20090515,2.1657,2.3679,2.1657,2.3317,47384,0
20090518,2.3172,2.3895,2.209,2.3462,4369,0
20090519,2.3462,2.3462,2.2379,2.3317,14120,0
20090520,2.2522,2.3317,2.2379,2.3317,1558,0
20090521,2.2379,2.3462,2.2379,2.31,1999,0
20090522,2.31,2.31,2.2522,2.2738,1941,0
20090525,2.2522,2.2522,2.1657,2.2379,6178,0
20090526,2.2738,2.2738,2.2738,2.2738,879,0
20090527,2.3246,2.3246,2.3246,2.3246,415,0
20090529,2.2306,2.2738,2.1801,2.2738,1800,0
20090601,2.2738,2.2885,2.2738,2.2885,2090,0
20090602,2.2451,2.2738,2.2379,2.2451,4350,0
20090603,2.2522,2.2522,2.2234,2.2234,3159,0
20090604,2.2379,2.2379,2.2379,2.2379,4079,0
20090605,2.209,2.2379,2.209,2.2379,624,0
20090608,2.2161,2.2161,2.2161,2.2161,207,0
20090609,2.2668,2.2668,2.2668,2.2668,14,0
20090610,2.2668,2.2738,2.2234,2.2668,596,0
20090615,2.2738,2.2738,2.1945,2.1945,3130,0
20090619,2.1801,2.2379,2.1657,2.2379,2595,0
20090622,2.2379,2.2379,2.1657,2.1657,2360,0
20090623,2.1657,2.2522,2.1657,2.2522,2668,0
20090624,2.2595,2.2595,2.2595,2.2595,513,0
20090625,2.2595,2.2738,2.2595,2.2595,11685,0
20090629,2.2668,2.2668,2.2668,2.2668,1316,0
20090630,2.2738,2.4184,2.2738,2.3822,20571,0
20090701,2.3895,2.3895,2.3822,2.3822,4037,0
20090702,2.3822,2.5195,2.3822,2.5195,9370,0
20090703,2.5122,2.6709,2.4977,2.6421,21671,0
20090706,2.6494,2.6494,2.5267,2.5267,8450,0
20090707,2.5267,2.5627,2.4977,2.5554,5565,0
20090708,2.6494,2.6494,2.476,2.4905,2432,0
20090709,2.5267,2.5267,2.5267,2.5267,1,0
20090710,2.411,2.5051,2.3967,2.3967,15251,0
20090713,2.31,2.4399,2.2379,2.4399,1670,0
20090714,2.3462,2.3822,2.3462,2.3822,8722,0
20090715,2.3822,2.4399,2.3822,2.4399,1662,0
20090716,2.5122,2.5122,2.5122,2.5122,848,0
20090717,2.5122,2.5122,2.3822,2.4977,1392,0
20090720,2.4833,2.4905,2.4256,2.4833,8865,0
20090721,2.5195,2.5267,2.4905,2.4905,11223,0
20090722,2.4905,2.4905,2.4833,2.4833,262,0
20090723,2.476,2.4833,2.476,2.4833,1386,0
20090724,2.5267,2.5988,2.4833,2.5195,16268,0
20090727,2.5627,2.5627,2.5484,2.5484,14547,0
20090728,2.5267,2.5338,2.5267,2.5338,6134,0
20090730,2.7865,3.1836,2.7865,3.1836,25212,0
20090731,3.3928,3.4579,3.2123,3.4579,30899,0
20090803,3.4579,3.5011,3.4002,3.4362,12028,0
20090804,3.4218,3.4506,3.3207,3.328,13503,0
20090805,3.4579,3.4579,3.2773,3.4145,113,0
20090806,3.3207,3.8982,3.3207,3.7394,63528,0
20090807,3.7321,3.8982,3.5011,3.7178,16354,0
20090810,3.7394,3.7538,3.6238,3.7032,13556,0
20090811,3.7538,3.8115,3.6816,3.6889,36486,0
20090812,3.6093,3.7321,3.5229,3.6816,37390,0
20090813,3.6816,3.8765,3.6816,3.8765,8031,0
20090814,3.8404,3.8621,3.7898,3.8621,1982,0
20090817,3.7321,3.7321,3.6889,3.6889,1293,0
20090818,3.7321,3.7321,3.5156,3.6816,8365,0
20090819,3.5085,3.6816,3.4652,3.66,879,0
20090820,3.6672,3.826,3.6093,3.6093,31286,0
20090821,3.6238,3.7538,3.6238,3.7178,2409,0
20090824,3.826,3.8909,3.7032,3.7032,5990,0
20090825,3.7178,3.826,3.7178,3.7178,3210,0
20090826,3.7249,3.826,3.7249,3.826,12089,0
20090827,3.8188,3.8909,3.7178,3.7178,5263,0
20090828,3.8621,4.0426,3.696,4.0426,18554,0
20090831,3.9343,3.9704,3.9343,3.9704,1847,0
20090901,3.9704,3.9704,3.826,3.8982,4020,0
20090902,3.696,3.9271,3.696,3.9198,1061,0
20090903,3.826,3.826,3.826,3.826,525,0
20090904,3.6528,3.8982,3.6528,3.696,2281,0
20090907,3.696,3.7898,3.6166,3.7898,488,0
20090908,3.6238,3.6238,3.4794,3.6093,2163,0
20090909,3.5662,3.5662,3.5373,3.5373,693,0
20090910,3.6093,3.6093,3.5373,3.5373,3602,0
20090914,3.3928,3.5373,3.3928,3.5373,2504,0
20090915,3.5373,3.6816,3.5373,3.66,6366,0
20090916,3.6745,3.9198,3.6745,3.9198,4042,0
20090917,3.6816,3.8765,3.6816,3.8765,1807,0
20090918,3.7466,3.9704,3.7466,3.9704,20459,0
20090921,4.0426,4.223,4.0064,4.1871,16789,0
20090922,4.2374,4.3313,4.1871,4.3313,4201,0
20090923,4.62,4.62,4.3313,4.4397,10416,0
20090924,4.1871,4.4324,4.1871,4.4324,1039,0
20090925,4.3313,4.3313,4.3313,4.3313,444,0
20090928,4.1581,4.1581,4.1581,4.1581,2147,0
20090929,4.1581,4.1581,3.9704,3.9704,8715,0
20090930,4.2953,4.2953,4.2953,4.2953,14,0
20091001,4.2591,4.2591,4.2591,4.2591,5,0
20091008,4.2591,4.2591,4.2591,4.2591,423,0
20091009,4.2591,4.2591,4.2591,4.2591,464,0
20091012,4.0426,4.0426,4.0426,4.0426,375,0
20091013,4.1146,4.1146,4.1146,4.1146,275,0
20091014,3.9704,4.0426,3.9704,4.0426,554,0
20091015,4.0426,4.0426,4.0426,4.0426,275,0
20091016,4.0426,4.0426,4.0426,4.0426,832,0
20091019,3.9704,3.9704,3.6093,3.7538,5124,0
20091020,3.7538,3.7538,3.7538,3.7538,817,0
20091021,3.7249,3.826,3.7249,3.826,804,0
20091028,3.7538,3.7538,3.7538,3.7538,693,0
20091030,3.6816,3.6816,3.6238,3.6238,665,0
20091102,3.6238,3.6312,3.6166,3.6238,2440,0
20091104,3.7466,3.7466,3.7466,3.7466,442,0
20091106,3.7538,3.7538,3.7538,3.7538,303,0
20091109,3.7538,3.7538,3.7538,3.7538,554,0
20091110,3.826,3.9704,3.826,3.9704,764,0
20091112,3.9776,3.9776,3.9776,3.9776,2,0
20091113,3.9776,3.9776,3.9776,3.9776,228,0
20091116,4.0426,4.0426,3.9127,3.9127,1800,0
20091117,3.9632,4.0426,3.8838,3.9704,9510,0
20091119,3.8982,3.9632,3.8982,3.9632,1941,0
20091120,3.7755,3.7755,3.7538,3.7538,3185,0
20091123,3.8909,3.8909,3.8909,3.8909,207,0
20091124,3.8621,3.8621,3.8621,3.8621,4,0
20091125,3.8909,3.9704,3.8909,3.8909,3746,0
20091127,3.8909,3.8909,3.8909,3.8909,1524,0
20091130,3.9704,3.9704,3.9704,3.9704,6,0
20091202,3.9704,4.122,3.9704,4.122,735,0
20091203,4.1291,4.1291,4.122,4.122,467,0
20091204,4.1146,4.1146,4.0064,4.0426,1846,0
20091207,4.1508,4.3313,4.0426,4.0426,15121,0
20091210,4.1437,4.1437,4.1437,4.1437,275,0
20091214,4.2013,4.2013,4.0426,4.0426,152455,0
20091216,4.0426,4.0426,4.0426,4.0426,8807,0
20091217,4.0426,4.0426,4.0426,4.0426,28121,0
20091218,3.8982,3.9704,3.8982,3.9055,969,0
20091221,3.9127,3.9127,3.9127,3.9127,167,0
20091222,3.9271,3.9704,3.9271,3.9271,2355,0
20091228,3.9343,3.9704,3.9271,3.9271,59489,0
20091229,3.9704,3.9704,3.9704,3.9704,124,0
20091230,4.0064,4.1291,4.0064,4.1291,673,0
20100104,4.0931,4.0931,4.0426,4.0426,437,0
20100105,4.0426,4.1075,4.0426,4.1075,560,0
20100106,4.0426,4.0426,4.0426,4.0426,2980,0
20100107,3.9127,4.0931,3.9055,4.0931,72382,0
20100108,3.9704,4.1871,3.9704,4.1003,34327,0
20100111,4.1075,4.1798,4.1075,4.1798,8450,0
20100112,4.1798,4.1798,4.1798,4.1798,5541,0
20100115,4.1508,4.223,4.1508,4.1871,9959,0
20100118,4.223,4.4756,4.1871,4.4756,13285,0
20100119,4.548,4.548,4.4686,4.4686,858,0
20100120,4.548,4.548,4.4037,4.4756,19250,0
20100121,4.4756,4.4756,4.4397,4.4397,7823,0
20100122,4.3674,4.4686,4.3674,4.4686,1755,0
20100127,4.4613,4.5046,4.3674,4.5046,8665,0
20100128,4.5046,4.5046,4.5046,4.5046,693,0
20100129,4.508,4.508,4.3319,4.508,4947,0
20100201,4.2086,4.2086,4.2086,4.2086,207,0
20100202,4.2302,4.2302,4.2302,4.2302,207,0
20100210,4.2953,4.2953,4.2953,4.2953,3581,0
20100215,4.3169,4.3169,4.3169,4.3169,2769,0
20100216,4.3313,4.3313,4.3313,4.3313,30,0
20100217,4.3313,4.5263,4.3313,4.483,5924,0
20100218,4.4756,4.4756,4.4756,4.4756,275,0
20100219,4.4756,4.4756,4.4756,4.4756,415,0
20100222,4.3313,4.5118,4.3313,4.5118,3256,0
20100223,4.548,4.548,4.548,4.548,1386,0
20100224,4.4037,4.4037,4.2591,4.2591,147184,0
20100225,4.4756,4.4756,4.2591,4.2591,3146,0
20100226,4.3313,4.4756,4.3313,4.4756,18009,0
20100301,4.4397,4.6057,4.4397,4.6057,1335,0
20100303,4.6057,4.6057,4.4324,4.4756,3760,0
20100304,4.3385,4.3385,4.3313,4.3313,141295,0
20100305,4.4974,4.4974,4.4974,4.4974,479,0
20100308,4.4397,4.4397,4.3313,4.3313,934,0
20100309,4.5118,4.5118,4.5118,4.5118,693,0
20100310,4.5263,4.5334,4.4902,4.5334,1505,0
20100311,4.548,4.7212,4.548,4.62,3434,0
20100312,4.62,4.7283,4.62,4.6923,5986,0
20100315,4.6923,4.6923,4.3819,4.548,48956,0
20100316,4.4397,4.8366,4.4397,4.7862,21920,0
20100317,4.7645,4.9449,4.6923,4.9449,15492,0
20100318,5.0098,5.0098,5.0098,5.0098,385,0
20100319,5.0532,5.1254,5.0532,5.1254,6648,0
20100322,5.1254,5.1254,5.1254,5.1254,1037,0
20100324,5.1254,5.1254,4.9162,5.1182,1914,0
20100325,5.1254,5.1976,5.0892,5.1976,81371,0
20100326,5.3781,5.3781,5.3781,5.3781,471,0
20100329,5.3781,5.3781,5.3781,5.3781,415,0
20100330,5.3781,5.3781,5.3059,5.3781,3346,0
20100331,5.3818,5.3818,5.3818,5.3818,1248,0
20100401,5.4142,5.4142,5.4142,5.4142,814,0
20100406,5.4431,5.4431,5.4431,5.4431,1138,0
20100407,5.4142,5.4142,5.4142,5.4142,814,0
20100408,5.4142,5.4142,5.3781,5.3781,939,0
20100409,5.4431,5.4719,5.2482,5.4719,1222,0
20100412,5.4719,5.4719,5.4719,5.4719,288,0
20100413,5.4863,5.8474,5.4863,5.8474,847,0
20100414,5.9196,5.9196,5.9196,5.9196,247,0
20100415,5.9196,5.9196,5.9196,5.9196,286,0
20100416,5.9339,6.461,5.9339,6.3526,3203,0
20100419,6.7785,6.7785,6.2082,6.497,2228,0
20100420,6.136,6.2009,6.136,6.136,1973,0
20100421,6.136,6.136,5.9196,5.9556,796,0
20100426,6.497,6.497,6.4825,6.4825,956,0
20100427,5.8474,6.3526,5.8474,6.1433,747,0
20100428,6.1433,6.1433,5.9339,6.136,773,0
20100429,5.8617,6.3455,5.8617,5.9267,514,0
20100504,6.1288,6.136,5.3348,5.6307,4927,0
20100505,5.3348,5.5513,5.3276,5.3276,931,0
20100506,5.3059,5.3059,4.981,5.0532,222,0
20100507,4.5551,5.0172,4.5551,5.0172,7934,0
20100510,5.0026,5.4142,5.0026,5.4142,1355,0
20100513,5.7534,5.7534,5.7317,5.7317,518,0
20100514,5.6958,5.6958,5.2841,5.342,1584,0
20100517,5.342,5.6162,5.342,5.5225,2893,0
20100518,5.4863,5.4863,5.4863,5.4863,334,0
20100520,5.4574,5.4574,5.0532,5.4574,972,0
20100521,5.4142,5.4215,5.4142,5.4215,1662,0
20100524,5.4863,5.7464,5.1976,5.3204,14612,0
20100525,5.3276,5.6307,5.3276,5.5442,3847,0
20100526,5.6235,5.6235,5.2049,5.5225,7004,0
20100527,5.5585,5.5585,5.5585,5.5585,763,0
20100528,5.3059,5.4142,5.2988,5.3636,8001,0
20100531,5.5139,5.5139,5.0513,5.2276,3006,0
20100601,5.3348,5.3348,4.8366,4.8366,6642,0
20100602,5.046,5.046,4.8944,4.8944,2277,0
20100604,4.8007,4.8007,4.7645,4.7645,693,0
20100607,4.8727,4.9016,4.7068,4.9016,2099,0
20100608,4.9089,4.9089,4.9089,4.9089,290,0
20100609,4.9089,4.9089,4.7645,4.9089,5018,0
20100610,5.0532,5.0532,4.981,4.981,4570,0
20100611,5.0532,5.2625,5.0532,5.0532,84609,0
20100614,5.0532,5.2265,5.0532,5.0532,2527,0
20100615,5.2553,5.2553,5.1254,5.2337,608,0
20100616,5.2337,5.2409,5.0388,5.1615,5975,0
20100617,4.9339,5.1615,4.9339,5.1615,1395,0
20100618,5.0532,5.1687,5.0532,5.1687,1391,0
20100621,5.1759,5.2482,5.1254,5.2482,413,0
20100622,5.1254,5.2482,5.1254,5.2482,2288,0
20100623,5.1254,5.2265,5.1254,5.2265,7879,0
20100624,5.2409,5.2409,5.2409,5.2409,175,0
20100625,5.2496,5.2496,5.2496,5.2496,415,0
20100628,5.2496,5.2496,5.0513,5.2202,7463,0
20100629,5.2482,5.2482,5.0244,5.0244,3195,0
20100630,5.2397,5.2397,4.9094,4.9094,16688,0
20100701,4.9118,4.9118,4.8091,4.9118,30056,0
20100702,5.2276,5.2276,5.2276,5.2276,347,0
20100705,5.1982,5.1982,5.1982,5.1982,108,0
20100706,5.1541,5.1541,5.1541,5.1541,855,0
20100708,5.1248,5.1248,5,5,2704,0
20100712,5.1468,5.1615,5.1468,5.1615,3519,0
20100714,5.2496,5.3304,5.2129,5.3304,369,0
20100715,5.3304,5.3304,5.3304,5.3304,204,0
20100719,5.279,5.279,4.8898,5,1309,0
20100722,5,5,5,5,27,0
20100723,5.0072,5.0072,5.0072,5.0072,272,0
20100726,5.1395,5.1395,5.1395,5.1395,1978,0
20100727,5.1027,5.1395,4.9853,5.1395,1240,0
20100729,5.1248,5.1248,5.1248,5.1248,194,0
20100730,4.9853,5.1027,4.8457,5.1027,1883,0
20100802,5.1101,5.1101,4.9927,5.044,1189,0
20100803,5.0661,5.0661,4.9927,4.9927,2316,0
20100804,4.8017,5.0587,4.8017,5.0587,286,0
20100806,5.0955,5.0955,5.0955,5.0955,488,0
20100816,4.7798,5.088,4.7798,5.088,1002,0
20100817,4.7798,4.8017,4.7798,4.8017,1737,0
20100818,4.8091,4.8457,4.8017,4.8017,3944,0
20100819,4.8017,4.8017,4.8017,4.8017,4767,0
20100820,4.7724,4.9046,4.7724,4.9046,951,0
20100824,4.8751,4.9927,4.8751,4.9191,6570,0
20100825,4.9266,4.9266,4.9266,4.9266,409,0
20100826,4.7944,4.7944,4.787,4.787,2466,0
20100827,4.787,4.787,4.787,4.787,327,0
20100830,4.7724,4.7724,4.5815,4.6109,1174,0
20100831,4.7711,4.7711,4.7711,4.7711,1271,0
20100901,4.6989,4.7724,4.6989,4.7724,1107,0
20100902,4.6329,4.8605,4.6329,4.8605,1797,0
20100906,4.7431,4.8312,4.7356,4.8312,2984,0
20100907,4.7724,4.7724,4.6989,4.6989,4154,0
20100908,4.6256,4.6916,4.508,4.6916,5273,0
20100909,4.5227,4.6916,4.5153,4.6696,1532,0
20100910,4.4126,4.6769,4.4126,4.5153,5769,0
20100913,4.4787,4.5888,4.4492,4.5888,68994,0
20100914,4.5888,4.7724,4.508,4.7724,117426,0
20100915,4.8677,4.9413,4.8457,4.9339,252136,0
20100916,4.9339,4.9339,4.9191,4.9266,1565,0
20100917,4.7798,4.9191,4.7798,4.9118,77531,0
20100920,4.9118,4.9413,4.8238,4.8898,35145,0
20100921,4.7798,4.956,4.7798,4.956,5898,0
20100922,4.956,4.956,4.956,4.956,804,0
20100923,4.787,4.787,4.787,4.787,137,0
20100924,4.7944,4.978,4.7944,4.978,816,0
20100927,5.0072,5.0072,5.0072,5.0072,245,0
20100930,4.9486,4.956,4.7724,4.956,8889,0
20101001,4.9486,4.9486,4.9486,4.9486,1662,0
20101004,4.9486,4.9486,4.9486,4.9486,638,0
20101005,4.9486,4.9486,4.9486,4.9486,681,0
20101006,4.7282,4.9413,4.7282,4.9413,546,0
20101011,4.5961,4.7724,4.5961,4.6842,2117,0
20101012,4.6109,4.8898,4.5815,4.8898,5970,0
20101013,4.8972,5.0513,4.8972,5.0513,15865,0
20101014,5.0661,5.1101,4.9927,5.1101,6435,0
20101015,5.1323,5.1323,5.1101,5.1101,2793,0
20101018,5.0661,5.1101,4.9191,5.1101,746,0
20101019,5.0661,5.1395,4.9633,4.9633,6043,0
20101020,4.8457,4.8457,4.8457,4.8457,641,0
20101022,4.8677,4.8677,4.7063,4.7724,4081,0
20101025,4.7577,4.7798,4.6403,4.7724,1143,0
20101027,4.7356,4.8165,4.7356,4.8165,1407,0
20101029,4.917,4.917,4.917,4.917,1126,0
20101102,4.6403,4.9706,4.6403,4.9706,4111,0
20101104,4.7282,4.9413,4.7282,4.9413,3651,0
20101105,4.7724,4.956,4.7724,4.956,4081,0
20101108,4.6696,4.956,4.6696,4.956,1757,0
20101109,4.9486,4.9486,4.9486,4.9486,476,0
20101110,4.9191,5.1323,4.9191,5.1323,1559,0
20101112,5.1395,5.3525,5.1395,5.1541,4491,0
20101115,5.279,5.279,5.2129,5.2129,1228,0
20101116,5.2129,5.2129,5.1761,5.2129,3492,0
20101117,5.1174,5.2862,5.1174,5.2862,342574,0
20101118,5.2937,5.3596,5.2937,5.345,607,0
20101119,5.3525,5.3525,5.345,5.345,332,0
20101126,5.3011,5.3011,5.3011,5.3011,286,0
20101201,5.0587,5.3525,5.0513,5.3525,2964,0
20101203,5.1101,5.1101,5.1101,5.1101,54,0
20101206,5.1027,5.1027,5.1027,5.1027,1907,0
20101207,5.1395,5.1395,5.1395,5.1395,722,0
20101208,5.1761,5.2862,5.1761,5.2862,835,0
20101209,5.2496,5.2862,5.2496,5.2862,3508,0
20101214,5.2862,5.3525,5.2862,5.3525,2233,0
20101222,5.345,5.5065,5.345,5.5065,2563,0
20101223,5.5065,5.5065,5.4332,5.4332,922,0
20101228,5.2202,5.4699,5.2202,5.4699,2478,0
20101229,5.5778,5.5778,5.5778,5.5778,3582,0
20101230,5.6085,5.6085,5.6085,5.6085,246,0
20101231,5.6547,5.6547,5.6547,5.6547,1055,0
20110103,5.6607,5.6607,5.6607,5.6607,409,0
20110104,5.8003,5.8003,5.6901,5.6901,476,0
20110105,5.5065,5.5065,5.5065,5.5065,527349,0
20110111,5.5065,5.5065,5.5065,5.5065,178,0
20110114,5.4332,5.4332,5.4332,5.4332,149,0
20110117,5.1468,5.5065,5.1468,5.3596,3296,0
20110119,5.3596,5.3596,5.3596,5.3596,110,0
20110124,5.3596,5.3596,5.3596,5.3596,272,0
20110125,5.4332,5.4332,5.4332,5.4332,33,0
20110126,5.4332,5.4332,5.4332,5.4332,204,0
20110127,5.5065,5.5065,5.5065,5.5065,68,0
20110128,5.4699,5.4699,5.4699,5.4699,1509,0
20110131,5.4701,5.4701,5.4701,5.4701,272,0
20110201,5.5065,5.5065,5.5065,5.5065,272,0
20110202,5.5065,5.5065,5.5065,5.5065,725,0
20110203,5.5065,5.5065,5.5065,5.5065,272,0
20110204,5.4992,5.4992,5.4992,5.4992,137,0
20110207,5.4992,5.4992,5.4992,5.4992,40,0
20110208,5.5065,5.5065,5.5065,5.5065,40,0
20110209,5.5065,5.5065,5.5065,5.5065,40,0
20110210,5.5065,5.5065,5.5065,5.5065,462,0
20110211,5.4406,5.4406,5.2862,5.2862,5448,0
20110214,5.2496,5.2496,5.2202,5.2202,2451,0
20110215,5.257,5.257,5.2129,5.2129,2043,0
20110216,5.1761,5.1761,5.1761,5.1761,681,0
20110217,5.1395,5.1395,5.0292,5.0292,2725,0
20110218,5.0661,5.0661,5.0661,5.0661,409,0
20110221,5.1395,5.4699,5.1395,5.4626,2649,0
20110228,5.2935,5.2935,5.2935,5.2935,381,0
20110309,5.1027,5.1027,5.1027,5.1027,255,0
20110310,5.2129,5.2129,5.2129,5.2129,681,0
20110311,5.2129,5.2129,5.2129,5.2129,395,0
20110315,5.0661,5.0661,5.0661,5.0661,14,0
20110316,5.0735,5.2716,5.0735,5.2716,1089,0
20110317,5.2474,5.2474,5.2474,5.2474,1361,0
20110318,5.2496,5.2496,5.2496,5.2496,1897,0
20110321,5.2862,5.3964,5.2862,5.3964,2071,0
20110323,5.235,5.5653,5.235,5.558,6221,0
20110324,5.4699,5.5285,5.2862,5.5285,4418,0
20110325,5.5213,5.5213,5.4699,5.4699,500,0
20110328,5.4772,5.4772,5.4772,5.4772,46,0
20110330,5.4626,5.4626,5.4626,5.4626,272,0
20110331,5.3012,5.3473,5.2859,5.3473,4969,0
20110401,5.3376,5.4406,5.2862,5.4406,8715,0
20110404,5.4258,5.4258,5.3596,5.4037,1520,0
20110405,5.3935,5.3935,5.3627,5.3627,3234,0
20110406,5.3671,5.3671,5.3671,5.3671,681,0
20110408,5.4626,5.4626,5.4626,5.4626,272,0
20110411,5.4332,5.4332,5.4332,5.4332,4,0
20110412,5.4318,5.4318,5.3935,5.4318,1634,0
20110413,5.2129,5.3525,5.1468,5.3525,610,0
20110414,5.3376,5.3376,5.2862,5.2862,1039,0
20110415,5.3012,5.3012,5.3012,5.3012,61,0
20110419,5.3089,5.3165,5.3089,5.3165,1314,0
20110420,5.3857,5.3935,5.3857,5.3935,2725,0
20110421,5.3627,5.3935,5.3627,5.3627,4175,0
20110426,5.4241,5.4241,5.378,5.378,1304,0
20110427,5.4165,5.4165,5.401,5.4165,14814,0
20110428,5.3935,5.4626,5.3935,5.4626,12581,0
20110429,5.3857,5.4548,5.3857,5.4548,304,0
20110502,5.5318,5.5318,5.4548,5.4548,926,0
20110504,5.5393,5.5393,5.4626,5.4701,2168,0
20110505,5.4701,5.4701,5.2089,5.2089,6491,0
20110506,5.2243,5.2243,5.1553,5.1553,3815,0
20110509,4.9939,5.1015,4.6866,4.6866,6445,0
20110510,4.725,4.725,4.2486,4.2486,4913,0
20110511,4.3025,4.4715,4.2486,4.4715,4245,0
20110512,4.6098,4.6098,4.533,4.533,1639,0
20110513,4.4178,4.4178,4.3178,4.3178,889,0
20110516,4.3178,4.3178,4.3025,4.3025,4105,0
20110517,4.2255,4.2255,3.9336,4.2255,6379,0
20110519,4.2947,4.2947,4.2947,4.2947,261,0
20110520,4.2947,4.2947,4.2947,4.2947,41,0
20110525,4.1487,4.1487,4.1487,4.1487,650,0
20110527,4.287,4.287,4.287,4.287,307,0
20110531,4.287,4.287,4.2794,4.287,690,0
20110601,4.1873,4.1873,4.1873,4.1873,1107,0
20110602,4.1103,4.1103,4.1103,4.1103,1170,0
20110608,4.1564,4.1564,4.1564,4.1564,650,0
20110609,4.1873,4.1873,4.1873,4.1873,6,0
20110610,4.0795,4.0795,4.0795,4.0795,144,0
20110614,4.2255,4.2255,4.2255,4.2255,291,0
20110615,4.2178,4.2178,4.0721,4.0721,821,0
20110620,4.0721,4.0721,3.995,3.995,179,0
20110621,3.995,3.995,3.995,3.995,1302,0
20110627,3.8491,3.8491,3.8415,3.8415,390,0
20110628,3.8799,3.8799,3.8799,3.8799,350,0
20110630,4.2563,4.2563,4.2563,4.2563,261,0
20110701,4.2563,4.2563,3.8415,4.2103,29,0
20110705,4.625,4.625,4.625,4.625,11715,0
20110706,4.3486,4.3486,4.3408,4.3408,1170,0
20110708,4.264,4.264,4.264,4.264,117,0
20110712,4.0721,4.1487,4.0721,4.1487,1171,0
20110713,4.1103,4.1103,4.0721,4.1103,10000,0
20110719,3.8645,4.2255,3.8645,4.1103,734,0
20110720,4.1103,4.1103,4.0795,4.0795,4212,0
20110721,4.0873,4.0873,4.0873,4.0873,11715,0
20110722,4.0873,4.0873,3.995,3.995,8544,0
20110729,4.1487,4.264,4.1487,4.264,27464,0
20110801,4.9862,4.9862,4.0028,4.0028,1431,0
20110802,3.7646,3.9183,3.7646,3.9183,728,0
20110808,3.5264,3.5264,3.5264,3.5264,782,0
20110810,3.2191,3.8415,3.2191,3.8415,85,0
20110811,3.6878,3.8415,3.4573,3.5034,3269,0
20110812,3.8109,3.8109,3.7569,3.7569,155,0
20110816,3.8338,3.8338,3.8338,3.8338,128,0
20110817,3.8338,4.3793,3.8338,4.3793,16270,0
20110818,4.3793,4.3793,4.0721,4.0721,1367,0
20110819,4.1487,4.1487,4.1487,4.1487,182,0
20110822,4.2255,4.5252,4.0721,4.0721,10184,0
20110823,4.0873,4.0873,4.0721,4.0721,2570,0
20110824,4.0721,4.0721,4.0721,4.0721,18125,0
20110829,4.5712,4.5712,4.5712,4.5712,6509,0
20110831,4.2563,4.2563,4.2333,4.2333,1041,0
20110901,4.0721,4.7634,4.0721,4.2255,24735,0
20110902,3.9797,4.2794,3.9183,3.9183,7082,0
20110905,3.9183,3.9183,3.803,3.8415,9125,0
20110906,3.8415,3.8415,3.8415,3.8415,6509,0
20110907,3.803,3.803,3.7646,3.7646,1224,0
20110908,3.6186,3.6186,3.6186,3.6186,2213,0
20110909,3.4573,3.6492,3.4573,3.5264,3101,0
20110915,3.511,3.511,3.511,3.511,1666,0
20110916,3.4497,3.4497,3.4497,3.4497,55,0
20110919,3.4344,3.4344,3.4344,3.4344,88,0
20110921,3.4957,3.7723,3.4957,3.5034,2778,0
20110922,3.5034,3.5034,3.1653,3.1653,7358,0
20110923,3.2653,3.2653,3.0348,3.0348,3968,0
20110926,3.0348,3.0348,3.0348,3.0348,1362,0
20110928,3.027,3.027,2.7351,2.8888,3019,0
20110929,3.027,3.027,2.689,2.7504,10516,0
20110930,2.7504,2.7658,2.7504,2.7581,7590,0
20111003,2.7658,2.7658,2.7658,2.7658,221,0
20111004,2.8119,2.9195,2.8119,2.9195,1588,0
20111006,2.8811,2.8811,2.8811,2.8811,1016,0
20111007,2.8811,3.1193,2.8811,3.1193,3871,0
20111011,3.2114,3.3727,3.2114,3.3727,534,0
20111012,3.0732,3.2038,3.0732,3.0732,45230,0
20111013,3.1115,3.1115,3.0732,3.0732,5126,0
20111014,3.0041,3.15,3.0041,3.15,5207,0
20111017,3.1961,3.2268,3.1193,3.1193,17466,0
20111018,3.2038,3.2038,3.1885,3.1885,7016,0
20111019,3.2191,3.2191,3.2038,3.2038,2914,0
20111020,3.2038,3.2038,3.15,3.2038,2531,0
20111021,3.2498,3.2576,3.2498,3.2576,586,0
20111024,3.1653,3.2268,3.15,3.2268,3319,0
20111025,3.2114,3.342,3.2114,3.342,10479,0
20111026,3.342,3.342,3.342,3.342,71,0
20111027,3.611,3.611,3.4573,3.4957,4455,0
20111028,3.5341,3.5341,3.488,3.488,3319,0
20111031,3.6033,3.6033,3.5956,3.6033,241,0
20111102,3.3573,3.5034,3.3573,3.5034,254,0
20111103,3.511,3.511,3.511,3.511,212,0
20111108,3.5341,3.5571,3.5341,3.5571,944,0
20111109,3.5571,3.5571,3.5571,3.5571,358,0
20111114,3.6492,3.6492,3.6492,3.6492,273,0
20111116,3.6878,3.6878,3.6878,3.6878,4166,0
20111117,3.7031,3.7031,3.6878,3.6878,1292,0
20111118,3.6878,3.6878,3.5341,3.5341,3117,0
20111121,3.5341,3.5341,3.3806,3.3806,1431,0
20111122,3.3806,3.3806,3.296,3.296,390,0
20111123,3.1346,3.1346,3.0732,3.0732,2704,0
20111124,3.0808,3.0808,3.0501,3.0501,5106,0
20111125,3.0501,3.0501,2.9733,3.0501,80102,0
20111128,2.8427,3.0732,2.8427,3.0732,522,0
20111129,3.0961,3.1423,3.0732,3.1423,4631,0
20111130,3.0586,3.1408,2.9928,3.1408,1509,0
20111205,3.296,3.296,3.1731,3.1731,20919,0
20111208,3.2345,3.2345,3.2345,3.2345,6,0
20111209,3.0732,3.0732,2.9963,2.9963,3996,0
20111212,3.0732,3.0732,3.0732,3.0732,470,0
20111213,2.9809,2.9809,2.8811,2.8888,3254,0
20111214,2.8888,2.9195,2.8888,2.9118,133153,0
20111215,2.9271,2.9426,2.835,2.835,10153,0
20111216,2.8427,3.0116,2.8427,3.0116,526,0
20111219,2.8427,2.8581,2.8427,2.8581,2835,0
20111221,2.8811,2.8811,2.689,2.7043,78119,0
20111222,2.9195,2.9195,2.9195,2.9195,6899,0
20111223,2.8811,2.8811,2.8811,2.8811,650,0
20111227,3.027,3.027,3.027,3.027,4,0
20111228,2.9118,2.9963,2.9118,2.9963,1927,0
20111229,3.0501,3.0732,3.0501,3.0732,4396,0
20111230,3.149,3.149,3.149,3.149,1103,0
20120103,3.0654,3.1423,3.0654,3.1423,356,0
20120110,3.1423,3.1423,3.1423,3.1423,1302,0
20120111,3.1885,3.1885,3.1807,3.1885,8101,0
20120112,3.1885,3.1885,3.1885,3.1885,586,0
20120113,3.2268,3.2268,3.2268,3.2268,1652,0
20120116,3.3573,3.3727,3.2653,3.2653,2601,0
20120117,3.2653,3.3498,3.2653,3.3498,192,0
20120118,3.4189,3.4189,3.4189,3.4189,732,0
20120119,3.4189,3.4189,3.4112,3.4112,182,0
20120120,3.4497,3.4497,3.4497,3.4497,5,0
20120123,3.7185,3.7185,3.2268,3.2268,267,0
20120124,3.3036,3.4957,3.3036,3.3114,2361,0
20120125,3.6492,3.6492,3.2268,3.3114,1406,0
20120126,3.4497,3.5879,3.4497,3.5879,1835,0
20120131,3.593,3.593,3.593,3.593,66,0
20120201,3.5956,3.6033,3.5956,3.6033,553,0
20120202,3.5495,3.5648,3.5495,3.5571,1274,0
20120203,3.4573,3.4573,3.2498,3.4497,3778,0
20120206,3.5495,3.5802,3.3881,3.5802,8945,0
20120207,3.4573,3.5726,3.4573,3.5726,18874,0
20120208,3.6033,3.9183,3.6033,3.8799,44267,0
20120209,3.9183,3.9183,3.8415,3.8415,2494,0
20120214,4.0335,4.0335,3.9183,3.9183,2106,0
20120215,4.0028,4.0028,4.0028,4.0028,1017,0
20120216,4.0335,4.1103,4.0335,4.095,6457,0
20120217,4.1026,4.3025,4.1026,4.3025,5676,0
20120220,4.3025,4.4945,4.2255,4.4945,4686,0
20120221,4.4945,4.4945,4.2255,4.433,3066,0
20120222,4.4178,4.4178,4.1948,4.1948,816,0
20120223,4.41,4.41,4.41,4.41,18,0
20120224,4.4178,4.4178,4.4178,4.4178,5,0
20120227,4.1795,4.1795,4.1641,4.1641,1171,0
20120229,4.366,4.366,4.0206,4.0206,5805,0
20120301,4.2794,4.2794,3.8568,3.8799,8390,0
20120306,3.926,3.926,3.926,3.926,495,0
20120307,4.1411,4.1411,4.1411,4.1411,14,0
20120308,4.1257,4.1334,4.1257,4.1334,1055,0
20120312,4.1487,4.1487,4.1487,4.1487,552,0
20120313,4.2563,4.3025,4.2563,4.3025,791,0
20120314,4.0721,4.0721,3.9183,3.9183,3319,0
20120315,3.6956,4.1181,3.6956,4.1181,2304,0
20120320,4.1181,4.1873,3.8415,4.1873,20930,0
20120321,4.0721,4.1873,4.0721,4.1873,11715,0
20120322,4.1873,4.264,4.1718,4.264,15619,0
20120323,4.095,4.2563,4.095,4.2563,781,0
20120326,4.287,4.3486,4.287,4.3486,12625,0
20120327,4.4023,4.6098,4.4023,4.6098,11498,0
20120328,4.7634,4.7634,4.456,4.7634,16530,0
20120329,4.456,4.7634,4.456,4.7634,3356,0
20120330,4.514,4.7606,4.4975,4.7606,27509,0
20120402,4.7558,4.7558,4.6098,4.6098,13032,0
20120404,4.6098,4.6098,4.6098,4.6098,1294,0
20120405,4.4791,4.4791,4.1564,4.2409,15446,0
20120410,4.4867,4.4867,4.3869,4.3869,4775,0
20120411,4.5021,4.5252,4.3869,4.5252,3651,0
20120412,4.3331,4.3331,4.3331,4.3331,978,0
20120413,4.4484,4.4484,4.4484,4.4484,2351,0
20120416,4.5637,4.5637,4.4638,4.4638,518,0
20120417,4.3946,4.4945,4.3946,4.4945,1644,0
20120418,4.4945,4.4945,4.4945,4.4945,83,0
20120420,4.456,4.456,4.3178,4.456,4915,0
20120423,4.4945,4.4945,4.2563,4.4253,23956,0
20120424,4.4867,4.4867,4.4867,4.4867,2283,0
20120425,4.4945,4.4945,4.456,4.456,1316,0
20120426,4.602,4.602,4.602,4.602,1312,0
20120427,4.7172,4.7172,4.7172,4.7172,923,0
20120507,4.3025,4.6098,4.3025,4.6098,616,0
20120509,4.5021,4.5021,4.5021,4.5021,1232,0
20120514,4.5021,4.5021,4.5021,4.5021,1302,0
20120515,4.1487,4.1487,4.1487,4.1487,1229,0
20120516,4.5098,4.5175,4.4484,4.4484,2464,0
20120517,4.3793,4.3793,4.3025,4.3025,4557,0
20120518,4.264,4.264,4.264,4.264,1317,0
20120521,4.0413,4.1181,4.0413,4.1181,1964,0
20120522,4.0413,4.1026,4.0413,4.1026,179,0
20120525,4.0566,4.2947,4.0566,4.2947,2498,0
20120528,4.1103,4.2947,4.0413,4.2947,1780,0
20120529,4.3025,4.3025,4.3025,4.3025,456,0
20120601,4.4892,4.4892,4.3824,4.3824,717,0
20120604,4.2563,4.456,4.2563,4.456,1952,0
20120605,4.4563,4.4563,4.4317,4.44,1106,0
20120612,4.44,4.44,4.44,4.44,378,0
20120613,4.44,4.7194,4.44,4.7194,26,0
20120614,4.6783,4.6866,4.6783,4.6866,66,0
20120618,5.0566,5.0566,4.5221,4.7688,4257,0
20120621,4.5385,4.7688,4.5304,4.7688,915,0
20120626,4.4811,4.6866,4.4645,4.6372,11541,0
20120627,4.5056,4.629,4.4975,4.629,1943,0
20120628,4.629,4.6372,4.6043,4.6372,4869,0
20120629,4.6043,4.6043,4.6043,4.6043,1186,0
20120702,4.6372,4.6866,4.5056,4.6866,1878,0
20120703,4.6866,4.6866,4.6866,4.6866,110,0
20120705,4.7606,4.7606,4.5221,4.5221,1485,0
20120709,4.5221,4.6043,4.5221,4.6043,39834,0
20120710,4.7606,4.7688,4.7606,4.7688,24,0
20120716,4.7194,4.7194,4.6455,4.6455,45,0
20120717,4.5221,4.5221,4.5221,4.5221,831,0
20120718,4.5221,4.5221,4.4317,4.4317,1691,0
20120730,4.44,4.5221,4.4317,4.5221,815,0
20120731,4.5221,4.5961,4.4482,4.4482,12406,0
20120801,4.5961,4.6043,4.5961,4.5961,4573,0
20120802,4.5221,4.5221,4.5221,4.5221,693,0
20120810,4.5221,4.6866,4.5221,4.6455,36037,0
20120814,4.6537,4.6537,4.6455,4.6455,733,0
20120816,4.6783,4.6783,4.6372,4.6783,1223,0
20120821,4.6866,4.6866,4.6866,4.6866,366,0
20120822,4.6948,4.6948,4.6948,4.6948,121,0
20120823,4.6948,4.6948,4.5221,4.5633,3122,0
20120827,4.6866,4.6866,4.6866,4.6866,43,0
20120828,4.6866,4.7278,4.6866,4.7278,5655,0
20120829,4.8016,4.8757,4.8016,4.8757,3661,0
20120830,4.8757,4.8757,4.8099,4.8099,3040,0
20120831,4.7194,4.7194,4.6866,4.6866,3150,0
20120903,4.7278,4.8428,4.5304,4.5633,4863,0
20120904,4.5714,4.5714,4.5221,4.5221,3086,0
20120905,4.4563,4.4563,4.1192,4.3577,11844,0
20120906,4.3577,4.3577,4.2178,4.2178,3917,0
20120907,4.3166,4.4317,4.3166,4.4317,1044,0
20120910,4.4811,4.4811,4.4811,4.4811,495,0
20120913,4.4482,4.4482,4.3248,4.44,1109,0
20120914,4.3248,4.4975,4.3248,4.4975,669,0
20120917,4.3824,4.3824,4.3824,4.3824,608,0
20120919,4.3741,4.5221,4.3577,4.366,6950,0
20120920,4.3824,4.3824,4.3824,4.3824,487,0
20120924,4.44,4.4811,4.3577,4.3577,2607,0
20120925,4.3166,4.3166,4.2343,4.2755,8940,0
20120926,4.3166,4.3166,4.3166,4.3166,121,0
20120927,4.3166,4.3166,4.3166,4.3166,4864,0
20120928,4.2426,4.2426,4.2426,4.2426,123,0
20121001,4.2096,4.2755,4.1933,4.2755,10276,0
20121002,4.1933,4.2755,4.1933,4.2343,8063,0
20121003,4.2096,4.2343,4.1521,4.1521,2322,0
20121004,4.2096,4.2096,4.1933,4.2096,1952,0
20121005,4.3577,4.3577,4.2755,4.2755,636,0
20121008,4.2755,4.3084,4.1275,4.3084,3649,0
20121010,4.2755,4.3988,4.1439,4.3988,2638,0
20121011,4.1767,4.1767,4.1685,4.1685,1392,0
20121012,4.1933,4.3412,4.1439,4.3412,4772,0
20121015,4.1933,4.1933,4.1933,4.1933,11,0
20121016,4.3166,4.3166,4.3166,4.3166,11,0
20121017,4.185,4.185,4.1192,4.1192,2433,0
20121018,4.1356,4.2426,4.1275,4.2426,3529,0
20121019,4.2178,4.2178,4.2178,4.2178,499,0
20121023,4.1275,4.1275,4.111,4.111,1217,0
20121026,4.1275,4.259,4.111,4.259,640,0
20121029,4.111,4.2096,3.9877,4.2096,36,0
20121030,4.1933,4.1933,4.1933,4.1933,2,0
20121102,4.111,4.185,4.111,4.185,368,0
20121106,4.111,4.1767,4.111,4.1767,2070,0
20121107,4.111,4.111,3.9712,3.9712,511,0
20121108,4.0945,4.185,4.0945,4.185,3734,0
20121109,4.111,4.111,4.111,4.111,24,0
20121112,4.111,4.111,4.111,4.111,24,0
20121114,4.259,4.259,4.259,4.259,11,0
20121115,4.2426,4.2426,4.1521,4.1685,2682,0
20121116,4.1521,4.3331,4.1521,4.2507,16954,0
20121119,4.3331,4.3412,4.2426,4.2426,2250,0
20121120,4.2426,4.2426,4.185,4.185,3883,0
20121121,4.1192,4.2262,4.111,4.2262,2397,0
20121122,4.2262,4.2262,4.111,4.111,2754,0
20121123,4.1356,4.2014,4.1356,4.2014,10,0
20121126,4.2014,4.2014,4.2014,4.2014,608,0
20121127,4.1933,4.2262,4.111,4.2262,1501,0
20121128,4.2096,4.2096,4.2096,4.2096,366,0
20121129,4.2096,4.2672,4.1604,4.2672,2008,0
20121203,4.2096,4.2096,4.2096,4.2096,303,0
20121204,4.1604,4.2343,4.1604,4.2343,2435,0
20121205,4.1685,4.1685,4.1685,4.1685,487,0
20121206,4.1933,4.1933,4.1933,4.1933,121,0
20121207,4.185,4.185,4.185,4.185,1514,0
20121211,4.1604,4.1604,4.1604,4.1604,182,0
20121212,4.1767,4.1767,4.1521,4.1521,2445,0
20121213,4.1521,4.1521,4.1521,4.1521,366,0
20121214,4.1521,4.1521,4.1275,4.1439,940,0
20121217,4.1933,4.1933,4.1933,4.1933,1704,0
20121218,4.1521,4.1933,4.1521,4.1933,633,0
20121219,4.1439,4.2096,4.1356,4.2096,1942,0
20121220,4.1356,4.1356,4.004,4.004,5741,0
20121221,4.0288,4.1028,4.0288,4.1028,4257,0
20121228,4.0369,4.0369,4.0369,4.0369,3649,0
20130102,4.111,4.1439,4.111,4.1356,864,0
20130103,4.1604,4.1604,4.1439,4.1439,1280,0
20130104,4.1439,4.1439,4.1439,4.1439,2728,0
20130107,4.1439,4.1439,4.1439,4.1439,435,0
20130108,4.1356,4.1356,4.111,4.111,3296,0
20130109,4.111,4.2178,4.0863,4.1933,377998,0
20130110,4.2262,4.3577,4.2262,4.3001,4355,0
20130111,4.259,4.3577,4.259,4.3577,2725,0
20130114,4.44,4.44,4.44,4.44,298,0
20130115,4.44,4.44,4.407,4.407,2949,0
20130116,4.44,4.44,4.2755,4.3166,5963,0
20130117,4.3824,4.6948,4.3824,4.6948,19032,0
20130118,4.703,4.925,4.703,4.8838,21046,0
20130121,4.8592,4.9004,4.851,4.9004,1088,0
20130122,4.8838,4.8838,4.777,4.851,4735,0
20130123,4.8675,4.8675,4.8592,4.8592,608,0
20130124,4.8592,4.9167,4.8263,4.8838,4379,0
20130125,4.925,4.925,4.8592,4.8592,1217,0
20130128,4.8592,4.8592,4.8592,4.8592,3185,0
20130129,4.8592,4.8921,4.8592,4.8592,3735,0
20130130,4.7852,4.9332,4.7852,4.9332,2493,0
20130131,4.9332,4.9332,4.8921,4.8921,152,0
20130201,4.925,4.925,4.6701,4.7194,4971,0
20130204,4.7523,4.8838,4.7523,4.8838,6198,0
20130205,4.9332,4.9332,4.7112,4.7278,3776,0
20130206,4.7688,4.8345,4.7688,4.8345,61,0
20130208,4.8757,4.8757,4.851,4.851,146,0
20130211,4.851,4.851,4.7935,4.7935,701,0
20130212,4.7935,4.8016,4.7852,4.8016,2725,0
20130213,4.777,4.777,4.777,4.777,195,0
20130215,4.8099,4.8428,4.7935,4.8099,5306,0
20130218,4.8099,4.8345,4.8099,4.8263,2894,0
20130219,4.8263,5.3854,4.8181,5.3854,25104,0
20130220,5.4265,5.591,5.2621,5.2621,5280,0
20130221,5.2621,5.2621,4.9496,5.073,6705,0
20130222,5.0812,5.0812,4.9415,5.0155,4495,0
20130225,5.0566,5.2621,5.0566,5.2292,6197,0
20130226,5.2211,5.2211,5.2211,5.2211,24,0
20130227,5.2621,5.7555,5.2621,5.739,4183,0
20130228,5.7412,5.7412,5.6795,5.6882,1873,0
20130301,5.739,5.739,5.295,5.5088,10374,0
20130304,5.4676,5.476,5.4265,5.4265,1519,0
20130305,5.4594,5.5498,5.4594,5.5498,1787,0
20130306,5.591,5.6074,5.591,5.6074,1108,0
20130307,5.6074,5.6074,5.5498,5.5992,618,0
20130308,5.591,5.591,5.5498,5.5498,639,0
20130311,5.591,5.591,5.2704,5.2704,3984,0
20130312,5.2538,5.2538,5.0812,5.0812,6335,0
20130313,4.9332,4.9332,4.9086,4.9332,3735,0
20130314,5.0072,5.0647,4.9496,5.0647,5995,0
20130315,5.0647,5.4101,5.0647,5.3443,2445,0
20130318,5.3361,5.3443,5.1553,5.1553,1551,0
20130319,4.9744,5.0237,4.9496,5.0155,2174,0
20130320,5.0155,5.0155,5.0155,5.0155,30,0
20130321,5.0237,5.0237,4.8016,4.8099,4928,0
20130322,4.8345,4.9004,4.7688,4.8181,5641,0
20130325,4.777,4.8181,4.777,4.777,7893,0
20130326,4.7688,4.851,4.7278,4.7688,110921,0
20130327,4.851,4.851,4.7441,4.7441,1094,0
20130328,4.7441,4.7688,4.7441,4.7688,1707,0
20130402,4.7688,4.851,4.7688,4.851,273,0
20130403,4.8921,4.8921,4.8921,4.8921,61,0
20130404,4.9415,4.9826,4.9415,4.9826,790,0
20130405,5.0155,5.0237,4.9826,4.9826,2787,0
20130408,5.0566,5.0566,5.0155,5.0155,244,0
20130409,5.0155,5.0155,5.0155,5.0155,487,0
20130410,5.0155,5.0155,5.0155,5.0155,72,0
20130411,5.0155,5.0566,5.0155,5.0237,2323,0
20130412,5.0237,5.0237,4.851,4.851,4344,0
20130415,4.851,4.925,4.851,4.851,3735,0
20130417,4.9209,4.9209,4.9209,4.9209,19,0
20130418,4.925,4.925,4.851,4.851,8192,0
20130419,4.851,4.966,4.8099,4.966,5257,0
20130422,5.0155,5.0155,4.9744,4.9744,64,0
20130423,5.0566,5.0566,5.0483,5.0483,170,0
20130424,5.0483,5.0483,5.0483,5.0483,36,0
20130425,5.0318,5.0318,5.0318,5.0318,43,0
20130426,5.0318,5.0647,5.0318,5.0647,1276,0
20130429,5.073,5.073,5.0401,5.0401,134,0
20130430,5.0445,5.0445,4.8593,4.8593,1012,0
20130502,4.8681,4.9651,4.8681,4.9651,396,0
20130506,4.966,4.966,4.851,4.8921,22548,0
20130507,4.8504,4.9739,4.8328,4.9739,2044,0
20130509,5.0357,5.0357,5.0357,5.0357,36,0
20130510,5.0357,5.0357,4.9827,4.9827,936,0
20130513,5.0318,5.0318,4.9086,4.9086,862,0
20130514,4.9332,4.9332,4.9332,4.9332,49,0
20130515,5.0072,5.0072,4.9908,5.0072,1958,0
20130516,5.0072,5.0155,4.9908,5.0155,2980,0
20130517,5.0092,5.018,5.0092,5.018,577,0
20130520,5.0072,5.0155,4.9744,4.9744,1870,0
20130521,5.0155,5.0155,4.9744,4.9744,726,0
20130522,5.0072,5.0155,4.9908,5.0155,5135,0
20130523,5.0445,5.0533,5.018,5.0533,4956,0
20130524,5.0445,5.0533,5.0445,5.0533,3334,0
20130527,5.0533,5.0533,5.0445,5.0533,1923,0
20130528,5.0533,5.1151,5.0445,5.1151,8150,0
20130529,5.1151,5.2914,5.1151,5.2914,4634,0
20130531,5.2914,5.3795,5.2826,5.3443,5540,0
20130603,5.6265,5.6265,5.3355,5.4677,4150,0
20130604,5.5472,5.5472,5.4943,5.4943,1899,0
20130605,5.5031,5.6001,5.5031,5.5824,5493,0
20130606,5.556,5.556,5.4677,5.4677,1402,0
20130607,5.4677,5.4677,5.4677,5.4677,56,0
20130610,5.4677,5.4766,5.406,5.4766,4449,0
20130611,5.5119,5.5119,5.5119,5.5119,56,0
20130612,5.5119,5.5119,5.4413,5.4766,1115,0
20130613,5.4589,5.5031,5.4148,5.5031,1638,0
20130614,5.5031,5.5824,5.5031,5.556,2114,0
20130617,5.556,5.556,5.556,5.556,51,0
20130618,5.556,5.556,5.5384,5.5384,1644,0
20130619,5.5119,5.5119,5.5031,5.5031,403,0
20130620,5.5031,5.5031,5.406,5.4766,907,0
20130621,5.3619,5.4854,5.3619,5.4854,2181,0
20130624,5.4677,5.4677,5.4677,5.4677,57,0
20130625,5.4589,5.5119,5.4325,5.5119,3538,0
20130626,5.5119,5.5119,5.4677,5.4677,2286,0
20130627,5.4677,5.4677,5.4677,5.4677,2224,0
20130628,5.4677,5.5119,5.3884,5.5119,4608,0
20130701,5.5472,5.5472,5.5472,5.5472,24,0
20130702,5.5472,5.5472,5.5472,5.5472,10,0
20130703,5.5472,5.5472,5.3619,5.3619,1174,0
20130704,5.3531,5.5119,5.3531,5.5119,3985,0
20130705,5.5472,5.5472,5.4237,5.5384,419,0
20130708,5.5384,5.5384,5.5384,5.5384,10,0
20130709,5.5119,5.5119,5.5119,5.5119,56,0
20130710,5.5384,5.5384,5.5296,5.5384,326,0
20130711,5.5296,5.5296,5.4237,5.4237,397,0
20130712,5.4325,5.4677,5.4325,5.4677,328,0
20130715,5.4677,5.5031,5.4677,5.4766,1472,0
20130716,5.4677,5.5119,5.4677,5.4677,1303,0
20130717,5.5384,5.5384,5.5384,5.5384,28,0
20130718,5.5296,5.5296,5.5119,5.5119,2863,0
20130719,5.5384,5.5472,5.5384,5.5384,699,0
20130722,5.5296,5.5296,5.3795,5.3795,6705,0
20130723,5.3619,5.3619,5.3619,5.3619,114,0
20130724,5.3531,5.3972,5.3531,5.3972,806,0
20130725,5.3972,5.4148,5.3972,5.4148,261,0
20130726,5.3972,5.3972,5.3619,5.3619,204,0
20130729,5.3619,5.3619,5.3443,5.3531,920,0
20130730,5.3267,5.3619,5.3267,5.3619,482,0
20130731,5.3443,5.3443,5.2914,5.2914,3679,0
20130801,5.3002,5.3972,5.3002,5.3972,636,0
20130802,5.3795,5.4677,5.3795,5.4677,374,0
20130805,5.4854,5.7941,5.4854,5.75,4108,0
20130806,5.7676,5.7765,5.6442,5.7147,5454,0
20130807,5.7235,6.041,5.7235,6.041,2390,0
20130808,6.0675,6.0851,6.0675,6.0675,1836,0
20130809,6.138,6.2703,6.1293,6.2703,3616,0
20130812,6.3937,6.4379,6.0851,6.2967,2863,0
20130813,6.3497,6.3497,6.3497,6.3497,28,0
20130814,6.138,6.1733,6.094,6.094,7441,0
20130816,6.094,6.094,6.041,6.0851,495,0
20130819,6.0851,6.0851,6.0763,6.0851,444,0
20130820,6.1909,6.1909,6.1909,6.1909,41,0
20130821,6.1733,6.1733,6.1733,6.1733,18,0
20130826,6.1733,6.1733,6.1733,6.1733,56,0
20130827,6.1733,6.1733,6.1733,6.1733,18,0
20130828,6.0851,6.094,6.0851,6.0851,193,0
20130829,6.0851,6.0851,6.0851,6.0851,46,0
20130830,6.3056,6.3056,6.0851,6.0851,4755,0
20130902,6.1204,6.1204,6.1204,6.1204,5,0
20130904,6.0587,6.0763,5.847,5.847,8816,0
20130905,5.847,5.9087,5.6882,5.6882,2414,0
20130906,5.6882,5.6882,5.6442,5.6442,1720,0
20130909,5.6442,5.6442,5.6442,5.6442,41,0
20130910,5.6442,5.9087,5.6442,5.8734,1020,0
20130911,5.9087,5.9087,5.9087,5.9087,79,0
20130912,5.9087,6.0851,5.9087,6.0851,142,0
20130913,6.0851,6.1909,5.6618,5.6618,1924,0
20130916,5.6618,5.8381,5.6618,5.7853,312,0
20130917,5.7676,5.7676,5.7676,5.7676,56,0
20130918,5.7676,5.7676,5.7412,5.7412,141,0
20130919,5.7412,5.9528,5.7412,5.9087,2205,0
20130920,5.9087,6.1116,5.9087,5.997,4621,0
20130923,6.041,6.041,5.9175,5.9175,66,0
20130924,5.8999,5.8999,5.8999,5.8999,1,0
20130925,5.8999,5.8999,5.8646,5.8646,74,0
20130926,5.8911,6.0851,5.8911,5.997,374,0
20130927,5.997,6.0675,5.8558,5.9705,1766,0
20130930,6.2791,6.2791,5.9528,5.9528,369,0
20131001,5.9528,5.997,5.944,5.997,1299,0
20131002,5.997,5.997,5.944,5.9528,2159,0
20131003,5.9528,5.9528,5.9528,5.9528,1508,0
20131004,5.9882,5.9882,5.8734,5.8734,68,0
20131007,5.8293,5.8293,5.8293,5.8293,33,0
20131008,5.8293,5.997,5.6442,5.6442,24356,0
20131009,5.6618,5.8823,5.6618,5.8823,1400,0
20131010,5.9087,5.9087,5.8999,5.9087,2523,0
20131011,5.9263,6.2351,5.9263,6.2351,1475,0
20131014,6.3056,6.3056,6.2351,6.2351,454,0
20131015,6.2351,6.3056,6.2351,6.3056,2817,0
20131016,6.3497,6.3584,6.3409,6.3497,1001,0
20131018,6.3497,6.3497,6.1733,6.1733,2051,0
20131021,6.2791,6.3672,6.2791,6.3672,3003,0
20131022,6.3584,6.4379,6.3497,6.3497,1807,0
20131023,6.4379,7.0817,6.4379,7.0817,11595,0
20131024,7.0817,7.5844,6.967,7.408,4662,0
20131025,7.1786,7.3639,7.1786,7.3639,483,0
20131028,7.3639,7.3639,7.2316,7.2316,379,0
20131029,7.2404,7.2844,7.2316,7.2844,1543,0
20131030,7.4961,7.7607,7.4345,7.7607,4303,0
20131031,7.6725,7.6725,7.4256,7.6725,2137,0
20131104,7.6725,8.1135,7.5844,8.1135,2779,0
20131105,7.9459,8.5103,7.7607,7.7607,1555,0
20131106,7.9812,8.2016,7.8489,7.8489,6311,0
20131107,7.9284,7.9371,7.8666,7.8666,7994,0
20131108,7.7342,7.9371,7.7342,7.9284,6214,0
20131112,8.0253,8.0253,7.9812,7.9812,56,0
20131113,7.9284,7.9284,7.7342,7.7342,6787,0
20131114,7.6637,7.6637,7.3992,7.3992,172,0
20131115,7.3992,7.3992,7.2316,7.2316,761,0
20131118,7.2316,7.4961,7.2316,7.4961,2494,0
20131119,7.5403,7.8048,7.4961,7.8048,3679,0
20131120,7.8489,8.0517,7.8048,7.8489,6634,0
20131121,7.8489,7.8489,7.6549,7.7166,1660,0
20131122,7.7166,8.0605,7.7166,7.9371,4615,0
20131125,7.9371,7.9371,7.9371,7.9371,56,0
20131126,7.9371,7.9371,7.8577,7.8577,3946,0
20131127,7.505,7.7342,7.505,7.7342,516,0
20131128,7.8048,7.9371,7.8048,7.9371,4772,0
20131129,7.9371,7.9371,7.9284,7.9284,578,0
20131202,7.9371,7.9371,7.9371,7.9371,618,0
20131203,7.9371,7.9371,7.505,7.5491,476,0
20131204,7.6902,7.6902,7.6725,7.6725,1094,0
20131205,7.6725,7.6725,7.5844,7.5844,545,0
20131206,7.5844,7.5844,7.5844,7.5844,284,0
20131209,7.6019,7.6019,7.6019,7.6019,40,0
20131210,7.5667,7.5756,7.5579,7.5667,574,0
20131211,7.5491,7.5491,7.5491,7.5491,56,0
20131212,7.5403,7.5403,7.5403,7.5403,18,0
20131213,7.5403,7.5491,7.5403,7.5491,566,0
20131216,7.5932,7.8136,7.4521,7.4521,3735,0
20131217,7.3992,7.3992,7.2316,7.2316,1162,0
20131218,7.2668,7.2668,7.2668,7.2668,1,0
20131220,7.2668,7.3197,7.2668,7.3197,137,0
20131223,7.3197,7.3197,7.0552,7.0552,2511,0
20131227,7.0552,7.0552,7.0552,7.0552,646,0
20131230,7.0552,7.0552,7.0552,7.0552,113,0
20140102,7.1786,7.5932,7.1786,7.5932,918,0
20140103,8.0253,8.3605,7.7607,7.7607,19035,0
20140107,8.0605,8.0605,7.796,7.796,1134,0
20140108,7.7342,8.0517,7.7342,8.0517,2268,0
20140109,8.1663,8.1663,7.699,7.7607,4510,0
20140110,7.699,8.1576,7.699,7.7607,7156,0
20140113,7.699,7.699,7.6814,7.6814,784,0
20140114,7.6902,7.7342,7.6902,7.7342,79,0
20140115,7.8048,7.8136,7.8048,7.8136,114,0
20140116,7.8224,8.2898,7.6725,7.6725,9759,0
20140117,7.6725,7.7695,7.6725,7.7695,114,0
20140120,7.7695,7.8842,7.7607,7.8842,2313,0
20140121,7.9195,8.281,7.9195,8.281,17421,0
20140122,8.2634,8.3517,7.9371,8.2986,19210,0
20140123,8.3517,8.3517,8.1488,8.1488,124,0
20140124,8.1752,8.1752,7.9812,7.9812,743,0
20140127,7.9989,8.1576,7.9989,8.087,159,0
20140128,8.087,8.8988,7.8048,8.8988,4785,0
20140129,8.8988,9.437,8.7127,9.437,2622,0
20140130,9.3394,9.7,8.8804,9.348,7741,0
20140131,9.348,10.098,8.9949,9.816,5053,0
20140203,9.806,10.036,9.71,9.824,16453,0
20140204,9.824,9.824,9.525,9.7,11362,0
20140205,9.7,9.7,9.612,9.675,5950,0
20140206,9.675,9.7,9.1011,9.622,9342,0
20140207,9.612,9.612,9.595,9.612,2382,0
20140210,9.569,9.569,9.437,9.437,390,0
20140211,9.437,9.692,9.1107,9.692,9631,0
20140212,9.683,9.683,9.612,9.63,2472,0
20140213,9.656,9.656,9.3307,9.656,3286,0
20140214,9.648,9.931,9.639,9.683,2801,0
20140217,9.7,9.71,9.4628,9.4628,2304,0
20140218,9.4628,9.525,9.4542,9.525,2846,0
20140219,9.525,9.525,9.2867,9.2867,323,0
20140220,9.0133,9.2159,9.0041,9.0481,1889,0
20140221,9.0481,9.2599,9.0481,9.2599,2880,0
20140224,9.2599,9.7,9.0838,9.7,5246,0
20140225,9.656,9.656,9.1719,9.1719,4940,0
20140226,9.1719,9.2599,9.1719,9.2599,23,0
20140227,9.2599,9.2599,9.2599,9.2599,53,0
20140228,9.2599,9.2599,9.2599,9.2599,40,0
20140303,8.819,8.8281,7.1434,7.7695,9825,0
20140304,7.9195,8.2721,7.9195,8.2369,2138,0
20140305,8.2721,8.5986,8.2016,8.4045,14679,0
20140306,8.3781,8.8016,8.3781,8.5721,3088,0
20140307,8.5897,8.5897,8.2369,8.2369,651,0
20140310,8.281,8.281,7.7607,8.0958,2046,0
20140311,8.0694,8.2016,7.5844,7.6284,35507,0
20140312,7.5403,8.0077,7.5403,7.5932,5874,0
20140313,7.6372,7.8489,7.3639,7.3639,5527,0
20140314,7.3639,7.4961,7.3109,7.3197,3748,0
20140317,6.8788,7.7166,6.8788,7.6725,4048,0
20140318,7.7166,8.1135,7.7166,7.9371,1490,0
20140319,8.0342,8.1223,8.0342,8.1135,3056,0
20140320,8.1311,8.6338,8.1311,8.6338,7509,0
20140321,8.5191,8.819,8.1135,8.2105,29536,0
20140324,8.3781,8.3781,7.8577,7.8931,5215,0
20140325,7.8931,7.9284,7.6549,7.7519,3847,0
20140326,7.7607,8.4751,7.7607,8.0694,2196,0
20140327,8.4751,8.5633,8.4751,8.5633,2834,0
20140328,8.5103,8.5103,8.2898,8.3605,1620,0
20140331,8.3339,8.3605,8.3339,8.3605,1134,0
20140401,8.3605,8.3605,8.1135,8.2016,2184,0
20140402,8.1135,8.3781,8.1135,8.3781,74,0
20140403,8.3781,8.3781,8.2016,8.3693,298,0
20140407,8.2898,8.2898,8.2898,8.2898,10,0
20140408,8.3693,8.3693,8.1135,8.1135,402,0
20140409,8.1135,8.1135,7.99,7.99,1991,0
20140410,7.99,8.0782,7.99,8.0782,20,0
20140411,8.1135,8.1135,7.8931,7.8931,2100,0
20140415,7.9284,8.0165,7.9284,7.9547,278,0
20140416,7.9284,7.9284,7.7872,7.7872,235,0
20140417,7.7872,7.7872,7.7872,7.7872,18,0
20140422,7.796,7.9019,7.7695,7.9019,158,0
20140423,7.8931,7.8931,7.8931,7.8931,36,0
20140424,7.8842,8.1135,7.7872,7.7872,2138,0
20140425,7.7872,7.7872,7.1434,7.2756,2024,0
20140428,7.2756,7.2756,7.1875,7.1875,96,0
20140429,7.1434,7.2492,6.8347,6.8347,2111,0
20140430,6.6407,7.1258,6.6407,7.1258,650,0
20140502,7.0552,7.2668,7.0552,7.2668,285,0
20140505,7.2316,7.2668,7.1698,7.1698,2534,0
20140506,7.1963,7.1963,7.0552,7.0552,284,0
20140507,7.0552,7.0552,6.5702,6.5702,5421,0
20140508,6.5261,6.5261,6.3937,6.4644,397,0
20140509,6.5261,6.6142,6.5261,6.6142,230,0
20140512,6.6142,6.6142,6.6054,6.6054,409,0
20140513,6.6142,6.6142,6.6054,6.6142,662,0
20140514,6.6142,6.6142,6.6054,6.6142,41,0
20140515,6.6142,6.6142,6.5966,6.5966,642,0
20140516,6.6142,6.6142,6.6054,6.6142,743,0
20140519,6.7024,6.7377,6.6936,6.7377,170,0
20140520,6.7377,6.7377,6.7024,6.7289,90626,0
20140521,6.7024,6.7024,6.7024,6.7024,79,0
20140522,6.7024,6.7818,6.7024,6.773,1144,0
20140523,6.7553,6.7642,6.7553,6.7553,4312,0
20140526,7.0375,7.0375,6.8435,7.02,5190,0
20140527,7.0375,7.0375,7.0288,7.0375,115,0
20140528,6.7995,7.1698,6.7995,6.8876,3685,0
20140529,6.8876,6.967,6.8876,6.967,181,0
20140530,6.967,7.0552,6.967,7.0552,227,0
20140602,7.0552,7.0552,7.0552,7.0552,28,0
20140603,7.2385,7.2385,6.9361,7.1468,9959,0
20140604,7.1285,7.1285,7.1102,7.1102,191,0
20140605,7.1377,7.1927,7.0185,7.1468,870,0
20140606,7.1927,7.1927,7.1927,7.1927,22,0
20140609,7.1927,7.1927,7.1927,7.1927,22,0
20140610,7.1927,7.1927,7.1468,7.1835,879,0
20140611,7.1285,7.1377,7.1285,7.1285,2025,0
20140612,7.1377,7.1468,7.1285,7.1377,1857,0
20140613,7.1285,7.1377,7.0552,7.0552,2374,0
20140616,7.0552,7.0552,7.0552,7.0552,27,0
20140618,7.0094,7.2385,7.0094,7.2385,1560,0
20140620,7.2385,7.2385,6.9911,6.9911,1230,0
20140623,6.9636,6.9636,6.9636,6.9636,14,0
20140624,6.9544,6.9636,6.872,6.9452,284,0
20140625,6.9178,6.9178,6.7712,6.7712,1200,0
20140626,6.7346,6.7346,6.5971,6.5971,147,0
20140627,6.6062,6.762,6.6062,6.762,341,0
20140630,6.762,6.762,6.762,6.762,22,0
20140701,6.762,6.762,6.762,6.762,22,0
20140702,6.7436,6.7436,6.7436,6.7436,22,0
20140703,6.7436,6.7436,6.4138,6.4138,2587,0
20140704,6.4138,6.4138,6.2763,6.4138,317,0
20140707,6.4597,6.4688,6.4597,6.4688,158,0
20140708,6.4138,6.4138,6.4138,6.4138,27,0
20140709,6.423,6.423,6.2306,6.2306,4256,0
20140710,6.1389,6.1481,6.0106,6.0106,1922,0
20140711,6.0473,6.0473,5.9557,5.9557,3144,0
20140714,5.9557,6.1298,5.9557,6.1298,218,0
20140715,6.1298,6.2947,6.0015,6.1298,16007,0
20140716,6.1298,6.1389,6.0015,6.1389,3015,0
20140717,6.2947,6.2947,6.0015,6.2855,3830,0
20140718,6.2947,6.3497,6.1848,6.3222,26803,0
20140721,6.194,6.4138,6.1389,6.4138,19084,0
20140722,6.2673,6.5971,6.2673,6.5512,8131,0
20140723,6.5146,6.5971,6.3864,6.5512,3874,0
20140724,6.5146,6.5146,6.4963,6.5055,440,0
20140725,6.4321,6.6704,6.4321,6.6704,32,0
20140729,6.7528,6.762,6.7436,6.762,213,0
20140801,6.7346,6.8994,6.5696,6.8994,1741,0
20140804,6.8994,7.3301,6.8994,7.2385,5780,0
20140805,7.3301,7.3301,7.3209,7.3301,1474,0
20140806,7.3301,7.3301,7.3301,7.3301,284,0
20140807,7.3209,7.3209,7.3209,7.3209,22,0
20140808,7.2842,7.2842,7.2842,7.2842,410,0
20140811,7.3209,7.7882,7.3118,7.7882,5124,0
20140812,7.7791,7.7791,7.7699,7.7791,115,0
20140813,7.7791,7.7791,7.7791,7.7791,17,0
20140814,7.7791,7.7791,7.7791,7.7791,17,0
20140818,7.7791,7.7791,7.7791,7.7791,22,0
20140819,7.7791,7.7791,7.3484,7.3484,373,0
20140820,7.3484,7.3484,7.3484,7.3484,27,0
20140825,7.3301,7.3301,7.3301,7.3301,1626,0
20140826,7.3301,7.3301,7.3301,7.3301,39,0
20140827,7.3301,7.3301,7.3301,7.3301,39,0
20140828,7.3301,7.3301,7.3301,7.3301,44,0
20140829,7.3301,7.3301,7.3301,7.3301,76,0
20140902,7.3301,7.4309,7.1468,7.2752,571,0
20140903,7.2293,7.2293,6.762,6.8628,378,0
20140904,6.9452,7.2201,6.8628,6.8628,1437,0
20140905,6.8353,6.8353,6.7254,6.7346,4054,0
20140908,6.4779,6.762,6.4779,6.762,1033,0
20140909,6.7712,6.7712,6.762,6.7712,295,0
20140910,6.8169,6.9086,6.8078,6.9086,460,0
20140911,6.8994,7.1377,6.8994,7.1377,437,0
20140912,7.101,7.101,6.8811,6.8811,176,0
20140915,6.8628,6.872,6.8628,6.8628,368,0
20140916,6.8628,7.4309,6.8537,7.4217,5129,0
20140917,7.3575,7.3575,7.3393,7.3393,305,0
20140918,7.4217,7.5133,7.4217,7.4217,231,0
20140919,7.4309,7.5133,7.4217,7.5133,453,0
20140922,7.44,7.4492,7.44,7.44,796,0
20140923,7.4492,7.5317,7.2385,7.3759,1782,0
20140924,7.4217,7.4217,7.4217,7.4217,17,0
20140925,7.4217,7.5133,6.872,7.0094,3920,0
20140926,6.927,7.4309,6.927,7.4309,1484,0
20140929,7.2934,7.5225,7.156,7.5225,9407,0
20141001,7.4217,7.4217,7.2934,7.3759,334,0
20141002,7.3759,7.3759,7.3026,7.3667,28958,0
20141003,7.3759,7.4309,7.3759,7.4309,138,0
20141006,7.4309,7.5133,7.2934,7.5133,2345,0
20141007,7.5133,7.6508,7.3301,7.6508,2739,0
20141008,7.6874,7.6874,7.6783,7.6874,606,0
20141009,7.6783,7.6783,7.5133,7.5133,2338,0
20141010,7.4309,7.5591,7.4217,7.5591,1070,0
20141013,7.5683,7.8707,7.5683,7.6966,3237,0
20141014,7.6966,7.6966,7.3301,7.3301,2189,0
20141015,7.44,7.44,7.44,7.44,10,0
20141016,7.4676,7.4676,7.4676,7.4676,98,0
20141017,7.5591,7.5591,7.5591,7.5591,10,0
20141020,7.5499,7.5591,7.5317,7.5317,196,0
20141021,7.5591,7.5591,7.1651,7.2476,2538,0
20141022,7.2476,7.3484,7.2476,7.3484,2203,0
20141023,7.3301,7.3393,7.3301,7.3301,502,0
20141024,7.4492,7.4676,7.3301,7.3301,1419,0
20141027,7.3301,7.4309,7.2752,7.4309,2097,0
20141028,7.4309,7.4309,7.3026,7.4309,3765,0
20141029,7.4217,7.4584,7.4217,7.4584,82,0
20141030,7.2568,7.4217,7.2568,7.4217,1792,0
20141031,7.44,7.44,7.3118,7.3301,988,0
20141103,7.3118,7.3301,7.3118,7.3301,6109,0
20141104,7.3118,7.3118,7.3118,7.3118,24,0
20141105,7.3301,7.3301,7.2476,7.2476,1326,0
20141106,7.2476,7.2476,7.2476,7.2476,32,0
20141107,7.4217,7.4217,7.4217,7.4217,167,0
20141110,7.2476,7.2476,7.2293,7.2293,1746,0
20141114,7.1927,7.2568,7.0003,7.2385,497,0
20141117,7.1468,7.1468,7.1468,7.1468,27,0
20141118,7.1468,7.1468,7.1468,7.1468,45,0
20141119,7.1468,7.1468,7.1468,7.1468,31,0
20141120,7.1468,7.2752,7.1468,7.2385,218,0
20141121,7.2385,7.7882,7.2293,7.4125,2673,0
20141124,7.3759,7.3759,7.0003,7.2385,2606,0
20141125,7.3575,7.3575,7.1468,7.1468,631,0
20141126,7.1468,7.3118,7.1468,7.3118,518,0
20141127,7.3118,7.3301,7.3118,7.3301,1436,0
20141128,7.3667,7.4217,7.3667,7.4217,218,0
20141201,7.44,7.44,7.4217,7.4217,75,0
20141202,7.4125,7.4125,7.3301,7.3301,2538,0
20141203,7.4125,7.4125,7.3301,7.3301,371,0
20141204,7.3301,7.3301,7.3209,7.3301,464,0
20141205,7.4125,7.4125,7.3301,7.3301,562,0
20141208,7.3301,7.3301,7.3301,7.3301,44,0
20141209,7.3943,7.3943,6.8445,7.2934,4808,0
20141210,7.3851,7.3851,7.1468,7.2752,2235,0
20141211,7.3667,7.3667,7.0736,7.3301,14061,0
20141212,7.3667,7.3667,7.1377,7.3301,3639,0
20141215,7.3759,7.3759,7.3759,7.3759,27,0
20141216,7.3575,7.3575,7.2385,7.2385,196,0
20141217,7.2752,7.3301,7.2752,7.3118,145906,0
20141218,7.3209,7.3209,7.2109,7.2109,415,0
20141219,7.1651,7.1651,6.872,6.9452,2150,0
20141222,6.9727,7.1468,6.9727,7.0736,2428,0
20141223,6.9727,6.9727,6.8811,6.8811,76,0
20141229,6.8903,6.9178,6.8903,6.9178,54,0
20141230,6.9178,6.9178,6.9178,6.9178,82,0
20150102,6.9178,7.1651,6.872,7.1651,437,0
20150105,7.0644,7.0918,6.9544,6.9544,785,0
20150107,6.9544,7.0552,6.9544,6.9636,1230,0
20150108,7.0552,7.2385,6.9636,7.0185,1255,0
20150109,7.0827,7.2842,7.0644,7.0644,1337,0
20150112,7.1194,7.3851,7.1194,7.3851,1894,0
20150113,7.3759,7.3759,7.2293,7.3301,1057,0
20150114,7.3393,7.3393,7.3393,7.3393,873,0
20150115,7.3393,7.3393,7.2934,7.2934,710,0
20150119,7.2934,7.2934,7.156,7.156,1759,0
20150120,7.2201,7.5042,7.2201,7.3484,1646,0
20150121,7.3667,7.4217,7.2385,7.2385,1154,0
20150122,7.3301,7.3851,7.2934,7.3851,146,0
20150123,7.3851,7.3851,7.3301,7.3301,600,0
20150126,7.4034,7.4034,7.3301,7.3851,1412,0
20150127,7.3301,7.3301,7.3301,7.3301,125,0
20150128,7.4217,7.4217,7.3301,7.3301,1856,0
20150129,7.3209,7.3301,7.3209,7.3301,115,0
20150130,7.3393,7.3484,7.3393,7.3484,82,0
20150202,7.3393,7.3393,7.3393,7.3393,27,0
20150203,7.3667,7.3667,7.3209,7.3301,5574,0
20150204,7.3301,7.3301,7.3301,7.3301,103,0
20150205,7.3209,7.3301,7.2842,7.2842,2781,0
20150206,7.2842,7.2934,7.2842,7.2842,2132,0
20150209,7.2842,7.2842,7.266,7.2842,1480,0
20150210,7.3301,7.3301,7.3301,7.3301,764,0
20150211,7.3301,7.3393,7.2842,7.2842,464,0
20150212,7.3301,7.3301,7.3301,7.3301,54,0
20150213,7.2842,7.3301,7.2842,7.3301,158,0
20150216,7.2385,7.2476,7.2385,7.2385,2939,0
20150217,7.2385,7.2385,7.2293,7.2293,319,0
20150218,7.2385,7.2385,7.1468,7.1468,2630,0
20150219,7.1468,7.1468,7.1468,7.1468,64,0
20150220,7.156,7.1743,7.1468,7.1468,658,0
20150223,7.1927,7.1927,7.1927,7.1927,349,0
20150224,7.2842,7.2842,7.2568,7.2842,1118,0
20150225,7.3026,7.3026,7.2385,7.2476,1566,0
20150226,7.2476,7.2476,7.2385,7.2476,510,0
20150227,7.2018,7.2385,7.2018,7.2385,327,0
20150302,7.2842,7.3301,7.2476,7.2476,1040,0
20150303,7.2385,7.2385,7.2293,7.2293,82,0
20150304,7.2201,7.2385,7.2201,7.2293,491,0
20150305,7.2018,7.2385,7.1835,7.1835,8943,0
20150306,7.1927,7.1927,6.9361,7.0185,2774,0
20150309,7.0277,7.0277,6.9727,6.9819,208,0
20150310,6.9727,7.1468,6.9727,7.1468,201,0
20150311,7.2385,7.2385,7.2385,7.2385,124,0
20150312,7.2385,7.2385,7.2385,7.2385,54,0
20150313,7.2293,7.2385,7.2293,7.2385,191,0
20150316,6.9636,7.1468,6.9636,7.101,1399,0
20150317,7.0552,7.0552,7.0552,7.0552,54,0
20150318,7.0552,7.0644,7.0552,7.0552,1015,0
20150319,7.0552,7.5133,7.0552,7.5133,5759,0
20150320,7.7791,7.7791,7.3484,7.3759,2455,0
20150323,7.4034,7.4676,7.4034,7.4034,1186,0
20150324,7.4034,7.4217,7.3575,7.3575,1688,0
20150325,7.3575,7.5591,7.3575,7.5591,1721,0
20150326,7.5591,7.5591,7.5591,7.5591,249,0
20150327,7.5591,7.7791,7.5133,7.7791,2128,0
20150330,7.834,7.8432,7.605,7.8248,3112,0
20150331,7.834,8.0448,7.4676,8.0082,7459,0
20150401,8.1914,8.3472,8.1914,8.338,1659,0
20150402,8.4021,8.5212,8.4021,8.4296,840,0
20150407,8.4296,8.4937,8.4204,8.4937,3138,0
20150408,8.4296,8.4296,8.3654,8.4204,273,0
20150409,8.3472,8.3472,8.3472,8.3472,54,0
20150410,8.2372,8.2372,8.0631,8.1364,202,0
20150413,8.2463,8.2463,8.0631,8.2372,1321,0
20150414,8.2372,8.2372,8.0631,8.2372,904,0
20150415,8.2372,8.2372,8.2372,8.2372,27,0
20150416,8.2372,8.2372,8.1089,8.1089,425,0
20150417,8.1089,8.2372,8.1089,8.2372,5628,0
20150420,8.338,8.338,8.338,8.338,22,0
20150421,8.2921,8.2921,8.2921,8.2921,27,0
20150422,8.2463,8.2463,8.0448,8.1547,3074,0
20150423,8.1547,8.2921,8.1547,8.2921,2135,0
20150424,8.338,8.338,8.2463,8.2463,1437,0
20150427,8.2463,8.3288,8.2463,8.3288,93,0
20150428,8.338,8.338,8.3288,8.338,354,0
20150429,8.6037,8.9793,8.6037,8.7961,6867,0
20150430,8.8877,8.961,8.7961,8.7961,2690,0
20150504,8.7961,8.7961,8.7961,8.7961,27,0
20150505,8.7869,8.7869,8.6129,8.6129,1639,0
20150506,8.6129,8.7778,8.6129,8.7778,137,0
20150507,8.7869,8.7869,8.7869,8.7869,14,0
20150508,8.7869,8.7869,8.7869,8.7869,27,0
20150511,8.7778,8.7778,8.7778,8.7778,464,0
20150512,8.7778,8.7778,8.7778,8.7778,218,0
20150513,8.7778,8.7778,8.7778,8.7778,17,0
20150514,8.7778,8.7778,8.6129,8.6129,5324,0
20150515,8.7869,9.4379,8.6129,9.4379,13988,0
20150518,9.3461,9.3461,9.1719,9.2542,2363,0
20150519,9.1623,9.4283,9.1623,9.4283,5580,0
20150520,9.4379,9.4647,9.4379,9.4379,2727,0
20150521,9.4379,9.849,9.4379,9.849,9087,0
20150522,9.895,10.079,9.777,10.079,2783,0
20150525,10.079,10.079,9.969,9.969,879,0
20150526,10.069,10.069,9.941,10.023,1845,0
20150527,9.959,11.014,9.959,10.73,3359,0
20150528,10.986,10.986,10.72,10.812,694,0
20150529,10.515,10.515,9.731,10.429,3248,0
20150601,10.276,10.286,10.219,10.219,388,0
20150602,10.238,10.238,9.865,9.865,1185,0
20150603,9.865,9.865,9.865,9.865,63,0
20150605,9.855,9.855,9.855,9.855,610,0
20150608,9.855,9.855,9.712,9.712,3900,0
20150609,9.874,10.812,9.807,10.286,15109,0
20150610,10.333,11.003,10.333,11.003,7404,0
20150611,11.003,11.003,10.994,11.003,1002,0
20150612,11.003,11.003,10.812,10.908,6506,0
20150615,10.888,10.888,10.812,10.812,193,0
20150616,10.726,11.003,10.726,10.955,3173,0
20150617,10.994,11.003,10.965,11.003,871,0
20150618,11.003,11.003,10.735,10.735,1353,0
20150619,10.754,11.003,10.534,11.003,4299,0
20150622,11.003,11.003,10.774,10.774,1727,0
20150623,10.898,10.908,10.812,10.908,5214,0
20150624,10.984,11.003,10.984,10.994,493,0
20150625,11.003,11.003,11.003,11.003,1056,0
20150626,11.003,11.051,10.707,11.003,4641,0
20150629,10.946,10.946,10.697,10.716,2001,0
20150630,10.716,10.716,10.716,10.716,725,0
20150701,10.735,10.735,10.716,10.716,658,0
20150702,10.716,10.716,10.668,10.716,1029,0
20150703,10.716,10.716,10.716,10.716,10,0
20150706,10.726,10.726,10.525,10.573,1552,0
20150707,10.573,10.573,10.573,10.573,36,0
20150708,10.573,10.63,10.573,10.63,1148,0
20150709,10.592,10.668,10.573,10.668,2437,0
20150710,10.735,11.453,10.668,11.223,3616,0
20150713,11.29,11.29,11.07,11.29,4697,0
20150714,11.29,11.29,11.099,11.099,863,0
20150715,11.195,11.29,11.195,11.29,143,0
20150716,11.29,11.29,11.281,11.29,1133,0
20150717,11.29,11.29,11.281,11.29,655,0
20150720,11.022,11.099,11.022,11.099,632,0
20150721,11.185,11.185,11.185,11.185,172,0
20150722,11.29,11.29,11.29,11.29,26,0
20150723,11.242,11.29,11.233,11.29,1103,0
20150724,11.271,11.29,11.271,11.281,2391,0
20150727,11.061,11.061,11.061,11.061,105,0
20150728,11.099,11.099,11.099,11.099,768,0
20150729,11.29,11.29,11.099,11.099,502,0
20150730,11.099,11.099,11.099,11.099,36,0
20150731,11.099,11.099,11.099,11.099,139,0
20150803,11.099,11.108,11.099,11.108,78,0
20150804,11.099,11.195,11.099,11.108,1569,0
20150805,11.099,11.281,11.099,11.147,331,0
20150806,11.29,11.29,11.29,11.29,52,0
20150807,11.214,11.223,11.214,11.214,146,0
20150810,11.29,11.29,11.195,11.195,94,0
20150811,11.195,11.195,11.118,11.118,136,0
20150812,11.118,11.185,11.051,11.175,535,0
20150813,11.099,11.099,11.089,11.099,520,0
20150814,11.099,11.099,10.659,11.099,3409,0
20150817,11.003,11.003,10.774,10.783,1945,0
20150818,10.783,10.783,10.783,10.783,16,0
20150819,10.793,10.879,10.621,10.879,1881,0
20150820,10.908,11.003,10.879,10.879,298,0
20150821,10.812,11.195,10.812,10.917,2054,0
20150824,10.812,10.812,10.171,10.238,1420,0
20150825,9.692,9.951,9.1088,9.951,2066,0
20150826,9.941,9.941,9.664,9.932,1067,0
20150827,9.941,9.941,9.855,9.941,761,0
20150828,10.046,10.716,10.046,10.716,2839,0
20150831,11.195,11.195,10.888,11.099,7594,0
20150901,10.888,11.166,10.888,11.166,6834,0
20150902,11.089,11.099,10.802,10.802,7724,0
20150903,11.061,11.195,10.534,10.86,2392,0
20150904,10.85,10.85,10.324,10.525,3800,0
20150907,10.525,10.869,10.228,10.86,7311,0
20150908,10.908,11.281,10.908,11.271,2538,0
20150909,11.262,11.912,10.994,11.769,7803,0
20150910,11.95,12.132,11.386,11.386,3904,0
20150911,11.396,11.817,11.396,11.817,5711,0
20150914,11.644,11.817,11.635,11.663,3420,0
20150915,11.644,11.817,11.625,11.817,6478,0
20150916,11.807,11.807,11.807,11.807,355,0
20150917,11.797,11.797,11.797,11.797,2,0
20150918,11.673,11.721,11.587,11.673,5837,0
20150921,11.721,11.721,11.721,11.721,10,0
20150922,11.721,11.721,11.721,11.721,21,0
20150923,11.673,11.673,11.396,11.396,232,0
20150925,11.472,11.673,11.472,11.625,4814,0
20150928,11.625,11.625,11.625,11.625,16,0
20150929,11.577,11.577,11.262,11.262,557,0
20150930,11.3,11.3,11.003,11.29,2143,0
20151001,11.29,11.309,11.281,11.3,2287,0
20151002,11.386,11.386,11.376,11.376,710,0
20151005,11.262,11.472,11.08,11.472,2031,0
20151006,11.482,11.482,11.482,11.482,16,0
20151007,11.482,11.625,11.482,11.625,3423,0
20151008,11.721,11.883,11.52,11.673,15262,0
20151009,11.673,12.113,11.214,12.104,9018,0
20151012,11.96,11.96,11.826,11.836,8003,0
20151013,11.864,11.864,11.836,11.836,37,0
20151014,11.864,11.864,11.855,11.855,527,0
20151015,11.864,12.123,11.855,12.123,4721,0
20151016,12.142,12.142,12.056,12.056,230,0
20151019,12.132,12.132,12.132,12.132,10,0
20151020,12.104,12.104,12.104,12.104,10,0
20151021,11.96,12.056,11.96,11.96,240,0
20151022,11.855,12.247,11.855,12.247,9997,0
20151023,12.295,12.63,12.247,12.63,7470,0
20151026,12.63,12.63,12.62,12.63,1155,0
20151027,12.678,12.678,12.668,12.678,219,0
20151028,12.63,12.84,12.467,12.84,4554,0
20151029,12.745,12.812,12.63,12.63,1302,0
20151030,12.812,12.898,12.802,12.802,349,0
20151102,12.898,13.089,12.879,13.089,3663,0
20151103,13.137,13.357,12.898,13.357,6020,0
20151104,13.338,13.347,13.118,13.242,2691,0
20151105,13.338,13.749,13.328,13.749,10135,0
20151106,13.74,13.749,13.395,13.395,6758,0
20151109,13.625,13.625,13.386,13.395,2456,0
20151110,13.395,13.405,13.108,13.405,920,0
20151112,13.405,13.414,13.405,13.414,162,0
20151113,13.414,13.826,13.414,13.826,2393,0
20151116,13.146,13.682,13.099,13.3,4576,0
20151117,13.3,13.816,13.3,13.807,4233,0
20151118,13.797,13.797,13.395,13.634,1395,0
20151119,13.548,13.721,13.395,13.711,1338,0
20151120,13.701,13.701,13.204,13.596,3313,0
20151123,13.587,13.587,13.099,13.242,2378,0
20151124,13.204,13.424,13.099,13.424,3694,0
20151125,13.548,13.548,13.108,13.3,1202,0
20151126,13.539,13.539,12.993,13.108,2874,0
20151127,13.108,13.108,12.754,12.917,392,0
20151130,12.869,12.869,12.773,12.859,63,0
20151201,12.639,12.639,12.266,12.534,2199,0
20151202,12.525,12.525,12.496,12.505,1270,0
20151203,12.505,12.505,12.276,12.496,158,0
20151204,12.486,12.486,11.874,12.008,376,0
20151207,11.874,12.056,11.874,12.008,387,0
20151208,11.96,11.96,11.769,11.95,429,0
20151209,11.654,11.654,11.472,11.482,983,0
20151210,11.482,11.482,11.415,11.415,332,0
20151211,11.415,11.482,10.735,11.482,3381,0
20151214,11.482,12.056,11.472,12.056,1846,0
20151215,12.094,12.094,11.003,11.864,964,0
20151216,12.037,12.037,12.037,12.037,209,0
20151217,12.075,12.132,11.96,12.113,1317,0
20151218,12.151,12.151,11.912,12.142,52,0
20151221,12.142,12.142,11.778,11.989,3488,0
20151222,12.132,12.151,12.132,12.151,1320,0
20151223,12.151,12.151,11.405,12.142,2749,0
20151228,12.142,12.142,11.96,11.96,1728,0
20151229,11.96,11.96,11.778,11.778,815,0
20151230,12.056,12.056,12.056,12.056,10,0
20160104,12.056,12.056,11.903,12.056,760,0
20160105,12.18,12.18,11.577,12.151,1674,0
20160107,11.855,11.855,11.654,11.673,857,0
20160108,11.577,11.577,11.195,11.463,940,0
20160111,11.577,11.577,11.204,11.434,1878,0
20160112,11.434,12.438,11.434,12.438,25232,0
20160113,12.525,13.3,12.448,12.534,5373,0
20160114,12.534,12.716,12.448,12.515,2102,0
20160115,12.582,12.592,12.343,12.592,2900,0
20160118,12.247,12.534,12.238,12.534,4425,0
20160119,12.534,12.984,12.218,12.974,8513,0
20160120,12.592,12.592,12.448,12.448,869,0
20160121,12.448,12.448,12.104,12.247,345,0
20160122,12.438,12.601,12.065,12.218,3538,0
20160125,12.199,12.199,11.912,12.123,70,0
20160126,12.247,12.247,12.247,12.247,105,0
20160128,12.247,12.247,11.883,12.075,1024,0
20160129,12.008,12.19,12.008,12.19,555,0
20160201,12.151,12.238,12.075,12.075,721,0
20160203,12.19,12.19,12.18,12.18,753,0
20160204,12.008,12.056,11.912,12.056,2613,0
20160205,12.056,12.056,11.769,11.864,2472,0
20160208,11.912,11.912,11.51,11.864,523,0
20160209,11.912,11.912,11.912,11.912,26,0
20160210,11.96,11.96,11.51,11.864,387,0
20160211,11.864,11.912,11.855,11.912,120,0
20160212,11.912,11.912,11.386,11.577,923,0
20160215,11.233,11.596,11.233,11.482,620,0
20160216,11.472,11.472,11.204,11.204,2147,0
20160217,11.214,11.434,11.204,11.434,222,0
20160218,11.472,11.472,11.204,11.204,439,0
20160219,11.242,11.242,11.195,11.242,1035,0
20160222,11.29,11.329,11.223,11.329,214,0
20160223,11.29,11.654,11.204,11.482,3956,0
20160224,11.386,11.482,11.376,11.482,2337,0
20160225,11.51,11.893,11.233,11.855,3632,0
20160226,11.855,11.922,11.692,11.883,4158,0
20160229,11.922,11.922,11.415,11.912,5579,0
20160301,11.931,11.941,11.654,11.931,2388,0
20160302,12.056,12.266,11.817,11.817,1881,0
20160303,11.817,12.429,11.644,12.151,2566,0
20160304,12.438,12.544,12.151,12.295,7390,0
20160307,12.41,12.582,12.218,12.438,2603,0
20160308,12.515,12.697,12.228,12.438,7159,0
20160309,12.438,12.572,12.429,12.572,335,0
20160310,12.582,12.582,12.142,12.142,254,0
20160311,12.352,12.553,12.151,12.247,2717,0
20160314,12.343,12.563,12.343,12.343,1176,0
20160315,12.343,12.343,12.343,12.343,37,0
20160316,12.333,12.515,11.96,11.96,1384,0
20160317,11.97,12.362,11.97,12.161,1740,0
20160318,12.123,12.391,11.96,12.391,3287,0
20160321,12.391,12.764,12.391,12.63,4124,0
20160322,12.63,12.63,12.534,12.534,41,0
20160323,12.62,12.62,11.491,12.496,7219,0
20160324,12.496,12.496,12.429,12.429,502,0
20160329,12.477,12.477,12.429,12.429,2127,0
20160330,12.477,12.869,12.477,12.869,10546,0
20160331,12.898,13.386,12.678,13.108,7516,0
20160401,13.118,13.338,13.118,13.338,4928,0
20160404,13.328,13.357,13.118,13.357,2826,0
20160405,13.357,13.357,13.108,13.175,256,0
20160406,13.099,13.099,12.725,12.725,314,0
20160407,12.735,12.735,12.735,12.735,105,0
20160408,12.735,12.735,12.735,12.735,26,0
20160411,12.745,12.745,12.745,12.745,52,0
20160412,12.754,12.754,12.725,12.725,146,0
20160413,12.745,13.376,12.697,13.347,4011,0
20160414,13.328,13.328,13.319,13.328,1941,0
20160415,13.328,13.328,13.328,13.328,31,0
20160418,13.319,13.319,12.965,13.108,514,0
20160419,13.271,13.271,13.108,13.108,87,0
20160420,13.261,13.261,13.261,13.261,222,0
20160421,13.261,13.261,13.204,13.252,280,0
20160422,13.252,13.252,13.041,13.041,1568,0
20160425,13.118,13.127,13.108,13.108,556,0
20160426,13.108,13.118,13.108,13.108,499,0
20160427,13.108,13.118,13.108,13.108,780,0
20160428,13.108,13.108,13.108,13.108,26,0
20160429,13.1465,13.3378,13.1178,13.3378,5147,0
20160502,13.3378,13.3378,13.2422,13.2422,314,0
20160504,13.3378,13.3378,13.1561,13.1561,3062,0
20160505,13.1561,13.2039,13.1561,13.1561,1820,0
20160506,13.2517,13.29,13.1656,13.29,8717,0
20160509,13.6,13.6,13.23,13.49,3012,0
20160510,13.12,13.6,13.12,13.6,4206,0
20160511,13.65,13.65,13.65,13.65,190,0
20160512,13.65,13.74,13.64,13.74,435,0
20160513,13.67,13.67,12.68,13.5,12097,0
20160516,13.45,13.45,13.4,13.4,400,0
20160517,13.4,13.43,13.4,13.43,1345,0
20160518,13.4,13.78,13.4,13.77,4515,0
20160519,13.69,13.69,13.65,13.69,2461,0
20160523,13.69,13.69,13.25,13.25,125,0
20160524,13.25,13.25,13.25,13.25,25,0
20160525,13.3,13.3,13,13.25,195,0
20160527,13.25,13.25,12.91,12.91,593,0
20160530,12.77,12.77,12.55,12.56,700,0
20160531,12.56,12.56,12.5,12.5,295,0
20160601,12.6,12.6,12.5,12.5,1069,0
20160602,12.55,12.55,12.55,12.55,15,0
20160603,12.55,12.66,12.55,12.66,1060,0
20160606,12.66,12.66,12.66,12.66,50,0
20160607,12.7,12.75,12.7,12.75,2125,0
20160608,12.77,12.77,12.77,12.77,50,0
20160609,12.77,12.77,12.76,12.77,140,0
20160610,12.77,12.77,12.7,12.7,550,0
20160613,12.65,12.7,12.65,12.7,2427,0
20160614,12.62,12.62,12.62,12.62,34,0
20160615,12.62,12.62,12.62,12.62,216,0
20160616,12.8,12.8,12.46,12.46,275,0
20160617,12.75,12.8,12.75,12.8,37,0
20160620,12.8,12.8,12.8,12.8,20,0
20160621,12.79,12.79,12.79,12.79,80,0
20160622,12.8,12.8,12.8,12.8,25,0
20160623,12.8,12.8,12.8,12.8,45,0
20160624,12.69,12.69,11.55,12.3,581,0
20160627,12.3,12.3,12.3,12.3,54,0
20160628,12.27,12.28,11.64,12,1075,0
20160629,12.15,12.15,12,12.13,1145,0
20160630,12.15,12.55,12.14,12.55,1448,0
20160701,12.75,12.75,12.61,12.61,860,0
20160704,12.55,12.55,12.55,12.55,615,0
20160705,12.55,12.76,12.13,12.51,4621,0
20160707,12.55,12.77,12.55,12.77,1500,0
20160708,12.75,12.75,12.49,12.49,175,0
20160711,12.03,12.74,12.03,12.74,582,0
20160712,12.75,12.75,12.11,12.4,781,0
20160713,12.4,12.4,12.1,12.1,1700,0
20160714,12.2,12.4,12.2,12.4,1256,0
20160715,12.4,12.47,12.14,12.35,1293,0
20160718,12.35,12.35,12.15,12.15,968,0
20160719,12.15,12.35,12.05,12.1,2230,0
20160720,12.05,12.35,12.05,12.35,4,0
20160722,12.35,12.74,12.35,12.74,947,0
20160725,12.45,12.45,12.27,12.27,648,0
20160726,12.2,12.45,12.2,12.45,145,0
20160727,12.45,12.45,12.45,12.45,15,0
20160728,12.44,12.49,12.2,12.2,257,0
20160729,12.15,12.15,12.15,12.15,164,0
20160801,12.15,12.15,12.14,12.15,300,0
20160802,12.15,12.15,12.14,12.15,203,0
20160804,12.15,12.15,12.1,12.1,275,0
20160805,12.1,12.1,12.1,12.1,30,0
20160808,12.03,12.09,11.99,12.09,1020,0
20160809,12,12.09,11.99,12.09,1485,0
20160810,12.08,12.08,11.81,12.07,255,0
20160811,12.09,12.09,12.09,12.09,1,0
20160812,11.9,11.9,11.75,11.75,1085,0
20160816,11.71,11.75,11.7,11.75,549,0
20160817,11.7,11.7,11.55,11.7,375,0
20160818,11.65,11.65,11.65,11.65,70,0
20160819,11.65,11.77,11.65,11.77,36,0
20160822,11.56,11.85,11.56,11.85,762,0
20160823,11.71,12.09,11.56,12.09,1380,0
20160824,12.1,12.49,12.1,12.49,1865,0
20160825,12.6,12.6,12.6,12.6,30,0
20160829,12.6,12.6,12.25,12.25,1876,0
20160830,12.2,12.2,12.1,12.1,400,0
20160831,12.1,12.1,12.1,12.1,200,0
20160901,12.12,12.4,11.6,12.09,3285,0
20160902,12,12.4,12,12.09,932,0
20160905,12.09,12.09,12.09,12.09,30,0
20160906,12.07,12.07,12.07,12.07,25,0
20160907,12.05,12.05,12.05,12.05,25,0
20160908,12.05,12.05,12,12,40,0
20160909,12.05,12.1,12.05,12.1,2134,0
20160912,12.09,12.09,12.09,12.09,100,0
20160914,12.1,12.1,12.1,12.1,1,0
20160915,12.1,12.1,12.1,12.1,1,0
20160916,12.1,12.1,12.1,12.1,1,0
20160919,12.1,12.1,12.1,12.1,125,0
20160920,12.1,12.1,12.1,12.1,109,0
20160921,12.1,12.1,12.1,12.1,97,0
20160922,12.01,12.02,12.01,12.01,220,0
20160923,12.1,12.1,11.76,12,307,0
20160926,11.76,12,11.76,12,1484,0
20160927,12,12,11.8,11.8,96,0
20160928,11.81,11.99,11.81,11.99,91,0
20160930,11.99,11.99,11.98,11.99,1448,0
20161003,11.89,11.89,11.89,11.89,30,0
20161004,11.89,11.89,11.7,11.87,2205,0
20161005,11.8,11.81,11.8,11.8,240,0
20161006,12,12.5,12,12.12,5880,0
20161007,12.21,12.3,12.2,12.28,1568,0
20161010,12.3,12.3,12.29,12.3,3895,0
20161011,12.25,12.25,12.25,12.25,102,0
20161012,12.3,12.3,12,12,815,0
20161014,12.23,12.23,11.2,11.9,1882,0
20161017,11.9,11.9,11.9,11.9,100,0
20161018,11.97,11.97,11.92,11.92,21,0
20161019,11.9,11.9,11.26,11.26,918,0
20161020,11.3,11.5,11.3,11.5,24,0
20161021,11.5,11.51,11.31,11.49,618,0
20161025,11.48,11.48,11.48,11.48,10,0
20161026,11.4,11.45,10.66,11.25,3808,0
20161027,11,11.29,10.43,10.6,1747,0
20161028,10.68,11.03,10.68,11.03,2700,0
20161031,11.18,11.2,11.06,11.06,4230,0
20161102,11.17,11.17,11,11,250,0
20161103,11,11,10.68,10.68,503,0
20161104,10.68,10.69,10.62,10.65,199,0
20161107,10.8,10.8,10.5,10.5,537,0
