Date,Open,High,Low,Close,Volume,OpenInt
20051124,6.4327,6.4507,6.4237,6.4327,32448,0
20051125,6.4417,6.4507,6.4417,6.4417,9115,0
20051128,6.3697,6.4687,6.3608,6.3697,11899,0
20051129,6.3967,6.4417,6.3967,6.3967,378,0
20051130,6.3787,6.4057,6.3787,6.3787,6682,0
20051201,6.3517,6.4147,6.3517,6.3517,3009,0
20051202,6.3247,6.3247,6.2798,6.3247,2837,0
20051205,6.2798,6.2798,6.2618,6.2798,777,0
20051206,6.2258,6.2978,6.2258,6.2258,1778,0
20051207,6.2168,6.2708,6.2168,6.2168,6253,0
20051208,6.2347,6.2618,6.2258,6.2347,7147,0
20051209,6.2618,6.2798,6.1268,6.2618,14140,0
20051212,6.0908,6.1539,6.0548,6.0908,7591,0
20051213,6.0548,6.1179,6.0548,6.0548,5113,0
20051214,5.9108,6.0279,5.722,5.9108,9925,0
20051215,5.9378,6.0728,5.9378,5.9378,12653,0
20051216,5.9378,5.9828,5.9378,5.9378,5278,0
20051219,6.1628,6.2347,6.0009,6.1628,209608,0
20051220,6.0728,6.1628,6.0639,6.0728,1990,0
20051221,6.1539,6.2258,6.1179,6.1539,320334,0
20051222,6.0908,6.1808,6.0728,6.0908,2312,0
20051223,6.0639,6.0999,6.0459,6.0639,5913,0
20051227,6.1087,6.1087,6.0999,6.1087,445,0
20051228,6.1719,6.1719,6.1719,6.1719,555,0
20060103,6.1358,6.1719,6.1358,6.1358,266,0
20060104,6.0908,6.1268,6.0908,6.0908,53151,0
20060105,6.0368,6.1179,6.0368,6.0368,25508,0
20060106,6.0999,6.0999,6.0548,6.0999,2757,0
20060109,6.0819,6.0819,5.9919,6.0819,80875,0
20060110,6.1087,6.1087,6.0459,6.1087,3896,0
20060111,6.1808,6.2078,6.0999,6.1808,25991,0
20060112,6.2618,6.2798,6.2258,6.2618,235706,0
20060113,6.2438,6.2438,6.2438,6.2438,4490,0
20060116,6.2618,6.2798,6.2438,6.2618,7804,0
20060117,6.3517,6.3608,6.3158,6.3517,13036,0
20060118,6.3787,6.3877,6.3517,6.3787,15372,0
20060119,6.3697,6.3877,6.3427,6.3697,101292,0
20060120,6.3427,6.3608,6.3337,6.3427,54070,0
20060123,6.3608,6.3608,6.3247,6.3608,54737,0
20060124,6.3517,6.3697,6.3247,6.3517,17674,0
20060125,6.3427,6.3427,6.3247,6.3427,7908,0
20060126,6.3608,6.3787,6.3427,6.3608,7694,0
20060127,6.3877,6.3967,6.3697,6.3877,18349,0
20060130,6.3877,6.4776,6.3877,6.3877,24387,0
20060131,6.5047,6.5047,6.4147,6.5047,98670,0
20060201,6.5316,6.6036,6.4956,6.5316,144142,0
20060202,6.6216,6.6216,6.5588,6.6216,18313,0
20060203,6.6306,6.6306,6.5588,6.6306,15758,0
20060206,6.5676,6.6577,6.5316,6.5676,47310,0
20060207,6.6396,6.6666,6.6036,6.6396,50431,0
20060208,6.6756,6.6847,6.6756,6.6756,3446,0
20060209,6.6216,6.6216,6.6036,6.6216,48458,0
20060210,6.6216,6.6216,6.5857,6.6216,63462,0
20060213,6.7026,6.7206,6.6396,6.7026,66143,0
20060214,6.7117,6.7117,6.6306,6.7117,20174,0
20060215,6.7117,6.7387,6.6936,6.7117,28156,0
20060216,6.7656,6.8107,6.6396,6.7656,1131799,0
20060217,6.7746,6.7926,6.6936,6.7746,13349,0
20060220,6.8466,6.8826,6.8287,6.8466,45796,0
20060221,6.9365,6.9365,6.8826,6.9365,99052,0
20060222,7.0355,7.0355,6.9185,7.0355,9661,0
20060223,6.9276,7.0085,6.8826,6.9276,23759,0
20060224,6.9365,6.9724,6.8466,6.9365,191545,0
20060227,6.9816,6.9816,6.8376,6.9816,35067,0
20060228,6.9816,7.0265,6.9816,6.9816,60917,0
20060301,6.9995,7.0085,6.9455,6.9995,33446,0
20060302,6.9724,6.9995,6.9636,6.9724,6797,0
20060306,7.1615,7.2244,7.0895,7.1615,50634,0
20060307,7.3144,7.3234,7.1974,7.3144,143083,0
20060308,7.4853,7.4853,7.3594,7.4853,65422,0
20060309,7.2964,7.4314,7.2964,7.2964,15634,0
20060310,7.3234,7.3954,7.2695,7.3234,41625,0
20060313,7.3864,7.3864,7.3504,7.3864,65725,0
20060314,7.2874,7.3234,7.2515,7.2874,8932,0
20060315,7.2604,7.3414,7.2515,7.2604,59192,0
20060316,7.2784,7.2784,7.2515,7.2784,4925,0
20060317,7.2604,7.2784,7.2515,7.2604,694,0
20060320,7.2784,7.3324,7.2695,7.2784,28501,0
20060321,7.3144,7.3234,7.2874,7.3144,92909,0
20060322,7.2604,7.3234,7.2604,7.2604,18878,0
20060323,7.2244,7.2604,7.2244,7.2244,11804,0
20060324,7.2064,7.2335,7.1255,7.2064,21930,0
20060327,7.3324,7.3414,7.2964,7.3324,1594,0
20060328,7.2964,7.3234,7.2964,7.2964,784,0
20060329,7.3594,7.3954,7.3234,7.3594,46059,0
20060330,7.3594,7.3684,7.3234,7.3594,47728,0
20060331,7.3324,7.3324,7.3144,7.3324,1183,0
20060403,7.3684,7.3684,7.3144,7.3684,4367,0
20060404,7.4853,7.4853,7.4134,7.4853,214798,0
20060405,7.5033,7.5033,7.4674,7.5033,120313,0
20060406,7.6383,7.6652,7.5303,7.6383,49720,0
20060407,7.6923,7.7372,7.6563,7.6923,62995,0
20060410,7.8631,7.9172,7.6383,7.8631,23680,0
20060411,7.9443,7.9712,7.8362,7.9443,9988,0
20060412,7.9351,7.9622,7.8811,7.9351,8390,0
20060413,7.8902,7.9082,7.8542,7.8902,3496,0
20060414,7.9443,7.9443,7.8723,7.9443,74180,0
20060417,7.7912,7.8452,7.7822,7.7912,4990,0
20060418,7.7463,7.8631,7.7013,7.7463,26516,0
20060419,7.6652,7.7642,7.6652,7.6652,48210,0
20060420,7.6204,7.6473,7.5752,7.6204,10406,0
20060421,7.6383,7.6832,7.5752,7.6383,30722,0
20060425,7.6383,7.6383,7.5932,7.6383,3070,0
20060426,7.7013,7.7013,7.6383,7.7013,52426,0
20060427,7.7102,7.7463,7.6832,7.7102,114019,0
20060428,7.6563,7.7013,7.6563,7.6563,119249,0
20060502,7.5663,7.5752,7.5663,7.5663,1439,0
20060503,7.5123,7.5214,7.4403,7.5123,10560,0
20060504,7.4674,7.5214,7.4674,7.4674,2667,0
20060505,7.4943,7.5393,7.4943,7.4943,20073,0
20060508,7.5033,7.5752,7.5033,7.5033,7625,0
20060509,7.6292,7.6292,7.5932,7.6292,1509,0
20060510,7.6652,7.6652,7.6112,7.6652,5448,0
20060511,7.7102,7.7822,7.6563,7.7102,22044,0
20060512,7.7642,7.8452,7.7642,7.7642,2545,0
20060515,7.8542,7.8723,7.8183,7.8542,7908,0
20060516,7.7912,7.7912,7.7822,7.7912,1557,0
20060517,7.9263,7.9263,7.9263,7.9263,1557,0
20060518,7.9351,7.9443,7.9351,7.9351,66450,0
20060519,7.8811,7.8902,7.8723,7.8811,39018,0
20060522,7.8542,7.8811,7.8362,7.8542,5935,0
20060523,7.7282,7.8362,7.7282,7.7282,33298,0
20060525,7.6563,7.8183,7.6383,7.6563,12349,0
20060526,7.6023,7.6292,7.5932,7.6023,14496,0
20060529,7.6292,7.6652,7.5572,7.6292,46151,0
20060530,7.4224,7.6112,7.4224,7.4224,29355,0
20060531,7.7102,7.7102,7.5572,7.7102,4537,0
20060601,7.7102,7.7642,7.6923,7.7102,15622,0
20060602,7.8183,7.8452,7.7193,7.8183,10350,0
20060605,7.8723,7.9263,7.8723,7.8723,1647,0
20060606,7.9263,7.9263,7.8902,7.9263,919,0
20060607,7.8811,7.8811,7.8542,7.8811,2227,0
20060608,7.8092,7.9443,7.8092,7.8092,147451,0
20060609,7.8092,7.8183,7.8092,7.8092,734,0
20060612,7.8811,8.0881,7.8811,7.8811,16917,0
20060613,7.9532,7.9532,7.9082,7.9532,9697,0
20060614,7.9982,7.9982,7.9892,7.9982,6091,0
20060615,8.0792,8.0881,8.0701,8.0792,13150,0
20060616,8.0792,8.0792,8.0611,8.0792,3380,0
20060619,8.0701,8.0792,8.0521,8.0701,9017,0
20060620,8.0252,8.0611,8.0252,8.0252,13788,0
20060621,8.0341,8.0341,7.6563,8.0341,150360,0
20060622,8.0792,8.0792,8.0341,8.0792,256847,0
20060623,8.1151,8.133,8.1061,8.1151,120007,0
20060626,8.1511,8.1511,8.0881,8.1511,2094,0
20060627,8.1061,8.1061,8.0701,8.1061,10937,0
20060628,8.0881,8.1061,8.0881,8.0881,1000,0
20060629,8.1691,8.1691,8.1511,8.1691,1645,0
20060630,8.0162,8.0792,8.0162,8.0162,844,0
20060703,8.0521,8.0611,8.0521,8.0521,204,0
20060704,7.9892,7.9892,7.9443,7.9892,4623,0
20060705,8.0611,8.1061,8.0611,8.0611,6652,0
20060706,7.9982,7.9982,7.9801,7.9982,980,0
20060707,7.9982,7.9982,7.9712,7.9982,22408,0
20060710,8.0881,8.1061,8.0881,8.0881,1037,0
20060711,8.0162,8.0252,8.0162,8.0162,1511,0
20060712,8.0432,8.0521,8.0432,8.0432,3616,0
20060713,8.0252,8.0341,8.0252,8.0252,2983,0
20060714,7.9892,8.0432,7.9712,7.9892,57405,0
20060717,8.0611,8.0611,8.0341,8.0611,12895,0
20060718,8.0611,8.0611,8.0162,8.0611,3494,0
20060719,7.9082,7.9622,7.9082,7.9082,57335,0
20060720,8.1421,8.16,7.8542,8.1421,262128,0
20060721,8.5379,8.5379,8.1781,8.5379,98653,0
20060724,8.6639,8.7089,8.412,8.6639,49691,0
20060725,8.682,8.7179,8.6279,8.682,12267,0
20060726,8.6459,8.6728,8.61,8.6459,12626,0
20060727,8.529,8.6279,8.3131,8.529,11185,0
20060728,8.637,8.682,8.61,8.637,2828,0
20060731,8.5379,8.6728,8.5379,8.5379,18113,0
20060801,8.439,8.5111,8.439,8.439,11004,0
20060802,8.475,8.61,8.448,8.475,25080,0
20060803,8.403,8.5199,8.394,8.403,5338,0
20060807,8.7089,8.736,8.475,8.7089,75177,0
20060808,8.8619,8.9069,8.6459,8.8619,22433,0
20060809,8.7629,8.8258,8.7179,8.7629,5067,0
20060810,8.7809,8.8619,8.7268,8.7809,16696,0
20060811,8.7089,8.7089,8.5739,8.7089,16783,0
20060814,8.7899,8.8528,8.6999,8.7899,7625,0
20060815,8.682,8.7719,8.682,8.682,13255,0
20060816,8.8619,8.8708,8.7448,8.8619,3453,0
20060817,9.1587,9.1587,8.9069,9.1587,13139,0
20060818,9.1051,9.2667,9.0778,9.1051,11171,0
20060821,9.0507,9.0955,9.0328,9.0507,2191,0
20060822,9.195,9.2037,9.1051,9.195,8735,0
20060823,9.0328,9.2037,9.0328,9.0328,15724,0
20060824,9.1769,9.2852,9.1223,9.1769,8080,0
20060825,9.1223,9.2304,9.0955,9.1223,4664,0
20060828,9.3834,9.3834,9.24,9.3834,61588,0
20060829,9.3202,9.4019,9.3202,9.3202,555,0
20060830,9.3474,9.3474,9.2852,9.3474,5637,0
20060831,9.3299,9.3834,9.3299,9.3299,320,0
20060901,9.2755,9.365,9.2755,9.2755,7279,0
20060904,9.2304,9.3299,9.1769,9.2304,12632,0
20060905,9.1855,9.2218,9.1855,9.1855,6446,0
20060907,9.24,9.3027,9.24,9.24,1378,0
20060908,9.1223,9.24,9.1223,9.1223,7793,0
20060911,9.1137,9.1682,9.1051,9.1137,25218,0
20060912,9.0687,9.1855,9.0687,9.0687,4146,0
20060913,9.0148,9.0148,9.0059,9.0148,23786,0
20060914,9.1051,9.1137,9.0599,9.1051,4700,0
20060915,9.0507,9.0599,9.0328,9.0507,2501,0
20060918,9.1137,9.1587,9.0238,9.1137,7200,0
20060919,9.1587,9.2037,9.15,9.1587,37948,0
20060920,9.1319,9.1405,9.1137,9.1319,8289,0
20060921,9.1587,9.1587,9.1319,9.1587,3334,0
20060925,9.2218,9.257,9.1769,9.2218,22493,0
20060926,9.24,9.3114,9.1587,9.24,10913,0
20060927,9.2852,9.2939,9.2667,9.2852,12657,0
20060928,9.3572,9.365,9.2852,9.3572,30460,0
20060929,9.5,9.537,9.365,9.5,22364,0
20061002,9.537,9.573,9.4107,9.537,38395,0
20061003,9.519,9.555,9.4914,9.519,16620,0
20061004,9.4739,9.5,9.4467,9.4739,29195,0
20061005,9.4739,9.5,9.4282,9.4739,8361,0
20061006,9.4554,9.527,9.3932,9.4554,12942,0
20061009,9.4914,9.4914,9.4467,9.4914,18240,0
20061010,9.4554,9.4554,9.4204,9.4554,13865,0
20061011,9.4817,9.4817,9.3932,9.4817,18664,0
20061012,9.815,10.059,9.527,9.815,127230,0
20061013,9.95,9.95,9.779,9.95,259106,0
20061016,9.995,9.995,9.915,9.995,4630,0
20061017,9.959,10.239,9.959,10.113,6978,0
20061018,10.167,10.455,10.167,10.355,5961,0
20061019,10.247,10.338,10.247,10.302,26388,0
20061020,10.31,10.4,10.31,10.347,9891,0
20061023,10.391,10.661,10.391,10.643,31600,0
20061024,10.643,10.913,10.527,10.796,38721,0
20061025,10.832,11.12,10.832,11.003,61468,0
20061026,10.931,11.066,10.931,11.048,7023,0
20061027,11.066,11.372,10.985,11.291,41064,0
20061030,11.336,12.119,11.336,11.965,123060,0
20061031,11.84,11.893,11.039,11.552,78526,0
20061101,11.471,11.893,11.453,11.893,35151,0
20061102,11.893,11.921,11.633,11.822,28461,0
20061103,11.768,11.84,11.588,11.687,6010836,0
20061106,11.606,11.705,11.516,11.624,7432,0
20061107,11.606,11.606,11.417,11.534,14064,0
20061108,11.588,11.588,11.283,11.336,13337,0
20061109,11.264,11.399,11.066,11.246,62158,0
20061110,11.283,11.345,11.111,11.264,15444,0
20061113,11.264,11.283,10.94,11.192,41463,0
20061114,11.156,11.156,10.805,10.94,5085,0
20061115,10.913,11.03,10.859,10.967,9621,0
20061116,10.94,10.94,10.805,10.859,612,0
20061117,10.913,11.048,10.85,10.967,1559,0
20061120,10.931,11.201,10.931,11.182,50689,0
20061121,11.182,11.264,11.182,11.238,6772,0
20061122,11.238,11.264,11.12,11.219,2787,0
20061123,11.273,11.291,11.228,11.273,18860,0
20061124,11.291,11.354,11.291,11.336,4593,0
20061127,11.345,11.345,10.995,11.156,3709,0
20061128,11.147,11.372,10.427,11.264,6110573,0
20061129,11.264,11.264,11.03,11.147,3419,0
20061130,11.093,11.192,11.012,11.129,60548,0
20061201,11.12,11.12,10.94,10.976,9450,0
20061204,11.003,11.156,11.003,11.066,9134,0
20061205,11.058,11.093,10.894,10.923,225170,0
20061206,10.94,11.111,10.94,11.074,32085,0
20061207,11.084,11.166,11.066,11.111,70536,0
20061208,11.238,11.354,11.238,11.327,86116,0
20061211,11.219,11.264,11.103,11.201,15199,0
20061212,11.156,11.156,11.021,11.074,9022,0
20061213,11.039,11.175,11.039,11.074,5847,0
20061214,11.048,11.103,11.021,11.048,3567,0
20061215,11.074,11.156,11.058,11.138,45623,0
20061218,11.156,11.201,11.084,11.175,10526,0
20061219,11.192,11.283,11.147,11.228,52616,0
20061220,11.21,11.362,11.129,11.264,69295,0
20061221,11.273,11.39,11.264,11.309,30056,0
20061222,11.372,11.633,11.12,11.39,38687,0
20070103,11.435,11.669,11.345,11.462,8109,0
20070104,11.606,11.984,11.606,11.849,69540,0
20070105,11.849,12.155,11.849,12.065,349476,0
20070108,11.975,12.569,11.975,12.397,108226,0
20070109,12.478,12.946,12.478,12.757,196234,0
20070110,12.775,12.973,12.721,12.929,68195,0
20070111,12.847,12.884,12.767,12.847,24495,0
20070112,12.875,12.91,12.55,12.749,16707,0
20070115,12.757,12.929,12.595,12.875,61468,0
20070116,12.91,12.946,12.775,12.946,44819,0
20070117,12.929,12.965,12.829,12.91,1453892,0
20070118,12.812,12.812,12.73,12.767,3419,0
20070119,12.74,12.865,12.677,12.721,78575,0
20070122,12.749,13.63,12.712,13.289,35763,0
20070123,13.378,13.891,13.378,13.685,159417,0
20070124,13.711,14,13.54,13.793,6815,0
20070125,13.937,13.937,13.207,13.45,16937,0
20070126,13.476,13.82,13.476,13.729,15827,0
20070129,13.747,13.837,13.594,13.801,60999,0
20070130,13.793,13.882,13.793,13.828,24822,0
20070131,13.757,13.757,13.001,13.549,76794,0
20070201,13.531,13.568,13.225,13.568,119103,0
20070202,13.594,13.613,13.369,13.594,80934,0
20070205,13.46,13.46,12.965,13.27,50793,0
20070206,13.252,13.432,12.245,13.28,60573,0
20070207,13.27,13.522,13.117,13.423,145438,0
20070208,13.513,13.568,13.296,13.36,2440,0
20070209,13.397,13.397,13.27,13.342,1330,0
20070212,13.441,13.441,13.081,13.261,28162,0
20070213,13.189,13.189,12.2,12.641,46564,0
20070214,12.605,12.829,12.595,12.695,9837,0
20070215,12.74,12.892,12.685,12.838,22534,0
20070216,12.812,12.865,12.695,12.847,38382,0
20070219,12.821,12.838,12.667,12.757,36318,0
20070220,12.767,12.793,12.677,12.767,40970,0
20070221,12.749,12.757,12.524,12.605,7733,0
20070222,12.56,12.749,12.478,12.667,4600,0
20070223,12.677,12.775,12.281,12.47,229125,0
20070226,12.532,12.613,12.425,12.515,78831,0
20070227,12.532,12.73,12.478,12.721,55959,0
20070228,12.721,12.875,12.19,12.649,39317,0
20070301,12.649,12.865,12.56,12.613,40091,0
20070302,12.577,12.749,12.577,12.632,37621,0
20070305,12.712,12.712,12.181,12.595,49116,0
20070306,12.524,12.524,12.164,12.317,62321,0
20070307,12.307,12.47,12.155,12.325,19300,0
20070308,12.272,12.325,12.272,12.29,1148,0
20070309,12.253,12.272,12.155,12.209,15439,0
20070312,12.217,12.335,12.145,12.253,1912,0
20070313,12.317,12.487,12.317,12.37,2889,0
20070314,12.389,12.389,12.236,12.298,19584,0
20070315,12.29,12.307,12.245,12.272,70624,0
20070316,12.245,12.397,12.127,12.281,28504,0
20070319,12.236,12.253,12.173,12.173,1110,0
20070320,12.181,12.181,12.029,12.082,5704,0
20070321,12.065,12.29,12.047,12.2,3957,0
20070322,12.181,12.181,12.065,12.181,35837,0
20070323,12.217,12.272,12.101,12.2,7388,0
20070326,12.181,12.181,12.073,12.145,9833,0
20070327,12.145,12.253,12.101,12.236,41959,0
20070328,12.307,12.307,12.164,12.164,2593,0
20070329,12.101,12.245,12.101,12.173,12391,0
20070330,12.11,13.549,12.047,12.461,115001,0
20070402,12.461,12.946,12.082,12.119,2313,0
20070403,12.119,12.272,12.119,12.253,13885,0
20070404,12.262,12.298,12.19,12.262,23546,0
20070405,12.236,12.281,12.217,12.253,2434,0
20070406,12.245,12.245,12.227,12.245,5783,0
20070410,12.253,12.262,12.127,12.217,8221,0
20070411,12.173,12.2,12.119,12.155,969,0
20070412,12.173,12.173,12.092,12.101,1132,0
20070413,12.127,12.164,11.921,12.092,13603,0
20070416,12.047,12.127,11.857,12.11,244336,0
20070417,12.11,12.11,11.849,11.867,878,0
20070418,11.857,12.056,11.857,11.957,6056,0
20070419,11.975,12.082,11.912,11.93,2667,0
20070420,11.867,11.867,11.804,11.813,3534,0
20070423,11.947,11.947,11.749,11.785,781,0
20070424,11.813,11.993,11.813,11.947,5922,0
20070425,11.93,11.93,11.785,11.795,558,0
20070426,11.768,11.867,11.732,11.768,3069,0
20070427,11.785,12.47,11.785,12.2,22705,0
20070502,12.173,12.173,11.822,11.965,12061,0
20070503,11.965,11.965,11.785,11.84,4595,0
20070504,11.768,11.768,11.651,11.677,2725,0
20070507,11.687,11.705,11.624,11.633,2579,0
20070508,11.642,11.705,11.542,11.624,4457,0
20070509,11.669,11.947,11.669,11.785,79352,0
20070510,11.732,11.947,11.732,11.813,33101,0
20070511,11.93,12.065,11.651,11.867,58632,0
20070514,11.795,11.83,11.777,11.813,775,0
20070515,11.857,11.993,11.795,11.912,61915,0
20070516,11.921,12.037,11.857,11.902,2474,0
20070517,11.93,11.965,11.749,11.867,10587,0
20070518,11.867,12.02,11.867,11.939,25602,0
20070521,11.893,12.119,11.822,11.993,23009,0
20070522,11.984,12.029,11.813,12.002,9039,0
20070523,12.073,12.082,12.002,12.02,10974,0
20070528,12.047,12.127,12.047,12.11,11645,0
20070529,12.164,12.19,12.101,12.127,125644,0
20070530,12.155,12.217,12.082,12.155,3733,0
20070531,12.127,12.173,12.037,12.127,106023,0
20070601,12.11,12.155,12.029,12.137,83458,0
20070604,12.065,12.092,12.029,12.029,1222,0
20070605,12.065,12.145,12.01,12.065,4130,0
20070606,12.119,12.164,12.119,12.119,3892,0
20070607,12.119,12.164,12.119,12.137,70289,0
20070608,12.217,12.217,12.2,12.2,46461,0
20070611,12.164,12.164,12.029,12.047,15598,0
20070612,12.02,12.2,11.965,12.137,17039,0
20070613,12.19,12.19,12.037,12.155,217034,0
20070614,12.092,12.127,11.984,12.02,753,0
20070615,11.984,12.073,11.957,12.037,399,0
20070618,12.002,12.037,11.921,12.02,11304,0
20070619,12.037,12.056,11.912,11.965,121673,0
20070620,11.893,11.984,11.813,11.849,11366,0
20070621,11.876,11.876,11.876,11.876,606,0
20070622,11.857,11.902,11.84,11.876,14116,0
20070625,11.876,11.912,11.849,11.893,40960,0
20070626,11.912,11.965,11.893,11.912,112592,0
20070627,11.947,12.01,11.902,11.947,65501,0
20070628,11.857,11.912,11.768,11.822,12827,0
20070629,11.795,12.056,11.749,11.876,10833,0
20070702,11.857,11.984,11.768,11.857,1018,0
20070703,11.849,11.939,11.768,11.912,40032,0
20070704,11.921,11.957,11.777,11.893,51495,0
20070705,11.902,11.957,11.804,11.921,53216,0
20070706,11.947,11.975,11.893,11.93,13587,0
20070709,12.029,12.38,11.993,12.127,51947,0
20070710,12.173,12.595,12.029,12.425,28455,0
20070711,12.452,13.072,12.335,12.802,40472,0
20070712,12.749,12.937,12.649,12.802,6524,0
20070713,12.757,12.757,12.38,12.461,2275,0
20070716,12.478,12.56,12.209,12.361,3882,0
20070717,12.37,12.37,12.11,12.173,4335,0
20070718,12.2,12.2,12.082,12.127,3293,0
20070719,12.092,12.092,12.029,12.047,4805,0
20070720,12.056,12.38,12.029,12.344,64829,0
20070723,12.38,12.425,12.173,12.298,7713,0
20070724,12.272,12.272,12.11,12.236,6012,0
20070725,12.325,12.407,12.173,12.361,13068,0
20070726,12.425,12.461,12.335,12.389,8658,0
20070727,12.397,12.47,12.353,12.433,64756,0
20070730,12.407,12.452,12.37,12.389,824,0
20070731,12.353,12.865,12.353,12.695,56907,0
20070801,12.767,12.901,12.587,12.821,19854,0
20070802,12.767,12.901,12.704,12.857,20956,0
20070803,12.802,13.225,12.677,13.072,61597,0
20070806,13.109,13.252,13.055,13.189,7672,0
20070807,13.172,13.172,12.442,12.965,58039,0
20070808,12.929,12.965,12.622,12.677,3885,0
20070809,12.667,12.793,12.667,12.757,698,0
20070810,12.767,12.802,12.605,12.74,1548,0
20070813,12.73,12.793,12.605,12.632,28406,0
20070814,12.658,12.658,12.649,12.658,56915,0
20070815,12.658,12.658,12.605,12.641,15118,0
20070816,12.785,12.785,12.442,12.569,21402,0
20070817,12.587,12.685,12.452,12.515,22311,0
20070820,12.487,12.622,12.397,12.487,16773,0
20070821,12.56,12.613,12.47,12.487,5030,0
20070822,12.461,12.461,12.209,12.325,9027,0
20070823,12.307,12.649,12.307,12.37,41358,0
20070824,12.389,12.721,12.38,12.613,20999,0
20070827,12.587,12.749,12.56,12.677,2363,0
20070828,12.685,12.838,12.685,12.785,16226,0
20070829,12.838,13.072,12.838,13.045,149040,0
20070830,12.973,13.145,12.937,12.992,7066,0
20070831,12.973,13.081,12.857,13.009,5110,0
20070903,12.946,13.018,12.929,12.946,8059,0
20070904,12.937,13.037,12.937,12.965,12455,0
20070905,12.946,13.001,12.946,12.965,6725,0
20070910,12.901,12.973,12.875,12.901,6344,0
20070911,12.865,12.865,12.775,12.865,18641,0
20070912,12.137,12.793,12.137,12.541,49627,0
20070913,12.541,12.632,12.236,12.577,43810,0
20070914,12.649,12.73,12.478,12.569,6137,0
20070917,12.641,12.641,12.487,12.569,1990,0
20070918,12.577,12.649,12.532,12.577,6030,0
20070919,12.532,12.704,12.487,12.587,12058,0
20070920,12.577,12.695,12.56,12.613,64979,0
20070921,12.595,12.767,12.595,12.704,69419,0
20070924,12.685,13.055,12.685,12.884,99594,0
20070925,12.901,13.261,12.901,13.055,82874,0
20070926,13.09,13.296,13.09,13.217,26004,0
20070927,13.207,13.306,13.126,13.189,80924,0
20070928,13.189,13.414,13.189,13.36,17730,0
20071001,13.325,13.963,13.325,13.63,57649,0
20071002,13.63,15.547,13.63,14.889,100645,0
20071003,14.889,16.302,14.791,15.331,36012,0
20071004,15.349,15.537,15.303,15.447,12828,0
20071005,15.411,15.492,15.06,15.159,83023,0
20071008,15.115,15.312,14.395,14.763,44188,0
20071009,14.772,15.06,14.269,14.791,11396,0
20071010,14.755,15.187,14.701,14.854,29677,0
20071011,14.854,15.169,14.746,15.06,10369,0
20071012,14.989,15.007,14.809,14.979,61349,0
20071015,14.926,14.979,14.647,14.907,71633,0
20071016,14.907,14.926,14.611,14.763,43593,0
20071017,14.727,14.727,13.9,14.045,32580,0
20071018,14.035,14.746,14.035,14.619,19877,0
20071019,14.503,14.619,14.045,14.539,4632,0
20071022,14.557,14.619,14.35,14.386,5403,0
20071023,14.288,14.602,14.026,14.314,45391,0
20071024,14.314,14.512,14.179,14.197,7641,0
20071025,14.153,14.377,14.071,14.288,8592,0
20071026,14.206,14.468,14.206,14.386,28854,0
20071029,14.386,14.709,14.386,14.566,15866,0
20071030,14.592,14.709,14.575,14.674,13264,0
20071031,14.674,15.106,14.592,14.899,48401,0
20071101,14.899,15.627,14.899,15.223,154530,0
20071102,15.286,15.34,14.88,14.979,50531,0
20071105,14.971,14.971,14.304,14.584,56274,0
20071106,14.539,14.854,14.539,14.664,108170,0
20071107,14.629,14.854,14.629,14.791,7423,0
20071108,14.863,14.899,14.683,14.763,8725,0
20071109,14.692,14.835,14.314,14.638,15462,0
20071112,14.701,14.737,14.304,14.412,7694,0
20071113,14.44,14.44,13.99,14.179,17501,0
20071114,14.134,14.584,14.117,14.422,113951,0
20071115,14.547,14.692,14.547,14.629,51476,0
20071116,14.655,14.737,14.655,14.692,325082,0
20071119,14.674,14.719,14.619,14.655,52097,0
20071120,14.727,14.844,14.314,14.512,18335,0
20071121,14.512,14.664,14.386,14.547,59533,0
20071122,14.547,14.629,14.215,14.332,8177,0
20071123,14.332,14.332,14.251,14.288,1916,0
20071126,14.242,14.422,14.098,14.143,5430,0
20071127,14.206,14.323,14.206,14.288,5296,0
20071128,14.188,14.35,14.17,14.188,85017,0
20071129,14.108,14.386,14.098,14.143,7771,0
20071130,14.071,14.557,14.053,14.278,57936,0
20071203,14.251,14.611,14.17,14.332,227559,0
20071204,14.323,14.323,14.098,14.117,5080,0
20071205,14.08,14.332,14.08,14.206,1759,0
20071206,14.108,14.108,13.981,13.99,13657,0
20071207,14.008,14.089,13.981,14.071,27452,0
20071210,14.026,14.026,13.927,13.944,2043,0
20071211,13.927,13.981,13.82,13.865,27732,0
20071212,13.9,14.197,13.882,13.909,128300,0
20071213,13.927,14.062,13.9,13.918,4903,0
20071214,13.99,14.026,13.973,14.008,567,0
20071217,14.026,14.206,13.82,13.927,26275,0
20071218,13.9,13.9,13.711,13.757,3746,0
20071219,13.757,13.873,13.225,13.352,29997,0
20071220,13.378,14.529,13.378,14.124,40359,0
20071221,14.098,14.521,14.098,14.476,11359,0
20080102,14.395,14.404,14.117,14.359,363,0
20080103,14.422,14.476,13.973,14.062,838,0
20080104,14.045,14.304,14.045,14.304,56,0
20080107,14.278,14.278,14.197,14.242,235,0
20080108,14.242,14.242,13.99,14.08,709,0
20080109,14.053,14.197,13.621,13.963,76425,0
20080110,13.954,14.053,13.621,13.81,1455,0
20080111,13.764,13.764,13.513,13.54,7376,0
20080114,13.549,13.577,13.36,13.45,13417,0
20080115,13.423,13.469,12.433,12.955,44852,0
20080116,13.037,13.1,11.722,12.524,30494,0
20080117,12.532,13.153,12.353,12.704,11126,0
20080118,12.802,12.937,12.695,12.757,3825,0
20080121,12.802,12.802,11.228,11.893,38502,0
20080122,11.957,12.236,10.355,11.156,63723,0
20080123,11.066,12.613,11.066,11.749,12299,0
20080124,11.732,12.037,10.823,11.291,90233,0
20080125,11.264,11.849,11.264,11.651,12476,0
20080128,11.687,11.965,11.444,11.687,3687,0
20080129,11.669,11.93,11.283,11.57,21750,0
20080130,11.579,12.19,11.471,11.857,9745,0
20080131,11.867,12.901,11.561,12.47,57070,0
20080201,12.389,12.389,11.965,12.065,6448,0
20080204,11.947,12.173,11.93,12.092,5812,0
20080205,12.119,12.236,11.893,11.993,11291,0
20080206,12.037,12.037,11.498,11.677,7186,0
20080207,11.696,11.713,11.579,11.633,3765,0
20080208,11.696,11.777,11.615,11.687,2617,0
20080211,11.696,11.749,11.597,11.651,10051,0
20080212,11.615,11.677,11.57,11.597,13848,0
20080213,11.552,11.633,11.525,11.552,2730,0
20080214,11.516,11.597,11.489,11.534,3279,0
20080215,11.542,11.722,11.542,11.642,1716,0
20080218,11.606,11.732,11.552,11.588,283,0
20080219,11.579,11.579,11.479,11.498,7152,0
20080220,11.525,11.822,11.507,11.669,32403,0
20080221,11.642,11.705,11.579,11.597,5789,0
20080222,11.579,11.633,11.579,11.579,8912,0
20080225,11.552,11.588,11.542,11.57,484,0
20080226,11.471,11.498,11.453,11.498,11584,0
20080227,11.525,11.525,11.444,11.462,3060,0
20080228,11.399,11.462,11.399,11.453,6781,0
20080229,11.444,11.777,11.381,11.677,56442,0
20080304,11.687,11.687,11.264,11.345,13196,0
20080305,11.362,11.362,11.093,11.254,1919,0
20080306,11.283,11.516,11.283,11.39,5785,0
20080307,11.498,11.498,11.372,11.417,7006,0
20080310,11.417,11.479,11.345,11.417,4226,0
20080311,11.336,11.336,10.832,11.021,49989,0
20080312,10.967,11.012,10.778,10.859,70083,0
20080313,10.904,11.066,10.859,10.904,63621,0
20080314,10.868,11.039,10.868,11.003,6145,0
20080317,11.103,11.12,10.724,10.878,24573,0
20080318,10.823,10.823,10.427,10.571,19891,0
20080319,10.553,10.805,10.347,10.535,39570,0
20080320,10.527,10.527,9.4554,9.725,53783,0
20080321,9.725,10.067,9.4817,9.608,7228,0
20080324,9.608,10.239,9.4554,9.771,6028,0
20080325,9.752,10.355,9.752,10.175,2283,0
20080326,10.203,10.355,10.095,10.247,48423,0
20080327,10.22,10.22,9.4652,9.798,26953,0
20080328,9.798,9.896,9.5,9.627,17419,0
20080331,9.627,10.22,9.4554,9.735,133415,0
20080401,9.69,9.69,9.3932,9.4554,21441,0
20080402,9.4107,9.87,9.4107,9.743,868,0
20080403,9.708,9.86,9.4739,9.5,1199,0
20080404,9.51,9.608,9.4107,9.51,1795,0
20080407,9.4554,9.573,9.4282,9.4739,1854,0
20080408,9.4817,9.635,9.4379,9.4652,4944,0
20080409,9.4379,9.527,9.365,9.4107,1946,0
20080410,9.3932,9.519,9.365,9.4554,1052,0
20080411,9.365,9.4282,9.365,9.4282,1118,0
20080414,9.4554,9.4554,9.3299,9.3572,690,0
20080415,9.3114,9.3474,9.2304,9.24,1913,0
20080416,9.2304,9.2482,8.8168,9.0507,22721,0
20080417,9.1051,9.195,8.8168,9.0238,10779,0
20080418,9.0238,9.1319,8.8079,8.9158,3819,0
20080421,8.9069,9.3202,8.9069,9.1855,11069,0
20080422,9.1587,9.2037,9.0507,9.0955,7796,0
20080423,9.0687,9.195,9.0599,9.0687,41211,0
20080424,9.1051,9.1319,9.0778,9.0868,564,0
20080425,9.1319,9.4817,9.1319,9.24,3524,0
20080429,9.2667,9.51,9.2667,9.51,56,0
20080430,9.555,9.563,9.2667,9.555,4071,0
20080507,9.4652,9.4652,8.8438,8.9879,6089,0
20080508,8.9698,9.0687,8.8258,8.8528,18215,0
20080509,8.8079,9.1137,8.8079,8.9158,2592,0
20080512,9.1855,9.2939,9.1855,9.2037,4085,0
20080513,9.1769,9.2852,9.1405,9.1587,20651,0
20080514,9.1855,9.3387,9.1855,9.2482,6059,0
20080515,9.2667,9.3114,9.2132,9.2482,9507,0
20080516,9.2218,9.2218,9.2037,9.2218,2295,0
20080519,9.2218,9.2852,9.1769,9.2304,15439,0
20080520,9.257,9.2755,9.0148,9.1682,5859,0
20080521,9.1405,9.2037,9.0868,9.1769,39288,0
20080522,9.1769,9.2037,9.1405,9.1855,573,0
20080523,9.257,9.3114,9.2132,9.2755,12330,0
20080526,9.257,9.257,9.1855,9.2037,1341,0
20080527,9.195,9.2218,9.1223,9.1319,3734,0
20080528,9.1223,9.24,9.0599,9.1051,6791,0
20080529,9.0687,9.2037,9.0507,9.1223,408,0
20080530,9.1137,9.798,9.0238,9.527,36700,0
20080602,9.537,9.537,9.24,9.2852,95372,0
20080603,9.257,9.3027,9.1855,9.24,1403,0
20080604,9.2482,9.2482,9.0955,9.2132,8188,0
20080605,9.2037,9.2037,9.0778,9.0955,4669,0
20080606,9.1405,9.2037,9.1137,9.1587,2379,0
20080609,9.1682,9.195,9.0599,9.0599,17218,0
20080610,9.0238,9.0868,9.0238,9.0687,948,0
20080611,9.0599,9.0599,8.8349,8.8889,2423,0
20080616,8.9248,8.9879,8.6999,8.8168,1948,0
20080617,8.7719,9.195,8.7719,9.0599,7600,0
20080618,9.0328,9.0328,9.0328,9.0328,3842,0
20080619,9.0148,9.0148,8.8619,8.8619,832,0
20080620,8.8528,9.0059,8.8528,9.0059,542,0
20080623,9.0059,9.0059,8.8528,8.8528,1000,0
20080624,8.8528,8.8619,8.7719,8.7719,1282,0
20080625,8.7629,8.7629,8.6459,8.7629,1438,0
20080626,8.7629,8.9879,8.6459,8.9879,3612,0
20080627,9.0148,9.0148,8.565,8.9967,644,0
20080630,8.9518,9.1682,8.9339,9.1682,16735,0
20080701,9.1682,9.1682,8.8258,8.9788,659,0
20080703,8.9788,8.9788,8.6908,8.6908,333,0
20080704,8.61,8.8708,8.43,8.8708,13376,0
20080707,8.8438,8.8438,8.475,8.475,389,0
20080708,8.448,8.6639,8.268,8.547,2416,0
20080709,8.493,8.493,8.304,8.304,356,0
20080710,8.2771,8.304,7.7733,7.7733,3768,0
20080711,7.7642,8.0972,7.5843,7.6473,10240,0
20080714,7.6204,7.6473,6.9276,7.6473,21641,0
20080715,7.6563,7.6563,7.3324,7.4763,11270,0
20080716,7.4134,7.4134,6.9724,7.1075,6249,0
20080717,7.0895,7.2515,6.9096,7.1795,7934,0
20080718,7.1704,7.1704,6.9455,6.9545,4668,0
20080721,6.9455,7.0714,6.7206,6.7206,61159,0
20080722,6.7387,7.0714,6.5947,6.8107,3806,0
20080723,6.8916,6.9636,6.8916,6.9636,2390,0
20080724,6.9185,7.2064,6.6577,6.7026,37124,0
20080725,6.6306,6.8466,6.5407,6.7746,2386,0
20080728,6.7836,6.7836,6.5227,6.6127,5019,0
20080729,6.6486,6.6486,6.0819,6.3877,21526,0
20080730,6.3427,7.0355,6.3337,7.0355,103376,0
20080731,7.0265,7.1974,6.1988,7.1704,68580,0
20080801,7.2064,7.2064,6.4237,7.1615,9922,0
20080804,7.1435,7.1435,6.3427,6.3517,5483,0
20080805,6.3697,6.9545,6.3697,6.8826,17839,0
20080806,6.9005,6.9005,6.3967,6.8195,14065,0
20080807,6.8466,6.8466,6.5047,6.5857,12750,0
20080808,6.6127,6.7475,6.6127,6.7475,834,0
20080811,6.7475,6.7475,6.6396,6.7475,29246,0
20080812,6.7926,6.9005,6.7926,6.9005,42985,0
20080813,6.8647,6.8826,6.7656,6.8195,28041,0
20080814,6.9185,6.9185,6.7836,6.7836,3000,0
20080815,6.7836,6.7836,6.7387,6.7387,35601,0
20080818,6.7746,6.7836,6.6936,6.6936,1059,0
20080819,6.6936,6.8287,6.6936,6.6936,5268,0
20080820,6.6396,6.7296,6.6396,6.6666,4111,0
20080821,6.6847,6.7475,6.6756,6.6936,2986,0
20080822,6.6666,6.7117,6.6306,6.6396,4675,0
20080825,6.6577,6.7026,6.6577,6.6756,1525,0
20080826,6.6756,6.6756,6.5047,6.5588,13719,0
20080827,6.5857,6.6127,6.5767,6.5767,15614,0
20080828,6.6216,6.7656,6.5857,6.7567,37895,0
20080829,6.7475,6.7475,6.5407,6.5407,25455,0
20080901,6.5227,6.5227,6.2258,6.2708,8881,0
20080902,6.3068,6.3337,6.0639,6.0639,46611,0
20080903,6.0908,6.1988,6.0548,6.0548,12862,0
20080904,6.0819,6.1087,5.6231,5.6231,55346,0
20080905,5.713,5.8029,5.542,5.56,41517,0
20080908,5.614,6.2347,5.605,6.2347,16234,0
20080909,6.2438,6.2438,6.2438,6.2438,6042,0
20080910,6.2347,6.2347,5.776,6.2258,7907,0
20080911,6.1179,6.1179,5.83,6.1179,12960,0
20080912,6.0279,6.0279,5.641,5.8929,56526,0
20080915,5.8929,5.8929,5.5691,5.5691,6981,0
20080916,5.605,5.605,5.0292,5.0292,85331,0
20080917,4.9572,5.1012,4.8762,4.9572,15908,0
20080918,5.0023,5.0023,4.4895,4.6334,67976,0
20080919,4.5615,5.0023,4.5164,4.6604,115156,0
20080923,4.6513,4.7683,4.4804,4.5703,43959,0
20080924,4.5703,4.6154,4.4804,4.5703,261375,0
20080925,4.6064,4.6154,4.4355,4.4984,180269,0
20080926,4.5344,4.5344,4.4534,4.5254,25706,0
20080929,4.5703,4.6243,4.5075,4.5794,3857,0
20080930,4.5974,4.5974,4.1565,4.4895,104235,0
20081001,4.4444,4.5164,4.2555,4.2555,2465,0
20081002,4.2824,4.4174,4.1385,4.1385,13127,0
20081003,4.1565,4.1655,3.8326,3.9496,108513,0
20081006,3.9767,3.9855,3.5448,3.7067,32178,0
20081007,3.7247,3.7247,3.4367,3.6528,16019,0
20081008,3.6887,3.6887,3.3648,3.4547,41166,0
20081009,3.3828,3.7967,3.3828,3.7967,47308,0
20081010,3.9496,3.9496,3.248,3.248,99372,0
20081013,3.248,3.5717,3.248,3.3558,34503,0
20081014,3.3108,3.6708,3.3108,3.5357,146752,0
20081015,3.5717,3.6167,3.5268,3.5268,115911,0
20081016,3.5448,3.6257,3.3558,3.4547,90028,0
20081017,3.4637,4.0845,3.4637,3.6616,44979,0
20081020,3.6528,3.9227,3.6528,3.6708,334220,0
20081021,3.7247,3.8866,3.7247,3.8146,16667,0
20081022,3.9407,3.9407,3.6076,3.6076,77967,0
20081023,3.7156,4.1295,3.6797,4.0665,52741,0
20081024,4.1745,4.1745,3.8417,3.8417,17437,0
20081027,3.7517,3.7517,3.5448,3.6977,43759,0
20081028,3.5896,3.6708,3.5357,3.5357,9192,0
20081029,3.4547,3.7336,3.4547,3.5988,15714,0
20081030,3.5268,3.6528,3.4728,3.4728,16939,0
20081031,3.5357,3.6616,3.4367,3.6437,15161,0
20081103,3.5717,3.5896,3.3018,3.3558,23170,0
20081104,3.3558,3.4367,3.3018,3.3739,32270,0
20081105,3.3288,3.4907,3.3288,3.3918,8664,0
20081106,3.4458,3.6076,3.3469,3.4098,23984,0
20081107,3.4907,3.6076,3.4009,3.5448,3752,0
20081110,3.5448,3.5717,3.4728,3.5357,4254,0
20081111,3.5357,3.5717,3.4637,3.4817,46711,0
20081112,3.5988,3.6616,3.5988,3.5988,7703,0
20081113,3.5807,3.5896,3.5177,3.5177,5228,0
20081114,3.5087,3.6167,3.5087,3.5268,11024,0
20081117,3.5177,3.5177,3.3739,3.3739,71348,0
20081118,3.4998,3.5448,3.3198,3.3198,61054,0
20081119,3.3018,3.5627,3.3018,3.5627,30892,0
20081120,3.5807,3.5807,3.3918,3.4367,27442,0
20081121,3.4188,3.4188,3.3739,3.4098,13426,0
20081124,3.4907,3.5627,3.4817,3.5268,60975,0
20081125,3.4907,3.8057,3.4547,3.6797,327277,0
20081126,3.6347,3.7336,3.5177,3.5177,5625,0
20081127,3.4907,3.6977,3.4907,3.6437,15269,0
20081128,3.6437,3.7067,3.5717,3.7067,21962,0
20081201,3.7876,3.9855,3.7787,3.9227,3656,0
20081202,3.9136,3.9136,3.5896,3.7247,121667,0
20081203,3.7336,3.7876,3.7336,3.7336,6802,0
20081204,3.7697,3.9407,3.7697,3.8776,39341,0
20081205,3.8866,3.9136,3.7787,3.9136,81119,0
20081208,3.8956,3.9227,3.8326,3.8956,9420,0
20081209,3.9586,4.0036,3.9227,3.9946,2541,0
20081210,4.0216,4.0216,3.9676,4.0216,5902,0
20081211,4.0396,4.1025,3.9676,4.0936,5369,0
20081212,4.0845,4.0845,3.9136,3.9316,20540,0
20081215,3.9407,4.1745,3.9407,4.0306,57739,0
20081216,4.0936,4.0936,3.9767,4.0036,8073,0
20081217,4.0396,4.1925,4.0396,4.0576,63307,0
20081218,4.1475,4.2375,4.1475,4.1565,9426,0
20081219,4.1025,4.2015,4.0845,4.0845,132642,0
20081222,4.0756,4.1565,4.0576,4.1385,11070,0
20081223,4.1475,4.1745,4.0936,4.1385,16192,0
20090105,4.1385,4.1925,4.1385,4.1835,3252,0
20090106,4.1295,4.1475,4.1295,4.1475,1723,0
20090107,4.0036,4.0036,3.9316,3.9946,6608,0
20090108,4.0936,4.0936,3.9767,4.0216,15316,0
20090109,4.0485,4.0845,4.0306,4.0845,8346,0
20090112,4.0756,4.0936,4.0306,4.0936,4669,0
20090113,4.2015,4.2195,4.1565,4.1925,581,0
20090114,4.1835,4.1835,4.0936,4.1295,5480,0
20090115,4.2195,4.2195,3.9946,3.9946,53633,0
20090116,3.9227,3.9586,3.9227,3.9586,1334,0
20090119,4.1025,4.3455,4.1025,4.2644,1916,0
20090120,4.2824,4.3184,4.0845,4.2015,28580,0
20090121,4.2106,4.2824,4.0936,4.1655,5032,0
20090122,4.1475,4.3184,4.1475,4.2644,2278,0
20090123,4.3544,4.3724,4.3544,4.3724,67,0
20090126,4.3635,4.3635,4.1475,4.1475,3323,0
20090127,4.0845,4.2375,3.9855,3.9855,21850,0
20090128,4.0396,4.2285,3.9855,4.0665,2876,0
20090129,4.0756,4.2465,4.0756,4.2465,111,0
20090130,4.2915,4.2915,4.1205,4.1925,655,0
20090202,4.1925,4.1925,3.8956,4.0665,23153,0
20090203,4.1385,4.1655,4.0576,4.1475,21045,0
20090204,4.2915,4.3994,4.2195,4.2195,6614,0
20090205,4.1925,4.2015,3.9676,3.9676,74166,0
20090206,3.9047,4.0306,3.9047,3.9047,17790,0
20090209,3.8866,3.8866,3.6797,3.6797,28168,0
20090210,3.6257,3.7787,3.6257,3.7247,3599,0
20090211,3.7697,3.7697,3.6708,3.7517,10279,0
20090212,3.8057,3.8687,3.6167,3.7427,87867,0
20090213,3.7787,4.2735,3.7787,4.0576,3397,0
20090216,4.1745,4.2915,3.9946,3.9946,2987,0
20090217,4.0485,4.1295,3.8326,3.9767,13705,0
20090218,4.0306,4.1025,3.9676,3.9676,1314,0
20090219,3.7876,3.8956,3.7876,3.8146,772,0
20090220,3.8866,3.9855,3.8866,3.9047,2290,0
20090223,3.8595,3.9407,3.8595,3.8595,412,0
20090224,3.8326,3.8956,3.8146,3.8956,2334,0
20090225,3.8776,3.9227,3.8057,3.8776,2611,0
20090226,3.9136,3.9136,3.8326,3.8507,723,0
20090227,3.8146,3.8776,3.8146,3.8776,734,0
20090304,3.9496,3.9496,3.8866,3.8866,522,0
20090305,3.8417,3.9586,3.8417,3.9047,5136,0
20090306,3.9496,4.2644,3.9496,4.2285,12649,0
20090309,4.2106,4.4625,4.1116,4.1385,5515,0
20090310,4.1385,4.1475,4.0936,4.1475,5585,0
20090311,4.0396,4.2375,4.0396,4.0845,3262,0
20090312,4.0936,4.2375,4.0306,4.0665,3563,0
20090313,3.9407,4.1205,3.9407,3.9767,87529,0
20090316,3.9855,4.1025,3.9767,3.9767,4715,0
20090317,3.9496,4.0126,3.9407,3.9586,4773,0
20090318,4.0126,4.0396,3.9316,3.9316,5600,0
20090319,3.9407,3.9767,3.9316,3.9407,2044,0
20090320,4.0306,4.0306,3.8866,3.8866,7736,0
20090323,3.8326,4.0126,3.8326,3.9676,117100,0
20090324,3.9316,4.0126,3.9136,3.9316,248031,0
20090325,3.9586,4.0576,3.9227,4.0396,2184,0
20090326,4.0396,4.1025,4.0036,4.0126,5897,0
20090327,4.0396,4.1475,4.0126,4.0126,3170,0
20090330,4.1295,4.2285,4.1295,4.2285,223,0
20090331,4.2106,4.2106,3.8237,3.8237,52849,0
20090401,3.7876,4.0306,3.7876,4.0126,1535,0
20090402,3.8776,3.9407,3.8417,3.9227,79029,0
20090403,3.8956,3.9676,3.8956,3.9047,287698,0
20090406,3.8687,4.1295,3.8687,4.1116,79977,0
20090407,4.2015,4.2015,4.0576,4.0576,343350,0
20090408,4.0485,4.0485,3.9496,3.9496,10524,0
20090409,3.8956,3.9946,3.8956,3.9586,13888,0
20090414,3.9047,4.0396,3.9047,4.0216,30165,0
20090415,3.8866,3.9227,3.8146,3.9047,5643,0
20090416,3.9586,4.1205,3.9586,4.0576,13323,0
20090417,4.0485,4.1025,4.0126,4.1025,2996,0
20090421,4.2375,4.2644,4.1025,4.2644,47200,0
20090422,4.2555,4.4714,4.2555,4.4355,38347,0
20090423,4.4264,4.6873,4.3455,4.6693,58098,0
20090424,4.7324,4.7324,4.6693,4.6693,111,0
20090427,4.7324,4.7324,4.5523,4.5884,5908,0
20090428,4.6243,4.6243,4.5523,4.6243,493374,0
20090429,4.5075,4.6064,4.4264,4.6064,7562,0
20090430,4.5344,4.9303,4.5344,4.9303,648939,0
20090507,4.8762,5.848,4.8762,5.56,119605,0
20090508,5.578,5.6951,5.5241,5.542,7091,0
20090511,5.5691,5.6859,5.4611,5.4611,60701,0
20090512,5.4971,5.542,5.3441,5.542,50721,0
20090513,5.533,5.713,5.4431,5.4431,2845,0
20090514,5.542,5.56,5.362,5.416,9653,0
20090515,5.416,5.641,5.416,5.4971,691237,0
20090518,5.4971,5.542,5.4791,5.542,6296,0
20090519,5.4252,5.515,5.4252,5.515,9959,0
20090520,5.488,5.488,5.3711,5.3711,2140,0
20090521,5.434,5.533,5.434,5.533,711,0
20090522,5.5241,5.5241,5.416,5.5241,1695,0
20090525,5.533,5.542,5.452,5.452,875,0
20090526,5.4791,5.5691,5.4791,5.4971,597,0
20090527,5.488,5.578,5.488,5.578,999,0
20090528,5.65,5.6771,5.515,5.614,8316,0
20090529,5.578,5.578,5.542,5.5511,2201,0
20090601,5.533,5.7399,5.533,5.722,45116,0
20090602,5.776,5.8388,5.767,5.8388,3976,0
20090603,5.8388,5.8388,5.731,5.731,9934,0
20090604,5.749,5.794,5.749,5.7579,1557,0
20090605,5.794,5.9828,5.794,5.8388,34088,0
20090608,5.8388,5.9559,5.8209,5.8209,5081,0
20090609,5.7848,5.8839,5.767,5.794,3319,0
20090610,5.7399,5.767,5.7399,5.7579,545,0
20090611,5.7579,5.794,5.7399,5.7399,399,0
20090612,5.722,5.722,5.722,5.722,135805,0
20090615,5.767,5.794,5.7399,5.7848,2096,0
20090616,5.83,5.83,5.533,5.533,12924,0
20090617,5.506,5.5691,5.2811,5.5241,38469,0
20090618,5.56,5.7039,5.506,5.7039,494,0
20090619,5.7039,5.722,5.542,5.6859,44709,0
20090622,5.632,5.632,5.533,5.533,167,0
20090623,5.587,5.587,5.434,5.5511,1976,0
20090624,5.542,5.542,5.452,5.452,8281,0
20090625,5.416,5.4701,5.3981,5.4701,946,0
20090626,5.452,5.578,5.434,5.578,1667,0
20090629,5.56,5.83,5.4971,5.659,12366,0
20090630,5.632,5.7399,5.5511,5.668,14208,0
20090701,5.5961,5.5961,5.4611,5.4611,399,0
20090702,5.4071,5.506,5.3351,5.506,1033,0
20090703,5.506,5.506,5.2991,5.3081,2357,0
20090706,5.3261,5.587,5.3261,5.3711,710,0
20090707,5.362,5.506,5.362,5.4071,2897,0
20090708,5.4701,5.4701,5.3261,5.3261,3047,0
20090709,5.2451,5.38,5.2451,5.2811,4763,0
20090710,5.2901,5.3981,5.2901,5.3081,9003,0
20090713,5.3531,5.3531,5.3261,5.3531,2595,0
20090714,5.2991,5.416,5.2991,5.416,2174,0
20090715,5.3261,5.3261,5.2271,5.2361,2027,0
20090716,5.2451,5.4071,5.2451,5.4071,2752,0
20090717,5.4252,5.4252,5.3441,5.362,1295,0
20090720,5.3441,5.3981,5.3441,5.3981,223,0
20090721,5.3531,5.3531,5.3171,5.3531,1735,0
20090722,5.362,5.3711,5.362,5.362,2124,0
20090723,5.3261,5.3351,5.3081,5.3261,3462,0
20090724,5.2901,5.3081,5.2811,5.2901,5027,0
20090727,5.2271,5.3891,5.2271,5.3711,879,0
20090728,5.3891,5.4611,5.2541,5.3711,9162,0
20090729,5.4071,5.4431,5.38,5.38,1568,0
20090730,5.362,5.4701,5.3441,5.4701,120232,0
20090731,5.4431,5.506,5.4431,5.506,5868,0
20090803,5.4431,5.722,5.4071,5.722,183482,0
20090804,5.7039,6.0908,5.7039,5.9919,80356,0
20090805,6.0009,6.3967,6.0009,6.1898,15277,0
20090806,6.2347,6.5047,6.2347,6.3967,31690,0
20090807,6.4507,6.8466,6.4147,6.7567,87779,0
20090810,6.6486,6.9636,6.5857,6.8015,51195,0
20090811,6.8466,6.9545,6.6936,6.7836,13456,0
20090812,6.9005,6.9005,6.4327,6.8107,56204,0
20090813,6.6756,7.0444,6.6756,6.9905,46824,0
20090814,6.9816,7.1435,6.9816,7.0984,31307,0
20090817,7.2244,7.2244,6.8826,6.8826,5573,0
20090818,6.8556,7.1345,6.8556,7.0444,1894,0
20090819,7.0535,7.1345,6.9995,7.0535,1661,0
20090820,6.9816,7.0355,6.8916,7.0175,20992,0
20090821,6.9905,7.0085,6.9636,6.9636,1194,0
20090824,6.9545,7.1704,6.9545,7.0805,29396,0
20090825,7.0535,7.0895,6.9905,7.0265,193267,0
20090826,7.0085,7.0984,7.0085,7.0265,2358,0
20090827,7.0984,7.0984,7.0175,7.0535,76774,0
20090828,6.9816,7.0175,6.9816,6.9816,70775,0
20090831,7.0085,7.1435,7.0085,7.1165,113026,0
20090901,7.1255,7.1255,6.9905,7.0175,10136,0
20090902,7.1524,7.1524,6.9455,6.9636,25227,0
20090903,6.8916,7.0805,6.8916,7.0805,22273,0
20090904,7.0444,7.1435,7.0265,7.0265,33369,0
20090907,7.0355,7.1704,7.0355,7.1255,6091,0
20090908,7.0805,7.1165,7.0175,7.0175,4295,0
20090909,7.0444,7.1165,7.0355,7.1165,33536,0
20090910,7.2244,7.3504,7.1884,7.3324,65783,0
20090911,7.3594,7.4674,7.3594,7.4403,41579,0
20090914,7.5484,7.5484,7.4763,7.5303,24287,0
20090915,7.3774,7.5843,7.3774,7.5843,6923,0
20090916,7.5572,7.9532,7.4674,7.8003,62739,0
20090917,7.7463,8.16,7.7463,8.0972,14522,0
20090918,8.1511,8.1871,7.8902,8.1691,119342,0
20090923,8.2231,8.5559,8.2231,8.2771,11549,0
20090924,8.2859,8.2859,7.7642,7.8003,127312,0
20090925,7.8631,8.0521,7.7642,7.8992,2263252,0
20090928,7.9263,7.9263,7.7013,7.7912,89534,0
20090929,7.7463,7.9351,7.7463,7.8452,10412,0
20090930,7.8811,7.9982,7.8811,7.9443,18952,0
20091001,7.9443,7.9801,7.8811,7.9801,8357,0
20091002,8.0341,8.0341,7.6652,7.9622,23890,0
20091005,7.8902,7.8902,7.8273,7.8452,4713,0
20091006,7.7733,7.9172,7.7733,7.8003,1941,0
20091007,7.8273,7.9443,7.7372,7.7372,3723,0
20091008,7.8183,7.9622,7.8092,7.9622,1112,0
20091009,8.0162,8.1061,7.9082,8.0972,3999,0
20091012,8.0881,8.2411,8.0881,8.2411,3819,0
20091013,8.16,8.16,7.9892,8.0611,2013,0
20091014,8.0341,8.0341,8.0071,8.0071,2429,0
20091015,7.9801,8.0611,7.9801,8.0611,9731,0
20091016,8.0792,8.1061,8.0071,8.0432,115423,0
20091019,8.0252,8.0881,8.0252,8.0881,6874,0
20091020,8.0432,8.0701,7.8003,7.9622,12196,0
20091021,7.9172,7.9532,7.8273,7.9532,20238,0
20091022,8.0341,8.0341,7.8902,7.9263,278,0
20091023,7.8902,7.9712,7.8902,7.9622,167,0
20091026,7.9443,7.9443,7.8003,7.8273,1903,0
20091027,7.8811,7.9263,7.7102,7.7102,5344,0
20091028,7.8092,7.8452,7.7552,7.7552,8567,0
20091029,7.7552,7.8003,7.6923,7.6923,5019,0
20091030,7.6744,7.8811,7.6744,7.7282,5836,0
20091102,7.7463,7.8273,7.6923,7.7463,2075,0
20091103,7.8183,7.9443,7.7193,7.7193,6930,0
20091104,7.6744,7.8992,7.5484,7.8631,19952,0
20091105,7.8723,7.8723,7.2335,7.6652,10349,0
20091106,7.6204,7.7193,7.6204,7.7102,2814,0
20091109,7.6744,7.8273,7.6563,7.7912,12037,0
20091110,7.7552,7.7733,7.6563,7.7552,4140,0
20091111,7.7552,7.7552,7.7013,7.7552,2023,0
20091112,7.6383,7.6383,7.6023,7.6023,56,0
20091113,7.5484,7.5484,7.4583,7.4583,567,0
20091116,7.4314,7.6023,7.4314,7.6023,17172,0
20091117,7.5932,7.6383,7.5214,7.5214,10751,0
20091118,7.5123,7.6112,7.5123,7.6112,7760,0
20091119,7.6744,7.6744,7.5752,7.6112,5344,0
20091120,7.6473,7.6473,7.5572,7.6292,283,0
20091123,7.5843,7.5843,7.5033,7.5214,1295,0
20091124,7.5303,7.5572,7.4134,7.5123,48828,0
20091125,7.4943,7.5303,7.4943,7.4943,3423,0
20091126,7.5303,7.5663,7.4763,7.5572,2376,0
20091127,7.6473,7.6473,7.3324,7.5572,8151,0
20091130,7.4943,7.5484,7.4943,7.4943,1583,0
20091201,7.4674,7.5572,7.4403,7.5572,57721,0
20091202,7.5123,7.5752,7.4403,7.5663,41644,0
20091203,7.5572,7.6023,7.5214,7.5214,8482,0
20091204,7.5214,7.5932,7.5214,7.5932,12530,0
20091207,7.5393,7.5393,7.4044,7.5033,50589,0
20091208,7.5123,7.5123,7.3414,7.4224,1664,0
20091209,7.5214,7.5214,7.3684,7.4224,34162,0
20091210,7.4583,7.4583,7.4044,7.4583,5456,0
20091211,7.4494,7.4494,7.3594,7.4314,57058,0
20091214,7.4314,7.4853,7.3594,7.4314,8117,0
20091215,7.4763,7.4763,7.3684,7.4674,35436,0
20091216,7.5303,7.5303,7.3774,7.4763,29699,0
20091217,7.4403,7.4853,7.3594,7.3774,19680,0
20091218,7.3774,7.4314,7.2424,7.2424,48406,0
20091221,7.2515,7.3864,7.1165,7.1345,19058,0
20091222,7.1345,7.3774,7.1345,7.1704,62486,0
20091223,7.1435,7.3324,7.1435,7.3324,11994,0
20091228,7.3054,7.4224,7.2695,7.4134,5013,0
20100104,7.2874,7.3594,7.0714,7.3144,1751,0
20100105,7.2964,7.2964,7.1795,7.1795,455,0
20100106,7.2064,7.4224,7.2064,7.3684,19531,0
20100107,7.3954,7.4853,7.3954,7.4853,27293,0
20100108,7.4853,7.5572,7.4853,7.5572,28116,0
20100111,7.4674,7.4853,7.3954,7.4044,44820,0
20100112,7.4494,7.5033,7.4403,7.5033,4046,0
20100113,7.4674,7.4674,7.3774,7.3774,82252,0
20100114,7.3684,7.4224,7.3684,7.3954,27058,0
20100115,7.3594,7.3864,7.3414,7.3504,21756,0
20100118,7.3414,7.4314,7.3414,7.4314,70762,0
20100119,7.4134,7.4134,7.3594,7.3864,53889,0
20100120,7.3774,7.4224,7.3684,7.4224,25200,0
20100121,7.5123,7.5123,7.5033,7.5123,4781,0
20100122,7.5214,7.5214,7.4224,7.4943,5376,0
20100125,7.4674,7.4674,7.3054,7.3414,22270,0
20100126,7.4134,7.5033,7.3684,7.4583,22448,0
20100127,7.4403,7.5033,7.4224,7.4853,81493,0
20100128,7.4403,7.4853,7.4224,7.4763,10090,0
20100129,7.4674,7.4853,7.4224,7.4853,61757,0
20100201,7.3774,7.3774,7.3144,7.3324,7312,0
20100202,7.2964,7.3234,7.2964,7.3144,24384,0
20100203,7.2874,7.2964,7.2515,7.2874,16897,0
20100204,7.3864,7.4044,7.2604,7.2604,31567,0
20100205,7.3864,7.4044,7.2964,7.3594,22679,0
20100208,7.3594,7.4853,7.3594,7.3684,15969,0
20100209,7.3504,7.4494,7.3414,7.3414,1222,0
20100210,7.3054,7.4044,7.3054,7.3144,20974,0
20100211,7.3054,7.3864,7.3054,7.3414,550,0
20100212,7.2515,7.3234,7.2515,7.2604,2917,0
20100215,7.2964,7.3234,7.2424,7.3234,11004,0
20100216,7.3144,7.3144,7.2424,7.2964,8441,0
20100217,7.2424,7.2515,7.1255,7.1255,4567,0
20100218,7.1255,7.2244,7.1255,7.2155,567,0
20100219,7.2515,7.2515,7.0444,7.2424,6670,0
20100222,7.1884,7.1884,7.1255,7.1255,1778,0
20100223,7.1165,7.1524,7.1165,7.1524,455,0
20100224,7.2244,7.2244,7.1615,7.2155,2568,0
20100225,7.2064,7.2515,7.2064,7.2335,9034,0
20100226,7.2064,7.2064,7.1524,7.1704,4401,0
20100301,7.1075,7.2244,7.1075,7.1255,3125,0
20100302,7.1165,7.1795,7.0895,7.0984,2818,0
20100304,7.0625,7.1435,7.0625,7.0714,2927,0
20100305,7.0175,7.0625,7.0175,7.0265,1000,0
20100308,7.0085,7.0625,7.0085,7.0355,1496,0
20100309,7.0444,7.0714,7.0444,7.0444,25098,0
20100310,7.0265,7.0535,6.9995,7.0535,6985,0
20100311,7.0984,7.1075,7.0444,7.0805,1377,0
20100312,7.0625,7.0714,6.9995,7.0265,32297,0
20100315,7.0355,7.0535,6.9995,7.0535,2103,0
20100316,7.0265,7.0265,6.9816,7.0265,14818,0
20100317,6.9995,6.9995,6.9636,6.9995,3128,0
20100318,7.0085,7.0085,6.9724,6.9995,8355,0
20100319,7.0355,7.0355,6.9816,6.9816,21347,0
20100322,7.0265,7.0714,7.0085,7.0625,1691,0
20100323,7.0265,7.0355,7.0085,7.0355,767,0
20100324,6.9995,6.9995,6.9455,6.9455,3018,0
20100325,6.9636,7.0175,6.9636,7.0085,65262,0
20100326,6.9995,6.9995,6.9636,6.9905,4806,0
20100329,7.0085,7.0085,6.9724,7.0085,5766,0
20100330,6.9724,6.9724,6.9365,6.9724,445,0
20100331,6.9455,6.9636,6.8647,6.9365,6325,0
20100401,6.9005,6.9365,6.8735,6.9185,68751,0
20100406,6.9005,6.9276,6.9005,6.9276,4168,0
20100407,6.9276,6.9365,6.9276,6.9276,61288,0
20100408,6.9455,6.9636,6.9455,6.9636,22780,0
20100409,6.9365,6.9724,6.9276,6.9636,41890,0
20100412,7.0085,7.0984,7.0085,7.0805,21211,0
20100413,7.1075,7.1075,7.0444,7.1075,47823,0
20100414,7.0714,7.0895,7.0175,7.0895,24031,0
20100415,7.0805,7.1615,7.0535,7.0535,45603,0
20100416,7.0714,7.1704,7.0714,7.0714,23571,0
20100419,7.1255,7.1615,7.0714,7.0714,72005,0
20100420,7.0625,7.1795,7.0625,7.1345,71803,0
20100421,7.0805,7.1165,7.0265,7.0265,19313,0
20100422,7.0265,7.0805,7.0175,7.0625,6032,0
20100423,7.0895,7.1345,7.0805,7.1345,13716,0
20100426,7.1255,7.1524,7.0805,7.1345,45374,0
20100427,7.1704,7.1795,7.1075,7.1795,26292,0
20100428,7.2784,7.2784,7.1615,7.2424,14794,0
20100429,7.1795,7.2515,7.1435,7.1435,49925,0
20100430,7.1165,7.1974,7.1075,7.1974,26597,0
20100503,7.1974,7.1974,7.0805,7.0805,49960,0
20100504,7.1345,7.1795,7.0895,7.1795,12381,0
20100505,7.3414,7.3684,7.2604,7.3054,78049,0
20100510,7.2695,7.3234,7.2244,7.2335,5899,0
20100511,7.3144,7.3864,7.2874,7.2964,177806,0
20100512,7.1974,7.2604,7.1435,7.1435,92314,0
20100513,7.0895,7.1615,7.0895,7.1435,157301,0
20100514,7.1884,7.1884,7.1075,7.1615,14164,0
20100517,7.2335,7.2335,7.0625,7.1704,3157,0
20100518,7.1345,7.1524,7.0444,7.0444,2355006,0
20100519,7.1974,7.2335,7.1255,7.1795,144159,0
20100520,7.2244,7.3504,7.0355,7.0714,148017,0
20100521,7.0984,7.1165,6.8916,6.9905,30913,0
20100525,7.0444,7.0444,6.9276,7.0444,20952,0
20100526,6.9816,7.0714,6.9455,6.9816,47461,0
20100527,6.9185,7.0085,6.9185,6.9724,19567,0
20100528,6.8826,6.9005,6.8107,6.8466,7599,0
20100531,6.9005,7.0805,6.9005,6.9905,13171,0
20100601,7.0625,7.0625,6.9005,6.9005,54978,0
20100602,6.8735,6.9636,6.8735,6.9276,7035,0
20100603,6.9276,7.1075,6.9276,7.0895,13416,0
20100604,7.0805,7.1255,7.0085,7.0085,474,0
20100607,7.1255,7.1345,6.9545,7.0984,8090,0
20100608,7.0625,7.0625,6.9636,7.0535,8357,0
20100609,6.9995,6.9995,6.9995,6.9995,56,0
20100610,7.0175,7.0444,6.9724,7.0444,3746,0
20100611,6.9724,7.1345,6.9005,6.9905,21860,0
20100614,6.9816,7.1255,6.9816,7.1255,1098,0
20100615,7.1165,7.1165,6.9276,7.1075,28999,0
20100616,7.0805,7.1165,6.9096,7.0805,284910,0
20100617,7.1075,7.1075,6.9545,6.9545,582,0
20100618,6.9455,7.1075,6.9276,7.0535,1579,0
20100621,6.9816,7.0265,6.9816,7.0265,4101,0
20100622,7.0714,7.0714,7.0175,7.0175,588,0
20100623,7.0265,7.0805,6.9455,6.9995,955,0
20100624,7.0535,7.0625,6.9995,7.0625,25110,0
20100625,7.1524,7.2064,7.0805,7.1884,623,0
20100628,7.1435,7.1435,7.0355,7.1255,1835,0
20100629,7.2064,7.2064,7.0895,7.1974,7847,0
20100630,7.1615,7.1615,7.0535,7.1615,1331,0
20100701,7.1704,7.1704,7.0355,7.1524,439,0
20100702,7.1345,7.1435,6.9724,7.1255,450,0
20100705,7.0714,7.0714,6.9816,6.9816,53916,0
20100706,6.9724,7.0265,6.9545,6.9636,14667,0
20100707,6.9905,7.0714,6.9636,6.9636,16559,0
20100708,6.8916,6.9096,6.8735,6.9096,1751,0
20100709,6.8916,6.9005,6.8647,6.8735,41923,0
20100712,6.8916,6.9096,6.8376,6.8376,1555,0
20100713,6.8287,6.9185,6.7836,6.9096,1223,0
20100714,6.8826,6.8916,6.8826,6.8916,555,0
20100715,6.8916,6.8916,6.8826,6.8826,1222,0
20100716,6.9365,6.9365,6.9365,6.9365,2111,0
20100719,6.9995,7.0535,6.9096,6.9636,378,0
20100720,6.9545,7.0444,6.8826,7.0444,32376,0
20100721,7.0265,7.0355,6.9455,7.0175,13116,0
20100722,6.9905,7.0085,6.9185,6.9724,14793,0
20100723,6.9096,6.9365,6.8916,6.9005,17941,0
20100726,6.8735,6.9096,6.8287,6.8287,10349,0
20100727,6.7746,6.8376,6.7746,6.8015,16173,0
20100728,6.7836,6.8376,6.7836,6.8015,14286,0
20100729,6.8015,6.8287,6.7836,6.8287,1961,0
20100730,6.8466,6.9636,6.8466,6.9636,23994,0
20100802,6.9185,6.9905,6.8466,6.9905,7362,0
20100803,6.9905,7.0085,6.9096,6.9995,3614,0
20100804,7.0535,7.1435,6.9096,7.1255,2557,0
20100805,7.0625,7.0805,6.9636,6.9636,28450,0
20100806,6.9724,7.0355,6.9724,7.0355,24899,0
20100809,7.0355,7.1524,7.0355,7.1524,3679,0
20100810,7.1345,7.1435,7.0535,7.1435,5284,0
20100811,7.1884,7.2155,7.1795,7.2155,17983,0
20100812,7.2424,7.3054,7.1884,7.2784,62802,0
20100813,7.2424,7.2604,7.2064,7.2424,7056,0
20100816,7.2604,7.2695,7.1704,7.2064,6719,0
20100817,7.1435,7.1435,6.9636,6.9636,288849,0
20100818,6.9365,7.0895,6.9365,7.0805,37619,0
20100819,7.0714,7.0714,6.9276,6.9995,29673,0
20100820,7.0355,7.0355,6.9816,6.9816,112958,0
20100823,6.9995,7.1615,6.9995,7.0085,12009,0
20100824,7.0535,7.1435,7.0444,7.1255,12833,0
20100825,7.0984,7.0984,7.0085,7.0355,19582,0
20100826,7.0355,7.1435,7.0175,7.0984,24108,0
20100827,7.0714,7.0714,7.0355,7.0714,25543,0
20100830,7.0625,7.0984,7.0625,7.0625,70424,0
20100831,7.1165,7.1615,7.0805,7.1165,19141,0
20100901,7.0895,7.1795,7.0895,7.1704,2334,0
20100902,7.1255,7.1255,6.9724,6.9724,28733,0
20100903,6.9724,7.0895,6.9724,7.0265,33346,0
20100907,6.9995,7.0355,6.9455,6.9636,7158,0
20100908,6.9636,7.0175,6.9276,6.9276,4198,0
20100909,6.9185,7.0085,6.9096,7.0085,17946,0
20100910,6.9905,7.0265,6.9005,6.9005,27948,0
20100913,6.9096,6.9995,6.9096,6.9096,4857,0
20100914,6.9276,7.0175,6.9276,7.0175,3279,0
20100915,6.9905,6.9905,6.9096,6.9096,67090,0
20100916,6.9005,6.9905,6.9005,6.9816,95552,0
20100917,7.0175,7.0175,6.9365,6.9365,123509,0
20100920,6.9365,7.0175,6.9365,6.9905,42216,0
20100923,7.0444,7.0444,7.0355,7.0444,111829,0
20100924,7.0355,7.0444,6.9905,7.0085,140900,0
20100927,6.9816,7.0175,6.9636,6.9995,88949,0
20100928,7.0355,7.0535,6.9816,7.0355,95652,0
20100929,7.0175,7.0265,6.9636,7.0175,64235,0
20100930,7.0535,7.0625,7.0355,7.0355,2390,0
20101001,6.9636,6.9905,6.9636,6.9816,105883,0
20101004,6.9995,7.0085,6.9816,7.0085,115931,0
20101005,7.0355,7.0355,6.9096,6.9096,17390,0
20101006,6.8466,6.9455,6.8466,6.9365,6230,0
20101007,6.9905,6.9905,6.8916,6.9365,13504,0
20101008,6.9724,6.9905,6.9005,6.9905,1690,0
20101011,6.9724,7.0175,6.8826,7.0085,744,0
20101012,6.9995,6.9995,6.8826,6.9455,739,0
20101013,6.9276,6.9455,6.9276,6.9455,1095,0
20101014,6.8376,6.8376,6.7836,6.8195,2738,0
20101015,6.8376,6.8735,6.7026,6.8647,41099,0
20101018,6.9005,6.9185,6.8195,6.8916,13070,0
20101019,6.9005,6.9816,6.8287,6.9185,31728,0
20101020,6.9816,7.0085,6.9096,6.9636,12504,0
20101021,6.9365,6.9365,6.5947,6.9005,18162,0
20101022,6.9365,6.9365,6.7746,6.7746,8182,0
20101025,6.7296,6.8916,6.7296,6.7387,43060,0
20101026,6.7206,6.8376,6.7206,6.8376,4502,0
20101027,6.8466,6.8735,6.7836,6.7836,5280,0
20101028,6.8376,7.0085,6.8376,6.9724,39709,0
20101029,7.0085,7.0805,7.0085,7.0714,7993,0
20101101,7.0714,7.0714,7.0085,7.0085,13784,0
20101102,6.9365,6.9995,6.9365,6.9905,467,0
20101103,6.9636,6.9636,6.8015,6.8916,1814,0
20101104,6.8556,6.8647,6.7836,6.8647,732,0
20101105,6.8735,6.9365,6.8015,6.8015,28814,0
20101108,6.8195,6.9276,6.7836,6.9276,133,0
20101110,6.8826,6.8916,6.8287,6.8826,8539,0
20101111,6.8826,6.9005,6.8195,6.8287,80252,0
20101112,6.9005,6.9724,6.8916,6.8916,17456,0
20101115,6.9005,6.9724,6.9005,6.9276,8780,0
20101116,6.9096,6.9096,6.8466,6.9005,118,0
20101117,6.9276,6.9816,6.9276,6.9816,11065,0
20101118,6.9545,6.9636,6.9545,6.9636,12871,0
20101119,6.9636,6.9636,6.9096,6.9636,39073,0
20101122,6.9455,6.9455,6.8647,6.9455,13547,0
20101123,6.9724,6.9724,6.9185,6.9185,1723,0
20101124,6.9636,7.0175,6.9636,7.0175,3573,0
20101125,7.0265,7.0355,6.9816,7.0355,40303,0
20101126,7.1255,7.1255,7.1075,7.1255,1245,0
20101129,7.1255,7.1255,7.0714,7.1165,9504,0
20101130,7.1974,7.2064,7.1524,7.2064,6558,0
20101201,7.1075,7.1075,7.0625,7.0625,734,0
20101202,7.0175,7.0535,6.9365,6.9365,3101,0
20101203,6.9365,7.0535,6.9096,6.9096,34374,0
20101206,6.9185,7.0175,6.9185,7.0175,13,0
20101207,7.0355,7.0714,6.9276,6.9276,32080,0
20101208,6.9905,7.1255,6.9816,7.0895,3145,0
20101209,7.0714,7.0714,6.9905,7.0535,5848,0
20101210,7.0625,7.0625,6.9905,6.9905,1445,0
20101213,6.9724,7.0625,6.9724,7.0625,223,0
20101214,6.9995,7.0175,6.9365,7.0175,8473,0
20101215,7.0175,7.0175,6.9995,6.9995,620,0
20101216,6.9995,7.0175,6.9276,6.9276,951,0
20101217,6.9185,7.0085,6.9185,6.9545,6388,0
20101220,6.9816,7.0535,6.9816,7.0535,8689,0
20101221,7.0444,7.0805,7.0085,7.0714,5113,0
20101222,7.0625,7.0895,6.9545,7.0805,11600,0
20101223,7.0535,7.0535,7.0535,7.0535,4612,0
20101227,7.0535,7.1165,7.0085,7.0085,10721,0
20101228,7.0265,7.1075,6.9905,6.9905,18650,0
20101229,6.9995,7.1075,6.9995,6.9995,3201,0
20101230,6.9636,7.0444,6.9455,6.9455,1045,0
20110103,6.9365,7.0265,6.9276,7.0265,5669,0
20110104,6.9905,7.0984,6.9905,7.0714,22097,0
20110105,7.0085,7.0805,7.0085,7.0175,14054,0
20110106,7.0175,7.0625,7.0175,7.0625,555,0
20110107,6.9995,6.9995,6.8466,6.8466,12416,0
20110110,6.9096,7.0355,6.8556,6.8556,15208,0
20110111,6.8195,6.8556,6.8107,6.8195,12309,0
20110112,6.7387,6.7387,6.7387,6.7387,16284,0
20110113,6.7746,6.7926,6.7746,6.7746,7226,0
20110114,6.8107,6.8466,6.8107,6.8107,39579,0
20110117,6.7926,6.7926,6.7746,6.7926,7359,0
20110118,6.7836,6.8647,6.7656,6.7836,30830,0
20110119,6.8195,6.8556,6.8195,6.8195,878,0
20110120,6.8287,6.9185,6.8287,6.8287,612,0
20110121,6.8376,7.0085,6.8376,6.8466,29200,0
20110124,6.8195,6.8376,6.8015,6.8015,26371,0
20110125,6.8015,6.8556,6.8015,6.8195,1667,0
20110126,6.8195,6.8195,6.7656,6.8195,262846,0
20110127,6.8647,6.8647,6.8466,6.8466,22133,0
20110128,6.8647,6.8647,6.8466,6.8647,2545,0
20110131,6.9005,6.9185,6.8916,6.9005,73651,0
20110201,6.8647,6.9365,6.8647,6.9365,183795,0
20110202,6.9185,7.0535,6.9185,7.0355,52961,0
20110203,7.0625,7.7463,7.0625,7.6473,51384,0
20110204,7.6292,7.6652,7.3144,7.3144,74589,0
20110207,7.2424,7.3864,7.1345,7.1345,24014,0
20110208,7.1435,7.2784,7.1435,7.1435,13038,0
20110209,7.1884,7.3504,7.1524,7.1524,84021,0
20110210,7.2064,7.3774,7.2064,7.3774,5152,0
20110211,7.4044,7.4403,7.3054,7.3054,7080,0
20110214,7.2964,7.5214,7.2964,7.5214,16507,0
20110215,7.5303,7.8631,7.5303,7.8631,23442,0
20110216,7.8092,8.0792,7.7912,7.9172,29461,0
20110217,7.9082,8.0881,7.8902,7.9082,20939,0
20110218,7.9172,8.1241,7.9172,8.1061,28149,0
20110221,8.1511,8.25,8.133,8.133,13748,0
20110222,8.1961,8.1961,7.8723,8.0432,16560,0
20110223,8.0252,8.0881,7.7642,7.8183,15646,0
20110224,7.8811,7.8811,7.6473,7.6832,18298,0
20110225,7.6563,7.9532,7.5484,7.8723,26917,0
20110228,7.8723,8.0341,7.8723,7.9982,828,0
20110301,7.9622,8.0162,7.8362,7.8362,1650,0
20110302,7.8723,7.8902,7.7463,7.8723,20846,0
20110307,7.8811,7.9532,7.8542,7.9263,20903,0
20110308,7.9263,7.9892,7.8723,7.9263,19538,0
20110309,7.9263,8.0701,7.9263,7.9622,13417,0
20110310,7.9892,8.0792,7.9172,7.9172,6191,0
20110311,7.9982,7.9982,7.8092,7.8542,16193,0
20110314,7.8362,7.8362,7.7282,7.7282,1901,0
20110315,7.8003,7.8452,7.6023,7.6563,24545,0
20110316,7.6473,8.0071,7.6473,7.8992,37036,0
20110317,7.9443,7.9982,7.8183,7.8273,191785,0
20110318,7.7912,8.2231,7.7912,8.2231,9390,0
20110321,8.1961,8.1961,7.9263,8.0162,9571,0
20110322,7.9892,8.0792,7.9892,8.0252,247334,0
20110323,8.0252,8.0611,7.9892,8.0611,2023,0
20110324,8.0432,8.1421,8.0432,8.133,35380,0
20110325,8.133,8.1961,8.133,8.1421,43277,0
20110328,8.0881,8.1781,8.0881,8.0972,13549,0
20110329,8.0881,8.1241,8.0162,8.0162,17137,0
20110330,8.0071,8.1241,7.9622,8.1061,4072,0
20110331,8.16,8.1691,8.0792,8.0792,75253,0
20110401,8.1151,8.1871,8.1151,8.1871,1000,0
20110404,8.1871,8.2051,8.0881,8.1961,15112,0
20110405,8.1871,8.1871,8.0611,8.0611,6837,0
20110406,8.0071,8.0341,7.9172,7.9351,12638,0
20110407,7.8992,8.0252,7.8902,7.8902,4000,0
20110408,7.8452,7.8542,7.6652,7.6832,25698,0
20110411,7.7102,7.9263,7.7102,7.9263,16196,0
20110412,7.9172,7.9172,7.8092,7.8273,4699,0
20110413,7.8362,7.8362,7.7102,7.7463,2158,0
20110414,7.7013,7.9082,7.7013,7.8723,27233,0
20110415,7.8723,7.8723,7.7102,7.8273,5020,0
20110418,7.8452,7.8811,7.7463,7.7463,27696,0
20110419,7.7912,7.9172,7.7372,7.9172,1223,0
20110420,7.8811,7.8811,7.8273,7.8273,48364,0
20110421,7.8542,7.9172,7.8542,7.9172,46350,0
20110426,7.8452,7.8631,7.7822,7.8003,27815,0
20110427,7.8003,7.9443,7.8003,7.8631,63279,0
20110428,7.8542,7.9622,7.8542,7.8811,130980,0
20110429,7.8811,7.9532,7.8811,7.9532,9371,0
20110502,7.9351,7.9622,7.6563,7.9082,1442,0
20110503,7.9082,8.0252,7.7912,7.8362,71272,0
20110504,7.8452,7.9801,7.8452,7.9622,109450,0
20110505,7.9712,7.9801,7.8902,7.8902,60777,0
20110509,7.8542,7.9351,7.8542,7.8542,1245,0
20110510,7.8631,7.8992,7.7822,7.8992,4224,0
20110511,7.8811,7.9263,7.8811,7.9172,60522,0
20110512,7.9082,7.9172,7.8362,7.8362,30388,0
20110513,7.8362,7.8902,7.8362,7.8542,358,0
20110516,7.8902,7.8902,7.7102,7.7822,7425,0
20110517,7.7733,7.7733,7.7102,7.7733,2226,0
20110518,7.7642,7.7912,7.7463,7.7463,709,0
20110519,7.7463,7.7642,7.7372,7.7642,31317,0
20110520,7.7642,7.8092,7.7552,7.7642,42570,0
20110525,7.8183,7.8362,7.6832,7.8362,40677,0
20110526,7.8723,7.8811,7.8542,7.8811,34479,0
20110527,7.8992,7.8992,7.8362,7.8362,1876,0
20110530,7.8273,7.8273,7.6473,7.6473,3158,0
20110531,7.6204,7.8003,7.6204,7.8003,5373,0
20110601,7.8003,7.8003,7.6204,7.6563,1828,0
20110602,7.6832,7.8452,7.6832,7.7733,79607,0
20110603,7.7463,7.7463,7.5843,7.5843,659,0
20110606,7.5932,7.6292,7.4494,7.4494,2435,0
20110607,7.4224,7.5663,7.4224,7.4583,61174,0
20110608,7.4583,7.4583,7.4224,7.4583,6851,0
20110609,7.4763,7.5752,7.4134,7.4134,133403,0
20110610,7.3864,7.4044,7.3864,7.4044,15784,0
20110614,7.3864,7.3864,7.1795,7.3414,3168,0
20110615,7.3594,7.4494,7.2784,7.2964,22452,0
20110616,7.3414,7.3414,7.1704,7.1704,5057,0
20110617,7.1884,7.3144,7.1615,7.1615,18351,0
20110620,7.1884,7.1884,7.0085,7.0085,91471,0
20110621,6.9905,7.2064,6.9185,7.1345,57921,0
20110622,7.1345,7.1345,6.9905,7.1345,746,0
20110623,7.1345,7.1345,6.9905,6.9905,55576,0
20110624,6.9995,7.0175,6.9995,6.9995,1078,0
20110627,7.0175,7.0895,7.0175,7.0175,1434,0
20110628,7.0265,7.0984,7.0265,7.0265,890,0
20110629,7.0355,7.0895,7.0355,7.0895,1509,0
20110630,7.0444,7.0444,6.9905,6.9905,3869,0
20110701,6.9545,6.9545,6.9545,6.9545,501,0
20110704,6.9276,6.9816,6.9276,6.9636,1889,0
20110705,6.9636,6.9995,6.9276,6.9276,8897,0
20110706,6.9365,6.9365,6.8647,6.8647,6447,0
20110707,6.8556,6.9276,6.8556,6.8916,21395,0
20110708,6.8647,6.9365,6.8287,6.9365,7946,0
20110711,7.0085,7.0085,6.8916,6.8916,1667,0
20110712,7.1615,7.1884,7.1615,7.1884,579,0
20110713,7.1704,7.1704,7.1704,7.1704,190,0
20110714,7.1704,7.3954,7.1704,7.3954,1491,0
20110715,7.4044,7.4224,7.3774,7.4224,7780,0
20110718,7.4314,7.5123,7.4314,7.5123,223,0
20110719,7.4763,7.4943,7.4044,7.4943,622,0
20110720,7.4583,7.4583,7.3594,7.3594,333,0
20110721,7.3414,7.4314,7.3414,7.3414,3779,0
20110722,7.3144,7.3324,7.3144,7.3324,28455,0
20110725,7.3864,7.3864,7.2874,7.3684,6026,0
20110726,7.3684,7.4044,7.2784,7.2784,581,0
20110727,7.2784,7.4583,7.2784,7.4583,539,0
20110728,7.4583,7.4583,7.4494,7.4494,23,0
20110729,7.4494,7.4494,7.3324,7.3324,7037,0
20110801,7.2784,7.3684,7.2784,7.3684,397,0
20110802,7.4403,7.4403,7.4403,7.4403,555,0
20110803,7.4583,7.4583,7.3054,7.3594,16064,0
20110804,7.3594,7.3594,7.2604,7.2604,20204,0
20110805,7.2874,7.3234,6.8826,7.1075,55734,0
20110808,7.1255,7.2155,6.8466,6.9365,73759,0
20110809,7.0175,7.0175,6.6036,6.8376,86820,0
20110810,6.8107,7.1255,6.8107,6.9185,103592,0
20110811,7.0355,7.0355,6.8287,6.8287,63498,0
20110812,6.8195,7.0625,6.8195,6.9545,21947,0
20110815,6.9545,7.0535,6.9185,6.9185,7692,0
20110816,6.9276,6.9365,6.8376,6.8376,39508,0
20110817,6.8195,6.9276,6.8195,6.9276,10265,0
20110818,6.9185,6.9185,6.8556,6.8556,2952,0
20110819,6.9365,6.9365,6.5947,6.5947,57976,0
20110822,6.5676,6.6847,6.3967,6.4776,77730,0
20110823,6.4417,6.5947,6.4417,6.5947,31828,0
20110824,6.6036,6.7926,6.6036,6.6036,2859,0
20110825,6.6036,6.6936,6.5407,6.6936,21947,0
20110826,6.7026,6.7026,6.6036,6.6036,754,0
20110829,6.6036,6.6396,6.5047,6.6216,33937,0
20110830,6.6036,6.7117,6.5857,6.6216,2927,0
20110831,6.6127,6.6756,6.5947,6.6127,1762,0
20110901,6.6127,6.7475,6.6127,6.6756,3113,0
20110902,6.7117,6.7117,6.6666,6.6847,554,0
20110907,6.7656,6.7656,6.4057,6.4057,78175,0
20110908,6.4057,6.6847,6.4057,6.6847,14706,0
20110909,6.8376,6.8647,6.6486,6.8376,8504,0
20110912,6.8466,6.8466,6.6396,6.7387,2451,0
20110913,6.7926,6.8107,6.6216,6.6216,47265,0
20110914,6.5767,6.7117,6.5676,6.6577,4688,0
20110915,6.7387,6.7567,6.6577,6.6756,25430,0
20110916,6.6216,6.6847,6.3608,6.3608,20615,0
20110919,6.3608,6.6036,6.3608,6.4147,1559,0
20110920,6.4597,6.6486,6.4597,6.6486,25019,0
20110921,6.6666,6.6666,6.4868,6.6396,2568,0
20110926,6.6666,6.6666,6.4147,6.5316,82652,0
20110927,6.5047,6.6216,6.4868,6.6216,7897,0
20110928,6.6577,6.6577,6.6036,6.6577,2564,0
20110929,6.6756,6.7296,6.6216,6.7296,36062,0
20110930,6.7026,6.7296,6.6936,6.6936,10489,0
20111003,6.7387,6.7387,6.5676,6.6127,3163,0
20111004,6.5496,6.5496,6.3877,6.3877,9514,0
20111005,6.3877,6.4687,6.3427,6.3517,74825,0
20111006,6.3337,6.4597,6.2798,6.2798,8152,0
20111007,6.2798,6.4327,6.2798,6.2798,37814,0
20111010,6.2078,6.3697,6.1268,6.1268,8079,0
20111011,6.1539,6.3697,6.1539,6.2888,4225,0
20111012,6.2528,6.3517,6.2528,6.3517,11048,0
20111013,6.3517,6.4507,6.2347,6.4507,2790,0
20111014,6.4147,6.4597,6.3158,6.4147,64530,0
20111017,6.3877,6.4507,6.3337,6.4327,84473,0
20111018,6.5496,6.5496,6.4237,6.5407,2478,0
20111019,6.5136,6.5588,6.4776,6.5588,4096,0
20111020,6.5947,6.6127,6.5407,6.5947,23252,0
20111021,6.6396,6.6396,6.6306,6.6306,946,0
20111024,6.6306,6.6486,6.6306,6.6486,7114,0
20111025,6.6306,6.6396,6.5047,6.6396,33388,0
20111026,6.6486,6.6486,6.5136,6.6396,37870,0
20111027,6.5857,6.6036,6.5407,6.5857,36236,0
20111028,6.5407,6.5588,6.4956,6.4956,2868,0
20111031,6.5316,6.5947,6.5316,6.5947,3556,0
20111101,6.5947,6.5947,6.3967,6.5407,21380,0
20111102,6.6486,6.6666,6.6396,6.6486,7330,0
20111103,6.6036,6.6486,6.4507,6.5857,2129,0
20111104,6.5316,6.5316,6.4597,6.5316,22631,0
20111107,6.5767,6.6396,6.5588,6.5857,25082,0
20111108,6.5588,6.6216,6.5588,6.6216,46171,0
20111109,6.6396,6.6396,6.5676,6.6396,107172,0
20111110,6.6486,6.6666,6.6306,6.6306,6224,0
20111111,6.6306,6.6486,6.6127,6.6396,17895,0
20111114,6.6756,6.6847,6.6396,6.6396,1751,0
20111115,6.6486,6.6486,6.6036,6.6306,223,0
20111116,6.6396,6.6577,6.6396,6.6577,111,0
20111117,6.6936,6.6936,6.5947,6.6396,2646,0
20111118,6.6216,6.7206,6.4687,6.6127,57498,0
20111121,6.6306,6.6306,6.5227,6.5316,1795,0
20111122,6.5407,6.7026,6.5407,6.6396,13627,0
20111123,6.6666,6.6756,6.5407,6.5676,12727,0
20111124,6.6036,6.7387,6.5136,6.6036,11483,0
20111125,6.6396,6.6847,6.4327,6.6396,38538,0
20111128,7.1974,7.1974,6.7475,6.7475,6427,0
20111129,6.3877,6.4776,6.3427,6.4776,1754,0
20111201,6.2978,6.2978,6.2978,6.2978,111,0
20111202,6.2978,6.2978,6.2978,6.2978,555,0
20111205,6.4776,6.4776,6.4776,6.4776,37,0
20111206,6.7475,6.7475,6.4327,6.4327,389,0
20111207,6.7475,6.7475,6.7475,6.7475,111,0
20111212,6.5227,6.5227,6.3877,6.3877,1112,0
20111223,6.0279,6.0279,5.848,5.848,1126,0
20111227,5.4071,5.4071,5.4071,5.4071,111,0
20111229,5.3981,5.848,5.3981,5.848,445,0
20120113,5.848,5.848,5.848,5.848,223,0
20120120,6.9905,6.9905,6.9724,6.9724,77,0
20120124,6.9276,6.9276,6.9276,6.9276,111,0
20120125,6.1179,6.1358,6.1179,6.1179,6420,0
20120126,6.2078,6.2078,6.0908,6.0908,3566,0
20120131,5.8461,5.9207,5.8461,5.9207,1639,0
20120206,5.848,5.848,5.488,5.488,340,0
20120208,5.632,5.632,5.506,5.632,3723,0
20120209,5.848,5.848,5.488,5.488,1557,0
20120214,5.416,5.416,5.416,5.416,111,0
20120216,5.416,5.416,5.3081,5.3081,995,0
20120223,4.8942,4.8942,4.8942,4.8942,1134,0
20120227,5.2001,5.2001,5.2001,5.2001,1294,0
20120315,5.3981,5.3981,5.3981,5.3981,4,0
20120319,5.7579,5.7579,5.7579,5.7579,5,0
20120327,5.1821,5.1821,5.1821,5.1821,111,0
20120328,5.2092,5.2092,4.7232,4.7232,223,0
20120507,4.4984,4.4984,4.4984,4.4984,10,0
20120508,4.3365,4.3365,4.3365,4.3365,10,0
20120514,4.4984,4.4984,4.4984,4.4984,101,0
20120517,4.4984,4.4984,4.4984,4.4984,10,0
20120523,4.4984,4.4984,4.4984,4.4984,111,0
20120627,4.366,4.366,4.0216,4.0216,111,0
20120730,3.9099,3.9099,3.9099,3.9099,10,0
20120820,3.5189,3.8168,3.5189,3.8168,1152,0
20120822,3.8168,3.8168,3.8168,3.8168,108,0
20120907,3.4072,3.584,3.2583,3.2583,3713,0
20120913,3.584,3.584,3.584,3.584,98,0
20120914,3.584,3.584,3.584,3.584,10,0
20121015,3.7237,3.7237,3.7237,3.7237,57,0
20121016,3.7237,3.7237,3.7237,3.7237,53,0
20121112,3.7237,3.7237,3.7237,3.7237,50,0
20121116,3.7237,3.7237,3.7237,3.7237,57,0
20121213,3.7237,3.7237,3.7237,3.7237,204,0
20130207,3.8168,3.8168,3.8168,3.8168,10,0
20130528,5.1201,5.1201,5.1201,5.1201,1124,0
20130529,5.1201,5.1201,5.1201,5.1201,377,0
20130531,4.6989,4.8425,4.6989,4.7564,264,0
20130603,4.7849,4.7849,4.7849,4.7849,251,0
20130611,5.1201,5.1201,5.1201,5.1201,140,0
20130808,5.2636,5.2636,4.7373,4.7851,2164,0
20130829,5.2827,6.2206,5.2827,6.2206,600,0
20130830,6.2206,6.3163,6.2206,6.2206,1475,0
20130903,6.2206,6.2206,6.2206,6.2206,105,0
20130909,6.5077,6.5077,6.5077,6.5077,459,0
20130912,6.4121,6.4121,6.4121,6.4121,1,0
20130919,6.4121,6.4121,6.4121,6.4121,3461,0
20130930,7.5605,7.5605,7.5605,7.5605,52,0
20131002,7.5605,7.5605,7.5605,7.5605,386,0
20131003,7.5605,7.5605,7.5605,7.5605,522,0
20131127,6.6992,6.6992,6.6992,6.6992,83,0
20131128,6.7087,6.7087,6.7087,6.7087,52,0
20131216,6.6895,6.6895,6.6895,6.6895,314,0
20140110,7.3308,7.3308,7.3308,7.3308,188,0
20140211,8.5749,8.5749,8.5653,8.5653,1185,0
20140213,8.5653,8.5653,8.5653,8.5653,386,0
20140217,8.9003,8.9003,8.9003,8.9003,1045,0
20140303,8.8046,8.8046,8.8046,8.8046,1847,0
20140401,8.8046,8.8046,8.8046,8.8046,73,0
20140404,8.8046,8.8046,8.8046,8.8046,170,0
20140407,8.8046,8.8046,8.8046,8.8046,40,0
20140411,8.8046,8.8046,8.8046,8.8046,52,0
20140605,8.8046,8.8046,8.8046,8.8046,1147,0
20140805,8.7559,8.7559,8.7559,8.7559,206,0
20141106,8.7559,8.7559,8.7559,8.7559,1,0
20141121,8.7559,8.7559,8.7559,8.7559,10,0
20141219,8.1722,8.1722,8.1722,8.1722,206,0
20150121,8.1722,8.1722,8.1722,8.1722,56,0
20150504,8.1722,8.1722,8.1722,8.1722,2,0
20150518,7.355,7.355,6.6253,6.6253,4,0
20150520,5.9832,5.9832,5.9832,5.9832,2,0
20150521,6.0319,6.0319,6.0319,6.0319,1,0
20150522,7.2966,7.2966,7.2966,7.2966,1028,0
20150525,7.2966,7.2966,7.2966,7.2966,1,0
20150527,8.0263,8.0263,8.0263,8.0263,1,0
20150608,8.0263,8.0263,8.0263,8.0263,25,0
20150622,6.0805,6.0805,6.0805,6.0805,3,0
20150630,6.0805,6.0805,6.0805,6.0805,205,0
20150811,5.4092,5.4092,4.8741,4.8741,206,0
20150812,5.3606,5.8373,5.3606,5.3995,5,0
20150813,5.6427,5.6427,5.6427,5.6427,186,0
20150817,5.6524,5.6524,5.6524,5.6524,1,0
20150819,5.6524,5.6524,5.6524,5.6524,2,0
20150820,5.5941,5.5941,5.5941,5.5941,2,0
20151015,5.5941,6.1389,5.5941,6.1389,3,0
20151016,6.421,6.421,6.421,6.421,8,0
20151028,6.3237,6.3237,6.3237,6.3237,41,0
20151029,6.3237,6.9561,6.3237,6.9561,72,0
20151030,7.3939,8.0749,7.3939,7.7831,108,0
20151102,8.5419,9.2424,8.5419,9.2424,74,0
20151103,8.7559,8.7559,8.7559,8.7559,103,0
20151104,9.632,9.632,9.632,9.632,1,0
20151105,9.729,9.729,8.7657,8.7657,308,0
20151112,8.7657,8.7657,8.7657,8.7657,17,0
20151116,7.8901,7.8901,7.7733,7.7733,135,0
20151201,7.0242,7.0242,7.0242,7.0242,10,0
20151202,6.3237,6.8102,5.8373,6.8102,108,0
20151203,6.8102,6.8102,6.8102,6.8102,35,0
20151207,6.9853,6.9853,6.9853,6.9853,2,0
20151211,6.8977,6.8977,6.8977,6.8977,5,0
20151228,6.4016,6.4016,6.4016,6.4016,3,0
20151229,6.8977,6.8977,6.8977,6.8977,1,0
20151230,6.8977,6.8977,6.8977,6.8977,2,0
20160208,6.3237,6.3237,5.8373,5.8373,195,0
20160209,5.847,5.847,5.847,5.847,7,0
20160307,5.3508,5.3508,5.3508,5.3508,127,0
20160407,5.8276,5.8276,5.8276,5.8276,8,0
20160505,5.8276,5.8276,5.8276,5.8276,67,0
20160510,5.8373,5.8373,5.8373,5.8373,469,0
20160527,5.847,5.847,5.847,5.847,6,0
20160620,5.74,5.74,5.74,5.74,16,0
20160705,5.2,5.2,5.2,5.2,20,0
20160713,5.9,5.9,5.9,5.9,96,0
20160729,5.78,5.88,5.78,5.88,92,0
20160803,5,5,5,5,30,0
20160804,5.15,5.5,5.05,5.5,22000,0
20160805,5,5.87,5,5.87,16599,0
20160819,5.87,5.87,5.87,5.87,51,0
20160825,5.86,5.86,5.86,5.86,311,0
20160831,5.42,5.42,5.42,5.42,1,0
20160912,5.6,5.6,5.6,5.6,118,0
20160927,5.89,5.9,5.89,5.9,1571,0
20160928,5.9,5.9,5.9,5.9,9041,0
20161013,5.31,5.31,5.31,5.31,4,0
20161107,6.5,6.5,6.5,6.5,51,0
