Date,Open,High,Low,Close,Volume,OpenInt
20071205,38.178,40.086,37.223,37.318,4793,0
20071206,38.798,38.798,37.271,38.464,1154,0
20071207,38.511,38.511,38.178,38.502,752,0
20071210,38.75,38.75,37.699,38.559,213,0
20071211,38.702,40.086,38.702,40.086,283,0
20071212,40.086,42.091,40.086,42.091,455,0
20071213,43.522,43.522,43.522,43.522,24,0
20071214,46.099,46.289,41.995,43.522,1434,0
20071217,43.332,43.332,41.709,42.949,336,0
20071218,42.949,42.949,42.949,42.949,10,0
20071219,43.809,43.809,41.995,41.995,141,0
20071220,41.709,41.709,40.373,40.468,1205,0
20071221,40.133,42.091,40.133,42.091,136,0
20071227,41.995,43.427,41.995,43.427,200,0
20071228,43.809,43.809,43.809,43.809,1,0
20080102,43.904,43.904,43.809,43.809,226,0
20080103,42.949,42.949,41.995,42.949,492,0
20080107,40.42,42.472,40.42,42.472,640,0
20080109,41.422,41.518,41.041,41.518,1204,0
20080110,41.518,41.518,41.518,41.518,744,0
20080111,41.518,41.518,41.518,41.518,92,0
20080115,40.563,41.518,40.563,40.563,118,0
20080116,38.178,38.178,36.746,36.746,367,0
20080117,38.178,38.178,36.268,36.268,242,0
20080118,37.127,37.699,37.127,37.699,8299,0
20080121,37.699,37.699,37.699,37.699,315,0
20080122,37.223,37.223,37.223,37.223,1175,0
20080123,37.223,39.131,37.223,39.131,5421,0
20080124,40.086,40.563,38.655,39.61,7119,0
20080125,39.131,39.61,39.131,39.61,2232,0
20080128,39.61,40.086,39.61,40.086,786,0
20080129,40.553,41.041,40.553,41.041,723,0
20080130,41.032,41.231,41.032,41.184,582,0
20080131,41.518,41.518,39.513,41.041,1579,0
20080201,41.518,41.995,41.518,41.995,1127,0
20080204,42.93,42.949,41.995,41.995,4029,0
20080205,42.472,42.94,41.995,42.94,8133,0
20080206,41.995,42.94,41.995,41.995,1394,0
20080207,42.377,42.377,42.377,42.377,156,0
20080208,42.358,42.377,40.563,41.995,9641,0
20080211,41.985,41.985,41.985,41.985,10,0
20080212,41.231,41.231,41.231,41.231,49,0
20080213,40.086,42.949,40.086,42.949,17078,0
20080214,42.949,43.855,42.949,42.949,3860,0
20080215,42.005,42.94,41.995,42.94,1257,0
20080218,42.091,43.904,41.518,43.894,3125,0
20080219,42.949,43.855,42.853,42.949,2933,0
20080220,43.188,43.236,43.188,43.236,1222,0
20080221,43.875,43.904,43.875,43.904,2403,0
20080222,43.522,44.19,43.522,44.19,28345,0
20080226,43.761,44.066,42.005,43.999,1566,0
20080227,43.122,43.904,43.122,43.904,549,0
20080228,43.799,43.799,42.949,42.949,221,0
20080229,42.005,42.005,41.041,41.041,846,0
20080303,40.182,41.088,40.182,41.088,603,0
20080304,41.041,41.041,40.468,40.468,10740,0
20080307,40.945,41.041,40.086,40.086,977,0
20080310,41.041,41.041,41.041,41.041,10,0
20080311,40.086,40.993,40.086,40.993,1124,0
20080312,40.563,40.563,40.563,40.563,11013,0
20080313,40.563,40.926,40.563,40.926,21,0
20080314,40.563,41.003,40.563,41.003,314,0
20080317,39.704,39.704,39.704,39.704,53,0
20080318,40.086,40.086,40.086,40.086,293,0
20080319,39.151,40.086,38.273,38.273,1084,0
20080320,39.131,39.131,38.178,38.178,215,0
20080325,39.61,39.61,39.6,39.61,136,0
20080326,39.991,39.991,39.61,39.61,54,0
20080327,39.131,39.6,37.223,39.6,2740,0
20080328,40.039,40.039,40.039,40.039,400,0
20080331,40.03,40.03,40.03,40.03,58,0
20080401,40.039,40.039,40.03,40.03,4,0
20080402,39.61,40.03,38.655,39.131,6480,0
20080403,39.131,39.513,38.178,38.178,1714,0
20080404,39.036,39.036,37.699,37.699,220,0
20080407,38.178,38.655,38.178,38.464,4506,0
20080408,37.271,39.131,37.271,39.131,1149,0
20080409,39.131,39.131,38.474,38.474,216,0
20080410,39.131,39.953,38.845,39.896,1784,0
20080411,39.896,39.896,39.61,39.61,471,0
20080414,39.704,39.704,38.178,38.178,2532,0
20080415,39.61,39.61,39.61,39.61,37,0
20080416,39.6,39.6,39.59,39.59,55,0
20080417,39.6,39.61,38.178,38.178,18974,0
20080418,39.113,39.113,38.368,38.368,5762,0
20080421,38.178,38.178,38.178,38.178,392,0
20080422,37.986,38.082,37.223,37.223,505,0
20080423,37.699,37.699,37.699,37.699,471,0
20080424,37.233,37.233,37.233,37.233,73,0
20080425,37.233,37.271,37.233,37.271,104,0
20080428,37.233,37.233,37.233,37.233,83,0
20080429,38.168,38.178,37.605,37.605,16783,0
20080430,37.223,37.223,37.223,37.223,739,0
20080505,37.233,37.233,37.223,37.223,251,0
20080506,37.223,37.223,37.223,37.223,71,0
20080507,37.681,37.681,37.681,37.681,21,0
20080508,37.223,37.223,37.223,37.223,21,0
20080509,37.699,37.699,37.223,37.223,80,0
20080512,36.287,36.287,36.268,36.268,10708,0
20080513,36.268,36.268,36.268,36.268,21,0
20080514,36.841,36.841,36.841,36.841,89,0
20080515,35.791,35.791,35.314,35.314,6705,0
20080516,35.314,35.314,35.314,35.314,10,0
20080519,35.314,35.314,35.314,35.314,290,0
20080520,35.314,35.314,35.314,35.314,25,0
20080521,34.36,34.36,33.882,33.882,5678,0
20080526,33.882,34.169,33.882,33.882,64,0
20080527,33.882,33.882,33.405,33.405,71,0
20080528,34.263,34.263,32.642,34.263,233,0
20080529,34.36,34.36,34.36,34.36,10,0
20080530,34.36,34.36,34.36,34.36,11,0
20080602,33.501,33.501,33.501,33.501,231,0
20080603,32.642,32.642,32.451,32.642,8833,0
20080604,31.973,31.973,30.541,31.973,579,0
20080605,32.451,32.451,32.451,32.451,10,0
20080606,33.31,33.31,33.31,33.31,10,0
20080609,33.74,33.74,32.259,33.691,94,0
20080610,32.259,32.259,32.259,32.259,236,0
20080611,31.878,32.451,30.828,32.451,408,0
20080612,31.02,31.02,31.02,31.02,305,0
20080613,31.02,32.069,31.02,32.069,276,0
20080616,32.451,32.451,32.451,32.451,10,0
20080617,32.451,32.451,31.02,32.451,183,0
20080618,31.02,31.02,31.02,31.02,2349,0
20080619,31.878,31.878,31.878,31.878,236,0
20080620,31.067,31.067,31.067,31.067,246,0
20080623,30.541,31.067,29.034,31.067,5586,0
20080624,32.069,32.546,32.069,32.546,518,0
20080626,34.073,34.073,34.073,34.073,231,0
20080627,34.245,34.245,34.245,34.245,10,0
20080630,34.837,34.837,34.35,34.35,631,0
20080701,33.787,33.787,33.787,33.787,11,0
20080702,34.456,34.456,34.456,34.456,11,0
20080703,34.646,34.646,34.636,34.636,137,0
20080704,34.932,34.932,34.932,34.932,12,0
20080707,34.837,34.837,33.701,33.701,42,0
20080708,34.216,34.263,33.882,33.882,115,0
20080709,34.598,34.598,34.598,34.598,11,0
20080710,34.588,34.598,34.588,34.598,11,0
20080711,33.977,33.977,33.977,33.977,11,0
20080714,34.35,34.36,34.35,34.36,11,0
20080715,33.644,34.35,33.644,34.35,26,0
20080716,34.35,34.36,34.35,34.36,1509,0
20080717,33.405,33.405,33.405,33.405,534,0
20080718,33.405,33.405,33.405,33.405,12,0
20080721,33.405,33.405,33.405,33.405,11,0
20080722,32.451,32.451,29.588,31.773,1471,0
20080723,31.773,31.773,31.773,31.773,11,0
20080724,31.773,31.783,31.773,31.783,11,0
20080725,31.783,31.783,31.783,31.783,11,0
20080728,31.783,31.783,31.783,31.783,11,0
20080729,31.783,31.783,31.783,31.783,11,0
20080730,31.783,31.783,31.783,31.783,11,0
20080731,31.783,31.783,31.783,31.783,11,0
20080801,31.783,31.783,31.783,31.783,11,0
20080804,30.446,31.783,30.446,31.783,136,0
20080805,31.783,31.783,31.783,31.783,11,0
20080806,31.783,31.783,31.783,31.783,11,0
20080807,31.783,31.783,31.783,31.783,11,0
20080808,31.783,31.973,31.783,31.973,273,0
20080811,32.355,32.355,32.355,32.355,11,0
20080812,32.259,32.259,30.828,31.496,1301,0
20080813,30.828,32.355,30.828,32.355,257,0
20080814,32.355,32.355,32.355,32.355,11,0
20080818,32.355,32.355,32.355,32.355,16,0
20080819,31.02,31.02,31.02,31.02,242,0
20080820,31.496,31.496,31.496,31.496,5,0
20080821,30.541,30.541,30.541,30.541,246,0
20080822,30.541,30.541,30.541,30.541,1,0
20080825,29.396,29.396,29.396,29.396,256,0
20080827,29.396,29.874,29.396,29.874,252,0
20080829,29.969,29.969,29.302,29.302,1201,0
20080902,29.588,29.588,29.588,29.588,13,0
20080904,29.588,29.588,29.11,29.588,677,0
20080909,29.588,29.588,29.588,29.588,11,0
20080910,29.588,29.588,29.588,29.588,10,0
20080911,29.588,29.588,29.588,29.588,54,0
20080912,29.588,29.588,29.11,29.11,275,0
20080915,28.251,28.814,27.392,28.814,828,0
20080916,27.946,27.946,27.946,27.946,273,0
20080917,29.015,29.015,28.633,28.633,12,0
20080918,28.633,28.633,28.633,28.633,11,0
20080922,29.349,29.349,29.349,29.349,256,0
20080923,29.922,29.922,29.922,29.922,251,0
20080924,30.065,30.541,29.588,29.588,765,0
20080925,30.541,30.541,29.588,29.588,44,0
20080929,28.919,28.919,28.633,28.633,531,0
20080930,25.866,29.588,25.866,29.588,1352,0
20081001,30.541,30.541,29.588,29.588,356,0
20081002,30.446,30.446,29.062,29.062,26445,0
20081003,30.065,30.065,30.065,30.065,251,0
20081006,28.633,29.492,28.633,28.633,986,0
20081007,28.156,28.537,27.201,28.537,376,0
20081009,28.537,28.537,28.537,28.537,23,0
20081010,28.537,28.537,28.537,28.537,12,0
20081013,28.633,28.633,27.678,27.678,274,0
20081014,29.588,29.588,29.588,29.588,13,0
20081015,28.251,28.251,28.251,28.251,268,0
20081016,28.156,28.156,28.156,28.156,1048,0
20081017,28.156,28.156,28.156,28.156,6,0
20081020,27.678,27.678,27.678,27.678,2096,0
20081021,27.678,27.678,27.678,27.678,6,0
20081022,26.915,27.678,26.438,27.678,572,0
20081023,26.342,26.724,25.387,26.724,655,0
20081024,25.483,26.247,24.529,26.247,912,0
20081027,25.101,26.342,25.101,25.77,1542,0
20081028,26.247,26.247,24.815,24.815,2955,0
20081029,24.815,24.815,24.815,24.815,314,0
20081030,25.76,25.76,25.76,25.76,10,0
20081031,25.75,25.75,25.75,25.75,11,0
20081103,25.75,25.75,25.75,25.75,11,0
20081104,25.76,25.76,25.76,25.76,4,0
20081105,25.76,25.76,25.76,25.76,6,0
20081106,25.76,25.76,25.76,25.76,10,0
20081107,25.77,25.77,25.77,25.77,11,0
20081110,25.15,25.15,25.15,25.15,304,0
20081112,24.529,24.529,24.529,24.529,306,0
20081113,23.956,23.956,23.956,23.956,314,0
20081114,23.383,23.383,23.383,23.383,324,0
20081117,22.716,22.716,22.716,22.716,70,0
20081118,22.716,22.716,22.716,22.716,10,0
20081119,21.714,21.714,21.714,21.714,346,0
20081120,21.714,21.714,21.714,21.714,10,0
20081121,22.144,22.238,22.144,22.238,2,0
20081124,22.238,22.238,22.238,22.238,5,0
20081125,21.951,21.951,21.951,21.951,10,0
20081126,21.379,21.379,21.379,21.379,356,0
20081127,21.856,21.856,21.856,21.856,1,0
20081128,20.902,20.902,20.902,20.902,362,0
20081201,20.426,20.426,20.426,20.426,368,0
20081203,19.661,19.661,18.612,18.612,792,0
20081204,18.134,18.134,18.134,18.134,414,0
20081205,17.752,17.752,17.276,17.276,963,0
20081208,17.657,17.657,17.657,17.657,10,0
20081209,17.18,17.543,17.18,17.543,441,0
20081210,17.657,17.657,17.657,17.657,10,0
20081211,17.657,17.657,17.657,17.657,10,0
20081212,17.562,17.562,17.562,17.562,1,0
20081215,17.657,17.657,17.18,17.18,433,0
20081216,16.703,16.703,16.703,16.703,8,0
20081217,17.18,17.18,17.18,17.18,104,0
20081218,16.894,16.894,16.894,16.894,444,0
20081219,17.17,17.17,16.321,16.894,466,0
20081222,16.511,16.798,16.511,16.798,455,0
20081223,16.416,16.416,16.416,16.416,457,0
20081229,15.844,16.225,15.844,16.225,483,0
20081230,16.225,16.225,16.225,16.225,477,0
20090105,16.703,17.18,16.321,16.321,953,0
20090106,16.13,16.13,15.652,15.844,950,0
20090107,16.216,16.216,15.462,15.844,529,0
20090108,16.225,16.225,16.225,16.225,1,0
20090109,15.988,15.988,15.988,15.988,2,0
20090112,16.034,16.034,16.034,16.034,1,0
20090114,16.321,16.321,14.985,15.509,946,0
20090115,15.748,15.748,15.748,15.748,1,0
20090116,15.795,15.844,15.795,15.844,212,0
20090119,16.034,16.703,15.596,15.605,3742,0
20090121,15.939,15.939,15.939,15.939,1,0
20090122,15.939,15.939,15.748,15.748,62864,0
20090123,15.652,15.652,15.652,15.652,26298,0
20090126,15.272,15.748,15.272,15.748,492,0
20090127,15.366,15.366,15.128,15.366,7928,0
20090128,15.366,15.366,15.366,15.366,5,0
20090130,14.985,14.985,14.985,14.985,503,0
20090202,14.985,14.985,14.985,14.985,2,0
20090203,15.272,15.272,14.985,14.985,2,0
20090204,14.985,14.985,14.507,14.784,520,0
20090205,14.985,14.985,14.985,14.985,1,0
20090206,15.414,15.414,14.698,15.08,514,0
20090209,14.507,14.698,13.982,14.698,522,0
20090217,14.889,14.889,14.889,14.889,508,0
20090218,14.316,15.08,14.316,15.08,524,0
20090219,15.08,15.08,15.08,15.08,488,0
20090223,15.318,15.318,14.889,14.889,996,0
20090224,14.221,14.221,14.221,14.221,210,0
20090225,14.221,14.221,14.221,14.221,528,0
20090302,14.793,14.793,14.793,14.793,4,0
20090303,14.793,14.793,14.793,14.793,3,0
20090305,14.316,14.793,14.316,14.793,524,0
20090306,15.318,15.318,15.318,15.318,1,0
20090309,15.272,15.272,15.272,15.272,39,0
20090310,15.272,15.272,14.793,14.793,56,0
20090311,14.316,14.316,14.221,14.221,1048,0
20090313,15.318,15.318,15.318,15.318,15,0
20090318,14.126,14.126,14.02,14.02,976,0
20090319,13.744,13.744,13.744,13.744,104,0
20090320,13.554,14.097,13.362,13.362,843,0
20090323,13.362,13.84,12.885,13.61,2991,0
20090324,13.61,13.61,13.544,13.544,20,0
20090325,13.544,14.03,13.544,13.6,1032,0
20090326,14.316,14.316,12.885,13.724,1002,0
20090327,13.754,14.306,13.458,14.306,241,0
20090330,13.554,14.078,13.554,14.078,105,0
20090401,13.362,13.362,13.362,13.362,53,0
20090402,13.075,13.525,12.932,13.525,693,0
20090403,14.03,14.193,12.216,14.193,2085,0
20090406,14.193,14.193,13.362,13.744,1867,0
20090407,13.458,13.458,13.458,13.458,5,0
20090408,13.458,13.458,12.598,13.028,382,0
20090409,13.648,13.648,12.789,13.343,1986,0
20090414,13.371,13.84,13.095,13.257,6017,0
20090415,13.343,14.316,13.114,13.458,25198,0
20090416,14.27,14.316,13.648,13.907,12563,0
20090417,13.897,13.897,13.744,13.811,1486,0
20090420,13.6,13.887,13.171,13.554,928,0
20090421,13.773,13.773,13.124,13.448,1442,0
20090422,13.362,13.515,12.485,13.066,4317,0
20090423,13.171,13.362,12.961,13.362,4767,0
20090424,13.362,13.448,13.362,13.448,3835,0
20090427,13.362,13.362,12.885,13.267,1579,0
20090428,13.075,13.124,13.028,13.028,1137,0
20090429,13.075,13.075,12.598,12.885,1775,0
20090430,12.742,12.885,12.713,12.885,1005,0
20090504,13.124,13.295,12.838,13.075,13272,0
20090505,13.124,13.124,12.408,12.856,2779,0
20090506,12.885,12.885,12.646,12.856,4980,0
20090507,12.913,13.085,12.694,12.828,5502,0
20090508,12.885,13.982,12.885,13.744,13733,0
20090511,15.07,17.38,15.07,16.703,98387,0
20090512,16.99,19.47,16.99,17.943,52934,0
20090513,17.61,17.61,16.464,16.931,15342,0
20090514,16.044,16.321,15.795,16.225,13276,0
20090515,16.225,16.598,16.034,16.454,3342,0
20090518,16.674,19.547,16.674,18.355,17278,0
20090519,18.698,18.698,17.562,17.925,2881,0
20090520,17.915,17.925,16.703,16.798,2397,0
20090521,16.779,17.504,16.426,17.504,3144,0
20090522,17.18,17.18,16.426,17.17,1326,0
20090525,17.266,17.343,16.416,16.99,517,0
20090526,16.426,16.426,16.321,16.321,984,0
20090527,16.703,16.712,16.607,16.607,666,0
20090528,16.607,16.655,16.397,16.397,1026,0
20090529,16.416,16.894,16.416,16.703,366,0
20090601,16.798,17.466,16.703,17.466,3110,0
20090602,17.657,17.657,17.008,17.18,3060,0
20090603,17.552,17.639,17.036,17.61,4207,0
20090604,17.848,18.201,17.838,18.134,2848,0
20090605,17.714,18.229,17.59,18.039,2602,0
20090608,17.647,17.647,17.237,17.247,1095,0
20090609,17.218,17.752,17.218,17.752,913,0
20090610,18.039,18.42,18.039,18.42,3745,0
20090612,17.848,18.612,17.752,17.896,1546,0
20090615,18.153,18.153,17.848,17.858,1766,0
20090616,17.562,18.105,17.523,18.105,701,0
20090617,18.229,18.229,18.182,18.182,1054,0
20090618,18.134,18.134,17.466,17.838,3645,0
20090619,18.182,18.182,17.209,18.086,4978,0
20090622,18.316,19.088,18.134,18.994,11783,0
20090623,18.134,18.612,17.752,18.602,803,0
20090624,18.984,18.984,18.659,18.659,754,0
20090625,18.984,18.984,18.612,18.612,68,0
20090626,18.708,18.708,18.229,18.411,1129,0
20090629,18.42,18.42,17.896,17.896,321,0
20090630,17.896,18.278,17.657,17.706,646,0
20090701,17.752,18.182,17.752,18.182,49,0
20090702,18.182,18.182,18.182,18.182,5,0
20090703,18.726,18.736,18.726,18.736,263,0
20090706,18.679,18.679,18.134,18.325,136,0
20090707,18.516,18.516,18.516,18.516,6,0
20090708,18.516,18.516,17.37,18.468,90,0
20090709,18.42,18.42,18.42,18.42,47,0
20090710,18.258,18.258,18.258,18.258,19,0
20090713,18.592,18.592,17.37,17.37,30,0
20090714,17.657,18.516,17.657,18.516,997,0
20090715,18.516,18.564,18.516,18.564,626,0
20090716,18.554,19.337,18.554,19.337,1730,0
20090717,19.337,20.998,19.337,20.806,2932,0
20090720,21.284,21.428,20.053,20.902,891,0
20090721,20.52,20.854,20.043,20.854,2701,0
20090722,20.073,20.902,20.043,20.902,377,0
20090723,20.091,20.806,20.091,20.806,528,0
20090724,20.712,21.379,20.712,20.998,12902,0
20090727,21.379,23.479,21.379,23.479,18182,0
20090728,24.052,25.283,23.852,23.908,4780,0
20090729,23.908,23.956,23.432,23.669,593,0
20090730,25.283,25.283,23.432,23.862,3254,0
20090731,24.748,25.006,24.748,24.911,1116,0
20090803,26.6,26.6,26.219,26.219,75,0
20090804,25.292,26.438,25.292,25.75,1910,0
20090805,25.58,25.58,25.57,25.57,279,0
20090806,24.815,25.521,24.815,24.815,1119,0
20090807,24.815,25.57,24.815,25.57,308,0
20090811,26.705,26.705,25.789,25.96,21107,0
20090812,25.96,26.705,25.779,26.695,381,0
20090813,28.624,28.624,27.678,27.965,115,0
20090814,28.624,28.633,28.624,28.633,127,0
20090817,27.678,28.633,27.678,28.633,359,0
20090818,28.537,28.537,27.058,27.201,2028,0
20090819,29.922,32.241,29.588,30.541,476,0
20090820,30.351,31.401,28.251,31.401,2049,0
20090821,31.02,31.02,28.633,30.446,803,0
20090824,29.396,29.864,28.633,29.864,776,0
20090825,29.835,30.065,29.835,30.065,336,0
20090826,28.633,30.065,28.633,30.065,602,0
20090827,30.541,32.069,30.541,31.02,1007,0
20090828,30.065,30.065,30.065,30.065,78,0
20090831,28.156,28.156,25.387,27.105,11987,0
20090901,27.105,27.678,25.856,27.105,8694,0
20090902,25.866,26.056,25.866,26.056,4576,0
20090903,26.247,26.247,26.247,26.247,3,0
20090904,26.247,26.247,25.436,26.199,386,0
20090907,26.056,26.056,25.302,25.77,11593,0
20090908,24.958,25.77,24.958,25.712,14706,0
20090909,25.006,26.123,25.006,26.123,673,0
20090910,26.008,26.008,24.815,24.815,2506,0
20090911,24.052,25.33,23.862,24.815,6396,0
20090914,24.052,24.424,23.862,24.424,6287,0
20090915,24.72,24.72,23.862,23.862,365,0
20090916,23.002,23.862,23.002,23.862,2634,0
20090917,26.152,26.152,23.756,23.756,43,0
20090918,24.099,24.099,24.061,24.061,12,0
20090921,23.956,23.956,23.956,23.956,556,0
20090922,24.148,24.815,22.62,24.815,3136,0
20090923,24.805,24.805,23.862,24.186,314,0
20090924,24.099,24.099,23.383,23.383,1109,0
20090925,23.383,23.393,22.954,23.002,1058,0
20090928,23.193,23.193,23.193,23.193,5,0
20090929,23.46,23.46,22.906,22.906,2641,0
20090930,22.906,22.992,22.763,22.763,1902,0
20091001,22.754,22.754,21.951,22.067,1933,0
20091002,22.077,22.077,21.103,21.103,1676,0
20091005,21.475,21.475,20.616,20.816,1649,0
20091006,21.188,21.475,20.52,21.369,2307,0
20091007,21.465,21.465,21.369,21.369,387,0
20091008,21.379,21.379,21.379,21.379,42,0
20091009,21.284,22.906,20.998,22.906,670,0
20091012,22.257,22.257,22.257,22.257,80,0
20091013,20.998,21.446,20.998,21.446,3659,0
20091014,20.998,20.998,20.998,20.998,69,0
20091015,21.093,21.093,20.043,20.472,4732,0
20091016,20.101,20.462,19.794,20.462,799,0
20091019,19.852,20.148,19.566,20.043,2810,0
20091020,20.043,20.043,20.043,20.043,268,0
20091021,20.043,20.33,19.47,20.33,277,0
20091022,19.146,20.024,18.994,19.843,1041,0
20091023,19.231,19.231,19.231,19.231,53,0
20091026,19.28,19.518,18.898,19.518,1304,0
20091027,19.414,19.414,19.414,19.414,4,0
20091028,19.27,19.47,19.27,19.47,157,0
20091029,19.566,20.224,19.566,20.224,41,0
20091030,19.489,19.852,19.489,19.852,1403,0
20091102,19.098,19.566,18.994,19.088,1772,0
20091103,19.088,19.088,18.325,19.088,3087,0
20091104,19.088,20.043,19.088,20.043,434,0
20091105,19.424,19.424,18.917,19.088,1216,0
20091106,18.153,19.07,18.144,18.698,2497,0
20091109,18.153,18.42,17.943,18.42,1130,0
20091110,18.458,18.458,17.37,18.411,3791,0
20091112,18.134,18.134,18.134,18.134,3872,0
20091113,18.458,18.458,17.37,17.963,4150,0
20091116,18.42,18.42,16.693,16.894,8578,0
20091117,16.903,17.18,16.894,17.18,1725,0
20091118,17.199,17.199,16.225,16.225,5108,0
20091119,16.235,16.798,15.462,16.054,3570,0
20091120,15.652,15.844,14.746,15.128,4256,0
20091123,15.844,16.416,15.605,16.416,7382,0
20091124,16.703,18.411,16.607,18.134,6699,0
20091125,18.506,18.602,17.943,18.602,4768,0
20091126,18.994,19.47,18.984,19.28,2831,0
20091127,19.27,19.441,19.27,19.441,1023,0
20091130,19.441,20.024,19.441,19.71,12330,0
20091201,19.91,19.91,19.184,19.776,6976,0
20091202,20.043,20.043,19.996,20.024,319,0
20091203,20.215,20.224,20.034,20.215,5463,0
20091204,19.757,20.196,19.757,20.196,3318,0
20091207,20.043,20.138,19.203,20.129,1066,0
20091208,19.566,20.215,19.566,20.215,1544,0
20091209,20.176,20.215,19.566,20.215,991,0
20091210,20.186,20.186,19.661,19.661,713,0
20091211,19.566,20.52,19.566,20.52,2116,0
20091214,21.475,21.856,20.998,21.428,1055,0
20091215,21.475,22.048,20.998,22.048,1988,0
20091216,22.048,22.468,22.048,22.468,758,0
20091217,22.468,23.002,22.468,22.906,1274,0
20091218,22.716,22.906,22,22.83,6203,0
20091221,22.667,22.667,21.475,21.904,2955,0
20091222,21.951,21.951,20.902,20.998,5174,0
20091223,20.998,20.998,20.043,20.988,7806,0
20091228,21.475,21.475,20.52,20.52,956,0
20091229,20.234,20.806,19.022,19.022,8524,0
20091230,19.022,19.261,18.134,18.134,4075,0
20091231,18.182,18.783,18.134,18.134,2964,0
20100104,18.42,18.516,18.42,18.516,516,0
20100105,18.516,18.582,18.42,18.42,1140,0
20100106,18.182,18.42,18.182,18.42,372,0
20100107,18.506,18.516,18.506,18.516,31,0
20100108,18.516,18.516,18.516,18.516,15,0
20100111,18.516,18.516,17.953,18.506,2551,0
20100112,18.134,18.42,18.134,18.42,1064,0
20100113,18.497,18.497,18.497,18.497,523,0
20100114,18.182,18.516,18.182,18.229,1508,0
20100115,18.42,18.42,18.049,18.383,2200,0
20100118,18.211,18.335,18.134,18.325,1877,0
20100119,18.42,18.802,18.401,18.42,618,0
20100120,18.708,20.998,18.708,20.138,1805,0
20100121,20.52,21.647,19.585,21.522,1243,0
20100122,20.52,21.522,20.043,20.998,466,0
20100125,20.043,21.951,20.043,21.951,2915,0
20100126,21.951,22.048,21.933,21.933,900,0
20100127,21.856,22.42,21.57,22.42,1537,0
20100128,22.43,24.624,22.43,24.624,5027,0
20100129,24.529,24.529,24.529,24.529,852,0
20100201,24.624,24.815,23.898,24.595,1230,0
20100202,24.548,24.624,23.908,24.491,541,0
20100203,25.77,25.846,25.292,25.77,2472,0
20100204,25.292,26.342,25.292,26.342,1420,0
20100205,26.247,26.247,25.292,26.152,1576,0
20100208,25.741,26.629,25.741,26.247,1136,0
20100209,26.247,26.286,25.77,26.286,246,0
20100210,26.286,26.286,25.387,26.237,3241,0
20100211,26.247,26.304,25.77,25.77,849,0
20100212,26.313,26.313,25.302,26.247,2695,0
20100215,26.39,26.724,26.39,26.715,1307,0
20100216,27.201,27.678,27.201,27.631,1162,0
20100217,27.678,27.678,27.201,27.392,1061,0
20100218,27.373,27.678,27.373,27.678,1130,0
20100219,27.201,27.678,27.201,27.631,743,0
20100222,27.678,27.678,26.724,26.724,3767,0
20100223,27.201,27.678,26.724,27.678,846,0
20100224,27.86,27.917,27.86,27.917,167,0
20100225,27.917,27.965,27.917,27.965,275,0
20100226,28.05,28.05,27.211,28.041,419,0
20100301,27.678,29.588,27.678,29.588,2536,0
20100302,29.11,29.588,29.11,29.588,1542,0
20100303,30.065,30.541,30.065,30.541,1309,0
20100304,30.541,30.914,29.588,30.904,792,0
20100305,30.886,30.886,30.065,30.065,1345,0
20100308,30.818,30.818,30.065,30.541,607,0
20100309,30.541,30.541,30.351,30.541,114,0
20100310,30.446,30.541,29.598,30.484,960,0
20100311,30.484,30.484,29.139,30.112,2384,0
20100312,30.513,30.513,29.588,29.959,3433,0
20100315,29.588,29.588,29.11,29.588,1041,0
20100316,29.588,29.959,29.11,29.482,5222,0
20100317,30.15,30.15,29.588,29.588,1462,0
20100318,29.588,29.768,29.588,29.768,673,0
20100319,29.588,29.722,29.11,29.11,705,0
20100322,30.637,30.733,30.446,30.446,556,0
20100323,30.541,30.724,30.541,30.541,1301,0
20100324,30.541,30.733,30.541,30.541,667,0
20100325,30.733,30.733,30.065,30.065,3916,0
20100326,30.065,30.886,29.588,30.886,3122,0
20100329,31.01,31.01,29.588,30.541,383,0
20100330,30.541,31.496,29.598,31.496,2427,0
20100331,31.496,33.405,31.496,31.639,5225,0
20100401,31.764,31.764,30.065,30.065,1969,0
20100406,31.114,31.114,29.11,29.11,1163,0
20100407,29.11,32.012,29.11,31.963,11861,0
20100408,31.973,31.973,31.029,31.955,14844,0
20100409,31.955,33.882,31.926,33.882,4712,0
20100412,33.882,33.882,32.918,32.928,11223,0
20100413,32.832,32.908,32.832,32.908,12,0
20100414,32.899,32.899,32.832,32.832,269,0
20100415,32.908,32.908,32.908,32.908,1073,0
20100416,32.908,32.908,30.541,31.496,9879,0
20100419,32.022,32.022,30.541,30.541,917,0
20100420,33.596,33.596,30.541,30.541,640,0
20100421,31.973,31.973,29.635,30.065,677,0
20100422,29.635,31.114,29.588,29.588,1456,0
20100423,30.991,31.162,30.971,30.971,1045,0
20100426,31.486,31.486,31.486,31.486,53,0
20100427,29.702,31.496,29.693,31.486,1456,0
20100428,31.467,31.467,29.598,31.344,1742,0
20100429,31.486,31.486,29.884,31.21,368,0
20100430,31.486,31.486,30.179,30.179,273,0
20100504,32.738,32.832,28.633,30.16,2174,0
20100505,30.541,30.541,28.7,30.541,382,0
20100506,29.778,29.778,29.778,29.778,1054,0
20100507,29.778,29.778,29.778,29.778,16,0
20100510,29.11,30.924,29.11,30.914,244,0
20100512,30.065,30.904,30.065,30.541,372,0
20100513,30.532,30.532,30.446,30.446,8,0
20100514,29.119,30.255,28.633,30.198,1437,0
20100517,30.246,30.246,30.227,30.227,158,0
20100518,30.924,30.924,28.633,30.541,1715,0
20100519,30.541,30.541,29.588,29.588,644,0
20100520,30.532,30.541,29.11,30.541,674,0
20100521,29.588,31.01,29.588,31,624,0
20100524,29.396,31.02,29.396,31.02,660,0
20100525,29.616,31,29.616,31,134,0
20100526,30.991,31,30.991,31,680,0
20100527,30.762,31,30.762,31,287,0
20100528,30.971,31,29.588,30.991,11703,0
20100531,30.991,30.991,30.991,30.991,158,0
20100601,30.991,31,30.991,31,21,0
20100602,29.884,31,29.884,31,790,0
20100607,31,31,31,31,139,0
20100608,31,31,31,31,20,0
20100609,31,31,31,31,15,0
20100610,31,31,31,31,377,0
20100611,31,31,31,31,5,0
20100614,31,31,31,31,171,0
20100615,31,31,31,31,20,0
20100616,31,31,31,31,30,0
20100617,31,31,29.588,29.588,9116,0
20100618,30.991,30.991,29.588,29.588,446,0
20100621,30.991,31,29.778,31,374,0
20100622,31,31,31,31,193,0
20100623,31,31,31,31,41,0
20100624,30.924,31,30.924,31,158,0
20100625,31,31,31,31,20,0
20100628,29.501,31.553,29.501,31.553,899,0
20100629,31.496,31.506,31.496,31.506,328,0
20100630,31.249,31.508,31.249,31.508,157,0
20100701,30.541,30.541,30.541,30.541,5,0
20100702,31.506,31.506,31.02,31.02,577,0
20100705,31.02,31.02,29.588,30.752,1124,0
20100706,31.048,31.048,31.048,31.048,6,0
20100707,30.991,30.991,29.598,30.866,701,0
20100708,31.057,31.057,30.541,30.541,164,0
20100709,29.693,30.914,29.693,30.809,2312,0
20100712,29.616,30.541,29.616,30.541,2333,0
20100713,29.616,31,28.823,29.11,15315,0
20100714,29.588,30.046,29.11,29.11,3461,0
20100715,30.008,30.018,28.251,29.196,2501,0
20100716,28.261,29.302,28.261,29.11,592,0
20100719,28.9,28.91,28.156,28.156,1286,0
20100720,28.633,29.148,27.784,27.784,693,0
20100721,28.633,28.633,28.633,28.633,1048,0
20100722,28.013,28.633,28.013,28.633,967,0
20100723,28.156,28.156,28.156,28.156,58,0
20100726,28.814,28.814,28.633,28.633,1144,0
20100727,27.88,28.853,27.784,27.793,1534,0
20100728,27.793,28.595,27.793,28.595,916,0
20100730,28.528,28.537,28.528,28.537,1048,0
20100802,28.537,28.537,27.717,27.717,251,0
20100803,28.624,28.633,28.624,28.633,629,0
20100804,28.604,28.604,27.917,27.917,420,0
20100805,28.595,28.614,28.595,28.614,377,0
20100806,28.814,31.401,28.814,30.541,3300,0
20100809,30.541,31.02,28.882,31.01,1089,0
20100810,30.914,30.914,30.914,30.914,8,0
20100811,31,31,30.961,30.961,32,0
20100812,30.953,30.961,30.953,30.961,37,0
20100813,30.924,30.924,30.255,30.255,18,0
20100816,29.158,31.02,29.158,30.828,4223,0
20100817,29.645,30.541,29.645,30.255,1084,0
20100818,30.351,30.541,30.351,30.541,39,0
20100819,29.645,31.496,29.645,31.21,1873,0
20100820,30.541,31.257,30.541,30.541,1101,0
20100823,30.075,31.973,30.075,30.733,1450,0
20100824,31.677,31.677,29.11,29.11,7828,0
20100825,29.11,29.588,29.11,29.578,1257,0
20100826,28.643,29.588,28.643,29.588,684,0
20100827,29.588,29.588,29.11,29.11,411,0
20100830,29.578,29.588,29.578,29.588,46,0
20100831,29.635,31.01,29.635,30.541,1860,0
20100901,29.749,30.541,29.568,29.568,1127,0
20100902,30.628,30.628,30.541,30.541,9451,0
20100903,30.437,30.437,30.38,30.38,31,0
20100906,30.437,31.02,30.437,31.02,641,0
20100907,31.401,31.401,30.541,31.01,1172,0
20100908,30.914,30.914,30.914,30.914,85,0
20100909,30.828,30.828,30.446,30.541,733,0
20100910,29.931,31.496,29.931,31.401,3753,0
20100913,31.973,31.973,31.687,31.687,26452,0
20100914,31.973,33.405,31.973,31.973,1885,0
20100915,32.832,33.882,31.496,32.346,3569,0
20100916,32.565,32.565,32.442,32.442,265,0
20100917,32.442,32.451,32.442,32.451,236,0
20100920,32.355,32.451,32.355,32.451,141,0
20100921,31.096,32.451,31.096,32.451,696,0
20100922,32.355,32.451,32.355,32.451,1260,0
20100923,32.355,32.451,32.355,32.451,723,0
20100924,32.442,32.451,31.02,31.02,6971,0
20100927,31.592,32.442,31.401,31.973,1312,0
20100928,31.963,31.973,30.351,30.351,13046,0
20100929,31.324,31.324,29.588,29.825,1750,0
20100930,29.825,29.998,29.588,29.588,9721,0
20101001,30.494,30.494,29.588,29.588,1239,0
20101004,30.541,30.971,30.541,30.971,897,0
20101005,30.541,30.541,30.16,30.541,604,0
20101006,31.01,33.405,30.551,31.486,7097,0
20101007,31.496,33.405,31.496,32.928,4076,0
20101008,32.928,33.405,32.451,32.785,2058,0
20101011,32.928,33.768,32.451,32.451,1561,0
20101012,33.405,33.405,33.405,33.405,10,0
20101013,32.069,36.65,32.069,36.65,1482,0
20101014,37.605,37.605,35.038,35.038,607,0
20101015,36.937,37.509,36.937,37.509,2087,0
20101018,37.127,38.082,37.127,38.082,1839,0
20101019,38.082,38.178,37.223,38.072,776,0
20101020,37.986,37.986,36.488,37.699,819,0
20101021,38.082,38.082,37.509,37.509,453,0
20101022,37.977,37.977,36.268,36.268,4181,0
20101025,36.268,37.729,35.314,36.736,1614,0
20101026,37.032,37.605,33.873,33.873,4012,0
20101027,35.399,35.409,31.993,31.993,2575,0
20101028,32.451,33.281,32.451,33.281,1350,0
20101029,33.211,33.211,32.895,32.895,1827,0
20101102,34.837,34.837,34.35,34.684,5753,0
20101103,34.732,34.732,34.636,34.636,67,0
20101104,34.78,34.78,34.722,34.722,850,0
20101105,34.742,34.742,34.722,34.722,115,0
20101108,34.837,34.837,34.837,34.837,14,0
20101109,34.646,34.837,34.646,34.837,1515,0
20101110,34.837,34.837,34.693,34.693,2347,0
20101112,34.837,38.149,33.701,38.149,990,0
20101115,37.699,37.699,36.268,36.268,470,0
20101116,36.078,36.268,36.078,36.268,367,0
20101117,35.695,37.223,35.695,37.223,785,0
20101118,36.268,37.699,36.268,37.223,936,0
20101119,37.176,37.176,34.665,34.789,1854,0
20101122,34.789,34.789,32.612,32.612,4330,0
20101123,32.651,34.254,32.451,33.3,7194,0
20101124,32.451,33.3,32.183,32.422,14878,0
20101125,32.422,32.422,32.069,32.375,1787,0
20101126,32.442,32.442,31.973,32.442,2877,0
20101129,32.098,32.442,31.496,31.868,5127,0
20101130,31.496,32.318,31.496,31.868,1621,0
20101201,31.496,32.192,31.02,31.687,5899,0
20101202,32.422,32.422,30.342,30.351,1622,0
20101203,31.257,31.257,29.492,29.588,2424,0
20101206,29.588,29.588,28.156,28.633,7537,0
20101207,28.633,28.633,28.432,28.432,42018,0
20101208,29.778,29.778,28.156,28.423,2494,0
20101209,28.156,28.3,27.678,28.156,1663,0
20101210,28.156,28.318,27.745,28.204,1929,0
20101213,28.213,28.213,27.678,28.156,801,0
20101214,28.394,28.394,28.06,28.146,733,0
20101215,28.156,28.156,27.678,28.146,787,0
20101216,28.127,28.137,27.678,28.137,1389,0
20101217,28.137,28.137,27.584,28.137,253,0
20101220,28.137,28.146,28.137,28.137,682,0
20101221,28.156,28.156,27.602,28.089,687,0
20101222,27.687,28.004,26.772,27.965,2010,0
20101223,26.724,27.831,26.724,27.669,646,0
20101227,27.745,27.745,27.669,27.678,671,0
20101228,27.678,28.127,27.678,28.127,2112,0
20101229,28.158,28.158,27.679,27.688,5071,0
20101230,28.081,28.081,28.024,28.024,306,0
20101231,27.679,28.062,26.732,27.584,1489,0
20110103,28.432,28.432,26.724,27.793,493,0
20110104,27.678,27.678,27.201,27.669,215,0
20110105,27.669,27.669,27.669,27.669,30,0
20110107,27.66,27.66,27.641,27.641,367,0
20110110,26.829,27.66,26.829,27.66,309,0
20110111,27.105,27.612,26.819,27.612,29397,0
20110112,27.66,27.66,26.982,27.66,368,0
20110113,28.013,28.013,27.488,28.004,572,0
20110114,26.752,28.624,26.743,28.442,22381,0
20110117,28.241,28.986,27.87,28.986,730,0
20110118,29.492,29.492,29.025,29.396,148,0
20110119,27.087,31.496,27.087,30.351,2262,0
20110120,30.541,30.541,29.025,30.255,259,0
20110121,31.267,32.928,30.112,32.738,823,0
20110124,32.908,32.908,31.973,32.738,510,0
20110125,31.306,32.738,31.21,32.728,859,0
20110126,31.973,31.973,31.496,31.687,482,0
20110127,31.496,31.496,30.551,31.267,331,0
20110128,31.677,31.687,29.598,31.02,1005,0
20110131,30.971,31,29.631,31,621,0
20110201,31,31.02,29.835,31.02,686,0
20110202,31.02,32.355,31.02,31.496,702,0
20110203,31.496,32.259,30.551,32.259,695,0
20110204,32.259,32.259,32.259,32.259,529,0
20110207,32.738,32.738,31.506,31.602,744,0
20110208,32.451,32.451,32.355,32.355,130,0
20110209,32.442,32.451,32.442,32.451,78,0
20110210,32.451,32.451,31.973,31.973,122,0
20110211,32.451,33.119,31.515,31.62,2163,0
20110214,33.109,33.119,31.659,33.109,335,0
20110215,32.451,33.214,32.451,33.214,517,0
20110216,33.214,33.214,32.517,32.546,187,0
20110217,33.204,33.787,32.546,33.787,667,0
20110218,32.488,33.501,32.488,32.527,1031,0
20110221,33.405,33.405,33.405,33.405,210,0
20110222,33.31,33.31,33.31,33.31,14,0
20110223,33.405,33.405,32.498,33.405,271,0
20110224,33.395,33.395,32.461,33.367,542,0
20110225,33.395,33.395,32.575,33.338,99,0
20110228,32.474,33.402,32.455,32.455,1084,0
20110301,33.787,35.314,33.787,35.314,1513,0
20110302,35.314,35.409,34.379,34.465,799,0
20110303,35.304,35.409,35.304,35.409,231,0
20110304,35.409,35.409,32.832,32.832,65171,0
20110307,35.152,35.152,33.882,33.882,595,0
20110308,34.827,34.837,34.36,34.36,460,0
20110309,33.987,36.211,33.987,36.211,6425,0
20110310,35.314,36.268,35.314,36.174,1797,0
20110311,35.505,36.078,35.505,36.078,200,0
20110314,35.314,36.174,35.314,35.324,522,0
20110315,35.314,36.174,35.314,36.125,1432,0
20110316,36.078,36.125,35.333,36.125,595,0
20110317,36.169,36.169,34.838,34.838,1273,0
20110318,35.314,35.314,34.837,34.837,1238,0
20110321,35.734,35.734,34.837,34.837,660,0
20110322,35.314,35.314,35.314,35.314,104,0
20110323,35.638,35.667,35.314,35.667,330,0
20110324,35.648,35.648,35.314,35.314,555,0
20110325,35.648,35.648,34.837,35.123,937,0
20110328,35.458,35.458,34.837,35.314,918,0
20110329,35.314,35.314,34.856,34.856,471,0
20110330,35.314,35.314,35.314,35.314,242,0
20110331,35.317,35.795,35.317,35.795,5229,0
20110401,35.324,36.221,35.314,35.553,456,0
20110404,35.543,35.553,35.543,35.553,241,0
20110405,35.553,35.695,35.314,35.695,354,0
20110406,35.686,35.686,34.894,34.894,336,0
20110407,35.314,35.314,34.837,34.837,1065,0
20110408,35.486,35.486,35.314,35.486,229,0
20110411,35.677,35.677,34.847,35.667,371,0
20110412,35.314,35.581,35.314,35.572,1075,0
20110413,35.314,35.314,35.314,35.314,104,0
20110414,35.314,35.314,35.314,35.314,110,0
20110415,35.314,35.314,35.314,35.314,210,0
20110418,35.314,35.534,34.847,34.847,443,0
20110420,35.314,35.314,35.314,35.314,162,0
20110421,34.876,35.476,34.876,35.476,66,0
20110426,34.866,35.458,34.866,35.458,173,0
20110427,34.876,35.429,34.876,35.429,596,0
20110428,34.894,35.429,34.894,35.429,173,0
20110429,35.422,35.422,34.934,34.934,288,0
20110502,35.391,35.391,34.847,35.304,84,0
20110504,34.847,35.209,34.837,35.209,467,0
20110505,35.211,35.211,35.125,35.125,23,0
20110506,35.123,35.237,35.123,35.237,26,0
20110509,34.847,34.847,34.847,34.847,219,0
20110510,34.885,34.885,34.827,34.827,252,0
20110511,34.828,34.828,34.513,34.513,204,0
20110513,34.789,35.304,34.579,34.579,215,0
20110516,34.588,35.266,34.588,35.266,487,0
20110517,35.266,35.266,35.266,35.266,19,0
20110518,34.626,35.266,34.55,35.266,18,0
20110519,34.579,34.742,34.36,34.742,339,0
20110520,34.36,35.107,34.36,35.107,59,0
20110523,35.009,35.009,35.009,35.009,15,0
20110524,34.912,34.912,34.912,34.912,15,0
20110525,34.912,34.951,34.912,34.951,31,0
20110526,34.36,34.36,34.36,34.36,129,0
20110527,34.828,34.828,34.733,34.733,13,0
20110530,34.722,34.722,34.36,34.36,119,0
20110531,34.81,35.03,34.36,34.36,4006,0
20110601,34.36,35.018,34.36,34.837,214,0
20110602,34.646,34.646,33.892,33.892,156,0
20110603,34.36,34.36,33.881,33.881,832,0
20110606,34.369,35.221,34.369,34.934,76,0
20110607,34.36,34.36,34.36,34.36,104,0
20110608,34.819,34.819,34.36,34.36,210,0
20110609,34.36,34.369,34.36,34.36,172,0
20110610,35.164,35.164,34.36,34.647,100,0
20110613,34.36,34.36,33.881,34.36,128,0
20110614,36.8,36.8,35.202,35.202,23,0
20110615,35.115,35.402,34.168,35.402,471,0
20110616,35.402,35.402,34.456,34.456,397,0
20110617,35.384,35.384,35.384,35.384,63,0
20110620,35.307,35.307,34.456,34.456,157,0
20110621,34.456,34.819,34.015,34.819,180,0
20110622,34.484,36.13,34.484,36.13,705,0
20110624,35.756,36.082,35.412,36.082,447,0
20110627,34.838,35.986,34.838,35.699,646,0
20110628,35.977,35.977,34.896,35.498,286,0
20110629,35.412,35.412,34.934,34.934,207,0
20110630,35.766,35.766,35.537,35.537,88,0
20110701,35.537,35.537,35.508,35.508,390,0
20110704,35.498,35.498,34.877,34.877,167,0
20110705,35.412,35.412,35.221,35.221,330,0
20110706,35.461,35.461,35.461,35.461,68,0
20110707,35.402,35.402,35.402,35.402,63,0
20110708,35.461,35.461,34.934,34.934,121,0
20110711,35.402,35.402,35.164,35.164,63,0
20110712,35.164,35.164,34.456,34.456,543,0
20110713,34.924,34.924,34.474,34.551,238,0
20110714,35.164,35.164,35.164,35.164,126,0
20110715,35.164,35.164,35.164,35.164,63,0
20110718,35.164,35.164,33.976,33.976,442,0
20110719,34.456,35.164,34.456,35.125,443,0
20110720,35.03,35.03,35.03,35.03,313,0
20110721,35.125,35.125,35.125,35.125,116,0
20110722,35.125,35.125,35.125,35.125,177,0
20110725,35.125,35.125,35.125,35.125,104,0
20110726,35.125,35.125,34.465,34.465,137,0
20110727,35.115,35.115,34.465,34.465,127,0
20110728,34.465,35.412,34.456,34.456,1142,0
20110729,34.56,35.604,34.56,35.604,1823,0
20110801,34.57,34.57,34.57,34.57,44,0
20110802,34.57,34.57,34.57,34.57,19,0
20110803,34.56,34.56,33.498,33.498,575,0
20110804,33.498,33.498,32.196,33.498,124,0
20110805,33.469,33.469,31.728,32.513,558,0
20110808,32.541,32.541,32.062,32.072,872,0
20110809,32.062,32.062,29.67,29.67,2905,0
20110810,32.55,32.589,31.105,31.105,1126,0
20110811,32.646,33.498,32.646,33.498,446,0
20110812,35.604,35.604,35.604,35.604,330,0
20110816,35.604,35.604,35.412,35.412,220,0
20110817,35.604,35.604,35.604,35.604,209,0
20110818,35.604,35.604,33.976,34.072,683,0
20110819,34.934,35.604,33.976,33.976,971,0
20110822,35.498,35.508,33.976,33.976,621,0
20110823,34.456,34.456,33.498,33.498,523,0
20110824,34.456,34.456,34.216,34.216,1342,0
20110825,34.456,34.456,33.976,33.976,112,0
20110826,35.498,35.498,34.456,34.456,2081,0
20110829,35.461,35.461,35.365,35.365,143,0
20110830,34.934,34.934,33.976,34.934,785,0
20110831,34.934,34.934,34.456,34.934,225,0
20110901,34.456,35.891,34.456,34.465,3289,0
20110902,35.115,35.115,33.594,34.369,5867,0
20110905,34.456,34.456,33.498,33.976,592,0
20110906,34.456,34.456,33.498,34.263,5484,0
20110907,34.293,34.293,33.976,33.976,313,0
20110908,34.293,34.293,33.498,33.498,679,0
20110909,34.838,34.838,34.838,34.838,126,0
20110912,34.082,34.082,32.446,33.498,11404,0
20110913,34.063,34.063,33.02,33.02,209,0
20110914,34.35,34.36,33.02,33.02,1003,0
20110915,34.263,34.263,32.541,33.201,2012,0
20110916,33.996,34.005,32.541,32.589,1457,0
20110919,34.235,34.235,32.541,33.402,3056,0
20110920,33.498,33.976,31.584,33.221,3750,0
20110921,33.967,33.967,31.584,32.943,5082,0
20110922,33.297,33.297,31.584,31.584,6383,0
20110923,34.35,36.37,31.584,31.584,21096,0
20110926,31.584,33.384,30.799,31.478,6843,0
20110927,32.446,34.456,31.478,31.584,14586,0
20110928,32.522,32.522,30.627,30.627,2919,0
20110929,31.852,33.02,30.636,30.723,5932,0
20110930,33.785,37.135,28.713,30.196,144710,0
20111003,29.861,29.861,29.813,29.813,29,0
20111004,29.871,29.871,29.871,29.871,175,0
20111005,29.881,30.751,29.881,30.617,581,0
20111006,30.617,31.249,30.617,31.249,218,0
20111007,31.048,31.048,30.149,30.857,104,0
20111010,30.857,30.857,30.857,30.857,209,0
20111011,30.607,30.617,30.607,30.617,47,0
20111012,30.617,31.345,30.617,31.335,749,0
20111013,31.077,31.077,31.057,31.057,30,0
20111014,31.057,31.067,31.057,31.067,11,0
20111017,30.627,31.105,30.627,31.105,112,0
20111018,30.627,31.191,30.627,31.191,546,0
20111019,31.728,31.728,31.728,31.728,2,0
20111020,31.728,32.493,31.728,31.728,78,0
20111021,31.345,31.345,31.345,31.345,4,0
20111024,31.728,34.446,31.728,34.446,275,0
20111025,31.737,33.498,30.627,30.627,1127,0
20111026,31.584,32.541,30.818,31.087,386,0
20111027,31.555,32.015,30.627,31.909,1182,0
20111028,32.32,32.32,30.799,32.32,637,0
20111031,31.105,32.312,31.105,32.312,315,0
20111102,30.627,30.627,30.627,30.627,32,0
20111104,31.153,31.153,31.144,31.144,22,0
20111108,31.048,31.057,31.048,31.048,79,0
20111109,31.038,31.134,30.206,30.206,170,0
20111110,31.134,31.144,30.149,30.149,204,0
20111114,30.149,31.038,30.149,31.038,167,0
20111115,30.886,30.886,30.886,30.886,5,0
20111116,30.886,30.886,30.627,30.627,57,0
20111117,30.244,30.244,30.149,30.149,162,0
20111118,29.679,29.679,29.679,29.679,104,0
20111121,29.191,29.191,29.191,29.191,104,0
20111122,30.062,30.062,29.986,29.986,20,0
20111123,30.052,30.062,30.052,30.062,20,0
20111124,30.072,30.072,28.713,29.181,530,0
20111125,28.656,29.181,28.235,29.172,497,0
20111128,27.995,29.163,27.995,28.656,633,0
20111129,28.656,28.656,28.607,28.607,72,0
20111130,27.995,28.684,27.995,28.684,73,0
20111201,28.684,29.096,27.755,27.755,679,0
20111202,28.406,28.406,28.387,28.387,6,0
20111205,28.359,28.359,28.359,28.359,3,0
20111206,27.995,27.995,27.947,27.947,279,0
20111207,27.373,27.373,27.277,27.277,58,0
20111208,27.325,27.325,25.841,25.937,1144,0
20111209,26.607,28.109,24.884,24.884,1061,0
20111212,24.884,24.884,23.448,23.928,10973,0
20111213,22.97,22.97,22.396,22.798,1101,0
20111214,25.822,25.822,21.534,22.004,395,0
20111215,21.056,21.056,20.578,21.056,3845,0
20111216,20.099,20.099,19.62,20.099,1883,0
20111219,19.142,19.142,18.663,19.075,806,0
20111220,19.075,19.075,19.075,19.075,146,0
20111221,19.113,19.142,18.185,18.185,732,0
20111222,19.142,19.142,17.707,19.142,3613,0
20111223,20.089,20.089,20.079,20.089,276,0
20111227,20.214,20.214,19.142,20.214,2527,0
20111228,20.214,20.214,20.214,20.214,55,0
20111229,19.19,20.96,19.19,20.96,97,0
20111230,21.725,21.918,21.725,21.918,108,0
20120102,24.023,24.023,23.688,23.688,65,0
20120103,23.688,23.688,23.631,23.631,8,0
20120104,23.525,23.525,23.525,23.525,5,0
20120105,21.534,23.43,21.534,23.43,27,0
20120109,22.923,23.631,22.73,22.73,59,0
20120110,21.822,21.822,21.822,21.822,77,0
20120111,22.291,22.291,22.013,22.099,26,0
20120112,22.013,22.013,22.013,22.013,108,0
20120113,20.099,22.004,20.099,22.004,13,0
20120116,22.004,22.004,22.004,22.004,3,0
20120117,20.865,21.908,20.865,21.908,336,0
20120118,22.013,23.353,22.013,23.353,31671,0
20120119,22.492,23.257,21.534,23.257,280,0
20120120,22.923,22.923,21.582,22.923,317,0
20120123,22.645,22.865,22.645,22.865,8,0
20120125,22.807,22.807,22.807,22.807,7,0
20120126,21.171,22.75,20.578,22.578,413,0
20120127,22.482,22.482,22.482,22.482,19,0
20120131,22.578,22.578,21.869,21.869,164,0
20120201,21.879,22.233,21.869,22.233,11011,0
20120202,22.109,22.539,22.109,22.539,21111,0
20120203,22.578,23.64,22.492,23.2,1336,0
20120206,24.884,24.884,23.812,23.937,15738,0
20120207,25.363,25.363,24.071,24.502,1243,0
20120208,23.841,26.176,22.309,26.176,1910,0
20120209,25.841,25.841,24.252,25.535,692,0
20120210,25.354,25.354,23.928,24.874,193,0
20120213,24.128,24.128,24.128,24.128,11,0
20120214,25.641,25.641,24.119,24.119,396,0
20120215,25.583,25.65,25.583,25.65,347,0
20120216,24.884,24.884,24.884,24.884,103,0
20120217,25.65,25.65,24.148,25.076,180,0
20120220,25.65,25.65,25.277,25.277,471,0
20120221,25.287,25.65,25.287,25.65,1555,0
20120222,25.277,25.287,25.277,25.277,667,0
20120223,25.631,25.745,25.363,25.745,1599,0
20120224,25.745,25.745,25.076,25.076,196,0
20120227,24.884,24.884,24.884,24.884,1608,0
20120228,24.703,24.74,24.31,24.31,1449,0
20120229,24.119,24.874,22.779,24.874,3837,0
20120301,22.606,24.866,22.396,24.406,3827,0
20120302,24.406,24.779,24.406,24.779,318,0
20120306,24.664,24.664,24.166,24.166,12,0
20120307,24.492,24.492,24.492,24.492,7,0
20120309,24.492,24.492,24.492,24.492,3,0
20120312,24.492,24.492,24.492,24.492,3,0
20120313,23.928,23.928,23.928,23.928,15,0
20120314,23.928,23.928,22.836,23.353,163,0
20120315,22.807,23.802,22.3,22.3,2221,0
20120316,22.443,22.443,22.013,22.013,2856,0
20120319,20.099,21.63,20.099,21.534,3409,0
20120321,23.104,23.104,22.769,22.779,144,0
20120322,22.874,22.923,22.874,22.923,1044,0
20120323,22.923,22.923,22.923,22.923,941,0
20120326,23.448,23.918,22.97,22.97,12407,0
20120327,22.492,22.492,22.492,22.492,18,0
20120328,23.908,23.908,23.908,23.908,7,0
20120329,23.889,23.898,23.889,23.898,49,0
20120330,23.898,23.898,23.898,23.898,620,0
20120402,22.98,23.841,22.97,22.97,1001,0
20120403,22.97,22.97,22.492,22.492,314,0
20120404,22.492,22.492,22.492,22.492,5,0
20120405,23.094,23.094,23.094,23.094,5,0
20120410,23.094,23.094,23.094,23.094,2,0
20120411,23.094,23.094,23.094,23.094,2,0
20120412,21.123,22.673,21.123,22.673,53,0
20120413,23.515,23.515,23.44,23.44,15,0
20120416,23.43,23.43,23.43,23.43,28,0
20120417,23.43,23.43,21.64,23.353,1353,0
20120419,23.143,23.143,23.143,23.143,104,0
20120420,23.391,23.391,23.114,23.114,5,0
20120423,23.104,23.104,22.013,22.013,203,0
20120424,21.056,21.64,21.056,21.64,247,0
20120425,19.487,20.769,19.487,20.769,250,0
20120427,21.946,21.946,21.946,21.946,1,0
20120430,19.754,21.525,19.754,21.525,237,0
20120502,22.492,22.492,22.492,22.492,104,0
20120504,22.492,22.492,22.492,22.492,21,0
20120507,21.267,22.492,21.267,22.492,136,0
20120510,21.076,22.97,21.076,22.97,178,0
20120511,24.31,24.31,24.31,24.31,53,0
20120514,22.52,22.874,21.965,22.874,731,0
20120515,23.41,23.41,23.41,23.41,1044,0
20120516,23.42,23.42,23.372,23.372,382,0
20120517,23.344,23.344,23.344,23.344,16,0
20120518,23.353,23.678,23.353,23.678,175,0
20120521,23.879,23.879,23.861,23.861,3,0
20120522,23.831,23.831,22.492,22.492,139415,0
20120523,22.52,23.918,22.52,23.918,590,0
20120524,22.587,23.448,22.587,23.448,145,0
20120525,23.448,24.215,23.448,24.215,638,0
20120529,24.215,24.215,24.215,24.215,14,0
20120530,24.166,24.166,24.166,24.166,7,0
20120531,24.119,24.119,24.119,24.119,25,0
20120601,24.119,24.166,24.119,24.166,161,0
20120604,24.166,24.166,24.166,24.166,7,0
20120605,22.606,24.023,22.606,24.014,946,0
20120608,23.928,23.928,23.928,23.928,2,0
20120611,22.97,22.97,22.97,22.97,5,0
20120612,23.928,23.928,23.928,23.928,15,0
20120613,23.928,23.928,23.928,23.928,7,0
20120614,23.928,23.928,23.928,23.928,5,0
20120615,23.928,23.928,23.928,23.928,7,0
20120619,23.784,23.784,23.784,23.784,7,0
20120622,23.64,25.363,23.64,25.363,49330,0
20120625,25.363,25.363,25.363,25.363,7,0
20120627,24.884,25.363,24.884,25.363,20900,0
20120628,25.688,25.841,25.688,25.841,198,0
20120629,26.396,26.396,26.396,26.396,177,0
20120702,26.703,26.799,26.703,26.799,42392,0
20120703,26.32,29.478,26.32,29.478,914,0
20120704,28.741,28.741,28.741,28.741,64,0
20120705,31.565,31.565,31.565,31.565,31,0
20120706,28.837,28.837,28.713,28.809,1259,0
20120709,28.713,30.617,28.713,30.617,1082,0
20120710,29.67,30.436,29.67,30.129,840,0
20120711,29.67,29.67,29.67,29.67,486,0
20120713,29.565,29.565,29.565,29.565,4,0
20120716,29.67,29.67,28.904,28.904,3615,0
20120717,28.235,28.235,28.235,28.235,262,0
20120719,27.373,27.373,27.277,27.277,386,0
20120724,29.651,29.651,29.651,29.651,1,0
20120726,28.445,28.445,28.445,28.445,15,0
20120727,27.765,27.765,27.755,27.755,104,0
20120731,28.129,28.129,28.129,28.129,7,0
20120801,28.109,28.109,28.109,28.109,7,0
20120803,26.033,26.033,26.033,26.033,58,0
20120806,26.799,26.799,26.799,26.799,10448,0
20120813,27.746,27.746,25.363,25.458,72,0
20120820,27.746,27.746,27.746,27.746,5,0
20120821,28.684,28.684,28.684,28.684,2,0
20120822,28.215,28.215,28.215,28.215,4,0
20120823,28.176,28.176,28.176,28.176,2,0
20120824,28.674,28.713,28.589,28.713,2342,0
20120828,27.765,27.765,27.765,27.765,2,0
20120829,27.765,27.765,27.765,27.765,67,0
20120830,28.674,28.674,27.755,28.607,15678,0
20120831,27.755,27.755,27.755,27.755,126,0
20120903,28.416,28.416,28.416,28.416,4,0
20120904,28.674,28.674,28.656,28.656,127,0
20120905,27.382,28.607,27.382,28.607,177,0
20120906,28.656,28.656,28.597,28.646,529,0
20120907,28.684,28.684,28.684,28.684,315,0
20120910,29.67,29.67,29.67,29.67,77,0
20120911,28.139,29.67,28.139,29.67,126,0
20120912,29.191,30.149,29.191,29.67,7841,0
20120913,28.741,28.741,28.741,28.741,5,0
20120914,30.149,30.149,30.149,30.149,78,0
20120917,29.105,29.144,29.105,29.144,47,0
20120918,29.201,29.201,29.191,29.191,262,0
20120919,29.622,29.622,29.622,29.622,2,0
20120920,29.191,29.191,29.191,29.191,60,0
20120924,29.661,29.661,29.661,29.661,1,0
20120925,29.468,29.468,29.468,29.468,4,0
20120926,29.661,29.661,29.661,29.661,4,0
20120927,28.062,29.661,28.062,29.661,127,0
20120928,29.661,29.661,29.661,29.661,3,0
20121002,29.478,29.67,29.478,29.67,1716,0
20121003,29.67,29.67,29.67,29.67,438,0
20121005,29.565,29.67,29.565,29.67,2018,0
20121008,29.67,29.67,29.67,29.67,5,0
20121010,29.574,29.574,29.574,29.574,15,0
20121011,29.287,29.287,29.287,29.287,2820,0
20121012,29.661,29.661,29.661,29.661,39,0
20121015,28.072,28.072,28.072,28.072,4,0
20121016,29.67,29.718,29.67,29.718,1629,0
20121018,29.602,29.67,29.602,29.67,104,0
20121019,28.31,28.31,28.31,28.31,83,0
20121022,28.713,28.713,28.33,28.33,324,0
20121023,28.943,31.077,28.339,30.914,2452,0
20121024,31.087,31.087,30.579,30.627,1359,0
20121026,30.627,30.627,30.627,30.627,108,0
20121029,31.057,32.541,30.627,31.795,3564,0
20121030,31.584,31.795,31.584,31.584,10929,0
20121031,32.35,32.541,32.062,32.062,199981,0
20121102,31.679,32.541,31.679,32.541,104744,0
20121105,32.541,32.541,32.062,32.397,828743,0
20121106,32.446,32.446,32.062,32.446,9446,0
20121107,32.446,32.446,32.072,32.082,1613,0
20121108,32.062,32.254,32.062,32.254,3529,0
20121109,32.254,32.254,32.072,32.254,1017,0
20121112,31.584,32.072,31.584,32.072,3232,0
20121113,32.541,32.541,32.541,32.541,2090,0
20121114,32.541,33.881,32.541,33.881,80351,0
20121115,33.02,35.221,33.02,34.934,2305,0
20121116,31.105,33.976,31.105,32.158,9567,0
20121119,33.451,33.451,32.062,32.062,932,0
20121120,32.991,34.35,32.991,34.35,68,0
20121121,33.967,33.967,33.967,33.967,4,0
20121122,33.498,34.36,33.498,34.312,31225,0
20121123,32.56,33.498,32.55,33.498,417,0
20121126,34.312,34.312,33.211,33.211,1737,0
20121127,33.134,33.498,32.828,32.924,243,0
20121128,32.828,32.828,32.541,32.541,386,0
20121129,32.646,33.01,32.646,32.838,137,0
20121130,33.01,34.36,32.838,34.36,1641,0
20121203,33.976,34.36,33.976,34.36,207,0
20121204,33.976,34.36,33.976,34.36,495,0
20121205,34.263,34.36,33.689,34.36,679,0
20121206,34.263,34.36,34.263,34.36,749,0
20121207,34.263,34.263,34.263,34.263,42,0
20121210,33.268,33.402,33.115,33.402,518,0
20121211,33.307,34.456,33.307,34.456,5238,0
20121212,34.456,34.456,32.062,33.976,576,0
20121214,34.254,34.254,34.254,34.254,3,0
20121217,34.12,34.12,33.508,33.833,152,0
20121218,34.12,34.12,32.656,32.819,40,0
20121219,32.876,34.025,32.637,34.025,217,0
20121220,33.785,33.785,33.785,33.785,67,0
20121221,32.828,32.828,32.828,32.828,4284,0
20121227,32.742,34.456,32.742,34.456,1156,0
20121228,34.36,37.614,33.699,33.699,6757,0
20130102,35.221,35.412,34.694,34.694,216,0
20130103,33.823,33.823,33.823,33.823,12,0
20130104,33.872,33.872,33.872,33.872,35,0
20130107,34.503,39.241,34.503,38.283,55944,0
20130108,39.241,39.241,38.283,38.704,386,0
20130109,37.327,39.241,37.327,39.241,1049,0
20130110,39.049,39.049,37.241,37.241,171,0
20130111,37.241,37.241,36.685,36.685,9,0
20130114,36.761,36.761,36.753,36.753,26,0
20130115,36.857,36.857,36.857,36.857,14,0
20130116,37.183,38.264,37.164,38.264,232,0
20130117,38.283,38.753,38.283,38.523,68,0
20130118,38.523,38.523,37.336,38.283,811,0
20130121,38.188,46.18,38.188,43.069,16285,0
20130122,47.28,47.28,40.772,41.633,885,0
20130123,41.633,42.964,38.762,40.102,734,0
20130124,40.197,42.17,40.197,41.997,546,0
20130125,39.241,41.135,39.241,41.107,70,0
20130128,40.197,41.624,40.197,41.145,72,0
20130129,40.677,40.677,40.677,40.677,64,0
20130130,41.155,41.155,41.05,41.05,101,0
20130131,39.251,42.112,38.954,41.241,6630,0
20130201,42.112,42.112,42.112,42.112,4,0
20130204,40.677,42.103,40.677,42.093,3007,0
20130205,40.514,41.92,40.504,41.556,1053,0
20130206,41.519,42.036,40.915,42.036,237,0
20130207,42.093,42.093,42.093,42.093,12,0
20130208,42.103,46.084,42.093,42.093,3453,0
20130211,43.069,43.069,43.069,43.069,2,0
20130212,43.069,43.069,41.633,42.112,656,0
20130213,42.112,42.112,42.112,42.112,50,0
20130214,41.442,41.92,41.155,41.92,434,0
20130215,41.155,42.073,41.155,42.073,59,0
20130218,42.073,42.073,42.073,42.073,3,0
20130219,41.92,41.92,41.92,41.92,7,0
20130220,41.165,42.083,40.207,42.083,288,0
20130222,41.93,41.93,41.93,41.93,4,0
20130225,42.083,42.083,42.083,42.083,2,0
20130226,41.92,41.92,40.246,41.394,11,0
20130227,40.456,41.251,40.217,41.251,201,0
20130228,41.432,41.432,41.385,41.385,10,0
20130301,41.432,41.432,39.776,41.423,469,0
20130304,41.423,41.423,41.423,41.423,8,0
20130305,41.318,41.318,41.318,41.318,14,0
20130307,41.145,41.145,39.776,40.197,303,0
20130311,39.26,40.197,39.26,40.197,131,0
20130312,39.26,40.246,39.26,40.246,123,0
20130313,39.251,39.251,36.561,37.709,3077,0
20130314,37.805,38.791,36.466,38.676,11017,0
20130315,36.57,38.379,36.57,38.35,3945,0
20130318,38.35,41.155,38.35,41.155,510,0
20130319,38.389,41.059,38.389,39.528,849,0
20130320,41.145,41.145,38.934,41.04,624,0
20130321,40.389,40.389,40.389,40.389,15,0
20130322,39.251,39.251,39.241,39.241,322,0
20130325,41.145,41.145,38.293,38.293,435,0
20130326,38.283,39.241,37.078,37.327,733,0
20130327,40.16,40.677,40.093,40.677,1327,0
20130328,39.432,39.432,39.432,39.432,46496,0
20130402,41.155,41.155,39.432,41.155,7015,0
20130403,41.308,41.308,39.241,39.815,4747,0
20130404,40.523,41.05,39.432,39.748,33989,0
20130405,41.135,41.135,39.336,40.197,562,0
20130408,41.05,41.05,40.112,40.964,30844,0
20130409,40.581,40.677,40.581,40.677,354,0
20130410,40.667,41.155,40.389,41.059,3984,0
20130411,41.059,41.155,40.801,41.059,496,0
20130412,41.155,41.155,41.059,41.155,38499,0
20130417,41.155,41.155,40.677,40.677,31843,0
20130418,40.677,40.677,39.049,39.049,3503,0
20130419,39.241,39.241,39.097,39.097,26,0
20130423,39.049,39.059,39.049,39.059,251,0
20130424,39.251,39.709,39.241,39.709,1108,0
20130425,39.04,41.155,39.03,41.155,826,0
20130426,39.049,44.984,39.049,44.984,12814,0
20130429,45.462,45.826,45.462,45.806,1107,0
20130430,45.462,45.462,42.217,44.935,2183,0
20130502,45.165,45.165,42.246,44.026,29,0
20130506,40.906,45.021,40.906,45.021,207,0
20130507,43.222,45.031,42.667,45.021,284,0
20130508,43.566,44.342,43.566,44.342,32501,0
20130509,44.974,44.974,43.557,43.557,42,0
20130510,43.557,44.524,43.557,43.566,162,0
20130513,43.643,43.643,42.648,42.648,6508,0
20130514,42.591,42.591,41.633,42.38,465,0
20130515,42.112,42.112,39.174,42.112,962,0
20130516,42.103,42.677,40.399,42.61,108862,0
20130517,42.571,42.571,41.633,42.533,95722,0
20130520,42.533,42.533,42.533,42.533,33,0
20130521,42.533,43.643,41.633,43.643,30838,0
20130522,42.16,45.002,42.16,42.677,595,0
20130523,43.127,44.4,42.112,42.112,19031,0
20130524,43.499,43.499,43.499,43.499,2,0
20130527,43.021,43.021,41.165,43.012,895,0
20130528,42.638,44.495,42.303,42.591,1438,0
20130529,42.992,42.992,42.112,42.112,21,0
20130531,44.016,44.016,42.303,44.007,967,0
20130603,44.007,44.007,42.351,43.548,51,0
20130604,43.729,43.796,42.399,42.399,576,0
20130605,42.341,43.758,42.341,43.261,247,0
20130606,43.768,43.873,43.27,43.873,367,0
20130607,43.873,45.739,43.873,45.739,11906,0
20130610,45.739,45.739,44.514,45.643,11100,0
20130611,44.562,46.227,44.562,46.18,222,0
20130612,46.227,46.4,46.18,46.18,147,0
20130613,46.18,46.18,45.271,45.94,590,0
20130617,45.893,45.94,45.893,45.94,737,0
20130618,46.132,46.132,45.28,45.28,425,0
20130619,45.002,45.002,44.504,44.504,216,0
20130620,44.514,44.984,44.514,44.984,58,0
20130621,44.697,44.792,44.697,44.697,159,0
20130624,44.504,44.504,42.687,44.074,6439,0
20130625,44.026,44.026,44.026,44.026,126,0
20130627,44.304,45.739,43.94,45.739,644,0
20130628,44.217,45.94,44.217,45.94,1590,0
20130701,46.323,46.419,46.323,46.419,1155,0
20130702,46.658,46.658,46.658,46.658,42,0
20130703,46.514,46.514,45.462,45.462,4695,0
20130704,46.514,46.514,46.419,46.419,244,0
20130705,46.419,46.61,46.419,46.61,140,0
20130709,46.61,46.61,46.61,46.61,16,0
20130711,46.419,46.419,46.419,46.419,21,0
20130715,45.94,45.94,45.94,45.94,979,0
20130716,45.94,45.94,45.94,45.94,13,0
20130717,44.984,44.984,44.984,44.984,21,0
20130718,44.773,44.773,44.773,44.773,12,0
20130719,44.792,44.868,44.792,44.792,134,0
20130722,44.514,44.984,44.504,44.504,350,0
20130723,44.984,44.984,44.984,44.984,21,0
20130724,44.984,44.984,44.984,44.984,81,0
20130725,45.893,45.893,45.893,45.893,101,0
20130729,45.845,45.845,45.653,45.653,243,0
20130730,45.94,46.026,45.94,46.026,1463,0
20130731,45.605,46.036,45.462,46.036,397,0
20130801,44.849,46.064,44.792,46.064,529,0
20130802,44.897,44.897,44.888,44.888,256,0
20130805,44.504,44.504,44.504,44.504,177,0
20130806,43.069,44.697,43.069,44.697,104,0
20130807,44.504,44.504,44.504,44.504,10,0
20130808,44.361,44.361,44.026,44.026,6884,0
20130812,44.313,46.084,44.313,46.036,744,0
20130813,45.079,45.079,45.079,45.079,1597,0
20130814,45.93,45.93,45.462,45.653,1334,0
20130816,45.653,45.653,45.462,45.462,213,0
20130819,44.524,46.687,44.504,46.514,1720,0
20130821,44.984,44.984,44.648,44.744,116,0
20130822,44.514,44.984,44.514,44.984,138,0
20130823,44.734,44.734,44.697,44.697,172,0
20130826,44.697,44.697,44.514,44.697,68,0
20130827,44.504,44.504,44.131,44.131,3,0
20130828,44.984,44.984,44.15,44.15,371,0
20130829,44.17,44.984,44.131,44.984,470,0
20130830,44.878,44.984,44.792,44.984,791,0
20130902,44.984,44.984,44.984,44.984,132,0
20130903,44.984,44.992,44.984,44.984,911,0
20130904,44.457,44.457,43.987,43.987,734,0
20130906,44.036,44.036,43.739,43.739,596,0
20130909,44.016,44.026,43.739,43.739,1074,0
20130910,43.835,43.835,43.548,43.835,364,0
20130911,43.835,43.835,43.835,43.835,62690,0
20130912,44.984,45.079,44.984,45.079,214,0
20130913,44.792,44.792,44.792,44.792,5,0
20130917,44.093,44.093,44.026,44.026,104,0
20130918,44.083,44.083,44.074,44.074,63,0
20130919,44.074,44.083,44.026,44.026,659,0
20130920,42.715,44.495,40.197,44.495,1254464,0
20130923,44.792,44.792,44.792,44.792,124,0
20130924,43.71,45.002,41.643,45.002,1768,0
20130926,44.036,44.409,44.036,44.409,40205,0
20130927,44.792,48.802,44.792,47.854,6086,0
20130930,47.854,48.764,44.122,47.854,4049,0
20131001,44.744,47.845,44.744,46.898,21,0
20131003,47.558,47.558,47.558,47.558,21,0
20131004,46.898,47.519,46.898,47.519,167,0
20131007,46.898,46.898,46.898,46.898,71,0
20131009,45.548,45.548,44.84,45.462,1042,0
20131010,44.984,44.984,44.984,44.984,5274,0
20131011,45.462,45.462,44.992,44.992,250,0
20131014,44.992,44.992,44.984,44.984,7485,0
20131015,44.705,45.079,44.705,44.984,5714,0
20131016,45.414,45.414,44.984,44.984,332,0
20131017,44.984,44.984,44.984,44.984,112,0
20131021,44.984,45.653,44.984,45.462,1788,0
20131022,45.93,49.769,45.462,46.993,2668,0
20131023,47.012,51.663,47.012,47.433,5541,0
20131024,49.673,49.673,48.715,49.242,2478,0
20131025,49.252,49.29,49.252,49.252,1507,0
20131028,49.29,51.205,49.29,50.888,6112,0
20131029,51.205,51.205,50.725,51.185,942,0
20131030,51.185,51.185,50.725,50.965,1440,0
20131031,50.735,50.821,48.802,48.812,5963,0
20131104,50.247,50.247,47.998,48.161,687,0
20131105,50.151,50.151,48.333,49.73,1263,0
20131106,48.812,49.74,48.141,48.812,1739,0
20131107,48.141,48.754,48.141,48.141,837,0
20131108,48.151,48.161,46.514,46.524,5004,0
20131112,46.62,49.769,46.534,46.534,899,0
20131113,47.472,49.72,47.472,49.72,10,0
20131114,49.72,49.72,47.118,49.271,335,0
20131115,47.606,49.72,47.606,49.72,191,0
20131118,49.75,49.75,47.108,49.003,2237,0
20131119,47.386,48.715,47.376,48.715,300,0
20131120,47.376,47.807,47.089,47.108,607,0
20131121,47.136,47.376,47.002,47.002,367,0
20131122,47.759,47.769,45.94,47.185,561,0
20131125,47.759,47.759,47.759,47.759,89,0
20131126,47.376,47.376,46.046,46.103,376,0
20131127,46.419,46.419,44.84,44.878,991,0
20131128,45.94,45.94,44.026,44.026,908,0
20131129,43.356,44.026,42.207,43.069,6842,0
20131202,42.236,43.078,42.236,43.069,45,0
20131203,43.078,43.078,41.633,41.777,886,0
20131204,41.165,44.888,37.355,39.241,3228,0
20131205,37.833,39.719,37.327,37.996,4145,0
20131206,38.092,39.336,38.092,39.03,104,0
20131209,38.954,40.677,38.954,40.197,726,0
20131210,40.197,40.868,40.197,40.868,769,0
20131211,40.677,40.677,40.197,40.647,620,0
20131212,40.189,40.189,39.241,39.288,390,0
20131213,40.197,40.437,39.241,39.241,21179,0
20131216,39.241,39.241,38.283,38.283,502,0
20131217,38.283,42.016,38.283,39.251,5871,0
20131218,40.189,40.571,39.241,39.91,1474,0
20131219,42.112,42.351,39.269,39.815,2749,0
20131220,39.355,41.959,39.279,41.633,2383,0
20131223,41.633,41.633,41.586,41.586,121,0
20131227,41.633,41.633,41.155,41.442,38970,0
20131230,41.155,41.633,40.484,40.484,95361,0
20140102,41.633,42.494,40.484,42.494,3285,0
20140103,42.925,42.925,41.155,42.878,30150,0
20140107,43.739,43.739,41.155,41.155,1269,0
20140108,41.155,41.155,40.724,40.744,204,0
20140109,41.059,41.145,40.677,40.677,232,0
20140110,40.695,40.695,40.695,40.695,240,0
20140113,41.165,41.251,40.82,40.82,950,0
20140114,41.633,41.729,41.155,41.729,74,0
20140115,41.729,44.792,41.729,42.648,22853,0
20140116,44.888,44.964,42.696,44.964,589,0
20140117,44.964,44.964,43.739,43.997,414,0
20140120,44.036,44.782,44.026,44.782,14178,0
20140121,44.763,44.792,44.026,44.591,481,0
20140122,44.591,44.591,44.026,44.026,174,0
20140123,44.026,44.026,43.739,44.026,543,0
20140124,43.174,43.184,42.533,42.533,437,0
20140127,42.112,42.687,42.112,42.687,282,0
20140128,42.878,43.261,42.878,43.261,169,0
20140129,43.261,43.356,43.261,43.356,83,0
20140130,43.356,45.442,43.261,45.175,3763,0
20140131,45.442,45.442,45.079,45.385,2510,0
20140203,45.442,48.802,45.175,48.802,2971,0
20140204,45.94,47.826,45.127,45.95,1156,0
20140205,47.826,47.836,46.227,46.227,684,0
20140206,47.826,47.826,44.984,47.376,3140,0
20140207,47.749,47.749,45.969,47.376,808,0
20140210,47.376,47.836,47.376,47.376,1476,0
20140211,47.826,47.826,46.926,47.376,1027,0
20140212,47.615,47.836,47.567,47.567,1129,0
20140213,47.836,47.836,46.907,47.185,356,0
20140214,47.74,47.759,47.366,47.366,160,0
20140217,47.663,47.836,46.993,46.993,1026,0
20140218,46.993,47.836,46.898,46.898,1727,0
20140219,46.898,46.898,45.462,45.94,220,0
20140220,45.509,46.39,45.5,45.94,266,0
20140221,46.898,46.898,45.462,45.883,352,0
20140224,45.94,45.95,45.567,45.567,339,0
20140225,45.567,45.567,45.462,45.558,161,0
20140226,45.567,45.567,45.002,45.529,267,0
20140227,44.046,44.697,43.069,44.342,769,0
20140228,43.078,44.792,43.078,44.792,55,0
20140303,43.155,43.155,39.241,39.241,7795,0
20140304,39.288,42.073,38.283,39.241,10191,0
20140305,40.189,40.189,37.327,38.417,2831,0
20140306,38.417,38.417,34.934,36.37,3468,0
20140307,36.551,36.551,33.738,33.738,4883,0
20140310,32.924,33.307,31.833,32.158,1749,0
20140311,33.02,33.211,32.062,32.541,2656,0
20140312,32.828,32.828,31.584,31.584,486,0
20140313,31.584,32.541,31.488,32.541,510,0
20140314,32.532,32.541,29.956,31.383,3640,0
20140317,30.627,31.584,30.627,30.818,800,0
20140318,31.392,31.441,28.856,28.866,2725,0
20140319,30.091,30.091,28.847,28.847,12156,0
20140320,29.67,29.67,29.67,29.67,140,0
20140321,29.67,29.67,29.201,29.661,91,0
20140324,29.21,29.21,27.746,29.181,1484,0
20140325,29.718,29.718,28.713,29.21,646,0
20140326,29.22,32.053,29.22,29.861,1484,0
20140327,30.713,30.713,29.67,29.67,682,0
20140328,28.847,29.813,28.847,29.813,167,0
20140331,29.813,29.813,28.713,28.713,675,0
20140401,28.732,29.287,28.426,28.713,1611,0
20140402,29,29.248,28.703,28.703,361,0
20140403,28.569,28.713,28.33,28.713,766,0
20140404,28.713,28.713,27.765,28.235,1234,0
20140407,27.813,28.522,27.813,28.522,58,0
20140408,27.871,28.024,27.564,28.024,2986,0
20140409,28.033,28.033,27.66,28.024,2841,0
20140410,28.713,28.713,27.794,28.684,5150,0
20140411,28.703,28.703,27.755,27.755,159,0
20140414,26.99,27.181,25.315,26.339,4745,0
20140415,26.808,26.808,25.507,25.516,4830,0
20140416,25.947,25.947,24.693,25.354,1670,0
20140417,24.703,25.344,24.703,24.884,438,0
20140422,25.65,26.033,25.65,26.033,406,0
20140423,26.033,26.033,25.822,25.822,170,0
20140424,25.363,25.363,25.161,25.161,381,0
20140425,25.363,25.363,24.693,24.693,193,0
20140428,24.884,24.98,23.975,24.119,1154,0
20140429,24.406,24.406,23.975,23.975,186,0
20140430,24.215,24.215,22.492,22.587,9202,0
20140502,23.544,23.544,22.138,22.138,132,0
20140505,22.587,23.727,22.013,22.96,12418,0
20140506,22.96,22.97,21.774,22.97,733,0
20140507,22.97,25.267,22.405,25.171,79395,0
20140508,25.841,26.703,24.31,24.31,3291,0
20140509,24.377,25.592,24.31,24.884,1478,0
20140512,25.631,25.65,25.363,25.363,504,0
20140513,25.507,27.086,25.507,27.086,5799,0
20140514,27.086,29.191,27.086,28.426,7213,0
20140515,28.416,28.416,26.808,26.827,2480,0
20140516,27.277,28.713,27.277,27.277,14076,0
20140519,27.593,28.502,26.817,27.363,7058,0
20140520,27.688,27.688,25.832,26.799,2535,0
20140521,26.894,26.894,26.32,26.32,224,0
20140522,28.235,28.235,25.985,26.32,1536,0
20140523,26.99,28.033,25.401,26.081,4312,0
20140526,27.181,27.181,25.841,26.597,695,0
20140527,26.559,26.559,26.559,26.559,38,0
20140528,26.579,26.579,26.579,26.579,157,0
20140529,26.55,26.55,24.817,25.181,2048,0
20140530,26.799,26.799,24.119,25.65,3150,0
20140602,26.129,26.129,24.415,24.597,175,0
20140603,24.597,25.545,24.406,25.449,1192,0
20140604,25.449,25.698,24.512,25.124,681,0
20140605,25.449,25.535,24.616,24.616,525,0
20140606,24.98,24.98,24.31,24.31,1400,0
20140609,24.319,24.942,24.099,24.31,2090,0
20140610,24.942,24.942,23.066,23.831,4270,0
20140611,24.693,24.693,23.372,24.301,1366,0
20140612,24.31,24.646,21.943,23.176,1990,0
20140613,23.265,25.533,22.437,24.656,77109,0
20140616,23.669,26.332,23.669,26.332,1669,0
20140617,26.529,27.594,26.529,27.161,1233,0
20140618,27.614,28.522,27.022,27.22,3479,0
20140620,27.683,27.683,25.662,26.786,2014,0
20140623,27.703,27.703,26.431,27.022,1000,0
20140624,27.022,27.022,27.022,27.022,23,0
20140625,26.628,26.628,25.849,25.849,100,0
20140626,27.022,27.022,25.681,26.628,808,0
20140627,24.261,26.569,24.261,26.204,1631,0
20140630,25.159,26.194,25.159,26.194,202,0
20140701,26.411,26.421,25.218,25.218,340,0
20140702,26.431,26.431,24.803,26.115,795,0
20140703,25.543,26.036,25.543,26.036,300,0
20140704,25.543,26.125,25.149,26.125,9,0
20140707,26.125,26.628,26.125,26.135,495,0
20140708,26.135,26.51,26.135,26.5,149,0
20140709,25.267,25.809,24.803,25.809,1588,0
20140710,24.803,25.198,22.949,24.754,1565,0
20140711,24.853,25.237,24.853,24.853,21,0
20140714,24.656,24.656,23.275,23.669,2055,0
20140715,23.314,23.758,23.314,23.62,422,0
20140716,23.62,23.62,23.245,23.373,346,0
20140717,23.245,23.955,23.186,23.955,904,0
20140718,23.906,24.646,23.275,24.646,973,0
20140721,24.606,25.04,23.689,24.646,4240,0
20140722,24.636,25.04,23.788,24.656,9372,0
20140723,24.212,24.981,24.064,24.981,1368,0
20140724,25.346,25.632,24.646,25.632,233,0
20140725,25.602,25.602,25.05,25.05,351,0
20140729,24.656,25.583,24.656,25.583,642,0
20140731,24.656,24.942,24.35,24.942,164,0
20140801,24.823,25.809,24.162,25.809,827,0
20140804,23.817,25.149,23.817,24.665,148,0
20140805,24.557,24.557,24.36,24.36,377,0
20140806,25.05,25.05,24.162,24.636,295,0
20140807,24.162,24.636,23.867,23.867,1373,0
20140808,23.729,24.636,23.63,24.547,1476,0
20140811,23.778,24.646,23.778,24.458,80,0
20140812,24.646,24.646,23.876,24.557,474,0
20140813,23.63,24.162,23.63,23.975,751,0
20140814,24.557,24.557,24.557,24.557,34,0
20140818,24.557,24.557,24.557,24.557,143,0
20140819,24.212,24.458,23.867,24.153,3832,0
20140820,24.162,24.557,23.778,23.817,319,0
20140821,23.876,23.876,23.867,23.867,198,0
20140822,24.557,24.557,23.679,23.679,265,0
20140825,23.669,24.557,23.669,24.557,681,0
20140826,24.261,24.547,24.261,24.547,106,0
20140827,23.788,24.439,23.778,24.439,307,0
20140828,23.876,23.876,23.669,23.669,1449,0
20140901,24.557,24.557,23.699,23.709,71,0
20140902,23.472,23.472,22.584,22.624,1079,0
20140903,22.584,22.584,20.415,20.908,2628,0
20140904,21.796,21.796,21.214,21.648,42519,0
20140905,21.697,21.697,21.45,21.677,52146,0
20140908,21.697,22.417,21.697,22.417,2224,0
20140909,21.865,22.328,21.865,22.328,191,0
20140910,21.894,22.279,21.598,21.598,2823,0
20140911,21.608,21.697,21.588,21.588,1828,0
20140912,21.598,21.598,21.046,21.046,1178,0
20140915,20.721,21.628,20.001,20.711,1920,0
20140916,20.711,20.711,20.119,20.691,1384,0
20140917,20.681,22.683,20.681,21.569,3663,0
20140918,21.608,21.608,20.513,21.115,17213,0
20140919,21.302,21.391,20.513,20.513,6007,0
20140922,20.721,20.721,20.365,20.365,929,0
20140923,20.415,20.977,20.375,20.375,553,0
20140924,20.277,20.277,20.07,20.119,1356,0
20140925,20.247,20.494,20.07,20.07,1670,0
20140926,20.513,20.513,20.494,20.494,172,0
20140929,20.218,20.395,20.139,20.356,965,0
20140930,20.425,20.513,20.296,20.415,1800,0
20141001,20.464,22.456,19.784,19.843,2418,0
20141002,19.932,19.932,19.034,19.567,1652,0
20141003,20.504,21.204,20.504,21.194,4039,0
20141006,21.815,21.815,21.204,21.302,51735,0
20141007,21.302,21.401,21.204,21.204,41065,0
20141008,21.302,21.677,21.204,21.204,710,0
20141009,21.391,21.391,20.829,20.829,171,0
20141010,20.819,20.819,19.626,20.484,4469,0
20141013,20.602,20.602,20.602,20.602,71,0
20141014,19.872,19.961,19.774,19.774,540,0
20141015,20.504,20.829,19.823,20.592,21903,0
20141016,21.253,21.253,19.764,19.764,1006,0
20141017,20.316,21.5,20.316,21.5,324,0
20141020,20.918,21.007,20.701,21.007,32837,0
20141021,21.243,21.243,20.277,20.277,338,0
20141022,20.661,20.898,20.464,20.464,119,0
20141023,20.898,20.898,20.898,20.898,397,0
20141027,20.711,20.868,20.711,20.868,517,0
20141028,20.928,21.263,20.721,21.263,270,0
20141030,21.016,21.016,21.016,21.016,253,0
20141031,21.263,21.697,21.263,21.697,823,0
20141103,21.697,22.091,21.697,22.091,842,0
20141104,22.091,22.18,22.091,22.18,2434,0
20141105,22.19,22.19,22.18,22.18,445,0
20141106,22.18,22.18,22.18,22.18,588,0
20141107,22.18,22.18,21.263,21.263,193,0
20141110,21.233,21.411,21.145,21.145,241,0
20141112,21.697,21.717,21.598,21.598,1196,0
20141113,22.19,22.476,21.963,22.19,2662,0
20141114,22.2,22.525,21.894,21.993,2186,0
20141117,22.101,22.239,22.091,22.141,2166,0
20141118,22.141,22.446,22.131,22.141,1620,0
20141119,22.19,22.19,22.19,22.19,177,0
20141120,22.003,22.003,21.687,21.687,1266,0
20141124,21.746,21.746,21.687,21.697,781,0
20141125,21.697,21.874,21.697,21.855,56,0
20141127,22.19,22.19,21.894,21.983,854,0
20141128,21.993,21.993,21.697,21.697,1680,0
20141201,21.993,21.993,21.204,21.845,624,0
20141202,21.204,21.677,21.204,21.204,2383,0
20141203,21.105,21.204,20.711,21.204,425,0
20141204,21.204,21.204,21.204,21.204,25,0
20141205,21.993,23.65,21.697,22.584,33697,0
20141208,23.669,24.064,23.176,23.65,32709,0
20141209,23.62,23.62,22.693,22.703,1643,0
20141210,22.782,22.959,22.289,22.959,2681,0
20141211,22.979,22.979,22.298,22.506,2174,0
20141212,22.525,22.683,22.437,22.683,1956,0
20141215,22.683,23.176,22.683,23.078,503,0
20141216,22.683,22.683,22.032,22.032,938,0
20141217,22.19,22.683,22.19,22.673,876,0
20141218,22.683,22.683,22.654,22.683,885,0
20141219,22.732,22.999,22.683,22.999,255,0
20141222,22.999,23.166,22.732,22.732,1206,0
20141223,23.038,23.186,22.821,23.166,1654,0
20141229,23.373,23.393,22.683,22.683,1475,0
20141230,22.683,22.683,21.746,22.19,2612,0
20150102,22.683,22.683,22.012,22.012,2216,0
20150105,21.618,22.584,21.618,22.584,1392,0
20150107,22.397,22.979,22.397,22.88,375,0
20150108,22.969,23.413,22.969,23.403,4138,0
20150109,23.423,23.423,23.196,23.196,821,0
20150112,23.423,23.423,23.176,23.354,339,0
20150113,23.176,23.226,23.176,23.176,383,0
20150114,23.176,23.176,22.969,22.969,520,0
20150115,23.176,23.176,22.693,22.979,3127,0
20150116,22.979,23.117,22.683,22.979,331,0
20150119,23.117,23.413,22.979,22.979,1755,0
20150120,22.979,23.373,22.713,22.999,1045,0
20150121,23.078,23.087,23.078,23.087,206,0
20150122,23.354,23.354,23.097,23.176,2288,0
20150123,23.413,23.413,23.393,23.403,730,0
20150126,22.289,22.673,21.707,22.486,2380,0
20150127,22.328,22.328,22.19,22.19,188,0
20150128,22.417,22.782,22.417,22.772,441,0
20150129,22.772,22.772,22.584,22.762,1238,0
20150130,22.683,22.683,22.289,22.654,847,0
20150202,22.2,22.239,21.214,21.697,1814,0
20150203,21.687,21.993,21.687,21.697,741,0
20150204,23.176,23.659,22.259,22.575,38222,0
20150205,22.88,23.176,22.782,23.176,1234,0
20150206,23.176,23.176,22.88,22.88,251,0
20150209,22.88,22.979,22.88,22.979,43,0
20150210,23.127,23.196,22.959,23.176,1027,0
20150211,23.413,23.423,23.186,23.186,72,0
20150212,22.703,22.713,22.387,22.387,986,0
20150213,22.397,24.251,22.387,24.015,12181,0
20150216,23.955,24.212,23.285,24.212,20936,0
20150217,24.202,24.853,24.202,24.803,67563,0
20150218,24.951,25.149,24.409,24.902,13186,0
20150219,24.843,25.583,24.665,25.533,1941,0
20150220,25.602,25.829,24.754,25.553,4358,0
20150223,25.642,25.642,25.346,25.346,3249,0
20150224,25.257,25.553,24.656,24.656,3499,0
20150225,24.665,25.405,24.32,25.119,710,0
20150226,25.129,25.129,24.656,24.665,1242,0
20150227,24.429,24.646,24.103,24.636,1074,0
20150302,24.656,24.853,24.458,24.853,5339,0
20150303,25.149,25.149,25.05,25.05,997,0
20150304,25.149,25.435,25.149,25.336,1562,0
20150305,25.05,25.484,25.05,25.484,1151,0
20150306,25.484,26.52,25.484,26.51,3231,0
20150309,26.579,26.914,26.431,26.865,4196,0
20150310,26.865,26.865,26.342,26.618,279,0
20150311,26.648,26.648,26.342,26.618,225,0
20150312,26.608,26.608,26.332,26.332,427,0
20150313,26.638,28.551,26.638,27.713,20395,0
20150316,28.295,28.295,27.417,27.91,12581,0
20150317,28.896,28.896,28.009,28.097,6105,0
20150318,28.097,28.285,27.614,27.999,1992,0
20150319,27.999,27.999,27.417,27.594,2964,0
20150320,27.594,27.594,26.036,26.835,6315,0
20150323,27.092,27.22,26.628,26.904,1810,0
20150324,27.072,28.088,27.072,27.614,4564,0
20150325,27.614,28.107,27.614,28.028,8452,0
20150326,27.733,28.107,27.644,27.644,12814,0
20150327,27.614,28.009,27.417,27.693,1893,0
20150330,27.23,27.555,27.22,27.516,2130,0
20150331,27.516,27.516,27.022,27.022,885,0
20150401,27.121,27.121,26.628,26.628,1413,0
20150402,26.717,26.717,25.445,25.74,6918,0
20150407,25.78,25.79,24.458,24.715,15317,0
20150408,24.734,26.431,24.734,25.484,572,0
20150409,25.652,25.652,25.149,25.149,1520,0
20150410,25.149,25.149,24.754,24.902,478,0
20150413,25.652,25.652,24.665,24.665,663,0
20150414,24.508,24.902,24.508,24.656,3553,0
20150415,24.656,25.149,23.876,24.064,7158,0
20150416,24.36,24.36,24.36,24.36,201,0
20150417,24.409,24.409,23.186,23.679,2387,0
20150420,23.679,23.758,23.669,23.758,912,0
20150421,23.867,24.054,23.867,24.054,1014,0
20150422,23.571,23.571,22.683,23.561,4513,0
20150423,23.462,23.462,22.387,23.166,5113,0
20150424,22.683,23.364,22.239,22.683,1369,0
20150427,22.683,23.373,22.683,23.373,1730,0
20150428,23.324,24.36,23.324,24.36,2663,0
20150429,24.656,24.656,24.36,24.656,681,0
20150430,24.36,24.36,23.669,24.36,2206,0
20150504,24.162,24.162,24.162,24.162,286,0
20150505,24.113,24.153,23.669,23.768,1522,0
20150506,23.778,23.788,23.768,23.788,1044,0
20150508,23.798,23.798,23.768,23.768,1071,0
20150511,23.669,23.679,23.659,23.669,3713,0
20150512,23.768,23.768,23.65,23.65,1212,0
20150513,23.65,23.65,23.65,23.65,61,0
20150514,23.65,23.65,23.275,23.275,182,0
20150515,23.452,23.452,23.275,23.452,794,0
20150518,23.669,24.153,23.669,24.153,1330,0
20150519,24.133,24.133,23.581,24.064,262,0
20150520,24.143,24.143,23.768,23.768,207,0
20150521,23.768,23.768,22.979,23.373,509,0
20150522,23.462,23.472,22.792,22.792,5051,0
20150525,22.792,23.837,22.289,23.837,2297,0
20150526,23.61,23.61,22.446,23.166,672,0
20150528,22.683,22.683,22.683,22.683,864,0
20150529,22.683,22.693,22.683,22.693,1196,0
20150601,22.693,22.792,22.693,22.792,337,0
20150602,23.176,23.176,23.176,23.176,243,0
20150603,22.831,24.656,22.831,24.656,1789,0
20150605,23.117,23.127,23.107,23.127,343,0
20150608,24.222,24.222,24.222,24.222,223,0
20150609,24.153,24.162,23.078,24.064,1297,0
20150610,23.176,24.222,23.176,24.222,450,0
20150611,24.113,24.222,23.669,23.669,1257,0
20150615,23.206,23.669,23.206,23.669,41,0
20150616,23.669,23.669,23.226,23.423,253,0
20150617,23.206,23.206,22.545,22.545,605,0
20150618,22.683,22.683,22.387,22.387,162,0
20150619,21.845,23.403,21.845,22.387,450,0
20150622,22.19,22.19,21.894,21.894,354,0
20150623,22.19,22.476,22.19,22.19,2484,0
20150624,22.555,22.555,22.19,22.555,267,0
20150625,22.003,22.19,21.914,22.19,577,0
20150626,22.19,22.476,22.19,22.19,255,0
20150629,21.894,22.19,20.937,22.18,4052,0
20150630,21.697,21.697,20.918,21.697,2021,0
20150701,21.687,21.766,21.687,21.697,821,0
20150702,20.918,21.786,20.918,21.697,317,0
20150703,21.766,21.766,19.951,20.218,2969,0
20150706,20.218,21.204,20.218,20.415,154,0
20150707,20.435,21.204,20.435,20.721,675,0
20150708,20.415,20.415,20.218,20.218,179,0
20150709,20.218,20.415,20.099,20.119,917,0
20150710,19.941,20.602,18.265,19.724,22691,0
20150713,19.527,19.715,19.044,19.715,798,0
20150715,19.626,19.724,19.626,19.715,11692,0
20150716,19.675,20.701,19.675,20.661,713,0
20150717,21.184,21.184,19.724,20.997,7316,0
20150721,20.987,20.997,20.711,20.711,354,0
20150722,20.316,20.711,20.218,20.267,1019,0
20150723,20.711,22.377,20.711,22.003,2403,0
20150724,22.584,22.584,22.584,22.584,1,0
20150727,21.697,21.697,21.697,21.697,101,0
20150728,21.411,21.411,20.711,20.908,551,0
20150729,20.918,20.918,20.908,20.908,179,0
20150730,20.513,21.431,20.513,21.431,4452,0
20150731,21.431,22.575,21.214,22.575,455,0
20150803,21.51,23.226,21.51,23.226,2610,0
20150804,23.176,23.403,23.176,23.403,439,0
20150805,23.472,24.064,22.239,23.403,439,0
20150806,24.054,24.054,24.015,24.015,41,0
20150807,22.88,23.669,22.683,23.659,629,0
20150810,23.275,23.275,23.176,23.176,559,0
20150811,23.176,23.176,23.176,23.176,475,0
20150812,23.176,23.176,23.176,23.176,1394,0
20150813,23.176,23.65,23.176,23.65,153,0
20150814,23.176,23.65,23.176,23.65,53,0
20150817,23.176,23.176,23.176,23.176,152,0
20150819,23.364,23.62,23.364,23.62,1170,0
20150820,23.373,23.373,23.373,23.373,507,0
20150821,23.078,23.078,23.078,23.078,101,0
20150824,22.673,22.673,20.76,20.78,2726,0
20150825,21.293,21.293,21.293,21.293,162,0
20150826,21.204,21.204,20.711,20.711,135,0
20150827,20.711,20.711,20.573,20.573,1409,0
20150828,20.711,20.711,20.563,20.691,478,0
20150831,20.218,20.563,18.561,19.724,691,0
20150901,19.724,20.711,19.724,20.711,1143,0
20150902,20.711,20.721,20.435,20.721,9377,0
20150903,22.289,22.298,22.101,22.269,537,0
20150904,21.697,21.697,21.016,21.016,466,0
20150907,21.796,21.796,21.796,21.796,23,0
20150908,21.45,21.45,21.204,21.302,26793,0
20150909,21.204,22.131,21.204,22.131,1993,0
20150910,22.131,22.141,21.5,21.5,5273,0
20150911,21.697,21.697,21.302,21.302,5029,0
20150914,22.19,22.19,20.868,21.983,334,0
20150916,20.878,21.983,20.711,21.983,362,0
20150918,20.76,20.76,20.76,20.76,610,0
20150921,20.77,21.943,20.77,21.687,127,0
20150923,20.76,21.874,20.76,21.874,679,0
20150924,20.711,21.687,20.711,21.687,326,0
20150925,21.648,21.648,21.648,21.648,20,0
20150928,20.326,20.326,20.158,20.158,608,0
20150929,20.02,20.691,20.02,20.691,552,0
20150930,20.316,20.612,20.316,20.316,385,0
20151001,20.336,20.701,19.744,20.701,2666,0
20151002,19.833,20.691,19.833,20.691,22,0
20151005,19.882,20.701,19.882,20.701,112,0
20151006,20.356,20.356,19.941,20.218,238,0
20151008,20.267,20.553,19.922,20.395,621,0
20151009,20.563,20.563,20.513,20.513,193,0
20151012,20.464,20.711,20.464,20.711,385,0
20151013,20.612,20.612,20.612,20.612,38,0
20151015,20.326,20.602,19.922,20.602,384,0
20151016,19.932,20.691,19.922,20.691,256,0
20151020,20.208,20.208,20.208,20.208,133,0
20151021,20.691,20.691,20.218,20.218,274,0
20151022,19.734,20.602,19.734,20.602,52,0
20151023,19.744,20.553,19.724,20.553,118,0
20151026,20.592,20.711,20.592,20.711,348,0
20151027,19.734,20.711,19.734,20.711,8500,0
20151028,20.711,21.007,20.711,21.007,214,0
20151029,20.711,21.49,20.711,21.401,1006,0
20151030,21.49,21.49,21.49,21.49,51,0
20151102,21.214,21.302,21.194,21.302,720,0
20151103,21.194,21.756,21.194,21.756,317,0
20151104,21.697,21.697,21.697,21.697,44,0
20151105,21.697,21.697,21.194,21.194,300,0
20151109,20.711,21.194,20.711,21.194,52,0
20151110,20.651,20.651,20.651,20.651,146,0
20151112,20.218,20.711,20.218,20.711,207,0
20151113,20.711,20.711,19.744,20.701,211,0
20151116,20.681,20.681,20.681,20.681,10,0
20151117,19.754,20.908,19.724,20.908,1201,0
20151118,20.829,20.908,20.711,20.711,2777,0
20151119,19.784,20.711,19.774,20.711,3225,0
20151120,20.711,20.711,20.711,20.711,1060,0
20151123,19.922,20.711,19.922,20.711,154,0
20151126,20.02,20.661,19.754,20.661,426,0
20151127,19.774,19.774,19.754,19.774,430,0
20151130,20.612,20.711,19.133,20.711,3123,0
20151201,20.711,20.711,20.711,20.711,810,0
20151204,20.612,20.651,20.612,20.651,103,0
20151207,19.724,20.218,19.281,19.281,1057,0
20151208,20.612,20.612,20.612,20.612,61,0
20151214,19.724,20.612,19.291,20.612,743,0
20151215,20.602,20.602,20.602,20.602,8,0
20151216,19.922,20.218,19.724,20.218,608,0
20151217,19.34,20.208,19.281,20.208,589,0
20151218,19.537,19.724,19.527,19.527,42,0
20151221,19.429,20.06,19.429,20.06,68,0
20151222,19.823,19.971,19.823,19.971,1107,0
20151223,19.971,19.971,19.291,19.438,695,0
20151228,19.429,19.715,19.33,19.715,2067,0
20151229,19.715,19.724,19.715,19.724,101,0
20151230,20.02,20.208,20.02,20.208,243,0
20160104,19.872,19.872,19.527,19.527,760,0
20160105,19.724,19.724,19.527,19.527,139,0
20160107,19.527,19.527,18.748,18.748,1076,0
20160108,18.748,18.748,17.949,18.058,2847,0
20160111,18.245,18.245,17.752,17.752,1605,0
20160112,17.752,17.752,16.243,17.062,2094,0
20160113,16.815,16.815,16.766,16.766,558,0
20160114,16.766,18.363,16.273,18.344,1514,0
20160115,17.752,17.752,16.174,16.578,879,0
20160118,16.569,18.216,16.016,16.075,2857,0
20160119,16.273,16.766,16.273,16.766,370,0
20160120,16.766,16.766,16.174,16.174,338,0
20160121,16.174,16.174,14.922,15.77,3269,0
20160122,15.77,15.77,15.089,15.089,1282,0
20160125,15.296,15.296,15.296,15.296,51,0
20160126,14.793,14.793,14.004,14.793,1186,0
20160127,14.783,15.286,14.783,15.286,1196,0
20160128,14.695,14.695,14.695,14.695,51,0
20160129,14.793,15.04,14.596,14.793,624,0
20160201,14.793,14.793,14.793,14.793,973,0
20160202,14.941,15.286,14.596,15.277,1331,0
20160203,14.941,14.941,14.941,14.941,46,0
20160204,14.843,15.267,14.014,15.267,416,0
20160208,14.606,14.783,14.606,14.783,274,0
20160209,14.458,14.458,14.458,14.458,6,0
20160210,14.458,14.488,14.3,14.488,1029,0
20160212,14.28,14.586,14.28,14.3,413,0
20160215,14.3,14.31,14.3,14.31,1653,0
20160216,14.596,14.596,14.28,14.28,603,0
20160217,13.847,14.073,13.817,13.817,1354,0
20160218,14.083,14.271,14.083,14.271,356,0
20160219,14.271,14.271,14.103,14.103,147,0
20160222,13.866,13.866,13.077,13.077,7436,0
20160223,13.067,13.117,13.018,13.117,749,0
20160224,13.314,13.314,13.117,13.117,187,0
20160226,13.314,13.413,13.314,13.413,1068,0
20160301,13.215,13.304,13.215,13.304,622,0
20160302,13.304,13.304,13.304,13.304,56,0
20160303,13.215,13.314,13.215,13.314,307,0
20160304,13.314,13.314,13.314,13.314,162,0
20160307,13.314,13.314,13.314,13.314,2145,0
20160308,13.136,14.793,13.136,14.695,16801,0
20160309,14.991,16.174,14.981,16.174,61624,0
20160310,17.653,17.653,16.273,17.653,2134,0
20160311,18.216,18.216,16.559,18.048,1519,0
20160314,16.786,17.949,16.786,17.949,447,0
20160315,16.973,16.973,16.786,16.786,710,0
20160316,16.716,17.545,16.716,16.716,747,0
20160318,15.898,15.898,15.898,15.898,1,0
20160321,17.456,17.456,17.456,17.456,1065,0
20160322,17.545,17.545,17.052,17.505,2949,0
20160323,17.505,18.738,17.259,18.245,14251,0
20160324,18.442,18.442,17.584,18.146,4511,0
20160330,17.752,17.752,16.401,17.752,1708,0
20160331,18.137,18.64,18.137,18.64,6109,0
20160401,18.64,18.817,18.64,18.817,2079,0
20160404,18.827,18.827,18.738,18.738,406,0
20160405,18.285,18.285,18.285,18.285,50,0
20160411,17.269,17.269,17.259,17.259,707,0
20160412,17.259,17.259,17.259,17.259,203,0
20160415,17.259,17.259,17.259,17.259,101,0
20160418,16.795,17.417,16.283,17.417,2453,0
20160420,15.839,16.766,15.839,16.766,834,0
20160421,16.766,16.766,15.681,15.78,8976,0
20160422,16.411,17.456,16.273,17.456,798,0
20160426,17.653,18.738,17.397,18.738,8127,0
20160427,17.505,19.32,17.505,18.738,15534,0
20160428,18.245,19.724,18.245,19.724,5691,0
20160429,18.837,20.02,18.837,19.724,2388,0
20160502,19.922,19.922,19.922,19.922,30,0
20160505,19.093,19.093,19.044,19.044,37,0
20160509,19.044,19.912,19.044,19.912,222,0
20160511,19.044,20.464,19.044,20.464,2397,0
20160512,20.415,20.513,19.231,20.513,3068,0
20160516,20.513,20.513,20.513,20.513,49,0
20160517,19.33,20.681,19.33,20.681,1546,0
20160519,19.754,19.764,19.231,19.231,527,0
20160520,19.231,19.231,19.034,19.034,793,0
20160523,19.231,19.231,17.486,17.939,23094,0
20160524,17.949,17.949,17.259,17.89,8621,0
20160525,17.87,19.33,17.87,19.33,2018,0
20160527,17.782,19.724,17.782,19.724,1144,0
20160530,18.738,19.517,18.738,19.517,101,0
20160531,19.527,19.527,19.527,19.527,203,0
20160606,18.738,19.33,18.738,19.33,963,0
20160609,18.245,18.245,18.245,18.245,203,0
20160610,18.048,18.738,18.048,18.738,10145,0
20160614,18.146,19.715,18.146,19.231,8446,0
20160615,19.182,19.724,18.738,19.724,4031,0
20160616,19.231,19.231,19.074,19.231,158,0
20160621,19.33,19.33,19.044,19.044,20,0
20160622,19.6061,19.6061,19.6061,19.6061,22,0
20160623,19.6061,19.7244,19.6061,19.7244,1943,0
20160624,18.7481,19.4286,17.8802,19.182,749,0
20160628,18.9355,18.9355,18.7382,18.9355,2603,0
20160629,19.7146,21.6772,19.7047,21.263,3153,0
20160630,21.5983,22.19,21.1052,22.19,5273,0
20160701,22,23,22,22.2,531,0
20160704,22.2,22.2,22.2,22.2,548,0
20160705,21.8,21.8,21.8,21.8,707,0
20160708,21.8,21.8,21.5,21.5,45,0
20160711,21.5,21.5,21.5,21.5,94,0
20160718,21.5,21.5,21.5,21.5,350,0
20160719,21.5,21.51,21.5,21.5,297,0
20160722,21.5,21.5,21.21,21.21,410,0
20160725,21.01,21.7,20.02,21.7,735,0
20160728,21.49,22,21.01,22,2404,0
20160729,22.1,22.1,22.1,22.1,10,0
20160801,21.7,21.7,21.7,21.7,380,0
20160802,21.5,21.5,21.5,21.5,100,0
20160803,20.53,20.53,20.53,20.53,100,0
20160804,21.7,21.7,21.7,21.7,51,0
20160805,20.71,22.7,20.7,22.7,1930,0
20160810,21.42,23,20.45,23,3232,0
20160811,22.75,22.8,22.75,22.8,350,0
20160812,22.9,22.9,21.81,22.85,1300,0
20160816,22.87,22.87,22.87,22.87,250,0
20160818,22.31,22.31,22.3,22.3,450,0
20160819,22.3,22.3,22.3,22.3,100,0
20160823,21.55,21.55,21.55,21.55,100,0
20160824,21.55,22,20.2,22,4101,0
20160826,21.25,21.25,21,21,1192,0
20160829,21.04,21.04,20.98,20.98,418,0
20160830,20.57,21.1,20.5,21.1,1006,0
20160831,21.1,21.99,20.87,21.99,2160,0
20160905,21.99,21.99,21.2,21.29,371,0
20160906,21.77,21.79,21.77,21.79,400,0
20160907,21.5,21.5,21,21.5,1113,0
20160908,21,21,21,21,83,0
20160909,21.45,21.45,21,21,523,0
20160912,20.67,20.67,20.5,20.5,900,0
20160913,20.5,20.5,20.4,20.4,80,0
20160914,20,20,19.52,20,52,0
20160915,19.51,19.51,19.5,19.5,170,0
20160916,19.5,19.99,19.5,19.51,145,0
20160919,19.52,20,19.51,19.99,398,0
20160920,20,20,20,20,100,0
20160921,20.1,20.1,20.1,20.1,250,0
20160922,20.1,20.2,19.51,20,1961,0
20160923,21.97,21.97,20,20,13,0
20160926,20,20.5,19.6,20.5,97,0
20160927,20.3,20.3,20.3,20.3,25,0
20160930,20.49,21.9,20.31,20.31,1601,0
20161005,21.1,21.1,21.1,21.1,100,0
20161006,20.4,21.09,20.2,21.09,1180,0
20161010,20.1,20.7,19.9,19.9,749,0
20161011,19.9,19.9,19.01,19.11,584,0
20161012,19.01,19.01,19,19,251,0
20161014,19,19,19,19,4,0
20161024,19.2,19.5,19.02,19.02,251,0
20161025,19.5,19.5,19,19,402,0
20161027,19,19,19,19,130,0
20161031,19.1,19.1,19.1,19.1,30,0
20161102,19.21,19.21,19,19,800,0
20161104,19,19,19,19,419,0
