Date,Open,High,Low,Close,Volume,OpenInt
20110812,2.13,2.3855,2.0874,2.3515,461934,0
20110816,2.3004,2.3515,2.1811,2.2918,95612,0
20110817,2.1897,2.3004,2.1811,2.3004,60910,0
20110818,2.2918,2.3088,2.2407,2.3004,44432,0
20110819,2.1982,2.2577,2.1897,2.2577,23759,0
20110822,2.2152,2.3004,2.2067,2.2918,21005,0
20110823,2.3004,2.3004,2.2322,2.3004,6220,0
20110824,2.2237,2.3686,2.2237,2.3686,13543,0
20110825,2.3004,2.3686,2.3004,2.3686,4278,0
20110826,2.3004,2.3686,2.3004,2.3686,2348,0
20110829,2.2748,2.3515,2.2748,2.3515,2582,0
20110830,2.2748,2.36,2.2748,2.36,8862,0
20110831,2.2833,2.36,2.2833,2.36,3314,0
20110901,2.2833,2.36,2.2748,2.36,15434,0
20110902,2.2833,2.2833,2.2833,2.2833,188,0
20110905,2.2322,2.2322,2.2237,2.2237,504,0
20110906,2.2237,2.3345,2.2237,2.3345,2276,0
20110907,2.2492,2.3515,2.2492,2.3515,5684,0
20110909,2.2237,2.3686,2.2237,2.3686,2489,0
20110912,2.2322,2.3174,2.2322,2.3174,3573,0
20110913,2.2407,2.3174,2.2152,2.3174,18797,0
20110916,2.2322,2.2322,2.2152,2.2152,469,0
20110919,2.2577,2.3004,2.2577,2.3004,1161,0
20110920,2.2918,2.3004,2.2918,2.3004,12957,0
20110921,2.1385,2.3004,2.1385,2.3004,8540,0
20110923,2.2152,2.3004,2.2152,2.3004,12643,0
20110926,2.3088,2.343,2.1726,2.343,25734,0
20110927,2.3515,2.4111,2.3515,2.4111,25511,0
20110928,2.4281,2.4708,2.343,2.4111,178055,0
20110929,2.4111,2.4793,2.4111,2.4708,29708,0
20110930,2.4623,2.5134,2.4623,2.5049,234747,0
20111003,2.2663,2.4281,2.2663,2.4281,1819,0
20111004,2.3855,2.3855,2.3855,2.3855,208,0
20111005,2.3855,2.4708,2.3855,2.4708,2128,0
20111006,2.4537,2.4537,2.4537,2.4537,236,0
20111011,2.4452,2.4452,2.4452,2.4452,632,0
20111012,2.3855,2.4281,2.343,2.4281,5581,0
20111013,2.4452,2.4452,2.3855,2.3855,23768,0
20111017,2.3855,2.4452,2.3855,2.3855,90923,0
20111018,2.3855,2.4281,2.3345,2.4281,8012,0
20111026,2.3088,2.3855,2.3088,2.3855,7042,0
20111028,2.3088,2.3855,2.3088,2.3855,1714,0
20111031,2.3855,2.3855,2.3855,2.3855,1174,0
20111103,2.343,2.343,2.343,2.343,236,0
20111104,2.2577,2.3855,2.2577,2.3855,1197,0
20111107,2.3855,2.3855,2.3855,2.3855,1468,0
20111108,2.3855,2.3855,2.3855,2.3855,236,0
20111109,2.3004,2.3855,2.3004,2.3855,1655,0
20111110,2.2237,2.4367,2.2237,2.4281,23019,0
20111114,2.4196,2.4963,2.4196,2.4708,224439,0
20111115,2.4708,2.4708,2.3855,2.3855,25440,0
20111116,2.4367,2.4623,2.4367,2.4537,10658,0
20111117,2.4623,2.4623,2.4537,2.4537,2239,0
20111118,2.3771,2.4281,2.3771,2.4281,6263,0
20111121,2.3855,2.3855,2.3088,2.3771,2815,0
20111122,2.343,2.3855,2.343,2.3855,5450,0
20111124,2.4537,2.4537,2.343,2.343,1267,0
20111128,2.4367,2.4367,2.4367,2.4367,11737,0
20111129,2.3004,2.4196,2.3004,2.4196,7629,0
20111130,2.4026,2.4537,2.4026,2.4537,1174,0
20111202,2.4537,2.4537,2.4281,2.4281,747,0
20111206,2.2577,2.4281,2.2577,2.4281,3170,0
20111209,2.4111,2.4196,2.3686,2.4196,5516,0
20111214,2.343,2.343,2.3174,2.3174,10024,0
20111216,2.1811,2.3686,2.1811,2.3259,4052,0
20111222,2.1469,2.3174,2.13,2.2577,29041,0
20111223,2.1982,2.1982,2.0363,2.0363,59966,0
20111227,2.13,2.13,2.0363,2.0363,3560,0
20111228,1.8403,2.0874,1.8403,2.0874,8861,0
20111229,2.0448,2.0874,1.9085,2.0874,9165,0
20111230,1.9851,2.0788,1.9851,2.0788,3615,0
20120102,2.0788,2.0788,2.0448,2.0448,3753,0
20120103,2.1726,2.2152,2.1726,2.2152,3581,0
20120104,2.2152,2.3515,2.2152,2.3515,646,0
20120109,2.3004,2.3004,2.13,2.13,11092,0
20120110,2.1385,2.1897,2.0874,2.13,4525,0
20120111,2.0874,2.0959,2.0874,2.0959,2819,0
20120112,2.0874,2.0874,2.0874,2.0874,48,0
20120113,2.0874,2.0874,2.0874,2.0874,4,0
20120116,2.0534,2.0534,2.0534,2.0534,211,0
20120117,2.0534,2.3345,2.0534,2.3345,19491,0
20120118,2.3515,2.3686,2.3515,2.3686,4461,0
20120119,2.343,2.343,2.2152,2.3004,3526,0
20120120,2.2152,2.2152,2.1044,2.2067,11151,0
20120123,2.13,2.13,2.1044,2.1044,2087,0
20120124,2.1129,2.2067,2.1044,2.2067,5380,0
20120125,2.2067,2.2067,2.2067,2.2067,77,0
20120126,2.1726,2.1726,2.1726,2.1726,236,0
20120127,2.1129,2.2407,2.1129,2.2407,6733,0
20120130,2.2067,2.2067,2.13,2.13,4771,0
20120131,2.1726,2.2407,2.1726,2.2407,5049,0
20120203,2.2407,2.2407,2.1897,2.1897,2206,0
20120207,2.1897,2.1982,2.1897,2.1897,2992,0
20120209,2.1897,2.1897,2.1897,2.1897,3425,0
20120210,2.1469,2.1469,2.13,2.13,7505,0
20120213,2.1385,2.1385,2.1385,2.1385,579,0
20120216,2.2067,2.2067,2.1469,2.1469,363,0
20120221,2.1726,2.1726,2.1726,2.1726,641,0
20120222,2.1811,2.1811,2.1726,2.1726,12278,0
20120223,2.1469,2.1469,2.1469,2.1469,242,0
20120227,2.1469,2.1469,2.1215,2.1215,2166,0
20120228,2.1215,2.1215,2.1215,2.1215,921,0
20120229,2.1215,2.1215,2.1215,2.1215,353,0
20120301,2.2152,2.2237,2.1215,2.2237,3930,0
20120302,2.2237,2.2237,2.1555,2.1555,3842,0
20120306,2.1811,2.1811,2.1811,2.1811,544,0
20120308,2.1811,2.2748,2.1726,2.2748,1538,0
20120309,2.2748,2.2748,2.2748,2.2748,2348,0
20120312,2.1726,2.2748,2.1726,2.2748,3052,0
20120313,2.2748,2.2833,2.2748,2.2748,5175,0
20120314,2.36,2.3855,2.36,2.36,16557,0
20120315,2.3855,2.4281,2.3855,2.4281,14273,0
20120316,2.4281,2.5134,2.4281,2.5134,8223,0
20120319,2.4793,2.5559,2.4793,2.5474,7096,0
20120320,2.4793,2.5986,2.4537,2.5559,16486,0
20120321,2.4793,2.6071,2.4793,2.5986,17238,0
20120322,2.6071,2.6838,2.5474,2.5474,113297,0
20120323,2.5559,2.5986,2.5559,2.5986,469,0
20120326,2.4708,2.5815,2.4708,2.5815,15624,0
20120327,2.6071,2.6071,2.5729,2.5729,46950,0
20120328,2.5559,2.6157,2.5049,2.5815,26587,0
20120329,2.59,2.6411,2.5559,2.5559,26445,0
20120330,2.4793,2.5644,2.4708,2.5559,52231,0
20120404,2.5134,2.5134,2.5134,2.5134,24,0
20120410,2.4281,2.5134,2.4281,2.5134,1807,0
20120411,2.5049,2.5049,2.5049,2.5049,11,0
20120412,2.4281,2.5049,2.4281,2.5049,2946,0
20120413,2.4281,2.5134,2.4281,2.5134,3336,0
20120416,2.4367,2.5049,2.4281,2.5049,2805,0
20120417,2.4367,2.4367,2.4281,2.4281,4732,0
20120418,2.3855,2.3855,2.3855,2.3855,3915,0
20120419,2.3855,2.3855,2.3855,2.3855,164,0
20120420,2.3855,2.3855,2.3855,2.3855,164,0
20120423,2.2748,2.4708,2.2407,2.4708,16208,0
20120424,2.3855,2.4537,2.2748,2.4281,11962,0
20120425,2.4281,2.4452,2.3855,2.4452,2711,0
20120426,2.4537,2.4537,2.4537,2.4537,1709,0
20120427,2.36,2.3855,2.36,2.3855,3414,0
20120430,2.4452,2.4537,2.4452,2.4537,4220,0
20120504,2.4708,2.4708,2.4708,2.4708,6,0
20120507,2.36,2.4367,2.3515,2.4367,2276,0
20120508,2.3515,2.3515,2.343,2.343,1846,0
20120509,2.343,2.3686,2.2577,2.3686,6231,0
20120516,2.3088,2.3088,2.2152,2.2152,6581,0
20120517,2.2152,2.2152,2.0448,2.0448,10259,0
20120518,2.0448,2.0448,1.9,1.9681,66458,0
20120521,1.917,2.0106,1.917,2.0106,951,0
20120523,1.9255,2.0106,1.9255,2.0106,1117,0
20120524,1.9255,1.9511,1.8573,1.8573,14232,0
20120525,1.8658,1.8658,1.8658,1.8658,3296,0
20120528,1.8744,1.8744,1.8744,1.8744,117,0
20120530,1.7977,1.7977,1.7807,1.7807,8065,0
20120531,1.7892,1.7892,1.7892,1.7892,117,0
20120601,1.7892,1.7892,1.7892,1.7892,586,0
20120612,1.704,1.704,1.704,1.704,5468,0
20120613,1.6273,1.6954,1.6273,1.6954,5090,0
20120618,1.6699,1.6699,1.6529,1.6529,5095,0
20120619,1.7381,1.7381,1.7381,1.7381,117,0
20120622,1.7381,1.7381,1.7381,1.7381,117,0
20120625,1.5336,1.7381,1.5336,1.7381,586,0
20120627,1.7381,2.0021,1.7381,2.0021,4983,0
20120628,2.0021,2.0021,1.8744,2.0021,7749,0
20120629,2.0021,2.1897,2.0021,2.1897,4738,0
20120702,2.0448,2.0448,2.0448,2.0448,6258,0
20120705,2.0448,2.1385,2.0448,2.1385,3679,0
20120712,1.9681,2.0534,1.9596,2.0534,23022,0
20120717,1.9085,1.9255,1.8573,1.9255,5274,0
20120719,1.8403,1.8403,1.8403,1.8403,4085,0
20120720,1.8744,1.8744,1.7892,1.7892,4789,0
20120723,2.1215,2.1215,2.1215,2.1215,406,0
20120724,2.13,2.13,2.13,2.13,387,0
20120725,2.2152,2.2152,2.2152,2.2152,11,0
20120726,2.0021,2.2918,2.0021,2.2918,951,0
20120731,2.2918,2.2918,2.2918,2.2918,117,0
20120801,2.343,2.343,2.343,2.343,117,0
20120803,2.1129,2.2492,2.1129,2.2492,2453,0
20120806,2.2492,2.2492,2.2492,2.2492,880,0
20120807,2.3174,2.3174,2.3174,2.3174,868,0
20120809,2.2152,2.2152,2.2152,2.2152,1174,0
20120810,2.2152,2.2152,2.2152,2.2152,2009,0
20120813,2.2152,2.2152,2.2152,2.2152,175,0
20120814,2.2152,2.2152,2.13,2.13,117,0
20120816,2.2833,2.2833,2.2833,2.2833,24,0
20120822,2.2492,2.2492,2.2492,2.2492,248,0
20120824,2.2322,2.2322,2.2322,2.2322,58,0
20120827,2.2322,2.2322,2.2322,2.2322,117,0
20120831,2.2152,2.2322,2.13,2.2322,482,0
20120907,2.1385,2.1385,2.1385,2.1385,1174,0
20120913,2.13,2.13,2.13,2.13,1174,0
20120914,2.1982,2.1982,2.1982,2.1982,820,0
20120917,2.2322,2.4111,2.2322,2.3004,103274,0
20120918,2.3855,2.3855,2.3855,2.3855,117,0
20120925,2.2492,2.3515,2.2492,2.343,16469,0
20121001,2.2407,2.343,2.2407,2.343,257,0
20121002,2.2407,2.2407,2.2407,2.2407,294,0
20121005,2.2407,2.3515,2.2407,2.3515,154,0
20121010,2.2407,2.2407,2.2407,2.2407,236,0
20121015,2.2407,2.2407,2.2407,2.2407,3774,0
20121016,2.0534,2.2322,2.0534,2.2067,33338,0
20121031,2.1726,2.1726,2.1726,2.1726,117,0
20121102,2.0277,2.2067,2.0277,2.2067,3285,0
20121106,2.0874,2.2577,2.0874,2.2577,363,0
20121109,2.2492,2.2492,2.2492,2.2492,18,0
20121112,2.0363,2.2152,2.0363,2.2152,703,0
20121114,2.13,2.13,2.0874,2.0874,257,0
20121116,2.0277,2.0277,2.0277,2.0277,175,0
20121119,2.0277,2.1215,2.0277,2.1215,2614,0
20121122,2.0277,2.0959,1.9936,2.0959,2016,0
20121126,1.9936,2.0959,1.9936,2.0959,3900,0
20121127,2.0619,2.0619,2.0619,2.0619,236,0
20121128,2.0619,2.0619,2.0619,2.0619,586,0
20121213,2.0277,2.0277,2.0277,2.0277,558,0
20121214,2.1215,2.1215,2.1215,2.1215,11,0
20121217,2.1215,2.1215,2.1215,2.1215,48,0
20121220,2.0277,2.1215,2.0106,2.0959,71312,0
20121221,2.1044,2.1044,2.1044,2.1044,1177,0
20121227,1.9425,2.0448,1.917,1.917,21786,0
20121228,2.0192,2.0448,2.0192,2.0448,3521,0
20130102,2.0448,2.0448,2.0448,2.0448,4013,0
20130104,1.9596,1.9596,1.704,1.8914,10471,0
20130110,1.8914,1.8914,1.8573,1.8573,1174,0
20130116,1.8573,1.8573,1.8317,1.8317,141,0
20130117,1.8317,1.8317,1.8317,1.8317,696,0
20130123,1.8744,1.8744,1.8744,1.8744,18,0
20130125,1.9085,1.917,1.9085,1.917,4602,0
20130128,1.917,1.917,1.8317,1.8317,827,0
20130131,1.917,1.9596,1.917,1.9596,4754,0
20130201,2.0363,2.0363,2.0363,2.0363,3683,0
20130204,2.0363,2.1129,2.0363,2.1129,1576,0
20130205,2.13,2.1385,2.13,2.1385,1344,0
20130206,2.1385,2.1385,2.0874,2.1385,111,0
20130207,2.0363,2.0363,2.0363,2.0363,362,0
20130208,2.0363,2.1215,2.0363,2.1215,628,0
20130213,2.1215,2.1215,2.1215,2.1215,89,0
20130214,2.1129,2.1129,2.1129,2.1129,89,0
20130215,2.0874,2.1215,2.0363,2.1215,6525,0
20130221,2.0363,2.1385,2.0363,2.1385,3756,0
20130301,2.0959,2.13,2.0959,2.13,4695,0
20130308,2.13,2.13,2.13,2.13,1174,0
20130311,2.1215,2.1215,2.1215,2.1215,2348,0
20130312,2.0448,2.1215,2.0363,2.1215,20423,0
20130321,2.0874,2.0874,2.0874,2.0874,58,0
20130325,2.13,2.13,2.0363,2.1215,8490,0
20130326,1.9425,2.1129,1.9425,2.1129,6220,0
20130327,2.0703,2.1982,2.0277,2.1215,36385,0
20130328,2.1215,2.2067,2.1215,2.2067,2050,0
20130402,2.1982,2.2067,2.1982,2.2067,1174,0
20130403,2.0363,2.0363,2.0363,2.0363,175,0
20130404,2.2067,2.2067,2.2067,2.2067,586,0
20130417,2.2067,2.2067,2.2067,2.2067,586,0
20130422,2.1726,2.1726,2.1726,2.1726,586,0
20130423,2.13,2.13,2.13,2.13,24,0
20130424,2.1726,2.2577,2.1726,2.2577,13156,0
20130425,2.3259,2.3259,2.0192,2.0192,20845,0
20130426,2.0448,2.2492,2.0448,2.2492,10829,0
20130429,2.2152,2.2577,2.1469,2.2577,19367,0
20130430,2.3011,2.3011,2.0878,2.2123,86973,0
20130502,2.13,2.2152,2.0703,2.2152,19562,0
20130506,2.0703,2.2152,2.0021,2.2152,27962,0
20130507,2.13,2.2152,2.13,2.2152,9390,0
20130515,2.1469,2.2152,2.1469,2.2152,15232,0
20130516,2.2322,2.4281,2.2322,2.3259,192797,0
20130517,2.4196,2.6411,2.4196,2.6411,17048,0
20130520,2.5559,2.8115,2.4281,2.8115,111457,0
20130521,2.8371,2.8371,2.8115,2.8115,4437,0
20130522,2.6923,2.7434,2.5559,2.7434,14670,0
20130523,2.6326,2.8456,2.6242,2.8456,26684,0
20130524,2.8201,2.9053,2.7092,2.9053,9025,0
20130527,2.769,2.8456,2.769,2.8456,18836,0
20130528,2.8371,2.8371,2.6923,2.803,1605,0
20130529,2.7098,2.772,2.7098,2.772,2134,0
20130531,2.6743,2.6743,2.6743,2.6743,504,0
20130603,2.6667,2.8115,2.6497,2.8115,7353,0
20130604,2.692,2.9408,2.6832,2.9408,29776,0
20130605,3.0208,3.0385,3.0208,3.0296,3613,0
20130606,3.0208,3.0208,2.9141,2.9141,11620,0
20130610,2.8968,2.8968,2.8968,2.8968,239,0
20130612,2.8968,2.8968,2.8968,2.8968,1868,0
20130613,2.8968,2.8968,2.8968,2.8968,1067,0
20130617,2.8968,2.8968,2.8968,2.8968,84721,0
20130618,2.8786,2.8786,2.8786,2.8786,2230,0
20130619,2.8968,2.8968,2.8968,2.8968,1160096,0
20130620,2.8797,2.8797,2.7775,2.7775,1571,0
20130624,2.7605,2.9394,2.7605,2.9394,2348,0
20130701,2.8342,2.8342,2.8342,2.8342,586,0
20130702,2.8964,2.8964,2.8964,2.8964,110,0
20130705,2.8075,2.8075,2.8075,2.8075,117,0
20130708,2.8698,2.9053,2.8698,2.9053,761,0
20130711,2.8519,2.8519,2.843,2.843,3536,0
20130712,2.843,2.843,2.843,2.843,694,0
20130718,2.7009,2.7009,2.692,2.692,214,0
20130719,2.6832,2.7009,2.6832,2.7009,1127720,0
20130722,2.692,2.9853,2.692,2.9853,1697,0
20130724,2.9853,2.9853,2.9853,2.9853,65,0
20130730,2.9853,3.2784,2.9853,3.2784,9461,0
20130731,3.2074,3.625,3.2074,3.5982,2754,0
20130801,3.625,3.625,3.625,3.625,2535,0
20130802,3.5982,3.5982,3.3317,3.5095,8056,0
20130805,3.394,3.4916,3.394,3.4916,732,0
20130809,3.4916,3.4916,3.4561,3.4561,557,0
20130812,3.3761,3.465,3.3761,3.465,2325,0
20130813,3.465,3.465,3.3761,3.4206,5739,0
20130814,3.3495,3.3495,3.3495,3.3495,547,0
20130819,3.3406,3.4206,3.1985,3.4206,5126,0
20130822,3.4206,3.4206,3.4117,3.4117,477,0
20130823,3.2429,3.4117,3.2429,3.4117,5064,0
20130827,3.4206,3.4206,3.4206,3.4206,1126,0
20130828,3.4561,3.5183,3.4561,3.4561,4867,0
20130829,3.4561,3.4561,3.3761,3.3761,1659,0
20130830,3.3761,3.5272,3.3672,3.5272,1525,0
20130903,3.5361,3.5361,3.4206,3.4206,450,0
20130904,3.3317,3.545,3.3317,3.545,5064,0
20130905,3.3317,3.545,3.083,3.545,7204,0
20130906,3.2874,3.5005,3.1985,3.5005,7337,0
20130909,3.3584,3.4561,3.3584,3.4561,4502,0
20130916,3.4472,3.4472,3.3761,3.3761,1463,0
20130917,3.3761,3.3761,3.3761,3.3761,112,0
20130918,3.4561,3.4561,3.4561,3.4561,327,0
20130919,3.4561,3.4561,3.4561,3.4561,8,0
20130925,3.3051,3.4117,3.2962,3.4117,6641,0
20130927,3.4028,3.4028,3.4028,3.4028,450,0
20130930,3.3672,3.4117,3.3672,3.4117,14539,0
20131009,3.385,3.4206,3.1985,3.4206,98962,0
20131010,3.545,3.545,3.545,3.545,5628,0
20131011,3.545,3.7582,3.545,3.6782,4532,0
20131014,3.6782,4.0336,3.5538,3.9892,3613,0
20131015,4.2202,4.2202,4.2202,4.2202,112,0
20131017,4.1758,4.3357,3.8115,4.3357,3112,0
20131018,4.3357,4.62,4.0869,4.2202,3860,0
20131021,4.3534,4.3534,4.2202,4.2202,709,0
20131022,4.2202,4.5311,4.2202,4.5311,3431,0
20131023,4.8865,4.9754,4.4956,4.9754,484,0
20131024,4.5311,4.9754,4.5311,4.9665,789,0
20131025,4.9221,4.931,4.9221,4.931,336,0
20131028,4.931,4.931,4.931,4.931,304,0
20131029,5.1265,5.1265,5.1265,5.1265,225,0
20131030,5.1442,5.1531,5.1442,5.1531,2254,0
20131031,5.1531,5.1531,5.1531,5.1531,1126,0
20131104,4.9754,4.9754,4.9754,4.9754,822,0
20131106,4.8865,5.2863,4.8865,5.2863,2554,0
20131107,4.9842,4.9842,4.9754,4.9754,2587,0
20131108,5.1086,5.242,4.9842,4.9842,394,0
20131113,4.8865,5.2241,4.7977,5.2241,171,0
20131114,5.1531,5.1531,5.1531,5.1531,222,0
20131115,4.8954,5.1708,4.8954,5.1708,1010,0
20131118,5.1531,5.1708,4.931,4.931,1126,0
20131119,4.9487,4.9487,4.9487,4.9487,141,0
20131121,4.9754,5.0642,4.9754,5.0642,585,0
20131126,4.8865,5.1086,4.6023,5.1086,677,0
20131127,5.1086,5.1086,5.1086,5.1086,97,0
20131128,4.6733,4.7977,4.62,4.62,11325,0
20131129,4.6289,4.8776,4.6289,4.8688,1067,0
20131202,4.8865,4.8865,4.8865,4.8865,1101,0
20131203,4.9132,4.9132,4.9132,4.9132,11,0
20131204,4.6111,4.931,4.6111,4.931,464,0
20131205,4.931,4.931,4.931,4.931,450,0
20131209,4.9576,4.9576,4.7977,4.7977,281,0
20131210,4.7977,4.7977,4.7977,4.7977,222,0
20131212,4.7977,4.9754,4.7977,4.9754,1272,0
20131213,4.9754,4.9754,4.9754,4.9754,112,0
20131216,4.9754,4.9754,4.6644,4.8155,7206,0
20131217,4.7888,4.7888,4.7888,4.7888,112,0
20131219,4.9665,4.9665,4.9665,4.9665,562,0
20131220,4.6289,4.9665,4.6289,4.9665,58,0
20131223,4.9665,4.9665,4.9665,4.9665,4502,0
20131227,4.9754,5.4196,4.9754,5.4196,5625,0
20131230,5.4641,5.5084,5.162,5.5084,6787,0
20140102,5.3397,5.3397,5.162,5.162,1463,0
20140103,5.162,5.2863,5.0731,5.2863,3044,0
20140107,5.5973,5.5973,5.5973,5.5973,356,0
20140108,5.4641,5.4641,5.4641,5.4641,11,0
20140109,5.4641,5.4641,5.4641,5.4641,142,0
20140110,5.4552,5.4552,5.0198,5.3486,3210,0
20140113,5.3663,5.3663,4.8421,5.0554,2738,0
20140115,5.0997,5.1086,5.0997,5.1086,1913,0
20140117,4.8421,4.8421,4.7177,4.7888,7062,0
20140120,4.7977,4.7977,4.7977,4.7977,169,0
20140121,4.7799,4.7888,4.7799,4.7888,1024,0
20140122,4.7533,4.7533,4.7089,4.7533,819,0
20140123,4.7533,4.7977,4.4423,4.4423,6754,0
20140124,4.7533,5.0198,4.7533,5.0198,957,0
20140127,5.0554,5.0554,4.6644,4.7977,2369,0
20140128,4.7977,4.7977,4.7977,4.7977,1688,0
20140131,4.7977,4.7977,4.7977,4.7977,2252,0
20140203,4.7888,4.7977,4.7888,4.7977,1126,0
20140207,4.4956,4.62,4.4334,4.46,9655,0
20140210,4.7355,4.8865,4.46,4.8865,847,0
20140211,4.7089,4.7089,4.54,4.6378,4656,0
20140212,4.5755,4.5845,4.389,4.3979,4875,0
20140213,4.2468,4.5134,4.2468,4.5134,87,0
20140214,4.3534,4.4868,4.3534,4.4868,2712,0
20140217,4.4868,4.5045,4.4868,4.5045,12,0
20140218,4.8776,4.8776,4.8776,4.8776,8,0
20140219,4.8776,4.8776,4.54,4.5934,5311,0
20140220,4.4868,4.4868,4.46,4.46,4266,0
20140221,4.46,4.6466,4.46,4.62,5871,0
20140224,4.4689,4.5934,4.4689,4.5934,1509,0
20140225,4.4868,4.6023,4.4868,4.6023,250,0
20140226,4.6023,4.6023,4.6023,4.6023,2,0
20140227,4.4689,4.6023,4.4068,4.6023,3062,0
20140228,4.6023,4.6023,4.6023,4.6023,1,0
20140303,4.4423,4.5934,4.4068,4.4068,1463,0
20140304,4.4423,4.4423,4.4068,4.4068,47,0
20140305,4.4068,4.4068,4.4068,4.4068,5,0
20140306,4.5934,4.5934,4.4245,4.4423,3604,0
20140307,4.5311,4.5311,4.3534,4.4423,2870,0
20140310,4.4868,4.4868,4.4868,4.4868,2,0
20140311,4.4779,4.4779,4.3534,4.4423,2262,0
20140312,4.2202,4.5934,4.2202,4.5934,5503,0
20140313,4.3713,4.5934,4.2735,4.5934,4867,0
20140314,4.5934,4.5934,4.5934,4.5934,11,0
20140317,4.3534,4.5755,4.3534,4.5755,6894,0
20140318,4.4423,4.5667,4.4423,4.5667,1137,0
20140319,4.5667,4.5667,4.5667,4.5667,23,0
20140320,4.5667,4.5667,4.5667,4.5667,11,0
20140321,4.3534,4.5489,4.2647,4.5489,6756,0
20140324,4.5489,4.5489,4.5489,4.5489,1,0
20140325,4.5489,4.5755,4.4245,4.5755,6668,0
20140326,4.3979,4.5934,4.3979,4.54,2143,0
20140327,4.3445,4.5755,4.3445,4.5755,115,0
20140328,4.5755,4.5934,4.5755,4.5934,922,0
20140331,4.3623,4.5934,4.3623,4.5934,338,0
20140401,4.3979,4.5845,4.3979,4.5845,115,0
20140402,4.3979,4.5755,4.3979,4.5755,233,0
20140403,4.5755,4.5755,4.5755,4.5755,237,0
20140404,4.3979,4.3979,4.3979,4.3979,11,0
20140407,4.4423,4.4423,4.4423,4.4423,67,0
20140408,4.5311,4.5311,4.5311,4.5311,2,0
20140409,4.5311,4.5311,4.4423,4.4423,8,0
20140410,4.4423,4.4868,4.4423,4.4868,67,0
20140411,4.5845,4.5845,4.5845,4.5845,2,0
20140414,4.5845,4.5845,4.4868,4.5578,3477,0
20140415,4.3979,4.3979,4.3979,4.3979,1,0
20140416,4.3979,4.4512,4.3534,4.4512,4513,0
20140417,4.4512,4.4512,4.4512,4.4512,15,0
20140422,4.4512,4.4512,4.3534,4.4334,3377,0
20140423,4.4423,4.4423,4.4423,4.4423,1,0
20140424,4.4334,4.4334,4.4334,4.4334,2,0
20140425,4.4157,4.4157,4.4157,4.4157,225,0
20140430,4.4157,4.5311,4.0869,4.5311,19587,0
20140502,4.5134,4.5134,4.5134,4.5134,1,0
20140507,4.4334,4.5134,4.0869,4.5134,2854,0
20140508,4.158,4.5134,4.158,4.5134,5245,0
20140512,4.2291,4.5134,4.2291,4.5045,4860,0
20140513,4.5134,4.5134,4.5134,4.5134,1,0
20140514,4.4868,4.4868,4.2291,4.4868,4108,0
20140515,4.5134,4.5134,4.2647,4.4334,9579,0
20140516,4.2647,4.4779,4.2647,4.4689,6365,0
20140519,4.2824,4.3713,4.2735,4.3623,5000,0
20140520,4.2647,4.4423,4.2647,4.4423,8329,0
20140521,4.2647,4.4423,4.2647,4.3534,5988,0
20140522,4.2647,4.4245,4.2647,4.389,4635,0
20140523,4.2824,4.3534,4.2647,4.2647,14132,0
20140526,4.309,4.4245,4.309,4.4245,562,0
20140527,4.4245,4.4423,4.4245,4.4423,2890,0
20140528,4.4423,4.4423,4.4423,4.4423,562,0
20140529,4.4423,4.4423,4.4423,4.4423,112,0
20140530,4.3534,4.4423,4.3534,4.4423,337,0
20140603,4.2647,4.2735,4.2379,4.2468,6653,0
20140604,4.2468,4.2468,4.2468,4.2468,314,0
20140605,4.1669,4.1669,4.1669,4.1669,92,0
20140606,4.2647,4.3534,4.2647,4.3534,450,0
20140609,4.3534,4.3534,4.3534,4.3534,225,0
20140612,4.309,4.309,4.309,4.309,56,0
20140617,4.2647,4.3713,4.2647,4.3713,45120,0
20140618,4.4423,4.4423,4.4423,4.4423,112,0
20140620,4.4423,4.4423,4.2202,4.2202,18099,0
20140623,4.2202,4.2824,4.2202,4.2824,1712,0
20140624,4.2913,4.2913,4.2913,4.2913,225,0
20140625,4.309,4.309,4.2468,4.2468,741,0
20140626,4.2202,4.2558,4.1847,4.1847,912,0
20140627,4.1847,4.2379,4.1847,4.2379,293,0
20140630,4.2468,4.2468,4.1758,4.2202,2904,0
20140701,4.2202,4.2202,4.2113,4.2113,613,0
20140702,4.2202,4.2379,4.2113,4.2379,1277,0
20140703,4.2913,4.2913,4.2913,4.2913,214,0
20140704,4.2647,4.2647,4.2647,4.2647,186,0
20140707,4.309,4.309,4.309,4.309,276,0
20140708,4.309,4.309,4.2379,4.309,2448,0
20140709,4.3368,4.42,4.3368,4.42,480,0
20140710,4.4385,4.4385,4.42,4.42,362,0
20140711,4.42,4.4385,4.42,4.4385,395,0
20140714,4.4385,4.4385,4.4292,4.4292,103,0
20140715,4.4292,4.4385,4.4292,4.4385,238,0
20140716,4.4385,4.4385,4.4385,4.4385,130,0
20140717,4.4385,4.4385,4.4385,4.4385,54,0
20140718,4.4385,4.4385,4.42,4.42,59,0
20140721,4.4385,4.4385,4.4108,4.4385,49,0
20140722,4.4385,4.4385,4.4385,4.4385,22,0
20140723,4.4385,4.4385,4.4385,4.4385,23,0
20140724,4.4385,4.4385,4.4385,4.4385,38,0
20140725,4.4385,4.4385,4.4385,4.4385,28,0
20140728,4.4385,4.4385,4.4385,4.4385,6,0
20140729,4.4385,4.4385,4.4385,4.4385,16,0
20140730,4.4385,4.4385,4.4385,4.4385,5,0
20140731,4.4385,4.4385,4.4385,4.4385,11,0
20140801,4.4385,4.4385,4.4385,4.4385,11,0
20140804,4.4385,4.4385,4.2905,4.2905,66,0
20140805,4.3923,4.3923,4.3923,4.3923,5,0
20140806,4.346,4.346,4.346,4.346,5,0
20140807,4.346,4.346,4.2351,4.2351,266,0
20140808,4.2351,4.2351,4.2351,4.2351,27,0
20140811,4.2351,4.346,4.2351,4.346,373,0
20140812,4.383,4.4385,4.383,4.4385,216,0
20140813,4.4385,4.4847,4.4385,4.4847,3235,0
20140814,4.5217,4.5217,4.5217,4.5217,11,0
20140818,4.5217,4.5217,4.5217,4.5217,359,0
20140819,4.5125,4.5125,4.5125,4.5125,36,0
20140820,4.5125,4.5864,4.4108,4.5864,3309,0
20140821,4.5495,4.6142,4.494,4.6049,1021,0
20140822,4.4847,4.494,4.3923,4.494,2358,0
20140825,4.42,4.6049,4.2998,4.6049,11750,0
20140826,4.4755,4.5772,4.4477,4.5587,16492,0
20140827,4.5679,4.5679,4.5679,4.5679,32,0
20140828,4.5957,4.5957,4.346,4.5957,11401,0
20140829,4.5957,4.5957,4.3923,4.5679,14264,0
20140901,4.531,4.531,4.346,4.531,6471,0
20140902,4.5495,4.5495,4.346,4.4108,5260,0
20140903,4.4385,4.531,4.4385,4.531,6055,0
20140904,4.5217,4.5679,4.5217,4.5679,40740,0
20140905,4.531,4.5402,4.531,4.5402,184,0
20140908,4.494,4.531,4.494,4.531,94,0
20140909,4.531,4.5679,4.531,4.5679,132,0
20140910,4.5679,4.5679,4.4108,4.4662,12201,0
20140911,4.4755,4.4755,4.4755,4.4755,119,0
20140912,4.4385,4.4385,4.4385,4.4385,141,0
20140915,4.4385,4.4385,4.4385,4.4385,70,0
20140916,4.3645,4.4385,4.3645,4.3738,562,0
20140917,4.4292,4.4385,4.4292,4.4385,133,0
20140918,4.4385,4.4385,4.4385,4.4385,108,0
20140919,4.4385,4.4385,4.4385,4.4385,27,0
20140922,4.4385,4.4385,4.383,4.4385,161,0
20140923,4.4385,4.4385,4.4385,4.4385,250,0
20140924,4.4385,4.4385,4.4385,4.4385,11,0
20140925,4.4385,4.4385,4.4385,4.4385,11,0
20140926,4.4385,4.4385,4.4385,4.4385,11,0
20140929,4.4292,4.4292,4.4292,4.4292,59,0
20140930,4.4292,4.4755,4.4292,4.4755,1947,0
20141001,4.4755,4.4755,4.4755,4.4755,9,0
20141002,4.4755,4.4755,4.4755,4.4755,16,0
20141003,4.4755,4.4755,4.4755,4.4755,24,0
20141006,4.4755,4.4755,4.4755,4.4755,17,0
20141007,4.4755,4.4755,4.346,4.346,124,0
20141008,4.346,4.346,4.346,4.346,216,0
20141009,4.346,4.346,4.2998,4.346,368,0
20141010,4.3368,4.3368,4.3368,4.3368,163,0
20141015,4.3645,4.3923,4.3645,4.3923,541,0
20141020,4.3923,4.4847,4.3923,4.4847,660,0
20141021,4.4385,4.5217,4.4385,4.5217,1645,0
20141022,4.5217,4.531,4.5217,4.531,13,0
20141023,4.531,4.531,4.531,4.531,30,0
20141024,4.531,4.531,4.531,4.531,9,0
20141027,4.531,4.531,4.531,4.531,6,0
20141028,4.5217,4.5217,4.5217,4.5217,15,0
20141029,4.5217,4.5217,4.5217,4.5217,18,0
20141030,4.5217,4.5217,4.4385,4.5217,519,0
20141031,4.531,4.531,4.5217,4.5217,26,0
20141103,4.5217,4.5217,4.5217,4.5217,453,0
20141104,4.5217,4.5217,4.5217,4.5217,12,0
20141105,4.5217,4.5217,4.5217,4.5217,28,0
20141106,4.4847,4.4847,4.1518,4.346,6165,0
20141107,4.346,4.346,4.346,4.346,28,0
20141110,4.3923,4.3923,4.3923,4.3923,19,0
20141112,4.3923,4.3923,4.3923,4.3923,24,0
20141113,4.3923,4.3923,4.3923,4.3923,13,0
20141114,4.3923,4.3923,4.1796,4.2998,3393,0
20141117,4.1426,4.346,4.1241,4.346,7900,0
20141118,4.2073,4.3368,4.1149,4.3275,7105,0
20141119,4.3275,4.3275,4.1426,4.1426,10725,0
20141120,4.1426,4.1981,4.1149,4.1149,2207,0
20141121,4.1056,4.2998,4.1056,4.2998,908,0
20141124,4.2998,4.2998,4.1518,4.1518,4027,0
20141125,4.2166,4.2536,4.1518,4.1518,236,0
20141126,4.1611,4.2073,4.1611,4.2073,906,0
20141127,4.2443,4.2536,4.2073,4.2073,1948,0
20141128,4.2536,4.2813,4.1241,4.2813,18693,0
20141201,4.2813,4.2813,4.2813,4.2813,16,0
20141202,4.2813,4.2813,4.1611,4.2721,2168,0
20141203,4.2813,4.2813,4.1149,4.1149,4211,0
20141204,4.1518,4.1518,4.1518,4.1518,324,0
20141205,4.1149,4.2443,4.1149,4.2443,2432,0
20141208,4.2443,4.2443,4.1611,4.2443,346,0
20141209,4.2443,4.2443,4.2443,4.2443,6,0
20141210,4.2351,4.2351,4.2351,4.2351,108,0
20141211,4.2443,4.2443,4.2443,4.2443,71,0
20141212,4.0779,4.2443,4.0779,4.1149,469,0
20141216,4.1149,4.2443,4.1149,4.2443,158,0
20141217,4.2443,4.2443,4.2443,4.2443,38,0
20141218,4.1981,4.2536,4.1981,4.2536,917,0
20141219,4.2258,4.2628,4.1981,4.2628,1104,0
20141222,4.2628,4.2628,4.2628,4.2628,6,0
20141223,4.2905,4.2905,4.2905,4.2905,3,0
20141229,4.2813,4.2813,4.2813,4.2813,11,0
20141230,4.2813,4.2905,4.2813,4.2905,5423,0
20150102,4.3183,4.3368,4.3183,4.3368,487,0
20150105,4.3368,4.3368,4.3368,4.3368,11,0
20150107,4.3368,4.3368,4.3368,4.3368,24,0
20150108,4.1796,4.3368,4.1796,4.3368,13,0
20150109,4.3368,4.3368,4.3275,4.3368,161,0
20150112,4.3368,4.3368,4.3368,4.3368,9,0
20150113,4.3368,4.3368,4.2073,4.3368,253,0
20150114,4.3368,4.3368,4.3368,4.3368,5,0
20150115,4.3368,4.3368,4.3368,4.3368,3,0
20150116,4.3368,4.3368,4.1888,4.1888,209,0
20150119,4.1888,4.1888,4.1888,4.1888,108,0
20150120,4.1888,4.1888,4.1888,4.1888,16,0
20150121,4.1888,4.1888,4.1888,4.1888,13,0
20150122,4.1888,4.4755,4.1888,4.4755,3920,0
20150123,4.4755,4.5217,4.1888,4.5217,31366,0
20150126,4.5217,4.5217,4.1796,4.5032,24188,0
20150127,4.2998,4.3923,4.2721,4.383,24333,0
20150128,4.2813,4.2905,4.2073,4.2536,19510,0
20150129,4.2628,4.3275,4.2628,4.3275,17,0
20150130,4.3183,4.3275,4.3183,4.3275,64,0
20150202,4.3275,4.3275,4.1426,4.2536,14203,0
20150203,4.2536,4.3368,4.1426,4.2536,10360,0
20150204,4.2443,4.2443,4.1426,4.1426,5263,0
20150205,4.2073,4.2443,4.1796,4.2443,2192,0
20150206,4.2443,4.3183,4.2443,4.3183,4336,0
20150209,4.1796,4.2536,4.1241,4.2536,12534,0
20150210,4.309,4.309,4.1426,4.1611,26650,0
20150211,4.1611,4.2351,4.1611,4.1611,5899,0
20150212,4.1426,4.2443,4.1333,4.2443,1298,0
20150213,4.2443,4.2536,4.2443,4.2536,43258,0
20150216,4.2536,4.2536,4.2536,4.2536,11,0
20150217,4.2536,4.3183,4.1611,4.2905,8644,0
20150218,4.1796,4.1981,4.1518,4.1981,40402,0
20150219,4.1981,4.1981,4.1981,4.1981,11,0
20150220,4.2073,4.2073,4.2073,4.2073,9,0
20150223,4.2351,4.2351,4.2351,4.2351,31,0
20150224,4.2443,4.2443,4.2351,4.2351,38,0
20150225,4.1981,4.2351,4.1149,4.2166,7736,0
20150226,4.2351,4.2351,4.2258,4.2258,319,0
20150227,4.2258,4.2443,4.2258,4.2443,4190,0
20150302,4.2443,4.2443,4.2443,4.2443,10,0
20150303,4.2443,4.2443,4.2443,4.2443,26,0
20150304,4.2443,4.2443,4.2443,4.2443,11,0
20150305,4.2443,4.2443,4.2351,4.2351,53,0
20150306,4.2351,4.2351,4.2351,4.2351,9,0
20150309,4.2073,4.2351,4.2073,4.2351,2472,0
20150310,4.2351,4.2351,4.2351,4.2351,66,0
20150311,4.2351,4.2351,4.2351,4.2351,19,0
20150312,4.2258,4.2443,4.1611,4.2443,2535,0
20150313,4.2258,4.2258,4.0501,4.1888,1630,0
20150316,4.2258,4.2258,4.2258,4.2258,55,0
20150317,4.2258,4.2258,4.2258,4.2258,119,0
20150318,4.2258,4.2258,4.2258,4.2258,5,0
20150319,4.1611,4.1611,4.1241,4.1611,1780,0
20150320,4.1611,4.2443,4.0964,4.2443,4822,0
20150323,4.2443,4.2443,4.1333,4.2443,6153,0
20150324,4.2536,4.2536,4.2536,4.2536,21,0
20150325,4.2536,4.2536,4.2536,4.2536,5,0
20150326,4.2443,4.2721,4.1611,4.2536,116775,0
20150327,4.1611,4.2721,4.1611,4.2721,44015,0
20150330,4.2905,4.3368,4.2721,4.3368,16225,0
20150331,4.346,4.346,4.2536,4.2536,8357,0
20150407,4.2813,4.2813,4.2813,4.2813,1081448,0
20150408,4.2536,4.2813,4.2536,4.2813,464698,0
20150409,4.2813,4.346,4.1703,4.346,633195,0
20150410,4.383,4.4015,4.383,4.4015,1157,0
20150413,4.42,4.42,4.2536,4.2721,34287,0
20150414,4.2813,4.2813,3.9022,3.9022,18991,0
20150415,4.0594,4.1149,3.9299,3.9669,5859,0
20150416,3.9762,3.9854,3.9299,3.9762,11564,0
20150420,3.9114,3.9114,3.9022,3.9022,969,0
20150421,3.9022,4.0039,3.9022,4.0039,795,0
20150422,4.0039,4.0039,4.0039,4.0039,49,0
20150423,3.9946,4.1241,3.9946,4.1241,2163,0
20150424,3.9207,4.1426,3.9207,4.1426,2243,0
20150427,4.1333,4.1333,4.1333,4.1333,5,0
20150428,4.1333,4.1333,4.1333,4.1333,27,0
20150429,4.1333,4.1796,4.1333,4.1796,7154,0
20150430,4.2073,4.2073,4.2073,4.2073,5,0
20150504,4.1981,4.1981,4.1981,4.1981,973303,0
20150505,4.2073,4.2073,4.1981,4.1981,416368,0
20150506,4.1981,4.1981,4.1981,4.1981,557212,0
20150507,4.0871,4.1981,3.9946,4.1981,811,0
20150508,4.1981,4.1981,4.0686,4.1888,4858,0
20150511,4.1981,4.1981,4.1981,4.1981,30,0
20150512,4.1981,4.1981,4.1981,4.1981,5,0
20150514,4.1888,4.1888,4.1888,4.1888,27,0
20150515,4.1981,4.1981,4.1888,4.1888,433,0
20150518,4.1796,4.1796,4.1796,4.1796,134,0
20150519,4.1981,4.1981,3.9484,4.1888,676,0
20150520,4.1981,4.1981,4.1981,4.1981,10,0
20150521,4.1888,4.1888,4.1888,4.1888,10,0
20150522,4.1888,4.1888,4.1056,4.1056,112,0
20150525,4.1056,4.1888,4.1056,4.1888,554,0
20150526,4.1888,4.1888,4.1888,4.1888,136,0
20150527,4.1888,4.1888,4.1888,4.1888,125,0
20150528,4.1888,4.1888,4.1888,4.1888,56,0
20150529,4.1888,4.1888,4.1888,4.1888,13,0
20150601,4.2073,4.2073,4.2073,4.2073,34,0
20150602,4.2073,4.2073,4.2073,4.2073,108,0
20150603,4.2073,4.2073,4.2073,4.2073,57,0
20150605,4.2073,4.2073,4.2073,4.2073,48,0
20150608,4.2073,4.2073,4.2073,4.2073,93,0
20150609,4.2073,4.2073,4.2073,4.2073,79,0
20150610,4.2073,4.2073,4.0131,4.2073,1604,0
20150611,4.2073,4.2073,4.2073,4.2073,53,0
20150612,4.2073,4.2351,4.2073,4.2351,58,0
20150615,4.2351,4.2351,4.2351,4.2351,19,0
20150616,4.2351,4.2351,4.2351,4.2351,17,0
20150619,4.2905,4.2905,4.2905,4.2905,2163,0
20150622,4.2905,4.2905,4.2905,4.2905,47,0
20150623,4.2905,4.346,4.2905,4.346,3275,0
20150624,4.346,4.346,4.346,4.346,18,0
20150625,4.346,4.346,4.346,4.346,5,0
20150626,4.346,4.346,4.2536,4.346,2195,0
20150629,4.3368,4.3368,4.3368,4.3368,6,0
20150630,4.346,4.346,4.346,4.346,23,0
20150701,4.346,4.346,4.346,4.346,32,0
20150702,4.346,4.346,4.346,4.346,16,0
20150703,4.346,4.346,4.346,4.346,54,0
20150706,4.346,4.346,4.346,4.346,42,0
20150707,4.346,4.346,4.346,4.346,38,0
20150708,4.3275,4.3275,4.3275,4.3275,27,0
20150709,4.3275,4.3275,4.3275,4.3275,32,0
20150710,4.3275,4.3275,4.1796,4.1796,130,0
20150713,4.1426,4.1426,4.1426,4.1426,120,0
20150715,4.1149,4.1149,3.8837,4.1149,6368,0
20150716,4.1149,4.1149,3.9669,4.0501,4445,0
20150717,4.0131,4.0131,4.0131,4.0131,108,0
20150720,4.0131,4.0131,3.9946,3.9946,741,0
20150723,3.9946,3.9946,3.8837,3.8837,1185,0
20150724,3.9577,3.9577,3.8837,3.8837,1406,0
20150727,3.9299,3.9669,3.9299,3.9669,180,0
20150728,3.9669,4.0039,3.9669,4.0039,2210,0
20150729,3.9762,3.9762,3.9762,3.9762,54,0
20150730,3.9762,3.9762,3.9762,3.9762,54,0
20150803,4.0501,4.0501,4.0501,4.0501,130,0
20150810,3.9762,3.9762,3.8282,3.9762,4600,0
20150811,4.0224,4.0224,4.0224,4.0224,54,0
20150812,4.0224,4.0316,4.0224,4.0316,1190,0
20150813,4.0501,4.0686,4.0316,4.0686,1124,0
20150818,4.0501,4.0871,4.0501,4.0779,693,0
20150819,3.9762,4.346,3.9762,4.346,2778,0
20150821,4.346,4.346,4.346,4.346,53,0
20150824,4.2721,4.4385,4.2721,4.4385,5515,0
20150825,4.4385,4.7159,4.2166,4.6419,2657,0
20150826,4.6419,4.9008,4.6419,4.9008,4434,0
20150827,4.9008,4.9008,4.531,4.7991,14445,0
20150828,4.8084,4.8084,4.8084,4.8084,44,0
20150831,4.8084,4.8084,4.6234,4.7159,6547,0
20150901,4.7159,4.7159,4.7159,4.7159,227,0
20150902,4.7159,4.7159,4.5957,4.5957,1781,0
20150903,4.531,4.531,4.531,4.531,443,0
20150908,4.531,4.6697,4.531,4.6697,2379,0
20150909,4.6697,4.6697,4.4662,4.6697,5300,0
20150915,4.6419,4.6419,4.6419,4.6419,433,0
20150922,4.7067,4.7436,4.7067,4.7436,541,0
20150923,4.7436,4.7436,4.7436,4.7436,454,0
20150924,4.7436,4.7436,4.5772,4.7436,2986,0
20150925,4.7436,4.7436,4.7436,4.7436,5,0
20150928,4.7436,4.7436,4.7436,4.7436,9,0
20150929,4.7436,4.7436,4.7344,4.7344,25,0
20150930,4.7436,4.7436,4.7436,4.7436,595,0
20151006,4.7436,4.7436,4.7436,4.7436,24,0
20151007,4.7436,4.7436,4.7436,4.7436,26,0
20151008,4.7436,4.9008,4.7344,4.9008,5775,0
20151009,5.2522,5.2522,5.0026,5.0026,5440,0
20151013,5.132,5.1782,5.132,5.1782,433,0
20151014,5.4834,5.4834,5.132,5.4649,2293,0
20151015,5.1782,5.4834,5.1782,5.4834,662,0
20151016,5.5204,5.5204,5.1782,5.5019,3032,0
20151019,5.4926,5.4926,5.2707,5.2707,19309,0
20151020,5.2892,5.2892,4.8361,4.9286,25278,0
20151021,4.8269,4.8269,4.8176,4.8176,403,0
20151022,4.8823,4.8823,4.8823,4.8823,69,0
20151023,4.8084,4.8084,4.6234,4.6697,46826,0
20151026,4.7621,4.7621,4.7621,4.7621,35,0
20151027,4.7529,4.7899,4.7529,4.7899,5645,0
20151028,4.7529,4.7621,4.7529,4.7621,5826,0
20151029,4.7621,4.7621,4.7621,4.7621,5420,0
20151030,4.7621,4.7621,4.6512,4.6697,55605,0
20151102,4.6974,4.6974,4.6419,4.6419,226,0
20151103,4.6419,4.6419,4.6419,4.6419,25,0
20151104,4.6419,4.6419,4.6419,4.6419,36,0
20151105,4.5495,4.5495,4.5495,4.5495,541,0
20151106,4.4847,4.4847,4.4847,4.4847,108,0
20151116,4.4847,4.4847,4.4847,4.4847,108,0
20151117,4.5032,4.5402,4.5032,4.5402,1763,0
20151118,4.457,4.6142,4.3275,4.6142,7937,0
20151119,4.4385,4.4385,4.4385,4.4385,2774,0
20151120,4.4847,4.4847,4.4847,4.4847,270,0
20151123,4.494,4.494,4.494,4.494,26,0
20151124,4.494,4.494,4.494,4.494,37,0
20151125,4.494,4.494,4.494,4.494,26,0
20151126,4.494,4.494,4.494,4.494,13,0
20151127,4.494,4.494,4.4847,4.4847,24,0
20151130,4.4847,4.4847,4.3275,4.4847,22067,0
20151201,4.4847,4.4847,4.1518,4.3368,11913,0
20151204,4.2073,4.2073,4.2073,4.2073,11,0
20151207,4.2073,4.2073,4.2073,4.2073,13,0
20151208,4.2073,4.2073,4.2073,4.2073,11,0
20151209,4.2073,4.2073,4.2073,4.2073,8,0
20151210,4.2073,4.2073,4.2073,4.2073,63,0
20151211,4.2073,4.2073,4.2073,4.2073,11,0
20151214,4.2073,4.2536,4.2073,4.2536,379,0
20151215,4.2536,4.3275,4.2536,4.3275,2163,0
20151216,4.3183,4.3183,4.3183,4.3183,67,0
20151217,4.3183,4.3183,4.3183,4.3183,8,0
20151218,4.3183,4.3183,4.3183,4.3183,37,0
20151221,4.3183,4.3183,4.3183,4.3183,13,0
20151222,4.3368,4.3368,4.3368,4.3368,48,0
20151223,4.3368,4.3368,4.3368,4.3368,62,0
20151228,4.3368,4.3368,4.3183,4.3183,62,0
20151229,4.3368,4.3368,4.3368,4.3368,12,0
20151230,4.3368,4.3368,4.3368,4.3368,6,0
20160111,4.3368,4.3368,4.2536,4.2536,21,0
20160113,4.2998,4.2998,4.1426,4.2998,1855,0
20160125,4.1888,4.1888,4.1888,4.1888,4,0
20160126,4.1888,4.1888,4.1888,4.1888,5,0
20160127,4.1888,4.1888,4.1888,4.1888,2,0
20160128,4.1888,4.1888,4.1888,4.1888,2,0
20160129,4.1888,4.1888,4.1888,4.1888,12,0
20160201,4.1888,4.1888,4.1888,4.1888,28,0
20160202,4.1888,4.1888,4.1888,4.1888,12,0
20160203,4.1888,4.1888,4.1888,4.1888,11,0
20160204,4.1888,4.1888,4.1888,4.1888,114,0
20160205,4.1888,4.1888,4.1888,4.1888,14,0
20160208,4.1888,4.1888,4.1888,4.1888,6,0
20160209,4.1888,4.1888,4.1888,4.1888,10,0
20160210,4.1888,4.1888,4.0779,4.0779,27,0
20160211,4.0501,4.0686,4.0039,4.0686,2347,0
20160212,4.0686,4.0686,4.0686,4.0686,8,0
20160216,4.0686,4.0686,4.0686,4.0686,11,0
20160217,4.0686,4.0686,4.0686,4.0686,16,0
20160218,3.9762,4.0686,3.9392,4.0686,508,0
20160219,4.0779,4.0779,3.8837,4.0779,2260,0
20160226,4.0594,4.0594,4.0594,4.0594,43,0
20160229,3.9946,4.0779,3.9946,4.0779,3244,0
20160301,4.0779,4.0779,4.0779,4.0779,35,0
20160303,4.1888,4.1888,4.1888,4.1888,292,0
20160304,4.1888,4.1888,4.1888,4.1888,133,0
20160307,4.1888,4.1888,4.1888,4.1888,39,0
20160308,4.1888,4.1888,4.1888,4.1888,40,0
20160309,4.1888,4.1888,4.1149,4.1149,156,0
20160310,4.0686,4.0686,4.0686,4.0686,29,0
20160311,4.0594,4.0594,3.8837,4.0501,2076,0
20160314,3.9114,3.9114,3.9114,3.9114,349,0
20160315,3.8374,3.8374,3.8374,3.8374,151,0
20160316,3.8374,3.8374,3.8374,3.8374,43,0
20160317,3.8374,3.9114,3.8374,3.9114,1959,0
20160318,3.9762,3.9854,3.9762,3.9854,6174,0
20160321,3.9854,3.9854,3.9854,3.9854,16,0
20160322,3.9854,3.9854,3.9854,3.9854,5,0
20160323,3.9854,3.9854,3.9854,3.9854,9,0
20160324,3.9854,3.9854,3.9854,3.9854,12,0
20160329,3.9854,3.9854,3.9854,3.9854,4,0
20160330,3.9854,3.9854,3.9854,3.9854,10,0
20160331,3.9762,3.9854,3.7912,3.9854,13713,0
20160401,3.9854,3.9854,3.9854,3.9854,3,0
20160404,3.9854,3.9854,3.9854,3.9854,493,0
20160405,3.9854,3.9854,3.9854,3.9854,769,0
20160406,3.9854,3.9854,3.9854,3.9854,503,0
20160407,3.9854,3.9854,3.9762,3.9762,162,0
20160408,3.9854,3.9854,3.9854,3.9854,497,0
20160411,3.9854,3.9854,3.9854,3.9854,3,0
20160412,3.9854,3.9854,3.9669,3.9669,497,0
20160413,3.9299,3.9299,3.9299,3.9299,11,0
20160414,3.9484,3.9484,3.9392,3.9392,32,0
20160415,3.9392,3.9762,3.9392,3.9762,245,0
20160418,3.9762,3.9762,3.9762,3.9762,140,0
20160419,3.9762,3.9854,3.9762,3.9762,36,0
20160420,3.9762,3.9854,3.9762,3.9854,1104,0
20160421,3.9854,3.9854,3.9854,3.9854,2067,0
20160422,3.9854,3.9854,3.9854,3.9854,510,0
20160425,3.9854,3.9854,3.9854,3.9854,820,0
20160426,3.9854,3.9854,3.9854,3.9854,254,0
20160427,3.9854,4.0131,3.9854,4.0131,32464,0
20160428,4.0131,4.0594,4.0131,4.0594,119848,0
20160429,4.0594,4.0594,4.0594,4.0594,21651,0
20160502,4.0594,4.0594,4.0594,4.0594,15,0
20160504,4.0594,4.0594,4.0594,4.0594,10827,0
20160505,4.0594,4.0594,4.0594,4.0594,5,0
20160506,4.0964,4.1426,4.0594,4.1426,218686,0
20160509,4.1426,4.1518,4.1149,4.1518,69490,0
20160510,4.1518,4.1796,4.1518,4.1796,32481,0
20160511,4.1796,4.1796,4.1796,4.1796,22006,0
20160512,4.1518,4.1518,4.1518,4.1518,23,0
20160513,4.1796,4.1796,4.1796,4.1796,35,0
20160516,4.1796,4.1796,4.1796,4.1796,11,0
20160517,4.1703,4.1703,4.1703,4.1703,11,0
20160518,4.1611,4.1611,4.1611,4.1611,264,0
20160519,4.1703,4.1703,4.1703,4.1703,128,0
20160520,4.1703,4.1703,4.1611,4.1611,264,0
20160523,4.1703,4.1703,4.1518,4.1518,19,0
20160524,4.1426,4.1426,4.1426,4.1426,5,0
20160525,4.1333,4.1333,4.1333,4.1333,11,0
20160527,4.1333,4.1333,4.1333,4.1333,13,0
20160530,4.1333,4.1333,4.1333,4.1333,16,0
20160531,4.1333,4.1333,4.1333,4.1333,14,0
20160601,4.1149,4.1149,4.1149,4.1149,11,0
20160602,4.1056,4.1056,4.0964,4.0964,38,0
20160603,4.0871,4.0871,4.0871,4.0871,6,0
20160606,4.0779,4.0779,4.0501,4.0501,3306,0
20160607,4.0686,4.0686,4.0594,4.0594,19,0
20160608,4.0501,4.0501,4.0224,4.0224,789,0
20160609,4.0131,4.0131,4.0131,4.0131,38,0
20160610,4.0131,4.0131,4.0131,4.0131,6,0
20160613,4.0131,4.0131,4.0131,4.0131,5,0
20160614,4.0131,4.0131,4.0131,4.0131,89,0
20160615,4.0131,4.0131,4.0131,4.0131,25,0
20160616,4.0131,4.0131,4.0131,4.0131,36,0
20160617,4.0131,4.0131,4.0131,4.0131,19,0
20160620,4.0131,4.0131,4.0131,4.0131,26,0
20160621,3.9762,3.9762,3.9762,3.9762,81,0
20160622,3.9669,3.9762,3.9669,3.9669,911,0
20160623,4.0131,4.0131,4.0131,4.0131,26,0
20160624,3.8837,4.0316,3.8837,4.0316,4678,0
20160627,4.03163,4.03163,4.02238,4.02238,184,0
20160628,4.02238,4.02238,4.02238,4.02238,5,0
20160629,4.01314,4.34603,4.01314,4.34603,62196,0
20160630,4.34603,4.49397,4.33678,4.49397,58800,0
20160701,4.43849,4.48473,4.43849,4.48473,97,0
20160704,4.48473,4.49397,4.34603,4.35527,4424,0
20160705,4.35527,4.44774,4.35527,4.43849,1842,0
20160706,4.42925,4.42925,4.32753,4.42925,15817,0
20160707,4.35527,4.42,4.35527,4.42,1146,0
20160708,4.7,4.7,4.48,4.48,3586,0
20160711,4.6,4.65,4.6,4.65,7585,0
20160712,4.64,4.64,4.5,4.5,2154,0
20160713,4.5,4.52,4.5,4.5,898,0
20160714,4.5,4.5,4.5,4.5,1003,0
20160715,4.49,4.49,4.49,4.49,14,0
20160718,4.49,4.49,4.47,4.47,113,0
20160719,4.47,4.5,4.36,4.5,3828,0
20160720,4.49,4.49,4.45,4.45,493,0
20160721,4.47,4.47,4.45,4.45,222,0
20160722,4.45,4.45,4.45,4.45,3,0
20160725,4.47,4.47,4.46,4.46,255,0
20160726,4.46,4.46,4.25,4.45,12313,0
20160727,4.46,4.46,4.35,4.46,3643,0
20160728,4.46,4.46,4.46,4.46,12,0
20160729,4.46,4.46,4.4,4.4,119,0
20160801,4.4,4.4,4.4,4.4,6,0
20160802,4.4,4.4,4.4,4.4,265,0
20160803,4.43,4.43,4.43,4.43,20,0
20160804,4.43,4.43,4.43,4.43,19,0
20160805,4.43,4.43,4.43,4.43,9,0
20160808,4.4,4.4,4.37,4.37,10846,0
20160809,4.38,4.38,4.38,4.38,42,0
20160810,4.38,4.38,4.38,4.38,15,0
20160811,4.35,4.38,4.35,4.38,42,0
20160812,4.38,4.38,4.38,4.38,10,0
20160816,4.38,4.38,4.38,4.38,3,0
20160817,4.38,4.38,4.36,4.36,475,0
20160818,4.38,4.55,4.38,4.5,545762,0
20160819,4.5,4.5,4.45,4.5,944835,0
20160822,4.49,4.49,4.41,4.48,267,0
20160823,4.41,4.48,4.35,4.47,42680,0
20160824,4.47,4.47,4.47,4.47,50015,0
20160825,4.48,4.48,4.47,4.47,15,0
20160826,4.48,4.48,4.48,4.48,26,0
20160829,4.49,4.49,4.37,4.49,20014,0
20160830,4.49,4.49,4.49,4.49,10,0
20160831,4.49,4.49,4.49,4.49,839,0
20160901,4.49,4.49,4.49,4.49,12,0
20160902,4.49,4.49,4.4,4.46,20299,0
20160905,4.35,4.37,4.35,4.35,1046,0
20160906,4.35,4.48,4.32,4.44,11130,0
20160907,4.44,4.44,4.44,4.44,53,0
20160908,4.44,4.44,4.44,4.44,30,0
20160909,4.44,4.44,4.35,4.35,622,0
20160912,4.42,4.42,4.42,4.42,879,0
20160913,4.42,4.5,4.42,4.5,430804,0
20160914,4.51,4.6,4.5,4.5,10521,0
20160915,4.48,4.58,4.42,4.58,7698,0
20160916,4.57,4.57,4.45,4.55,1125,0
20160919,4.49,4.7,4.42,4.7,17030,0
20160920,4.66,5.09,4.6,5.09,19169,0
20160921,4.85,5.3,4.85,5.25,43854,0
20160922,5.25,5.46,5.17,5.37,1564,0
20160923,5.42,5.5,5.2,5.5,4042,0
20160926,5.5,5.93,5.4,5.79,8952,0
20160927,5.89,6.16,5.44,6.02,7879,0
20160928,6.16,6.2,6,6.1,9720,0
20160929,6.1,6.1,5.85,6.05,4186,0
20160930,5.9,6.1,5.9,6.1,7107,0
20161003,6.1,6.2,6.1,6.15,1020,0
20161004,6.19,6.19,6,6,475,0
20161005,6,6,6,6,8,0
20161006,6,6,6,6,3270,0
20161007,6.05,6.05,6.05,6.05,2000,0
20161011,6.08,6.08,6.08,6.08,8,0
20161012,6.1,6.15,6.02,6.02,606,0
20161013,6.05,6.05,5.9,5.9,32,0
20161014,6,6,6,6,3,0
20161017,6,6,5.65,5.75,991,0
20161018,5.85,5.95,5.85,5.95,475,0
20161019,5.99,6,5.99,6,340,0
20161020,6,6.05,6,6.05,1626,0
20161021,6.05,6.05,6.05,6.05,2,0
20161024,6.04,6.15,5.71,6.15,1745,0
20161025,6.15,6.2,6.15,6.19,1238,0
20161026,6.19,6.19,6.19,6.19,3,0
20161027,6.19,6.19,6.19,6.19,1003,0
20161028,6.19,6.19,6.19,6.19,3,0
20161031,6.16,6.2,6.07,6.2,12217,0
20161102,6.2,6.2,6.2,6.2,2256,0
20161103,6.18,6.18,6.09,6.09,702,0
20161104,6.05,6.05,6,6.05,842,0
20161107,5.92,5.92,5.68,5.85,4705,0
