Date,Open,High,Low,Close,Volume,OpenInt
20080401,33.934,38.006,33.331,37.102,219404,0
20080402,38.232,38.307,36.121,36.196,54459,0
20080403,37.252,37.252,35.668,36.196,24972,0
20080404,36.574,36.574,35.215,36.196,9358,0
20080407,36.121,36.951,35.141,35.442,33743,0
20080408,35.215,35.215,34.085,34.386,14803,0
20080409,34.386,36.799,34.009,35.668,397616,0
20080410,36.497,36.875,35.518,36.574,4437,0
20080411,37.704,40.645,37.704,38.458,136027,0
20080414,38.081,38.76,36.951,38.685,15334,0
20080415,39.213,39.891,37.704,37.704,45988,0
20080416,38.458,38.534,36.951,36.951,23274,0
20080417,37.553,37.704,36.574,37.176,8212,0
20080418,37.176,37.704,35.894,37.102,19399,0
20080421,38.006,38.006,36.574,36.724,6179,0
20080422,36.951,36.951,35.065,35.366,29244,0
20080423,35.292,35.743,34.537,34.838,16009,0
20080424,35.141,35.894,34.687,35.292,10023,0
20080425,36.271,36.271,34.764,36.271,15736,0
20080428,36.875,37.403,36.271,36.951,13054,0
20080429,36.724,36.875,36.271,36.497,1530,0
20080430,36.046,36.648,36.046,36.648,9589,0
20080505,37.704,37.704,36.196,36.799,3832,0
20080506,36.648,36.724,36.196,36.724,5556,0
20080507,36.724,36.875,36.271,36.799,8822,0
20080508,36.196,36.875,35.97,36.271,3634,0
20080509,36.196,36.271,35.366,35.668,34443,0
20080512,36.196,36.497,35.442,36.196,4429,0
20080513,36.271,36.423,35.819,36.271,5962,0
20080514,37.553,37.553,35.97,36.121,6963,0
20080515,35.97,36.799,35.819,36.497,58096,0
20080516,37.478,38.912,37.252,38.912,82770,0
20080519,39.213,40.721,39.213,40.645,53936,0
20080520,40.645,42.078,39.967,40.57,104826,0
20080521,40.57,40.872,39.062,40.721,48712,0
20080523,41.474,42.229,40.721,41.474,11710,0
20080526,41.776,41.776,40.117,40.419,3530,0
20080527,38.835,40.495,38.835,39.967,4883,0
20080528,40.193,41.097,39.287,40.946,10506,0
20080529,40.946,41.4,39.741,41.173,3208,0
20080530,41.097,41.248,40.344,40.645,54026,0
20080602,40.117,40.721,39.967,40.042,2994,0
20080603,40.57,41.776,39.59,41.474,112706,0
20080604,41.852,43.284,41.4,41.4,7312,0
20080605,41.852,41.852,40.721,41.324,2465,0
20080606,41.474,42.153,41.023,41.474,128620,0
20080609,40.495,40.645,39.59,40.57,14362,0
20080610,39.967,41.173,39.287,39.59,24032,0
20080611,40.268,40.344,38.307,39.439,80606,0
20080612,38.534,39.287,38.384,38.534,74618,0
20080613,38.307,38.458,37.704,38.081,56644,0
20080616,38.912,38.912,38.081,38.534,13635,0
20080617,38.307,38.912,38.307,38.835,33638,0
20080618,39.136,39.59,38.006,38.006,24127,0
20080619,38.76,39.59,38.006,39.287,20385,0
20080620,39.815,39.815,38.534,38.835,33195,0
20080623,38.835,38.835,36.271,36.574,69818,0
20080624,36.574,37.78,36.347,36.799,32214,0
20080625,37.327,38.157,36.799,37.704,32868,0
20080626,37.855,38.609,37.704,38.609,40708,0
20080627,37.704,37.78,37.025,37.629,27255,0
20080630,37.629,38.006,37.025,37.327,44264,0
20080701,38.006,38.006,36.423,36.574,22715,0
20080702,36.347,37.478,35.894,35.97,8693,0
20080703,35.065,35.819,33.934,33.934,93264,0
20080704,34.537,34.537,31.672,33.18,859378,0
20080707,33.18,33.255,31.822,32.727,4793,0
20080708,32.048,33.029,30.465,31.294,13428,0
20080709,31.37,32.576,31.294,32.426,3154,0
20080710,32.125,33.708,30.315,31.672,145320,0
20080711,31.973,31.973,30.917,31.521,8250,0
20080714,32.275,32.275,29.56,29.937,16128,0
20080715,29.937,30.238,28.806,28.956,163739,0
20080716,28.655,30.164,28.655,29.787,7741,0
20080717,30.616,32.35,30.616,32.275,10199,0
20080718,32.35,32.426,31.672,32.199,2958,0
20080721,32.199,34.613,32.199,34.236,5870,0
20080722,33.934,34.16,33.331,33.405,3790,0
20080723,34.085,36.724,34.085,36.724,28581,0
20080724,36.799,37.025,35.518,36.196,15943,0
20080725,35.442,38.609,34.764,38.157,38424,0
20080728,38.081,39.891,37.931,38.534,137995,0
20080729,38.384,38.534,38.006,38.534,25364,0
20080730,39.514,40.268,38.081,38.534,98596,0
20080731,38.534,38.534,37.025,37.553,15710,0
20080801,37.704,38.534,37.025,38.458,4435,0
20080804,38.081,38.081,36.648,37.553,6369,0
20080805,37.553,38.081,36.951,38.081,95360,0
20080806,38.76,38.76,37.403,37.403,26924,0
20080807,37.327,37.704,36.799,37.403,112703,0
20080808,37.403,37.931,37.102,37.704,1202,0
20080811,37.704,39.136,37.704,38.458,115361,0
20080812,38.76,39.213,38.458,38.458,59670,0
20080813,39.062,39.062,38.307,38.76,5536,0
20080814,39.59,39.967,39.213,39.514,110263,0
20080818,39.59,40.193,38.912,40.042,30258,0
20080819,39.59,39.815,38.307,38.835,12594,0
20080820,39.213,39.213,38.534,39.213,6555,0
20080821,39.891,39.891,38.835,38.986,1396,0
20080822,38.986,39.59,38.835,39.514,21859,0
20080825,39.514,39.815,39.439,39.514,1915,0
20080826,39.59,39.59,39.439,39.59,7605,0
20080827,39.062,39.59,39.062,39.363,31017,0
20080828,39.363,39.439,38.685,39.439,5725,0
20080829,39.213,39.741,38.986,39.514,6415,0
20080901,39.741,39.741,38.986,39.213,17602,0
20080902,39.741,41.023,39.741,40.419,27982,0
20080903,40.193,40.721,40.042,40.117,18197,0
20080904,40.645,44.114,40.645,42.229,65908,0
20080905,41.023,41.852,40.721,40.721,33841,0
20080908,41.776,42.531,40.57,40.721,7964,0
20080909,41.474,41.474,39.891,40.117,4113,0
20080910,39.741,39.967,39.287,39.891,18023,0
20080911,39.514,41.474,39.439,41.324,7985,0
20080912,41.248,42.907,41.097,42.38,83494,0
20080915,41.474,41.474,40.117,40.495,12563,0
20080916,39.967,40.57,37.855,38.006,29401,0
20080917,39.213,39.59,36.875,37.327,30067,0
20080918,35.743,37.704,34.687,36.875,102254,0
20080919,38.534,39.136,37.704,38.986,14797,0
20080922,39.213,40.419,38.685,38.685,6235,0
20080923,38.081,38.081,37.176,37.704,10913,0
20080924,38.232,38.232,37.403,38.081,4355,0
20080925,37.704,38.685,37.704,38.534,10812,0
20080926,38.458,38.458,37.553,37.78,4630,0
20080929,37.704,38.006,36.951,37.403,10228,0
20080930,36.271,39.741,36.196,38.835,36688,0
20081001,39.136,39.891,38.232,38.458,3042,0
20081002,38.76,38.835,38.006,38.232,1624,0
20081003,38.912,38.912,37.176,38.157,9768,0
20081006,37.252,38.081,36.648,37.252,16278,0
20081007,37.704,38.081,35.819,37.704,16518,0
20081008,36.046,37.327,35.442,36.574,17100,0
20081009,36.951,37.102,35.518,36.196,9375,0
20081010,34.009,35.065,31.898,32.576,147577,0
20081013,33.934,35.97,33.934,35.442,52305,0
20081014,37.704,38.081,36.121,36.121,15871,0
20081015,36.121,36.574,34.838,35.442,12847,0
20081016,34.16,36.196,33.18,35.442,139494,0
20081017,37.176,37.176,34.085,35.215,18560,0
20081020,36.121,36.497,36.046,36.196,87122,0
20081021,36.799,36.799,35.819,35.819,6692,0
20081022,35.442,36.423,34.613,35.065,5881,0
20081023,34.311,35.518,32.576,34.687,50174,0
20081024,34.838,34.99,34.009,34.386,55320,0
20081027,35.366,35.366,33.783,34.463,27756,0
20081028,35.366,35.593,34.16,34.613,29218,0
20081029,35.819,35.819,34.687,34.687,32244,0
20081030,35.366,35.668,34.687,34.838,9644,0
20081031,34.838,34.99,34.386,34.99,5330,0
20081103,35.442,36.724,35.366,36.196,10932,0
20081104,36.574,36.799,36.271,36.497,13856,0
20081105,36.724,36.799,35.894,36.574,9378,0
20081106,36.046,36.046,35.593,35.743,4273,0
20081107,35.668,35.97,34.687,35.065,7098,0
20081110,35.141,35.819,35.065,35.366,1011,0
20081112,35.292,35.442,33.632,33.632,36330,0
20081113,33.18,34.764,33.18,33.708,31289,0
20081114,35.215,35.215,34.311,34.764,13012,0
20081117,35.292,36.121,33.934,33.934,51603,0
20081118,34.613,34.687,33.632,34.613,26715,0
20081119,35.292,35.292,34.311,34.386,6141,0
20081120,33.783,33.858,33.18,33.482,22686,0
20081121,33.708,34.537,33.18,33.18,21514,0
20081124,34.613,34.613,32.048,33.858,578883,0
20081125,33.934,34.386,33.557,33.934,15447,0
20081126,33.934,34.16,33.783,33.858,12130,0
20081127,33.783,34.236,33.783,33.858,21943,0
20081128,33.934,33.934,33.482,33.482,13198,0
20081201,33.18,33.18,32.199,32.502,15399,0
20081202,32.199,32.877,31.068,32.125,9958,0
20081203,32.125,32.954,31.898,32.125,7904,0
20081204,32.426,32.426,31.822,32.048,5647,0
20081205,32.048,32.275,31.672,32.275,1337,0
20081208,32.426,33.104,32.048,32.275,27162,0
20081209,32.502,32.502,31.445,31.973,16282,0
20081210,32.048,32.426,31.521,31.672,16202,0
20081211,31.973,31.973,31.294,31.672,38047,0
20081212,31.068,31.596,30.917,30.917,8940,0
20081215,31.068,31.294,30.766,30.917,1962,0
20081216,30.917,30.993,30.616,30.616,6865,0
20081217,30.465,32.048,30.465,31.672,11334,0
20081218,31.672,31.672,30.917,31.219,12768,0
20081219,30.993,30.993,30.541,30.692,32674,0
20081222,30.692,30.766,30.164,30.541,10699,0
20081223,30.238,30.692,30.164,30.465,11262,0
20081229,30.541,30.541,30.315,30.465,9435,0
20081230,30.465,30.541,30.013,30.013,32716,0
20081231,30.164,30.541,30.164,30.465,1401,0
20090105,30.541,32.048,30.315,31.521,75628,0
20090106,31.898,33.405,31.521,32.426,20179,0
20090107,33.405,33.405,31.822,31.822,11076,0
20090108,31.822,32.125,31.521,31.521,16704,0
20090109,31.672,31.672,30.843,31.068,19107,0
20090112,31.068,31.068,30.541,30.616,4418,0
20090113,30.541,30.541,29.862,30.164,83385,0
20090114,30.088,30.164,29.636,29.711,49089,0
20090115,29.787,30.164,28.731,30.013,14642,0
20090116,30.088,30.315,29.711,29.787,4408,0
20090119,29.56,30.315,29.56,29.711,75111,0
20090120,29.409,29.787,29.409,29.409,1262,0
20090121,29.409,29.409,29.033,29.108,30815,0
20090122,29.033,29.259,27.373,27.826,12981,0
20090123,28.203,28.203,25.789,26.016,22252,0
20090126,25.715,25.715,23.678,25.639,81959,0
20090127,26.092,28.655,26.092,27.147,175665,0
20090128,27.901,27.901,27.524,27.75,30981,0
20090129,27.901,28.882,27.147,27.977,86208,0
20090130,27.449,28.956,27.449,28.278,8838,0
20090202,28.731,29.56,27.901,28.655,8780,0
20090203,28.278,28.354,27.901,27.901,21924,0
20090204,27.977,28.354,26.016,26.468,24704,0
20090205,26.544,26.544,25.789,26.243,16168,0
20090206,26.393,27.298,25.488,26.921,20398,0
20090209,26.77,26.921,26.016,26.468,43638,0
20090210,26.317,27.373,26.092,27.223,11607,0
20090211,26.77,27.223,26.317,27.223,2622,0
20090212,26.921,27.072,26.393,26.393,905,0
20090213,27.298,27.298,26.468,26.996,1094,0
20090216,26.996,27.373,26.468,26.468,2468,0
20090217,26.468,27.147,26.016,26.468,5581,0
20090218,26.619,26.619,24.885,25.639,15014,0
20090219,25.639,26.77,25.262,26.77,3499,0
20090220,26.695,26.695,26.016,26.393,710,0
20090223,26.77,26.77,25.789,26.317,3395,0
20090224,25.865,26.544,25.715,25.789,1974,0
20090225,26.393,26.393,25.789,26.317,1194,0
20090226,26.393,26.393,25.262,25.789,5408,0
20090227,26.544,26.544,25.789,25.865,2628,0
20090302,25.639,26.243,24.282,25.639,15725,0
20090303,25.639,26.77,25.639,26.544,18104,0
20090304,26.393,26.996,26.092,26.996,5598,0
20090305,26.996,28.127,26.996,27.147,95015,0
20090306,26.996,29.334,26.393,29.259,11540,0
20090309,29.334,29.937,28.655,29.259,33469,0
20090310,29.711,29.711,28.731,29.409,17831,0
20090311,29.711,30.088,29.108,30.013,6096,0
20090312,29.787,29.787,28.731,28.956,3109,0
20090313,29.636,29.636,28.203,28.428,6320,0
20090316,28.278,28.428,27.298,28.278,6493,0
20090317,28.203,29.636,27.524,29.484,12695,0
20090318,29.937,31.822,29.937,31.37,24949,0
20090319,31.898,31.898,29.787,30.013,39716,0
20090320,29.183,30.465,29.183,30.164,11151,0
20090323,30.465,30.465,29.033,29.334,13867,0
20090324,29.787,30.465,29.108,30.164,18362,0
20090325,30.238,30.616,29.862,30.238,16712,0
20090326,30.541,30.541,29.711,29.787,31085,0
20090327,30.088,30.088,29.334,30.088,8892,0
20090330,30.164,30.164,28.655,28.731,10030,0
20090331,28.731,29.56,28.731,29.409,1663,0
20090401,29.937,29.937,29.033,29.334,638,0
20090402,29.484,30.164,29.409,30.088,13557,0
20090403,30.013,31.068,29.711,30.013,28204,0
20090406,30.164,30.993,29.862,30.013,11659,0
20090407,29.862,31.219,29.711,31.068,12873,0
20090408,29.862,30.389,29.636,30.389,34820,0
20090409,30.616,30.766,30.013,30.465,47331,0
20090414,30.465,30.692,30.088,30.164,14751,0
20090415,30.164,30.692,30.164,30.692,25431,0
20090416,30.692,31.822,30.465,30.843,32967,0
20090417,31.068,32.199,30.692,31.37,27215,0
20090420,31.973,31.973,30.465,30.993,17717,0
20090421,30.766,31.219,30.541,31.144,55471,0
20090422,31.294,31.596,30.766,30.917,12890,0
20090423,30.993,31.219,30.766,30.917,38744,0
20090424,30.917,32.653,30.541,32.426,178414,0
20090427,32.803,34.085,32.275,32.502,95910,0
20090428,32.426,32.426,31.37,31.898,35036,0
20090429,31.898,32.727,31.596,32.199,24156,0
20090430,32.426,32.727,32.199,32.727,38633,0
20090504,33.104,33.783,32.803,32.954,20604,0
20090505,33.18,33.18,32.048,32.426,19938,0
20090506,32.426,32.803,31.747,32.803,33118,0
20090507,33.18,33.18,32.048,32.125,16852,0
20090508,31.898,32.048,30.917,31.445,20518,0
20090511,31.068,31.144,30.238,30.766,14379,0
20090512,30.917,31.973,30.465,31.973,18290,0
20090513,31.822,31.973,31.219,31.521,4039,0
20090514,30.692,31.822,30.692,31.521,2467,0
20090515,30.692,30.917,30.164,30.389,17832,0
20090518,30.465,31.822,30.164,31.822,15347,0
20090519,30.993,31.747,30.465,31.445,8744,0
20090520,31.445,31.596,30.917,31.445,4929,0
20090521,30.917,32.35,30.917,32.35,11261,0
20090522,31.672,33.029,31.596,32.653,22108,0
20090525,33.029,33.104,31.822,31.973,32041,0
20090526,32.275,32.275,31.144,31.672,4242,0
20090527,32.275,32.275,31.294,31.294,21393,0
20090528,31.219,31.219,30.766,30.766,2897,0
20090529,30.926,31.314,29.686,29.686,72447,0
20090601,29.409,30.013,28.731,30.013,72087,0
20090602,30.013,30.013,29.108,29.183,35707,0
20090603,29.56,29.56,28.731,28.882,12824,0
20090604,28.956,29.937,28.882,29.183,30727,0
20090605,29.183,29.56,28.882,28.956,28298,0
20090608,29.033,29.409,28.655,28.731,12486,0
20090609,28.731,28.956,28.428,28.655,7768,0
20090610,28.731,31.294,28.731,31.294,58318,0
20090612,30.465,30.766,30.164,30.164,31991,0
20090615,30.238,30.238,29.033,29.636,5742,0
20090616,28.806,29.033,28.505,28.655,33249,0
20090617,28.58,28.655,27.449,27.524,46325,0
20090618,27.524,27.599,26.845,27.223,24792,0
20090619,27.298,28.428,27.298,28.203,4486,0
20090622,28.203,28.278,26.996,26.996,7726,0
20090623,26.619,27.223,26.317,26.695,26835,0
20090624,26.921,27.449,26.695,26.845,16916,0
20090625,26.996,27.147,25.865,26.695,11863,0
20090626,26.996,26.996,26.243,26.317,9819,0
20090629,26.77,26.77,26.243,26.393,7825,0
20090630,26.393,26.544,26.243,26.243,23597,0
20090701,26.092,26.544,25.639,26.393,176565,0
20090702,26.695,27.147,25.94,27.147,53687,0
20090703,27.524,29.033,26.393,27.75,583818,0
20090706,28.127,28.127,26.393,26.393,46168,0
20090707,26.544,26.996,26.393,26.393,15643,0
20090708,26.544,27.147,26.092,27.072,16693,0
20090709,27.373,27.901,27.373,27.599,14152,0
20090710,27.826,27.901,27.298,27.599,14156,0
20090713,27.373,27.373,27.147,27.147,31066,0
20090714,27.373,27.599,27.147,27.599,7893,0
20090715,27.75,28.203,27.599,28.203,22993,0
20090716,28.278,28.882,28.203,28.58,54876,0
20090717,28.655,29.033,28.505,28.505,10386,0
20090720,28.523,28.678,27.981,28.213,15728,0
20090721,28.368,28.446,28.058,28.213,2787,0
20090722,28.601,28.601,27.671,27.903,37596,0
20090723,27.903,27.903,27.593,27.593,69260,0
20090724,27.903,28.291,27.593,27.903,16998,0
20090727,27.981,28.291,27.826,27.826,14278,0
20090728,28.291,28.523,27.826,28.291,7319,0
20090729,28.523,28.988,28.368,28.678,43137,0
20090730,28.988,28.988,28.678,28.678,35858,0
20090731,28.988,29.376,28.911,29.298,89871,0
20090803,29.376,32.166,29.298,31.159,156651,0
20090804,31.856,31.856,31.004,31.236,155560,0
20090805,31.391,31.779,30.461,30.616,63189,0
20090806,31.159,31.314,30.694,31.004,69726,0
20090807,31.236,31.236,30.539,30.694,23853,0
20090810,30.771,30.849,29.996,30.229,21022,0
20090811,30.074,30.771,29.996,30.229,32785,0
20090812,30.229,30.229,29.686,30.229,11542,0
20090813,30.616,31.159,29.919,30.229,40575,0
20090814,30.229,30.461,29.764,29.919,25507,0
20090817,29.764,29.764,28.523,28.911,27226,0
20090818,28.911,29.686,28.523,29.686,28199,0
20090819,29.453,29.764,29.143,29.764,3871,0
20090820,30.306,30.926,29.841,30.461,22526,0
20090821,30.229,30.616,29.996,30.461,18652,0
20090824,31.236,32.166,31.081,31.779,105529,0
20090825,32.166,32.166,31.391,31.779,32499,0
20090826,31.934,31.934,30.616,30.771,42062,0
20090827,30.849,31.624,29.066,29.066,76367,0
20090828,29.841,31.469,29.841,31.236,52158,0
20090831,31.391,31.856,31.004,31.546,25627,0
20090901,31.469,31.546,30.229,31.004,17204,0
20090902,29.608,30.616,29.531,30.074,22439,0
20090903,30.229,30.771,30.151,30.306,7395,0
20090904,31.004,31.391,30.849,31.081,22321,0
20090907,31.081,31.546,30.926,31.159,21840,0
20090908,31.236,31.391,30.771,30.926,18151,0
20090909,30.849,31.004,30.306,30.771,4113,0
20090910,30.849,31.004,30.229,30.229,12995,0
20090911,30.616,30.849,30.151,30.229,10057,0
20090914,30.151,30.151,28.523,29.143,15300,0
20090915,29.996,29.996,29.298,29.919,6010,0
20090916,30.074,30.849,29.453,30.616,11776,0
20090917,30.616,30.849,29.996,30.306,12041,0
20090918,30.229,30.461,29.841,30.384,6190,0
20090921,30.461,30.771,29.764,30.461,6893,0
20090922,30.229,30.616,30.151,30.539,76717,0
20090923,30.616,31.004,30.616,30.694,7610,0
20090924,30.229,30.694,30.229,30.229,2803,0
20090925,30.694,30.926,30.229,30.229,8558,0
20090928,30.616,30.771,30.229,30.694,6732,0
20090929,30.771,30.771,30.151,30.151,6021,0
20090930,30.616,30.849,29.841,30.384,15712,0
20091001,30.229,30.229,29.841,29.919,4824,0
20091002,29.686,29.764,28.678,29.066,15381,0
20091005,29.298,29.764,28.756,29.764,2511,0
20091006,29.841,30.229,29.221,30.151,2947,0
20091007,30.229,30.229,29.686,29.764,2952,0
20091008,29.764,30.151,29.764,29.764,2735,0
20091009,29.996,30.074,29.686,30.074,2195,0
20091012,30.074,30.151,29.764,29.841,1661,0
20091013,29.686,29.764,29.298,29.608,3822,0
20091014,29.608,30.074,29.453,29.453,5887,0
20091015,29.841,29.996,29.453,29.531,3040,0
20091016,29.764,29.764,28.911,28.911,8132,0
20091019,29.143,29.298,28.678,28.911,24460,0
20091020,29.066,29.066,28.291,28.291,26254,0
20091021,28.601,28.988,28.058,28.756,19285,0
20091022,28.911,29.608,28.911,29.453,152209,0
20091023,29.841,30.539,29.841,30.539,27179,0
20091026,30.539,30.539,29.531,30.151,4803,0
20091027,29.919,30.074,29.531,29.919,9136,0
20091028,29.608,30.074,29.608,29.686,5626,0
20091029,29.453,29.764,29.066,29.376,9672,0
20091030,29.686,29.686,29.221,29.453,10272,0
20091102,29.453,29.453,28.988,28.988,8472,0
20091103,29.066,29.376,29.066,29.066,17672,0
20091104,29.221,29.841,29.066,29.841,87744,0
20091105,30.151,30.151,29.919,29.996,1456,0
20091106,30.151,30.151,29.453,29.841,10795,0
20091109,29.919,30.229,29.686,30.229,3672,0
20091110,30.229,30.306,29.841,30.074,3541,0
20091112,30.229,30.229,29.996,30.074,5832,0
20091113,30.151,30.229,29.453,29.686,6769,0
20091116,29.686,30.151,29.686,29.764,5174,0
20091117,30.229,30.694,29.841,30.074,22227,0
20091118,30.229,30.461,29.764,29.764,69458,0
20091119,29.764,29.919,29.376,29.453,41541,0
20091120,29.453,29.453,29.143,29.221,7558,0
20091123,29.221,30.616,28.911,30.616,35054,0
20091124,30.616,30.694,30.151,30.306,8983,0
20091125,30.384,30.384,29.841,30.384,63464,0
20091126,30.461,30.461,29.919,30.306,17083,0
20091127,29.453,29.841,29.453,29.764,4217,0
20091130,29.996,29.996,29.453,29.531,1148,0
20091201,29.531,30.616,29.453,29.608,76312,0
20091202,29.686,30.074,29.608,29.841,3813,0
20091203,30.229,30.771,29.764,30.539,42581,0
20091204,30.771,32.941,30.616,32.321,93803,0
20091207,32.554,32.554,31.081,31.701,27900,0
20091208,31.779,32.321,31.701,31.856,63118,0
20091209,31.856,32.011,31.469,31.546,15247,0
20091210,31.469,31.701,31.314,31.701,26603,0
20091211,31.779,32.321,31.701,32.089,22387,0
20091214,32.166,32.941,31.934,32.011,22027,0
20091215,32.166,33.251,32.089,33.096,32574,0
20091216,33.096,33.639,32.321,32.941,86025,0
20091217,32.631,32.941,32.631,32.709,24110,0
20091218,32.554,33.019,32.399,32.709,21344,0
20091221,32.709,32.941,32.476,32.709,19788,0
20091222,32.631,32.709,32.244,32.476,87125,0
20091223,32.244,32.476,32.166,32.166,38704,0
20091228,32.089,32.399,32.089,32.244,15809,0
20091229,32.399,32.399,31.779,32.321,21647,0
20091230,31.934,32.321,31.934,32.166,4084,0
20091231,32.399,32.399,31.934,32.244,4788,0
20100104,31.934,31.934,31.546,31.701,18550,0
20100105,31.701,31.934,31.624,31.779,41543,0
20100106,32.166,32.166,31.856,31.934,52391,0
20100107,31.856,32.089,31.546,31.701,8472,0
20100108,31.779,31.934,31.546,31.856,3456,0
20100111,31.779,32.011,31.701,31.779,28050,0
20100112,31.779,31.856,31.469,31.856,4380,0
20100113,31.779,31.856,31.469,31.779,3724,0
20100114,31.856,31.934,31.779,31.934,3123,0
20100115,32.011,32.554,31.934,32.399,12136,0
20100118,32.476,32.476,32.011,32.321,6114,0
20100119,32.476,32.554,32.166,32.244,4681,0
20100120,32.476,32.476,32.089,32.321,4387,0
20100121,32.166,32.244,31.934,31.934,7791,0
20100122,31.779,31.934,30.616,31.314,9946,0
20100125,30.849,31.779,30.694,31.236,10026,0
20100126,31.081,31.236,30.849,31.004,5647,0
20100127,30.771,31.391,30.694,31.081,2227,0
20100128,31.081,31.546,31.081,31.391,5158,0
20100129,31.159,31.701,31.159,31.624,8874,0
20100201,31.624,31.624,31.159,31.546,1220,0
20100202,31.314,31.391,31.159,31.236,4154,0
20100203,31.469,31.469,31.004,31.469,3842,0
20100204,31.546,31.546,31.004,31.159,151592,0
20100205,29.841,30.616,29.841,30.616,11720,0
20100208,30.849,31.004,29.919,30.151,5048,0
20100209,30.151,30.926,29.841,30.849,2130,0
20100210,30.771,30.926,30.151,30.151,7214,0
20100211,30.229,30.616,29.841,30.151,5630,0
20100212,30.151,30.229,30.074,30.229,405,0
20100215,30.151,30.539,29.919,30.539,1872,0
20100216,30.616,30.771,30.229,30.229,2335,0
20100217,30.616,30.849,30.306,30.539,3896,0
20100218,30.616,31.004,30.616,30.926,7523,0
20100219,30.694,30.771,30.616,30.771,8306,0
20100222,30.694,32.166,30.616,32.166,15681,0
20100223,32.089,32.166,31.546,31.934,11227,0
20100224,31.391,31.934,31.159,31.934,5471,0
20100225,31.779,32.011,31.391,31.391,5061,0
20100226,31.469,31.856,31.469,31.779,2237,0
20100301,31.779,32.011,31.624,31.779,3286,0
20100302,31.779,31.779,31.469,31.779,2477,0
20100303,32.166,32.166,31.624,31.779,1551,0
20100304,31.391,31.934,31.391,31.779,11894,0
20100305,31.779,31.856,31.546,31.856,2390,0
20100308,31.779,31.779,31.469,31.624,2905,0
20100309,31.701,31.779,31.391,31.779,5341,0
20100310,31.469,31.856,31.469,31.624,70673,0
20100311,31.624,31.701,31.469,31.546,22718,0
20100312,31.546,31.624,31.469,31.546,9749,0
20100315,30.926,31.701,30.926,31.236,6692,0
20100316,31.391,31.934,31.159,31.701,56645,0
20100317,31.779,31.856,31.391,31.779,37559,0
20100318,31.391,31.779,31.391,31.779,24105,0
20100319,31.779,33.174,31.779,32.941,70185,0
20100322,33.251,33.716,32.166,33.716,32031,0
20100323,33.639,34.724,33.639,34.104,69247,0
20100324,33.716,34.104,33.716,33.872,48752,0
20100325,33.872,36.584,33.872,36.429,187792,0
20100326,36.352,36.429,35.654,36.197,46625,0
20100329,36.352,36.352,34.879,35.499,19686,0
20100330,35.654,35.654,34.879,35.499,112014,0
20100331,35.422,35.732,35.034,35.732,11604,0
20100401,35.499,35.732,34.879,35.732,10183,0
20100406,35.654,35.732,35.267,35.732,19360,0
20100407,35.654,35.732,35.189,35.654,11809,0
20100408,35.112,35.112,34.104,34.724,119566,0
20100409,34.724,35.267,34.647,34.879,6299,0
20100412,34.104,35.267,34.104,34.957,4003,0
20100413,34.104,35.112,34.104,34.957,46153,0
20100414,34.957,35.654,34.337,34.879,10179,0
20100415,34.879,35.422,34.647,35.112,9045,0
20100416,35.189,35.189,34.647,34.879,14338,0
20100419,34.569,34.569,33.329,34.337,7867,0
20100420,34.724,34.724,33.716,34.724,2300,0
20100421,34.337,34.647,34.337,34.647,1122,0
20100422,34.647,34.647,34.259,34.492,7755,0
20100423,34.259,34.647,34.259,34.647,2102,0
20100426,34.647,35.654,34.337,35.344,15313,0
20100427,35.344,35.344,34.104,34.182,7778,0
20100428,34.104,34.724,33.019,33.019,13573,0
20100429,33.174,33.872,33.174,33.174,17227,0
20100430,33.872,33.872,33.174,33.174,14436,0
20100504,33.174,33.174,32.554,32.864,1226,0
20100505,32.554,32.554,31.779,32.089,16831,0
20100506,31.701,32.476,30.539,30.694,30784,0
20100507,29.919,31.391,29.764,30.694,10778,0
20100510,31.081,32.321,31.081,31.856,4405,0
20100511,31.934,31.934,31.391,31.469,4244,0
20100512,31.856,31.934,31.469,31.934,620,0
20100513,32.011,32.321,31.779,31.934,3338,0
20100514,31.856,31.856,31.391,31.391,2634,0
20100517,31.004,31.779,31.004,31.469,22198,0
20100518,31.701,32.321,31.624,32.166,21168,0
20100519,31.391,31.546,30.694,30.771,33600,0
20100520,30.771,30.771,29.453,29.764,22912,0
20100521,29.996,30.306,29.686,29.764,11629,0
20100524,30.539,31.159,30.151,31.081,3772,0
20100525,30.151,31.159,30.151,31.004,9341,0
20100526,31.159,33.019,31.159,33.019,8672,0
20100527,32.554,33.329,32.166,33.096,10286,0
20100528,32.941,33.329,32.941,33.251,7611,0
20100531,32.089,33.251,32.089,33.174,2146,0
20100601,33.251,33.251,32.786,32.941,12812,0
20100602,32.709,32.786,32.631,32.709,613,0
20100604,33.174,33.251,31.934,32.399,2390,0
20100607,31.546,32.476,31.159,32.166,58687,0
20100608,32.011,32.709,31.779,32.554,19480,0
20100609,32.709,33.019,32.554,33.019,2351,0
20100610,32.941,33.329,32.631,33.329,3221,0
20100611,33.329,33.561,33.251,33.484,12516,0
20100614,33.484,33.639,32.554,33.329,28498,0
20100615,33.329,33.484,32.631,33.484,46395,0
20100616,33.561,33.561,33.096,33.484,3202,0
20100617,33.329,33.716,33.329,33.329,20812,0
20100618,32.941,32.941,32.941,32.941,65,0
20100621,33.484,33.561,33.329,33.406,216,0
20100622,33.484,33.484,33.329,33.329,18997,0
20100623,33.561,33.561,33.251,33.251,1296,0
20100624,33.251,33.329,33.019,33.329,470,0
20100625,33.251,33.251,32.941,33.096,4985,0
20100628,32.786,32.941,32.786,32.941,6812,0
20100629,32.941,32.941,32.321,32.554,1641,0
20100630,32.244,33.329,32.244,32.399,95091,0
20100701,32.399,32.554,32.399,32.554,1375,0
20100702,32.554,32.554,32.476,32.476,2026,0
20100705,32.166,32.554,32.166,32.554,74932,0
20100706,32.554,32.941,32.554,32.554,2229,0
20100707,32.554,32.554,31.779,31.934,35480,0
20100708,32.166,32.166,32.166,32.166,361,0
20100709,32.089,32.554,32.011,32.554,184,0
20100712,31.779,32.554,31.779,32.554,3632,0
20100713,32.554,33.872,32.554,33.329,1871,0
20100714,32.709,32.941,31.701,32.089,8365,0
20100715,32.244,32.244,31.624,31.934,1462,0
20100716,31.779,31.779,30.616,31.391,19228,0
20100719,30.771,31.314,30.771,31.159,424,0
20100720,31.159,31.391,30.616,31.004,3263,0
20100721,31.159,32.089,31.159,32.011,139780,0
20100722,32.011,32.011,31.701,31.934,992,0
20100723,32.089,32.089,31.779,32.089,10692,0
20100726,32.089,32.089,31.624,31.779,270,0
20100727,32.089,32.554,31.391,32.399,7123,0
20100728,32.554,33.174,32.166,33.174,4555,0
20100729,33.174,33.174,32.399,32.941,31884,0
20100730,32.941,33.019,32.864,32.941,10077,0
20100802,32.941,33.716,32.941,33.639,6549,0
20100803,33.329,33.406,33.329,33.406,1807,0
20100804,33.716,33.872,33.329,33.716,5220,0
20100805,33.716,34.647,33.484,34.569,13255,0
20100806,34.724,34.802,33.949,34.802,12612,0
20100809,34.492,35.344,34.104,34.957,16177,0
20100810,34.879,34.879,34.492,34.879,12480,0
20100811,34.802,34.802,34.569,34.802,4757,0
20100812,34.492,34.492,34.104,34.104,5703,0
20100813,34.879,34.957,34.492,34.957,8265,0
20100816,34.879,34.879,34.492,34.647,2736,0
20100817,34.492,34.957,34.492,34.879,3295,0
20100818,34.879,35.112,34.647,35.112,8530,0
20100819,35.267,35.267,34.724,34.879,2741,0
20100820,34.259,34.647,34.259,34.647,1178,0
20100823,34.492,34.492,34.492,34.492,1320,0
20100824,34.414,34.492,34.027,34.027,115064,0
20100825,33.949,34.259,33.872,34.104,9733,0
20100826,33.096,34.104,33.096,34.104,232,0
20100827,34.104,34.337,34.104,34.337,3338,0
20100830,34.182,35.344,34.182,34.414,20319,0
20100831,33.406,34.104,33.329,34.104,1092,0
20100901,34.104,34.104,33.329,33.716,1420,0
20100902,33.329,34.492,32.554,34.492,1531,0
20100903,34.104,34.104,33.794,34.104,19782,0
20100906,33.329,33.561,33.251,33.329,30022,0
20100907,33.639,33.716,33.639,33.716,8209,0
20100908,33.406,33.872,33.406,33.872,578,0
20100909,33.406,33.794,33.406,33.406,8603,0
20100910,33.716,34.104,33.406,34.104,3294,0
20100913,34.104,34.492,34.104,34.104,829,0
20100914,34.104,34.492,34.027,34.492,5945,0
20100915,34.104,34.724,34.104,34.104,4570,0
20100916,34.104,34.647,34.104,34.647,1905,0
20100917,34.492,34.492,33.716,34.104,69696,0
20100920,34.027,34.027,33.096,33.716,645,0
20100921,33.872,34.879,33.872,34.492,8932,0
20100922,34.337,35.034,34.337,35.034,2317,0
20100923,34.492,35.034,34.492,34.957,1157,0
20100924,34.724,35.499,34.492,35.499,2737,0
20100927,35.577,36.042,35.344,36.042,4367,0
20100928,36.042,36.042,35.344,35.654,6124,0
20100929,35.654,36.507,35.189,36.119,5608,0
20100930,36.429,36.429,35.267,36.429,3334,0
20101001,35.344,36.662,35.344,35.654,2774,0
20101004,35.654,36.119,35.267,35.809,2446,0
20101005,35.809,36.274,35.809,36.274,575,0
20101006,35.809,36.274,35.809,36.197,1277,0
20101007,35.732,36.119,35.732,36.042,4232,0
20101008,36.042,36.197,35.964,36.042,1612,0
20101011,36.042,36.042,35.112,35.112,2845,0
20101012,35.654,35.654,35.034,35.654,2251,0
20101013,35.654,35.654,34.879,35.654,402,0
20101014,35.887,36.274,35.887,36.197,4604,0
20101015,35.809,36.352,35.809,36.352,877,0
20101018,36.042,36.042,36.042,36.042,2595,0
20101019,36.042,36.352,36.042,36.119,21183,0
20101020,35.034,36.042,35.034,35.964,2151,0
20101021,35.887,36.352,35.887,36.042,55234,0
20101022,36.429,36.894,36.429,36.817,16990,0
20101025,36.817,37.049,35.654,37.049,5946,0
20101026,37.127,37.127,36.429,36.817,3798,0
20101027,36.817,37.049,36.429,37.049,2423,0
20101028,36.584,36.894,36.429,36.894,38488,0
20101029,36.894,37.049,36.507,37.049,1776,0
20101102,37.204,37.204,36.429,37.204,489,0
20101103,36.662,39.375,36.584,37.979,21139,0
20101104,38.445,38.677,38.135,38.522,5816,0
20101105,38.6,38.6,38.367,38.445,1670,0
20101108,38.29,38.367,38.135,38.367,1327,0
20101109,38.135,38.135,36.817,37.669,2207,0
20101110,37.127,37.204,36.429,37.204,2525,0
20101112,36.817,37.127,36.429,36.817,22902,0
20101115,36.817,37.514,36.817,37.514,2476,0
20101116,37.204,37.204,36.894,37.204,1563,0
20101117,36.972,36.972,36.817,36.817,2512,0
20101118,35.732,37.204,35.732,37.049,3804,0
20101119,37.824,37.824,35.654,36.197,4892,0
20101122,35.267,35.267,31.856,34.492,14418,0
20101123,34.337,34.337,32.554,33.329,9601,0
20101124,33.329,33.329,33.251,33.329,481,0
20101125,33.716,33.716,32.941,32.941,2075,0
20101126,33.251,33.716,31.934,33.716,1867,0
20101129,33.639,33.639,32.321,33.484,635,0
20101130,33.639,33.639,32.864,32.941,13856,0
20101201,32.864,32.864,32.476,32.554,5862,0
20101202,33.329,33.329,32.166,32.554,6609,0
20101203,32.554,32.786,32.244,32.554,5490,0
20101206,32.476,33.329,32.476,32.941,10265,0
20101207,32.941,33.329,32.399,32.864,32592,0
20101208,32.941,33.329,32.941,33.251,10227,0
20101209,33.716,33.794,32.244,32.244,4709,0
20101210,33.019,33.019,32.166,32.166,8205,0
20101213,32.399,32.554,32.011,32.011,2174,0
20101214,31.934,32.166,31.779,31.856,3400,0
20101215,31.779,32.864,31.159,32.864,2665,0
20101216,32.864,32.864,32.321,32.476,10191,0
20101217,32.399,32.786,31.934,31.934,3316,0
20101220,32.864,32.864,31.469,31.546,15956,0
20101221,31.779,31.779,30.926,31.701,6116,0
20101222,31.546,31.701,31.004,31.236,4249,0
20101223,31.081,32.166,31.081,31.314,3599,0
20101227,31.314,31.391,30.539,30.616,6412,0
20101228,30.771,30.849,30.151,30.616,12810,0
20101229,30.771,31.701,30.771,31.701,1817,0
20101230,31.624,31.779,30.306,31.081,1694,0
20101231,31.391,31.779,31.391,31.779,499,0
20110103,32.089,32.166,31.624,31.856,990,0
20110104,31.934,32.089,31.081,31.701,484,0
20110105,31.701,31.701,31.004,31.391,26440,0
20110107,31.391,31.391,31.004,31.004,6157,0
20110110,30.926,31.004,30.694,31.004,1040,0
20110111,30.694,31.159,30.384,30.849,1015,0
20110112,30.771,30.771,30.306,30.539,1861,0
20110113,30.694,30.926,30.616,30.926,2941,0
20110114,30.616,30.694,29.996,30.229,8144,0
20110117,30.229,30.384,29.764,30.229,6062,0
20110118,30.306,30.849,30.229,30.771,3056,0
20110119,30.849,30.849,29.996,30.616,7462,0
20110120,30.074,30.616,29.764,30.616,2715,0
20110121,30.616,30.616,29.686,30.074,6880,0
20110124,30.616,31.004,30.229,31.004,4435,0
20110125,30.926,30.926,29.841,30.074,1313,0
20110126,29.996,30.229,29.764,29.841,12610,0
20110127,30.461,30.461,29.453,29.453,16126,0
20110128,29.453,29.841,29.298,29.298,12794,0
20110131,30.074,30.074,27.981,28.833,13065,0
20110201,28.911,29.376,28.833,29.221,3980,0
20110202,29.298,29.298,28.601,28.601,9422,0
20110203,28.678,29.143,28.291,28.291,10168,0
20110204,28.213,28.988,28.213,28.833,3782,0
20110207,28.833,28.833,28.446,28.446,7144,0
20110208,29.066,29.066,28.213,28.368,4461,0
20110209,28.368,28.756,27.981,28.136,4799,0
20110210,28.368,28.368,27.981,28.291,1886,0
20110211,28.213,28.291,27.903,28.291,7918,0
20110214,28.291,28.756,28.291,28.601,3573,0
20110215,28.601,29.764,28.601,29.453,14122,0
20110216,29.608,30.229,28.833,29.996,10503,0
20110217,30.616,31.391,29.841,29.841,98973,0
20110218,30.461,30.461,29.066,29.841,3188,0
20110221,29.919,29.919,29.143,29.453,1699,0
20110222,29.066,29.066,28.368,28.601,2914,0
20110223,28.601,28.601,27.903,27.981,7870,0
20110224,27.981,27.981,26.818,27.051,10359,0
20110225,27.516,27.516,27.128,27.128,8482,0
20110228,27.283,27.361,26.818,27.128,5720,0
20110301,27.438,28.213,27.128,27.128,27062,0
20110302,27.516,27.516,27.128,27.128,2468,0
20110303,27.361,27.516,26.896,27.516,10339,0
20110304,27.516,27.748,27.128,27.206,1606,0
20110307,27.206,27.593,27.128,27.206,1369,0
20110308,27.206,27.438,27.128,27.438,1475,0
20110309,27.206,27.283,27.051,27.128,2223,0
20110310,26.973,27.128,26.818,26.818,4515,0
20110311,26.896,27.051,26.586,26.896,3681,0
20110314,26.896,27.128,26.276,26.508,8371,0
20110315,26.586,26.586,25.035,25.733,13960,0
20110316,25.423,26.353,25.423,26.043,8203,0
20110317,26.043,26.818,26.043,26.818,3574,0
20110318,27.051,27.671,26.973,27.283,7593,0
20110321,27.516,27.826,27.206,27.516,7837,0
20110322,27.903,27.981,27.128,27.438,2222,0
20110323,27.128,27.748,27.128,27.438,117,0
20110324,27.593,27.671,26.896,27.206,8071,0
20110325,27.206,27.438,26.741,27.438,1332,0
20110328,27.361,27.361,26.818,27.283,1212,0
20110329,27.051,27.283,27.051,27.206,3659,0
20110330,27.128,27.903,27.051,27.206,6322,0
20110331,27.283,27.826,26.973,26.973,5463,0
20110401,27.438,29.453,27.283,28.833,139618,0
20110404,29.453,29.453,28.678,28.678,32101,0
20110405,28.756,29.143,28.523,28.678,6383,0
20110406,28.911,28.911,28.213,28.446,7293,0
20110407,28.368,28.523,27.981,28.058,7571,0
20110408,27.361,28.058,27.128,27.671,9454,0
20110411,27.826,27.903,27.671,27.903,3918,0
20110412,27.903,28.291,27.516,28.291,12806,0
20110413,28.911,28.988,28.291,28.833,41652,0
20110414,28.911,28.911,28.523,28.678,3195,0
20110415,28.678,28.678,28.291,28.678,6124,0
20110418,28.833,28.833,27.903,27.981,2323,0
20110419,28.678,28.678,27.903,28.136,1331,0
20110420,27.903,28.291,27.593,27.593,49275,0
20110421,27.593,27.593,26.508,27.128,37417,0
20110426,27.128,27.361,26.741,27.361,4729,0
20110427,27.361,27.438,27.206,27.283,11473,0
20110428,27.128,27.283,26.973,27.128,13813,0
20110429,27.128,27.128,26.818,27.128,8361,0
20110502,27.283,27.361,27.128,27.361,961,0
20110504,27.361,27.361,26.741,27.128,4302,0
20110505,26.741,26.973,26.663,26.973,6852,0
20110506,27.051,27.051,26.508,26.508,1129,0
20110509,26.431,26.508,25.811,26.276,2608,0
20110510,25.966,26.663,25.966,26.353,2158,0
20110511,26.276,26.431,26.043,26.276,2920,0
20110512,26.043,26.431,25.268,25.888,3347,0
20110513,25.888,25.888,24.958,25.19,4378,0
20110516,24.958,25.733,23.718,23.718,16903,0
20110517,23.64,23.64,20.695,20.927,52497,0
20110518,20.927,21.238,19.222,19.3,56617,0
20110519,19.842,21.16,19.61,21.005,85277,0
20110520,21.16,22.633,21.16,22.013,48691,0
20110523,22.478,22.788,21.47,21.625,53296,0
20110524,21.548,21.548,20.54,20.927,23090,0
20110525,20.772,21.16,19.842,21.005,38889,0
20110526,21.005,22.323,20.54,22.09,11246,0
20110527,22.323,23.175,22.245,22.478,26418,0
20110530,22.788,23.95,22.633,23.098,33037,0
20110531,23.33,24.958,23.33,24.958,128388,0
20110601,25.19,25.19,23.64,24.028,43873,0
20110602,24.105,24.105,22.865,23.33,37058,0
20110603,23.563,23.95,23.02,23.33,13550,0
20110606,23.33,23.95,23.253,23.64,14184,0
20110607,23.64,23.718,23.098,23.33,21353,0
20110608,23.253,23.795,22.788,23.795,16832,0
20110609,23.563,23.563,23.098,23.485,8452,0
20110610,23.64,23.64,22.865,22.943,6797,0
20110613,23.408,23.408,22.478,23.098,19705,0
20110614,23.253,23.253,22.633,22.865,15937,0
20110615,22.865,23.253,21.703,21.935,26973,0
20110616,21.935,21.935,21.005,21.393,6617,0
20110617,21.548,21.858,21.315,21.858,3410,0
20110620,21.703,21.703,21.082,21.082,18598,0
20110621,21.082,21.315,21.005,21.005,63586,0
20110622,21.393,21.548,21.082,21.548,38157,0
20110624,21.625,21.625,20.772,20.85,3347,0
20110627,21.16,21.16,20.927,21.082,9040,0
20110628,21.238,21.858,21.238,21.625,2185,0
20110629,21.625,22.013,21.625,22.013,17351,0
20110630,22.09,22.555,22.09,22.478,4096,0
20110701,22.4,22.865,22.323,22.788,7489,0
20110704,22.865,23.563,22.788,23.563,18269,0
20110705,23.563,23.718,23.408,23.718,7106,0
20110706,23.64,23.95,23.64,23.718,13449,0
20110707,23.873,24.415,23.718,24.028,18900,0
20110708,24.105,24.338,24.105,24.26,14925,0
20110711,24.26,24.338,23.873,23.873,3821,0
20110712,23.253,23.408,22.633,23.253,15193,0
20110713,23.33,24.028,23.33,23.873,6727,0
20110714,23.873,24.105,23.64,23.718,6700,0
20110715,23.408,23.718,23.098,23.098,8439,0
20110718,23.098,23.098,22.478,22.478,3238,0
20110719,22.633,22.865,22.09,22.4,5649,0
20110720,22.943,22.943,21.315,21.315,4167,0
20110721,21.703,21.703,20.617,20.927,17543,0
20110722,20.772,21.548,20.772,21.548,3221,0
20110725,21.703,21.703,20.617,20.695,9221,0
20110726,20.927,21.005,20.385,20.695,3685,0
20110727,20.54,21.16,20.307,20.85,4167,0
20110728,20.54,20.85,20.385,20.617,2783,0
20110729,20.695,20.927,20.075,20.85,5675,0
20110801,20.85,20.927,20.23,20.462,3132,0
20110802,20.152,20.152,19.455,19.455,6055,0
20110803,19.222,19.3,18.447,18.602,22640,0
20110804,18.602,18.602,16.819,16.975,32881,0
20110805,15.114,16.277,15.114,15.579,29092,0
20110808,15.579,15.734,14.417,14.727,21358,0
20110809,15.037,15.502,12.401,13.874,20435,0
20110810,14.649,14.649,12.867,13.487,17095,0
20110811,13.719,14.339,12.479,14.339,19879,0
20110812,14.727,15.424,13.952,14.417,35919,0
20110816,14.727,15.347,14.494,15.347,14321,0
20110817,15.269,16.587,15.114,16.432,21970,0
20110818,16.277,16.277,13.487,14.494,21881,0
20110819,14.262,15.192,13.719,14.572,14689,0
20110822,14.649,15.037,13.952,13.952,24459,0
20110823,13.874,14.727,13.874,14.184,59689,0
20110824,14.727,14.804,13.874,14.727,46028,0
20110825,14.804,14.882,14.107,14.184,9997,0
20110826,14.572,14.572,13.719,14.029,7011,0
20110829,14.494,14.494,13.952,13.952,60940,0
20110830,14.029,14.184,13.952,14.029,24555,0
20110831,14.029,14.417,14.029,14.184,29598,0
20110901,14.107,14.804,13.952,14.804,26906,0
20110902,14.649,14.649,13.797,13.952,14548,0
20110905,13.022,13.409,12.867,12.867,26856,0
20110906,13.254,13.254,12.091,12.324,10886,0
20110907,12.479,12.944,12.479,12.712,22022,0
20110908,12.867,13.022,12.634,12.712,8766,0
20110909,12.556,12.712,12.091,12.091,9854,0
20110912,12.169,12.169,11.161,11.161,32227,0
20110913,11.394,11.626,10.386,11.549,16343,0
20110914,11.239,11.549,11.006,11.549,16269,0
20110915,11.626,12.014,11.394,11.936,9560,0
20110916,12.014,12.324,12.014,12.169,4464,0
20110919,12.091,12.091,11.704,11.859,4059,0
20110920,12.324,12.324,11.781,12.014,2179,0
20110921,12.324,12.401,11.781,12.324,3002,0
20110922,11.859,11.859,11.626,11.626,932,0
20110923,11.626,11.626,10.774,11.316,10532,0
20110926,11.161,11.549,10.619,11.316,7198,0
20110927,11.704,12.014,11.084,11.084,18454,0
20110928,11.471,11.471,10.851,11.006,15285,0
20110929,11.084,11.084,10.851,10.929,9460,0
20110930,11.006,11.626,10.929,11.239,3103,0
20111003,11.161,11.161,10.464,11.084,5977,0
20111004,10.774,10.774,10.541,10.774,5775,0
20111005,10.851,11.006,10.619,10.929,4433,0
20111006,11.161,12.246,11.161,12.246,37379,0
20111007,12.634,13.487,12.634,13.177,47128,0
20111010,13.719,14.029,13.254,13.874,39725,0
20111011,14.262,14.262,13.564,13.564,80512,0
20111012,13.642,13.874,13.332,13.564,13903,0
20111013,13.564,14.029,13.564,13.564,15872,0
20111014,13.642,13.642,13.487,13.642,8649,0
20111017,13.719,14.572,13.719,13.952,23556,0
20111018,13.874,13.874,13.564,13.564,9635,0
20111019,13.874,14.107,13.797,14.107,9935,0
20111020,13.952,13.952,13.409,13.719,6447,0
20111021,13.564,14.649,13.564,14.417,19966,0
20111024,14.804,14.882,14.184,14.494,10825,0
20111025,14.572,14.572,13.874,13.952,10031,0
20111026,13.952,14.107,13.797,13.952,7846,0
20111027,14.107,14.184,12.789,13.564,23378,0
20111028,13.564,13.719,12.789,13.254,23836,0
20111031,12.944,13.099,12.944,13.022,4224,0
20111102,12.324,12.712,12.324,12.712,10759,0
20111103,12.324,13.177,12.324,13.099,7059,0
20111104,13.099,13.099,12.634,12.944,5266,0
20111107,13.099,13.332,13.099,13.099,1276,0
20111108,13.332,13.719,13.254,13.332,15586,0
20111109,13.487,13.487,12.789,12.867,6826,0
20111110,12.789,12.789,12.324,12.712,6000,0
20111114,13.332,13.332,12.014,12.712,9122,0
20111115,12.246,12.324,11.936,12.169,14577,0
20111116,12.169,12.246,11.936,12.091,7926,0
20111117,12.091,12.091,11.626,11.781,6875,0
20111118,11.626,11.626,10.696,10.851,38874,0
20111121,11.006,11.006,10.076,10.076,23931,0
20111122,9.921,10.464,9.766,9.999,137730,0
20111123,9.999,10.464,9.999,9.999,8750,0
20111124,10.076,10.231,9.689,9.921,4758,0
20111125,9.999,9.999,9.611,9.689,7259,0
20111128,9.999,9.999,9.611,9.689,10242,0
20111129,9.921,9.921,9.689,9.689,7187,0
20111130,9.844,9.844,9.3011,9.3011,19266,0
20111201,9.689,9.689,9.3786,9.534,3792,0
20111202,9.689,9.999,9.689,9.766,9660,0
20111205,9.921,10.386,9.921,10.154,22501,0
20111206,10.154,10.231,9.844,9.999,11558,0
20111207,10.076,10.076,9.689,9.921,8159,0
20111208,9.921,9.999,9.4561,9.534,8019,0
20111209,9.3786,9.689,9.3786,9.689,5097,0
20111212,9.689,9.999,9.611,9.689,7014,0
20111213,9.844,9.844,9.689,9.766,600,0
20111214,9.766,9.766,9.1461,9.3786,11035,0
20111215,9.4561,9.4561,8.681,8.836,23848,0
20111216,8.836,8.9136,8.526,8.526,21590,0
20111219,7.2859,7.4409,6.6658,6.8208,135690,0
20111220,6.8983,7.1308,6.3558,6.5108,36124,0
20111221,6.5883,6.5883,5.9682,6.0457,74039,0
20111222,5.9682,5.9682,5.4256,5.4256,170201,0
20111223,5.5032,5.8907,5.4256,5.4256,247373,0
20111227,5.3481,5.3481,4.8831,5.0381,203832,0
20111228,5.0381,5.3481,4.9606,5.2706,363934,0
20111229,5.3481,5.4256,5.1931,5.1931,130794,0
20111230,5.2706,5.3481,5.1931,5.2706,84602,0
20120102,5.3481,6.4333,5.3481,6.2782,411963,0
20120103,6.3558,6.5108,5.8132,5.9682,285946,0
20120104,5.8132,5.8907,5.5807,5.6582,94592,0
20120105,5.6582,5.6582,5.3481,5.5032,225444,0
20120109,5.5807,6.5108,5.5032,6.3558,298467,0
20120110,6.4333,7.7509,6.4333,7.6734,782199,0
20120111,7.9059,8.4485,7.5959,7.9059,613350,0
20120112,8.1385,8.526,8.061,8.1385,485608,0
20120113,8.1385,8.2935,7.5184,7.7509,205844,0
20120116,7.6734,8.061,7.4409,7.9059,71926,0
20120117,8.061,8.061,7.8284,7.8284,89653,0
20120118,7.8284,7.9059,7.5184,7.8284,92232,0
20120119,7.9059,9.611,7.6734,9.534,572625,0
20120120,9.534,9.921,9.0686,9.0686,282446,0
20120123,9.2236,9.3786,8.9136,9.1461,127056,0
20120124,9.1461,9.1461,8.9136,9.0686,63091,0
20120125,9.0686,9.766,8.9911,9.3786,268468,0
20120126,9.689,9.689,9.2236,9.4561,177725,0
20120127,9.4561,9.689,9.3011,9.534,86757,0
20120130,9.534,9.611,9.1461,9.611,116643,0
20120131,9.689,10.309,9.689,10.076,306443,0
20120201,10.154,10.619,9.4561,9.689,300911,0
20120202,10.076,10.076,9.4561,9.689,174857,0
20120203,9.689,10.231,9.534,9.921,113379,0
20120206,9.999,10.154,9.766,10.154,87787,0
20120207,10.231,10.309,9.844,9.999,56026,0
20120208,9.999,10.076,9.921,10.076,56426,0
20120209,10.154,10.154,9.766,9.766,40521,0
20120210,9.766,9.766,9.0686,9.3786,154097,0
20120213,9.3786,9.689,9.0686,9.3786,62681,0
20120214,9.3011,9.534,9.2236,9.3011,36708,0
20120215,9.3786,9.999,9.3786,9.689,113805,0
20120216,9.611,10.386,9.534,10.386,151454,0
20120217,10.541,11.471,10.464,11.006,366775,0
20120220,11.239,11.859,11.084,11.161,214472,0
20120221,11.239,11.239,10.541,11.161,101671,0
20120222,11.161,11.161,10.696,10.774,97234,0
20120223,10.696,11.239,10.541,10.774,89511,0
20120224,10.696,11.084,10.696,11.006,31917,0
20120227,10.929,11.161,10.696,11.161,50907,0
20120228,11.239,11.316,10.774,10.851,81838,0
20120229,11.006,11.084,9.921,10.309,132021,0
20120301,9.921,10.309,9.844,10.309,127832,0
20120302,10.309,10.619,10.154,10.231,49329,0
20120305,10.154,10.231,9.844,9.844,34314,0
20120306,9.844,9.844,9.4561,9.611,81050,0
20120307,9.534,10.076,9.3786,10.076,74311,0
20120308,10.231,10.619,10.154,10.464,59719,0
20120309,10.619,10.696,10.231,10.309,29846,0
20120312,10.309,10.309,9.921,10.076,29092,0
20120313,9.999,10.076,9.844,9.921,15741,0
20120314,9.999,10.076,9.844,9.921,33789,0
20120315,9.921,9.921,9.611,9.689,30010,0
20120316,9.766,10.309,9.689,9.999,67385,0
20120319,9.844,10.231,9.844,9.999,35863,0
20120320,9.921,10.231,9.766,9.999,31334,0
20120321,10.464,11.471,10.464,10.929,416711,0
20120322,11.239,11.239,9.1461,9.689,440429,0
20120323,9.534,9.844,7.9059,9.3786,830366,0
20120326,9.611,9.689,8.9911,9.534,122456,0
20120327,9.534,9.534,9.0686,9.1461,110556,0
20120328,9.2236,9.3786,8.836,8.9911,82110,0
20120329,8.836,8.9911,8.681,8.7585,77944,0
20120330,8.9136,9.1461,8.9136,8.9136,35144,0
20120402,9.1461,9.1461,8.836,8.9911,33119,0
20120403,8.9911,9.1461,8.7585,8.9136,18757,0
20120404,8.7585,8.7585,8.061,8.1385,95026,0
20120405,8.1385,8.4485,8.1385,8.371,35555,0
20120410,8.371,8.526,8.061,8.061,42068,0
20120411,8.1385,8.371,8.061,8.2935,27057,0
20120412,8.371,8.6035,7.9834,8.2935,45549,0
20120413,8.2935,8.836,8.2935,8.371,72571,0
20120416,8.2935,8.4485,8.1385,8.1385,39396,0
20120417,8.1385,8.2935,7.9834,8.216,29519,0
20120418,8.371,8.371,8.061,8.1385,52939,0
20120419,8.061,8.1385,7.5184,7.5959,78635,0
20120420,7.5184,7.9059,6.8983,7.4409,481605,0
20120423,7.5184,7.5184,7.0533,7.2859,70533,0
20120424,7.3634,7.8284,7.2859,7.5959,15245,0
20120425,7.6734,8.216,7.5959,7.9834,37783,0
20120426,8.1385,8.371,8.1385,8.216,23906,0
20120427,8.2935,8.2935,7.9834,8.061,17118,0
20120430,8.1385,8.1385,8.061,8.1385,9108,0
20120502,8.1385,8.6035,7.9059,8.4485,31116,0
20120504,8.216,8.371,8.216,8.2935,6553,0
20120507,8.2935,8.2935,7.9059,8.216,25674,0
20120508,8.2935,8.371,7.9834,8.1385,8116,0
20120509,8.061,8.9911,8.061,8.7585,115185,0
20120510,8.9136,9.2236,8.681,8.9136,59820,0
20120511,8.9136,8.9136,8.681,8.7585,11365,0
20120514,8.7585,8.7585,8.371,8.526,44483,0
20120515,8.526,8.526,7.9834,7.9834,45878,0
20120516,7.5959,8.371,7.2859,8.371,44838,0
20120517,8.4485,8.4485,7.9059,8.1385,48714,0
20120518,7.9834,8.4485,7.7509,8.371,47359,0
20120521,8.371,8.681,8.371,8.681,15361,0
20120522,8.7585,8.836,8.4485,8.6035,10228,0
20120523,8.526,8.526,7.9834,8.216,25952,0
20120524,8.1385,8.371,8.1385,8.371,14566,0
20120525,8.216,8.371,8.1385,8.216,17282,0
20120528,8.1385,8.371,8.1385,8.2935,15961,0
20120529,8.371,8.526,8.2935,8.371,20159,0
20120530,8.216,8.4485,8.1385,8.371,21181,0
20120531,8.371,8.4485,7.6734,7.7509,74135,0
20120601,7.7509,7.9834,7.1308,7.3634,75847,0
20120604,7.4409,7.4409,6.9758,6.9758,37039,0
20120605,7.1308,7.1308,6.2007,6.6658,128693,0
20120606,6.7433,7.2084,6.5883,7.2084,44466,0
20120608,7.2859,7.2859,6.9758,7.2084,12681,0
20120611,7.3634,7.5184,7.1308,7.1308,20234,0
20120612,7.1308,7.2084,6.9758,7.0533,17979,0
20120613,7.2084,7.3634,7.0533,7.1308,26641,0
20120614,7.1308,7.2084,7.1308,7.1308,10288,0
20120615,7.1308,7.1308,6.8983,7.1308,11465,0
20120618,7.2084,7.2859,7.1308,7.2859,17606,0
20120619,7.2859,7.8284,7.1308,7.5184,34484,0
20120620,7.8284,7.9059,7.5959,7.8284,231153,0
20120621,7.4409,7.5959,7.3634,7.4409,15357,0
20120622,7.4409,7.4409,7.1308,7.3634,5531,0
20120625,7.2859,7.2859,7.0533,7.2084,18611,0
20120626,7.2084,7.3634,7.2084,7.2084,6414,0
20120627,7.2859,7.2859,7.0533,7.2084,7738,0
20120628,7.2084,7.2859,6.6658,6.8208,20729,0
20120629,6.8208,7.0533,6.7433,6.9758,15029,0
20120702,6.9758,7.2084,6.8983,7.2084,7633,0
20120703,7.2084,7.2084,6.9758,7.1308,16114,0
20120704,7.1308,7.1308,6.7433,7.1308,17457,0
20120705,7.0533,7.1308,6.8208,7.0533,19861,0
20120706,6.9758,7.1308,6.8208,6.9758,17253,0
20120709,6.8983,7.0533,6.8208,6.8983,10483,0
20120710,6.8208,6.8983,6.5883,6.5883,29025,0
20120711,6.5883,6.6658,6.2007,6.4333,23168,0
20120712,6.2782,6.3558,5.8132,6.0457,41367,0
20120713,6.1232,6.2782,5.6582,5.9682,23446,0
20120716,6.0457,6.0457,5.4256,5.5032,33288,0
20120717,5.5032,5.8907,5.2706,5.5807,72771,0
20120718,5.5807,5.6582,5.3481,5.3481,54768,0
20120719,5.4256,5.4256,5.2706,5.4256,60280,0
20120720,5.4256,5.5032,5.2706,5.3481,18414,0
20120723,5.4256,5.5032,5.2706,5.4256,28225,0
20120724,5.4256,5.4256,5.1931,5.1931,13199,0
20120725,5.0381,5.4256,5.0381,5.2706,41382,0
20120726,5.3481,5.3481,4.9606,5.0381,52428,0
20120727,5.1156,5.1931,4.9606,5.0381,14787,0
20120730,5.1156,5.1931,4.9606,5.1931,33110,0
20120731,5.1156,5.1931,5.1156,5.1156,6706,0
20120801,5.1931,5.5807,5.1156,5.4256,28811,0
20120802,5.3481,5.7357,5.3481,5.5807,61605,0
20120803,5.6582,5.6582,5.2706,5.2706,30500,0
20120806,5.2706,5.5032,5.2706,5.4256,8134,0
20120807,5.3481,5.5032,5.3481,5.5032,5935,0
20120808,5.5807,5.5807,5.3481,5.4256,5232,0
20120809,5.3481,5.5032,5.2706,5.4256,8207,0
20120810,5.3481,5.4256,5.1156,5.4256,20414,0
20120813,5.2706,5.4256,5.2706,5.3481,5550,0
20120814,5.4256,5.4256,5.2706,5.2706,2227,0
20120816,5.4256,5.4256,5.3481,5.3481,6763,0
20120817,5.3481,5.3481,5.0381,5.1931,29944,0
20120820,5.3481,5.3481,5.1156,5.1931,16511,0
20120821,5.1931,5.2706,5.1931,5.2706,8145,0
20120822,5.1931,5.2706,5.1156,5.2706,3129,0
20120823,5.1931,5.2706,5.1156,5.1931,11687,0
20120824,5.1931,5.1931,5.0381,5.1931,14003,0
20120827,5.1931,5.2706,5.1931,5.2706,5471,0
20120828,5.1156,5.1931,5.1156,5.1156,6287,0
20120829,5.0381,5.1156,4.9606,5.1156,31510,0
20120830,5.1156,5.1156,4.8056,5.0381,20418,0
20120831,5.0381,5.0381,4.8831,5.0381,4331,0
20120903,5.5032,6.2782,5.4256,6.2782,242681,0
20120904,6.2782,6.3558,5.8907,5.9682,128523,0
20120905,5.9682,6.0457,5.5032,5.6582,74808,0
20120906,5.6582,5.9682,5.5807,5.8907,70971,0
20120907,5.8132,5.9682,5.6582,5.6582,42176,0
20120910,5.7357,5.7357,5.1931,5.1931,61729,0
20120911,5.1931,5.3481,5.1931,5.2706,35466,0
20120912,5.2706,5.5807,5.1156,5.3481,46257,0
20120913,5.3481,5.5032,5.2706,5.4256,35019,0
20120914,5.6582,5.7357,5.5032,5.5807,54444,0
20120917,5.6582,5.6582,5.3481,5.4256,58767,0
20120918,5.3481,5.5032,5.2706,5.3481,24354,0
20120919,5.4256,5.9682,5.3481,5.8132,135709,0
20120920,5.8907,5.8907,5.5807,5.6582,55430,0
20120921,5.6582,5.7357,5.5032,5.7357,56945,0
20120924,5.6582,5.6582,5.4256,5.5807,57027,0
20120925,5.5807,5.6582,5.5032,5.6582,52801,0
20120926,5.6582,6.0457,5.5032,6.0457,113996,0
20120927,6.2782,7.2084,6.2782,6.6658,527525,0
20120928,6.7433,7.1308,6.7433,6.8208,182529,0
20121001,6.8208,7.1308,6.6658,6.9758,86167,0
20121002,7.0533,7.4409,6.8208,7.2084,124677,0
20121003,7.2084,7.2859,6.9758,6.9758,69590,0
20121004,6.9758,6.9758,6.6658,6.8208,91714,0
20121005,6.7433,6.9758,6.7433,6.8983,90349,0
20121008,6.8983,7.1308,6.7433,6.8208,202838,0
20121009,6.8208,6.8208,6.3558,6.3558,121895,0
20121010,6.3558,6.4333,5.9682,6.2782,116094,0
20121011,6.2782,6.7433,6.2007,6.6658,102994,0
20121012,6.6658,6.6658,6.4333,6.6658,65428,0
20121015,6.7433,6.8983,6.5883,6.5883,39418,0
20121016,6.6658,7.0533,6.6658,6.8208,99329,0
20121017,6.8983,6.8983,6.3558,6.5108,67239,0
20121018,6.5108,6.6658,6.5108,6.6658,54669,0
20121019,6.6658,6.6658,6.4333,6.5883,33050,0
20121022,6.5108,6.6658,6.4333,6.5883,102300,0
20121023,6.5883,6.5883,6.4333,6.5108,67377,0
20121024,6.4333,6.5108,6.4333,6.5108,18057,0
20121025,6.5883,6.5883,6.5108,6.5883,5806,0
20121026,6.5883,7.1308,6.4333,7.1308,52127,0
20121029,7.1308,7.1308,6.6658,6.6658,126162,0
20121030,6.7433,6.8983,6.7433,6.8208,67549,0
20121031,6.9758,7.1308,6.5108,6.6658,187146,0
20121102,6.8208,6.8983,6.5883,6.6658,133948,0
20121105,6.7433,6.8208,6.5883,6.7433,93257,0
20121106,6.8983,6.8983,6.8208,6.8208,70702,0
20121107,6.8983,7.2859,6.8208,6.9758,245621,0
20121108,7.0533,7.0533,6.5108,6.5883,199088,0
20121109,6.5883,6.6658,6.1232,6.4333,145046,0
20121112,6.3558,6.5108,6.2782,6.4333,24613,0
20121113,6.3558,6.4333,6.2782,6.4333,22667,0
20121114,6.4333,6.5108,6.2782,6.3558,15787,0
20121115,6.2782,6.2782,5.9682,5.9682,122220,0
20121116,5.8132,5.9682,5.6582,5.8132,75676,0
20121119,5.6582,5.7357,5.1156,5.2706,170255,0
20121120,5.1931,5.4256,5.1156,5.3481,94666,0
20121121,5.3481,5.4256,5.1931,5.2706,60168,0
20121122,5.2706,5.3481,5.1931,5.2706,47909,0
20121123,5.4256,5.4256,5.2706,5.2706,62145,0
20121126,5.2706,5.2706,5.1156,5.1156,73237,0
20121127,5.1931,5.2706,5.1156,5.1931,37241,0
20121128,5.1931,5.1931,5.1156,5.1156,22148,0
20121129,5.1931,5.1931,4.8056,4.9606,94973,0
20121130,4.9606,5.1931,4.9606,5.1156,50650,0
20121203,5.1156,5.2706,5.0381,5.1156,103730,0
20121204,5.1156,5.1931,5.0381,5.0381,42879,0
20121205,5.0381,5.1156,4.8831,5.0381,52162,0
20121206,4.9606,5.0381,4.8831,4.9606,51030,0
20121207,4.9606,5.0381,4.8831,4.9606,29584,0
20121210,4.9606,5.1931,4.9606,5.1931,40803,0
20121211,5.1931,5.1931,5.0381,5.1156,31641,0
20121212,5.0381,5.1156,4.9606,5.0381,76046,0
20121213,5.0381,5.1156,4.8831,5.0381,46375,0
20121214,5.0381,5.0381,4.9606,4.9606,31496,0
20121217,5.0381,5.1156,4.6505,4.7281,261460,0
20121218,4.6505,4.7281,4.4955,4.573,89582,0
20121219,4.4955,4.6505,4.418,4.573,64974,0
20121220,4.573,4.573,4.263,4.3405,93427,0
20121221,4.3405,4.4955,4.3405,4.4955,15792,0
20121227,4.418,4.4955,4.3405,4.418,28532,0
20121228,4.4955,4.573,4.418,4.573,32609,0
20130102,4.4955,5.1931,4.4955,5.1156,128699,0
20130103,5.1931,5.5807,5.1931,5.2706,277826,0
20130104,5.2706,5.3481,4.9606,5.0381,131620,0
20130107,5.1156,5.1156,4.8831,4.9606,46505,0
20130108,4.8831,5.0381,4.8831,4.8831,44066,0
20130109,4.9606,4.9606,4.8056,4.9606,10387,0
20130110,4.9606,4.9606,4.8056,4.9606,49048,0
20130111,4.8831,5.1931,4.8831,4.8831,193491,0
20130114,4.9606,4.9606,4.7281,4.8831,58816,0
20130115,4.8831,4.9606,4.8056,4.8831,21872,0
20130116,4.8831,5.0381,4.8056,4.9606,39953,0
20130117,5.0381,5.1931,4.8831,4.9606,216767,0
20130118,4.9606,4.9606,4.8056,4.8831,68182,0
20130121,4.8831,4.8831,4.8056,4.8056,19128,0
20130122,4.8056,4.8056,4.6505,4.7281,77133,0
20130123,4.6505,5.0381,4.573,4.9606,305121,0
20130124,4.9606,4.9606,4.7281,4.8056,142066,0
20130125,4.8056,4.8056,4.7281,4.7281,53571,0
20130128,4.7281,4.8056,4.7281,4.8056,28676,0
20130129,4.8056,4.8831,4.7281,4.8831,28824,0
20130130,4.8831,5.2706,4.8056,4.9606,294122,0
20130131,4.9606,5.2706,4.9606,5.1931,108352,0
20130201,5.2706,5.4256,5.1156,5.1931,185485,0
20130204,5.2706,5.2706,5.0381,5.0381,60184,0
20130205,5.0381,5.1931,4.9606,4.9606,82091,0
20130206,4.9606,5.1156,4.9606,4.9606,48116,0
20130207,4.9606,5.2706,4.9606,5.0381,101985,0
20130208,5.0381,5.1156,4.9606,5.0381,57637,0
20130211,5.0381,5.1156,4.9606,5.0381,43492,0
20130212,5.0381,5.0381,4.7281,4.8056,190335,0
20130213,4.8056,4.9606,4.7281,4.8831,39357,0
20130214,4.8831,4.9606,4.8056,4.8056,30028,0
20130215,4.8056,4.8831,4.7281,4.8831,53508,0
20130218,4.8056,4.8831,4.7281,4.8056,38667,0
20130219,4.8056,4.8831,4.7281,4.8056,31453,0
20130220,4.8056,4.8056,4.7281,4.8056,5679,0
20130221,4.8056,4.8056,4.6505,4.6505,58894,0
20130222,4.6505,4.6505,4.573,4.6505,47233,0
20130225,4.573,4.6505,4.573,4.6505,39832,0
20130226,4.573,4.573,4.418,4.573,44157,0
20130227,4.4955,4.573,4.418,4.4955,53932,0
20130228,4.4955,4.4955,4.418,4.4955,37522,0
20130301,4.4955,4.6505,4.418,4.4955,165556,0
20130304,4.4955,4.4955,4.418,4.4955,33799,0
20130305,4.4955,4.4955,4.418,4.4955,41699,0
20130306,4.4955,4.4955,4.3405,4.418,115557,0
20130307,4.418,4.4955,4.3405,4.4955,62691,0
20130308,4.4955,4.4955,4.3405,4.418,90856,0
20130311,4.418,4.4955,4.263,4.418,207139,0
20130312,4.418,4.418,4.263,4.3405,93251,0
20130313,4.3405,4.418,4.263,4.3405,54159,0
20130314,4.263,4.3405,4.108,4.1855,187577,0
20130315,4.108,4.3405,4.0305,4.3405,141987,0
20130318,4.263,4.3405,4.1855,4.263,24656,0
20130319,4.263,4.263,4.0305,4.108,79987,0
20130320,4.0305,4.1855,4.0305,4.1855,41768,0
20130321,3.953,3.953,3.4104,3.6429,392459,0
20130322,3.4879,3.4879,3.1004,3.1779,281969,0
20130325,3.1779,3.4879,3.1779,3.3329,174297,0
20130326,3.2554,3.3329,3.1779,3.2554,104600,0
20130327,3.2554,3.3329,3.1004,3.1779,70855,0
20130328,3.1004,3.3329,3.0229,3.2554,118101,0
20130402,3.2554,3.2554,3.1004,3.1779,92082,0
20130403,3.1779,3.3329,2.9453,2.9453,191760,0
20130404,2.8678,3.0229,2.7903,2.9453,74994,0
20130405,2.9453,3.1004,2.8678,2.8678,61930,0
20130408,2.9453,2.9453,2.7903,2.7903,38458,0
20130409,2.8678,3.1004,2.7903,3.0229,102498,0
20130410,3.1004,3.4879,3.1004,3.4104,422685,0
20130411,3.4879,3.7979,3.3329,3.4104,350200,0
20130412,3.4104,3.4879,3.1779,3.1779,87017,0
20130415,3.1779,3.1779,3.0229,3.1004,99782,0
20130417,3.1779,3.2554,3.1004,3.1779,47826,0
20130418,3.2554,3.3329,3.1004,3.3329,99254,0
20130419,3.3329,3.5654,3.3329,3.4104,113385,0
20130422,3.4104,3.5654,3.4104,3.4104,37862,0
20130423,3.3329,3.4879,3.3329,3.3329,42617,0
20130424,3.4879,3.5654,3.3329,3.4104,67603,0
20130425,3.4104,3.4879,3.2554,3.2554,60982,0
20130426,3.2554,3.3329,3.1779,3.2554,17107,0
20130429,3.2554,3.3329,3.1779,3.3329,11082,0
20130430,3.2554,3.2554,3.1779,3.2554,8631,0
20130502,3.2554,3.3329,3.2554,3.3329,12373,0
20130506,3.3329,3.5654,3.3329,3.4879,58327,0
20130507,3.4879,3.7979,3.4879,3.7204,229834,0
20130508,3.7979,3.8755,3.6429,3.7204,111264,0
20130509,3.7204,3.7204,3.5654,3.6429,38320,0
20130510,3.6429,3.6429,3.4879,3.6429,30147,0
20130513,3.6429,3.7204,3.6429,3.7204,57301,0
20130514,3.7204,3.7979,3.6429,3.6429,55436,0
20130515,3.7204,3.7979,3.6429,3.7204,86143,0
20130516,3.5654,3.7204,3.4879,3.6429,195183,0
20130517,3.7204,4.263,3.7204,4.108,387255,0
20130520,4.108,4.263,4.108,4.108,89018,0
20130521,4.1855,4.1855,4.0305,4.108,21939,0
20130522,4.108,4.1855,4.108,4.108,16679,0
20130523,4.0305,4.0305,3.953,4.0305,40464,0
20130524,4.108,4.1855,4.108,4.1855,14889,0
20130527,4.1855,4.418,4.108,4.263,158623,0
20130528,4.3405,4.3405,4.1855,4.263,84394,0
20130529,4.263,4.3405,4.1855,4.263,46081,0
20130531,4.3405,4.3405,4.263,4.263,12728,0
20130603,4.263,4.263,4.108,4.1855,33863,0
20130604,4.108,4.1855,4.108,4.1855,21830,0
20130605,4.108,4.418,4.108,4.1855,264438,0
20130606,4.1855,4.263,4.108,4.263,38602,0
20130607,4.263,4.263,4.1855,4.263,57685,0
20130610,4.1855,4.3405,4.1855,4.1855,35748,0
20130611,4.263,4.4955,4.1855,4.418,202244,0
20130612,4.418,4.6505,4.418,4.418,218536,0
20130613,4.573,4.7281,4.418,4.4955,376365,0
20130614,4.573,4.573,4.263,4.3405,334228,0
20130617,4.3405,4.418,4.1855,4.263,95533,0
20130618,4.3405,4.418,4.263,4.3405,159225,0
20130619,4.3405,4.3405,4.263,4.263,628297,0
20130620,4.263,4.263,4.0305,4.1855,230189,0
20130621,4.1855,4.263,4.108,4.263,90999,0
20130624,4.263,4.3405,4.1855,4.263,58186,0
20130625,4.3405,4.3405,4.1855,4.263,36121,0
20130626,4.1855,4.263,4.108,4.263,58242,0
20130627,4.263,4.263,4.108,4.108,34409,0
20130628,4.108,4.1855,3.953,4.108,64648,0
20130701,4.108,4.1855,4.0305,4.1855,22503,0
20130702,4.1855,4.263,4.108,4.263,34551,0
20130703,4.263,4.263,4.108,4.1855,20517,0
20130704,4.1855,4.263,4.108,4.263,26817,0
20130705,4.263,4.263,4.108,4.1855,14316,0
20130708,4.1855,4.1855,4.108,4.1855,3976,0
20130709,4.1855,4.1855,4.108,4.1855,45968,0
20130710,4.108,4.1855,4.108,4.108,25767,0
20130711,4.1855,4.263,4.108,4.1855,12644,0
20130712,4.1855,4.1855,4.108,4.1855,19160,0
20130715,4.1855,4.1855,4.108,4.108,10070,0
20130716,4.108,4.1855,4.108,4.1855,14602,0
20130717,4.1855,4.1855,4.108,4.108,128375,0
20130718,4.108,4.1855,4.108,4.108,41995,0
20130719,4.1855,4.1855,4.108,4.1855,88038,0
20130722,4.108,4.263,4.108,4.1855,122607,0
20130723,4.1855,4.3405,4.1855,4.3405,86300,0
20130724,4.418,4.4955,4.3405,4.3405,997626,0
20130725,4.3405,4.418,4.1855,4.3405,122955,0
20130726,4.3405,4.418,4.108,4.1855,244640,0
20130729,4.1855,4.3405,4.1855,4.3405,35639,0
20130730,4.3405,4.3405,4.1855,4.263,25215,0
20130731,4.263,4.3405,4.1855,4.1855,77175,0
20130801,4.263,4.263,4.1855,4.263,12386,0
20130802,4.418,5.0381,4.418,4.8831,2356732,0
20130805,4.9606,4.9606,4.573,4.8056,1369535,0
20130806,4.8056,5.0381,4.7281,4.8831,622545,0
20130807,4.9606,5.2706,4.9606,5.2706,1478056,0
20130808,5.3481,5.6582,5.3481,5.5807,1157850,0
20130809,5.5807,5.6582,5.3481,5.6582,715868,0
20130812,5.6582,6.7433,5.6582,6.3558,1888232,0
20130813,6.3558,6.5108,6.0457,6.2007,687059,0
20130814,6.2007,6.2007,5.6582,5.9682,1191961,0
20130816,5.8907,6.0457,5.7357,5.8907,220981,0
20130819,5.8907,6.4333,5.8132,6.0457,917304,0
20130820,6.0457,6.1232,5.8907,6.0457,101241,0
20130821,6.0457,6.2782,5.9682,5.9682,322011,0
20130822,6.0457,6.1232,5.8907,5.9682,381361,0
20130823,6.0457,6.2782,6.0457,6.0457,274489,0
20130826,6.0457,6.2782,6.0457,6.1232,443119,0
20130827,6.1232,6.1232,5.7357,5.7357,291390,0
20130828,5.7357,5.8132,5.5032,5.7357,342245,0
20130829,5.7357,5.8907,5.6582,5.8132,102523,0
20130830,5.8132,5.8907,5.7357,5.8132,85166,0
20130902,5.5807,5.9682,5.5807,5.9682,251546,0
20130903,5.9682,6.0457,5.7357,5.8132,110672,0
20130904,5.7357,5.8132,5.5032,5.5032,137145,0
20130905,5.5807,5.6582,5.1156,5.5032,399422,0
20130906,5.3481,5.6582,5.3481,5.5807,189733,0
20130909,5.5807,6.1232,5.5807,6.1232,363073,0
20130910,6.2007,6.6658,6.2007,6.5108,651087,0
20130911,6.5883,6.5883,6.3558,6.4333,146430,0
20130912,6.4333,6.5108,6.3558,6.5108,57485,0
20130913,6.4333,6.4333,6.2007,6.2007,183046,0
20130916,6.2782,6.4333,6.1232,6.1232,247275,0
20130917,6.1232,6.2007,5.8907,6.1232,338779,0
20130918,6.1232,6.2782,5.9682,5.9682,147322,0
20130919,6.1232,6.2007,5.9682,6.0457,143495,0
20130920,6.0457,6.2007,6.0457,6.2007,212354,0
20130923,6.2782,6.3558,6.0457,6.0457,242447,0
20130924,6.0457,6.0457,5.8907,5.8907,204690,0
20130925,5.9682,5.9682,5.7357,5.8132,293316,0
20130926,5.8132,5.9682,5.7357,5.9682,252629,0
20130927,5.9682,5.9682,5.8132,5.8132,143596,0
20130930,5.8132,5.8132,5.5032,5.6582,461017,0
20131001,5.6582,5.7357,5.5032,5.5807,108090,0
20131002,5.6582,5.8907,5.6582,5.8907,196693,0
20131003,6.2782,7.2859,6.2782,6.6658,5466006,0
20131004,6.7433,6.8983,6.5108,6.8208,3880498,0
20131007,6.8983,7.2859,6.6658,7.2084,945782,0
20131008,7.2084,7.4409,6.9758,7.2084,620386,0
20131009,7.1308,7.1308,6.6658,6.8983,701434,0
20131010,6.8983,7.1308,6.7433,6.8983,689760,0
20131011,7.0533,7.1308,6.8983,7.1308,335990,0
20131014,7.2084,7.2859,6.9758,6.9758,1984680,0
20131015,6.9758,7.9059,6.9758,7.5959,1511686,0
20131016,7.6734,8.061,7.6734,7.9834,735887,0
20131017,8.216,8.6035,8.1385,8.4485,1121557,0
20131018,8.526,8.9136,8.2935,8.4485,661435,0
20131021,8.6035,8.681,8.4485,8.526,340803,0
20131022,8.6035,8.7585,8.4485,8.6035,357744,0
20131023,8.6035,8.6035,8.2935,8.526,258601,0
20131024,8.526,8.681,8.371,8.6035,377518,0
20131025,8.6035,8.6035,8.4485,8.6035,231481,0
20131028,8.6035,9.4561,8.4485,9.2236,1623978,0
20131029,9.3786,9.689,9.3786,9.3786,474600,0
20131030,9.4561,10.076,9.2236,9.844,1171672,0
20131031,9.844,10.619,9.689,10.231,1088365,0
20131104,10.309,10.619,9.689,9.766,1165847,0
20131105,9.766,9.999,8.9911,9.0686,1086791,0
20131106,9.0686,9.534,8.7585,9.4561,646528,0
20131107,9.4561,9.689,9.2236,9.3011,364471,0
20131108,9.2236,9.3011,9.0686,9.2236,372182,0
20131112,9.3786,9.3786,9.2236,9.2236,134224,0
20131113,9.3011,9.534,9.2236,9.4561,240944,0
20131114,9.4561,10.231,9.4561,9.999,721555,0
20131115,10.154,10.929,10.154,10.541,938378,0
20131118,10.774,11.161,10.309,11.006,788926,0
20131119,10.929,11.161,10.774,10.851,584004,0
20131120,10.929,11.161,10.696,11.006,403526,0
20131121,11.006,11.006,10.774,10.851,310421,0
20131122,10.851,11.006,10.619,10.696,354512,0
20131125,10.774,11.626,10.774,11.626,1551574,0
20131126,11.626,11.859,11.394,11.549,584177,0
20131127,11.394,11.394,10.851,11.161,843712,0
20131128,11.239,11.316,10.851,11.161,348760,0
20131129,11.084,11.549,11.006,11.394,254969,0
20131202,11.394,11.471,10.774,11.084,507863,0
20131203,11.006,11.006,9.689,9.844,2045713,0
20131204,9.689,10.231,9.611,10.076,985421,0
20131205,9.999,10.231,9.766,9.999,367382,0
20131206,10.076,10.309,9.999,10.076,348221,0
20131209,10.076,10.541,9.921,10.076,1692094,0
20131210,10.076,10.231,9.766,9.921,610071,0
20131211,9.844,10.231,9.766,9.921,528424,0
20131212,9.844,9.844,9.534,9.611,499582,0
20131213,9.689,9.844,9.611,9.689,139240,0
20131216,9.689,9.766,9.2236,9.4561,750612,0
20131217,9.534,9.534,8.7585,8.836,858192,0
20131218,8.7585,9.3011,8.6035,9.3011,957233,0
20131219,9.611,9.999,9.3011,9.4561,1309474,0
20131220,9.4561,9.611,9.2236,9.534,555098,0
20131223,9.689,10.154,9.689,10.076,960904,0
20131227,10.231,10.231,9.766,9.999,414315,0
20131230,9.999,9.999,9.766,9.999,128451,0
20140102,10.076,10.231,9.921,10.154,497144,0
20140103,10.076,10.154,9.921,10.154,163100,0
20140107,10.076,10.076,9.534,9.766,495475,0
20140108,9.689,9.689,9.3011,9.611,372349,0
20140109,9.611,9.844,9.3786,9.3786,250590,0
20140110,9.3011,9.3011,8.836,9.0686,911187,0
20140113,8.9136,9.611,8.9136,9.3786,456383,0
20140114,9.2236,9.4561,9.1461,9.3011,113254,0
20140115,9.3786,9.689,9.3011,9.4561,220580,0
20140116,9.534,9.534,9.3011,9.4561,165695,0
20140117,9.3786,9.844,9.3011,9.766,860506,0
20140120,9.766,10.464,9.611,10.386,1313318,0
20140121,10.464,10.541,9.921,10.231,1650945,0
20140122,10.231,10.231,9.921,9.921,437355,0
20140123,9.999,10.076,9.534,9.689,653519,0
20140124,9.611,9.689,9.3011,9.611,531219,0
20140127,9.3786,9.534,9.1461,9.3786,382851,0
20140128,9.3786,9.921,9.3786,9.921,602923,0
20140129,9.999,10.154,9.766,9.844,525838,0
20140130,9.689,10.154,9.611,10.076,393188,0
20140131,9.999,10.154,9.921,9.999,314669,0
20140203,10.076,10.309,9.999,10.076,443214,0
20140204,9.844,10.076,9.766,9.999,230718,0
20140205,9.921,10.076,9.766,9.766,509571,0
20140206,9.766,9.921,9.534,9.766,486542,0
20140207,9.689,9.921,9.611,9.766,289217,0
20140210,9.844,10.076,9.766,9.844,509652,0
20140211,9.844,10.309,9.844,10.231,792609,0
20140212,10.231,10.309,9.999,10.154,377466,0
20140213,10.154,10.464,10.154,10.386,446024,0
20140214,10.386,10.464,10.309,10.464,256149,0
20140217,10.541,10.541,10.309,10.464,189477,0
20140218,10.464,11.084,10.386,10.929,706734,0
20140219,10.851,10.929,10.696,10.774,373763,0
20140220,10.696,10.696,10.541,10.696,139647,0
20140221,10.696,11.394,10.696,11.239,610077,0
20140224,11.316,11.626,11.239,11.394,483993,0
20140225,11.394,11.471,11.084,11.239,553823,0
20140226,11.161,11.239,10.541,10.541,691465,0
20140227,10.541,10.774,10.464,10.774,242266,0
20140228,10.774,11.006,10.619,11.006,198676,0
20140303,10.309,10.619,9.689,9.766,1648555,0
20140304,10.154,10.541,10.076,10.541,527232,0
20140305,10.541,10.774,10.231,10.231,366032,0
20140306,10.386,10.541,10.231,10.309,132586,0
20140307,10.309,10.464,10.076,10.076,170987,0
20140310,9.999,10.076,9.844,9.844,147076,0
20140311,9.921,10.076,9.534,9.766,294069,0
20140312,9.689,9.689,9.3011,9.3786,597892,0
20140313,9.3786,9.689,9.2236,9.2236,383603,0
20140314,9.0686,9.1461,8.7585,8.9136,579601,0
20140317,9.2236,9.689,9.1461,9.534,612320,0
20140318,9.689,10.231,9.534,9.999,863537,0
20140319,10.231,10.231,9.689,9.766,770484,0
20140320,9.689,9.766,9.534,9.766,184925,0
20140321,9.844,9.921,9.766,9.766,106078,0
20140324,10.154,10.231,9.611,10.154,695804,0
20140325,10.231,10.774,10.231,10.696,1174999,0
20140326,10.774,11.161,10.774,11.006,822016,0
20140327,11.006,11.006,10.386,10.386,1454252,0
20140328,10.386,10.541,10.076,10.309,541226,0
20140331,10.386,10.696,10.386,10.619,574052,0
20140401,10.619,10.696,10.076,10.309,743688,0
20140402,10.309,10.464,9.999,9.999,931531,0
20140403,10.076,10.231,9.921,9.999,320772,0
20140404,9.999,10.154,9.766,10.076,489511,0
20140407,9.999,9.999,9.844,9.921,161012,0
20140408,9.921,10.386,9.689,10.231,709575,0
20140409,10.309,10.774,10.231,10.541,1932487,0
20140410,10.619,11.006,10.541,10.619,1243172,0
20140411,10.386,10.541,10.386,10.541,388370,0
20140414,10.386,10.386,9.999,10.231,1255371,0
20140415,10.231,10.309,9.999,9.999,495634,0
20140416,10.076,10.154,9.844,10.076,341700,0
20140417,10.076,10.386,10.076,10.231,581029,0
20140422,10.386,10.464,10.231,10.464,229910,0
20140423,10.464,10.541,10.154,10.231,311376,0
20140424,10.154,10.386,9.999,9.999,410054,0
20140425,9.999,10.154,9.844,9.999,413364,0
20140428,9.999,10.309,9.999,10.076,290750,0
20140429,10.154,10.309,10.076,10.154,262918,0
20140430,10.154,10.309,10.076,10.076,102552,0
20140502,10.076,10.154,9.999,10.076,140463,0
20140505,10.076,10.076,9.534,9.689,478446,0
20140506,9.689,9.766,9.4561,9.611,297468,0
20140507,9.534,9.766,9.3011,9.766,772187,0
20140508,9.844,10.154,9.844,9.921,360427,0
20140509,9.921,9.921,9.611,9.611,277736,0
20140512,9.611,9.689,9.4561,9.689,228845,0
20140513,9.689,9.999,9.4561,9.534,636746,0
20140514,9.534,9.689,9.4561,9.4561,165025,0
20140515,9.534,9.766,9.4561,9.4561,217836,0
20140516,9.4561,9.611,9.4561,9.611,193017,0
20140519,9.611,9.611,9.4561,9.4561,139303,0
20140520,9.534,9.611,9.4561,9.534,50557,0
20140521,9.611,9.689,9.3786,9.3786,257650,0
20140522,9.534,9.534,9.3011,9.4561,334792,0
20140523,9.4561,9.534,9.3011,9.3786,310436,0
20140526,9.3786,9.611,9.3011,9.4561,551670,0
20140527,9.4561,9.4561,8.9911,9.2236,467693,0
20140528,9.2236,9.2236,8.9136,8.9911,1058834,0
20140529,8.9911,9.0686,8.7585,8.836,635671,0
20140530,8.836,8.9136,8.216,8.371,1529905,0
20140602,8.4485,8.526,8.061,8.371,450501,0
20140603,8.371,8.7585,8.2935,8.4485,1121560,0
20140604,8.4485,8.6035,8.216,8.526,223943,0
20140605,8.526,8.836,8.371,8.6035,721690,0
20140606,8.6035,8.7585,8.526,8.6035,472102,0
20140609,8.6035,8.681,8.4485,8.526,258525,0
20140610,8.526,8.6035,8.4485,8.4485,163915,0
20140611,8.4485,8.681,8.216,8.4485,652042,0
20140612,8.4485,8.526,8.371,8.4485,120381,0
20140613,8.4485,8.526,8.371,8.4485,42896,0
20140616,8.371,8.371,8.216,8.2935,219190,0
20140617,8.2935,8.4485,8.216,8.4485,223186,0
20140618,8.4485,8.6035,8.371,8.4485,572714,0
20140620,8.526,8.526,8.371,8.4485,182461,0
20140623,8.526,8.526,8.1385,8.1385,315382,0
20140624,8.1385,8.1385,7.7509,7.9834,626078,0
20140625,7.9834,8.1385,7.8284,7.9059,399127,0
20140626,7.9834,8.061,7.6734,7.7509,304345,0
20140627,7.6734,7.6734,7.4409,7.5184,407527,0
20140630,7.4409,7.5184,7.2859,7.5184,310470,0
20140701,7.4409,7.7509,7.4409,7.7509,284453,0
20140702,7.8284,7.9059,7.5184,7.6734,281022,0
20140703,7.7509,7.7509,7.4409,7.5184,223368,0
20140704,7.5184,7.5959,7.4409,7.5959,64623,0
20140707,7.5959,7.6734,7.5184,7.6734,113857,0
20140708,7.6734,7.9059,7.6734,7.8284,183998,0
20140709,7.8284,7.8284,7.6734,7.7509,61884,0
20140710,7.8284,7.8284,7.5959,7.7509,49704,0
20140711,7.7509,7.9059,7.7509,7.8284,134845,0
20140714,7.9059,8.371,7.9059,8.216,454784,0
20140715,8.2935,8.6035,8.1385,8.4485,517718,0
20140716,8.526,8.526,8.216,8.2935,165137,0
20140717,8.216,8.2935,8.1385,8.1385,112353,0
20140718,8.061,8.1385,7.9834,8.1385,108823,0
20140721,8.1385,8.216,8.061,8.1385,61591,0
20140722,8.216,8.526,8.216,8.526,297640,0
20140723,8.526,8.7585,8.4485,8.526,204661,0
20140724,8.4485,8.526,8.371,8.4485,58750,0
20140725,8.4485,8.4485,8.371,8.4485,91196,0
20140728,8.4485,8.4485,8.2935,8.2935,60157,0
20140729,8.2935,8.371,8.1385,8.1385,236764,0
20140730,8.216,8.216,7.9059,7.9834,303803,0
20140731,7.9834,7.9834,7.5959,7.9059,290687,0
20140801,7.9834,8.1385,7.6734,8.061,181598,0
20140804,8.061,8.1385,7.9834,8.061,97345,0
20140805,7.9834,8.061,7.8284,7.9059,127606,0
20140806,7.9059,7.9059,7.7509,7.8284,80887,0
20140807,7.7509,7.8284,7.6734,7.7509,40514,0
20140808,7.7509,7.7509,7.3634,7.5184,377733,0
20140811,7.6734,7.7509,7.4409,7.5184,196489,0
20140812,7.5184,7.5959,7.3634,7.4409,125647,0
20140813,7.3634,7.5184,7.2859,7.4409,75644,0
20140814,7.4409,7.5184,7.2859,7.3634,104857,0
20140818,7.4409,7.5959,7.2859,7.5959,162383,0
20140819,7.6734,7.9059,7.6734,7.7509,274119,0
20140820,7.8284,7.8284,7.6734,7.7509,94574,0
20140821,7.7509,7.8284,7.6734,7.6734,100762,0
20140822,7.6734,7.6734,7.5184,7.5184,81969,0
20140825,7.5959,7.6734,7.5959,7.5959,32962,0
20140826,7.5959,7.6734,7.5184,7.5959,34554,0
20140827,7.5959,7.9834,7.5184,7.9059,326126,0
20140828,7.9834,7.9834,7.5959,7.5959,168490,0
20140829,7.5959,7.8284,7.5959,7.7509,71471,0
20140901,7.9059,7.9834,7.6734,7.7509,272896,0
20140902,7.8284,7.8284,7.6734,7.7509,58003,0
20140903,7.7509,8.2935,7.6734,8.216,827768,0
20140904,8.216,8.216,7.9834,8.061,385456,0
20140905,8.061,8.216,7.9834,8.1385,251994,0
20140908,8.1385,8.371,8.061,8.371,322370,0
20140909,8.371,8.526,8.1385,8.2935,414231,0
20140910,8.2935,8.526,8.216,8.526,510931,0
20140911,8.526,8.681,8.371,8.4485,373958,0
20140912,8.526,8.526,8.371,8.371,118477,0
20140915,8.371,8.4485,8.216,8.2935,131292,0
20140916,8.2935,8.2935,8.1385,8.2935,169173,0
20140917,8.2935,9.0686,8.2935,8.9911,1538976,0
20140918,9.0686,9.1461,8.836,8.836,482723,0
20140919,8.9911,9.2236,8.836,9.2236,721707,0
20140922,9.1461,9.2236,8.9911,9.0686,217085,0
20140923,9.2236,9.2236,8.9136,8.9911,202236,0
20140924,8.9911,9.1461,8.9136,8.9911,206498,0
20140925,9.0686,9.1461,8.836,8.9136,374702,0
20140926,8.9136,8.9136,8.7585,8.836,281173,0
20140929,8.9136,8.9136,8.7585,8.9136,133423,0
20140930,8.9136,8.9911,8.836,8.9136,281950,0
20141001,8.9911,8.9911,8.7585,8.836,201014,0
20141002,8.7585,8.7585,8.4485,8.6035,438826,0
20141003,8.6035,8.836,8.6035,8.6035,167367,0
20141006,8.681,8.7585,8.526,8.6035,74162,0
20141007,8.6035,8.6035,8.4485,8.4485,152645,0
20141008,8.371,8.4485,8.216,8.216,245515,0
20141009,8.2935,8.4485,8.2935,8.2935,128802,0
20141010,8.216,8.216,7.9834,8.1385,322313,0
20141013,8.1385,8.216,8.061,8.216,176789,0
20141014,8.1385,8.371,8.061,8.1385,438745,0
20141015,8.216,8.216,8.061,8.1385,199064,0
20141016,8.1385,8.2935,7.8284,8.2935,521381,0
20141017,8.216,8.371,8.1385,8.1385,152008,0
20141020,8.216,8.216,8.1385,8.216,17445,0
20141021,8.216,8.371,8.1385,8.371,78025,0
20141022,8.371,8.6035,8.2935,8.6035,375116,0
20141023,8.4485,8.6035,8.4485,8.526,23034,0
20141024,8.526,8.6035,8.4485,8.6035,241906,0
20141027,8.6035,8.6035,8.371,8.4485,98157,0
20141028,8.4485,8.6035,8.4485,8.526,30213,0
20141029,8.526,8.526,8.4485,8.4485,52629,0
20141030,8.4485,8.526,8.371,8.4485,104947,0
20141031,8.526,8.6035,8.526,8.6035,47040,0
20141103,8.6035,8.681,8.526,8.681,84487,0
20141104,8.7585,9.0686,8.681,8.9911,470775,0
20141105,9.0686,9.1461,8.9136,8.9136,83033,0
20141106,9.1461,9.1461,8.526,8.681,551898,0
20141107,8.7585,8.7585,8.526,8.526,126666,0
20141110,8.526,8.681,8.526,8.6035,57484,0
20141112,8.681,8.7585,8.526,8.6035,62646,0
20141113,8.6035,8.7585,8.6035,8.681,62501,0
20141114,8.6035,8.681,8.526,8.6035,77585,0
20141117,8.6035,8.681,8.526,8.681,12632,0
20141118,8.681,8.836,8.6035,8.836,128601,0
20141119,8.836,8.9136,8.836,8.836,107238,0
20141120,8.836,8.836,8.6035,8.681,38890,0
20141121,8.7585,8.7585,8.6035,8.681,35479,0
20141124,8.6035,8.681,8.2935,8.371,392773,0
20141125,8.2935,8.4485,8.2935,8.2935,109564,0
20141126,8.371,8.4485,8.216,8.2935,121247,0
20141127,8.2935,8.526,8.216,8.526,110159,0
20141128,8.4485,8.526,8.371,8.4485,78896,0
20141215,8.2547,8.6713,8.2353,8.4097,133677,0
20141216,8.4001,8.4001,7.8284,8.09,180508,0
20141217,8.0706,8.0706,7.7315,7.8478,198610,0
20141218,7.8478,7.9641,7.7897,7.7897,112465,0
20141219,7.8284,7.8381,7.7122,7.78,356438,0
20141222,7.78,7.78,7.2762,7.5862,160583,0
20141223,7.5765,7.6443,7.5087,7.5378,184324,0
20141229,7.5378,7.5959,7.3246,7.3924,114842,0
20141230,7.3924,7.3924,7.3149,7.3634,100207,0
20150102,7.5184,7.7897,7.4215,7.6056,310815,0
20150105,7.6637,7.7897,7.499,7.5378,139478,0
20150107,7.6056,7.9931,7.6056,7.9834,80608,0
20150108,7.9544,8.4001,7.9059,8.3516,545552,0
20150109,8.3613,8.371,7.9253,7.9931,402669,0
20150112,8.0416,8.2547,8.0416,8.1385,73105,0
20150113,8.216,8.3613,8.1578,8.3225,155580,0
20150114,8.3225,8.371,8.1578,8.3322,148243,0
20150115,8.2935,8.3613,8.216,8.2838,88608,0
20150116,8.3225,8.371,8.2353,8.2838,541171,0
20150119,8.245,8.3225,8.2353,8.2741,203172,0
20150120,8.245,8.3129,8.2353,8.3129,68663,0
20150121,8.3129,8.7973,8.3129,8.5745,325155,0
20150122,8.5745,8.6713,8.4969,8.5938,68353,0
20150123,8.6229,8.6229,8.5454,8.5454,53133,0
20150126,8.526,8.5745,8.4582,8.526,47922,0
20150127,8.526,8.7101,8.526,8.6229,126369,0
20150128,8.6713,8.7004,8.5938,8.6907,254704,0
20150129,8.6907,9.0783,8.5745,9.0201,338422,0
20150130,9.0104,9.1461,8.9136,8.9523,271347,0
20150202,8.9426,8.9523,8.6423,8.7101,86714,0
20150203,8.6423,8.7876,8.6423,8.7876,75104,0
20150204,8.8554,8.8554,8.7198,8.7973,46474,0
20150205,8.7973,8.9814,8.7973,8.9329,107455,0
20150206,8.9717,9.0104,8.9329,8.9911,90789,0
20150209,9.0201,9.0589,8.8167,8.8845,127833,0
20150210,8.8845,8.9426,8.5357,8.6229,112812,0
20150211,8.6229,8.8748,8.6229,8.8457,69250,0
20150212,8.9039,9.0976,8.7682,8.9426,160264,0
20150213,8.9717,9.0298,8.9426,8.962,63249,0
20150216,8.962,9.0008,8.8554,8.9426,64085,0
20150217,8.9426,8.962,8.8264,8.8942,37210,0
20150218,8.9039,8.9232,8.7876,8.807,83032,0
20150219,8.8167,8.9039,8.7779,8.807,59300,0
20150220,8.7585,8.807,8.3516,8.3807,540975,0
20150223,8.216,8.5648,7.8478,8.5163,271780,0
20150224,8.4776,8.8651,8.3807,8.7198,155703,0
20150225,8.6423,8.9232,8.6423,8.8457,258320,0
20150226,8.8167,8.9329,8.7682,8.9039,41504,0
20150227,8.8264,8.9136,8.7779,8.8554,62898,0
20150302,8.836,9.0298,8.8167,8.962,116917,0
20150303,8.9039,8.9717,8.8651,8.8942,23307,0
20150304,8.8942,8.9039,8.836,8.9039,41117,0
20150305,8.9136,9.1945,8.9136,9.1945,281422,0
20150306,9.2042,9.66,9.1945,9.553,512181,0
20150309,9.582,9.834,9.553,9.737,274551,0
20150310,9.824,9.824,9.592,9.698,149262,0
20150311,9.698,9.708,9.4949,9.4949,117765,0
20150312,9.592,9.815,9.543,9.795,157911,0
20150313,9.815,9.882,9.689,9.882,223051,0
20150316,10.076,10.154,9.737,9.805,225411,0
20150317,9.786,9.786,9.4949,9.543,131095,0
20150318,9.543,9.824,9.543,9.824,72323,0
20150319,9.863,9.931,9.737,9.824,86898,0
20150320,9.882,9.882,9.737,9.834,53397,0
20150323,9.824,9.853,9.718,9.834,74409,0
20150324,9.853,9.96,9.679,9.689,103551,0
20150325,9.679,9.689,9.543,9.64,82669,0
20150326,9.543,9.64,9.543,9.64,30224,0
20150327,9.543,9.747,9.543,9.689,35076,0
20150330,9.766,9.882,9.689,9.853,30203,0
20150331,9.824,9.931,9.718,9.902,116909,0
20150401,9.921,9.921,9.737,9.882,110153,0
20150402,9.911,9.921,9.766,9.873,38192,0
20150407,9.873,9.911,9.795,9.911,61807,0
20150408,9.911,10.018,9.834,9.931,225492,0
20150409,9.95,9.979,9.882,9.902,64896,0
20150410,9.902,9.931,9.834,9.882,38699,0
20150413,9.844,9.882,9.563,9.669,49819,0
20150414,9.669,9.776,9.669,9.737,15188,0
20150415,9.747,9.834,9.66,9.669,58644,0
20150416,9.689,9.689,8.9814,9.4949,186994,0
20150417,9.4949,9.592,9.4949,9.524,27614,0
20150420,9.543,9.543,9.3495,9.4174,74349,0
20150421,9.4174,9.689,9.4174,9.4658,195107,0
20150422,9.4174,9.4658,9.3592,9.398,28635,0
20150423,9.3495,9.4464,9.2623,9.3786,29547,0
20150424,9.3689,9.4464,9.3495,9.398,78197,0
20150427,9.3592,9.66,9.3592,9.65,276507,0
20150428,9.65,9.65,9.4949,9.563,264533,0
20150429,9.514,9.631,9.505,9.563,89408,0
20150430,9.543,9.631,9.524,9.592,287239,0
20150504,9.592,9.815,9.592,9.679,114480,0
20150505,9.631,9.708,9.631,9.689,96425,0
20150506,9.689,10.028,9.621,9.931,402498,0
20150507,9.931,10.028,9.863,9.95,144478,0
20150508,9.979,9.979,9.786,9.815,65663,0
20150511,9.669,9.931,9.669,9.882,830723,0
20150512,9.892,9.979,9.795,9.834,227430,0
20150513,9.834,9.882,9.737,9.747,65176,0
20150514,9.776,9.834,9.66,9.698,101316,0
20150515,9.708,9.776,9.689,9.689,49332,0
20150518,9.805,9.805,9.64,9.679,56272,0
20150519,9.679,9.844,9.64,9.844,662175,0
20150520,9.863,9.921,9.708,9.873,311969,0
20150521,9.795,9.902,9.737,9.882,36047,0
20150522,9.882,9.95,9.853,9.95,62028,0
20150525,9.95,9.95,9.708,9.756,41564,0
20150526,9.766,9.873,9.631,9.786,93092,0
20150527,9.747,9.834,9.747,9.815,21329,0
20150528,9.805,9.824,9.689,9.756,47914,0
20150529,9.737,9.737,9.2333,9.621,196167,0
20150601,9.66,9.66,9.4658,9.582,66215,0
20150602,9.572,9.582,9.524,9.543,40189,0
20150603,9.543,9.64,9.543,9.64,52855,0
20150605,9.64,9.64,9.534,9.543,22736,0
20150608,9.543,9.718,9.524,9.601,61243,0
20150609,9.524,9.64,9.524,9.543,126625,0
20150610,9.543,9.718,9.4271,9.4271,54376,0
20150611,9.534,9.592,9.2042,9.2139,68259,0
20150612,9.2042,9.2042,8.9717,9.1073,53844,0
20150615,9.117,9.243,8.836,9.0104,54031,0
20150616,8.962,9.0104,8.8651,8.962,27254,0
20150617,9.0104,9.117,8.4291,8.6132,414764,0
20150618,8.6132,8.6907,8.4969,8.4969,79333,0
20150619,8.5357,8.6713,8.526,8.5454,59244,0
20150622,8.6713,8.7973,8.6326,8.7295,39034,0
20150623,8.8167,8.8167,8.681,8.7198,22604,0
20150624,8.6907,8.6907,8.4776,8.6035,45325,0
20150625,8.4776,8.6713,8.2547,8.6035,37604,0
20150626,8.6423,8.6423,8.4873,8.6229,47375,0
20150629,8.1772,8.3322,7.7509,8.3322,56825,0
20150630,8.3225,8.4776,8.2547,8.3322,34923,0
20150701,8.4001,8.5454,8.3322,8.526,35660,0
20150702,8.526,8.6132,8.4776,8.6132,19784,0
20150703,8.6035,8.6035,8.4291,8.526,23705,0
20150706,8.2644,8.5066,8.2644,8.4291,13770,0
20150707,8.3419,8.5163,8.2353,8.2838,20386,0
20150708,8.2353,8.3516,8.1191,8.2741,52076,0
20150709,8.2353,8.2741,8.2353,8.2547,15191,0
20150710,8.2644,8.3904,8.2644,8.3807,91932,0
20150713,8.5066,8.7004,8.4873,8.6423,27585,0
20150714,8.6423,8.6423,8.5648,8.5745,19387,0
20150715,8.5841,9.0104,8.5163,8.9814,54619,0
20150716,9.0589,9.1364,8.7973,8.8264,155640,0
20150717,8.8264,8.9814,8.8264,8.8651,101000,0
20150720,8.8651,8.8748,8.8167,8.8167,185723,0
20150721,8.8264,8.8554,8.6229,8.7392,45388,0
20150722,8.6907,8.7973,8.526,8.526,151476,0
20150723,8.526,8.6035,8.3807,8.5551,24214,0
20150724,8.5648,8.7198,8.4291,8.5163,17036,0
20150727,8.4969,8.6907,8.3032,8.6713,63529,0
20150728,8.6035,8.9136,8.6035,8.7682,79706,0
20150729,8.807,8.807,8.7198,8.7585,32468,0
20150730,8.7779,8.8264,8.7585,8.7973,35722,0
20150731,8.8845,8.9523,8.8167,8.9523,115292,0
20150803,8.9523,8.9523,8.8554,8.9523,14183,0
20150804,8.9523,8.9717,8.7779,8.9523,54924,0
20150805,8.9329,9.3495,8.9329,9.3108,123126,0
20150806,9.3011,9.3011,9.1558,9.2042,124352,0
20150807,9.1073,9.2042,8.962,9.1848,29085,0
20150810,9.0589,9.1848,9.0008,9.0589,39075,0
20150811,9.0589,9.1848,9.0298,9.1073,102966,0
20150812,9.0492,9.0976,8.9039,9.0104,91927,0
20150813,9.0976,9.1558,9.0104,9.0686,207555,0
20150814,9.0492,9.1558,9.0492,9.1073,19928,0
20150817,9.1364,9.2042,9.0589,9.1073,51632,0
20150818,9.0783,9.0783,8.807,8.962,14801,0
20150819,8.9426,8.962,8.7488,8.7488,21546,0
20150820,8.7682,8.8554,8.5841,8.7004,28817,0
20150821,8.6326,8.7682,8.4485,8.7392,40384,0
20150824,8.4001,8.526,7.9156,8.0416,121433,0
20150825,8.0416,8.3613,7.9544,8.09,83910,0
20150826,8.1288,8.1385,7.9738,7.9931,138070,0
20150827,8.1385,8.2353,8.09,8.2257,101048,0
20150828,8.2353,8.526,8.2353,8.4873,29139,0
20150831,8.5745,8.6132,8.526,8.6132,8285,0
20150901,8.4776,8.4776,8.1869,8.1869,49464,0
20150902,8.2838,8.371,8.2838,8.3322,33908,0
20150903,8.3129,8.4001,8.2838,8.3032,50085,0
20150904,8.2838,8.4194,8.2838,8.2838,22196,0
20150907,8.3225,8.3225,8.2353,8.2838,9817,0
20150908,8.2838,8.3322,8.2838,8.3225,8438,0
20150909,8.3322,8.3807,8.1869,8.2935,38369,0
20150910,8.216,8.2644,8.1191,8.1966,189862,0
20150911,8.1482,8.1966,8.0513,8.1385,60810,0
20150914,8.09,8.0997,8.0222,8.0416,50127,0
20150915,8.0416,8.216,8.0125,8.216,45651,0
20150916,8.2353,8.7682,8.2353,8.5745,107628,0
20150917,8.6713,8.9523,8.5841,8.9039,165118,0
20150918,8.9136,8.9717,8.9136,8.9717,108548,0
20150921,8.9717,8.9717,8.8748,8.9426,43762,0
20150922,8.9136,8.9136,8.8167,8.8748,31609,0
20150923,8.8651,8.8651,8.681,8.7973,52921,0
20150924,8.7295,8.7585,8.6035,8.7101,31342,0
20150925,8.7101,8.7682,8.6132,8.7682,34617,0
20150928,8.7682,9.0008,8.4969,8.6132,90683,0
20150929,8.4388,8.5357,8.4097,8.526,11824,0
20150930,8.526,8.6035,8.4969,8.5938,12788,0
20151001,8.4969,8.6035,8.4969,8.5938,83834,0
20151002,8.4776,8.6035,8.4776,8.526,24062,0
20151005,8.4873,8.807,8.371,8.5938,129287,0
20151006,8.6713,8.9039,8.6229,8.9039,131274,0
20151007,8.9136,9.0492,8.8845,8.9523,67127,0
20151008,9.0104,9.3205,8.9232,9.3011,68276,0
20151009,9.3011,9.3302,9.272,9.3302,79225,0
20151012,9.3302,9.582,9.3302,9.563,56274,0
20151013,9.563,9.563,9.3011,9.3786,43996,0
20151014,9.3883,9.4949,9.3786,9.4271,89423,0
20151015,9.4367,9.747,9.4367,9.737,113753,0
20151016,9.747,9.747,9.669,9.689,73481,0
20151019,9.669,9.669,9.4561,9.4949,31061,0
20151020,9.4658,9.689,9.4658,9.689,31881,0
20151021,9.727,10.076,9.727,9.999,441047,0
20151022,9.882,10.047,9.882,9.979,101574,0
20151023,9.979,9.979,9.708,9.882,125233,0
20151026,9.727,9.979,9.727,9.979,34738,0
20151027,9.979,9.979,9.863,9.863,58069,0
20151028,9.863,9.931,9.863,9.902,111352,0
20151029,9.834,9.892,9.592,9.592,151520,0
20151030,9.64,9.873,9.631,9.815,42617,0
20151102,9.863,10.105,9.834,10.037,79599,0
20151103,10.057,10.076,9.921,9.979,34870,0
20151104,9.989,10.163,9.95,10.096,131258,0
20151105,10.105,10.115,9.979,10.096,42625,0
20151106,10.028,10.067,9.882,10.037,49075,0
20151109,10.057,10.057,9.601,9.824,436464,0
20151110,9.853,10.028,9.621,10.028,59972,0
20151112,10.018,10.047,9.931,10.028,47512,0
20151113,9.979,10.134,9.882,9.96,122273,0
20151116,9.882,10.154,9.689,10.154,126544,0
20151117,10.144,10.842,10.144,10.793,347319,0
20151118,10.832,11.239,10.648,11.055,705909,0
20151119,11.045,11.626,11.045,11.529,573256,0
20151120,11.529,11.82,11.51,11.675,417390,0
20151123,11.665,11.743,11.336,11.529,282888,0
20151124,11.452,11.801,11.365,11.791,272794,0
20151125,11.772,12.566,11.772,12.372,289859,0
20151126,12.353,12.489,12.227,12.401,169955,0
20151127,12.276,12.401,12.179,12.305,81624,0
20151130,12.305,12.401,12.208,12.401,95614,0
20151201,12.401,12.401,12.343,12.401,128303,0
20151202,12.363,12.479,12.111,12.401,218207,0
20151203,12.382,12.401,12.305,12.392,89959,0
20151204,12.382,12.382,11.636,12.043,299624,0
20151207,12.101,12.353,11.84,11.888,60735,0
20151208,11.956,12.101,11.636,12.014,192131,0
20151209,11.772,12.033,11.636,11.636,180872,0
20151210,11.704,11.907,11.655,11.82,72667,0
20151211,11.907,11.907,11.249,11.559,472795,0
20151214,11.316,11.423,10.658,11.19,539651,0
20151215,11.278,11.568,11.19,11.433,85684,0
20151216,11.462,11.888,11.462,11.636,137267,0
20151217,11.898,12.45,11.781,12.401,309445,0
20151218,12.401,12.44,12.13,12.256,191996,0
20151221,12.392,12.401,12.14,12.295,223373,0
20151222,12.314,12.401,12.246,12.353,71665,0
20151223,12.353,12.353,12.208,12.353,61015,0
20151228,12.305,12.305,12.111,12.295,94160,0
20151229,12.111,12.276,12.111,12.276,55180,0
20151230,12.208,12.256,12.15,12.256,70240,0
20160104,11.965,12.169,11.685,11.723,75631,0
20160105,11.82,11.917,11.772,11.82,39584,0
20160107,11.578,12.053,11.51,11.869,193761,0
20160108,12.014,12.091,11.888,11.917,228000,0
20160111,11.995,11.995,11.597,11.82,306961,0
20160112,11.84,12.053,11.83,12.033,291101,0
20160113,12.053,12.227,12.053,12.091,453247,0
20160114,12.062,12.091,11.869,12.072,134479,0
20160115,12.053,12.062,11.869,11.917,72725,0
20160118,11.723,11.917,11.607,11.694,62759,0
20160119,11.781,11.878,11.743,11.743,66761,0
20160120,11.762,11.762,11.249,11.568,219843,0
20160121,11.617,11.762,11.462,11.462,223542,0
20160122,11.588,11.859,11.433,11.433,100931,0
20160125,11.529,11.704,11.529,11.675,45509,0
20160126,11.675,11.965,11.462,11.965,77015,0
20160127,11.82,12.198,11.82,12.014,75665,0
20160128,11.995,12.285,11.975,12.014,361133,0
20160129,12.014,12.198,12.014,12.111,278580,0
20160201,12.256,12.537,12.256,12.401,277709,0
20160202,12.489,12.963,12.469,12.663,153730,0
20160203,12.692,12.837,12.682,12.721,171340,0
20160204,12.789,12.915,12.653,12.741,231812,0
20160205,12.808,12.837,12.576,12.741,81122,0
20160208,12.789,12.808,12.547,12.789,77859,0
20160209,12.741,12.789,12.498,12.595,91565,0
20160210,12.527,12.663,12.411,12.45,102853,0
20160211,12.411,12.576,12.12,12.566,139946,0
20160212,12.498,12.779,12.45,12.624,195593,0
20160215,12.644,12.644,12.498,12.595,59730,0
20160216,12.595,12.595,12.498,12.576,16337,0
20160217,12.556,13.38,12.518,13.254,255974,0
20160218,13.273,13.361,13.147,13.273,134527,0
20160219,13.254,13.273,13.109,13.254,124415,0
20160222,13.254,13.709,13.254,13.506,116041,0
20160223,13.554,13.554,13.273,13.312,27222,0
20160224,13.293,13.312,12.905,12.983,96336,0
20160225,12.983,13.206,12.847,12.847,84209,0
20160226,12.896,13.215,12.896,13.167,36188,0
20160229,13.167,13.215,13.089,13.089,17739,0
20160301,13.089,13.196,12.692,12.876,43415,0
20160302,12.876,13.138,12.789,12.886,10625,0
20160303,12.896,12.896,12.45,12.595,56278,0
20160304,12.072,12.208,11.433,11.646,571608,0
20160307,11.704,12.314,11.685,12.208,168266,0
20160308,12.305,12.595,12.266,12.46,97756,0
20160309,12.576,12.634,12.372,12.44,42522,0
20160310,12.489,12.498,12.353,12.353,23049,0
20160311,12.324,12.353,12.111,12.208,90912,0
20160314,12.217,12.401,12.217,12.392,12342,0
20160315,12.401,12.431,12.285,12.285,16935,0
20160316,12.256,12.401,12.227,12.334,13086,0
20160317,12.334,12.401,11.869,12.004,68168,0
20160318,12.004,12.285,11.995,12.062,34101,0
20160321,12.024,12.246,11.936,12.091,21466,0
20160322,12.12,12.246,11.801,12.053,256403,0
20160323,11.975,12.266,11.888,12.13,69152,0
20160324,12.111,12.159,11.985,11.995,142960,0
20160329,11.995,12.208,11.975,12.053,62817,0
20160330,12.13,12.498,12.13,12.498,102786,0
20160331,12.508,13.07,12.421,12.847,287067,0
20160401,12.925,13.322,12.925,12.983,246983,0
20160404,13.206,13.235,13.08,13.08,49308,0
20160405,13.118,13.118,12.702,12.789,46659,0
20160406,12.741,12.886,12.741,12.75,112550,0
20160407,12.75,13.002,12.75,12.837,48270,0
20160408,12.857,12.925,12.799,12.886,30888,0
20160411,12.808,13.031,12.808,12.886,26804,0
20160412,12.963,12.963,12.818,12.847,8015,0
20160413,12.886,12.992,12.595,12.76,58852,0
20160414,12.789,12.789,12.469,12.479,124118,0
20160415,12.479,12.867,12.479,12.799,49232,0
20160418,12.76,12.76,12.605,12.731,12663,0
20160419,12.731,12.731,12.586,12.615,181355,0
20160420,12.644,12.663,12.479,12.624,92085,0
20160421,12.615,12.692,12.469,12.469,36256,0
20160422,12.537,12.547,12.208,12.237,52855,0
20160425,12.334,12.334,11.965,12.033,62371,0
20160426,12.014,12.198,11.733,11.82,51836,0
20160427,11.791,11.869,11.316,11.5,128699,0
20160428,11.5,11.626,11.5,11.529,45228,0
20160429,11.617,12.004,11.617,11.82,106752,0
20160502,11.82,11.917,11.675,11.84,11493,0
20160504,11.723,11.81,11.578,11.723,43067,0
20160505,11.762,11.772,11.636,11.723,54068,0
20160506,11.714,11.965,11.52,11.965,40782,0
20160509,11.975,12.101,11.743,11.81,16738,0
20160510,11.82,11.84,11.539,11.539,25117,0
20160511,11.578,11.607,10.793,11.287,117027,0
20160512,11.287,11.539,11.142,11.142,26722,0
20160513,11.142,11.462,11.055,11.413,17388,0
20160516,11.481,11.743,11.374,11.433,44414,0
20160517,12.101,12.101,11.384,11.781,141100,0
20160518,11.781,12.159,11.781,12.053,86300,0
20160519,12.004,12.004,11.704,11.714,56056,0
20160520,11.714,11.965,11.714,11.888,42222,0
20160523,11.859,12.033,11.82,11.965,30281,0
20160524,12.062,12.421,12.033,12.295,154941,0
20160525,12.305,12.392,12.188,12.246,48452,0
20160527,12.246,12.343,12.033,12.179,21322,0
20160530,12.101,12.101,11.82,12.004,47321,0
20160531,11.936,12.401,11.83,12.401,62030,0
20160601,12.111,12.111,11.723,11.907,444162,0
20160602,11.82,11.907,11.675,11.82,20607,0
20160603,11.82,11.917,11.636,11.869,37955,0
20160606,11.995,12.004,11.83,11.878,16636,0
20160607,11.869,11.917,11.694,11.694,34803,0
20160608,11.723,11.985,11.723,11.917,25483,0
20160609,11.869,11.975,11.655,11.752,187727,0
20160610,11.655,11.898,11.646,11.82,24546,0
20160613,11.859,11.859,11.636,11.646,26926,0
20160614,11.685,11.685,11.249,11.433,52551,0
20160615,11.433,11.529,11.336,11.345,14104,0
20160616,11.258,11.384,10.813,10.813,48249,0
20160617,10.6575,10.89,10.5606,10.6575,104055,0
20160620,10.8513,10.8513,10.5606,10.6672,91542,0
20160621,10.6575,10.7447,10.4734,10.5122,131225,0
20160622,10.6575,10.6672,10.5413,10.58,130616,0
20160623,10.77,10.78,10.53,10.64,80326,0
20160624,9.35,10.26,9.33,10.13,103422,0
20160627,10,10.12,9.83,9.83,16447,0
20160628,9.83,10.14,9.68,9.7,120787,0
20160629,9.86,9.88,9.68,9.77,16984,0
20160630,9.83,10,9.68,9.9,32859,0
20160701,9.94,10.48,9.88,10.42,387003,0
20160704,10.68,10.68,10.05,10.3,104352,0
20160705,10.25,10.25,10.14,10.19,17409,0
20160706,10.23,10.24,10,10.01,118285,0
20160707,10.05,10.12,10,10.03,67308,0
20160708,10.03,10.35,10,10.35,171351,0
20160711,10.44,10.68,10.44,10.6,27976,0
20160712,10.67,10.75,10.37,10.44,69529,0
20160713,10.45,10.47,10.11,10.16,119345,0
20160714,10.23,10.44,10.06,10.11,79886,0
20160715,10.15,10.47,10.1,10.38,74791,0
20160718,10.4,10.57,10.3,10.57,90873,0
20160719,10.58,10.68,10.51,10.56,14775,0
20160720,10.57,10.72,10.5,10.56,28868,0
20160721,10.51,10.61,10.5,10.61,67899,0
20160722,10.68,10.68,10.5,10.51,27740,0
20160725,10.56,10.88,10.56,10.8,55941,0
20160726,10.68,10.89,10.67,10.7,14353,0
20160727,10.75,11.03,10.7,10.9,52922,0
20160728,10.9,11.2,10.9,11.2,43561,0
20160729,11.22,11.22,10.94,11.2,32746,0
20160801,11.18,11.18,11.03,11.05,41269,0
20160802,11.05,11.05,10.85,10.98,39637,0
20160803,11.08,11.08,10.8,10.98,58417,0
20160804,11,11,10.64,10.7,33612,0
20160805,10.7,10.83,10.61,10.61,160815,0
20160808,10.62,11.18,10.6,11.07,40481,0
20160809,11.22,12.3,11.22,12.3,339020,0
20160810,12.3,12.3,11.9,11.95,59980,0
20160811,12.1,12.4,11.73,12.31,81133,0
20160812,12.3,12.44,12.06,12.39,61505,0
20160816,12.11,12.28,12.11,12.2,27201,0
20160817,12.11,12.14,11.91,12.14,33624,0
20160818,12.1,12.15,12,12.15,28109,0
20160819,12.02,12.1,11.92,12.01,23635,0
20160822,12.01,12.21,11.86,12.13,35915,0
20160823,12.23,12.27,12,12.05,16967,0
20160824,12.08,12.17,12,12.17,26499,0
20160825,12,12.12,11.94,12.02,19967,0
20160826,12.18,12.18,12.01,12.08,20581,0
20160829,11.98,12.06,11.96,11.99,26671,0
20160830,11.99,11.99,11.8,11.86,44156,0
20160831,11.97,11.97,11.8,11.85,14489,0
20160901,11.85,11.9,11.31,11.36,64473,0
20160902,11.36,11.59,11.3,11.5,25333,0
20160905,11.36,11.6,11.34,11.41,27720,0
20160906,11.39,11.75,11.2,11.75,37239,0
20160907,11.77,12.29,11.43,12.03,128363,0
20160908,11.86,12.03,11.72,11.72,28352,0
20160909,11.72,11.89,11.6,11.8,41887,0
20160912,11.88,11.88,11.41,11.5,344044,0
20160913,11.5,11.75,11.5,11.61,29312,0
20160914,11.75,11.75,11.53,11.7,105882,0
20160915,11.55,11.75,11.55,11.7,164983,0
20160916,11.7,11.82,11.6,11.7,19580,0
20160919,11.87,11.88,11.61,11.75,32269,0
20160920,11.75,11.99,11.75,11.9,182161,0
20160921,11.84,11.85,11.7,11.7,27479,0
20160922,11.83,11.99,11.52,11.8,65991,0
20160923,11.7,11.7,11.51,11.67,112559,0
20160926,11.67,11.9,11.5,11.73,61537,0
20160927,11.73,11.95,11.7,11.93,36879,0
20160928,11.93,12.59,11.83,12.49,351641,0
20160929,12.5,12.78,12.34,12.7,122076,0
20160930,12.74,12.76,12.6,12.68,53421,0
20161003,12.68,12.78,12.6,12.74,19821,0
20161004,12.75,12.75,12.53,12.6,50639,0
20161005,12.5,12.67,12.4,12.45,47019,0
20161006,12.62,12.62,12.45,12.59,13893,0
20161007,12.39,12.54,12.34,12.49,16597,0
20161010,12.42,12.75,12.39,12.74,43885,0
20161011,12.74,12.95,12.51,12.6,255171,0
20161012,12.64,12.64,12.53,12.55,15497,0
20161013,12.57,12.68,12.35,12.4,37566,0
20161014,12.48,13.18,12.42,13.17,313220,0
20161017,13.2,13.31,12.95,13.01,53175,0
20161018,13.07,13.1,12.96,13.09,33064,0
20161019,13,13.18,12.65,13.18,48865,0
20161020,13.2,13.2,12.95,13.17,15039,0
20161021,13.15,13.15,13.01,13.15,63785,0
20161024,13.1,13.1,12.92,13,10289,0
20161025,13,13.14,12.95,13,41153,0
20161026,12.99,12.99,12.75,12.97,19842,0
20161027,12.89,12.9,12.74,12.9,18040,0
20161028,12.79,13.49,12.79,13.44,115778,0
20161031,13.48,13.65,13.31,13.45,67068,0
20161102,13.32,13.35,12.45,12.8,130888,0
20161103,12.8,12.98,12.65,12.65,17301,0
20161104,12.66,12.74,12.51,12.51,9200,0
20161107,12.6,12.9,12.5,12.55,28837,0
