Date,Open,High,Low,Close,Volume,OpenInt
20150508,114.4,114.4,107.6,111.3,260486,0
20150511,110.95,112.4,109.2,111.55,72189,0
20150512,112,112,111,111.8,10873,0
20150513,114,117.95,113.9,117.9,203616,0
20150514,118,118,115.6,117.5,20759,0
20150515,117.5,117.5,116.5,117,20174,0
20150518,117,117,116,116.9,36067,0
20150519,116.1,117.8,116.1,117.8,8210,0
20150520,117.9,118,116.55,117,24788,0
20150521,117.6,117.6,115.5,115.5,24245,0
20150522,115.55,116.9,115.3,116.45,45194,0
20150525,115.95,115.95,115.1,115.1,4139,0
20150526,115.1,115.9,115.1,115.6,6468,0
20150527,115.6,115.6,114.2,114.75,6036,0
20150528,114.8,115.25,114,115.25,49355,0
20150529,114.5,116.2,114.5,116.2,2292,0
20150601,116,116.3,116,116.2,627,0
20150602,115.55,116.15,115,115.25,9568,0
20150603,115,115.85,115,115.85,2676,0
20150605,115.65,116,114.7,116,6705,0
20150608,115,116.1,115,116,38305,0
20150609,115.6,115.6,114.55,115,29765,0
20150610,114.5,115.5,114.5,115.05,3237,0
20150611,115.5,116.85,115.5,116.5,7103,0
20150612,116.5,117,116.5,116.5,11024,0
20150615,115.6,116,115.3,115.5,16583,0
20150616,115.2,115.7,115.05,115.2,896,0
20150617,115.25,115.45,114.55,115,32804,0
20150618,115.5,115.5,114.05,115,5967,0
20150619,115,115,114.1,114.6,5703,0
20150622,115,115,114.55,114.7,267,0
20150623,114.5,114.95,114.3,114.95,14660,0
20150624,115.65,117,115,115.2,3935,0
20150625,115.4,115.85,115.2,115.2,838,0
20150626,116,116,115,115.5,4499,0
20150629,113.95,114.35,110.2,113,10213,0
20150630,113,114.45,112.1,113.5,1862,0
20150701,115,115,113.5,114,740,0
20150702,113.55,114,112,112.5,1294,0
20150703,113,113.15,113,113,5122,0
20150706,111.6,111.6,110.55,111,970,0
20150707,112.95,113.3,111.1,113.3,2128,0
20150708,111,113.5,105.15,111.75,11476,0
20150709,112.5,112.9,111.5,111.5,2506,0
20150710,112,113,111.5,112,2591,0
20150713,113,113,111.8,112.4,262,0
20150714,112.95,112.95,111.7,112.2,317,0
20150715,111.9,112.8,111.9,112.7,6030,0
20150716,112.95,117.5,112.2,117.15,36411,0
20150717,117.5,119.7,117.2,119.5,5910,0
20150720,119.9,121.85,118,119,6878,0
20150721,119.05,119.05,111,117.95,15280,0
20150722,115,118.4,114.5,117,11105,0
20150723,117,117.4,115,117.4,748,0
20150724,118,119,117.2,118,3547,0
20150727,117.9,119.9,116,119.9,3241,0
20150728,119.8,119.9,117.25,117.25,315,0
20150729,117.3,119,116.5,116.55,4367,0
20150730,116.7,118.95,116.7,116.8,400,0
20150731,118.95,118.95,117.05,118.1,416,0
20150803,118,118.3,115.5,115.5,1711,0
20150804,115.55,116,111.95,114.3,5650,0
20150805,115,116.75,115,116.5,7805,0
20150806,116,117,115.1,115.3,3768,0
20150807,116.95,119.95,116.95,118.35,11871,0
20150810,119.9,121.5,119.1,121.5,12784,0
20150811,121.5,122,120,120.05,2796,0
20150812,121.45,121.45,120,120,4764,0
20150813,121.95,126.1,121,125.35,23822,0
20150814,126.6,129.4,126.5,129,53147,0
20150817,129.8,129.8,125.35,125.35,9006,0
20150818,125.9,125.95,124,124.95,2804,0
20150819,124.55,129,124,127,3041,0
20150820,126.05,128,126.05,127.5,685,0
20150821,125,126,123,123,12247,0
20150824,120,120,112.3,116,18749,0
20150825,114,119.9,114,118.5,8228,0
20150826,119,119.95,115,119.95,24743,0
20150827,120,124.9,119,124,8934,0
20150828,124,124.9,119.5,124,2555,0
20150831,124,124,119.45,123.75,376,0
20150901,122.5,123,119.8,123,1556,0
20150902,120,122.9,120,121.6,261,0
20150903,121.6,124,121.05,124,1138,0
20150904,122.05,124,122.05,124,1749,0
20150907,124,124,121.6,121.6,360,0
20150908,121.6,122,121,121,526,0
20150909,121,122.5,121,122.5,63,0
20150910,122,122,121,121,310,0
20150911,122.8,122.8,120.1,120.1,318,0
20150914,122,122,120.1,121,3594,0
20150915,121,122.95,121,121,2199,0
20150916,121.3,122,120.1,120.1,597,0
20150917,121,123,120.05,122,7133,0
20150918,122,122.8,121,122.4,305,0
20150921,122,122,120.1,121.9,481,0
20150922,120.6,120.6,118.05,118.5,1924,0
20150923,118.3,118.3,114.75,116,10234,0
20150924,116,116,113.3,113.3,881,0
20150925,116,116,114,115.9,1351,0
20150928,113.6,115.1,113.6,115.1,309,0
20150929,114.5,114.5,111.1,113,25673,0
20150930,113,116,112,116,13346,0
20151001,116.5,116.5,114.9,115,792,0
20151002,116.5,116.5,113.55,116,703,0
20151005,116.5,118.9,116,117.1,1436,0
20151006,118,118,117,118,71,0
20151007,119.75,119.75,117,117,8191,0
20151008,114.15,116,114,114.05,20974,0
20151009,118,118,115.15,116.5,3712,0
20151012,116.5,117,115.2,116.5,1157,0
20151013,115,116,115,115,3113,0
20151014,114,114.2,114,114.2,497,0
20151015,114.2,116,113.5,114,1174,0
20151016,114,114.5,113.2,113.2,835,0
20151019,114,114,111.8,113.05,3863,0
20151020,113.5,114.1,113.5,114.1,3931,0
20151021,114.25,117.4,114.25,117.4,1493,0
20151022,115.5,118.1,115.5,118.1,1483,0
20151023,118,118.1,117.05,117.7,879,0
20151026,117,118.9,116.3,118.85,1214,0
20151027,118.9,121.6,118.9,120.1,2139,0
20151028,120.15,121,120.15,121,840,0
20151029,120.3,121,120,121,1303,0
20151030,120.6,121.3,120.5,121.3,2219,0
20151102,121.85,121.9,121,121.5,1186,0
20151103,121.55,121.55,119.05,120.95,863,0
20151104,119.75,120.5,119.55,119.55,5165,0
20151105,119.55,119.55,119,119.1,99,0
20151106,117.55,118.5,115.5,117.9,510,0
20151109,116.2,116.2,116,116,555,0
20151110,115.8,118,115.8,118,2144,0
20151112,119,120.8,118.5,120,10846,0
20151113,120.8,120.8,119.2,120.7,2633,0
20151116,120.7,122.75,119.6,122.7,2596,0
20151117,120,122.75,120,122.4,814,0
20151118,121.5,121.5,118.4,120.9,4798,0
20151119,119.2,120.75,119.2,120.75,38,0
20151120,120,120.7,120,120.7,14855,0
20151123,119.05,119.9,118.6,119.9,10168,0
20151124,119,119.9,117,118.05,2724,0
20151125,116.6,117,116.55,117,9132,0
20151126,117,119.1,117,118,270,0
20151127,118.1,119,118.1,119,8276,0
20151130,119.85,119.85,118.7,118.85,1516,0
20151201,118.9,121,118.9,121,1468,0
20151202,120,120,119,119.8,10640,0
20151203,118.85,119.8,118.85,119.8,96,0
20151204,118.95,120,116.5,118,19153,0
20151207,116.5,120,116.5,120,6102,0
20151208,120,120,117.35,119.6,1714,0
20151209,118.75,118.75,117.15,118.75,132,0
20151210,118,118.75,116,118.75,1214,0
20151211,118.4,118.4,117.05,117.9,742,0
20151214,115.8,116,113.15,113.15,46873,0
20151215,113.5,116,113.5,115.5,6121,0
20151216,115.55,118.9,113.7,118.9,25725,0
20151217,118.8,118.8,115.5,115.65,1849,0
20151218,117.9,117.9,115.1,117.85,47,0
20151221,115.7,117.9,114.1,117.9,8387,0
20151222,115.6,118.5,115.6,117,1760,0
20151223,118.65,118.65,117,117.5,2778,0
20151228,116,120,116,120,3044,0
20151229,120,123.4,117.2,123.4,12506,0
20151230,123,125.9,121.8,125.9,3864,0
20160104,124,125.4,122,122.5,6025,0
20160105,124.6,124.6,122,122,2416,0
20160107,120,122.5,119,120,3762,0
20160108,121.7,124.2,121.7,121.75,1637,0
20160111,121,121,120.5,121,772,0
20160112,121.95,123,121.95,122,2609,0
20160113,122,124,122,122.1,3686,0
20160114,121.5,123,121.5,122,1305,0
20160115,122,122,121,121,1938,0
20160118,121,121,117.15,118,14497,0
20160119,118.9,121,118.9,121,1111,0
20160120,120.9,120.9,119,119.5,190,0
20160121,120,120,118,120,50479,0
20160122,120.95,120.95,119,119,116686,0
20160125,120.95,121,120,120.3,28528,0
20160126,120,123.5,120,123,1367,0
20160127,120,123,120,122.5,5930,0
20160128,122.45,122.45,120.4,122,514,0
20160129,122,122,120.55,122,11442,0
20160201,120.65,122.9,120.65,120.7,28512,0
20160202,120.65,124,120.65,122.9,15461,0
20160203,123,126.9,122.9,126.85,2824,0
20160204,126.5,126.85,126,126.1,906,0
20160205,126.05,128.9,126.05,128.5,6918,0
20160208,127,127,124.6,126.9,389,0
20160209,127.1,127.5,123.6,124,44547,0
20160210,123.65,126.9,123.65,126.9,7410,0
20160211,126.9,127.8,126,127.8,683,0
20160212,127.8,128,127.8,128,3326,0
20160215,128,128.9,127,127,2912,0
20160216,125,125.5,124.6,124.6,243,0
20160217,124.6,127,123.9,125,551,0
20160218,126,128,125,125,3933,0
20160219,126,126,124.05,125.5,1789,0
20160222,127.5,129,126.3,129,7184,0
20160223,129,129,127.6,128,3306,0
20160224,128.8,128.8,127.85,127.85,199,0
20160225,127.65,127.65,126.3,126.3,5440,0
20160226,126.95,128.9,126.95,127.55,532,0
20160229,128.95,128.95,128.95,128.95,8,0
20160301,127.1,128.4,126,128.4,5386,0
20160302,128.6,132,128.6,130.85,4143,0
20160303,130.9,132.5,130,132.3,5623,0
20160304,132.3,134,132.3,133,2104,0
20160307,133.9,134,132.5,133,17680,0
20160308,134,134,132.7,132.7,6340,0
20160309,132.2,133.4,131.8,133,10390,0
20160310,132.9,132.9,132.2,132.5,423,0
20160311,132.95,134,132.35,134,10355,0
20160314,134,134.8,134,134,7553,0
20160315,133.1,133.35,133.1,133.35,100,0
20160316,134,134.5,133.8,134,3228,0
20160317,134,134.5,133.7,134.5,672,0
20160318,134.5,134.8,133,134.8,9248,0
20160321,135,136.5,133.5,133.5,8442,0
20160322,133.5,135.95,133.5,135.95,4926,0
20160323,136,140,136,140,21188,0
20160324,143.8,143.8,137.7,141,88871,0
20160329,142,143,140.8,142.95,31600,0
20160330,142.95,144.5,142.5,144,20457,0
20160331,144,147,143,146.55,13344,0
20160401,146.5,146.95,143.7,145,13060,0
20160404,142.65,146.5,142.65,144.8,1078,0
20160405,144.2,145,143.55,144,715,0
20160406,144.85,144.9,140.4,140.4,3612,0
20160407,140.5,142.1,140.5,142,19781,0
20160408,144,144,140.1,144,1409,0
20160411,144.8,148,144.8,147.7,4463,0
20160412,145.9,148,145.85,147.95,1900,0
20160413,149,149.95,149,149.85,5609,0
20160414,149.95,149.95,148,149.75,1481,0
20160415,149.55,149.6,148.3,149.05,2920,0
20160418,148.1,149.5,147.95,149.1,19624,0
20160419,148.2,149.7,147.95,149,9286,0
20160420,149.1,150,148.5,150,4152,0
20160421,150.5,150.5,148.6,148.6,2465,0
20160422,149.5,149.5,142.3,147.9,3076,0
20160425,148.75,148.75,146,147,99,0
20160426,145,147,145,147,1855,0
20160427,145.25,147,145.2,146,1185,0
20160428,145,146.9,143.5,146.3,912,0
20160429,144,146,144,145,4208,0
20160502,143.3,146,143.3,145.8,769,0
20160504,146,146,143.85,143.85,423,0
20160505,144,146.5,144,146.1,2197,0
20160506,146.1,147,146,147,1617,0
20160509,147.6,148,147.1,148,5229,0
20160510,147.65,147.65,144,144.05,25736,0
20160511,143.35,144.9,142,144.25,9976,0
20160512,143.35,144,143.35,144,2563,0
20160513,144.5,144.8,141,141,3039,0
20160516,141,142.75,139.3,141,9426,0
20160517,140.2,142,140.2,140.9,3964,0
20160518,140.2,140.2,136,138,2408,0
20160519,136.1,141,136.1,138,22212,0
20160520,139.95,143.45,139.9,140.5,11266,0
20160523,142.95,143,141.5,142.5,1245,0
20160524,143,144.3,142,144.05,12445,0
20160525,144.85,144.9,144,144.15,474,0
20160527,145,145.05,144.2,145.05,213,0
20160530,145,145,142.7,144.6,440,0
20160531,144.85,144.9,142.9,142.9,4088,0
20160601,142.9,143,136.55,137.1,1430,0
20160602,137.1,140.5,137,139,799,0
20160603,138,141.4,138,141.4,691,0
20160606,142,144,142,144,400,0
20160607,144,144,144,144,303,0
20160608,144.85,144.85,140,143,2675,0
20160609,143,143,140.5,142.9,8266,0
20160610,140.1,142.45,140,142.45,110,0
20160613,140,142.3,138,142.3,1763,0
20160614,137.7,141.4,136.5,140,892,0
20160615,139.55,139.6,136.6,139.55,47,0
20160616,136.2,138,136.2,136.3,329,0
20160617,136.35,144.5,136.3,142.1,3045,0
20160620,138.05,145,138.05,145,2288,0
20160621,142,145,141.3,145,529,0
20160622,145,145,143,144.9,2112,0
20160623,144.9,144.9,143.15,143.15,9330,0
20160624,135,140.1,130.05,140.1,21085,0
20160627,141.9,141.9,140,140.1,527,0
20160628,140,146,140,146,2383,0
20160629,144.1,146.3,144,145,13520,0
20160630,145.5,146.2,143.5,144,1760,0
20160701,147.3,147.3,140.9,142.1,1634,0
20160704,145.85,145.85,140.1,143,14756,0
20160705,141,143,141,142.95,3167,0
20160706,141,141,140,140,944,0
20160707,140,140,138.05,139.9,4284,0
20160708,140.5,140.5,139.95,139.95,1252,0
20160711,140,144,140,144,79574,0
20160712,144,148.7,144,148.7,69986,0
20160713,148.7,148.7,146.5,148,626,0
20160714,148.7,149.7,148,148,9304,0
20160715,149.6,149.6,149.05,149.45,160,0
20160718,149.65,149.65,147,148.75,1358,0
20160719,148.75,148.75,148,148.75,141,0
20160720,148.75,149.6,147.85,149.6,6680,0
20160721,149.5,157.5,149.5,156,12422,0
20160722,157.5,157.5,154.25,154.25,11456,0
20160725,157.5,157.5,156,157,1186,0
20160726,157.5,158.5,157.5,157.6,3669,0
20160727,159,159.9,157.6,159.9,7310,0
20160728,160,160,155.4,158,566,0
20160729,158.9,158.9,152.65,153.2,4715,0
20160801,157.9,157.9,155,155,409,0
20160802,155,157.05,153.1,155,4763,0
20160803,158,158.5,153,153,3064,0
20160804,155,155,153,153,3519,0
20160805,154.05,162.9,154,160,20733,0
20160808,160.8,164,160.8,161.75,4110,0
20160809,164,164,163.1,163.1,4736,0
20160810,166,178.5,166,175.25,61617,0
20160811,177.5,183.5,177.5,183.5,41598,0
20160812,183.5,188.6,183.5,188.6,11334,0
20160816,188.5,189,185,187.4,13008,0
20160817,187,187.5,186.05,186.15,28234,0
20160818,186.15,186.15,184,186.15,1652,0
20160819,185,187,185,187,759,0
20160822,187.4,194.7,187.05,194.4,23431,0
20160823,195,207.6,194,198.5,34933,0
20160824,192.1,199.45,190.7,198.5,30045,0
20160825,198.5,201,198.5,200.3,13234,0
20160826,200.3,202,199.6,201.3,1901,0
20160829,201.25,201.25,198.25,199,1864,0
20160830,200,201,195,198.8,2805,0
20160831,198.8,200.5,191.05,198,43911,0
20160901,198,200,193.05,198,1045,0
20160902,195.15,197.15,195.15,197,1477,0
20160905,195.1,199.4,195.1,199.4,1407,0
20160906,199.4,209.45,199.4,209.4,20072,0
20160907,210,214.4,210,210,29567,0
20160908,211,212,209.1,212,3256,0
20160909,211,211,205.05,205.05,2470,0
20160912,206,208,201.6,204.95,4982,0
20160913,205,209.8,205,209.8,7256,0
20160914,209.8,209.8,207.5,208.8,3412,0
20160915,209,209.75,208,209.75,742,0
20160916,209.75,212,207.7,210.9,2433,0
20160919,210.7,210.75,208.1,210.25,977,0
20160920,210.6,210.6,209.1,209.1,497,0
20160921,210,218.2,209.9,218.2,20562,0
20160922,219,222,219,221.5,41902,0
20160923,221.95,224.6,221.95,223,24343,0
20160926,223.05,224.4,223,224.35,7318,0
20160927,221.75,222.95,205,219.25,4389,0
20160928,219.5,222,214,216.3,3929,0
20160929,222.5,222.5,215.2,215.2,1159,0
20160930,216,216,211.65,214.7,5998,0
20161003,215.9,217.95,213.5,215.1,1841,0
20161004,215.1,216.65,194.8,194.8,29262,0
20161005,195,207.7,183,200.5,153943,0
20161006,204.4,211.8,201,206,26156,0
20161007,208,208,199.7,202,4838,0
20161010,200.05,201,195.95,196.5,5981,0
20161011,196.5,196.5,191.9,193,18107,0
20161012,194,194.85,192.05,194,13926,0
20161013,193.4,196,193,194.65,3526,0
20161014,197,197,195,195,1834,0
20161017,195.05,199,195.05,198.5,1514,0
20161018,199.55,205,199.55,205,13942,0
20161019,205,209.5,205,207.45,36949,0
20161020,207.8,207.8,204,204.2,1221,0
20161021,206.7,206.7,201.45,205,7919,0
20161024,205,207.1,204.3,205,2546,0
20161025,207,207,200,201.5,19307,0
20161026,200.1,204.75,198.5,203.9,713,0
20161027,205,205.9,199,199,4535,0
20161028,199,201.8,198.55,199.1,7002,0
20161031,200,204,199.1,203.25,4241,0
20161102,203.25,203.25,189,194,20965,0
20161103,191,199.7,191,197.5,4655,0
20161104,196,201.5,196,201.5,10348,0
20161107,200,200,196.15,197.8,22540,0
