Date,Open,High,Low,Close,Volume,OpenInt
20120326,2.1378,2.1378,1.632,1.7274,1872099,0
20120327,1.7274,1.7274,1.4411,1.5747,2101363,0
20120328,1.6129,1.632,1.4984,1.5747,1351094,0
20120329,1.5747,1.6034,1.527,1.5747,166844,0
20120330,1.5652,1.6129,1.5556,1.5747,246121,0
20120402,1.5843,1.5843,1.527,1.5461,141328,0
20120403,1.5366,1.5843,1.5366,1.5843,148979,0
20120404,1.5556,1.5556,1.4793,1.5175,34619,0
20120405,1.527,1.527,1.4698,1.4793,265013,0
20120410,1.4602,1.4602,1.3743,1.3743,161104,0
20120411,1.3457,1.3839,1.3171,1.3839,152337,0
20120412,1.3934,1.422,1.3648,1.422,29107,0
20120413,1.4698,1.4698,1.422,1.4602,24650,0
20120416,1.422,1.4316,1.3266,1.3648,104862,0
20120417,1.3075,1.3648,1.3075,1.3361,67373,0
20120418,1.3361,1.3743,1.3361,1.3457,68856,0
20120419,1.3552,1.3743,1.3361,1.3648,122416,0
20120420,1.3743,1.3743,1.3457,1.3552,100598,0
20120423,1.4029,1.4029,1.2407,1.2789,83118,0
20120424,1.2884,1.3171,1.2884,1.3075,139786,0
20120425,1.3266,1.3266,1.2884,1.3171,48301,0
20120426,1.3075,1.3266,1.2884,1.3171,51235,0
20120427,1.3266,1.3266,1.298,1.3171,13215,0
20120430,1.3266,1.3266,1.3075,1.3171,1671,0
20120502,1.3075,1.3075,1.298,1.3075,2398,0
20120504,1.2884,1.3075,1.2884,1.2884,7993,0
20120507,1.2884,1.298,1.2598,1.2884,25755,0
20120508,1.2884,1.298,1.2598,1.298,13651,0
20120509,1.298,1.3266,1.2693,1.3266,61356,0
20120510,1.3171,1.3171,1.2693,1.2789,3353,0
20120511,1.2693,1.3075,1.2598,1.2884,17567,0
20120514,1.2884,1.2884,1.2598,1.2884,1646,0
20120515,1.2598,1.2884,1.2502,1.2598,42142,0
20120516,1.2884,1.2884,1.193,1.2598,34528,0
20120517,1.2216,1.2884,1.2216,1.2407,74316,0
20120518,1.2693,1.2693,1.2025,1.2598,71693,0
20120521,1.2693,1.2693,1.2216,1.2216,25309,0
20120522,1.2407,1.2407,1.2121,1.2407,27426,0
20120523,1.2121,1.2312,1.1834,1.2121,63727,0
20120524,1.2121,1.2121,1.1834,1.193,44316,0
20120525,1.2693,1.2693,1.1166,1.2598,38734,0
20120528,1.1548,1.2216,1.1357,1.2121,101203,0
20120529,1.2312,1.2312,1.1548,1.1548,41189,0
20120530,1.2216,1.2216,1.1357,1.1644,25636,0
20120531,1.1644,1.1644,1.1357,1.1357,92129,0
20120601,1.1357,1.1644,1.088,1.1357,61629,0
20120604,1.0594,1.1453,1.0594,1.1262,7744,0
20120605,1.088,1.1262,1.0785,1.0785,67177,0
20120606,1.1357,1.1357,1.0498,1.1071,70511,0
20120608,1.1357,1.1357,1.0498,1.0594,51914,0
20120611,1.0307,1.0975,1.0307,1.0594,60038,0
20120612,1.1071,1.1071,1.1071,1.1071,3579,0
20120613,1.1453,1.1453,1.1071,1.1453,2222,0
20120614,1.1453,1.1453,1.0975,1.1357,13929,0
20120615,1.1834,1.1834,1.1262,1.1834,33643,0
20120618,1.1262,1.1834,1.1262,1.1644,7915,0
20120619,1.1834,1.1834,1.1453,1.1453,4714,0
20120620,1.193,1.193,1.1357,1.1453,26897,0
20120621,1.1834,1.1834,1.1834,1.1834,17,0
20120622,1.1071,1.1739,1.1071,1.1739,16,0
20120625,1.1834,1.1834,1.088,1.1357,78378,0
20120626,1.1357,1.1357,1.088,1.1357,39994,0
20120627,1.1357,1.1357,1.0785,1.1262,3688,0
20120628,1.1262,1.1262,1.0785,1.1071,13859,0
20120629,1.1262,1.1357,1.1262,1.1357,20961,0
20120702,1.1357,1.1357,1.0594,1.1166,13552,0
20120703,1.1071,1.1262,1.0785,1.1262,8271,0
20120704,1.1262,1.1357,1.0975,1.1357,6399,0
20120705,1.1357,1.1357,1.1357,1.1357,5,0
20120706,1.1357,1.1357,1.0689,1.1357,13483,0
20120709,1.1357,1.1357,1.1357,1.1357,2123,0
20120710,1.0785,1.1166,1.0689,1.1071,11557,0
20120711,1.1166,1.1166,1.0594,1.088,4837,0
20120712,1.088,1.1071,1.088,1.1071,1210,0
20120713,1.088,1.088,1.0212,1.0785,31996,0
20120716,1.1262,1.1262,1.0021,1.0594,7661,0
20120717,1.0594,1.0594,1.0021,1.0498,16764,0
20120718,1.0498,1.0498,0.9448,0.9544,203162,0
20120719,0.9639,1.0403,0.9544,1.0403,33626,0
20120720,1.0307,1.0307,0.9448,0.9448,364182,0
20120723,0.9735,0.9926,0.9448,0.9735,92284,0
20120724,1.0021,1.0021,0.9544,0.983,20106,0
20120725,0.9926,0.9926,0.9639,0.9926,24602,0
20120726,0.9926,1.0021,0.9926,1.0021,2784,0
20120727,1.0116,1.0307,1.0116,1.0307,613,0
20120730,1.0307,1.0307,0.9735,1.0307,8870,0
20120731,1.0498,1.0498,0.9926,1.0498,146,0
20120801,0.9639,1.0212,0.9639,0.9735,7329,0
20120802,0.9735,1.0307,0.9735,0.983,1067,0
20120803,1.0403,1.0403,1.0403,1.0403,10,0
20120806,1.0403,1.0403,1.0403,1.0403,13,0
20120807,1.0403,1.0403,0.983,1.0403,2388,0
20120808,0.9735,1.0021,0.9735,1.0021,24102,0
20120809,1.0403,1.0403,1.0403,1.0403,5,0
20120810,1.0403,1.0403,0.9735,1.0307,260,0
20120813,1.0403,1.0403,1.0307,1.0307,1609,0
20120814,1.0403,1.0403,0.983,0.983,381,0
20120816,1.0307,1.0307,0.9926,1.0021,2384,0
20120817,0.9926,1.0403,0.9926,1.0403,10562,0
20120820,1.0403,1.0403,1.0021,1.0116,6643,0
20120821,1.0403,1.0403,0.9544,1.0307,7692,0
20120822,1.0116,1.0403,1.0021,1.0403,6354,0
20120823,1.0403,1.0403,1.0021,1.0307,413,0
20120824,1.0403,1.0403,1.0403,1.0403,5,0
20120827,1.0403,1.0403,1.0403,1.0403,13,0
20120828,1.0403,1.0403,1.0021,1.0403,19167,0
20120829,1.0403,1.0403,0.983,1.0403,5718,0
20120830,1.0403,1.0403,0.9926,1.0212,7918,0
20120831,1.0403,1.0403,1.0307,1.0403,36679,0
20120903,1.0498,1.0498,1.0212,1.0212,18369,0
20120904,1.0498,1.0498,1.0212,1.0212,3466,0
20120905,1.0403,1.0403,1.0021,1.0021,72295,0
20120906,1.0212,1.0212,1.0021,1.0116,11911,0
20120907,1.0116,1.0212,1.0021,1.0212,3368,0
20120910,1.0212,1.0212,1.0116,1.0116,46271,0
20120911,1.0212,1.0212,1.0116,1.0212,320634,0
20120912,1.0212,1.0307,1.0116,1.0212,135029,0
20120913,1.0307,1.0403,1.0021,1.0307,14992,0
20120914,1.0307,1.0785,1.0307,1.0498,190064,0
20120917,1.0975,1.0975,1.0498,1.0498,12949,0
20120918,1.0594,1.0975,1.0498,1.0498,11027,0
20120919,1.0689,1.0975,1.0403,1.0975,8085,0
20120920,1.0689,1.0689,1.0403,1.0689,2621,0
20120921,1.0975,1.1548,1.0975,1.1453,16718,0
20120924,1.1453,1.193,1.1453,1.193,5761,0
20120925,1.1453,1.1834,1.1262,1.1834,2805,0
20120926,1.2312,1.2312,1.1357,1.193,5312,0
20120927,1.1739,1.193,1.1453,1.193,410230,0
20120928,1.193,1.2884,1.1453,1.2884,9322,0
20121001,1.1834,1.2884,1.1644,1.2407,23802,0
20121002,1.2407,1.2407,1.1834,1.2407,9229,0
20121003,1.2312,1.2312,1.193,1.193,3577,0
20121004,1.2312,1.2312,1.193,1.2312,2835,0
20121005,1.2216,1.3075,1.2216,1.3075,22729,0
20121008,1.3075,1.3075,1.2407,1.2407,7633,0
20121009,1.2598,1.2598,1.1834,1.2312,8055,0
20121010,1.2312,1.2312,1.1739,1.2312,5682,0
20121011,1.2693,1.2693,1.1834,1.2312,16170,0
20121012,1.2789,1.2789,1.1834,1.2407,3304,0
20121015,1.1453,1.2312,1.1453,1.2312,3274,0
20121016,1.2121,1.2407,1.1834,1.2407,16615,0
20121017,1.2502,1.2598,1.1739,1.2598,20791,0
20121018,1.2789,1.2789,1.193,1.193,3617,0
20121019,1.2598,1.2598,1.2216,1.2598,3362,0
20121022,1.2598,1.2598,1.2121,1.2598,2882,0
20121023,1.2598,1.2598,1.2598,1.2598,8,0
20121024,1.2598,1.2598,1.2502,1.2502,1153,0
20121025,1.2502,1.2502,1.2407,1.2407,631,0
20121026,1.2598,1.2598,1.2598,1.2598,5,0
20121029,1.2598,1.2598,1.2025,1.2598,2135,0
20121030,1.2025,1.2502,1.2025,1.2502,2697,0
20121031,1.2502,1.2502,1.2121,1.2121,25499,0
20121102,1.2502,1.2884,1.2407,1.2884,24567,0
20121105,1.2884,1.2884,1.2884,1.2884,10,0
20121106,1.2789,1.3361,1.2312,1.3171,22261,0
20121107,1.3266,1.3266,1.2502,1.3075,24370,0
20121108,1.3075,1.3075,1.2789,1.3075,3358,0
20121109,1.3075,1.3075,1.2598,1.298,15456,0
20121112,1.298,1.298,1.298,1.298,2101,0
20121113,1.298,1.298,1.2693,1.2693,4543,0
20121114,1.2598,1.2884,1.2598,1.2884,1121,0
20121115,1.2884,1.2884,1.2693,1.2693,15030,0
20121116,1.298,1.3171,1.2598,1.3171,20255,0
20121119,1.3075,1.3266,1.2789,1.3171,4786,0
20121120,1.3171,1.3171,1.2693,1.2884,21802,0
20121121,1.3075,1.3075,1.2884,1.298,13085,0
20121122,1.298,1.298,1.2598,1.2884,12116,0
20121123,1.2884,1.2884,1.2407,1.2789,17881,0
20121126,1.2789,1.3457,1.2598,1.3457,40738,0
20121127,1.3552,1.3648,1.2884,1.3361,12444,0
20121128,1.3266,1.3266,1.2693,1.3171,5237,0
20121129,1.3171,1.3266,1.2884,1.2884,3847,0
20121130,1.3075,1.3075,1.2502,1.3075,8100,0
20121203,1.3266,1.3266,1.3266,1.3266,4,0
20121204,1.298,1.3171,1.298,1.3171,5739,0
20121205,1.3171,1.3171,1.2884,1.3075,2946,0
20121206,1.3075,1.3171,1.2598,1.2693,22262,0
20121207,1.2884,1.3075,1.2598,1.3075,14900,0
20121210,1.3075,1.3075,1.2598,1.2598,8525,0
20121211,1.2502,1.2884,1.193,1.193,17917,0
20121212,1.193,1.2884,1.1834,1.2025,5596,0
20121213,1.2789,1.2789,1.193,1.2502,2151,0
20121214,1.2502,1.2789,1.193,1.2789,45499,0
20121217,1.2216,1.2693,1.1548,1.1548,78413,0
20121218,1.2121,1.2216,1.1453,1.2121,9943,0
20121219,1.2121,1.2216,1.1644,1.193,4185,0
20121220,1.1834,1.2312,1.1548,1.2121,642643,0
20121221,1.2121,1.2216,1.2121,1.2216,10068,0
20121227,1.2312,1.2407,1.2312,1.2407,13106,0
20121228,1.2502,1.2502,1.2312,1.2502,5963,0
20130102,1.2407,1.2598,1.2407,1.2598,9128,0
20130103,1.2407,1.3075,1.2407,1.3075,9972,0
20130104,1.3075,1.3171,1.298,1.3171,21323,0
20130107,1.3171,1.3171,1.3171,1.3171,12785,0
20130108,1.3361,1.3361,1.2884,1.3075,13225,0
20130109,1.3171,1.3361,1.2884,1.3361,12142,0
20130110,1.3457,1.3457,1.3075,1.3075,2211,0
20130111,1.3075,1.3361,1.3075,1.3361,341,0
20130114,1.3361,1.3361,1.3266,1.3361,901,0
20130115,1.3361,1.422,1.2884,1.422,16661,0
20130116,1.3361,1.422,1.3361,1.422,6615,0
20130117,1.422,1.422,1.3839,1.422,4591,0
20130118,1.4125,1.422,1.3839,1.422,13372,0
20130121,1.4125,1.4125,1.4029,1.4125,3280,0
20130122,1.4125,1.4125,1.4125,1.4125,1278,0
20130123,1.4125,1.4125,1.3839,1.3934,8852,0
20130124,1.4125,1.4125,1.4125,1.4125,5,0
20130125,1.3743,1.4125,1.3743,1.3839,3542,0
20130128,1.4125,1.4125,1.3552,1.4029,6122,0
20130129,1.4029,1.4029,1.4029,1.4029,503,0
20130130,1.4029,1.4029,1.3648,1.4029,393,0
20130131,1.3934,1.4029,1.3648,1.3743,1238,0
20130201,1.3934,1.3934,1.298,1.3361,374201,0
20130204,1.3934,1.3934,1.3839,1.3839,36,0
20130205,1.3934,1.3934,1.298,1.3075,565511,0
20130206,1.3266,1.3648,1.2884,1.3648,12778,0
20130207,1.3743,1.3743,1.3361,1.3361,686,0
20130208,1.3457,1.3839,1.3075,1.3839,5260,0
20130211,1.3743,1.3743,1.3171,1.3552,4034,0
20130212,1.3648,1.3648,1.3171,1.3648,1378,0
20130213,1.3648,1.3648,1.3171,1.3361,9661,0
20130214,1.3171,1.3171,1.2789,1.3171,11310,0
20130215,1.2789,1.3361,1.2789,1.3361,9693,0
20130218,1.3361,1.3457,1.3171,1.3457,15146,0
20130219,1.3266,1.3648,1.2789,1.3457,17847,0
20130220,1.3648,1.3648,1.2884,1.2884,6950,0
20130221,1.3266,1.3266,1.298,1.3266,1155,0
20130222,1.3266,1.3648,1.3266,1.3552,11265,0
20130225,1.3552,1.3648,1.3361,1.3648,9836,0
20130226,1.3648,1.4029,1.3457,1.3743,12343,0
20130227,1.3648,1.3648,1.3552,1.3648,12386,0
20130228,1.4029,1.4029,1.3552,1.3934,3033,0
20130301,1.4029,1.4125,1.4029,1.4125,10998,0
20130304,1.4125,1.4125,1.3552,1.3552,5472,0
20130305,1.3552,1.4316,1.3552,1.4316,18009,0
20130306,1.4411,1.4411,1.3934,1.422,12054,0
20130307,1.4411,1.4411,1.4125,1.4125,8963,0
20130308,1.4698,1.4698,1.4125,1.4507,13053,0
20130311,1.4507,1.4507,1.4125,1.4125,26847,0
20130312,1.4698,1.4698,1.4125,1.4507,9357,0
20130313,1.4698,1.4698,1.3839,1.3839,54035,0
20130314,1.4029,1.4602,1.3743,1.4602,23322,0
20130315,1.4411,1.6034,1.3839,1.5461,210454,0
20130318,1.4888,1.5079,1.4029,1.5079,89467,0
20130319,1.4698,1.5461,1.422,1.4316,55481,0
20130320,1.527,1.527,1.4316,1.4507,9110,0
20130321,1.4507,1.5175,1.4125,1.4411,75664,0
20130322,1.5079,1.5079,1.4125,1.4316,7287,0
20130325,1.4411,1.4411,1.3743,1.4316,7137,0
20130326,1.4316,1.4316,1.4316,1.4316,5763,0
20130327,1.4316,1.4316,1.3743,1.3934,10333,0
20130328,1.4316,1.5175,1.3839,1.5175,26567,0
20130402,1.5079,1.5461,1.4888,1.527,37615,0
20130403,1.527,1.6034,1.527,1.5938,27164,0
20130404,1.5556,1.6702,1.5556,1.6702,74121,0
20130405,1.6893,1.6893,1.6225,1.6225,32098,0
20130408,1.6893,1.6893,1.632,1.6893,13683,0
20130409,1.6797,1.6797,1.632,1.6797,9376,0
20130410,1.6511,1.6797,1.632,1.632,8811,0
20130411,1.6797,1.6797,1.632,1.632,20010,0
20130412,1.632,1.6702,1.6225,1.6702,49501,0
20130415,1.7084,1.7084,1.6034,1.6606,5243,0
20130417,1.6702,1.6702,1.5652,1.6606,26039,0
20130418,1.6415,1.6606,1.5747,1.6225,98525,0
20130419,1.5556,1.6415,1.5556,1.6415,4906,0
20130422,1.6225,1.6225,1.5843,1.6225,13131,0
20130423,1.6225,1.6415,1.5747,1.6415,10005,0
20130424,1.6415,1.6511,1.6034,1.6511,7510,0
20130425,1.6511,1.6511,1.6225,1.6511,1619,0
20130426,1.6511,1.6511,1.6225,1.6511,9486,0
20130429,1.6702,1.6702,1.6225,1.6225,3598,0
20130430,1.6702,1.6702,1.6034,1.6702,9756,0
20130502,1.6702,1.6702,1.6225,1.6702,366,0
20130506,1.6702,1.6702,1.6225,1.6225,104884,0
20130507,1.6702,1.6702,1.6034,1.6511,500417,0
20130508,1.6511,1.6511,1.6034,1.6034,11131,0
20130509,1.6511,1.6511,1.6034,1.6225,5304,0
20130510,1.6511,1.6511,1.6415,1.6511,139,0
20130513,1.6225,1.6415,1.6034,1.6225,4893,0
20130514,1.6225,1.6511,1.6034,1.6225,4788,0
20130515,1.6225,1.6225,1.6034,1.6225,4648,0
20130516,1.6129,1.6129,1.6129,1.6129,60,0
20130517,1.632,1.632,1.632,1.632,42,0
20130520,1.5843,1.632,1.5843,1.6225,15333,0
20130521,1.5843,1.6225,1.5843,1.6129,10368,0
20130522,1.5938,1.6225,1.5938,1.6225,12423,0
20130523,1.6034,1.6225,1.6034,1.6129,33287,0
20130524,1.6034,1.7274,1.5461,1.7274,75784,0
20130527,1.7179,1.8992,1.6702,1.8992,356172,0
20130528,2.0042,2.0996,1.9088,2.0996,64741,0
20130529,1.9565,2.0901,1.9565,2.0042,9433,0
20130531,2.0996,2.0996,1.9851,2.0806,4208,0
20130603,2.0901,2.0901,1.9851,1.9851,2333,0
20130604,2.071,2.071,1.9565,1.9851,5705,0
20130605,2.071,2.071,1.9565,2.0615,1274,0
20130606,2.0615,2.0615,2.0615,2.0615,19,0
20130607,1.966,2.0615,1.966,2.0615,1263,0
20130610,2.0615,2.0615,1.966,2.0615,550,0
20130611,2.0519,2.0519,1.9947,2.0042,57810,0
20130612,2.0042,2.0042,2.0042,2.0042,9297,0
20130613,2.0328,2.0615,2.0042,2.0042,38914,0
20130614,2.0615,2.0615,2.0042,2.0519,368,0
20130617,2.0519,2.071,2.0328,2.071,30343,0
20130618,2.071,2.0901,2.0615,2.0806,1177,0
20130619,2.0806,2.0806,2.0615,2.0615,6360,0
20130620,2.071,2.0806,1.8801,1.8801,79510,0
20130621,1.7084,1.8611,1.7084,1.8611,6166,0
20130624,1.8801,1.8992,1.8133,1.8992,13908,0
20130625,1.9088,2.0424,1.8992,2.0424,33790,0
20130626,2.0042,2.0042,1.8324,1.9565,11999,0
20130627,2.0424,2.0424,1.9374,2.0328,120,0
20130628,2.0328,2.0328,2.0328,2.0328,128,0
20130701,2.0424,2.0424,1.9565,2.0424,96,0
20130702,2.0424,2.0519,1.8897,2.0519,16363,0
20130703,2.0806,2.0806,1.9469,2.0042,35058,0
20130704,2.071,2.071,2.0042,2.0042,49,0
20130705,2.0042,2.0042,2.0042,2.0042,31,0
20130708,2.0042,2.0042,2.0042,2.0042,37,0
20130709,2.0042,2.0042,2.0042,2.0042,67,0
20130710,2.0042,2.0806,2.0042,2.0806,31470,0
20130711,2.0806,2.0806,1.9851,2.0806,7989,0
20130712,2.0806,2.0806,2.0328,2.0806,2289,0
20130715,2.0806,2.0806,2.0519,2.0806,27328,0
20130716,2.0806,2.0806,2.0615,2.0806,36650,0
20130717,2.0806,2.0806,2.071,2.0806,52516,0
20130718,2.0806,2.0806,2.0806,2.0806,10,0
20130719,2.0806,2.0806,2.0042,2.0806,214,0
20130722,2.0806,2.0806,2.0806,2.0806,26,0
20130723,2.0806,2.0996,2.0424,2.0996,56575,0
20130724,2.0996,2.1378,2.0615,2.1378,44770,0
20130725,2.1378,2.1378,2.1187,2.1378,2603,0
20130726,2.1378,2.1378,2.1092,2.1378,42152,0
20130729,2.1378,2.1378,2.0996,2.1378,7187,0
20130730,2.1378,2.1474,2.0996,2.1474,8337,0
20130731,2.1378,2.1378,2.1283,2.1283,8,0
20130801,2.1378,2.2619,2.071,2.2619,162998,0
20130802,2.2619,2.281,2.2428,2.2619,159546,0
20130805,2.2237,2.2237,2.2237,2.2237,67,0
20130806,2.281,2.281,2.281,2.281,210,0
20130807,2.2428,2.281,2.1474,2.2714,41703,0
20130808,2.2142,2.2714,2.1187,2.2714,22895,0
20130809,2.281,2.281,2.1378,2.2333,11807,0
20130812,2.1569,2.1569,2.1569,2.1569,835,0
20130813,2.2237,2.2237,2.2237,2.2237,47,0
20130814,2.2142,2.2237,2.1951,2.2237,1102,0
20130816,2.2142,2.2142,2.2046,2.2046,47,0
20130819,2.2046,2.2046,2.0138,2.1665,30712,0
20130820,2.1951,2.1951,2.0233,2.0233,24759,0
20130821,2.0996,2.0996,1.9851,2.0233,71014,0
20130822,2.1474,2.1474,2.0233,2.0806,6510,0
20130823,2.1378,2.1378,1.966,2.1187,23919,0
20130826,2.1187,2.1187,2.071,2.0806,516,0
20130827,2.1378,2.1378,1.9756,1.9756,23435,0
20130828,1.966,2.0424,1.9088,1.9088,2822,0
20130829,2.0424,2.0424,1.966,2.0424,4899,0
20130830,2.0424,2.0424,1.9088,1.9088,27,0
20130902,2.0233,2.0233,1.9279,1.966,4170,0
20130903,1.966,1.966,1.8706,1.966,4694,0
20130904,1.966,1.9947,1.8992,1.9469,28557,0
20130905,1.9088,1.9088,1.7465,1.7847,24879,0
20130906,1.7274,1.8992,1.7274,1.8133,16191,0
20130909,1.9088,1.9088,1.9088,1.9088,469,0
20130910,1.9088,1.9851,1.8611,1.9183,130751,0
20130911,1.9947,2.0042,1.9565,2.0042,4774,0
20130912,2.0042,2.0996,1.9374,2.0996,9864,0
20130913,2.0996,2.0996,2.0996,2.0996,2,0
20130916,2.0042,2.1951,1.9851,2.0996,21795,0
20130917,2.1951,2.1951,2.0615,2.0996,44758,0
20130918,2.0996,2.0996,2.0996,2.0996,36,0
20130919,2.0996,2.0996,2.0233,2.0996,6950,0
20130920,2.0996,2.0996,2.0424,2.0615,28431,0
20130923,2.0328,2.0996,1.9756,2.0519,20100,0
20130924,2.0996,2.176,1.9851,2.0901,37003,0
20130925,2.176,2.176,2.0519,2.0996,11103,0
20130926,2.1665,2.1665,2.0519,2.1187,54195,0
20130927,2.1665,2.176,2.0901,2.1283,40358,0
20130930,2.0996,2.1569,2.0233,2.1569,27153,0
20131001,2.176,2.176,2.1283,2.176,9240,0
20131002,2.1855,2.1951,2.176,2.176,2131,0
20131003,2.1951,2.1951,2.1855,2.1951,6695,0
20131004,2.1951,2.1951,2.1855,2.1951,2045,0
20131007,2.1951,2.1951,2.176,2.1951,946,0
20131008,2.1951,2.3669,2.176,2.3382,19517,0
20131009,2.3382,2.3669,2.3287,2.3382,30110,0
20131010,2.3382,2.386,2.3096,2.386,6096,0
20131011,2.386,2.4337,2.3001,2.4337,6625,0
20131014,2.4814,2.4814,2.386,2.4432,4717,0
20131015,2.4814,2.4909,2.4623,2.4719,9287,0
20131016,2.4719,2.4909,2.4432,2.4814,39176,0
20131017,2.4909,2.6532,2.4814,2.6532,9147,0
20131018,2.7582,2.7582,2.5005,2.6723,22870,0
20131021,2.7582,2.8154,2.7295,2.7677,1943,0
20131022,2.8154,2.9109,2.7105,2.7868,24260,0
20131023,2.8536,2.8536,2.7486,2.7677,42759,0
20131024,2.8441,2.8441,2.7391,2.8154,62805,0
20131025,2.8154,2.8154,2.7964,2.7964,8313,0
20131028,2.8441,2.9491,2.7868,2.9491,91425,0
20131029,2.9491,2.9491,2.93,2.9395,11112,0
20131030,2.9491,2.9491,2.9013,2.9013,59549,0
20131031,2.8727,2.9013,2.8632,2.8918,9559,0
20131104,2.93,2.93,2.9013,2.9013,705,0
20131105,2.9013,2.9204,2.8822,2.9013,10375,0
20131106,2.8918,2.9109,2.8632,2.8632,27804,0
20131107,2.93,3.0159,2.9109,2.9586,46200,0
20131108,3.0159,3.0159,2.9586,2.9777,3477,0
20131112,3.0349,3.0349,2.9586,3.0063,41253,0
20131113,3.0063,3.054,3.0063,3.054,37074,0
20131114,3.1018,3.1876,3.0349,3.1876,136772,0
20131115,3.1495,3.1495,2.9586,2.9872,75891,0
20131118,2.9681,2.9872,2.9109,2.9586,9480,0
20131119,3.1018,3.1018,2.9013,2.9491,81287,0
20131120,3.0731,3.0731,3.0063,3.0063,18,0
20131121,3.0063,3.0063,3.0063,3.0063,35,0
20131122,3.0063,3.0063,2.9777,3.0063,341,0
20131125,3.0063,3.0063,2.9586,2.9681,2838,0
20131126,2.9968,2.9968,2.8727,2.9586,26639,0
20131127,2.9968,2.9968,2.8727,2.8727,4081,0
20131128,2.8727,2.8822,2.825,2.825,7646,0
20131129,2.93,2.93,2.8154,2.8632,9727,0
20131202,2.9109,2.9109,2.8536,2.8632,4411,0
20131203,2.9109,2.9681,2.8727,2.9586,79265,0
20131204,2.9968,2.9968,2.8822,2.9013,3324,0
20131205,2.9777,2.9777,2.8632,2.9013,3457,0
20131206,2.9395,2.9395,2.8632,2.9109,4719,0
20131209,2.9491,2.9491,2.8632,2.93,532,0
20131210,2.9491,2.9491,2.8632,2.9109,3358,0
20131211,2.9586,2.9586,2.9491,2.9491,23,0
20131212,2.9586,2.9586,2.8154,2.9586,10352,0
20131213,2.9586,2.9586,2.8059,2.8059,4109,0
20131216,2.7677,2.9586,2.7677,2.8441,15178,0
20131217,2.8536,2.8536,2.7868,2.7868,24458,0
20131218,2.7677,2.9395,2.6723,2.7582,8508,0
20131219,2.8536,2.8536,2.6914,2.7486,2228,0
20131220,2.72,2.7964,2.6723,2.7009,2603,0
20131223,2.6818,2.8441,2.5864,2.6723,32593,0
20131227,2.72,2.8154,2.6436,2.72,73250,0
20131230,2.8632,2.9777,2.5768,2.9681,9835,0
20140102,2.8822,3.1304,2.8154,2.8154,101982,0
20140103,2.8727,3.0063,2.8154,2.9491,38170,0
20140107,3.0731,3.0731,2.7868,2.9491,20007,0
20140108,2.9491,2.9586,2.8154,2.9586,38434,0
20140109,3.0731,3.0731,2.8154,2.9491,22336,0
20140110,2.9586,2.9586,2.8536,2.9586,2046,0
20140113,2.9586,2.9586,2.9109,2.93,5270,0
20140114,2.9395,2.9395,2.9013,2.9204,43,0
20140115,2.9586,2.9586,2.825,2.9491,24435,0
20140116,3.0922,3.0922,2.9109,2.9586,278,0
20140117,2.9586,2.9586,2.8632,2.9586,2257,0
20140120,2.9586,3.0731,2.9395,2.9968,16316,0
20140121,2.9968,2.9968,2.9586,2.9777,4755,0
20140122,3.0636,3.0636,2.7773,2.8632,27647,0
20140123,2.7868,3.0063,2.7868,2.9109,2053,0
20140124,2.9968,2.9968,2.825,2.9491,4550,0
20140127,2.8632,2.8632,2.7391,2.8441,1008,0
20140128,2.9777,2.9777,2.9586,2.9586,30,0
20140129,2.9586,3.054,2.8918,2.9586,85440,0
20140130,3.0349,3.0349,2.9109,3.0063,28283,0
20140131,3.0349,3.1399,2.93,3.1208,350500,0
20140203,3.1208,3.3308,3.1113,3.3022,213904,0
20140204,3.1208,3.3308,3.1208,3.3213,28152,0
20140205,3.3213,3.4072,3.2449,3.369,17940,0
20140206,3.3976,3.6458,3.3785,3.6458,480907,0
20140207,3.6839,3.6839,3.4644,3.6171,82795,0
20140210,3.6744,3.7221,3.5121,3.5885,18030,0
20140211,3.3976,3.6458,3.3976,3.5026,6602,0
20140212,3.5789,3.6744,3.3404,3.4358,37911,0
20140213,3.5789,3.5789,3.4072,3.5121,4499,0
20140214,3.5503,3.5503,3.5121,3.5121,2671,0
20140217,3.5503,3.5503,3.4453,3.5503,1324,0
20140218,3.5503,3.5503,3.4358,3.5408,4082,0
20140219,3.5408,3.5694,3.3881,3.5503,19594,0
20140220,3.5694,3.5694,3.4453,3.474,8396,0
20140221,3.5694,3.5694,3.5026,3.5408,720,0
20140224,3.5694,3.5694,3.3881,3.5694,3352,0
20140225,3.5694,3.6267,3.5121,3.5885,1369,0
20140226,3.6171,3.6267,3.4549,3.6267,16314,0
20140227,3.6267,3.6267,3.5312,3.598,8704,0
20140228,3.5789,3.598,3.474,3.598,10479,0
20140303,3.5312,3.5312,3.3022,3.5121,17748,0
20140304,3.3881,3.6171,3.3881,3.5312,3686,0
20140305,3.5312,3.6553,3.4358,3.5217,8609,0
20140306,3.5217,3.5217,3.3117,3.3881,5315,0
20140307,3.5121,3.5121,3.2067,3.4644,6527,0
20140310,3.1876,3.4358,3.1876,3.2926,39921,0
20140311,3.1876,3.4358,3.1876,3.4358,135410,0
20140312,3.4262,3.4262,3.1972,3.2926,65215,0
20140313,3.2831,3.2926,3.0827,3.264,20672,0
20140314,3.054,3.2354,2.8632,2.9013,31265,0
20140317,2.9586,3.1495,2.7868,3.1495,13357,0
20140318,3.1495,3.1495,2.9586,2.9681,12660,0
20140319,3.0254,3.2449,2.9109,3.1781,21053,0
20140320,3.2449,3.2449,3.054,3.1495,2578,0
20140321,3.2354,3.2449,3.054,3.2258,928,0
20140324,3.2258,3.2258,3.0349,3.159,2930,0
20140325,3.2163,3.2258,3.054,3.1972,6755,0
20140326,3.2163,3.2163,2.9968,2.9968,196634,0
20140327,3.159,3.159,2.9586,3.0159,44779,0
20140328,3.1399,3.1399,2.8727,3.0254,163312,0
20140331,3.0063,3.0063,2.8632,2.9777,5995,0
20140401,2.8822,3.0063,2.7773,2.7964,3877,0
20140402,2.9395,2.9395,2.8632,2.8632,50165,0
20140403,2.8822,2.9109,2.8345,2.9109,2661,0
20140404,2.9109,2.93,2.8822,2.9109,1159,0
20140407,2.9204,2.9204,2.7773,2.8154,14698,0
20140408,2.9204,2.9204,2.7773,2.9013,4984,0
20140409,2.8822,2.8822,2.7773,2.8154,2024,0
20140410,2.8822,2.8822,2.7677,2.825,2384,0
20140411,2.8345,2.8345,2.7295,2.8154,89335,0
20140414,2.7295,2.8154,2.7295,2.8059,605,0
20140415,2.8059,2.8059,2.7391,2.7964,1255,0
20140416,2.8059,2.8059,2.7391,2.7773,3158,0
20140417,2.7773,2.8059,2.6723,2.8059,7843,0
20140422,2.8059,2.8059,2.6818,2.7677,5551,0
20140423,2.8059,2.8154,2.7582,2.8154,10365,0
20140424,2.8154,2.8154,2.8154,2.8154,69,0
20140425,2.9013,2.9013,2.8154,2.8536,671,0
20140428,2.9586,2.9586,2.8632,2.8632,52,0
20140429,2.8632,2.8632,2.7677,2.8345,149,0
20140430,2.8345,2.8345,2.7486,2.8345,860,0
20140502,2.8345,2.8345,2.8345,2.8345,17,0
20140505,2.8345,2.8345,2.8345,2.8345,24,0
20140506,2.8345,2.8345,2.8345,2.8345,571,0
20140507,2.825,2.825,2.7582,2.825,1225,0
20140508,2.825,2.825,2.825,2.825,27,0
20140509,2.825,2.825,2.825,2.825,89,0
20140512,2.8154,2.8154,2.7105,2.7105,3969,0
20140513,2.8154,2.8154,2.8154,2.8154,22,0
20140514,2.8154,2.825,2.7773,2.8154,5765,0
20140515,2.8154,2.8154,2.8154,2.8154,105,0
20140516,2.8059,2.8059,2.7486,2.7486,607,0
20140519,2.7964,2.7964,2.7964,2.7964,52,0
20140520,2.7964,2.7964,2.7964,2.7964,1,0
20140521,2.7964,2.7964,2.7964,2.7964,2,0
20140522,2.7868,2.8059,2.6436,2.8059,20173,0
20140523,2.7964,2.7964,2.7964,2.7964,1781,0
20140526,2.8059,2.8059,2.7677,2.7677,395,0
20140527,2.8059,2.8059,2.7677,2.7677,1434,0
20140528,2.8059,2.9109,2.7964,2.9013,194579,0
20140529,2.9013,3.0922,2.8536,2.9968,18593,0
20140530,3.0922,3.1495,2.9968,3.0636,39115,0
20140602,3.1495,3.1495,2.9681,2.9968,137,0
20140603,3.1018,3.1018,2.9013,3.1018,3084,0
20140604,3.0922,3.0922,2.8918,2.9586,24791,0
20140605,3.1018,3.1208,3.054,3.0922,27165,0
20140606,3.0731,3.0827,2.9586,3.0827,2562,0
20140609,3.0827,3.0827,2.9777,3.0731,3165,0
20140610,2.9777,3.0731,2.9586,3.054,5260,0
20140611,3.054,3.054,3.0349,3.054,3145,0
20140612,3.054,3.0636,3.0063,3.0636,1020,0
20140613,3.054,3.054,3.054,3.054,64,0
20140616,3.054,3.054,2.9968,3.0063,51215,0
20140617,3.0063,3.0445,3.0063,3.0063,85463,0
20140618,3.0445,3.0445,2.9491,2.9586,8040,0
20140620,2.9586,3.0445,2.9491,3.0445,3533,0
20140623,3.0445,3.0445,2.8918,2.9395,9062,0
20140624,3.0349,3.0349,2.9395,2.9395,90,0
20140625,3.0445,3.0445,2.9491,2.9491,48,0
20140626,3.0254,3.0254,2.9586,2.9586,154,0
20140627,2.9777,3.0254,2.9395,3.0254,1309,0
20140630,3.0254,3.0254,3.0254,3.0254,59,0
20140701,3.0349,3.0349,3.0254,3.0349,23,0
20140702,3.0254,3.0254,3.0063,3.0063,41938,0
20140703,3.0254,3.0254,2.9681,2.9681,8927,0
20140704,2.9586,2.9586,2.8441,2.9586,3178,0
20140707,2.9681,2.9681,2.9681,2.9681,12,0
20140708,2.9681,2.9681,2.9395,2.9395,538,0
20140709,2.9681,2.9681,2.8154,2.8154,3652,0
20140710,2.9395,2.9395,2.7964,2.8918,1640,0
20140711,2.9395,2.9395,2.8632,2.9013,336,0
20140714,3.0254,3.0254,2.8822,2.8822,3774,0
20140715,2.9013,2.9013,2.9013,2.9013,1,0
20140716,2.8822,2.8822,2.7868,2.8536,5505,0
20140717,2.9491,2.9491,2.6818,2.8441,6136,0
20140718,2.93,2.93,2.7868,2.7868,2814,0
20140721,2.8059,2.8059,2.5387,2.6914,48745,0
20140722,2.93,2.93,2.7677,2.7677,1473,0
20140723,2.93,2.93,2.93,2.93,8,0
20140724,2.93,2.93,2.93,2.93,3,0
20140725,2.8632,2.8632,2.6055,2.8632,12127,0
20140728,2.8441,2.8536,2.6246,2.7391,7909,0
20140729,2.8632,2.8632,2.7009,2.7009,4052,0
20140730,2.7677,2.7677,2.5387,2.7295,7730,0
20140731,2.6723,2.8536,2.6341,2.8536,6372,0
20140801,2.7677,2.7677,2.7677,2.7677,2200,0
20140804,2.8345,2.8345,2.6818,2.7391,422,0
20140805,2.7391,2.825,2.6246,2.6818,6374,0
20140806,2.8059,2.8059,2.6436,2.6436,1944,0
20140807,2.51,2.7486,2.51,2.7486,504,0
20140808,2.7964,2.7964,2.7582,2.7582,2,0
20140811,2.825,2.825,2.6246,2.6246,5241,0
20140812,2.7391,2.7391,2.5864,2.5864,3112,0
20140813,2.6818,2.6818,2.3096,2.4432,17949,0
20140814,2.5005,2.5673,2.3287,2.3669,13881,0
20140818,2.5673,2.5673,2.3764,2.4909,7080,0
20140819,2.5673,2.5673,2.4241,2.5482,2515,0
20140820,2.5673,2.5673,2.3573,2.3669,676,0
20140821,2.5673,2.5673,2.4337,2.5673,1411,0
20140822,2.5673,2.5673,2.5673,2.5673,57,0
20140825,2.5673,2.5673,2.5673,2.5673,3,0
20140826,2.5673,2.5673,2.4051,2.4814,3201,0
20140827,2.4814,2.6723,2.3287,2.5387,15108,0
20140828,2.7868,2.7868,2.51,2.51,3140,0
20140829,2.6723,2.8059,2.4051,2.8059,7105,0
20140901,2.825,2.825,2.825,2.825,1,0
20140902,2.8154,2.8154,2.8154,2.8154,5,0
20140903,2.8154,2.8154,2.4528,2.7773,9498,0
20140904,2.7773,2.7773,2.5005,2.5291,137112,0
20140905,2.5291,2.615,2.386,2.615,9229,0
20140908,2.5673,2.5673,2.5482,2.5673,28,0
20140909,2.5768,2.5768,2.4051,2.4051,13522,0
20140910,2.5482,2.5768,2.5482,2.5768,949,0
20140911,2.5768,2.5768,2.3573,2.5768,10310,0
20140912,2.5196,2.5768,2.4337,2.5768,2571,0
20140915,2.5768,2.6341,2.5005,2.5768,37080,0
20140916,2.5768,2.5768,2.4909,2.5768,2996,0
20140917,2.5387,2.5387,2.4719,2.4719,2619,0
20140918,2.5387,2.5387,2.4241,2.5387,25497,0
20140919,2.5387,2.5768,2.4432,2.5768,37815,0
20140922,2.5768,2.5768,2.5673,2.5768,4911,0
20140923,2.5768,2.5768,2.4814,2.5482,55465,0
20140924,2.5768,2.5768,2.4814,2.5387,6947,0
20140925,2.5673,2.5673,2.4814,2.5196,18461,0
20140926,2.5291,2.5768,2.5291,2.5768,32643,0
20140929,2.5768,2.5768,2.5768,2.5768,31,0
20140930,2.5768,2.5768,2.5291,2.5768,28174,0
20141001,2.5768,2.5768,2.4241,2.4719,4509,0
20141002,2.5578,2.5673,2.5578,2.5673,243,0
20141003,2.5482,2.5482,2.5482,2.5482,5,0
20141006,2.5482,2.5482,2.4909,2.5387,894,0
20141007,2.5196,2.5482,2.4146,2.5005,25702,0
20141008,2.5291,2.5291,2.4719,2.5196,752,0
20141009,2.5387,2.5387,2.4814,2.5387,3135,0
20141010,2.5387,2.5387,2.5387,2.5387,18,0
20141013,2.5387,2.5387,2.5387,2.5387,1,0
20141014,2.5387,2.5387,2.4623,2.51,1051,0
20141015,2.5387,2.5387,2.386,2.4051,5329,0
20141016,2.5387,2.5387,2.3573,2.4814,3377,0
20141017,2.5482,2.5482,2.5482,2.5482,16,0
20141020,2.5482,2.5482,2.4241,2.5291,1595,0
20141021,2.5387,2.5482,2.5387,2.5482,4,0
20141022,2.5291,2.5291,2.3573,2.5291,63417,0
20141023,2.5291,2.5291,2.5196,2.5196,8,0
20141024,2.4814,2.5482,2.3955,2.5482,8022,0
20141027,2.5482,2.5482,2.4432,2.5482,8549,0
20141028,2.5482,2.5482,2.5482,2.5482,338,0
20141029,2.5482,2.5482,2.4432,2.5482,1621,0
20141030,2.5482,2.6532,2.5291,2.6532,3376,0
20141031,2.6436,2.7105,2.5482,2.7105,10854,0
20141103,2.8536,2.8536,2.8441,2.8536,181,0
20141104,2.8536,2.8536,2.6436,2.6818,4569,0
20141105,2.7105,2.7105,2.7105,2.7105,2,0
20141106,2.7009,2.7009,2.5387,2.6532,16556,0
20141107,2.7105,2.7582,2.6436,2.72,14202,0
20141110,2.72,2.72,2.72,2.72,12,0
20141112,2.7105,2.72,2.6532,2.72,11443,0
20141113,2.7105,2.7105,2.7105,2.7105,1,0
20141114,2.7105,2.7105,2.7105,2.7105,4,0
20141117,2.7105,2.7105,2.5673,2.7105,1427,0
20141118,2.7105,2.7105,2.5768,2.5768,113,0
20141119,2.5768,2.5768,2.4909,2.5387,1478,0
20141120,2.5673,2.615,2.386,2.386,8492,0
20141121,2.3001,2.386,2.2333,2.386,42386,0
20141124,2.5768,2.5768,2.386,2.4146,18932,0
20141125,2.5864,2.5864,2.4241,2.5578,2816,0
20141126,2.5864,2.5864,2.3764,2.4814,5177,0
20141127,2.5387,2.5387,2.2333,2.4719,83054,0
20141128,2.5387,2.6055,2.4719,2.6055,16050,0
20141201,2.615,2.615,2.4528,2.5578,27748,0
20141202,2.615,2.615,2.5387,2.615,3706,0
20141203,2.615,2.615,2.5005,2.6055,11558,0
20141204,2.615,2.615,2.615,2.615,47,0
20141205,2.615,2.615,2.615,2.615,12,0
20141208,2.5959,2.615,2.5959,2.5959,8409,0
20141209,2.5959,2.5959,2.5959,2.5959,12,0
20141210,2.615,2.615,2.615,2.615,13,0
20141211,2.5673,2.6055,2.5673,2.6055,151,0
20141212,2.6055,2.6055,2.4146,2.6055,6523,0
20141215,2.6055,2.6055,2.6055,2.6055,12,0
20141216,2.5768,2.5768,2.4814,2.5768,907,0
20141217,2.5768,2.5768,2.4623,2.5768,456,0
20141218,2.5768,2.5768,2.5768,2.5768,15,0
20141219,2.5673,2.5673,2.4432,2.5673,3669,0
20141222,2.5673,2.5673,2.4241,2.4241,2061,0
20141223,2.5673,2.5673,2.4146,2.5673,94730,0
20141229,2.5673,2.6246,2.4432,2.5864,25714,0
20141230,2.5864,2.6436,2.4432,2.6436,103475,0
20150102,2.6341,2.6341,2.6341,2.6341,320,0
20150105,2.7486,2.7486,2.6723,2.6723,314,0
20150107,2.6436,2.6723,2.6436,2.6723,12322,0
20150108,2.6627,2.6627,2.6627,2.6627,5,0
20150109,2.6627,2.6627,2.5768,2.6627,6117,0
20150112,2.6627,2.6627,2.6246,2.6627,113,0
20150113,2.7582,2.7582,2.6532,2.6532,3780,0
20150114,2.6436,2.6532,2.5673,2.615,2672,0
20150115,2.6436,2.6436,2.6341,2.6341,21,0
20150116,2.6532,2.6532,2.51,2.6436,2132,0
20150119,2.6341,2.6341,2.6341,2.6341,16,0
20150120,2.4146,2.6341,2.4146,2.4814,750,0
20150121,2.6341,2.6341,2.5482,2.5482,25,0
20150122,2.6341,2.6341,2.5482,2.5482,22,0
20150123,2.6341,2.6341,2.386,2.4814,4761,0
20150126,2.4909,2.4909,2.386,2.4528,1145,0
20150127,2.4432,2.51,2.4337,2.51,369,0
20150128,2.5005,2.5578,2.4719,2.5005,4556,0
20150129,2.4241,2.6246,2.4241,2.5482,177,0
20150130,2.5482,2.615,2.5291,2.6055,2187,0
20150202,2.5959,2.5959,2.5578,2.5578,17,0
20150203,2.5482,2.5482,2.4241,2.4528,2552,0
20150204,2.5005,2.5005,2.4337,2.4814,1137,0
20150205,2.4909,2.4909,2.4528,2.4909,9490,0
20150206,2.4814,2.4814,2.4337,2.4337,42797,0
20150209,2.6055,2.6055,2.5768,2.5768,27,0
20150210,2.5673,2.5673,2.4814,2.5578,52,0
20150211,2.5482,2.5482,2.5482,2.5482,24,0
20150212,2.5578,2.5578,2.4814,2.4814,1297,0
20150213,2.5291,2.5291,2.4814,2.4814,59,0
20150216,2.4814,2.4814,2.4814,2.4814,5927,0
20150217,2.4814,2.4814,2.4051,2.4814,7538,0
20150218,2.4814,2.5578,2.4814,2.5291,2158,0
20150219,2.5291,2.5291,2.4814,2.5291,12245,0
20150220,2.5291,2.5291,2.5291,2.5291,1881,0
20150223,2.5291,2.5291,2.4528,2.5291,42041,0
20150224,2.5291,2.5291,2.4719,2.4814,46358,0
20150225,2.5291,2.5291,2.4719,2.4814,2397,0
20150226,2.51,2.51,2.4528,2.51,3654,0
20150227,2.51,2.5578,2.51,2.5578,7877,0
20150302,2.5578,2.5578,2.4719,2.5196,17274,0
20150303,2.5196,2.5196,2.4814,2.4814,2908,0
20150304,2.5196,2.5196,2.4432,2.5196,8924,0
20150305,2.5196,2.5387,2.4814,2.5387,17899,0
20150306,2.5387,2.5387,2.5387,2.5387,100,0
20150309,2.5673,2.6341,2.5291,2.5864,182417,0
20150310,2.5768,2.5959,2.5578,2.5959,4322,0
20150311,2.5959,2.5959,2.5864,2.5959,8187,0
20150312,2.5959,2.5959,2.5291,2.5864,6943,0
20150313,2.5864,2.5864,2.5482,2.5864,7801,0
20150316,2.5768,2.5768,2.5482,2.5482,7435,0
20150317,2.5291,2.5768,2.5291,2.5673,47770,0
20150318,2.5482,2.5673,2.5291,2.5673,7049,0
20150319,2.5673,2.5673,2.5482,2.5482,3897,0
20150320,2.5291,2.5578,2.4909,2.5578,1868,0
20150323,2.5578,2.5959,2.5578,2.5959,11023,0
20150324,2.5959,2.5959,2.5768,2.5768,2892,0
20150325,2.5768,2.5768,2.4814,2.4814,14745,0
20150326,2.5768,2.5768,2.5578,2.5578,35,0
20150327,2.5482,2.5673,2.4719,2.5673,8032,0
20150330,2.5673,2.5673,2.5291,2.5291,18,0
20150331,2.5673,2.5673,2.5291,2.5291,220,0
20150401,2.5291,2.5291,2.4241,2.4814,72450,0
20150402,2.4623,2.5291,2.4528,2.5291,30618,0
20150407,2.5673,2.5673,2.4814,2.5673,9858,0
20150408,2.5673,2.5673,2.4814,2.5673,9182,0
20150409,2.5673,2.615,2.4337,2.615,39505,0
20150410,2.615,2.615,2.5196,2.6055,733,0
20150413,2.6055,2.6055,2.5959,2.5959,3787,0
20150414,2.6055,2.6055,2.5959,2.6055,14016,0
20150415,2.6055,2.6055,2.5768,2.6055,801,0
20150416,2.5768,2.6246,2.5768,2.5768,9769,0
20150417,2.6246,2.6246,2.5768,2.615,7018,0
20150420,2.615,2.615,2.6055,2.615,545,0
20150421,2.615,2.615,2.5291,2.5768,12840,0
20150422,2.5768,2.7677,2.5673,2.7582,394043,0
20150423,2.7582,2.8059,2.6723,2.7964,65170,0
20150424,2.8154,2.8154,2.7582,2.8059,26636,0
20150427,2.8154,2.8154,2.7486,2.7677,128034,0
20150428,2.7868,2.7868,2.7486,2.7773,434,0
20150429,2.7677,2.7773,2.6818,2.7773,5403,0
20150430,2.7773,2.7773,2.6723,2.7295,24719,0
20150504,2.7295,2.7295,2.6818,2.7009,3083,0
20150505,2.7295,2.7295,2.6723,2.72,15280,0
20150506,2.7295,2.7295,2.7009,2.72,28460,0
20150507,2.72,2.72,2.6818,2.72,7030,0
20150508,2.7105,2.7105,2.6818,2.7105,3121,0
20150511,2.7105,2.7105,2.7105,2.7105,51,0
20150512,2.615,2.7009,2.615,2.6341,4495,0
20150513,2.7009,2.7009,2.6914,2.6914,170,0
20150514,2.6914,2.6914,2.5578,2.6341,3098,0
20150515,2.6914,2.6914,2.6436,2.6818,3148,0
20150518,2.6818,2.6914,2.6532,2.6914,25501,0
20150519,2.72,2.72,2.6436,2.6436,443,0
20150520,2.7105,2.7105,2.6723,2.6723,298,0
20150521,2.6723,2.6723,2.5578,2.6055,34744,0
20150522,2.6627,2.6627,2.5768,2.6532,2124,0
20150525,2.6532,2.6532,2.6532,2.6532,84,0
20150526,2.6436,2.6436,2.6436,2.6436,159,0
20150527,2.6341,2.6341,2.5578,2.6341,21018,0
20150528,2.6246,2.6246,2.5578,2.5768,10919,0
20150529,2.5673,2.6723,2.5673,2.6246,14753,0
20150601,2.6627,2.6627,2.5673,2.6627,7133,0
20150602,2.6627,2.6627,2.5578,2.6627,28335,0
20150603,2.6627,2.6627,2.5578,2.6246,3050,0
20150605,2.6532,2.6532,2.6532,2.6532,3,0
20150608,2.6532,2.6532,2.6532,2.6532,131,0
20150609,2.6341,2.6341,2.6341,2.6341,64,0
20150610,2.5578,2.6341,2.5578,2.6246,18224,0
20150611,2.6532,2.6532,2.5673,2.6436,2153,0
20150612,2.6532,2.6532,2.5578,2.6341,2780,0
20150615,2.6436,2.6436,2.6246,2.6246,138,0
20150616,2.6341,2.6341,2.6246,2.6246,60,0
20150617,2.615,2.615,2.5578,2.6055,8885,0
20150618,2.615,2.615,2.5673,2.5673,1965,0
20150619,2.5578,2.5673,2.5578,2.5578,2764,0
20150622,2.6055,2.6055,2.6055,2.6055,1,0
20150623,2.615,2.6532,2.615,2.6532,3,0
20150624,2.6341,2.6341,2.5578,2.5578,30981,0
20150625,2.5578,2.5578,2.5291,2.5291,4,0
20150626,2.5578,2.5578,2.4909,2.5291,1670,0
20150629,2.4241,2.5291,2.3955,2.5196,3844,0
20150630,2.4146,2.5673,2.4146,2.5291,2845,0
20150701,2.615,2.615,2.5005,2.5005,111,0
20150702,2.5196,2.5291,2.4241,2.5291,12094,0
20150703,2.5291,2.5291,2.4719,2.5291,2502,0
20150706,2.5196,2.5196,2.4719,2.4814,1964,0
20150707,2.5768,2.5768,2.4432,2.4814,6052,0
20150708,2.5387,2.5387,2.4719,2.4814,1233,0
20150709,2.4814,2.5291,2.4623,2.5291,27089,0
20150710,2.5291,2.5291,2.5196,2.5291,158087,0
20150713,2.5768,2.5768,2.51,2.5196,3208,0
20150714,2.5196,2.5291,2.5196,2.5291,62271,0
20150715,2.5291,2.5291,2.51,2.5291,101190,0
20150716,2.6341,2.6341,2.5196,2.5291,19550,0
20150717,2.615,2.6246,2.5196,2.615,4088,0
20150720,2.615,2.6627,2.5768,2.615,9626,0
20150721,2.615,2.6818,2.615,2.6436,324509,0
20150722,2.7391,2.7391,2.6436,2.6627,142072,0
20150723,2.7391,2.7391,2.6627,2.6914,2005,0
20150724,2.7295,2.7295,2.615,2.6723,242,0
20150727,2.7295,2.7295,2.6055,2.72,661,0
20150728,2.72,2.72,2.6055,2.7105,21156,0
20150729,2.7105,2.7105,2.6341,2.6723,15458,0
20150730,2.7105,2.7105,2.6723,2.7105,12851,0
20150731,2.6914,2.6914,2.6532,2.6914,698,0
20150803,2.7009,2.7009,2.7009,2.7009,119,0
20150804,2.6914,2.7009,2.6914,2.7009,1057,0
20150805,2.7009,2.7009,2.6341,2.6532,3176,0
20150806,2.6436,2.6818,2.5768,2.6818,14969,0
20150807,2.7105,2.7964,2.6723,2.7295,37720,0
20150810,2.7964,2.7964,2.6246,2.6627,4787,0
20150811,2.7295,2.7295,2.7105,2.7105,102,0
20150812,2.7295,2.7295,2.7009,2.7009,909,0
20150813,2.7295,2.7773,2.7295,2.7773,42416,0
20150814,2.7773,2.7773,2.7105,2.7295,1771,0
20150817,2.7677,2.7677,2.6532,2.7677,944,0
20150818,2.7582,2.7582,2.6723,2.7582,526,0
20150819,2.7677,2.7677,2.7295,2.7295,364,0
20150820,2.7295,2.7295,2.6723,2.6914,190,0
20150821,2.72,2.72,2.5959,2.5959,1243,0
20150824,2.5768,2.5959,2.5005,2.5005,108880,0
20150825,2.5578,2.5768,2.51,2.5768,25237,0
20150826,2.6532,2.6532,2.5387,2.5768,48426,0
20150827,2.5768,2.5768,2.5482,2.5768,51578,0
20150828,2.5768,2.5768,2.5482,2.5768,33006,0
20150831,2.5768,2.5768,2.5768,2.5768,2113,0
20150901,2.5768,2.5768,2.5768,2.5768,204,0
20150902,2.5768,2.5768,2.51,2.5768,2288,0
20150903,2.5768,2.5768,2.4814,2.4814,583,0
20150904,2.51,2.5673,2.5005,2.5578,12680,0
20150907,2.5578,2.5578,2.4814,2.4909,4498,0
20150908,2.5291,2.5673,2.4909,2.5673,2391,0
20150909,2.5673,2.5673,2.51,2.51,427,0
20150910,2.4909,2.5196,2.386,2.4623,11547,0
20150911,2.5196,2.5196,2.4623,2.5196,9451,0
20150914,2.5196,2.5196,2.4814,2.5196,363,0
20150915,2.5196,2.5196,2.51,2.5196,1644,0
20150916,2.5196,2.5196,2.4909,2.5196,11154,0
20150917,2.5196,2.5387,2.5196,2.5196,1089,0
20150918,2.5196,2.5196,2.4814,2.5196,1215,0
20150921,2.5387,2.5387,2.4909,2.5196,23212,0
20150922,2.5196,2.5196,2.4719,2.51,6415,0
20150923,2.4814,2.4814,2.4337,2.4337,24616,0
20150924,2.4814,2.4814,2.3001,2.3382,79671,0
20150925,2.4528,2.4528,2.3096,2.4528,18194,0
20150928,2.4528,2.4528,2.3764,2.4528,178,0
20150929,2.4528,2.4528,2.386,2.386,21187,0
20150930,2.4528,2.4814,2.3669,2.4814,62891,0
20151001,2.5005,2.5005,2.3382,2.386,84751,0
20151002,2.5005,2.5005,2.3287,2.3287,5588,0
20151005,2.4909,2.4909,2.281,2.3573,60135,0
20151006,2.3382,2.386,2.2905,2.386,28669,0
20151007,2.4241,2.4241,2.4241,2.4241,2,0
20151008,2.4051,2.4051,2.3287,2.386,4647,0
20151009,2.386,2.4146,2.386,2.4146,3414,0
20151012,2.386,2.4146,2.386,2.4146,2305,0
20151013,2.3669,2.386,2.3192,2.3764,16492,0
20151014,2.3192,2.3955,2.3192,2.3955,2310,0
20151015,2.3955,2.4051,2.3669,2.4051,5296,0
20151016,2.4146,2.4146,2.386,2.4146,3899,0
20151019,2.4146,2.4146,2.3669,2.4146,506,0
20151020,2.4146,2.4814,2.4146,2.4814,2003,0
20151021,2.4814,2.4909,2.4432,2.4623,3197,0
20151022,2.4909,2.4909,2.4814,2.4814,235,0
20151023,2.4814,2.4814,2.4719,2.4814,120463,0
20151026,2.4814,2.4814,2.4814,2.4814,336,0
20151027,2.4814,2.4814,2.4719,2.4814,7319,0
20151028,2.4814,2.4814,2.4814,2.4814,112,0
20151029,2.4814,2.4814,2.4623,2.4814,793,0
20151030,2.4814,2.4814,2.4814,2.4814,136,0
20151102,2.4814,2.4814,2.386,2.4051,1911,0
20151103,2.4814,2.4814,2.386,2.4623,1982,0
20151104,2.4623,2.4623,2.2905,2.4623,15638,0
20151105,2.4623,2.4623,2.3764,2.3764,1124,0
20151106,2.4337,2.4337,2.3096,2.386,10931,0
20151109,2.386,2.386,2.386,2.386,225,0
20151110,2.386,2.386,2.386,2.386,2,0
20151112,2.386,2.386,2.3096,2.3096,1167,0
20151113,2.386,2.386,2.3096,2.3764,1119,0
20151116,2.4432,2.4432,2.2905,2.4432,667,0
20151117,2.4432,2.4432,2.3192,2.3764,7659,0
20151118,2.4146,2.4146,2.3287,2.386,7613,0
20151119,2.4432,2.4432,2.3573,2.386,1704,0
20151120,2.4432,2.5387,2.3764,2.5291,24857,0
20151123,2.5387,2.5387,2.386,2.5387,11088,0
20151124,2.5291,2.5291,2.4051,2.4146,2606,0
20151125,2.386,2.4337,2.3573,2.3764,10390,0
20151126,2.3764,2.386,2.3382,2.3382,5104,0
20151127,2.3382,2.4719,2.3382,2.4719,54635,0
20151130,2.4719,2.5196,2.4241,2.51,59653,0
20151201,2.5196,2.6627,2.4814,2.5673,55911,0
20151202,2.5768,2.5768,2.4814,2.5578,69192,0
20151203,2.5578,2.5578,2.5291,2.5291,15040,0
20151204,2.5768,2.5768,2.5673,2.5673,81,0
20151207,2.5578,2.5578,2.51,2.5387,56,0
20151208,2.5387,2.5387,2.3287,2.4241,46034,0
20151209,2.5005,2.5005,2.3287,2.4241,8325,0
20151210,2.5005,2.5005,2.3192,2.3192,6709,0
20151211,2.4623,2.4623,2.3382,2.3669,32045,0
20151214,2.4051,2.4051,2.2428,2.2905,2587,0
20151215,2.3573,2.3573,2.3573,2.3573,19,0
20151216,2.3382,2.3669,2.2714,2.3573,11453,0
20151217,2.3382,2.3382,2.3096,2.3096,1567,0
20151218,2.3096,2.3096,2.2714,2.2905,1040,0
20151221,2.2905,2.3096,2.281,2.3096,24098,0
20151222,2.3096,2.3669,2.2333,2.3669,16056,0
20151223,2.3573,2.4623,2.2714,2.4623,10543,0
20151228,2.4623,2.4623,2.3478,2.3478,2621,0
20151229,2.4623,2.4623,2.3764,2.4241,4554,0
20151230,2.4241,2.4241,2.3955,2.3955,54,0
20160104,2.3764,2.3764,2.2619,2.3287,1351,0
20160105,2.3287,2.3287,2.3287,2.3287,4,0
20160107,2.3287,2.3287,2.2333,2.2905,7757,0
20160108,2.2905,2.2905,2.1951,2.2905,8604,0
20160111,2.2905,2.3001,2.2524,2.3001,441,0
20160112,2.3001,2.3001,2.2428,2.3001,2151,0
20160113,2.3001,2.3382,2.1951,2.3382,14067,0
20160114,2.3382,2.3382,2.3382,2.3382,45,0
20160115,2.3287,2.3287,2.2333,2.3287,1928,0
20160118,2.3287,2.3287,2.2619,2.3287,95,0
20160119,2.3287,2.3573,2.2714,2.3382,24166,0
20160120,2.3287,2.3287,2.2905,2.3096,4161,0
20160121,2.3096,2.3096,2.2333,2.281,2772,0
20160122,2.3096,2.3096,2.2333,2.281,7830,0
20160125,2.281,2.281,2.2524,2.281,11480,0
20160126,2.281,2.281,2.281,2.281,68,0
20160127,2.281,2.281,2.2428,2.2428,2890,0
20160128,2.281,2.281,2.2237,2.2524,8807,0
20160129,2.2524,2.2524,2.2524,2.2524,76,0
20160201,2.2524,2.2524,2.2524,2.2524,1,0
20160202,2.2524,2.2524,2.1855,2.2524,307,0
20160203,2.2428,2.2428,2.2428,2.2428,38,0
20160204,2.2524,2.2524,2.2142,2.2428,1044,0
20160205,2.2428,2.2428,2.2237,2.2237,38,0
20160208,2.2428,2.2428,2.2237,2.2237,109,0
20160209,2.2142,2.2142,2.2142,2.2142,80,0
20160210,2.2142,2.2142,2.1951,2.1951,1005,0
20160211,2.1951,2.1951,2.1569,2.1951,1666,0
20160212,2.1951,2.1951,2.1951,2.1951,1066,0
20160215,2.2142,2.2142,2.1569,2.2046,345,0
20160216,2.2142,2.2142,2.1855,2.2142,1509,0
20160217,2.2046,2.2046,2.1474,2.1951,4048,0
20160218,2.1951,2.1951,2.1665,2.1665,607,0
20160219,2.1951,2.2046,2.1665,2.2046,1955,0
20160222,2.1951,2.2428,2.1951,2.2333,17539,0
20160223,2.2333,2.2428,2.1951,2.2046,5704,0
20160224,2.1855,2.2333,2.1378,2.2333,1603,0
20160225,2.1951,2.1951,2.1855,2.1951,1936,0
20160226,2.1951,2.1951,2.1665,2.1665,1690,0
20160229,2.1951,2.1951,2.1665,2.1951,1416,0
20160301,2.1951,2.1951,2.1665,2.1951,543,0
20160302,2.1951,2.2428,2.176,2.2428,3646,0
20160303,2.176,2.3382,2.176,2.3382,14604,0
20160304,2.4241,2.4241,2.3669,2.3764,5249,0
20160307,2.5196,2.5196,2.4432,2.4909,7512,0
20160308,2.4623,2.4623,2.4051,2.4623,988,0
20160309,2.4623,2.4623,2.4623,2.4623,61,0
20160310,2.4623,2.4623,2.4623,2.4623,26,0
20160311,2.4623,2.4623,2.4623,2.4623,22,0
20160314,2.4909,2.4909,2.4241,2.4909,400,0
20160315,2.4814,2.4814,2.4814,2.4814,106,0
20160316,2.4814,2.4814,2.4814,2.4814,500,0
20160317,2.4814,2.4814,2.3955,2.4814,1178,0
20160318,2.4814,2.4814,2.4814,2.4814,25,0
20160321,2.4814,2.5387,2.4528,2.5387,13125,0
20160322,2.5291,2.5291,2.51,2.51,5348,0
20160323,2.5291,2.5291,2.5291,2.5291,51,0
20160324,2.51,2.51,2.5005,2.51,1588,0
20160329,2.5291,2.5291,2.4623,2.51,42869,0
20160330,2.5291,2.5291,2.4814,2.51,3950,0
20160331,2.51,2.51,2.4719,2.51,166,0
20160401,2.51,2.7295,2.51,2.6914,29974,0
20160404,2.7582,2.7582,2.7105,2.7105,20919,0
20160405,2.7105,2.7486,2.6341,2.6341,20153,0
20160406,2.6723,2.6723,2.5578,2.6055,14162,0
20160407,2.6723,2.6723,2.6055,2.6341,41593,0
20160408,2.6532,2.72,2.6532,2.72,68244,0
20160411,2.72,2.72,2.6246,2.6723,30097,0
20160412,2.6436,2.7105,2.6436,2.6723,6043,0
20160413,2.6723,2.7486,2.6723,2.72,68748,0
20160414,2.7391,2.7391,2.7391,2.7391,32827,0
20160415,2.7677,2.8441,2.6914,2.8441,28507,0
20160418,2.8441,2.8441,2.7964,2.7964,10878,0
20160419,2.7964,2.8918,2.7964,2.8822,42965,0
20160420,2.9109,2.9204,2.8154,2.8154,33572,0
20160421,2.8536,2.8822,2.8345,2.8632,14563,0
20160422,2.8727,2.8727,2.7295,2.8154,16160,0
20160425,2.8727,2.8727,2.7773,2.7964,2652,0
20160426,2.8727,2.8727,2.7295,2.7964,2838,0
20160427,2.7964,2.8536,2.7582,2.8536,22052,0
20160428,2.8632,2.8632,2.7677,2.825,15932,0
20160429,2.8441,2.9013,2.825,2.9013,23532,0
20160502,2.9109,2.9395,2.8822,2.9395,7539,0
20160504,2.9395,2.9491,2.8632,2.8727,17402,0
20160505,2.8727,2.8727,2.8632,2.8632,1808,0
20160506,2.8632,2.8632,2.8154,2.8441,2837,0
20160509,2.8441,2.8536,2.8345,2.8536,430,0
20160510,2.8536,2.8536,2.8345,2.8536,1626,0
20160511,2.8536,2.8536,2.8154,2.8536,3448,0
20160512,2.8536,2.8536,2.8536,2.8536,16,0
20160513,2.8536,2.8536,2.7773,2.7773,9559,0
20160516,2.8536,2.8536,2.8059,2.8536,2117,0
20160517,2.8536,2.8918,2.7868,2.8918,772,0
20160518,2.9013,2.9109,2.8632,2.9109,14857,0
20160519,2.9013,2.9013,2.8059,2.8059,2581,0
20160520,2.8345,2.8345,2.6723,2.7105,68041,0
20160523,2.6818,2.72,2.6532,2.72,12213,0
20160524,2.7773,2.7773,2.7009,2.7582,348,0
20160525,2.7677,2.7677,2.7391,2.7486,1308,0
20160527,2.7486,2.7677,2.72,2.72,7924,0
20160530,2.72,2.72,2.72,2.72,26488,0
20160531,2.7582,2.7582,2.7295,2.7295,1466,0
20160601,2.72,2.72,2.72,2.72,1,0
20160602,2.6723,2.7105,2.6055,2.7105,3630,0
20160603,2.7105,2.7295,2.7009,2.7009,23173,0
20160606,2.6627,2.72,2.6532,2.72,10795,0
20160607,2.72,2.72,2.6627,2.72,7808,0
20160608,2.72,2.72,2.6914,2.6914,25033,0
20160609,2.6627,2.72,2.6627,2.7105,1295,0
20160610,2.5959,2.72,2.5959,2.72,1651,0
20160613,2.72,2.72,2.615,2.72,4355,0
20160614,2.7009,2.7009,2.6055,2.7009,3958,0
20160615,2.7009,2.7009,2.7009,2.7009,27,0
20160616,2.7009,2.7009,2.6627,2.7009,429,0
20160617,2.60547,2.70091,2.60547,2.70091,4077,0
20160620,2.70091,2.70091,2.64365,2.70091,57462,0
20160621,2.70091,2.72,2.70091,2.72,243,0
20160622,2.78681,2.78681,2.72,2.72,122,0
20160623,2.98,2.98,2.84,2.85,1948,0
20160624,2.8,2.8,2.68,2.75,10006,0
20160627,2.75,2.75,2.66,2.75,252,0
20160628,2.75,2.75,2.75,2.75,130,0
20160629,2.75,2.75,2.75,2.75,108,0
20160630,2.75,2.75,2.75,2.75,30,0
20160701,2.75,2.75,2.75,2.75,25,0
20160704,2.74,2.74,2.74,2.74,1,0
20160705,2.73,2.73,2.71,2.71,490,0
20160706,2.71,2.71,2.55,2.6,9614,0
20160707,2.58,2.58,2.49,2.5,71256,0
20160708,2.5,2.52,2.5,2.52,1700,0
20160712,2.68,2.75,2.68,2.75,69300,0
20160713,2.75,2.75,2.6,2.65,14209,0
20160714,2.68,2.68,2.6,2.6,4014,0
20160715,2.6,2.6,2.5,2.57,34044,0
20160718,2.6,2.6,2.6,2.6,58,0
20160719,2.6,2.6,2.56,2.6,1453,0
20160720,2.6,2.6,2.56,2.59,1520,0
20160721,2.59,2.6,2.57,2.6,5910,0
20160722,2.59,2.6,2.56,2.6,4502,0
20160725,2.6,2.6,2.56,2.56,20423,0
20160726,2.59,2.6,2.56,2.56,1637,0
20160727,2.59,2.59,2.59,2.59,1869,0
20160728,2.6,2.6,2.51,2.51,39325,0
20160729,2.5,2.57,2.31,2.43,76508,0
20160801,2.53,2.53,2.3,2.33,20923,0
20160802,2.34,2.37,2.2,2.27,90218,0
20160803,2.35,2.35,2.25,2.35,16197,0
20160804,2.36,2.46,2.36,2.4,31838,0
20160805,2.46,2.46,2.4,2.43,3266,0
20160808,2.46,2.53,2.41,2.41,62175,0
20160809,2.5,2.59,2.4,2.59,17859,0
20160810,2.58,2.58,2.42,2.46,2868,0
20160811,2.48,2.48,2.42,2.48,11340,0
20160812,2.48,2.48,2.47,2.48,79,0
20160816,2.47,2.56,2.45,2.56,13468,0
20160817,2.57,2.57,2.57,2.57,675,0
20160818,2.57,2.57,2.53,2.56,42763,0
20160819,2.56,2.56,2.49,2.56,754,0
20160822,2.56,2.56,2.52,2.52,251,0
20160823,2.52,2.52,2.52,2.52,200,0
20160824,2.52,2.52,2.49,2.52,1998,0
20160825,2.5,2.56,2.5,2.52,1651,0
20160826,2.57,2.71,2.57,2.64,29923,0
20160829,2.7,2.7,2.58,2.61,6999,0
20160830,2.61,2.7,2.58,2.62,42699,0
20160831,2.68,2.68,2.56,2.66,183921,0
20160901,2.66,2.66,2.53,2.53,11299,0
20160902,2.66,2.66,2.5,2.5,4803,0
20160905,2.48,2.48,2.41,2.43,11640,0
20160906,2.43,2.59,2.37,2.59,19749,0
20160907,2.59,2.74,2.45,2.74,21521,0
20160908,2.74,2.86,2.74,2.74,23097,0
20160909,2.9,2.9,2.66,2.7,9095,0
20160912,2.67,2.74,2.65,2.67,3308,0
20160913,2.7,2.7,2.7,2.7,4,0
20160914,2.7,2.7,2.61,2.64,43713,0
20160915,2.64,2.69,2.55,2.69,39840,0
20160916,2.69,2.69,2.65,2.69,7385,0
20160919,2.68,2.8,2.61,2.8,25527,0
20160920,2.8,2.82,2.72,2.75,104605,0
20160921,2.79,2.79,2.7,2.7,19950,0
20160922,2.8,2.8,2.65,2.7,3435,0
20160923,2.76,2.77,2.71,2.71,29888,0
20160926,2.7,2.75,2.65,2.75,9833,0
20160927,2.75,2.8,2.7,2.77,308675,0
20160928,2.76,2.78,2.74,2.78,100776,0
20160929,2.78,2.78,2.72,2.72,8887,0
20160930,2.77,2.79,2.72,2.79,68516,0
20161003,2.78,2.84,2.75,2.84,12099,0
20161004,2.83,2.83,2.75,2.75,4944,0
20161005,2.83,2.83,2.78,2.78,293,0
20161006,2.79,2.8,2.75,2.79,3735,0
20161007,2.79,2.79,2.71,2.77,1008,0
20161010,2.71,2.71,2.63,2.71,11938,0
20161011,2.71,2.78,2.69,2.7,10393,0
20161012,2.69,2.72,2.63,2.68,26611,0
20161013,2.63,2.64,2.62,2.63,45199,0
20161014,2.7,2.7,2.64,2.64,12318,0
20161017,2.73,2.73,2.63,2.73,132,0
20161018,2.73,2.74,2.68,2.74,3633,0
20161019,2.74,2.76,2.72,2.76,14053,0
20161020,2.76,2.76,2.73,2.73,18557,0
20161021,2.75,2.75,2.72,2.72,2251,0
20161024,2.72,2.77,2.72,2.75,16163,0
20161025,2.75,2.75,2.73,2.75,896,0
20161026,2.72,2.78,2.72,2.78,50557,0
20161027,2.78,2.79,2.74,2.79,23864,0
20161028,2.79,2.84,2.78,2.84,26639,0
20161031,2.87,2.87,2.83,2.86,42762,0
20161102,2.86,2.86,2.82,2.82,9008,0
20161103,2.87,2.87,2.8,2.82,28195,0
20161104,2.87,2.87,2.77,2.8,19740,0
20161107,2.79,2.79,2.77,2.78,6509,0
