Date,Open,High,Low,Close,Volume,OpenInt
20080603,7.5937,7.5937,5.829,7.2591,20106,0
20080604,7.5329,7.5329,5.8556,6.2768,1711,0
20080605,5.5883,5.9559,5.0267,5.1805,3229,0
20080606,5.1805,5.5147,5.1805,5.5147,864,0
20080609,5.5147,5.5147,5.2407,5.3677,497,0
20080610,5.3745,5.4145,5.3745,5.4145,276,0
20080611,5.2674,5.2674,5.0469,5.1671,1021,0
20080612,5.3677,5.3677,5.2807,5.3542,2137,0
20080613,5.4079,5.5081,5.4079,5.4546,1034,0
20080616,5.4813,5.4813,5.4212,5.4212,645,0
20080617,5.4546,5.4546,5.4479,5.4479,829,0
20080618,5.4546,5.4546,5.4546,5.4546,18,0
20080619,5.4212,5.4679,5.4212,5.4679,294,0
20080620,5.4546,5.4546,5.2607,5.4345,1137,0
20080623,5.5214,5.7487,5.381,5.6149,1473,0
20080624,5.6418,5.6418,5.6418,5.6418,36,0
20080625,5.6818,5.6953,5.6818,5.6953,201,0
20080626,5.742,6.1699,5.6418,6.1699,1308,0
20080627,5.889,6.1164,5.8824,6.1164,1181,0
20080630,6.1164,6.1164,5.8021,6.0161,774,0
20080701,5.8021,5.8021,5.7487,5.7487,1105,0
20080702,5.5348,5.5615,5.5348,5.5615,367,0
20080703,5.7553,5.8089,5.5883,5.6953,607,0
20080707,5.6953,5.6953,5.6953,5.6953,18,0
20080708,5.4212,5.4212,5.4212,5.4212,18,0
20080709,5.4212,5.4212,5.4212,5.4212,18,0
20080710,5.4212,5.4212,5.4212,5.4212,18,0
20080711,5.4212,5.4212,5.4212,5.4212,18,0
20080714,5.4212,5.4212,5.4212,5.4212,18,0
20080715,5.3142,5.3142,5.3142,5.3142,36,0
20080716,5.3142,5.3142,5.3142,5.3142,18,0
20080717,5.3142,5.3142,5.3142,5.3142,18,0
20080718,5.3142,5.3142,5.2073,5.2073,477,0
20080721,5.2607,5.2607,5.2607,5.2607,18,0
20080722,5.3076,5.3142,5.3076,5.3142,668,0
20080723,5.3142,5.3142,5.3142,5.3142,18,0
20080724,5.3142,5.3142,5.3142,5.3142,18,0
20080725,5.3142,5.3142,5.3142,5.3142,18,0
20080728,5.3142,5.3142,5.3142,5.3142,18,0
20080729,5.3076,5.3076,5.3076,5.3076,221,0
20080730,5.3076,5.3076,5.0736,5.0736,515,0
20080731,5.1805,5.3076,5.0469,5.0469,647,0
20080801,5.1538,5.234,5.1538,5.234,424,0
20080804,5.2807,5.2807,5.2807,5.2807,18,0
20080805,5.2807,5.2807,5.2807,5.2807,18,0
20080806,5.2807,5.3142,5.2807,5.3142,304,0
20080807,5.3542,5.3542,5.3542,5.3542,18,0
20080808,5.3677,5.3677,5.3677,5.3677,18,0
20080811,5.3677,5.3677,5.3677,5.3677,18,0
20080812,5.381,5.381,5.381,5.381,18,0
20080813,5.3877,5.3877,5.3877,5.3877,18,0
20080814,5.3944,5.3944,5.3944,5.3944,18,0
20080819,5.3944,5.4079,5.3944,5.4079,36,0
20080821,5.4145,5.4145,5.4145,5.4145,18,0
20080822,5.4212,5.4212,5.4212,5.4212,18,0
20080825,5.4546,5.4546,5.4546,5.4546,18,0
20080826,5.4813,5.4947,5.4813,5.4947,36,0
20080827,5.5081,5.5615,5.3142,5.3142,506,0
20080828,5.5883,5.5883,5.5883,5.5883,18,0
20080829,5.5749,5.5749,5.5749,5.5749,18,0
20080901,5.2607,5.2607,5.2607,5.2607,461,0
20080902,5.4212,5.4212,5.4212,5.4212,8,0
20080903,5.4212,5.4212,5.4212,5.4212,8,0
20080904,5.341,5.341,5.341,5.341,18,0
20080905,5.4212,5.4212,5.4212,5.4212,8,0
20080909,5.3142,5.4212,5.3142,5.4212,28,0
20080919,5.4212,5.4345,5.4212,5.4345,18,0
20080922,5.4546,5.4546,5.4546,5.4546,8,0
20080924,5.4813,5.4813,5.4813,5.4813,8,0
20081014,5.3542,5.6953,5.3542,5.6953,470,0
20081015,5.6351,5.6886,5.6351,5.6886,581,0
20081016,5.1538,5.6953,5.1538,5.6953,3302,0
20081017,5.742,5.742,5.742,5.742,8,0
20081020,5.3142,5.3142,5.3142,5.3142,461,0
20081021,5.5348,5.5348,5.5348,5.5348,8,0
20081023,5.5281,5.5348,5.5281,5.5348,148,0
20081024,5.5281,5.5281,5.5281,5.5281,84,0
20081027,5.5281,5.5281,5.5281,5.5281,18,0
20081028,5.5281,5.5281,5.5281,5.5281,18,0
20081029,5.5281,5.5281,5.5281,5.5281,54,0
20081030,5.5281,5.5281,5.5281,5.5281,54,0
20081031,5.5281,5.5281,5.5281,5.5281,18,0
20081103,5.5281,5.5281,5.5281,5.5281,18,0
20081104,5.5281,5.5281,5.5281,5.5281,73,0
20081105,5.5281,5.5348,5.2607,5.5281,300,0
20081106,5.5348,5.5348,5.5348,5.5348,18,0
20081107,5.5414,5.5414,5.5414,5.5414,83,0
20081110,5.5414,5.5414,5.5414,5.5414,29,0
20081112,5.5414,5.5414,5.5414,5.5414,18,0
20081113,5.5414,5.5414,5.5414,5.5414,18,0
20081114,5.5414,5.5414,5.5414,5.5414,62,0
20081117,5.5414,5.5414,5.5414,5.5414,18,0
20081118,5.5414,5.5414,5.5414,5.5414,18,0
20081119,5.5348,5.5348,5.5348,5.5348,18,0
20081120,5.5081,5.5414,5.5081,5.5414,174,0
20081121,5.5414,5.5414,5.5414,5.5414,101,0
20081124,5.5483,5.5483,5.5414,5.5414,922,0
20081125,5.5414,5.5414,5.5414,5.5414,1439,0
20081126,5.5483,5.5483,5.5483,5.5483,221,0
20081127,5.5348,5.5348,5.5348,5.5348,18,0
20081128,5.5348,5.5348,5.5348,5.5348,18,0
20081201,5.5549,5.5615,5.5549,5.5615,1441,0
20081202,5.5615,5.5615,5.5615,5.5615,1197,0
20081203,5.5615,5.6351,5.5615,5.6351,1050,0
20081204,5.6618,5.6618,5.6351,5.6618,226,0
20081205,5.5348,5.5348,5.341,5.5081,2875,0
20081208,5.5081,5.6685,5.5081,5.6685,185,0
20081209,5.6685,5.6685,5.5348,5.5348,131,0
20081210,5.5348,5.5348,5.5348,5.5348,259,0
20081211,5.5348,5.5348,5.3142,5.5348,708,0
20081212,5.5281,5.5348,5.2874,5.5348,661,0
20081215,5.5281,5.5348,5.2607,5.5348,849,0
20081216,5.5081,5.5147,5.3076,5.5147,830,0
20081217,5.5081,5.5081,5.2674,5.2674,775,0
20081218,5.5081,5.5081,5.4212,5.4212,369,0
20081219,5.3276,5.5081,5.1604,5.4212,2256,0
20081222,5.2073,5.2073,4.8263,5.2073,4171,0
20081223,5.1204,5.1204,4.853,4.853,9550,0
20081229,4.8463,5.0335,4.8463,5.0335,923,0
20081230,4.8463,4.8463,4.8263,4.8263,896,0
20081231,4.8196,4.8395,4.7995,4.7995,2947,0
20090105,4.7928,4.7928,4.6123,4.6123,1766,0
20090106,4.7727,4.7727,4.6123,4.6123,5240,0
20090107,4.7193,4.7193,4.5054,4.6123,4420,0
20090108,4.7661,4.7661,4.6792,4.6926,2862,0
20090109,4.8797,4.8797,4.8196,4.8263,1613,0
20090112,4.7928,4.7928,4.7928,4.7928,1588,0
20090113,5.127,5.127,4.6658,4.7727,1964,0
20090114,4.7727,4.8263,4.7727,4.8263,1124,0
20090115,4.6991,4.6991,4.6057,4.6391,2425,0
20090116,4.7995,4.7995,4.6391,4.6926,1738,0
20090119,4.6591,4.6591,4.6123,4.6256,1838,0
20090120,4.8263,4.8263,4.746,4.746,1708,0
20090121,4.746,5.6083,4.7327,5.6083,2230,0
20090122,5.595,5.595,5.5883,5.595,1353,0
20090123,5.5816,5.5883,5.341,5.5883,5104,0
20090126,5.6017,5.6017,5.4079,5.4079,1692,0
20090127,5.4079,5.6017,5.4079,5.595,2639,0
20090128,5.6218,5.6218,5.6218,5.6218,1788,0
20090129,5.6418,5.6418,5.6351,5.6418,1298,0
20090130,5.5816,5.5816,5.2607,5.5749,1184,0
20090202,5.5749,5.5883,5.2607,5.5348,1144,0
20090203,5.5681,5.742,5.5681,5.6953,552,0
20090204,5.6149,5.6685,5.6149,5.6551,462,0
20090205,5.5281,5.5348,5.2607,5.5348,1194,0
20090206,5.6418,5.6418,5.4212,5.6351,796,0
20090209,5.6284,5.6953,5.5615,5.6685,1131,0
20090210,5.6618,5.6618,5.4212,5.4212,900,0
20090211,5.6618,5.6685,5.3142,5.6685,1017,0
20090212,5.6351,5.6351,5.4212,5.4212,803,0
20090213,5.4212,5.6284,5.361,5.6284,900,0
20090216,5.6218,5.6218,5.3142,5.3142,1759,0
20090217,5.5348,5.5348,5.3142,5.3142,933,0
20090218,5.2607,5.5281,5.2607,5.5281,721,0
20090219,5.5281,5.5281,5.2607,5.2607,683,0
20090220,5.5214,5.5281,5.2073,5.2073,844,0
20090223,5.4145,5.4145,5.4145,5.4145,385,0
20090224,5.4212,5.4212,5.4212,5.4212,351,0
20090226,5.4746,5.4746,5.4746,5.4746,3373,0
20090227,5.4813,5.488,5.4813,5.488,148,0
20090305,5.1805,5.4212,5.1805,5.4212,922,0
20090306,5.3142,5.3142,5.3142,5.3142,18,0
20090309,5.3142,5.3142,5.1538,5.1538,755,0
20090311,5.1805,5.1805,5.1805,5.1805,91,0
20090313,5.2607,5.2607,5.2607,5.2607,18,0
20090316,5.2607,5.2607,5.2607,5.2607,8,0
20090317,5.2541,5.2541,5.2541,5.2541,8,0
20090318,5.2607,5.2607,5.1538,5.1538,193,0
20090319,5.2607,5.2607,5.2607,5.2607,9,0
20090320,5.2607,5.2607,5.2607,5.2607,8,0
20090323,5.3677,5.3677,5.3677,5.3677,170,0
20090324,5.4813,5.4813,5.4212,5.4212,2580,0
20090325,5.4813,5.4813,5.4813,5.4813,18,0
20090326,5.4813,5.4813,5.4813,5.4813,18,0
20090327,5.4813,5.4813,5.4813,5.4813,18,0
20090330,5.4813,5.4813,5.3142,5.3142,1860,0
20090331,5.3142,5.3142,5.3142,5.3142,18,0
20090401,5.4813,5.4813,5.3142,5.3142,1860,0
20090402,5.4746,5.4746,5.2073,5.4746,1879,0
20090403,5.4746,5.4746,5.4746,5.4746,18,0
20090406,5.4746,5.4746,5.4679,5.4746,174,0
20090407,5.4746,5.4813,5.2607,5.2607,1667,0
20090409,5.4746,5.4746,5.4679,5.4679,18,0
20090414,5.4679,5.4679,5.4679,5.4679,18,0
20090415,5.4679,5.4679,5.4679,5.4679,8,0
20090416,5.4546,5.4546,5.4546,5.4546,8,0
20090417,5.4546,5.4546,5.4546,5.4546,8,0
20090420,5.4679,5.4679,5.4679,5.4679,8,0
20090421,5.4679,5.4679,5.4679,5.4679,8,0
20090422,5.4679,5.4679,5.4679,5.4679,8,0
20090423,5.4679,5.4679,5.4679,5.4679,8,0
20090424,5.4679,5.4679,5.4679,5.4679,8,0
20090427,5.4679,5.4679,5.4679,5.4679,8,0
20090428,5.4679,5.4679,5.4212,5.4212,135,0
20090429,5.4679,5.4746,5.4679,5.4746,1153,0
20090430,5.4212,5.4212,5.4212,5.4212,8,0
20090504,5.5348,5.5348,5.5348,5.5348,8,0
20090505,5.5348,6.2367,5.1538,5.1538,961,0
20090506,5.5281,5.5281,5.5281,5.5281,91,0
20090511,5.5348,5.5348,5.5348,5.5348,8,0
20090512,5.5348,5.5348,5.5348,5.5348,8,0
20090513,5.5348,5.5348,5.5348,5.5348,8,0
20090514,5.6953,5.9693,5.6953,5.9693,92,0
20090515,5.1538,5.4212,5.1538,5.4212,553,0
20090519,5.4212,5.6953,5.4212,5.6953,185,0
20090522,5.6953,5.6953,5.6953,5.6953,1,0
20090526,5.4212,5.4212,5.4212,5.4212,8,0
20090527,5.4212,5.4212,5.4212,5.4212,8,0
20090528,5.4212,5.4212,5.4212,5.4212,8,0
20090529,5.4212,5.4212,5.4212,5.4212,8,0
20090602,5.4212,5.4212,5.4212,5.4212,8,0
20090603,5.4212,5.4212,4.8797,4.8797,1115,0
20090604,5.1003,5.1003,5.1003,5.1003,248,0
20090608,4.8797,4.8797,4.8797,4.8797,221,0
20090609,4.8797,4.8797,4.8797,4.8797,18,0
20090617,5.1003,5.1003,5.1003,5.1003,8,0
20090623,5.1003,5.1003,5.1003,5.1003,174,0
20090624,5.1538,5.1538,5.1538,5.1538,8,0
20090709,5.1538,5.1538,5.1538,5.1538,18,0
20090713,4.7727,4.7727,4.5589,4.619,939,0
20090714,4.6658,4.7727,4.6123,4.6123,572,0
20090716,4.8597,4.8597,4.8597,4.8597,35,0
20090717,4.853,4.853,4.853,4.853,17,0
20090721,4.8998,4.8998,4.8998,4.8998,6,0
20090727,4.8062,4.8062,4.8062,4.8062,53,0
20090728,4.8998,5.3076,4.7527,5.3076,1244,0
20090730,5.4212,5.5883,5.4212,5.5883,159,0
20090731,5.7553,5.7553,5.7553,5.7553,17,0
20090803,5.7553,5.7553,5.7553,5.7553,17,0
20090804,5.7287,5.7287,5.3076,5.3076,605,0
20090805,5.0267,5.0267,5.0267,5.0267,74,0
20090806,5.0267,5.0267,5.0267,5.0267,6,0
20090807,5.3076,5.5883,4.8597,4.8597,121,0
20090810,4.8062,4.8062,4.8062,4.8062,96,0
20090811,4.7527,5.4212,4.7527,5.4212,1582,0
20090813,5.4212,5.5883,5.4212,5.5883,180,0
20090814,4.7527,5.5883,4.7527,5.5681,73,0
20090817,5.5883,5.7018,5.5883,5.7018,168,0
20090818,5.5883,5.5883,5.5883,5.5883,35,0
20090820,5.7086,5.7086,5.7086,5.7086,6,0
20090821,5.3076,5.7086,5.2273,5.7086,1546,0
20090824,5.7086,5.7086,5.7086,5.7086,6,0
20090825,5.7287,5.7287,5.7287,5.7287,17,0
20090826,5.7287,5.7287,5.7287,5.7287,6,0
20090827,5.7287,5.7287,5.7287,5.7287,55,0
20090828,5.7287,5.7287,5.7287,5.7287,17,0
20090831,5.7287,6.1164,5.7287,5.7553,350,0
20090901,5.7621,5.7621,5.7621,5.7621,35,0
20090902,5.7621,5.7687,5.7621,5.7687,29,0
20090903,5.7687,5.7687,5.7687,5.7687,6,0
20090904,5.7687,5.7755,5.7687,5.7755,27,0
20090907,5.7755,5.7755,5.7755,5.7755,6,0
20090908,5.7755,5.7755,5.7755,5.7755,27,0
20090909,5.7755,5.7755,5.7755,5.7755,6,0
20090910,5.7755,5.7755,5.7755,5.7755,6,0
20090911,5.7755,5.7822,5.7755,5.7822,17,0
20090914,5.7755,5.7822,5.7755,5.7822,9,0
20090915,5.7755,5.7822,5.7755,5.7822,9,0
20090916,5.7755,5.7822,5.7755,5.7822,12,0
20090917,5.7755,5.7822,5.7755,5.7822,9,0
20090918,5.7755,5.7822,5.7755,5.7822,9,0
20090921,5.7755,5.7755,5.7755,5.7755,6,0
20090922,5.7755,5.7755,5.7755,5.7755,6,0
20090923,5.5883,5.5883,5.5883,5.5883,6,0
20090924,5.5883,5.5883,5.5883,5.5883,6,0
20090925,5.5883,5.5883,5.5883,5.5883,6,0
20090928,5.5883,5.5883,5.5883,5.5883,6,0
20090929,5.5883,5.5883,5.5883,5.5883,6,0
20090930,5.5883,5.5883,5.5883,5.5883,6,0
20091002,5.7553,6.0829,5.7553,6.0829,275,0
20091005,5.3076,5.5883,5.3076,5.5883,168,0
20091006,5.5883,5.5883,5.5883,5.5883,6,0
20091007,5.5883,5.5883,5.5883,5.5883,6,0
20091008,5.5883,5.5883,5.5883,5.5883,17,0
20091009,5.5883,5.5883,5.5883,5.5883,17,0
20091012,5.5883,5.5883,5.5883,5.5883,6,0
20091013,5.5883,5.5883,5.5883,5.5883,6,0
20091014,5.5883,5.5883,5.5883,5.5883,6,0
20091015,5.5883,5.5883,5.5883,5.5883,6,0
20091016,5.3076,5.5883,5.3076,5.5883,30,0
20091019,5.5883,5.869,5.5883,5.869,89,0
20091020,5.5883,5.5883,5.5883,5.5883,6,0
20091021,5.5883,5.5883,5.2005,5.3076,206,0
20091027,5.3076,5.3076,5.3076,5.3076,17,0
20091029,5.3677,5.3677,5.0267,5.3076,555,0
20091102,5.2541,5.2541,5.2541,5.2541,6,0
20091103,5.2541,5.2541,5.2541,5.2541,55,0
20091105,5.3008,5.4212,5.3008,5.4212,626,0
20091112,5.3342,5.3342,5.3342,5.3342,17,0
20091116,5.3342,5.4212,5.3342,5.4212,81,0
20091117,5.3076,5.4212,5.3076,5.4212,181,0
20091118,5.3677,5.3677,5.3677,5.3677,17,0
20091119,5.3677,7.7208,5.3677,5.7018,3003,0
20091120,5.7018,6.4239,5.5883,6.4239,1130,0
20091123,6.0896,6.0896,5.1404,5.2005,2289,0
20091124,5.2005,5.5081,5.2005,5.4679,276,0
20091125,5.4746,5.4746,5.4746,5.4746,17,0
20091126,5.4679,5.869,5.4679,5.869,180,0
20091127,5.595,5.869,5.595,5.869,67,0
20091130,5.5883,5.5883,5.5883,5.5883,17,0
20091201,5.5883,5.5883,5.0267,5.3076,306,0
20091202,5.3076,5.5348,5.3076,5.5348,89,0
20091203,5.5348,5.5883,5.5348,5.5883,89,0
20091204,5.5883,5.5883,5.5883,5.5883,6,0
20091207,5.5883,5.8624,5.5883,5.8624,55,0
20091208,5.5883,5.5883,5.5883,5.5883,17,0
20091211,5.3677,5.3677,5.3677,5.3677,6,0
20091218,5.3076,5.3076,5.3076,5.3076,17,0
20100104,5.5348,5.5348,5.5348,5.5348,17,0
20100105,5.5348,5.5348,5.5348,5.5348,17,0
20100106,5.5348,5.5348,5.5348,5.5348,17,0
20100107,5.5348,5.5348,5.5348,5.5348,17,0
20100108,5.5348,5.5883,5.5348,5.5883,458,0
20100111,5.5615,5.6418,5.3677,5.3677,533,0
20100112,5.3677,5.4278,5.3677,5.4278,53,0
20100113,5.4278,5.6418,5.3677,5.5883,322,0
20100114,5.5883,5.5883,5.4212,5.4746,285,0
20100115,5.4546,5.5816,5.4546,5.5081,1037,0
20100118,5.4546,5.4546,5.4546,5.4546,17,0
20100119,5.4546,5.7018,5.4546,5.7018,214,0
20100120,5.7553,6.4239,5.6418,6.317,1847,0
20100121,6.3101,6.3101,5.595,6.1498,572,0
20100122,6.1498,6.1498,6.1498,6.1498,17,0
20100125,6.1498,6.1498,6.1498,6.1498,17,0
20100126,6.2901,6.3101,6.2901,6.3101,40,0
20100127,5.742,6.3101,5.7018,6.3101,385,0
20100128,6.2901,6.2901,6.2901,6.2901,24,0
20100129,6.1431,6.1498,6.1164,6.1498,194,0
20100201,6.1498,6.1498,6.1431,6.1498,187,0
20100202,6.1431,6.6378,6.1431,6.6378,324,0
20100203,6.5843,6.5843,6.1765,6.1765,525,0
20100204,6.2567,6.591,6.2567,6.591,37,0
20100205,6.591,6.5976,6.591,6.5976,24,0
20100208,6.5308,6.5308,6.5308,6.5308,17,0
20100209,6.5107,6.5107,6.5107,6.5107,31,0
20100210,6.4773,6.4773,6.4773,6.4773,17,0
20100211,6.4706,6.4706,5.869,6.4641,259,0
20100212,6.4239,6.4239,5.8355,6.2835,473,0
20100215,6.23,6.23,6.23,6.23,17,0
20100216,6.1964,6.2033,5.7553,6.2033,187,0
20100217,6.1498,6.1498,5.7553,6.1498,384,0
20100218,6.1498,6.1498,6.1498,6.1498,17,0
20100219,6.23,6.23,6.23,6.23,6,0
20100222,6.2567,6.2567,6.2567,6.2567,180,0
20100223,6.2567,6.4239,6.2567,6.4239,645,0
20100224,6.4239,6.4239,6.4239,6.4239,17,0
20100225,6.4239,6.4239,6.4239,6.4239,17,0
20100226,6.4239,6.4239,6.4239,6.4239,17,0
20100301,6.4239,6.4239,6.4239,6.4239,17,0
20100303,6.4239,6.5375,6.4239,6.5375,91,0
20100304,6.5308,6.5308,6.5308,6.5308,22,0
20100305,6.5308,6.5375,6.2033,6.2033,562,0
20100308,6.1498,6.3436,5.869,6.317,778,0
20100309,6.3035,6.3035,6.3035,6.3035,17,0
20100310,6.2768,6.2768,6.2768,6.2768,17,0
20100311,6.2701,6.2701,6.2701,6.2701,17,0
20100312,6.2567,6.2567,6.2567,6.2567,3,0
20100315,6.2567,6.2567,6.2567,6.2567,2,0
20100316,5.8758,6.1765,5.8758,6.1765,27,0
20100317,5.8758,6.1765,5.8758,6.1765,96,0
20100318,6.2634,6.2634,6.2634,6.2634,2,0
20100319,6.2634,6.2634,6.2634,6.2634,6,0
20100322,6.2634,6.2634,6.2634,6.2634,17,0
20100323,6.2634,6.2634,6.2634,6.2634,17,0
20100324,5.9292,5.9292,5.9292,5.9292,223,0
20100325,5.8957,5.8957,5.8957,5.8957,17,0
20100326,5.8758,6.0094,5.849,5.849,2643,0
20100329,5.849,6.2634,5.849,6.2634,879,0
20100330,6.3369,6.9853,6.3369,6.4239,4642,0
20100331,6.6978,7.821,6.6978,7.6537,4446,0
20100401,7.821,8.3754,7.6537,7.9141,9063,0
20100406,9.1041,9.1041,8.008,8.008,3722,0
20100407,8.1619,8.3824,8.1619,8.3824,215,0
20100408,8.4966,8.6628,8.2828,8.2828,2133,0
20100409,8.2828,8.6628,8.2828,8.6628,22,0
20100412,8.6567,9.2244,8.6567,8.6956,270,0
20100413,8.6766,10.755,8.6766,10.294,6434,0
20100414,10.301,10.896,9.779,10.675,2184,0
20100415,10.588,10.896,9.867,10.441,1719,0
20100416,10.481,10.481,9.706,10.114,389,0
20100419,10.114,10.508,10.114,10.508,142,0
20100420,10.481,10.481,10.481,10.481,17,0
20100421,10.06,10.06,10.06,10.06,17,0
20100422,10.053,10.053,9.505,9.505,131,0
20100423,9.2244,9.779,9.2244,9.779,277,0
20100426,9.719,9.719,9.719,9.719,17,0
20100427,9.719,9.719,9.706,9.706,51,0
20100428,9.699,11.116,9.699,11.056,5112,0
20100429,11.17,11.457,9.3914,10.12,8647,0
20100430,10.675,10.675,9.947,10.341,2086,0
20100504,10.08,10.421,10.06,10.308,2655,0
20100505,9.927,10.388,9.639,9.967,4574,0
20100506,9.967,10.334,9.967,10.141,2191,0
20100507,10.06,10.889,9.739,10.174,6500,0
20100510,10.341,10.615,10.227,10.555,6090,0
20100511,10.762,10.882,10.274,10.274,6288,0
20100512,10.281,10.742,10.227,10.227,10669,0
20100513,10.882,10.882,9.826,10.689,4058,0
20100514,10.689,11.023,10.361,10.876,3167,0
20100517,10.802,10.802,10.528,10.689,1890,0
20100518,10.675,10.675,10.027,10.094,649,0
20100519,9.772,9.772,9.291,9.3516,1897,0
20100520,8.6905,8.9241,7.9551,7.9551,3306,0
20100521,8.4222,8.4222,7.9551,7.9551,194,0
20100524,7.9551,8.6905,7.4868,8.2889,1362,0
20100525,8.2889,8.2889,8.2889,8.2889,13,0
20100526,8.0214,8.2828,8.0214,8.2828,810,0
20100527,8.2828,8.2828,7.888,8.256,592,0
20100528,7.7208,8.2751,7.353,8.2751,1388,0
20100531,8.2621,8.2621,7.366,8.256,550,0
20100601,8.2482,8.2482,8.2482,8.2482,13,0
20100602,8.2482,8.2482,7.4263,7.948,956,0
20100604,7.3996,7.9409,7.3935,7.4203,469,0
20100607,7.36,7.6876,7.0254,7.4401,824,0
20100608,7.0924,8.0214,7.0924,7.2193,1569,0
20100609,7.2393,7.9819,7.2393,7.4263,1823,0
20100610,7.4263,7.6876,7.4263,7.4532,601,0
20100611,7.6805,7.6876,7.2858,7.4532,654,0
20100614,7.5203,7.7208,7.0188,7.0188,465,0
20100615,6.6845,7.5472,6.6845,7.353,382,0
20100616,7.3394,7.3394,7.3394,7.3394,13,0
20100617,7.3462,7.353,7.3462,7.353,75,0
20100618,7.3462,7.4203,7.0188,7.4203,1218,0
20100621,7.4134,7.5543,7.4134,7.5472,148,0
20100622,7.5472,7.6537,7.5472,7.6537,94,0
20100623,7.6742,7.6742,7.6742,7.6742,13,0
20100624,7.6742,7.6742,7.353,7.5543,166,0
20100625,7.5543,7.6537,7.2193,7.6537,225,0
20100628,7.6537,7.6537,7.6537,7.6537,13,0
20100629,7.6537,7.8809,7.5203,7.8809,1054,0
20100630,7.8746,9.0245,7.6876,8.6956,1577,0
20100701,8.6905,8.7034,8.6905,8.7034,170,0
20100702,8.6905,8.9509,7.5543,8.9509,757,0
20100705,8.931,10.027,7.7539,8.0214,5045,0
20100706,8.4101,9.3585,8.4101,9.3585,91,0
20100707,8.3555,9.285,8.0885,8.0885,317,0
20100708,9.0911,9.0911,8.3633,8.3633,170,0
20100709,8.4222,9.2244,8.4222,9.2244,211,0
20100712,9.0911,9.0911,9.0513,9.0513,53,0
20100713,8.7701,8.957,8.7701,8.957,55,0
20100714,8.8237,8.9241,8.6905,8.9241,893,0
20100715,8.9241,8.9241,8.9241,8.9241,1,0
20100716,8.6567,8.6567,8.6567,8.6567,10,0
20100719,8.8904,8.9103,8.5554,8.9103,640,0
20100720,8.6905,8.9103,8.5892,8.9103,504,0
20100721,8.9042,9.0245,8.5234,9.0245,2060,0
20100722,9.0107,9.0176,9.0107,9.0176,30,0
20100723,8.8904,8.8904,8.8904,8.8904,13,0
20100726,9.0107,9.0107,8.5624,9.0107,165,0
20100727,9.0037,9.0037,8.4966,8.9907,875,0
20100728,8.9708,9.0107,7.6939,8.8904,2806,0
20100729,8.8107,8.8107,8.1619,8.7908,1366,0
20100730,8.777,8.777,8.0348,8.7571,930,0
20100802,8.7034,8.777,8.0285,8.777,1511,0
20100803,8.777,8.777,8.0885,8.7303,2111,0
20100804,8.7372,8.777,8.2214,8.777,2614,0
20100805,8.7701,10.027,8.3218,9.76,8126,0
20100806,9.733,9.733,8.8237,9.3049,1454,0
20100809,9.3378,9.893,8.7839,9.893,3829,0
20100810,9.987,10.328,9.0981,9.94,1093,0
20100811,9.826,10.127,8.9371,9.92,4049,0
20100812,9.779,9.779,8.944,9.452,2275,0
20100813,9.552,9.552,9.2244,9.552,2734,0
20100816,9.546,10.013,9.4927,10.013,3625,0
20100817,10.013,10.013,9.4252,10.013,622,0
20100818,9.692,10.007,9.4927,9.82,721,0
20100819,9.4927,9.82,9.4252,9.4581,607,0
20100820,9.4927,9.752,9.3585,9.626,1944,0
20100823,9.793,9.96,9.76,9.927,2161,0
20100824,9.826,9.927,9.558,9.826,2700,0
20100825,9.88,9.893,9.526,9.893,1457,0
20100826,9.692,9.893,9.4581,9.725,4145,0
20100827,9.692,9.826,9.4581,9.626,5202,0
20100830,9.558,9.826,9.558,9.692,4273,0
20100831,9.725,9.793,9.4659,9.66,3617,0
20100901,9.76,9.826,9.526,9.76,3114,0
20100902,9.639,9.853,9.505,9.505,6833,0
20100903,9.719,9.725,9.3785,9.3984,1985,0
20100906,9.3585,9.4927,9.298,9.3516,3025,0
20100907,9.452,9.558,9.1578,9.558,2605,0
20100908,9.4927,9.592,9.291,9.3585,2595,0
20100909,9.3585,9.4927,9.291,9.4927,953,0
20100910,9.291,9.4252,8.4291,8.957,3591,0
20100913,7.9551,9.3516,7.9551,9.124,579,0
20100914,8.957,9.1578,8.6905,9.1509,619,0
20100915,9.0911,9.1578,8.7233,9.0911,1214,0
20100916,8.7571,9.0176,8.6238,8.8904,2817,0
20100917,8.6238,8.8237,8.4222,8.4222,1321,0
20100920,8.6238,8.6766,8.4222,8.6238,394,0
20100921,8.4897,8.8973,8.295,8.8843,1711,0
20100922,8.5554,8.8904,8.3555,8.6905,1404,0
20100923,8.4222,8.7571,8.4222,8.7233,1279,0
20100924,8.7164,8.8973,8.6905,8.8904,2735,0
20100927,8.8904,9.3179,8.6905,8.957,2565,0
20100928,8.957,9.1578,8.957,9.1578,346,0
20100929,9.1448,9.2175,9.124,9.1915,247,0
20100930,9.1578,9.3516,8.764,9.3447,1885,0
20101001,9.0245,9.3447,8.8904,9.3447,998,0
20101004,9.3516,9.4252,9.0245,9.4252,1947,0
20101005,9.4927,9.4927,9.0245,9.4927,1272,0
20101006,9.546,9.558,9.0911,9.552,1296,0
20101007,9.291,9.546,9.0245,9.4927,253,0
20101008,9.1578,9.539,9.0245,9.539,682,0
20101011,9.3248,9.539,9.3248,9.539,519,0
20101012,9.3585,9.526,8.8904,9.4927,2446,0
20101013,9.4252,9.4849,8.957,9.4659,751,0
20101014,9.0911,9.526,8.9042,9.526,3712,0
20101015,9.3585,9.52,9.124,9.52,1397,0
20101018,9.3715,9.4451,8.7839,9.2582,2034,0
20101019,9.2244,9.3049,9.0375,9.298,521,0
20101020,9.285,9.52,8.957,9.52,1954,0
20101021,9.2244,9.4788,9.0444,9.4788,277,0
20101022,9.4053,9.439,8.8904,9.3516,1227,0
20101025,9.2711,9.2711,8.8306,9.1976,441,0
20101026,9.1708,9.1708,8.8904,9.1379,1948,0
20101027,9.1309,9.1448,8.8306,9.1448,1603,0
20101028,9.124,9.3585,8.957,9.3179,1525,0
20101029,9.2149,9.356,9.1595,9.356,1347,0
20101102,9.3585,10.748,9.291,10.728,7034,0
20101103,9.558,10.361,9.4581,10.361,4537,0
20101104,10.328,10.361,9.512,10.188,3723,0
20101105,9.66,10.127,9.4183,10.127,4664,0
20101108,10.127,10.394,9.505,10.08,5225,0
20101109,10.027,10.427,9.76,10.355,2412,0
20101110,10.194,10.621,9.76,9.76,5166,0
20101112,9.739,10.542,9.739,10.542,5045,0
20101115,10.127,10.495,9.799,10.154,3660,0
20101116,10.141,10.434,9.994,10.434,4705,0
20101117,10.361,10.668,10.027,10.668,3550,0
20101118,10.629,10.663,10.528,10.663,116,0
20101119,10.663,10.863,10.027,10.629,3015,0
20101122,10.027,10.388,9.772,9.96,1235,0
20101123,10.294,10.427,9.947,10.381,1263,0
20101124,9.987,10.314,9.826,10.053,1394,0
20101125,10.294,10.294,9.9,10.107,421,0
20101126,10.027,10.161,9.526,9.893,2766,0
20101129,9.76,9.886,9.4252,9.4252,1938,0
20101130,9.612,9.612,9.3715,9.599,2410,0
20101201,9.4451,9.558,9.3854,9.539,1098,0
20101202,9.526,9.539,9.4252,9.4252,515,0
20101203,9.4927,9.52,9.0375,9.4927,1626,0
20101206,9.452,9.452,9.0306,9.3585,751,0
20101207,9.1578,9.3317,9.1041,9.2582,840,0
20101208,9.124,9.291,9.0245,9.2711,705,0
20101209,9.2313,9.2313,8.8904,9.1509,1176,0
20101210,9.1976,9.2045,8.764,8.9907,2074,0
20101213,8.8376,8.9778,8.6905,8.957,519,0
20101214,8.7908,8.957,8.6905,8.8237,1288,0
20101215,8.7571,8.7571,8.5892,8.7502,797,0
20101216,8.6905,8.7571,8.5892,8.7571,2072,0
20101217,8.6905,8.7432,8.1224,8.5554,5605,0
20101220,8.6091,8.6091,8.1224,8.5234,2288,0
20101221,8.4222,8.5554,8.0214,8.4819,3918,0
20101222,8.4819,8.4819,8.0214,8.0214,1220,0
20101223,8.2214,8.2214,7.6876,8.1548,2071,0
20101227,7.8746,8.0814,7.8746,8.0814,396,0
20101228,8.0814,8.0814,7.8612,8.0814,1072,0
20101229,8.0751,8.0751,7.6205,8.0143,1860,0
20101230,7.9141,7.948,7.6876,7.7073,486,0
20101231,7.9124,7.9124,7.5897,7.7854,2039,0
20110103,7.9551,8.6905,7.9551,8.6835,1649,0
20110104,8.6766,8.6835,8.4559,8.6567,827,0
20110105,8.5295,8.6567,8.3893,8.6567,956,0
20110107,8.6238,8.6835,8.6238,8.6835,62,0
20110110,8.6766,8.6835,8.0553,8.0751,12285,0
20110111,8.0814,8.3893,8.0814,8.1224,1883,0
20110112,8.6835,9.3516,7.888,8.0751,18573,0
20110113,8.0956,8.1421,7.888,8.135,4904,0
20110114,8.1484,8.2214,8.0885,8.2214,951,0
20110117,8.1816,8.1816,7.761,7.8344,3502,0
20110118,7.6939,7.8478,7.3798,7.6805,3954,0
20110119,7.6805,7.7878,7.6276,7.761,4003,0
20110120,7.7878,8.1753,7.7208,8.1548,8255,0
20110121,7.821,8.1753,7.761,8.0214,8947,0
20110124,7.9141,7.9141,7.9015,7.9015,1436,0
20110125,7.9212,8.0214,7.9212,8.0214,147,0
20110126,8.0214,8.0885,7.9551,8.0214,422,0
20110127,8.0214,8.0885,7.888,7.888,1970,0
20110128,7.9875,8.0214,7.9551,8.0143,882,0
20110131,7.9543,8.1776,7.9188,8.1776,351,0
20110201,8.1887,8.1887,8.0553,8.1887,912,0
20110202,8.1484,8.1484,8.0214,8.0885,415,0
20110203,8.0956,8.3097,8.0214,8.068,1654,0
20110204,8.0411,8.1548,8.0214,8.1224,382,0
20110207,8.1224,8.1224,8.0214,8.1224,91,0
20110208,8.1224,8.1224,7.888,7.9551,1112,0
20110209,7.9551,8.1153,7.9551,8.0885,698,0
20110210,8.1019,8.1019,7.9748,8.0885,967,0
20110211,8.0814,8.0814,7.9551,8.0214,377,0
20110214,8.0214,8.1887,8.0017,8.0553,425,0
20110215,8.0214,8.0214,7.888,7.9212,304,0
20110216,7.9283,7.9551,7.9078,7.9078,1086,0
20110217,7.9078,8.0214,7.9078,8.0214,419,0
20110218,7.9551,8.0214,7.8675,7.8675,615,0
20110221,7.7878,7.9078,7.7878,7.8541,347,0
20110222,7.9212,8.008,7.8478,8.008,3582,0
20110223,7.9551,8.0214,7.9212,8.0214,671,0
20110224,7.9875,8.1887,7.9607,8.1421,1279,0
20110225,8.1421,8.1421,7.9409,7.9551,465,0
20110228,8.1224,8.1224,7.9961,8.0521,242,0
20110301,8.0482,8.0482,7.9283,8.008,1783,0
20110302,8.0214,8.0214,7.9875,8.0214,28,0
20110303,8.0214,8.0214,7.9346,7.9346,238,0
20110304,7.9346,7.9346,7.9283,7.9346,829,0
20110307,7.9346,7.9346,7.888,7.9346,330,0
20110308,7.9346,7.9346,7.8746,7.9283,586,0
20110309,7.9283,7.9283,7.9212,7.9212,151,0
20110310,7.9212,7.9212,7.9141,7.9212,260,0
20110311,7.9212,7.9875,7.9141,7.9875,2111,0
20110314,7.9875,8.1548,7.9141,8.0885,534,0
20110315,8.1548,8.1816,7.9551,7.9875,746,0
20110316,7.7878,7.9212,7.7878,7.9212,362,0
20110318,7.888,7.9748,7.821,7.9748,268,0
20110321,7.9677,7.9677,7.6876,7.9677,1644,0
20110322,7.9212,7.9677,7.9212,7.948,143,0
20110323,7.9409,7.9409,7.9409,7.9409,30,0
20110324,7.9212,7.948,7.7539,7.9283,504,0
20110325,7.9212,7.9212,7.8541,7.8809,83,0
20110328,7.8809,7.888,7.8809,7.888,89,0
20110329,7.9212,7.9212,7.8541,7.9212,159,0
20110330,7.9141,7.9551,7.7539,7.7539,1034,0
20110331,7.7507,7.9188,7.7507,7.7854,1031,0
20110401,7.7539,7.7807,7.7539,7.7539,1426,0
20110404,7.7271,7.7539,7.6205,7.6876,1829,0
20110405,7.6876,7.7539,7.6876,7.7002,919,0
20110406,7.7073,7.7807,7.6876,7.7002,915,0
20110407,7.6876,7.7413,7.6876,7.7073,619,0
20110408,7.7002,7.7413,7.6876,7.7002,914,0
20110411,7.6939,7.6939,7.6608,7.6939,1098,0
20110412,7.6876,7.6939,7.6876,7.6939,1146,0
20110413,7.7073,7.7413,7.7073,7.7073,854,0
20110414,7.6876,7.7539,7.6876,7.7002,773,0
20110415,7.7144,7.821,7.6876,7.6876,973,0
20110418,7.6876,7.7539,7.6876,7.7144,1528,0
20110419,7.7271,7.7878,7.7144,7.7144,272,0
20110420,7.6876,7.7468,7.6876,7.7144,443,0
20110421,7.7208,7.7208,7.6876,7.7144,213,0
20110426,7.7144,7.7413,7.5543,7.7413,716,0
20110427,7.7144,7.7144,7.7144,7.7144,30,0
20110428,7.7342,7.8076,7.6876,7.6876,165,0
20110429,7.6876,7.7365,7.6876,7.6876,134,0
20110502,7.7002,7.7002,7.5865,7.6876,378,0
20110504,7.7002,7.7002,7.6205,7.6671,1366,0
20110505,7.6671,7.7002,7.5543,7.6403,1264,0
20110506,7.6403,7.6742,7.6403,7.6742,44,0
20110509,7.6742,7.6876,7.6671,7.6805,1587,0
20110510,7.6939,7.7002,7.6805,7.6876,1010,0
20110511,7.6876,7.6939,7.6876,7.6876,2045,0
20110512,7.6876,7.6876,7.4868,7.4868,210,0
20110513,7.5669,7.6474,7.4263,7.6474,471,0
20110516,7.5543,7.6403,7.5543,7.6403,438,0
20110517,7.6403,7.6403,7.6134,7.6134,290,0
20110518,7.6134,7.6876,7.6008,7.6403,617,0
20110519,7.6403,7.6805,7.6403,7.6403,248,0
20110520,7.6403,7.6805,7.6205,7.6205,184,0
20110523,7.6205,7.6205,7.5937,7.6205,61,0
20110524,7.5543,7.6205,7.5543,7.5865,593,0
20110525,7.6071,7.6071,7.5865,7.5865,198,0
20110526,7.5803,7.5803,7.353,7.4065,1488,0
20110527,7.4532,7.4798,7.2527,7.2527,590,0
20110530,6.6914,7.353,6.6914,7.2858,1281,0
20110531,7.2813,7.4775,7.2813,7.4775,364,0
20110601,7.4798,7.5543,7.353,7.5543,644,0
20110602,7.5543,7.5543,7.5543,7.5543,162,0
20110603,7.5543,7.6205,7.5401,7.5543,223,0
20110606,7.5543,7.5543,7.4203,7.5069,128,0
20110607,7.6102,7.6102,7.6039,7.6039,55,0
20110608,7.6102,7.6102,7.421,7.421,30,0
20110609,7.421,7.4355,7.421,7.4355,30,0
20110610,7.5401,7.5401,7.5401,7.5401,8,0
20110613,7.5472,7.6134,7.5401,7.5401,91,0
20110614,7.5203,7.5203,7.2259,7.2259,1379,0
20110615,7.2193,7.4065,7.2193,7.353,121,0
20110616,7.4004,7.4073,7.4004,7.4073,37,0
20110617,7.4073,7.4073,7.3088,7.3088,459,0
20110620,7.4065,7.4065,7.353,7.353,106,0
20110621,7.4065,7.4065,7.2328,7.2858,521,0
20110622,7.3302,7.344,7.218,7.218,1247,0
20110624,7.3164,7.3164,7.2881,7.2881,233,0
20110627,7.3164,7.337,7.3164,7.3302,192,0
20110628,7.3302,7.337,7.1268,7.3164,1629,0
20110629,7.3164,7.3164,7.2881,7.2881,53,0
20110630,7.2813,7.2881,7.2813,7.2881,302,0
20110701,7.2881,7.2881,7.2881,7.2881,13,0
20110704,7.2813,7.3019,7.2813,7.2881,185,0
20110705,7.2813,7.3164,7.253,7.2744,1364,0
20110706,7.2744,7.2744,7.246,7.246,602,0
20110707,7.2881,7.463,7.0077,7.463,1345,0
20110708,7.4279,7.4279,7.3164,7.4141,88,0
20110711,7.4141,7.4141,7.4141,7.4141,13,0
20110712,7.4073,7.4279,7.253,7.4141,276,0
20110713,7.421,7.421,7.1829,7.3088,588,0
20110714,7.3233,7.3935,7.3233,7.3233,151,0
20110715,7.218,7.4279,7.218,7.421,326,0
20110718,7.3935,7.4279,7.0779,7.0779,2251,0
20110719,7.0919,7.0919,7.0077,7.0919,497,0
20110720,7.0779,7.0779,7.0779,7.0779,112,0
20110721,7.0779,7.0779,7.0077,7.0077,39,0
20110722,7.0077,7.0077,7.0077,7.0077,29,0
20110725,6.9727,6.9727,6.6574,6.7556,652,0
20110726,6.7486,6.9588,6.7486,6.9588,29,0
20110727,6.7274,6.7274,6.6574,6.7274,1012,0
20110728,6.6574,6.8676,6.6574,6.8676,172,0
20110729,6.8256,6.8256,6.8256,6.8256,51,0
20110801,6.8186,7.0779,6.7274,7.0008,774,0
20110802,7.0077,7.0077,6.9377,6.9377,810,0
20110803,6.9377,6.9377,6.7975,6.7975,101,0
20110804,6.7975,6.8256,6.4471,6.5523,1715,0
20110805,6.5523,6.5523,6.2018,6.307,1455,0
20110808,6.3,6.3,5.8164,5.8164,476,0
20110809,5.8164,6.2931,5.3259,5.6062,304,0
20110810,5.6062,5.6062,5.1858,5.1858,251,0
20110811,5.1858,5.1858,4.8704,4.8704,656,0
20110812,4.8774,5.1858,4.8774,5.1858,1541,0
20110816,5.0105,5.0456,5.0105,5.0456,79,0
20110817,5.5361,5.5361,5.0456,5.2558,425,0
20110818,5.2558,5.2558,4.8003,5.0456,59287,0
20110819,5.0456,5.0456,4.9055,5.0105,101,0
20110822,5.0105,5.0105,5.0105,5.0105,23,0
20110823,5.0456,5.2909,5.0456,5.2909,201,0
20110824,5.2839,5.5292,5.2768,5.361,193,0
20110825,5.361,5.361,5.3539,5.361,248,0
20110826,5.3259,5.3259,5.2419,5.2558,228,0
20110829,4.9475,5.2138,4.9055,5.2138,288,0
20110830,5.2138,5.2138,5.2138,5.2138,42,0
20110831,5.2138,5.2138,5.2138,5.2138,42,0
20110901,5.2067,5.2558,5.2067,5.2558,14369,0
20110902,5.2558,5.2558,5.2558,5.2558,57,0
20110905,5.2558,5.2558,5.2488,5.2558,121,0
20110906,5.2558,5.2558,5.2488,5.2488,101,0
20110907,5.2558,5.2558,5.2419,5.2558,187,0
20110908,5.2558,5.2558,5.2419,5.2419,404,0
20110909,5.2558,5.2558,5.2419,5.2488,474,0
20110912,5.2558,5.2558,5.1157,5.1157,20159,0
20110913,5.1858,5.2208,5.1858,5.2208,117,0
20110914,5.2138,5.2488,5.2138,5.2488,199,0
20110915,5.2488,5.2488,5.2488,5.2488,69,0
20110916,5.1927,5.2558,5.1927,5.2558,105,0
20110919,5.2558,5.2558,5.2419,5.2558,276,0
20110920,5.2558,5.2558,5.2419,5.2558,2700,0
20110921,5.2558,5.2558,5.2558,5.2558,42,0
20110922,5.2558,5.2558,5.2558,5.2558,70,0
20110923,5.2558,5.2558,5.2558,5.2558,57,0
20110926,5.2558,5.2558,5.2558,5.2558,87,0
20110928,5.2558,5.2558,5.2488,5.2488,143,0
20110929,5.2488,5.2558,5.2488,5.2558,57,0
20110930,5.2558,5.2558,4.9895,5.1997,344,0
20111003,5.2138,5.2138,4.9195,5.0596,174,0
20111004,5.1507,5.1507,4.9195,5.0105,142,0
20111005,5.0456,5.0456,5.0456,5.0456,1,0
20111006,5.0456,5.0456,4.9195,4.9195,18,0
20111007,4.9895,4.9895,4.7794,4.8704,393,0
20111010,4.8985,5.1858,4.8003,5.0807,3116,0
20111011,5.0807,5.7114,4.9055,5.6834,4951,0
20111012,5.5361,5.5361,5.3259,5.5011,587,0
20111013,5.5011,5.5011,5.1507,5.3259,1139,0
20111014,5.4099,5.4099,5.2208,5.403,67,0
20111017,5.396,5.5011,5.2208,5.2208,173,0
20111018,5.2909,5.2909,5.0105,5.2138,129,0
20111019,5.1157,5.5292,5.0456,5.5292,619,0
20111020,5.452,5.452,5.1227,5.2488,166,0
20111021,5.1858,5.2839,5.0525,5.2839,351,0
20111024,5.1858,5.2839,5.1858,5.2839,70,0
20111025,5.1858,5.2208,5.0525,5.2208,302,0
20111026,5.1227,5.1437,4.9055,5.1437,299,0
20111027,5.1366,5.2909,5.0525,5.1578,633,0
20111028,5.1578,5.1578,4.9755,5.1087,432,0
20111031,5.1087,5.2768,5.1018,5.1018,292,0
20111102,5.0456,5.1157,4.9405,5.0456,350,0
20111103,5.0105,5.0807,4.9405,5.0807,280,0
20111104,5.0316,5.0316,4.9055,5.0176,194,0
20111107,5.0105,5.0456,4.8354,4.9055,1191,0
20111108,4.9055,5.0456,4.9055,5.0456,88,0
20111109,5.0456,5.0456,4.8354,4.9055,444,0
20111110,4.9055,4.9055,4.7302,4.7302,632,0
20111114,4.8284,4.8985,4.7653,4.7653,429,0
20111115,4.8354,5.2768,4.6672,5.2768,2118,0
20111116,5.2768,5.2768,5.2698,5.2698,42,0
20111117,5.2768,5.2768,5.2768,5.2768,57,0
20111118,5.2768,5.2768,5.2768,5.2768,53,0
20111121,5.1507,5.1507,4.9055,5.0105,239,0
20111122,5.0105,5.0105,5.0105,5.0105,1,0
20111123,5.0456,5.0456,5.0456,5.0456,1,0
20111125,5.1087,5.1087,5.0667,5.0667,207,0
20111128,5.1018,5.1018,5.0456,5.0456,180,0
20111129,5.0456,5.0456,5.0456,5.0456,29,0
20111130,5.1018,5.1018,5.1018,5.1018,170,0
20111201,5.1227,5.1227,5.1227,5.1227,157,0
20111202,5.1227,5.1227,5.1227,5.1227,157,0
20111206,5.1227,5.1227,5.1227,5.1227,157,0
20111207,5.1227,5.1227,5.1227,5.1227,157,0
20111208,5.1227,5.1227,5.1227,5.1227,143,0
20111209,4.9475,5.1366,4.9125,5.1366,537,0
20111212,5.1366,5.1366,5.1366,5.1366,170,0
20111213,5.1296,5.6062,5.1296,5.396,3662,0
20111214,5.6763,5.9286,5.6062,5.7744,4003,0
20111215,5.7744,6.307,5.5992,5.8516,5120,0
20111216,5.8866,5.8866,5.473,5.473,838,0
20111219,5.473,5.7114,5.4311,5.7114,3869,0
20111220,5.7114,5.8866,5.5431,5.6131,1342,0
20111221,5.8164,5.8164,5.6062,5.6763,1530,0
20111222,5.6763,5.6763,5.6062,5.6763,394,0
20111223,5.6062,5.6693,5.5852,5.6693,259,0
20111227,5.6693,5.6693,5.5011,5.5011,551,0
20111228,5.6062,5.6062,5.2979,5.2979,2091,0
20111229,5.2979,5.5361,5.2979,5.466,574,0
20111230,5.48,5.48,5.3995,5.3995,379,0
20120102,5.4311,5.6763,5.4311,5.5642,425,0
20120103,5.5852,5.5852,5.3259,5.3891,2598,0
20120104,5.382,5.382,5.375,5.382,371,0
20120105,5.382,5.5011,5.382,5.5011,801,0
20120109,5.5011,5.5852,5.3259,5.3259,2086,0
20120110,5.3398,5.5292,5.3398,5.5292,1262,0
20120111,5.5292,5.6062,5.5292,5.5712,1399,0
20120112,5.5712,5.5712,5.5431,5.5712,1880,0
20120113,5.5712,5.5712,5.466,5.5431,1071,0
20120116,5.5361,5.5361,5.3891,5.3891,1528,0
20120117,5.3891,5.5361,5.3891,5.403,1295,0
20120118,5.3891,5.5361,5.3891,5.396,1060,0
20120119,5.396,5.396,5.3891,5.396,1149,0
20120120,5.466,5.5361,5.466,5.5292,1137,0
20120123,5.5361,5.5712,5.396,5.396,1860,0
20120124,5.396,5.396,5.2558,5.2558,1500,0
20120125,5.375,5.396,5.375,5.3891,1138,0
20120126,5.396,5.396,5.3891,5.3891,854,0
20120127,5.3891,5.396,5.3119,5.396,1904,0
20120130,5.396,5.396,5.3891,5.3891,813,0
20120131,5.3921,5.3995,5.3921,5.3921,1793,0
20120201,5.3891,5.3891,5.3891,5.3891,186,0
20120202,5.396,5.396,5.3891,5.3891,1127,0
20120203,5.396,5.396,5.396,5.396,879,0
20120206,5.396,5.396,5.361,5.361,998,0
20120207,5.361,5.361,5.361,5.361,649,0
20120208,5.361,5.396,5.361,5.396,707,0
20120209,5.396,5.396,5.396,5.396,495,0
20120210,5.396,5.396,5.3681,5.3681,772,0
20120213,5.3681,5.3681,5.3681,5.3681,631,0
20120214,5.361,5.361,5.361,5.361,837,0
20120215,5.3469,5.3469,5.3469,5.3469,786,0
20120216,5.3469,5.3469,5.3049,5.3049,604,0
20120217,5.3539,5.3539,5.2208,5.2208,1303,0
20120220,5.2208,5.2768,5.2208,5.2558,1192,0
20120221,5.2558,5.4311,5.2558,5.4311,1823,0
20120222,5.4311,5.4311,5.2839,5.361,1347,0
20120223,5.361,5.361,5.2558,5.2558,621,0
20120224,5.2909,5.452,5.2909,5.396,760,0
20120227,5.403,5.5152,5.3259,5.5152,3425,0
20120228,6.1319,6.1319,5.5292,5.7114,2713,0
20120229,5.7145,5.7145,5.2896,5.3775,3344,0
20120301,5.375,5.382,5.375,5.375,484,0
20120302,5.375,5.382,5.2698,5.3259,1456,0
20120305,5.3398,5.3539,5.3398,5.3398,280,0
20120306,5.3469,5.361,5.2628,5.2628,5730,0
20120307,5.2628,5.3259,5.2628,5.3189,1670,0
20120308,5.3119,5.3259,5.3119,5.3259,2496,0
20120309,5.3259,5.466,5.3259,5.466,943,0
20120312,5.466,5.466,5.2839,5.2909,337,0
20120313,5.2909,5.3259,5.2208,5.3189,2592,0
20120314,5.3189,5.3259,5.3189,5.3259,1062,0
20120315,5.3259,5.3259,5.3119,5.3259,1067,0
20120316,5.3259,5.3259,5.3259,5.3259,867,0
20120319,5.3259,5.4871,5.3259,5.466,1129,0
20120320,5.466,5.466,5.2979,5.361,948,0
20120321,5.361,5.4941,5.361,5.4871,889,0
20120322,5.5712,5.5712,5.4099,5.4099,2134,0
20120323,5.4099,5.417,5.396,5.396,1667,0
20120326,5.466,5.48,5.466,5.48,1079,0
20120327,5.48,5.5431,5.417,5.417,1566,0
20120328,5.417,5.424,5.396,5.396,816,0
20120329,5.396,5.396,5.3049,5.375,2159,0
20120330,5.3848,5.4727,5.3848,5.4727,980,0
20120402,5.48,5.48,5.361,5.4311,825,0
20120403,5.4381,5.5922,5.4381,5.473,1421,0
20120404,5.473,5.6202,5.473,5.6131,1015,0
20120405,5.6272,5.9425,5.5361,5.5361,2949,0
20120410,5.5361,5.5361,5.3469,5.3469,1426,0
20120411,5.3539,5.5992,5.3539,5.466,1011,0
20120412,5.466,5.466,5.466,5.466,29,0
20120413,5.473,5.5992,5.466,5.466,771,0
20120416,5.5712,5.5712,5.375,5.375,936,0
20120417,5.4311,5.4381,5.4311,5.4381,162,0
20120418,5.4381,5.466,5.4381,5.452,909,0
20120419,5.459,5.466,5.459,5.466,978,0
20120420,5.466,5.5992,5.466,5.466,972,0
20120423,5.466,5.473,5.466,5.466,681,0
20120424,5.466,5.466,5.375,5.375,645,0
20120425,5.396,5.396,5.396,5.396,57,0
20120426,5.4099,5.4099,5.4099,5.4099,143,0
20120427,5.459,5.466,5.403,5.403,624,0
20120430,5.4581,5.4654,5.4581,5.4654,1067,0
20120502,5.473,5.5152,5.466,5.466,1001,0
20120504,5.466,5.466,5.466,5.466,469,0
20120507,5.3398,5.361,5.3398,5.361,804,0
20120508,5.396,5.466,5.361,5.361,733,0
20120509,5.361,5.361,5.361,5.361,29,0
20120510,5.4311,5.466,5.3681,5.3681,424,0
20120511,5.396,5.396,5.2558,5.2558,1348,0
20120514,5.3259,5.466,5.3259,5.459,470,0
20120515,5.459,5.459,5.2768,5.2768,493,0
20120516,5.5222,5.5222,5.5222,5.5222,357,0
20120517,5.5222,5.5222,5.2909,5.3259,875,0
20120518,5.3259,5.3259,5.2208,5.2208,350,0
20120521,5.2279,5.2279,5.2279,5.2279,87,0
20120522,5.2558,5.2558,5.2558,5.2558,558,0
20120523,5.2628,5.4381,5.2628,5.4311,752,0
20120524,5.4311,5.4311,5.3259,5.3259,283,0
20120525,5.3259,5.452,5.2909,5.3049,930,0
20120528,5.2909,5.2909,5.2839,5.2909,385,0
20120529,5.3259,5.459,5.3259,5.459,57,0
20120530,5.459,5.459,5.1507,5.2279,1605,0
20120531,5.187,5.5241,5.0697,5.5241,1800,0
20120601,5.5292,5.5292,5.2768,5.2768,2795,0
20120604,5.2768,5.2768,5.0456,5.0456,659,0
20120605,5.0624,5.0624,4.7328,4.7621,3471,0
20120606,4.7621,4.7621,4.6962,4.6962,578,0
20120608,4.8985,4.8985,4.8985,4.8985,463,0
20120611,4.8985,4.9195,4.8985,4.8985,572,0
20120612,4.9055,4.9965,4.9055,4.9965,980,0
20120613,4.9965,4.9965,4.7653,4.8354,3004,0
20120614,4.8354,4.8354,4.7653,4.7653,1227,0
20120615,4.7695,4.828,4.7621,4.828,919,0
20120618,4.8284,4.8985,4.7653,4.7653,852,0
20120619,4.8634,4.8634,4.8634,4.8634,572,0
20120620,4.8634,4.8634,4.8634,4.8634,560,0
20120621,4.7653,4.7653,4.7373,4.7373,1035,0
20120622,4.7401,4.7401,4.7108,4.7401,972,0
20120625,4.7373,4.7443,4.7373,4.7373,605,0
20120626,4.7373,4.7443,4.6952,4.6952,664,0
20120627,4.6962,4.828,4.6889,4.6962,2167,0
20120628,4.7474,4.828,4.6302,4.7987,1394,0
20120629,4.7987,5.2236,4.7987,5.2236,2358,0
20120702,5.0479,5.0479,4.8574,4.8574,1441,0
20120703,4.9453,4.9453,4.8354,4.8354,641,0
20120704,4.8354,4.8354,4.8354,4.8354,525,0
20120705,4.8354,4.8354,4.6229,4.6229,12099,0
20120709,4.7987,4.7987,4.6157,4.6157,2662,0
20120710,4.6157,4.6157,4.3226,4.3226,4693,0
20120711,4.3884,4.3884,4.0294,4.0294,3255,0
20120712,4.066,4.066,3.6266,3.6998,4478,0
20120713,3.6632,3.8096,3.5899,3.8096,663,0
20120716,3.8096,3.8096,3.8096,3.8096,129,0
20120717,3.8096,3.8096,3.8096,3.8096,136,0
20120719,3.8096,3.8096,3.8096,3.8096,135,0
20120720,3.8096,4.1027,3.8096,4.1027,4178,0
20120723,4.1027,4.3298,4.1027,4.2859,941,0
20120724,4.3298,4.7108,4.3298,4.6157,3076,0
20120725,4.6889,4.9086,4.6889,4.9086,2163,0
20120726,4.9233,5.0332,4.9233,5.0332,3361,0
20120727,5.0185,5.1284,5.0185,5.1212,1470,0
20120730,5.1064,5.4141,4.9818,5.4141,4460,0
20120731,5.4141,5.5681,5.3482,5.546,2316,0
20120801,5.546,5.5533,5.3702,5.3702,1896,0
20120802,5.3702,5.4581,5.3702,5.4581,622,0
20120803,5.4947,5.6047,5.2749,5.3482,2690,0
20120806,5.3263,5.3263,5.2676,5.2749,246,0
20120807,5.3115,5.3115,4.9746,4.9746,8284,0
20120808,4.9746,5.1212,4.7621,4.9086,5461,0
20120809,4.9013,4.9013,4.7547,4.8646,3406,0
20120810,4.9013,4.9013,4.7621,4.894,1674,0
20120813,4.9013,4.9013,4.894,4.9013,1186,0
20120814,4.8354,5.2749,4.6157,5.2749,6143,0
20120816,5.2749,5.3042,5.0551,5.1944,7717,0
20120817,5.1944,5.3409,5.1944,5.2017,3153,0
20120820,5.2017,5.4947,5.1212,5.1212,4119,0
20120821,5.1284,5.1284,4.9818,5.0991,7919,0
20120822,5.1358,5.2017,5.0185,5.2017,1948,0
20120823,5.2017,5.253,5.165,5.2163,2148,0
20120824,5.2749,5.2749,5.0624,5.1284,4614,0
20120827,5.1284,5.1578,4.9599,5.0551,2015,0
20120828,5.1284,5.2749,5.1284,5.2749,1744,0
20120829,5.253,5.3629,5.1284,5.1284,800,0
20120830,5.231,5.3335,5.2236,5.3042,1912,0
20120831,5.3335,5.48,5.3335,5.4288,1962,0
20120903,5.4288,5.4874,5.3848,5.4874,1974,0
20120904,5.4947,5.6193,5.4947,5.5607,2361,0
20120905,5.5607,6.7183,5.5607,6.22,8265,0
20120906,6.7402,6.894,6.2347,6.2347,4472,0
20120907,6.2347,6.8501,6.2347,6.5937,4312,0
20120910,6.5937,7.253,6.4985,6.7695,7586,0
20120911,6.7402,6.7549,6.7402,6.7549,1963,0
20120912,6.7036,6.7036,6.4911,6.4911,748,0
20120913,6.4911,6.4911,5.8684,6.1541,3601,0
20120914,5.9416,6.4545,5.9416,6.2054,4838,0
20120917,6.2054,6.2054,6.1541,6.1541,2446,0
20120918,6.1541,6.5351,6.1468,6.5351,2263,0
20120919,6.5351,6.5351,6.4104,6.5204,1604,0
20120920,6.5204,6.7328,6.4252,6.4252,4020,0
20120921,6.4252,6.6669,6.4252,6.4471,4132,0
20120924,6.4471,6.4471,6.3079,6.3739,2871,0
20120925,6.3739,6.6816,6.3739,6.4399,2940,0
20120926,6.4399,6.4838,6.4399,6.4399,1775,0
20120927,6.4399,6.4399,6.286,6.286,1234,0
20120928,6.3079,6.3666,6.3079,6.3666,36,0
20121001,6.3739,6.4104,6.3739,6.3739,2447,0
20121002,6.3739,6.4471,6.2273,6.264,2853,0
20121003,6.264,6.3372,5.6852,5.8244,7230,0
20121004,5.8244,5.8976,5.8244,5.8244,1589,0
20121005,5.7512,5.7512,5.4947,5.678,5401,0
20121008,5.678,5.8611,5.6559,5.7878,2902,0
20121009,5.7878,6.0002,5.7145,5.7878,3032,0
20121010,5.7878,6.3593,5.7878,5.8611,4171,0
20121011,5.8611,6.0443,5.8611,6.0443,1541,0
20121012,6.0735,6.2273,5.9343,6.132,3333,0
20121015,6.132,6.132,6.0443,6.0443,2452,0
20121016,6.0002,6.0002,6.0002,6.0002,408,0
20121017,6.0002,6.1761,6.0002,6.1761,1131,0
20121018,6.1908,6.3372,6.1908,6.3226,1442,0
20121019,6.3226,6.4104,6.3152,6.4104,1424,0
20121022,6.4104,6.7549,6.4104,6.4471,2652,0
20121023,6.3739,6.6669,6.3739,6.6669,129,0
20121024,6.7255,6.7255,6.6889,6.6963,1407,0
20121025,6.6963,6.7549,6.6963,6.7475,1774,0
20121026,6.7549,7.2164,6.7549,7.2164,3006,0
20121029,7.2164,7.6931,7.2164,7.2238,1703,0
20121030,7.2238,7.3263,7.2238,7.3263,1520,0
20121031,7.2384,7.2384,7.2091,7.2091,1522,0
20121102,7.3187,7.4287,7.3187,7.4287,1337,0
20121105,7.4287,7.4287,7.4287,7.4287,1294,0
20121106,7.4073,7.4073,7.253,7.253,1117,0
20121107,7.3118,7.3118,7.2675,7.2897,1024,0
20121108,7.2821,7.2821,7.2821,7.2821,954,0
20121109,7.3042,7.3118,7.3042,7.3118,861,0
20121112,7.3118,7.3118,7.2607,7.2897,810,0
20121113,7.2897,7.3996,7.253,7.3996,1843,0
20121114,7.4287,7.4287,7.1431,7.1431,2275,0
20121115,7.1431,7.253,7.1431,7.2164,764,0
20121116,7.2164,7.253,7.2164,7.2164,789,0
20121119,7.2164,7.3263,7.2164,7.2897,1123,0
20121120,7.2897,7.3263,7.1798,7.1798,1076,0
20121121,7.1798,7.2384,7.1798,7.1871,746,0
20121122,7.2311,7.2311,7.2311,7.2311,761,0
20121123,7.2238,7.2752,7.2238,7.2311,718,0
20121126,7.2311,7.2384,7.2311,7.2311,1340,0
20121127,7.2311,7.3263,7.2311,7.2311,1748,0
20121128,7.2675,7.2675,7.1431,7.1431,758,0
20121129,7.2607,7.2675,6.982,6.982,930,0
20121130,7.0625,7.1798,7.0625,7.1798,582,0
20121203,7.1798,7.1798,7.1798,7.1798,68,0
20121204,7.1798,7.1798,7.1505,7.1505,40,0
20121205,7.1798,7.1798,7.1798,7.1798,53,0
20121206,7.1798,7.1798,7.1724,7.1798,287,0
20121207,7.1651,7.1798,7.1651,7.1798,42,0
20121210,7.253,7.253,6.9893,6.9893,1181,0
20121211,7.0334,7.0334,7.0334,7.0334,35,0
20121212,7.0334,7.0334,7.0334,7.0334,35,0
20121213,7.0334,7.0334,7.0334,7.0334,13,0
20121214,7.0334,7.0334,6.8281,6.8281,82,0
20121217,6.96,6.96,6.96,6.96,13,0
20121218,6.96,6.96,6.8281,6.8281,28,0
20121219,6.8281,6.8281,6.6889,6.6889,40,0
20121220,6.7255,6.8208,6.7255,6.8208,13,0
20121221,6.8208,6.8208,6.8208,6.8208,6,0
20121227,6.8208,7.4363,6.8135,7.3263,2532,0
20121228,7.3996,8.0584,7.3187,7.8975,1937,0
20130102,7.7073,8.2052,7.7073,7.8178,2514,0
20130103,7.9488,8.1318,7.9488,8.1318,14,0
20130104,8.1318,8.1318,8.1318,8.1318,81,0
20130107,8.2275,8.2275,7.4141,8.2203,1427,0
20130108,8.2203,8.2203,7.9851,8.0151,193,0
20130109,8.0584,8.0584,7.6269,7.6269,956,0
20130110,7.656,7.656,7.5163,7.5163,13,0
20130111,7.5463,7.5463,7.5463,7.5463,13,0
20130114,7.6197,7.6197,7.6118,7.6118,1277,0
20130115,7.6197,7.6197,7.3996,7.3996,1086,0
20130116,7.3996,7.3996,7.3263,7.3996,62,0
20130117,7.392,7.3996,7.1431,7.1431,1114,0
20130118,7.1431,7.1431,6.9234,7.0334,633,0
20130121,7.0845,7.0845,7.0334,7.0334,124,0
20130122,6.96,7.0552,6.96,7.0552,22,0
20130123,7.0845,7.1945,7.0845,7.1431,963,0
20130124,7.1431,7.1431,7.1431,7.1431,22,0
20130125,7.1431,7.1431,7.1066,7.1431,50,0
20130128,7.1358,7.7665,6.8867,7.7665,2438,0
20130129,7.9124,8.0663,7.8178,7.9851,3694,0
20130130,7.9851,8.0584,7.3996,7.9488,8017,0
20130131,8.0372,8.0372,8.0222,8.0222,13,0
20130201,8.0222,8.0222,7.6197,7.7294,736,0
20130204,7.7294,7.7294,7.7294,7.7294,6,0
20130205,7.7294,7.7294,7.6197,7.6197,13,0
20130206,7.6931,7.7294,7.6118,7.7144,149559,0
20130207,7.7144,7.7294,7.6931,7.7223,22,0
20130208,7.7294,7.7294,7.6197,7.6197,22,0
20130211,7.6197,7.8399,7.6118,7.8399,406,0
20130212,7.8399,7.8399,7.8399,7.8399,3,0
20130213,7.8399,7.8399,7.8399,7.8399,254,0
20130214,7.8612,7.9054,7.8612,7.9054,107,0
20130215,7.8975,7.8975,7.7144,7.7144,28,0
20130218,7.5463,7.5463,7.5463,7.5463,22,0
20130219,7.5463,7.5463,7.5463,7.5463,13,0
20130220,7.5463,7.5463,7.5463,7.5463,6,0
20130221,7.5384,7.5463,7.5384,7.5463,23,0
20130222,7.6197,7.656,7.6197,7.656,224,0
20130225,7.6931,7.6931,7.5463,7.5463,28,0
20130226,7.6931,7.6931,7.6197,7.6197,132,0
20130227,7.6931,7.6931,7.6931,7.6931,40,0
20130228,7.6907,7.6907,7.6907,7.6907,40,0
20130301,7.6931,7.7294,7.6931,7.7294,280,0
20130304,7.7294,7.7294,7.7294,7.7294,6,0
20130305,7.7294,7.7294,7.6197,7.6197,47,0
20130306,6.9967,7.2821,6.9967,7.2821,1078,0
20130307,6.9527,7.2675,6.9527,7.1798,304,0
20130308,7.2752,7.2752,7.0699,7.2311,79,0
20130311,7.2238,7.2238,7.2091,7.2091,40,0
20130312,7.2018,7.2091,6.9454,7.2091,2601,0
20130313,7.2018,7.2091,6.982,6.982,1168,0
20130314,6.96,7.1431,6.96,7.1431,725,0
20130315,7.1358,7.1358,7.1285,7.1358,307,0
20130318,7.1285,7.1358,7.1285,7.1358,28,0
20130319,7.1285,7.1358,7.1285,7.1358,40,0
20130320,7.1358,7.1358,7.1358,7.1358,28,0
20130321,7.1358,7.1358,6.8501,7.1358,260,0
20130322,7.1358,7.1358,7.1358,7.1358,28,0
20130325,7.1212,7.1212,6.8574,6.8574,206,0
20130326,6.8281,7.0039,6.8281,6.894,229,0
20130327,6.96,7.0772,6.96,7.0772,14,0
20130328,7.1139,7.7665,6.9527,7.7665,2572,0
20130402,7.7586,7.7665,7.7586,7.7665,55,0
20130403,7.8028,7.8028,7.7073,7.7073,29,0
20130404,7.6931,7.6931,7.2384,7.3263,1166,0
20130405,7.392,7.392,7.2164,7.3187,37,0
20130408,7.3187,7.3263,7.0845,7.3263,1414,0
20130409,7.3263,7.3263,7.3263,7.3263,13,0
20130410,7.2607,7.2675,7.2384,7.2675,44,0
20130411,7.1798,7.1798,7.1798,7.1798,6,0
20130412,7.2456,7.2456,7.1285,7.1285,35,0
20130415,7.1212,7.253,7.1212,7.253,34,0
20130417,7.2553,7.2553,7.2553,7.2553,22,0
20130418,7.253,7.253,6.9234,6.9234,1169,0
20130419,6.9234,6.96,6.9234,6.96,24,0
20130422,6.96,6.96,6.96,6.96,8,0
20130423,6.9527,6.96,6.8501,6.96,39,0
20130424,6.9454,6.96,6.9454,6.96,23,0
20130425,6.9527,6.96,6.9527,6.96,23,0
20130426,6.9499,6.9651,6.9499,6.9651,23,0
20130429,6.9527,7.6197,6.9527,7.6197,2629,0
20130430,7.5455,8.004,7.2782,7.9195,3460,0
20130506,7.8399,7.8399,7.6197,7.6197,1018,0
20130507,7.6221,7.6221,7.492,7.492,23,0
20130508,7.4692,7.4692,7.4692,7.4692,28,0
20130509,7.5077,7.5077,7.5077,7.5077,28,0
20130510,7.5077,7.5535,7.5077,7.5305,19145,0
20130513,7.5305,7.5305,7.5305,7.5305,6,0
20130514,7.5077,7.5077,7.4997,7.5077,213,0
20130515,7.5077,7.7673,7.24,7.7673,1353,0
20130517,7.6907,7.7744,7.6907,7.6907,2161,0
20130520,7.8202,7.9195,7.8202,7.9195,14,0
20130521,7.9195,8.256,7.9195,8.256,317,0
20130522,8.2482,8.2482,8.1184,8.1184,30,0
20130523,8.1184,8.1184,8.1105,8.1105,29,0
20130524,8.1184,8.1184,7.7902,7.8967,483,0
20130528,7.8659,7.8967,7.8051,7.8051,22,0
20130529,7.8051,7.8051,7.8051,7.8051,18,0
20130531,7.8051,8.4005,7.7137,8.4005,1812,0
20130603,8.706,8.706,8.706,8.706,39,0
20130604,8.6688,8.6688,8.6688,8.6688,18,0
20130605,8.6688,8.6688,8.6688,8.6688,18,0
20130607,8.6602,8.6602,8.6602,8.6602,6,0
20130617,8.706,8.706,8.706,8.706,187,0
20130618,8.8592,8.8592,8.2482,8.3244,2551,0
20130620,8.4005,8.6602,8.4005,8.6602,47,0
20130621,8.5079,8.5079,8.5079,8.5079,91,0
20130624,8.5079,8.5079,8.5079,8.5079,52,0
20130625,8.5079,8.5079,8.5079,8.5079,13,0
20130626,8.3703,8.5001,8.3703,8.5001,40,0
20130627,8.5079,8.5079,8.5079,8.5079,6,0
20130628,8.5079,8.8211,8.5001,8.8211,1901,0
20130701,8.8211,8.8211,8.8211,8.8211,6,0
20130702,8.8592,8.8592,8.8592,8.8592,23,0
20130703,8.8592,8.8592,8.8592,8.8592,2,0
20130704,8.8592,8.8592,8.8592,8.8592,18,0
20130705,8.8592,8.8592,8.8592,8.8592,22,0
20130708,8.8514,8.8514,8.8514,8.8514,9,0
20130709,8.8826,8.8826,8.8748,8.8748,15,0
20130710,8.8592,8.8592,8.4776,8.7831,391,0
20130711,8.6688,8.6688,8.6455,8.6455,5,0
20130712,8.706,8.706,8.4005,8.4005,23,0
20130715,8.6152,8.6152,8.5156,8.5156,28,0
20130716,8.5771,8.5771,8.5771,8.5771,2,0
20130717,8.5771,8.5771,8.5771,8.5771,2,0
20130718,8.5771,8.5771,8.5693,8.5693,39,0
20130719,8.5693,8.6152,8.5693,8.6152,6,0
20130722,8.5918,8.6152,8.5304,8.6152,52,0
20130723,8.6152,8.6152,8.6152,8.6152,18,0
20130724,8.6152,8.6152,8.6152,8.6152,18,0
20130725,8.6152,8.6152,8.6152,8.6152,18,0
20130726,8.6152,8.6152,8.6152,8.6152,13,0
20130729,8.6152,8.6152,8.6152,8.6152,13,0
20130730,8.6152,9.0885,8.6065,9.0885,1991,0
20130731,8.6602,9.546,8.5156,9.546,4032,0
20130801,9.546,9.546,9.546,9.546,6,0
20130802,9.546,9.546,9.546,9.546,13,0
20130805,9.531,9.6,9.531,9.6,40,0
20130806,9.592,9.592,9.546,9.546,39,0
20130807,9.622,9.622,9.622,9.622,27,0
20130808,9.546,9.546,9.516,9.546,113,0
20130809,9.546,9.546,9.546,9.546,18,0
20130812,9.546,9.546,9.546,9.546,18,0
20130813,9.546,9.546,9.546,9.546,18,0
20130814,9.546,9.546,9.546,9.546,18,0
20130816,9.508,9.508,9.508,9.508,18,0
20130819,9.508,9.508,9.501,9.501,39,0
20130820,9.508,9.508,9.508,9.508,18,0
20130821,9.508,9.508,9.508,9.508,14,0
20130822,9.508,9.508,9.508,9.508,18,0
20130823,9.508,9.508,9.508,9.508,18,0
20130826,9.4927,9.4927,9.4927,9.4927,18,0
20130827,9.4312,9.4312,9.1188,9.2564,670,0
20130828,9.2486,9.508,9.2417,9.508,943,0
20130829,9.508,9.508,9.501,9.508,7987,0
20130830,9.508,9.852,9.501,9.852,4458,0
20130902,9.921,9.921,9.921,9.921,9,0
20130903,9.814,9.814,9.356,9.546,272,0
20130904,9.546,9.592,9.4702,9.4702,417,0
20130905,9.516,9.516,9.394,9.4702,38,0
20130906,9.394,9.394,9.317,9.317,27,0
20130909,9.3101,9.4702,9.3101,9.4702,40,0
20130910,9.394,9.394,9.394,9.394,6,0
20130911,9.317,9.317,9.317,9.317,23,0
20130912,9.2789,9.2789,9.2028,9.2028,27,0
20130913,9.2028,9.2711,9.2028,9.2711,14,0
20130916,9.2711,9.2711,9.2711,9.2711,18,0
20130917,9.2253,9.2253,9.2253,9.2253,18,0
20130918,9.1647,9.1647,9.1647,9.1647,18,0
20130919,9.1344,9.1344,8.989,8.989,326,0
20130920,9.0505,9.0505,8.8289,8.8289,930,0
20130923,9.0505,9.0808,8.9051,8.9051,872,0
20130924,8.9051,8.9051,8.8973,8.8973,262,0
20130925,8.9051,8.9051,8.8973,8.8973,44,0
20130926,8.8973,8.9354,8.2707,8.6299,1887,0
20130927,8.7831,8.7831,8.7831,8.7831,262,0
20130930,8.7831,9.1647,8.7138,9.1647,1552,0
20131001,9.0808,9.1569,9.0574,9.0574,80,0
20131002,9.0574,9.0574,9.0574,9.0574,18,0
20131003,9.0505,9.0505,8.9509,8.9509,27,0
20131004,8.9509,8.9509,8.9509,8.9509,18,0
20131007,8.9509,8.9509,8.9509,8.9509,14,0
20131008,8.9509,8.9509,8.9509,8.9509,18,0
20131009,8.9509,8.9509,8.9509,8.9509,13,0
20131010,8.9509,9.699,8.7138,9.699,748,0
20131011,9.699,9.699,9.1716,9.394,2161,0
20131014,9.4018,9.4018,9.394,9.4018,45,0
20131015,9.394,9.394,9.394,9.394,18,0
20131016,9.394,9.394,9.394,9.394,13,0
20131017,9.394,9.394,9.394,9.394,13,0
20131018,9.394,9.394,9.394,9.394,13,0
20131021,9.394,9.394,9.394,9.394,13,0
20131022,8.9579,9.2564,8.9579,9.2564,225,0
20131029,9.2417,9.2564,9.2417,9.2564,35,0
20131030,9.2417,9.2564,9.2417,9.2564,35,0
20131031,9.2417,9.2417,9.2417,9.2417,14,0
20131104,9.2417,9.2417,9.2417,9.2417,13,0
20131105,9.2417,9.2417,9.2417,9.2417,13,0
20131106,9.2789,9.2789,9.2789,9.2789,14,0
20131108,9.317,9.317,9.317,9.317,14,0
20131112,9.3023,9.3404,9.3023,9.3404,47,0
20131118,9.3248,9.3404,9.3248,9.3404,18,0
20131119,9.3326,9.3404,9.3326,9.3404,22,0
20131125,9.356,9.546,9.356,9.546,1840,0
20131126,9.501,9.546,9.501,9.546,53,0
20131127,9.913,9.913,9.913,9.913,409,0
20131128,9.79,10.768,9.783,10.768,4116,0
20131129,10.692,10.692,10.31,10.448,5986,0
20131203,10.448,10.501,10.448,10.501,22,0
20131205,10.501,10.501,10.043,10.135,831,0
20131206,10.143,10.143,10.143,10.143,6,0
20131213,9.975,10.081,9.975,10.081,92,0
20131216,9.975,9.975,9.975,9.975,79,0
20131217,10.043,10.081,10.043,10.081,14,0
20131218,10.081,10.081,10.081,10.081,6,0
20131220,9.975,10.081,9.975,10.081,28,0
20131223,10.043,10.157,10.043,10.157,37,0
20131230,10.684,10.684,10.684,10.684,262,0
20140102,10.684,10.684,10.616,10.684,51,0
20140103,10.684,10.684,10.616,10.616,36,0
20140107,10.669,10.669,10.669,10.669,18,0
20140108,10.669,10.669,10.669,10.669,18,0
20140109,10.669,10.669,10.669,10.669,18,0
20140110,10.654,10.654,10.654,10.654,18,0
20140113,10.654,10.654,10.654,10.654,18,0
20140114,10.654,10.654,10.654,10.654,18,0
20140115,10.654,10.654,10.654,10.654,18,0
20140116,10.654,10.654,10.654,10.654,18,0
20140117,10.654,10.654,10.646,10.646,786,0
20140120,10.669,10.669,10.669,10.669,18,0
20140121,10.669,10.669,10.669,10.669,16,0
20140122,10.669,10.669,10.669,10.669,17,0
20140123,10.677,10.677,10.677,10.677,6,0
20140127,10.677,10.677,10.677,10.677,6,0
20140129,10.677,10.692,10.677,10.692,8,0
20140131,10.684,10.692,10.684,10.692,14,0
20140205,10.73,10.73,10.73,10.73,6,0
20140206,10.761,10.768,10.761,10.768,35,0
20140207,10.768,10.768,10.768,10.768,27,0
20140210,10.768,10.768,10.768,10.768,27,0
20140211,10.768,10.768,10.768,10.768,34,0
20140212,10.768,10.768,10.692,10.692,39,0
20140213,10.692,10.692,9.622,9.622,988,0
20140214,9.622,9.898,9.622,9.898,238,0
20140217,9.898,9.898,9.3023,9.508,1883,0
20140218,9.508,9.508,9.508,9.508,1309,0
20140219,9.508,9.508,9.1647,9.1647,1392,0
20140220,9.1881,9.2789,9.1881,9.2789,28,0
20140224,9.2789,9.3785,9.2789,9.3785,250,0
20140225,9.394,9.394,9.394,9.394,15,0
20140226,9.3854,9.3854,9.3854,9.3854,9,0
20140227,9.3854,9.4312,9.3854,9.4312,12,0
20140303,9.3404,9.3404,9.0505,9.0505,254,0
20140304,9.0505,9.1647,9.0505,9.1647,22,0
20140306,9.0885,9.0885,8.8133,8.8133,982,0
20140307,8.7831,8.7831,8.7831,8.7831,16,0
20140310,8.7831,8.7831,8.7831,8.7831,13,0
20140311,8.7831,8.7831,8.7831,8.7831,13,0
20140312,8.7831,8.7831,8.7831,8.7831,13,0
20140313,8.7831,8.7831,8.3633,8.3633,971,0
20140318,8.3469,8.3469,7.7515,7.7902,2059,0
20140319,7.7365,7.7365,7.6292,7.6371,307,0
20140320,7.6371,7.6371,7.6371,7.6371,17,0
20140321,7.6371,7.6371,7.5763,7.5763,18,0
20140324,7.5763,7.5763,7.5763,7.5763,1,0
20140325,7.5763,7.5763,7.5763,7.5763,2,0
20140326,7.5763,7.5763,7.5763,7.5763,3,0
20140327,7.5763,7.5763,7.5763,7.5763,2,0
20140328,7.5763,7.5763,7.5763,7.5763,2,0
20140331,7.5763,7.6292,7.5227,7.6292,36,0
20140401,7.4844,7.4844,7.2553,7.2553,1137,0
20140402,7.3088,7.3088,7.3088,7.3088,2,0
20140408,7.2553,7.2553,6.5679,6.8658,3446,0
20140409,6.8658,6.988,6.5679,6.8658,840,0
20140410,6.8581,6.8581,6.5679,6.6062,222,0
20140411,6.5985,6.8658,6.5298,6.5298,76,0
20140414,6.5832,6.6444,6.5145,6.5832,35,0
20140415,6.5832,6.7055,6.5832,6.7055,18,0
20140416,6.7055,6.7589,6.7055,6.7589,12,0
20140417,6.7513,6.7513,6.7513,6.7513,18,0
20140422,6.7436,6.7436,6.4916,6.6367,314,0
20140423,6.7207,6.988,6.7207,6.988,28,0
20140424,6.9421,6.9804,6.9421,6.9804,205,0
20140425,6.9957,6.9957,6.904,6.904,573,0
20140428,6.988,6.988,6.8734,6.8734,15,0
20140429,6.9727,6.9727,6.8734,6.8734,16,0
20140430,6.8506,6.8506,6.8506,6.8506,14,0
20140502,6.8353,6.8353,6.8353,6.8353,14,0
20140505,6.8581,6.8581,6.8581,6.8581,14,0
20140507,6.8276,6.8276,6.8276,6.8276,14,0
20140508,6.8276,6.8276,6.8276,6.8276,13,0
20140512,6.7894,6.7894,6.7894,6.7894,16,0
20140513,6.7894,7.4081,6.7819,7.4081,290,0
20140514,7.5227,7.5227,7.5227,7.5227,15,0
20140515,7.5227,7.5227,7.1178,7.1789,251,0
20140516,7.1178,7.1178,7.1178,7.1178,5,0
20140521,7.1178,7.1178,7.1178,7.1178,6,0
20140526,7.1257,7.2598,7.1257,7.2598,14,0
20140529,7.1889,7.1889,7.1889,7.1889,18,0
20140530,7.1889,7.2205,6.8417,7.2205,81,0
20140602,7.1021,7.1021,6.4865,6.6681,1219,0
20140603,6.6681,6.6681,6.4865,6.6049,1773,0
20140604,6.5418,6.5418,5.9026,6.1551,744,0
20140605,6.0841,6.092,6.0841,6.0841,89,0
20140609,6.092,6.1551,6.0841,6.1551,80,0
20140610,6.1551,6.1551,6.1551,6.1551,13,0
20140616,6.1551,6.1551,6.1551,6.1551,14,0
20140617,6.2814,6.2814,6.2341,6.2341,35,0
20140618,6.2341,6.7549,6.2341,6.5891,131,0
20140620,6.5813,6.6681,6.2341,6.6681,305,0
20140623,6.597,6.597,6.3129,6.3129,29,0
20140624,6.3761,6.5733,5.9184,5.9184,83,0
20140625,5.9973,5.9973,5.8789,5.8789,17,0
20140626,5.9894,6.0446,5.9894,6.0368,31,0
20140627,6.0368,6.2734,5.7605,5.7605,99,0
20140630,5.7605,5.9105,5.2871,5.2871,69,0
20140701,5.2871,5.6817,5.2792,5.2871,291,0
20140702,5.4133,5.4133,5.1293,5.1529,278,0
20140708,5.1529,5.2082,5.1529,5.2082,5,0
20140709,5.2318,5.2792,5.2318,5.2792,3,0
20140714,5.2792,5.2792,5.2792,5.2792,3,0
20140715,5.2792,5.2792,5.2792,5.2792,6,0
20140716,5.2792,5.2792,5.2792,5.2792,31,0
20140717,5.2792,5.2792,5.2082,5.2082,1228,0
20140721,5.2476,5.2476,5.1688,5.1688,114,0
20140725,5.1293,5.1293,5.1056,5.1056,254,0
20140728,5.1293,5.1293,5.1293,5.1293,13,0
20140729,5.1293,5.1293,5.1293,5.1293,13,0
20140730,5.1293,5.1293,5.0109,5.0109,171,0
20140731,5.0504,5.0504,5.0504,5.0504,141,0
20140801,5.0504,5.0504,5.0504,5.0504,14,0
20140804,5.0504,5.0504,5.0504,5.0504,22,0
20140805,5.0504,5.0504,5.0504,5.0504,14,0
20140806,5.0504,5.0582,5.0504,5.0504,209,0
20140807,5.0504,5.0504,5.0504,5.0504,633,0
20140819,5.0504,5.0504,5.0504,5.0504,300,0
20140820,5.0504,5.0504,5.0504,5.0504,31,0
20140821,5.0504,5.0504,5.0504,5.0504,18,0
20140822,5.0504,5.0504,5.0504,5.0504,2,0
20140825,5.0504,5.0661,5.0504,5.0661,25,0
20140826,5.0504,5.0504,5.0504,5.0504,25,0
20140827,5.0504,5.4133,5.0504,5.4133,37,0
20140828,5.2871,5.2871,5.0504,5.0504,183,0
20140829,5.0504,5.0504,5.0504,5.0504,18,0
20140901,5.0582,5.0582,5.0504,5.0504,122,0
20140902,5.0504,5.0504,5.0504,5.0504,18,0
20140903,5.0504,5.0504,5.0504,5.0504,18,0
20140904,5.0504,5.0504,5.0504,5.0504,18,0
20140905,5.0504,5.0504,5.0504,5.0504,18,0
20140908,5.0504,5.0504,5.0504,5.0504,14,0
20140909,5.0504,5.0504,5.0504,5.0504,18,0
20140910,5.0504,5.0504,5.0504,5.0504,15,0
20140911,5.0504,5.0504,5.0504,5.0504,18,0
20140912,5.0504,5.2713,5.0504,5.2318,278,0
20140915,5.2318,5.2318,5.224,5.2318,22,0
20140916,5.2318,5.2318,5.2318,5.2318,14,0
20140917,5.2318,5.2318,5.2318,5.2318,70,0
20140918,5.2318,5.2318,5.2318,5.2318,42,0
20140919,5.2318,5.2318,5.1293,5.1293,75,0
20140922,5.2318,5.2318,5.1293,5.1293,1744,0
20140926,5.1056,5.1056,4.7347,4.7347,3138,0
20140929,4.7268,4.7347,4.2612,4.2612,4084,0
20140930,4.2612,4.3007,4.2612,4.3007,1692,0
20141001,4.3007,4.3007,4.3007,4.3007,14,0
20141002,4.3007,4.3007,4.3007,4.3007,15,0
20141003,4.3007,4.3007,4.2928,4.3007,153,0
20141006,4.3007,4.4112,4.3007,4.4112,76,0
20141009,4.4743,4.4743,4.4743,4.4743,10,0
20141013,4.4585,4.4585,4.4585,4.4585,14,0
20141014,4.5374,4.5374,4.5374,4.5374,16,0
20141015,4.5374,4.5374,4.5374,4.5374,444,0
20141016,4.5374,4.5374,4.4901,4.4901,1156,0
20141017,4.4901,4.4901,4.4901,4.4901,16,0
20141020,4.5374,4.5374,4.5296,4.5296,270,0
20141021,4.5296,4.5374,4.498,4.498,684,0
20141022,4.498,4.498,4.498,4.498,16,0
20141023,4.5374,4.5374,4.5374,4.5374,15,0
20141024,4.5374,4.5374,4.5374,4.5374,16,0
20141027,4.5374,4.5374,4.5374,4.5374,15,0
20141028,4.5769,4.5769,4.3717,4.3717,1762,0
20141029,4.3875,4.3875,4.3717,4.3717,215,0
20141031,4.348,4.348,4.1192,4.1192,2072,0
20141103,4.1824,4.1824,4.1824,4.1824,13,0
20141114,4.1192,4.1192,3.985,3.985,1899,0
20141117,3.985,3.985,3.9772,3.985,285,0
20141118,3.985,3.985,3.7089,3.7089,3085,0
20141119,3.7089,3.7089,3.3774,3.3774,2863,0
20141120,3.4169,3.4169,3.2906,3.2906,4569,0
20141121,3.3537,3.3537,3.2433,3.2433,2465,0
20141124,3.2512,3.2512,3.196,3.196,2284,0
20141125,3.196,3.196,3.1565,3.1565,128,0
20141126,3.1565,3.3143,3.0776,3.3143,9146,0
20141127,3.3301,3.5116,3.2433,3.5116,496,0
20141128,3.6221,3.6694,3.5116,3.63,2727,0
20141201,3.63,3.63,3.63,3.63,6,0
20141202,3.6773,3.9061,3.6773,3.8667,722,0
20141203,3.9456,4.1824,3.9456,4.1113,5709,0
20141204,4.1429,4.1429,4.1429,4.1429,18,0
20141205,4.0245,4.2612,3.9061,4.2612,3577,0
20141208,4.2612,4.2612,3.8667,3.9061,5347,0
20141209,3.9061,3.9929,3.9061,3.9929,391,0
20141210,4.1034,4.1034,3.9456,3.9456,218,0
20141211,3.9456,3.9535,3.9456,3.9456,120,0
20141212,3.9456,4.0403,3.9456,4.0403,209,0
20141215,4.0245,4.0245,4.0245,4.0245,13,0
20141217,4.0245,4.0245,3.9298,3.9298,547,0
20141218,3.985,4.064,3.985,4.064,128,0
20141222,3.914,3.914,3.8904,3.8904,1945,0
20141229,3.8904,3.8904,3.7089,3.7089,2153,0
20141230,3.7089,3.7089,3.7009,3.7089,653,0
20150105,3.7404,3.7404,3.7325,3.7404,284,0
20150107,3.7089,3.7089,3.6694,3.6694,324,0
20150108,3.7089,3.7089,3.6536,3.6694,8836,0
20150109,3.63,3.63,3.5668,3.5747,2788,0
20150113,3.4958,3.4958,3.4011,3.409,2362,0
20150114,3.4011,3.4011,3.4011,3.4011,608,0
20150115,3.4011,3.4011,3.4011,3.4011,253,0
20150116,3.4484,3.48,3.4169,3.4169,58,0
20150119,3.4327,3.4327,3.3537,3.3537,2643,0
20150120,3.3301,3.3301,3.2906,3.2985,5444,0
20150121,3.2985,3.2985,3.2985,3.2985,1426,0
20150122,3.2906,3.2906,3.2906,3.2906,1268,0
20150123,3.2828,3.2828,3.196,3.196,5935,0
20150127,3.188,3.188,3.188,3.188,64,0
20150128,3.196,3.196,3.117,3.1485,4108,0
20150130,3.117,3.117,3.0224,3.0224,2547,0
20150202,3.0302,3.1565,3.0302,3.0697,5978,0
20150203,3.0381,3.0776,2.9986,3.0224,2725,0
20150204,3.0224,3.0224,2.7619,2.7619,14457,0
20150205,2.7698,2.8408,2.7619,2.7619,359,0
20150206,2.825,2.8961,2.825,2.825,76,0
20150209,2.7619,2.7619,2.7619,2.7619,44,0
20150211,2.7619,2.9986,2.7619,2.8645,346,0
20150212,2.8645,3.0697,2.8645,3.0697,1093,0
20150213,3.0933,3.0933,3.0933,3.0933,18,0
20150216,2.8724,3.0933,2.8724,3.0933,225,0
20150217,3.0381,3.1644,3.0302,3.1565,4355,0
20150218,3.2433,3.3301,3.2354,3.3301,720,0
20150219,3.4327,3.5905,3.0617,3.0617,4674,0
20150220,3.0617,3.3537,3.0617,3.3537,2598,0
20150223,3.3932,3.3932,3.3537,3.3537,419,0
20150224,3.3537,3.6773,3.3537,3.3537,841,0
20150225,3.4169,3.4169,3.3932,3.3932,5100,0
20150226,3.3537,3.5432,3.3537,3.3537,2970,0
20150227,3.3143,3.3222,3.1565,3.1565,5063,0
20150302,3.2433,3.2433,3.1722,3.2275,771,0
20150303,3.2275,3.2275,3.196,3.196,142,0
20150304,3.196,3.3853,3.196,3.3853,311,0
20150305,3.3774,3.3774,3.2354,3.2354,209,0
20150311,3.2433,3.2433,3.2433,3.2433,14,0
20150312,3.2433,3.2433,3.2433,3.2433,253,0
20150313,3.1565,3.1644,3.0776,3.0776,1454,0
20150317,3.0854,3.0854,3.0302,3.0302,127,0
20150318,3.0381,3.0381,3.0381,3.0381,395,0
20150320,3.0381,3.0381,3.0381,3.0381,14,0
20150323,3.2354,3.5589,3.2354,3.5589,2779,0
20150324,4.2612,4.6873,4.2612,4.6164,9367,0
20150325,4.5611,4.8925,4.4428,4.4428,8071,0
20150326,4.4428,4.4428,4.2849,4.4349,1072,0
20150327,4.4349,4.8452,4.4349,4.8057,8143,0
20150330,4.853,4.9241,4.8373,4.8373,15361,0
20150331,4.8136,4.932,4.6164,4.6558,1598,0
20150401,4.6637,4.7268,4.6637,4.7268,582,0
20150402,4.7347,4.8215,4.7347,4.8215,266,0
20150407,4.8689,5.1056,4.8689,5.0188,5228,0
20150408,5.0188,5.0188,5.0188,5.0188,3721,0
20150409,5.0188,5.0425,5.0188,5.0425,1374,0
20150410,5.0504,5.4292,5.0504,5.4292,1019,0
20150413,5.4528,5.5712,5.4528,5.516,6857,0
20150414,5.6817,5.6817,5.4765,5.4765,3865,0
20150415,5.4449,5.5238,5.4449,5.5238,1210,0
20150416,5.4449,5.5396,5.4449,5.5396,468,0
20150417,5.5949,5.5949,5.2476,5.3581,5550,0
20150420,5.3976,5.4922,5.3976,5.4922,21,0
20150421,5.5949,5.5949,5.2871,5.2871,1730,0
20150422,5.5633,5.5633,5.2556,5.366,671,0
20150423,5.366,5.366,5.366,5.366,21,0
20150424,5.366,5.579,5.366,5.3739,1004,0
20150427,5.4054,5.4054,5.3897,5.3897,223,0
20150428,5.3897,5.3897,5.366,5.366,655,0
20150429,5.3739,5.3739,5.3739,5.3739,30,0
20150430,5.3739,5.3739,5.3581,5.3739,1432,0
20150504,5.4054,5.579,5.3897,5.3897,1574,0
20150505,5.5949,5.6028,5.5633,5.5949,5623,0
20150506,5.6422,6.0368,5.6106,6.0289,6673,0
20150507,6.021,6.0762,5.9973,6.0762,10471,0
20150508,6.0683,6.2341,6.0368,6.2341,5161,0
20150511,6.3129,6.3997,6.2341,6.2341,9794,0
20150512,6.2341,6.2734,6.1946,6.2734,2814,0
20150513,6.2734,6.2734,6.2419,6.2656,6930,0
20150514,6.2656,6.2656,6.2261,6.2341,2027,0
20150515,6.2341,6.2341,6.1551,6.1551,9415,0
20150518,5.9184,6.1157,5.6896,5.9973,25425,0
20150519,5.4088,5.5386,5.279,5.279,15170,0
20150520,5.279,5.5386,5.279,5.5386,434,0
20150521,5.5386,5.5386,5.5386,5.5386,36,0
20150522,5.5386,5.5386,5.4607,5.4607,40,0
20150525,5.3829,5.3829,5.3829,5.3829,231,0
20150526,5.4434,5.4434,5.305,5.305,35,0
20150527,5.305,5.305,4.9934,4.9934,792,0
20150528,4.9848,4.9848,4.4915,4.5434,1377,0
20150529,4.5001,4.5001,3.903,4.3011,3343,0
20150601,4.3011,4.3011,4.2838,4.3011,370,0
20150602,4.3011,4.3011,4.3011,4.3011,9,0
20150603,4.3011,4.3011,4.3011,4.3011,3,0
20150605,4.3011,4.3011,4.3011,4.3011,3,0
20150608,4.3011,4.3011,4.2838,4.3011,117,0
20150609,4.3011,4.3011,4.3011,4.3011,6,0
20150611,4.3011,4.3011,4.3011,4.3011,2,0
20150612,4.3271,4.3271,4.3097,4.3097,52,0
20150615,4.3097,4.3184,4.3097,4.3097,168,0
20150616,4.3097,4.3097,4.3097,4.3097,5,0
20150617,4.3097,4.3097,4.3097,4.3097,3,0
20150619,4.3963,4.8203,4.3963,4.8203,116,0
20150622,4.7598,4.7598,4.5434,4.5434,177,0
20150623,4.4136,4.5174,4.4136,4.5174,69,0
20150624,4.5001,4.5001,4.2838,4.2838,580,0
20150625,4.2838,4.2838,4.2838,4.2838,17,0
20150626,4.2838,4.2924,4.2838,4.2838,893,0
20150629,4.2838,4.3271,4.2751,4.3271,303,0
20150630,4.3271,4.6126,4.3271,4.6126,248,0
20150701,4.7078,4.8203,4.7078,4.8203,163,0
20150702,4.8203,4.8203,4.8203,4.8203,17,0
20150703,4.8203,4.8203,4.8203,4.8203,34,0
20150706,4.7598,4.7598,4.7511,4.7511,101,0
20150707,4.7165,4.7165,4.7165,4.7165,27,0
20150708,4.7165,4.7165,4.7165,4.7165,17,0
20150709,4.7165,4.7165,4.6905,4.6905,616,0
20150710,4.7165,4.8203,4.7165,4.7165,696,0
20150713,4.7165,4.7165,4.7165,4.7165,29,0
20150714,4.7165,4.7165,4.7165,4.7165,32,0
20150715,4.7165,4.7165,4.7165,4.7165,28,0
20150716,4.7165,4.7944,4.7165,4.7944,392,0
20150717,4.7944,4.803,4.7944,4.7944,876,0
20150720,4.803,4.8463,4.7251,4.7251,898,0
20150721,4.7424,4.7511,4.7251,4.7251,359,0
20150722,4.6732,4.7424,4.6732,4.7338,444,0
20150723,4.7338,4.7338,4.7338,4.7338,35,0
20150724,4.7511,4.7511,4.7511,4.7511,23,0
20150727,4.7598,4.9761,4.7598,4.8723,82,0
20150728,4.8723,4.8723,4.8723,4.8723,29,0
20150729,4.8723,5.028,4.8723,5.028,84,0
20150730,5.0194,5.0194,5.0194,5.0194,1156,0
20150731,5.1059,5.1059,5.1059,5.1059,23,0
20150803,5.0194,5.0194,5.0194,5.0194,23,0
20150804,5.028,5.0973,5.028,5.0973,58,0
20150806,5.1059,5.2617,5.054,5.2011,2607,0
20150810,5.1059,5.1059,5.1059,5.1059,7,0
20150813,5.1059,5.1059,5.1059,5.1059,16,0
20150817,5.0194,5.2184,5.0194,5.2184,99,0
20150820,5.1925,5.1925,5.1925,5.1925,12,0
20150821,5.1319,5.1319,5.1319,5.1319,12,0
20150824,5.0194,5.0194,4.6732,4.6732,2437,0
20150825,4.7165,4.7165,4.7165,4.7165,35,0
20150826,4.7338,4.8463,4.6473,4.8463,953,0
20150827,4.8723,4.8809,4.7338,4.7338,1837,0
20150828,4.6299,4.6299,4.5953,4.5953,1664,0
20150831,4.604,4.6732,4.604,4.6732,347,0
20150901,4.7251,4.7251,4.7251,4.7251,12,0
20150902,4.7165,4.7165,4.7165,4.7165,9,0
20150908,4.6386,4.6386,4.3703,4.4569,1734,0
20150910,4.4569,4.5088,4.4569,4.5088,92,0
20150915,4.5434,4.5434,4.4136,4.4136,462,0
20150916,4.4136,4.4136,4.3271,4.3271,1796,0
20150918,4.3444,4.3444,4.3444,4.3444,2,0
20150921,4.3271,4.3271,4.3271,4.3271,462,0
20150922,4.2924,4.2924,4.2924,4.2924,96,0
20150929,4.2405,4.2405,4.2405,4.2405,24,0
20150930,4.3444,4.3617,4.2578,4.3271,4123,0
20151002,4.2319,4.2319,4.1107,4.1107,575,0
20151005,4.1107,4.1107,3.8597,3.8597,6866,0
20151006,3.8165,3.8165,3.8078,3.8165,433,0
20151007,3.8165,3.8165,3.8078,3.8165,2288,0
20151008,3.7213,3.9203,3.3491,3.9203,1721,0
20151009,3.9376,4.0674,3.6866,3.8943,6530,0
20151012,3.9376,4.0501,3.9376,4.0242,855,0
20151013,3.9809,3.9809,3.9809,3.9809,125,0
20151014,3.9809,3.9895,3.8511,3.8943,2323,0
20151015,3.9203,3.9203,3.8943,3.8943,258,0
20151016,3.8943,3.8943,3.8943,3.8943,248,0
20151019,3.8943,3.8943,3.8943,3.8943,17,0
20151020,3.7213,4.128,3.7213,3.9117,3224,0
20151021,3.8857,3.9203,3.8857,3.9203,139,0
20151023,3.903,3.903,3.7386,3.7386,1520,0
20151026,3.7213,3.7213,3.5568,3.5568,3108,0
20151027,3.5395,3.6607,3.5395,3.6607,422,0
20151028,3.678,3.678,3.678,3.678,12,0
20151029,3.6693,3.7126,3.6693,3.7126,116,0
20151030,3.7213,3.7213,3.7126,3.7213,243,0
20151103,3.7213,3.7213,3.7213,3.7213,17,0
20151104,3.7299,3.8424,3.7299,3.8424,1837,0
20151105,3.8251,3.8424,3.8251,3.8424,129,0
20151109,3.8078,3.8078,3.8078,3.8078,1098,0
20151110,3.9549,3.9722,3.9549,3.9722,300,0
20151113,3.9203,3.9203,3.8857,3.8857,566,0
20151116,3.8857,3.8857,3.8857,3.8857,220,0
20151117,3.8511,3.8511,3.7732,3.7732,2900,0
20151119,3.7732,3.8424,3.7126,3.7213,3004,0
20151120,3.7213,3.7213,3.7213,3.7213,347,0
20151123,3.9203,3.9203,3.7472,3.7472,4634,0
20151125,3.6866,3.6866,3.6001,3.6174,4257,0
20151126,3.6088,3.6088,3.5222,3.5222,4181,0
20151127,3.5395,3.5395,3.5395,3.5395,247,0
20151130,3.5395,3.5395,3.4097,3.4097,2987,0
20151202,3.5136,3.5136,3.4097,3.4097,2201,0
20151204,3.3751,3.3751,3.3664,3.3664,639,0
20151207,3.4184,3.4184,3.4184,3.4184,810,0
20151208,3.4184,3.4184,3.3751,3.3751,2207,0
20151209,3.5395,3.5395,3.2972,3.2972,2606,0
20151210,3.2972,3.3145,3.2972,3.2972,884,0
20151214,3.2972,3.2972,3.202,3.202,429,0
20151215,3.1674,3.1674,3.1501,3.1587,144,0
20151216,3.1155,3.1241,3.0722,3.1155,1979,0
20151217,3.0722,3.0722,2.9078,3.0636,3364,0
20151218,3.0289,3.0289,2.8299,2.8299,2637,0
20151221,2.7607,3.0203,2.4924,2.5789,6298,0
20151222,2.5876,2.7693,2.5789,2.7693,1502,0
20151223,3.0203,3.1155,2.9337,3.1155,2184,0
20151228,3.1155,3.3405,2.8039,2.9424,11437,0
20151229,2.8039,2.8991,2.8039,2.8991,6009,0
20151230,2.8818,2.8905,2.8039,2.8818,6210,0
20160104,2.8991,2.8991,2.8991,2.8991,17,0
20160105,2.8991,3.1068,2.8905,3.1068,711,0
20160107,3.1068,3.1068,3.0982,3.1068,379,0
20160108,3.1068,3.1068,2.9078,2.9078,47,0
20160112,2.8559,2.8559,2.4664,2.4664,2310,0
20160113,2.5962,2.7866,2.5962,2.7866,781,0
20160114,2.7693,2.7693,2.7347,2.7347,2534,0
20160115,2.7693,2.7693,2.7347,2.7347,699,0
20160118,2.7347,2.7347,2.7347,2.7347,92,0
20160119,2.7347,2.8385,2.7347,2.8385,639,0
20160120,2.8385,2.8385,2.8385,2.8385,5,0
20160121,2.8385,2.8385,2.8385,2.8385,5,0
20160122,2.8385,2.8385,2.8385,2.8385,2,0
20160125,2.8385,2.8385,2.8385,2.8385,3,0
20160126,2.8991,2.8991,2.8991,2.8991,2,0
20160127,2.9424,2.9857,2.9424,2.9857,379,0
20160128,3.0289,3.1155,3.0289,3.0376,2109,0
20160129,3.0462,3.1847,3.0116,3.1847,2979,0
20160201,3.1847,3.3318,3.1847,3.2713,266,0
20160202,3.228,3.228,3.1068,3.1068,1428,0
20160203,3.1414,3.1587,3.1155,3.1587,2009,0
20160204,3.1847,3.3405,3.1155,3.1241,4914,0
20160205,3.1674,3.4616,2.9943,3.453,3253,0
20160208,3.4616,3.7213,3.3318,3.3318,4288,0
20160209,3.5482,3.5482,3.4616,3.4616,2324,0
20160210,3.5222,3.678,3.3578,3.4011,6194,0
20160211,3.5049,3.6261,3.5049,3.6261,2266,0
20160212,3.5741,3.678,3.5655,3.678,822,0
20160215,3.7126,3.8165,3.5915,3.5915,6328,0
20160216,3.7386,4.0674,3.7386,4.0674,3624,0
20160217,3.9722,4.2319,3.6174,3.7213,4646,0
20160218,3.6434,4.2232,3.6434,4.2232,6496,0
20160219,4.1453,4.154,3.7992,3.7992,7216,0
20160222,3.8943,3.9809,3.678,3.678,2910,0
20160223,3.678,3.6866,3.6347,3.6347,4015,0
20160224,3.652,3.652,3.6347,3.6347,634,0
20160225,3.6347,3.678,3.6347,3.6347,1722,0
20160226,3.6347,3.6347,3.5482,3.5482,2509,0
20160229,3.6174,3.6174,3.3059,3.3405,5323,0
20160301,3.3924,3.5222,3.3924,3.4011,1850,0
20160302,3.4616,3.4616,3.4616,3.4616,150,0
20160303,3.4616,3.4703,3.4616,3.4703,133,0
20160304,3.4616,3.4703,3.3838,3.3924,2229,0
20160307,3.3924,3.4011,3.3924,3.3924,433,0
20160308,3.4011,3.4184,3.4011,3.4011,377,0
20160309,3.427,3.4616,3.427,3.4616,178,0
20160310,3.4443,3.5482,3.4443,3.5482,1317,0
20160311,3.5655,3.5655,3.5568,3.5655,65,0
20160314,3.5482,3.5482,3.5395,3.5482,4339,0
20160315,3.5482,3.5482,3.4616,3.4616,104,0
20160316,3.5482,3.5482,3.4184,3.479,329,0
20160318,3.453,3.5482,3.453,3.5309,8529,0
20160321,3.5049,4.6473,3.202,4.5694,74561,0
20160322,5.5473,5.9713,5.1838,5.9713,69202,0
20160323,5.4954,5.6079,5.1925,5.2184,17213,0
20160324,5.3915,5.4348,5.1925,5.279,4882,0
20160329,5.1925,5.3136,5.0713,5.1838,4325,0
20160330,5.2357,5.6944,5.1925,5.6684,19355,0
20160331,5.9713,6.0579,5.8156,6.0492,21652,0
20160401,6.4819,6.4819,6.1963,6.3175,20567,0
20160404,6.3954,6.4906,6.3435,6.3435,11974,0
20160405,6.231,6.7502,6.0579,6.231,12900,0
20160406,6.3521,6.6637,6.3175,6.4992,2453,0
20160407,6.4992,6.4992,6.3608,6.3608,1437,0
20160408,6.4127,6.4127,6.1444,6.1444,2334,0
20160411,6.1444,6.2915,6.1444,6.1444,2804,0
20160412,6.1358,6.1358,6.0579,6.0579,5176,0
20160413,6.0406,6.0406,5.8415,5.8415,6315,0
20160414,5.8415,6.1444,5.6511,6.1444,5902,0
20160415,6.1358,6.1444,6.1185,6.1185,1606,0
20160418,6.1185,6.1617,6.0665,6.1531,1741,0
20160419,6.1531,6.1531,6.1271,6.1444,3862,0
20160420,6.1444,6.1617,6.0146,6.0146,2585,0
20160421,6.0579,6.456,6.0579,6.3262,3202,0
20160422,6.3175,6.404,6.3175,6.3435,2568,0
20160425,6.4646,6.4646,6.3608,6.404,1922,0
20160426,6.404,6.43,6.3175,6.3175,5003,0
20160427,6.3521,6.3521,6.231,6.231,1179,0
20160428,6.1531,6.231,6.0665,6.0665,480,0
20160429,5.9713,6.1271,5.9367,6.1271,3229,0
20160502,6.1358,6.1358,6.1271,6.1271,327,0
20160504,6.0579,6.2223,6.0579,6.1444,2875,0
20160505,6.0579,6.0665,6.0579,6.0579,745,0
20160506,6.0579,6.1011,6.0492,6.1011,2219,0
20160509,6.205,6.3608,6.205,6.3608,4797,0
20160510,6.36077,6.7502,6.36077,6.50789,12921,0
20160511,6.62039,6.64635,6.49058,6.64635,6064,0
20160512,6.62904,6.64635,6.43,6.53385,5015,0
20160513,6.24826,6.40404,6.24826,6.32615,10436,0
20160516,6.40404,6.50789,6.32615,6.43,14930,0
20160517,7.36,7.39,6.23,6.77,16388,0
20160518,6.6,6.6,6.01,6.01,11693,0
20160519,6,6.09,5.99,6.09,618,0
20160520,6.05,6.05,5.67,5.85,1609,0
20160523,5.84,5.84,5.37,5.37,2905,0
20160524,5.39,5.4,5.3,5.31,1312,0
20160525,5.31,5.35,5.31,5.35,155,0
20160527,5.32,5.32,5.32,5.32,710,0
20160530,5.33,5.33,5.33,5.33,76,0
20160531,5.4,5.69,5.35,5.69,2840,0
20160601,5.7,5.71,5.43,5.43,647,0
20160602,5.37,5.57,5.37,5.57,465,0
20160603,5.31,5.45,5.31,5.45,510,0
20160606,5.5,5.5,5.31,5.33,652,0
20160607,5.31,5.7,5.31,5.66,2554,0
20160608,5.46,5.5,5.46,5.46,864,0
20160609,5.5,5.5,5.5,5.5,117,0
20160610,5.55,5.55,5.47,5.47,473,0
20160613,5.46,5.46,5.46,5.46,20,0
20160614,5.6,5.6,5.49,5.49,874,0
20160615,5.49,5.49,5.49,5.49,2,0
20160617,5.49,5.49,5.49,5.49,2,0
20160620,5.4,5.4,5.32,5.32,194,0
20160621,5.32,5.39,5.32,5.39,38,0
20160622,5.45,5.45,5.45,5.45,12,0
20160623,5.49,5.49,5.49,5.49,10,0
20160624,5.34,5.34,5.09,5.09,2144,0
20160627,5.09,5.09,5.09,5.09,45,0
20160629,5.03,5.15,5.03,5.15,26,0
20160630,5.27,5.27,5.27,5.27,5,0
20160701,5.29,5.29,5.28,5.29,329,0
20160704,5.31,5.35,5.31,5.32,318,0
20160705,5.32,5.32,5.32,5.32,102,0
20160707,5.32,5.33,5.32,5.32,244,0
20160708,5.4,5.4,5.4,5.4,10,0
20160711,5.39,5.4,5.39,5.4,361,0
20160712,5.4,5.5,5.4,5.5,769,0
20160713,5.5,5.5,5.5,5.5,25,0
20160715,5.59,5.6,5.59,5.6,30,0
20160718,5.6,5.6,5.5,5.55,921,0
20160719,6.46,6.46,6.38,6.38,734,0
20160720,6.23,6.23,5.92,5.97,1808,0
20160722,6.05,6.07,6.05,6.07,200,0
20160725,6.07,6.07,6.07,6.07,163,0
20160726,6.15,6.16,6.15,6.16,338,0
20160727,6.17,6.2,6.17,6.17,481,0
20160728,6.19,6.3,6.18,6.18,1050,0
20160729,6.25,6.25,6.19,6.19,39,0
20160801,6.2,6.2,6.19,6.2,215,0
20160802,6.25,6.25,6.24,6.25,199,0
20160803,6.26,6.26,5.65,5.65,5292,0
20160804,5.65,5.76,5.65,5.76,110,0
20160805,5.9,5.9,5.8,5.8,184,0
20160808,5.76,5.76,5.76,5.76,20,0
20160809,5.84,5.84,5.78,5.78,464,0
20160810,5.78,5.78,5.7,5.7,1203,0
20160811,5.7,5.7,5.7,5.7,38,0
20160812,5.75,5.75,5.55,5.55,53,0
20160816,5.55,5.55,5.5,5.5,161,0
20160817,5.5,5.5,5.5,5.5,10,0
20160818,5.48,5.48,5.36,5.36,360,0
20160819,5.35,5.36,5.35,5.36,50,0
20160822,5.36,5.36,5.35,5.35,115,0
20160823,5.35,5.35,5.35,5.35,25,0
20160824,5.35,5.35,5.35,5.35,15,0
20160825,5.35,5.49,5.35,5.49,220,0
20160826,5.49,5.49,5.48,5.48,18,0
20160829,5.48,5.48,5.35,5.35,218,0
20160830,5.35,5.41,5,5.15,5341,0
20160831,5,5.3,4.9,5.3,2857,0
20160901,5.29,5.29,5.23,5.24,46,0
20160902,5.25,5.25,5.25,5.25,15,0
20160905,5.49,5.49,5.47,5.47,214,0
20160906,5.11,5.2,5.11,5.15,815,0
20160907,5.15,5.15,5.15,5.15,1000,0
20160909,5.12,5.12,5.12,5.12,10,0
20160912,4.61,5.2,4.61,5.2,182,0
20160913,5.07,5.07,4.68,5,5916,0
20160914,5.2,5.54,5.06,5.06,1125,0
20160915,5.08,5.08,5.08,5.08,220,0
20160916,5.08,5.08,5.08,5.08,3,0
20160919,5.08,5.08,5.08,5.08,46,0
20160920,5.08,5.08,5,5,84,0
20160921,5,5.27,4.99,5.14,580,0
20160922,5.14,5.14,5.14,5.14,1,0
20160923,5.05,5.48,5.05,5.34,1622,0
20160926,5.29,5.29,5.29,5.29,3,0
20160929,5.15,5.49,5,5.2,3709,0
20160930,5.19,5.19,5.1,5.1,50,0
20161003,5.1,5.1,5.1,5.1,32,0
20161004,5.1,5.1,5,5,29,0
20161010,5,5,4.98,4.98,1608,0
20161011,4.98,4.98,4.9,4.9,1453,0
20161012,4.99,4.99,4.99,4.99,50,0
20161013,4.99,4.99,4.9,4.9,1772,0
20161014,4.9,4.9,4.9,4.9,10,0
20161017,4.9,4.91,4.9,4.9,233,0
20161018,4.98,4.98,4.98,4.98,14,0
20161019,4.97,4.97,4.8,4.8,332,0
20161020,4.8,4.81,4.8,4.81,50,0
20161021,4.8,4.98,4.8,4.9,1274,0
20161024,5,5,4.9,4.9,25,0
20161025,5,5.09,4.99,5.09,1165,0
20161026,5.1,5.1,5.1,5.1,20,0
20161027,5.1,5.1,5.05,5.05,253,0
20161028,5.1,5.1,5.06,5.06,160,0
20161031,5.06,5.06,5.06,5.06,25,0
20161102,5.06,5.06,5.06,5.06,189,0
20161103,5.1,5.11,5.06,5.06,92,0
20161104,5,5.01,5,5,370,0
20161107,5,5,5,5,13,0
