Date,Open,High,Low,Close,Volume,OpenInt
20071128,5.487,6.2186,5.4797,6.204,175770,0
20071129,6.8039,6.8039,6.2332,6.438,228535,0
20071130,6.438,6.438,6.0063,6.3284,100902,0
20071203,6.438,6.438,6.1454,6.2552,97211,0
20071204,6.438,6.438,5.9991,6.2918,45806,0
20071205,6.321,6.321,5.9991,6.1161,148915,0
20071206,6.1161,6.1235,5.9625,5.9699,54457,0
20071207,5.9991,6.0063,5.9625,5.9699,186593,0
20071210,5.9333,6.2115,5.9259,6.1528,182041,0
20071211,6.2918,6.2918,6.0723,6.0723,27182,0
20071212,5.9259,6.0723,5.9259,5.9991,48253,0
20071213,5.9333,5.9991,5.9333,5.9991,29204,0
20071214,5.9991,5.9991,5.9845,5.9991,77870,0
20071217,5.9991,5.9991,5.9259,5.9918,47265,0
20071218,5.9259,5.9259,5.7065,5.7065,7804,0
20071219,5.7284,5.9259,5.7284,5.9259,11227,0
20071220,5.6918,5.9991,5.6918,5.9991,10406,0
20071221,5.9991,5.9991,5.8528,5.8528,74349,0
20071227,5.8528,5.8528,5.3406,5.4137,33671,0
20071228,5.487,5.8528,5.487,5.8528,7111,0
20080102,6.1309,6.1309,5.8528,5.8674,29102,0
20080103,5.8894,5.8894,5.7797,5.7797,852,0
20080104,5.8454,5.8528,5.7797,5.7797,7553,0
20080107,5.7577,5.7577,5.487,5.4942,2528,0
20080108,5.5236,5.6332,5.487,5.6332,6456,0
20080109,5.487,5.5602,5.3114,5.487,6262,0
20080110,5.3187,5.3187,5.2457,5.3187,11057,0
20080111,5.2968,5.2968,5.1578,5.1578,3565,0
20080114,5.4723,5.4723,5.1212,5.1944,31870,0
20080115,5.3919,5.3919,5.1944,5.3919,8447,0
20080116,5.1944,5.2676,4.9894,5.2676,272862,0
20080117,5.209,5.487,5.1212,5.3114,140341,0
20080118,5.2309,5.4137,5.2309,5.4137,18303,0
20080121,5.487,5.487,5.1066,5.1212,21401,0
20080122,5.1212,5.1944,5.0554,5.1944,23124,0
20080123,5.1944,5.3041,5.0773,5.1066,19012,0
20080124,5.2968,5.2968,5.1723,5.1723,2635,0
20080125,5.187,5.4137,5.187,5.4137,48567,0
20080128,5.2821,5.6332,5.2821,5.5602,936063,0
20080129,5.743,6.0211,5.7065,5.8162,6442,0
20080130,5.904,5.904,5.6332,5.6332,9233,0
20080131,5.8528,5.9114,5.8528,5.8747,51374,0
20080201,5.9845,5.9845,5.7943,5.8454,6206,0
20080204,5.8454,6.0723,5.8454,6.0356,30483,0
20080205,5.9259,6.0723,5.8528,5.8674,17971,0
20080206,5.7138,6.0649,5.7138,6.0649,11113,0
20080207,6.0796,6.0796,6.0723,6.0723,1602,0
20080208,6.0723,6.1381,6.0356,6.1381,1298,0
20080211,6.182,6.2698,6.1454,6.2552,7081,0
20080212,6.2625,7.0161,6.2625,7.0161,34782,0
20080213,7.1916,7.9013,7.1916,7.5721,62055,0
20080214,7.6818,7.9013,7.2428,7.3088,107794,0
20080215,7.2574,8.3403,7.2574,8.1939,361807,0
20080218,8.7719,9.2182,8.5232,8.6695,164611,0
20080219,8.6695,8.7057,8.3182,8.4865,63086,0
20080220,8.2671,8.4135,8.15,8.1572,72152,0
20080221,8.4135,8.4865,8.1572,8.3257,22861,0
20080222,8.3988,8.3988,7.9819,8.1572,11423,0
20080225,8.333,8.333,7.5575,7.6818,57583,0
20080226,7.755,8.0475,7.5721,7.5721,407044,0
20080227,7.499,7.9013,7.499,7.7842,20058,0
20080228,7.8866,7.8866,7.4623,7.499,153569,0
20080229,7.3891,7.4915,7.2939,7.3161,97912,0
20080303,7.1404,7.1404,6.7381,6.9283,71489,0
20080304,6.7674,6.9283,6.7674,6.7747,15201,0
20080305,6.7747,7.2647,6.7747,7.0966,30653,0
20080306,7.1916,7.3014,7.0599,7.2135,16074,0
20080307,6.9501,7.4549,6.8916,7.3161,21171,0
20080310,7.2794,7.6818,7.0673,7.3161,40147,0
20080311,7.3306,7.3306,7.2501,7.2647,21429,0
20080312,7.4185,7.4185,7.2794,7.3161,24845,0
20080313,7.2721,7.3161,7.2063,7.2063,7532,0
20080314,7.3161,7.499,7.1478,7.2647,42596,0
20080317,6.9209,7.1697,6.9209,7.1697,6178,0
20080318,7.1623,7.2501,6.9501,7.1551,15922,0
20080319,7.2428,7.2428,6.9868,7.2063,8822,0
20080320,7.0087,7.1478,7.0087,7.1478,6023,0
20080325,7.3744,7.3744,7.199,7.2721,12667,0
20080326,7.2721,7.2721,7.1697,7.1697,10315,0
20080327,7.1697,7.3161,7.1697,7.2939,29403,0
20080328,7.3161,7.3526,7.1697,7.338,39977,0
20080331,7.338,7.338,7.0966,7.3088,9992,0
20080401,7.3088,7.3088,7.1697,7.1844,9301,0
20080402,7.6818,7.6818,7.2135,7.2939,20578,0
20080403,7.3526,7.3526,7.2428,7.2428,17616,0
20080404,7.5939,7.5939,7.2428,7.3161,12319,0
20080407,7.2428,7.3744,7.2428,7.3014,6980,0
20080408,7.2794,7.2794,7.1697,7.1697,20190,0
20080409,7.1623,7.2428,7.1185,7.1844,12487,0
20080410,7.1551,7.1844,7.1551,7.1697,15873,0
20080411,7.177,7.199,7.0307,7.1697,4586,0
20080414,7.0234,7.133,6.9501,7.133,2078,0
20080415,6.9575,7.0234,6.9501,7.0161,11329,0
20080416,7.0161,7.0234,6.8697,7.0161,6020,0
20080417,7.0161,7.0234,6.9501,7.0161,2706,0
20080418,7.0161,7.0454,6.9501,7.0454,10084,0
20080421,6.8184,7.0234,6.8039,6.9501,8498,0
20080422,6.8184,6.8184,6.5551,6.6576,10258,0
20080423,6.5478,6.5478,5.9991,6.438,26297,0
20080424,6.3649,6.7161,6.3649,6.4015,8794,0
20080425,6.4307,6.5844,6.4307,6.5844,4784,0
20080428,6.7161,6.7161,6.6576,6.7161,23968,0
20080429,6.643,6.9356,6.643,6.9356,18286,0
20080430,6.9868,7.0234,6.9868,7.0161,15559,0
20080505,7.0454,7.8209,7.0454,7.6744,91327,0
20080506,7.7405,7.7405,7.4036,7.5647,190364,0
20080507,7.499,7.5794,7.2428,7.3744,136947,0
20080508,7.3161,7.3819,7.2868,7.3526,2468,0
20080509,7.4111,7.4111,7.1844,7.3161,6829,0
20080512,7.1697,7.3526,7.1623,7.3014,15467,0
20080513,7.2794,7.3088,7.1844,7.2868,15067,0
20080514,7.2794,7.2939,7.2574,7.2939,55057,0
20080515,7.2501,7.2794,7.177,7.2135,17898,0
20080516,7.2063,7.2208,7.0966,7.199,6037,0
20080519,6.9794,7.1697,6.5112,6.8771,27900,0
20080520,6.8771,6.9575,6.7454,6.8771,9073,0
20080521,6.7307,6.8771,6.7307,6.8039,15912,0
20080523,6.8624,6.8624,6.7747,6.8551,426,0
20080526,6.8771,6.8771,6.76,6.76,1718,0
20080527,6.8771,6.8771,6.4528,6.6355,14968,0
20080528,6.7674,6.7674,6.5844,6.7161,6591,0
20080529,6.5844,6.7161,6.5844,6.5844,17045,0
20080530,6.5844,6.7161,6.5844,6.7161,3372,0
20080602,6.7674,6.8184,6.7674,6.7674,105975,0
20080603,6.7161,6.8039,6.7087,6.7307,42124,0
20080604,6.8404,6.8404,6.5844,6.6941,154382,0
20080605,6.8039,6.8039,6.6282,6.7674,224,0
20080606,6.8039,6.8039,6.6868,6.8039,8207,0
20080609,6.8771,6.8771,6.3795,6.5844,4329,0
20080610,6.4015,6.5039,6.2918,6.4893,5333,0
20080611,6.3357,6.5112,6.226,6.2918,5070,0
20080612,6.2186,6.4015,6.1454,6.3649,15530,0
20080613,6.4307,6.4307,6.1161,6.3062,2776,0
20080616,6.3942,6.3942,6.2918,6.3649,7971,0
20080617,6.3576,6.3576,6.2918,6.3284,43860,0
20080618,6.3649,6.3649,6.16,6.2918,13712,0
20080619,6.3649,6.3649,5.9991,6.2918,10603,0
20080620,6.2845,6.2845,6.182,6.277,4008,0
20080623,6.0796,6.0796,5.9625,5.9625,19752,0
20080624,5.8747,5.9991,5.8747,5.9991,105600,0
20080625,5.8894,5.9991,5.8894,5.9991,3712,0
20080626,6.0356,6.0356,5.8894,5.8967,4678,0
20080627,5.6302,5.977,5.6302,5.977,18525,0
20080630,6.0597,6.2709,5.8564,5.8564,9449,0
20080701,6.0372,6.0372,5.6378,5.7056,9018,0
20080702,5.6378,5.7056,5.6302,5.6302,5272,0
20080703,5.6302,5.7811,5.4267,5.5246,6493,0
20080704,5.487,5.6001,5.4116,5.487,2648,0
20080707,5.4267,5.4267,5.2759,5.3287,6080,0
20080708,5.3287,5.3287,5.2759,5.3287,8009,0
20080709,5.3814,5.3814,5.3514,5.3514,823,0
20080710,5.3514,5.3514,5.2006,5.2081,106535,0
20080711,5.2608,5.2608,5.1403,5.1403,3964,0
20080714,5.2759,5.2759,4.6277,4.9895,8988,0
20080715,4.8162,4.8162,4.5223,4.7483,3208,0
20080716,4.4093,4.5223,4.3564,4.5223,62940,0
20080717,4.5223,4.7107,4.3715,4.7107,71349,0
20080718,4.7483,4.7483,4.4318,4.5223,24642,0
20080721,4.7483,4.7483,4.4468,4.4468,20255,0
20080722,4.5223,4.5975,4.5223,4.5975,30153,0
20080723,4.5223,4.5902,4.5223,4.5826,11761,0
20080724,4.5975,4.7483,4.5975,4.6579,15960,0
20080725,4.5223,4.8011,4.5223,4.7107,2799,0
20080728,4.7936,5.1253,4.7107,5.1178,5853,0
20080729,5.0272,5.4267,5.0121,5.4267,6594,0
20080730,5.4568,6.0296,5.4568,6.0296,24832,0
20080731,6.6326,6.6326,6.0296,6.3161,13068,0
20080801,6.3462,6.3462,5.8864,6.2256,12147,0
20080804,6.1051,6.1051,5.1253,5.2006,33204,0
20080805,5.3814,5.6302,5.3738,5.3965,27333,0
20080806,5.5775,5.6378,5.3136,5.3136,24450,0
20080807,5.5699,5.5699,5.2759,5.3514,7512,0
20080808,5.4645,5.4645,5.2006,5.3589,5820,0
20080811,5.3589,5.3589,5.2006,5.3136,2963,0
20080812,5.4192,5.4192,5.3136,5.3814,9047,0
20080813,5.2834,5.389,5.2834,5.389,1374,0
20080814,5.4568,5.4568,5.1253,5.404,4370,0
20080818,5.4267,5.4267,5.2759,5.4192,3627,0
20080819,5.389,5.389,5.2006,5.3439,2835,0
20080820,5.3363,5.3363,5.1253,5.2986,2915,0
20080821,5.2759,5.2759,5.1253,5.2384,619,0
20080822,5.2911,5.2911,5.1403,5.2834,670,0
20080825,5.2986,5.2986,5.0499,5.2384,3971,0
20080826,5.2307,5.2307,5.0573,5.2006,1206,0
20080827,5.1253,5.2157,5.1253,5.2006,1957,0
20080828,5.2608,5.2608,5.2234,5.2384,2191,0
20080829,5.2384,5.2384,5.0875,5.2157,7063,0
20080901,5.0499,5.1478,4.8238,5.1102,12618,0
20080902,4.9518,5.3514,4.9518,5.3514,25727,0
20080903,5.3363,5.3363,5.1628,5.3287,3002,0
20080904,5.3363,5.3363,5.1253,5.3213,8170,0
20080905,5.1327,5.2684,5.1253,5.2532,4599,0
20080908,5.2458,5.2458,5.0499,5.1931,1995,0
20080909,5.0649,5.0649,4.8992,5.0423,1633,0
20080910,4.9895,5.1931,4.9367,4.9367,18594,0
20080911,4.8841,4.9367,4.771,4.771,5855,0
20080912,4.8011,4.8011,4.5749,4.7107,30042,0
20080915,4.8011,4.8011,4.5223,4.6729,8104,0
20080916,4.5374,4.5374,4.3564,4.5223,7292,0
20080917,4.5975,4.5975,4.5223,4.5902,5851,0
20080918,4.3037,4.5902,4.3037,4.5223,11684,0
20080919,4.7107,4.9745,4.5524,4.6127,32387,0
20080922,4.8087,4.8087,4.5975,4.6729,1990,0
20080923,4.6729,4.6729,4.6127,4.6127,12743,0
20080924,4.5975,4.5975,4.5826,4.5975,3582,0
20080925,4.6805,5.0499,4.6127,4.6805,12027,0
20080926,4.7333,5.0047,4.6052,4.6354,5231,0
20080929,4.7635,4.7635,4.4016,4.5223,10602,0
20080930,4.4619,4.5749,4.3715,4.5749,16460,0
20081001,4.5524,4.7032,4.5524,4.6579,4498,0
20081002,4.7483,4.7483,4.5975,4.7483,2401,0
20081003,4.7483,4.7483,4.5598,4.7409,3547,0
20081006,4.7333,4.7333,4.3337,4.5975,4615,0
20081007,4.3715,4.5223,4.3715,4.4846,7962,0
20081008,4.3337,4.3337,4.1152,4.1907,36509,0
20081009,4.2058,4.2207,3.8591,4.1605,11362,0
20081010,3.7685,4.0097,3.6178,3.7006,85783,0
20081013,3.8439,3.9192,3.663,3.9118,12609,0
20081014,4.2811,4.2962,3.9192,4.1077,7462,0
20081015,4.0022,4.0324,3.8063,3.8063,13179,0
20081016,3.7986,3.7986,3.6178,3.7836,10386,0
20081017,3.7308,3.8591,3.3917,3.6857,11082,0
20081020,3.6857,3.6857,3.3917,3.3917,14820,0
20081021,3.4369,3.4369,3.2787,3.3767,7571,0
20081022,3.06,3.1956,2.8566,2.9395,24992,0
20081023,2.8943,2.8943,2.5777,2.6379,19936,0
20081024,2.9244,2.9244,2.6379,2.7737,12624,0
20081027,2.7133,2.7133,2.4646,2.5249,27980,0
20081028,2.7133,2.7133,2.3817,2.6004,33769,0
20081029,2.5701,2.7133,2.4721,2.4798,77628,0
20081030,2.6908,2.6908,2.4119,2.427,69414,0
20081031,2.457,2.457,2.1934,2.2686,77005,0
20081103,2.2611,2.2914,2.1104,2.1858,116659,0
20081104,2.1556,2.1782,2.0048,2.0275,179743,0
20081105,2.1255,2.133,1.9219,1.9597,213219,0
20081106,1.8995,1.8995,1.6807,1.6882,255460,0
20081107,1.7335,1.8088,1.7034,1.7185,179392,0
20081110,1.7713,2.0728,1.7713,1.8842,379019,0
20081112,1.8995,1.9822,1.7335,1.7863,203390,0
20081113,1.7411,1.9294,1.7411,1.9068,134262,0
20081114,2.05,2.2386,1.9068,2.2159,405310,0
20081117,2.1405,2.3365,2.1255,2.3365,457179,0
20081118,2.329,2.3742,2.2159,2.329,403618,0
20081119,2.2009,2.3215,2.0275,2.0576,126522,0
20081120,1.8842,2.0199,1.8467,1.9597,104150,0
20081121,1.9294,2.1029,1.9294,2.0125,50064,0
20081124,2.0425,2.2159,1.9748,2.0576,36954,0
20081125,2.0349,2.1029,1.9672,2.0349,23314,0
20081126,2.1029,2.1029,1.8842,1.8842,92826,0
20081127,1.9144,2.0652,1.9144,1.9294,79561,0
20081128,1.9748,2.0349,1.9446,2.0275,20526,0
20081201,1.9597,2.0349,1.9597,2.0199,17257,0
20081202,1.9597,1.9748,1.9294,1.9294,7279,0
20081203,1.9369,2.0199,1.8995,1.8995,38741,0
20081204,1.8995,2.0125,1.8995,1.9597,18498,0
20081205,1.9294,1.9597,1.9144,1.9219,28229,0
20081208,2.0048,2.0125,1.9219,1.9219,13537,0
20081209,1.8919,1.9822,1.8919,1.9446,10788,0
20081210,1.9219,1.9369,1.9068,1.9068,15703,0
20081211,1.9144,1.9369,1.8617,1.8692,17822,0
20081212,1.8541,1.8541,1.8013,1.8314,12784,0
20081215,1.8467,1.9068,1.839,1.839,12218,0
20081216,1.8467,1.8692,1.7637,1.8467,34856,0
20081217,1.8692,1.8692,1.7788,1.7863,5760,0
20081218,1.8541,1.8541,1.7562,1.7562,26951,0
20081219,1.8088,1.8088,1.7487,1.7713,97021,0
20081222,1.7487,1.7487,1.7185,1.7487,17513,0
20081223,1.7034,1.7335,1.6958,1.7259,98160,0
20081229,1.7335,1.824,1.7335,1.8164,17366,0
20081230,1.824,1.8768,1.7487,1.7487,57534,0
20081231,1.7713,1.9219,1.7411,1.7487,45545,0
20090105,1.7034,1.7411,1.6733,1.7411,100894,0
20090106,1.7713,1.8314,1.7713,1.824,10494,0
20090107,1.8617,1.8617,1.7335,1.7411,32273,0
20090108,1.7259,1.7259,1.5677,1.6054,136617,0
20090109,1.7185,1.7185,1.6582,1.6582,23271,0
20090112,1.6958,1.7108,1.6658,1.7108,28340,0
20090113,1.6958,1.6958,1.6582,1.6958,10996,0
20090114,1.6882,1.7487,1.6658,1.6882,68067,0
20090115,1.6733,1.7108,1.6582,1.7108,10085,0
20090116,1.7185,1.7185,1.6582,1.7185,15686,0
20090119,1.7938,1.7938,1.6279,1.7034,18211,0
20090120,1.6958,1.6958,1.6205,1.6205,25385,0
20090121,1.6582,1.6582,1.5225,1.5902,54966,0
20090122,1.6129,1.6129,1.5828,1.5828,3183,0
20090123,1.6357,1.6357,1.5452,1.5452,5838,0
20090126,1.5225,1.5751,1.5074,1.5677,7244,0
20090127,1.515,1.5527,1.5074,1.5074,17978,0
20090128,1.4848,1.5377,1.4697,1.4923,14932,0
20090129,1.5677,1.5677,1.4622,1.5074,4625,0
20090130,1.5074,1.5074,1.4095,1.5074,9865,0
20090202,1.5074,1.5074,1.4246,1.4998,14847,0
20090203,1.5074,1.5527,1.3717,1.4546,24652,0
20090204,1.3944,1.5074,1.3944,1.4848,11584,0
20090205,1.4772,1.4772,1.417,1.4697,5193,0
20090206,1.4321,1.5301,1.3944,1.3944,16074,0
20090209,1.4998,1.4998,1.4546,1.4848,6993,0
20090210,1.4848,1.5751,1.4772,1.5377,17483,0
20090211,1.4998,1.4998,1.4772,1.4772,4663,0
20090212,1.5377,1.5377,1.4772,1.5074,3590,0
20090213,1.4697,1.5377,1.4622,1.5377,14725,0
20090216,1.5452,1.5452,1.4923,1.4923,7191,0
20090217,1.4018,1.4018,1.4018,1.4018,1470,0
20090218,1.4321,1.4321,1.3567,1.4246,13503,0
20090219,1.4622,1.5074,1.4622,1.5074,6580,0
20090220,1.4321,1.4998,1.4321,1.4998,9351,0
20090223,1.515,1.515,1.5074,1.5074,14448,0
20090224,1.4471,1.4471,1.3944,1.4321,8320,0
20090225,1.5074,1.5074,1.4321,1.4321,2933,0
20090226,1.4397,1.4848,1.417,1.4848,9818,0
20090227,1.4018,1.4321,1.3944,1.4321,18901,0
20090302,1.3642,1.3642,1.3567,1.3642,19994,0
20090303,1.3944,1.3944,1.3039,1.3039,49442,0
20090304,1.3039,1.3191,1.2587,1.2587,59819,0
20090305,1.2437,1.2812,1.1683,1.1683,65542,0
20090306,1.1683,1.1683,1.1156,1.1306,48371,0
20090309,1.1306,1.2285,1.0929,1.0929,79145,0
20090310,1.1079,1.1683,1.1004,1.1683,38886,0
20090311,1.2059,1.2059,1.1381,1.1381,29044,0
20090312,1.1607,1.1758,1.1457,1.1457,11636,0
20090313,1.1607,1.1984,1.1457,1.1984,71862,0
20090316,1.1909,1.2211,1.1833,1.1909,20217,0
20090317,1.2135,1.2135,1.1683,1.1683,23676,0
20090318,1.1833,1.2361,1.1833,1.1833,49063,0
20090319,1.1607,1.2361,1.1607,1.2211,28832,0
20090320,1.2285,1.2285,1.1758,1.1984,29189,0
20090323,1.2135,1.334,1.1984,1.334,74918,0
20090324,1.3944,1.3944,1.3191,1.3792,91386,0
20090325,1.3417,1.4471,1.3417,1.4397,42643,0
20090326,1.4321,1.4471,1.3944,1.4471,41273,0
20090327,1.4018,1.4622,1.4018,1.4622,33413,0
20090330,1.4095,1.4697,1.4095,1.4697,25404,0
20090331,1.4622,1.7259,1.4546,1.6958,74735,0
20090401,1.6882,1.7108,1.5828,1.6279,68046,0
20090402,1.6733,1.7108,1.6582,1.6958,51064,0
20090403,1.6958,1.8088,1.5979,1.7185,63637,0
20090406,1.7562,1.8467,1.7185,1.7335,66023,0
20090407,1.7411,1.7411,1.7259,1.7335,8464,0
20090408,1.7335,1.8088,1.7185,1.7411,70114,0
20090409,1.7335,1.7487,1.7108,1.7335,57995,0
20090414,1.7863,1.7863,1.7411,1.7562,146597,0
20090415,1.7411,1.7788,1.7335,1.7713,134496,0
20090416,1.7863,1.8314,1.7788,1.8013,64031,0
20090417,1.824,1.8467,1.7713,1.7788,29903,0
20090420,1.7863,1.7863,1.6279,1.6958,50523,0
20090421,1.6882,1.6958,1.5902,1.6582,12453,0
20090422,1.7259,1.7259,1.6431,1.6431,97693,0
20090423,1.6733,1.7259,1.6507,1.6582,53149,0
20090424,1.6582,1.7713,1.6205,1.6807,193352,0
20090427,1.6958,1.6958,1.6129,1.6582,53241,0
20090428,1.6507,1.6507,1.5677,1.6129,77270,0
20090429,1.5527,1.7034,1.5527,1.6431,39098,0
20090430,1.7259,1.7259,1.6507,1.6958,148286,0
20090504,1.6807,1.8088,1.6807,1.7335,72880,0
20090505,1.7713,1.7713,1.6958,1.7259,26135,0
20090506,1.7487,1.7562,1.6658,1.7562,21293,0
20090507,1.7637,2.0048,1.7637,1.9822,169875,0
20090508,1.9898,2.0349,1.8995,1.9597,41561,0
20090511,2.0199,2.1104,1.9597,2.0048,56835,0
20090512,2.0199,2.0652,1.8995,2.0275,92715,0
20090513,2.0349,2.0576,1.6958,1.8541,66629,0
20090514,1.8692,1.8768,1.7713,1.8692,34829,0
20090515,1.8164,1.8692,1.8164,1.8692,18586,0
20090518,1.8314,1.8314,1.7185,1.8088,69516,0
20090519,1.8541,1.8692,1.8088,1.824,18581,0
20090520,1.824,1.8692,1.7788,1.824,9556,0
20090521,1.7788,1.824,1.7637,1.8013,18657,0
20090522,1.7487,1.7713,1.7411,1.7713,10947,0
20090525,1.7637,1.7713,1.5979,1.7411,31771,0
20090526,1.7335,1.7335,1.6357,1.7108,8483,0
20090527,1.7108,1.7335,1.6279,1.7185,16586,0
20090528,1.6958,1.7335,1.6958,1.7259,15497,0
20090529,1.6973,1.7536,1.649,1.6893,50177,0
20090601,1.7562,1.7562,1.6958,1.7562,40290,0
20090602,1.7562,1.7938,1.7259,1.7713,73778,0
20090603,1.7938,1.7938,1.7637,1.7637,20605,0
20090604,1.8088,2.1104,1.8088,2.1104,662905,0
20090605,2.1707,2.2988,2.1707,2.2386,224825,0
20090608,2.2762,2.2762,2.0728,2.1858,113646,0
20090609,2.2159,2.3666,2.1858,2.2536,58523,0
20090610,2.2686,2.329,2.2009,2.2009,34356,0
20090612,2.2611,2.2611,2.148,2.2159,42965,0
20090615,2.2536,2.3139,2.2386,2.2686,41468,0
20090616,2.2686,2.751,2.2009,2.751,72497,0
20090617,2.751,3.2033,2.751,2.7811,186339,0
20090618,2.7811,2.8338,2.6379,2.7811,23880,0
20090619,2.751,2.766,2.5249,2.7133,51182,0
20090622,2.751,2.8943,2.7435,2.7888,98150,0
20090623,2.8415,2.8415,2.6077,2.7059,46935,0
20090624,2.7059,2.7059,2.6004,2.6984,25596,0
20090625,2.7964,2.864,2.7209,2.7585,47577,0
20090626,2.7671,2.936,2.7671,2.7912,24506,0
20090629,2.8233,2.8233,2.7912,2.7912,12815,0
20090630,2.7912,2.8635,2.7429,2.8635,183641,0
20090701,2.864,2.864,2.849,2.849,2596,0
20090702,2.8866,2.9395,2.864,2.8791,30989,0
20090703,2.8791,2.9018,2.8566,2.9018,10428,0
20090706,2.8877,2.8877,2.7429,2.8153,14850,0
20090707,2.8866,2.8866,2.6984,2.6984,14682,0
20090708,2.6229,2.6984,2.5325,2.5551,71600,0
20090709,2.5325,2.6229,2.5098,2.6004,230875,0
20090710,2.6384,2.6785,2.582,2.5901,77309,0
20090713,2.574,2.574,2.5258,2.574,8729,0
20090714,2.5981,2.7108,2.5981,2.7108,22404,0
20090715,2.7832,2.8314,2.7751,2.8153,42557,0
20090716,2.8635,2.9038,2.7751,2.8716,52612,0
20090717,2.9842,3.0084,2.8957,2.9762,10191,0
20090720,3.0566,3.0807,2.9922,2.9922,16841,0
20090721,3.0969,3.0969,3.0084,3.0325,29384,0
20090722,3.0164,3.0164,2.9038,2.936,15437,0
20090723,2.9199,2.936,2.8957,2.9038,19532,0
20090724,2.936,2.96,2.8314,2.9441,59488,0
20090727,2.8957,2.9762,2.8957,2.9118,10345,0
20090728,2.8476,2.936,2.7429,2.8556,24389,0
20090729,3.0566,3.0969,2.9118,2.936,100395,0
20090730,2.936,3.0004,2.936,2.9842,29739,0
20090731,3.0084,3.0969,2.9682,3.0889,44826,0
20090803,3.0889,3.3703,3.0889,3.3703,53975,0
20090804,3.3302,3.3783,3.2255,3.3302,49377,0
20090805,3.2898,3.3302,3.2175,3.2175,22712,0
20090806,3.2175,3.2337,3.2175,3.2337,13785,0
20090807,3.2175,3.3703,3.1772,3.3703,46067,0
20090810,3.4185,3.4507,3.4026,3.4105,25616,0
20090811,3.4185,3.7001,3.4185,3.6599,273116,0
20090812,3.6921,3.6921,3.5152,3.668,69694,0
20090813,3.6921,4.022,3.6921,4.022,55164,0
20090814,4.054,4.3918,4.022,4.223,103727,0
20090817,4.3035,4.3437,4.022,4.1024,60094,0
20090818,4.1024,4.1024,4.022,4.022,7437,0
20090819,4.0622,4.0944,4.022,4.038,9396,0
20090820,4.022,4.0622,3.9495,4.03,34505,0
20090821,4.0622,4.0622,3.9416,3.9575,21819,0
20090824,3.8611,4.0139,3.8448,3.9013,36590,0
20090825,3.9013,4.1426,3.9013,4.1345,56279,0
20090826,4.1345,4.1345,4.0058,4.03,7618,0
20090827,4.022,4.022,3.9416,4.0139,10903,0
20090828,4.022,4.1426,3.9817,4.0622,27872,0
20090831,4.1024,4.1024,3.9092,4.022,61389,0
20090901,4.0139,4.0139,3.6197,3.7001,36467,0
20090902,3.6359,3.6359,3.3302,3.3623,34694,0
20090903,3.3543,3.5392,3.2577,3.5392,15375,0
20090904,3.5554,3.5956,3.4587,3.5956,10041,0
20090907,3.5794,3.6359,3.5392,3.6359,17482,0
20090908,3.6197,3.6599,3.6197,3.6197,115995,0
20090909,3.6277,3.6277,3.3302,3.5715,29926,0
20090910,3.4185,3.4587,3.3543,3.3703,58701,0
20090911,3.3703,3.3783,3.0405,3.2095,149368,0
20090914,3.2013,3.2013,3.0969,3.1772,13386,0
20090915,3.1772,3.2175,3.1451,3.1935,8098,0
20090916,3.2978,3.3946,3.2175,3.3623,110819,0
20090917,3.4267,3.4587,3.2978,3.4185,27435,0
20090918,3.4185,3.4185,3.2657,3.2978,16935,0
20090921,3.2657,3.2978,3.1533,3.2175,14591,0
20090922,3.2577,3.2739,3.1612,3.2739,24731,0
20090923,3.2978,3.4185,3.2577,3.2739,12215,0
20090924,3.2898,3.2978,3.2898,3.2898,1657,0
20090925,3.2739,3.3141,3.2739,3.2978,22973,0
20090928,3.3141,3.3221,3.2013,3.3221,20071,0
20090929,3.3302,3.3543,3.2175,3.3462,15965,0
20090930,3.3462,3.3783,3.1772,3.3783,34415,0
20091001,3.475,3.491,3.2175,3.3783,30910,0
20091002,3.2577,3.4587,3.2577,3.4587,53365,0
20091005,3.4587,3.676,3.3302,3.676,22102,0
20091006,3.6599,3.676,3.499,3.6197,14630,0
20091007,3.5232,3.5794,3.499,3.5794,16962,0
20091008,3.6197,3.7001,3.6197,3.7001,27364,0
20091009,3.668,3.7565,3.668,3.7001,8321,0
20091012,3.507,3.7404,3.507,3.7001,6061,0
20091013,3.475,3.7001,3.475,3.6599,13111,0
20091014,3.6439,3.6599,3.6277,3.6277,4757,0
20091015,3.5875,3.7404,3.5875,3.6599,16584,0
20091016,3.5634,3.7404,3.5634,3.6599,1819,0
20091019,3.6599,3.6599,3.6197,3.6599,27527,0
20091020,3.6277,3.7001,3.5794,3.6439,9983,0
20091021,3.6277,3.7645,3.6277,3.7645,47991,0
20091022,3.7726,3.9416,3.7726,3.9416,36483,0
20091023,3.9737,4.1024,3.9013,4.022,12701,0
20091026,4.038,4.1829,4.0139,4.1829,53665,0
20091027,4.2552,4.2552,4.0622,4.223,5644,0
20091028,4.1829,4.1829,3.9416,4.022,14842,0
20091029,3.9817,4.0058,3.6359,3.9897,35542,0
20091030,4.022,4.054,3.8611,3.8611,8596,0
20091102,3.7806,3.8531,3.7404,3.8127,10030,0
20091103,3.8531,3.8771,3.7001,3.869,13630,0
20091104,3.8611,3.8611,3.6519,3.7001,13358,0
20091105,3.8209,3.8531,3.7001,3.7404,9960,0
20091106,3.8288,3.8288,3.6197,3.6197,15225,0
20091109,3.6197,3.8047,3.6197,3.8047,16339,0
20091110,3.8047,3.8047,3.676,3.7001,100528,0
20091112,3.6359,3.7404,3.6277,3.7404,25873,0
20091113,3.7404,3.7404,3.7001,3.7324,2633,0
20091116,3.7726,3.7726,3.5875,3.6197,10466,0
20091117,3.5715,3.7163,3.5715,3.7001,9884,0
20091118,3.7404,3.7886,3.6197,3.6197,13228,0
20091119,3.6197,3.6197,3.5392,3.5392,2221,0
20091120,3.6197,3.6197,3.507,3.507,947,0
20091123,3.5875,3.5875,3.2657,3.3381,9279,0
20091124,3.3381,3.5392,3.3061,3.3783,2603758,0
20091125,3.3783,3.4507,3.3783,3.4507,5265,0
20091126,3.3783,3.3783,3.3783,3.3783,1381,0
20091127,3.3381,3.5232,3.3381,3.5232,5283,0
20091130,3.5875,3.5875,3.3783,3.3783,9288,0
20091201,3.5152,3.5152,3.4026,3.483,28886,0
20091202,3.499,3.499,3.4185,3.4185,1879,0
20091203,3.3864,3.4185,3.3221,3.3783,873861,0
20091204,3.3462,3.4185,3.3462,3.4185,1723,0
20091207,3.5474,3.5474,3.3623,3.4587,4669,0
20091208,3.4587,3.4587,3.3783,3.3783,2204,0
20091209,3.4185,3.4185,3.4185,3.4185,807,0
20091210,3.3462,3.3703,3.3381,3.3381,2106,0
20091211,3.3381,3.3381,3.3381,3.3381,186,0
20091214,3.2978,3.2978,3.137,3.2255,11289,0
20091215,3.137,3.1451,3.137,3.137,18677,0
20091216,3.137,3.2818,3.137,3.2013,11464,0
20091217,3.2255,3.2577,3.1533,3.2095,11525,0
20091218,3.2095,3.2095,3.1772,3.1772,6220,0
20091221,3.137,3.137,2.8556,3.137,4853,0
20091222,3.0969,3.1772,3.0004,3.0889,1897,0
20091223,3.0164,3.0566,2.9762,3.0566,14135,0
20091228,3.0728,3.3302,3.0566,3.2095,43852,0
20091229,3.2095,3.2577,3.0245,3.2175,17770,0
20091230,3.0807,3.137,3.0566,3.0969,9107,0
20091231,3.0647,3.4026,3.0647,3.3543,28375,0
20100104,3.2175,3.2255,3.137,3.2175,772306,0
20100105,3.2497,3.2497,3.1772,3.1854,4022,0
20100106,3.1854,3.2175,3.0647,3.2175,9305,0
20100107,3.0889,3.2013,3.0889,3.2013,324,0
20100108,3.1049,3.2013,3.1049,3.2013,19736,0
20100111,3.137,3.1533,3.0647,3.1533,29093,0
20100112,3.0969,3.0969,3.0245,3.0245,38596,0
20100113,3.0728,3.0728,3.0245,3.0566,17499,0
20100114,3.0566,3.121,3.0164,3.0969,22837,0
20100115,3.0566,3.0647,3.0566,3.0647,2611,0
20100118,3.0566,3.1612,3.0566,3.0566,6610,0
20100119,3.0566,3.0566,3.0245,3.0486,3401,0
20100120,3.0566,3.129,3.0566,3.129,10521,0
20100121,3.137,3.1693,3.129,3.129,6551,0
20100122,3.0969,3.0969,3.0728,3.0728,11333,0
20100125,3.0566,3.121,3.0486,3.0728,19460,0
20100126,3.0164,3.0728,3.0164,3.0245,27948,0
20100127,2.9762,3.0164,2.9762,3.0164,4455,0
20100128,3.0969,3.1772,3.0405,3.0647,52074,0
20100129,3.0405,3.1451,3.0164,3.0566,24394,0
20100202,3.0566,3.2577,3.0566,3.2577,103964,0
20100203,3.2337,3.2337,3.2095,3.2337,192208,0
20100204,3.2095,3.2095,3.137,3.137,1841,0
20100205,3.0647,3.0647,2.936,3.0566,15445,0
20100208,3.0164,3.0969,3.0164,3.0164,1710761,0
20100209,3.0728,3.0807,3.0245,3.0807,24877,0
20100210,3.0969,3.113,3.0969,3.0969,2639,0
20100211,3.0969,3.0969,3.0969,3.0969,349,0
20100212,3.0325,3.0325,3.0325,3.0325,2798,0
20100215,3.0245,3.0325,2.936,3.0325,5514,0
20100216,3.0728,3.0728,3.0405,3.0405,2880,0
20100217,3.0405,3.129,3.0405,3.129,10923,0
20100218,3.113,3.1772,3.0325,3.1772,28804,0
20100222,3.1693,3.1693,3.1693,3.1693,3887,0
20100224,3.0969,3.0969,3.0969,3.0969,28096,0
20100225,3.0969,3.0969,3.0325,3.0647,50527,0
20100226,3.0969,3.137,3.0969,3.137,4600,0
20100301,3.0969,3.137,2.9441,3.137,22052,0
20100302,3.0245,3.0245,2.8957,2.9521,17674,0
20100303,2.9199,2.9199,2.7027,2.7992,47369,0
20100304,2.8556,2.8556,2.7188,2.7751,14189,0
20100305,2.8556,2.8877,2.8556,2.8877,13389,0
20100308,2.9199,2.9762,2.9199,2.9762,7744,0
20100309,2.9762,2.9762,2.936,2.9762,5064,0
20100310,2.936,3.0164,2.936,3.0164,3917,0
20100311,3.0405,3.0969,3.0164,3.0164,12422,0
20100312,3.0164,3.0969,3.0164,3.0969,13424,0
20100315,3.0969,3.2657,2.9038,3.2175,56739,0
20100316,3.2175,3.4427,3.1854,3.4427,27321,0
20100317,3.4427,3.7726,3.4267,3.7726,95570,0
20100318,3.7565,3.7565,3.3946,3.491,20173,0
20100319,3.6277,3.6359,3.483,3.483,32732,0
20100322,3.4507,3.491,3.4507,3.4587,2579,0
20100323,3.475,3.475,3.3864,3.3864,10579,0
20100324,3.3783,3.499,3.2818,3.4587,21335,0
20100325,3.4185,3.499,3.4185,3.4587,5283,0
20100326,3.499,3.499,3.4587,3.4587,7056,0
20100329,3.6036,3.6036,3.483,3.5956,7679,0
20100330,3.5794,3.6117,3.5392,3.5554,7548,0
20100331,3.5794,3.7806,3.5554,3.7806,20111,0
20100401,3.7806,3.7806,3.684,3.684,12134,0
20100406,3.6277,3.7001,3.6197,3.7001,6332,0
20100407,3.7001,3.7001,3.6197,3.684,2449,0
20100408,3.6197,3.684,3.499,3.6036,6047,0
20100409,3.5392,3.6599,3.507,3.6439,3591,0
20100412,3.6197,3.6197,3.6117,3.6117,1178,0
20100413,3.6117,3.6599,3.5634,3.6599,9188,0
20100414,3.9334,4.1345,3.8611,3.9575,128927,0
20100415,4.0058,4.0058,3.8611,3.9817,20595,0
20100416,3.8209,4.038,3.8209,3.9253,19214,0
20100419,3.8611,3.9817,3.6277,3.8611,6961,0
20100420,3.9253,3.9334,3.6599,3.9334,12928,0
20100421,3.9092,3.9092,3.8611,3.9013,8616,0
20100422,3.8611,3.8611,3.676,3.8047,12871,0
20100423,3.7001,3.8047,3.5474,3.676,13999,0
20100426,3.7163,3.8771,3.7163,3.7886,4142,0
20100427,3.7082,3.7082,3.7001,3.7082,4998,0
20100428,3.7001,3.7001,3.5794,3.6519,17996,0
20100429,3.6599,3.6599,3.5392,3.6359,19040,0
20100430,3.6519,3.6519,3.507,3.5554,7329,0
20100504,3.6117,3.6117,3.483,3.6036,3844,0
20100505,3.6519,3.6519,3.2337,3.3462,39007,0
20100506,3.2978,3.5634,3.0566,3.5634,94459,0
20100507,3.3783,3.4267,3.2175,3.4267,10173,0
20100510,3.4587,3.5312,3.4185,3.499,34374,0
20100511,3.5392,3.5875,3.2175,3.2175,11393,0
20100512,3.2739,3.4587,3.2255,3.3061,8113,0
20100513,3.4185,3.4185,3.3141,3.3141,1135,0
20100514,3.3783,3.3783,3.2175,3.3381,20638,0
20100517,3.2013,3.3543,3.2013,3.2657,4759,0
20100518,3.3703,3.3703,3.2577,3.2577,1277,0
20100519,3.2337,3.2898,3.2337,3.2337,9186,0
20100520,3.2175,3.3462,3.0647,3.3462,16378,0
20100521,3.2337,3.3462,3.2175,3.2978,5408,0
20100524,3.2978,3.2978,3.2978,3.2978,372958,0
20100525,3.2175,3.2577,3.1772,3.2577,2258,0
20100526,3.2978,3.4587,3.2978,3.4587,20638,0
20100527,3.5392,3.5392,3.4185,3.4185,2922,0
20100528,3.4587,3.4587,3.4587,3.4587,956,0
20100531,3.4587,3.6117,3.4185,3.5392,46529,0
20100601,3.4026,3.5392,3.4026,3.491,2873,0
20100602,3.6117,3.6117,3.3946,3.4587,11267,0
20100604,3.3946,3.5232,3.3946,3.5232,633,0
20100607,3.3946,3.3946,3.2497,3.3543,11808,0
20100608,3.2978,3.3623,3.2577,3.3623,2254,0
20100609,3.2978,3.3623,3.2978,3.2978,3445,0
20100610,3.2657,3.4507,3.2657,3.4507,7229,0
20100611,3.3946,3.5392,3.3946,3.483,6007,0
20100614,3.3946,3.5392,3.3946,3.5392,6685,0
20100615,3.4026,3.5794,3.4026,3.5392,14108,0
20100616,3.5794,3.5794,3.5392,3.5392,31605,0
20100617,3.3864,3.6197,3.3864,3.6197,21839,0
20100618,3.6599,3.7806,3.6599,3.7404,12508,0
20100621,3.7806,3.7967,3.7001,3.7082,21493,0
20100622,3.5715,3.7001,3.5715,3.5875,1940,0
20100623,3.5875,3.7324,3.5554,3.5554,3024,0
20100624,3.4587,3.499,3.3061,3.3462,951340,0
20100625,3.4347,3.4347,3.2818,3.2818,3599,0
20100628,3.3221,3.4587,3.3221,3.4185,4162,0
20100629,3.499,3.507,3.499,3.499,3616,0
20100630,3.499,3.499,3.3623,3.3623,38280,0
20100701,3.499,3.499,3.499,3.499,622,0
20100702,3.4185,3.4587,3.3783,3.4587,914,0
20100707,3.4587,3.4587,3.3946,3.4587,1867,0
20100708,3.4026,3.4587,3.3946,3.3946,1831,0
20100712,3.3783,3.4026,3.3783,3.4026,498,0
20100713,3.4026,3.4026,3.3141,3.3783,3355,0
20100714,3.3864,3.4185,3.3864,3.4185,10967,0
20100715,3.4587,3.4587,3.3703,3.4427,8521,0
20100716,3.4587,3.4587,3.4587,3.4587,2051,0
20100719,3.4587,3.4587,3.3864,3.3864,3011,0
20100720,3.3623,3.3623,3.3141,3.3141,631,0
20100721,3.3221,3.4185,3.3141,3.4185,5146,0
20100722,3.4427,3.475,3.4427,3.4587,225554,0
20100723,3.499,3.499,3.3302,3.483,812,0
20100726,3.483,3.483,3.3783,3.483,7083,0
20100727,3.3864,3.499,3.3864,3.499,52395,0
20100728,3.4185,3.5152,3.4185,3.5152,58,0
20100729,3.4587,3.4587,3.3783,3.3783,5524,0
20100730,3.3783,3.3946,3.3783,3.3946,432,0
20100802,3.3462,3.3623,3.3462,3.3543,1173,0
20100803,3.3623,3.4587,3.3623,3.4587,5233,0
20100804,3.4587,3.4587,3.4347,3.4347,11812,0
20100805,3.499,3.499,3.475,3.499,743,0
20100806,3.499,3.499,3.499,3.499,1243,0
20100809,3.3946,3.499,3.3946,3.499,5237,0
20100810,3.499,3.499,3.491,3.499,14495,0
20100811,3.499,3.499,3.491,3.499,2790,0
20100813,3.3623,3.3623,3.3623,3.3623,373,0
20100816,3.3783,3.4185,3.3783,3.3783,2404,0
20100817,3.3783,3.3783,3.3783,3.3783,496,0
20100818,3.3783,3.3783,3.3623,3.3703,1466,0
20100819,3.3783,3.3783,3.3462,3.3462,333,0
20100820,3.3543,3.3543,3.3543,3.3543,95,0
20100823,3.3543,3.3783,3.3543,3.3783,3077,0
20100824,3.3543,3.3543,3.3543,3.3543,1307,0
20100825,3.3381,3.3543,3.3061,3.3543,1259,0
20100826,3.3381,3.3381,3.3381,3.3381,28,0
20100827,3.3141,3.3302,3.2577,3.3061,20104,0
20100830,3.2577,3.2577,3.2577,3.2577,1352,0
20100831,3.2577,3.4347,3.2416,3.4347,6955,0
20100901,3.3061,3.4427,3.2255,3.2978,151938,0
20100902,3.2175,3.3061,3.2175,3.2978,3722,0
20100903,3.2818,3.2818,3.2175,3.2818,2976,0
20100906,3.2818,3.2818,3.2255,3.2337,8031,0
20100907,3.2255,3.2255,3.2175,3.2175,3845,0
20100908,3.2175,3.2497,3.2175,3.2255,7598,0
20100909,3.2255,3.2739,3.2013,3.2739,354,0
20100910,3.2255,3.3302,3.137,3.3302,11518,0
20100913,3.3221,3.3703,3.3221,3.3703,7769,0
20100914,3.3783,3.3783,3.2978,3.3783,29061,0
20100915,3.3783,3.3783,3.3703,3.3703,1630,0
20100916,3.4185,3.4185,3.4185,3.4185,198,0
20100917,3.3783,3.3783,3.3783,3.3783,161,0
20100920,3.3623,3.3783,3.3543,3.3783,2611,0
20100921,3.3783,3.3783,3.3381,3.3381,516,0
20100922,3.3381,3.3381,3.2657,3.2978,5737,0
20100923,3.2657,3.2739,3.2657,3.2739,15217,0
20100927,3.2898,3.2898,3.2898,3.2898,622,0
20100929,3.3302,3.3783,3.3302,3.3783,15728,0
20100930,3.3783,3.3946,3.3783,3.3946,19488,0
20101001,3.4105,3.4587,3.3783,3.4587,6783,0
20101004,3.3946,3.3946,3.3302,3.3783,47843,0
20101005,3.4026,3.4026,3.3221,3.3302,838,0
20101006,3.3381,3.3381,3.3302,3.3381,116309,0
20101007,3.3381,3.3381,3.2818,3.2818,4513,0
20101008,3.2818,3.2818,3.1935,3.2416,7739,0
20101011,3.2175,3.2497,3.2175,3.2497,1835,0
20101012,3.2978,3.2978,3.2978,3.2978,1315,0
20101013,3.2978,3.2978,3.2978,3.2978,982,0
20101014,3.2978,3.3141,3.2497,3.2978,97982,0
20101015,3.2577,3.2577,3.2577,3.2577,311,0
20101019,3.2818,3.2978,3.2818,3.2978,4130,0
20101020,3.2978,3.2978,3.2978,3.2978,2362,0
20101021,3.2978,3.3221,3.2978,3.3061,54696,0
20101022,3.3061,3.3061,3.2818,3.2818,4972,0
20101025,3.2818,3.2818,3.2818,3.2818,46,0
20101026,3.2577,3.2978,3.2577,3.2978,12987,0
20101027,3.3061,3.3381,3.3061,3.3381,9181,0
20101028,3.3543,3.3703,3.3543,3.3703,845,0
20101029,3.4026,3.499,3.4026,3.4587,22542,0
20101102,3.5152,3.7001,3.5152,3.6599,5402,0
20101103,3.6277,3.6277,3.5956,3.6197,2685,0
20101104,3.6197,3.7001,3.5312,3.6036,44693,0
20101109,3.6197,3.8611,3.5875,3.8611,116562,0
20101110,4.022,4.1345,3.9897,4.1024,97049,0
20101112,4.1345,4.1345,3.9817,4.0944,22980,0
20101115,3.9013,4.0702,3.9013,4.0702,3387,0
20101116,3.8932,4.0622,3.7483,3.9013,54465,0
20101117,3.7082,4.022,3.7082,3.8288,41226,0
20101118,3.9416,4.0139,3.8448,3.8531,188656,0
20101119,3.8368,3.8368,3.7806,3.7806,5253,0
20101122,3.6277,3.6277,3.6277,3.6277,44,0
20101123,3.491,3.6277,3.491,3.499,17656,0
20101124,3.4669,3.499,3.4185,3.4185,16265,0
20101125,3.5794,3.6599,3.4026,3.6599,30805,0
20101126,3.6599,3.7001,3.4267,3.6599,29325,0
20101129,3.6197,3.6197,3.6197,3.6197,1281,0
20101130,3.5794,3.6519,3.4587,3.6197,6023,0
20101201,3.499,3.6921,3.499,3.5152,859,0
20101202,3.5794,3.6599,3.3864,3.6599,361360,0
20101206,3.5392,3.6359,3.5392,3.6359,851,0
20101207,3.6197,3.6599,3.6197,3.6599,6699,0
20101208,3.7001,3.7806,3.7001,3.7404,10527,0
20101209,3.7806,3.9253,3.7806,3.8368,13488,0
20101210,3.8611,3.9495,3.8611,3.9495,8883,0
20101213,3.9897,4.022,3.9817,4.022,26052,0
20101214,3.7001,4.022,3.7001,4.0139,6616,0
20101215,3.8932,4.046,3.8932,4.022,6165,0
20101216,4.022,4.0944,4.022,4.0622,2295,0
20101217,4.0622,4.0622,4.054,4.0622,8658,0
20101220,4.0702,4.1024,4.0702,4.1024,31564,0
20101221,4.1024,4.1024,3.7806,4.0058,7422,0
20101222,3.9173,3.9173,3.9092,3.9092,660,0
20101223,3.9416,3.9416,3.9416,3.9416,186,0
20101227,3.8611,4.0139,3.7806,4.0058,2236,0
20101229,3.7967,3.9977,3.7967,3.9977,945,0
20101230,3.9977,3.9977,3.8127,3.9977,22,0
20101231,3.9334,3.9334,3.9334,3.9334,9,0
20110103,4.0139,4.0139,3.8448,3.8448,4693,0
20110104,3.7001,3.8448,3.7001,3.8448,1216,0
20110105,3.8368,3.8448,3.8368,3.8448,622,0
20110107,3.8368,3.8368,3.7001,3.8288,2127,0
20110110,3.5956,3.6197,3.499,3.6197,7395,0
20110111,3.6197,3.6197,3.475,3.475,7573,0
20110112,3.6921,3.7001,3.499,3.6197,2425,0
20110113,3.499,3.499,3.499,3.499,3476,0
20110114,3.499,3.6197,3.4669,3.6117,20318,0
20110117,3.6117,3.6197,3.6117,3.6197,16037,0
20110118,3.6197,3.6197,3.5232,3.6197,5678,0
20110119,3.6197,3.7001,3.6197,3.7001,6010,0
20110120,3.6197,4.0622,3.6197,3.9817,18846,0
20110121,4.0622,4.0622,3.8209,3.8288,16810,0
20110124,3.8771,3.9013,3.8288,3.8288,2992,0
20110125,3.8288,3.8288,3.8288,3.8288,1073,0
20110126,3.8288,3.8288,3.8288,3.8288,3792,0
20110127,3.7163,3.7645,3.668,3.7001,32998,0
20110128,3.7001,3.7565,3.6599,3.7565,7010,0
20110131,3.7565,3.8288,3.676,3.7726,1246994,0
20110201,3.7001,3.7726,3.6197,3.7726,6759,0
20110202,3.8047,3.8047,3.7404,3.7404,626,0
20110203,3.7404,3.7404,3.6599,3.6921,2191,0
20110204,3.6519,3.7806,3.6519,3.7806,2742,0
20110207,3.6197,3.668,3.6197,3.6599,2142,0
20110208,3.6599,3.7001,3.6197,3.7001,4477,0
20110209,3.7001,3.7001,3.6197,3.7001,6697,0
20110210,3.6359,3.6359,3.6359,3.6359,249,0
20110211,3.7645,3.7645,3.6197,3.6197,7212,0
20110214,3.7645,3.7645,3.6197,3.6599,2350,0
20110215,3.6599,3.6599,3.6277,3.6599,971,0
20110216,3.676,3.676,3.676,3.676,2051,0
20110217,3.6359,3.7645,3.6277,3.7645,637,0
20110218,3.7483,3.7726,3.7483,3.7483,930,0
20110222,3.6599,3.7404,3.5794,3.7404,6869,0
20110223,3.5152,3.6921,3.5152,3.6921,341,0
20110224,3.5794,3.7001,3.5794,3.7001,261,0
20110225,3.6359,3.7404,3.6277,3.7404,1416,0
20110228,3.6599,3.6599,3.6599,3.6599,724,0
20110302,3.5794,3.5794,3.5794,3.5794,1946,0
20110303,3.5474,3.5794,3.5474,3.5794,453,0
20110307,3.5794,3.5794,3.5232,3.5794,3732,0
20110308,3.5392,3.5392,3.507,3.5392,575,0
20110309,3.499,3.5794,3.499,3.5794,2734,0
20110310,3.6599,3.668,3.6599,3.668,8705,0
20110315,3.507,3.676,3.507,3.676,3780,0
20110316,3.5152,3.7001,3.5152,3.7001,11426,0
20110317,3.6197,3.6197,3.6197,3.6197,87397,0
20110318,3.5152,3.7001,3.507,3.7001,9018,0
20110321,3.5794,3.7001,3.5634,3.7001,5683,0
20110322,3.6277,3.7242,3.6277,3.6277,50823,0
20110323,3.5634,3.7001,3.5634,3.7001,1108,0
20110324,3.7001,3.7404,3.7001,3.7001,10022,0
20110325,3.7483,3.8448,3.7404,3.8209,4979,0
20110328,3.8368,3.8368,3.668,3.7404,62595,0
20110329,3.7404,3.7404,3.7404,3.7404,647,0
20110331,3.7324,3.7806,3.7324,3.7806,3522,0
20110401,3.7806,3.8209,3.7404,3.7404,19407,0
20110404,3.7001,3.8047,3.7001,3.8047,937,0
20110405,3.6277,3.7001,3.5392,3.7001,10015,0
20110406,3.7806,3.7806,3.7001,3.7001,1243,0
20110407,3.7726,3.7886,3.7565,3.7806,5455,0
20110408,3.7404,3.7806,3.6439,3.7806,5805,0
20110411,3.7806,3.7806,3.6519,3.7404,5872,0
20110412,3.7001,4.1104,3.7001,4.054,84026,0
20110413,4.038,4.1345,3.9897,4.0622,152394,0
20110414,4.0862,4.4241,4.0862,4.3437,118739,0
20110415,4.4241,4.585,4.3035,4.416,42315,0
20110418,4.5207,4.5769,4.2632,4.3758,99010,0
20110419,4.4321,4.5125,4.3758,4.3758,7019,0
20110420,4.3196,4.3918,4.223,4.3275,16176,0
20110421,4.3838,4.3838,4.1184,4.2632,16756,0
20110426,4.2632,4.3437,4.1587,4.3437,5405,0
20110427,4.3437,4.3437,4.1426,4.3196,22855,0
20110428,4.3114,4.3114,4.3035,4.3114,12677,0
20110429,4.3275,4.3275,4.2632,4.2632,2069,0
20110502,4.2632,4.3677,4.2632,4.3437,20385,0
20110504,4.3838,4.3918,4.1184,4.1184,22947,0
20110505,4.1184,4.1426,3.8368,3.9416,21204,0
20110506,3.9334,3.9416,3.7565,3.9416,20535,0
20110509,3.9897,4.1264,3.9575,4.0622,9179,0
20110510,4.0622,4.0622,3.9173,4.0139,8330,0
20110511,3.9173,4.0139,3.8851,4.0139,127,0
20110512,4.0139,4.0139,3.9092,3.9173,4801,0
20110513,3.8611,3.8611,3.7806,3.7806,66998,0
20110516,3.7967,3.7967,3.5312,3.5794,32389,0
20110517,3.5392,3.5392,3.2175,3.2337,50914,0
20110518,3.2175,3.2175,3.0084,3.1935,43674,0
20110519,3.2175,3.2175,3.0566,3.137,49405,0
20110520,3.137,3.1772,3.137,3.1772,14800,0
20110523,3.1772,3.1772,2.9922,3.1451,12347,0
20110524,3.137,3.1612,3.0566,3.0566,35174,0
20110525,3.0566,3.1772,3.0566,3.1533,7341,0
20110526,3.1772,3.2013,3.1772,3.1935,11571,0
20110527,3.2175,3.3783,3.2175,3.3783,8637,0
20110530,3.3783,3.3783,3.2416,3.2978,7837,0
20110531,3.2978,3.3302,3.2577,3.2577,3397,0
20110601,3.2898,3.2978,3.2898,3.2978,1243,0
20110602,3.2978,3.2978,3.2818,3.2898,4186,0
20110603,3.3141,3.3141,3.2577,3.3141,3073,0
20110606,3.3543,3.3543,3.2577,3.2657,3576,0
20110607,3.2978,3.2978,3.2175,3.2175,13243,0
20110608,3.2337,3.2337,3.0969,3.0969,11116,0
20110609,3.113,3.2175,3.0566,3.0647,15598,0
20110610,3.0647,3.0647,3.0245,3.0245,16276,0
20110613,3.0325,3.0728,2.9842,3.0728,9371,0
20110614,3.0566,3.0566,2.9762,3.0486,22165,0
20110615,3.0486,3.0486,2.9762,3.0486,12693,0
20110616,2.9762,3.0566,2.9762,3.0566,325,0
20110617,3.0486,3.0486,2.9762,3.0486,4612,0
20110620,3.0486,3.0486,2.9682,3.0486,820,0
20110621,2.9762,2.9762,2.8314,2.936,14918,0
20110622,2.7912,2.928,2.6867,2.7751,17455,0
20110624,2.8153,2.96,2.8153,2.96,3170,0
20110627,2.7188,2.9441,2.7188,2.8957,9670,0
20110628,2.8556,2.928,2.8314,2.928,4713,0
20110629,2.9682,2.9682,2.8957,2.9521,3140,0
20110630,2.936,2.9682,2.936,2.9521,7584,0
20110701,2.936,2.9682,2.936,2.9682,3568,0
20110704,3.0566,3.0566,2.936,2.936,2984,0
20110705,2.936,2.936,2.8957,2.936,85,0
20110706,2.8957,2.9922,2.8073,2.9922,24793,0
20110707,2.9521,2.9521,2.8153,2.9521,4502,0
20110708,2.9521,2.9842,2.8635,2.928,9803,0
20110711,2.928,2.9682,2.928,2.9682,2176,0
20110712,2.8716,2.9118,2.8233,2.9118,5496,0
20110713,2.8556,2.9118,2.8556,2.9118,3181,0
20110714,2.8556,2.8556,2.7751,2.8153,9737,0
20110715,2.8153,2.8635,2.8153,2.8635,23998,0
20110718,2.8153,2.8153,2.7671,2.7671,3730,0
20110719,2.7349,2.8153,2.5337,2.566,11149,0
20110720,2.566,2.566,2.5258,2.5258,14645,0
20110721,2.5337,2.5419,2.5337,2.5419,871,0
20110722,2.6384,2.6384,2.5258,2.582,12720,0
20110725,2.6142,2.6142,2.5177,2.5177,1001,0
20110726,2.5579,2.5579,2.5177,2.5177,6241,0
20110727,2.5177,2.5579,2.4935,2.5579,11251,0
20110728,2.5177,2.5177,2.4775,2.5177,2004,0
20110729,2.5177,2.55,2.5177,2.55,311,0
20110801,2.55,2.574,2.4935,2.5579,7796,0
20110802,2.5016,2.5016,2.2764,2.4051,7302,0
20110803,2.3729,2.4212,2.3327,2.3971,11685,0
20110804,2.3327,2.3327,2.1557,2.2522,14074,0
20110805,2.2522,2.4051,2.2281,2.2522,11136,0
20110808,2.2522,2.3648,2.027,2.212,19254,0
20110809,2.0109,2.1557,1.7857,1.834,64743,0
20110810,2.0109,2.1959,1.7454,1.7454,69115,0
20110811,1.8018,1.8018,1.649,1.7857,54939,0
20110812,1.7938,2.003,1.7776,1.8099,61657,0
20110816,1.9867,1.9867,1.8501,1.9707,16249,0
20110817,2.0109,2.1638,2.0109,2.1315,17120,0
20110818,2.3246,2.3246,1.8099,1.8099,104580,0
20110819,1.6893,1.8902,1.6732,1.8902,139782,0
20110822,1.8902,1.9064,1.7697,1.8582,19740,0
20110823,1.8501,1.866,1.8099,1.8501,15396,0
20110824,1.8582,1.9064,1.8501,1.8983,29667,0
20110825,1.8582,1.8582,1.7697,1.834,14273,0
20110826,1.7697,1.8823,1.7294,1.8823,5903,0
20110829,1.9064,1.9305,1.8902,1.9305,8531,0
20110830,1.9465,2.0431,1.8902,2.0431,17468,0
20110831,2.027,2.027,2.019,2.019,2399,0
20110901,2.027,2.1638,1.9707,2.019,17587,0
20110902,2.027,2.027,1.8179,1.9949,7248,0
20110905,1.9788,1.9788,1.7776,1.9707,2982,0
20110906,1.9627,2.0431,1.8501,1.9627,3542,0
20110907,1.9305,2.035,1.8582,2.035,8329,0
20110908,2.035,2.035,2.0109,2.0109,7371,0
20110909,1.8823,1.9305,1.8501,1.9305,6268,0
20110912,1.8902,1.9305,1.7374,1.834,15764,0
20110913,1.8501,1.8501,1.7294,1.7294,5321,0
20110914,1.7294,1.7374,1.7215,1.7294,7705,0
20110915,1.7294,1.7294,1.7294,1.7294,9568,0
20110916,1.7697,1.7697,1.6732,1.6732,15942,0
20110919,1.6088,1.665,1.5364,1.5926,15800,0
20110920,1.5926,1.5926,1.5204,1.5283,32686,0
20110921,1.5444,1.5444,1.4237,1.488,93320,0
20110922,1.488,1.488,1.3755,1.4076,102323,0
20110923,1.4076,1.4076,1.3432,1.3513,29230,0
20110926,1.3674,1.4318,1.3513,1.4237,46722,0
20110927,1.5283,1.5283,1.4237,1.4237,112190,0
20110928,1.4237,1.4399,1.3755,1.3916,28756,0
20110929,1.4237,1.4399,1.3674,1.4237,53134,0
20110930,1.4318,1.4318,1.4076,1.4076,15173,0
20111003,1.4237,1.4237,1.3272,1.3674,44392,0
20111004,1.3674,1.3674,1.2951,1.2951,36021,0
20111005,1.3272,1.3997,1.2951,1.3835,12013,0
20111006,1.4479,1.4479,1.3674,1.4157,22222,0
20111007,1.3835,1.3997,1.3432,1.3997,35683,0
20111010,1.3432,1.4318,1.3272,1.3997,124295,0
20111011,1.4399,1.4399,1.3916,1.3916,65602,0
20111012,1.4237,1.4237,1.3755,1.4237,72987,0
20111013,1.4237,1.4399,1.3997,1.3997,40314,0
20111014,1.4237,1.4237,1.3916,1.3916,25548,0
20111017,1.3835,1.4802,1.3674,1.3674,294700,0
20111018,1.3755,1.3755,1.3353,1.3674,74004,0
20111019,1.3997,1.3997,1.3513,1.3674,213814,0
20111020,1.3674,1.3755,1.3432,1.3432,23208,0
20111021,1.3513,1.5525,1.3432,1.4961,645453,0
20111024,1.4961,1.7536,1.488,1.7454,201766,0
20111025,1.7938,1.8501,1.6168,1.7215,165223,0
20111026,1.7215,1.8018,1.6893,1.7697,72391,0
20111027,1.834,1.8501,1.7857,1.8421,103850,0
20111028,1.8501,1.9707,1.8421,1.9144,227681,0
20111031,1.9225,2.003,1.9225,1.9867,33449,0
20111102,1.8179,1.9225,1.7857,1.9064,81237,0
20111103,1.9225,1.9546,1.9225,1.9465,39686,0
20111104,1.9707,2.003,1.8742,1.8823,59054,0
20111107,1.9627,1.9627,1.8099,1.9386,60610,0
20111108,1.9064,1.9627,1.9064,1.9627,28649,0
20111109,1.9386,1.9465,1.8179,1.8421,344772,0
20111110,1.834,1.9064,1.7857,1.8099,47389,0
20111114,1.8501,1.8902,1.8421,1.8902,39376,0
20111115,1.8902,1.9064,1.8501,1.8902,22359,0
20111116,1.8902,1.9465,1.8501,1.866,19021,0
20111117,1.8501,1.9305,1.8421,1.8902,23697,0
20111118,1.8823,1.9064,1.7697,1.8501,27912,0
20111121,1.7857,1.8501,1.7697,1.8501,39312,0
20111122,1.7857,1.7857,1.665,1.7294,56448,0
20111123,1.7133,1.7294,1.6812,1.7294,21779,0
20111124,1.7294,1.7294,1.6893,1.7294,64130,0
20111125,1.6248,1.7536,1.6248,1.7454,7262,0
20111128,1.7454,1.7454,1.6893,1.7133,21133,0
20111129,1.6732,1.6973,1.5845,1.6973,23626,0
20111130,1.5766,1.665,1.5685,1.665,20181,0
20111201,1.6893,1.6893,1.641,1.657,20217,0
20111202,1.657,1.7454,1.649,1.7215,53451,0
20111205,1.7294,1.7294,1.6812,1.6812,20301,0
20111206,1.6732,1.6893,1.6009,1.6088,49489,0
20111207,1.641,1.6812,1.641,1.649,16985,0
20111208,1.649,1.6812,1.5766,1.649,14703,0
20111209,1.5845,1.649,1.5364,1.649,26672,0
20111212,1.6329,1.641,1.6168,1.641,9236,0
20111213,1.5845,1.6168,1.5845,1.6168,974,0
20111214,1.5926,1.6329,1.5926,1.6329,26146,0
20111215,1.6329,1.6329,1.5766,1.6329,13476,0
20111216,1.6168,1.6329,1.5685,1.5685,10141,0
20111219,1.5283,1.641,1.488,1.6088,58976,0
20111220,1.6248,1.649,1.6248,1.641,59821,0
20111221,1.649,1.6732,1.641,1.6732,261620,0
20111222,1.6732,1.6893,1.6732,1.6893,36960,0
20111223,1.6893,1.7536,1.657,1.7374,43448,0
20111227,1.7454,1.8258,1.6893,1.8179,74797,0
20111228,1.7697,1.9225,1.7697,1.9064,28000,0
20111229,1.8742,1.8902,1.8099,1.8501,12478,0
20111230,1.797,1.8488,1.797,1.8488,7884,0
20120102,1.8582,1.8902,1.8582,1.8823,3353,0
20120103,1.8179,1.9788,1.8179,1.9788,73942,0
20120104,1.9627,1.9627,1.8742,1.8902,83398,0
20120105,1.9465,1.9465,1.8501,1.8823,1382,0
20120109,1.8421,1.9064,1.8421,1.8902,7137,0
20120110,1.8823,2.0753,1.8823,1.9707,57900,0
20120111,1.9465,1.9707,1.9064,1.9064,21415,0
20120112,1.8902,1.9627,1.8902,1.9465,18975,0
20120113,1.9627,1.9707,1.9064,1.9225,7908,0
20120116,1.9225,1.9627,1.8902,1.9386,11625,0
20120117,1.9386,2.0431,1.9386,1.9867,27951,0
20120118,2.0511,2.0753,2.0109,2.0753,29976,0
20120119,2.0753,2.1959,2.0511,2.1799,60015,0
20120120,2.204,2.3166,2.1718,2.3086,92961,0
20120123,2.3488,2.381,2.2684,2.3006,25915,0
20120124,2.2924,2.2924,2.1074,2.2443,128596,0
20120125,2.2603,2.3086,2.1236,2.1799,86047,0
20120126,2.1959,2.2684,2.0511,2.2522,36757,0
20120127,2.2281,2.3006,2.1959,2.2924,56526,0
20120130,2.3086,2.3891,2.2522,2.3891,113558,0
20120131,2.3759,2.5487,2.3759,2.5055,111958,0
20120201,2.582,2.6142,2.5097,2.5177,215506,0
20120202,2.5177,2.5901,2.4935,2.5016,62108,0
20120203,2.5337,2.6544,2.5337,2.5579,31504,0
20120206,2.6142,2.6706,2.5337,2.5981,29545,0
20120207,2.6063,2.6303,2.5337,2.5981,20004,0
20120208,2.5419,2.6142,2.5177,2.5579,19828,0
20120209,2.5177,2.6465,2.5016,2.5579,25039,0
20120210,2.5337,2.566,2.4372,2.4695,26547,0
20120213,2.4856,2.4935,2.4775,2.4775,4214,0
20120214,2.4856,2.4935,2.4614,2.4614,11524,0
20120215,2.4614,2.6142,2.4534,2.55,15278,0
20120216,2.6303,2.6303,2.5097,2.5258,23084,0
20120217,2.574,2.6142,2.574,2.6142,39218,0
20120220,2.6384,2.7992,2.6384,2.7832,33161,0
20120221,2.7832,2.9762,2.7832,2.8957,141408,0
20120222,2.96,2.96,2.8797,2.9118,17276,0
20120223,2.8957,2.96,2.8153,2.8957,18943,0
20120224,2.8957,2.8957,2.7912,2.8635,10318,0
20120227,2.8153,2.8153,2.582,2.7269,53113,0
20120228,2.7349,2.7509,2.6142,2.7188,25114,0
20120229,2.7188,2.8314,2.7108,2.8314,35092,0
20120301,2.8556,2.8556,2.582,2.7349,31486,0
20120302,2.6223,2.7912,2.6223,2.7269,82866,0
20120305,2.6706,2.6947,2.5981,2.6223,30511,0
20120306,2.582,2.582,2.4372,2.4935,55213,0
20120307,2.4372,2.4935,2.413,2.4935,31617,0
20120308,2.5016,2.7349,2.4775,2.6544,45990,0
20120309,2.7349,2.7349,2.574,2.7269,78442,0
20120312,2.6625,2.7188,2.6625,2.6625,9980,0
20120313,2.6867,2.6867,2.574,2.6544,33632,0
20120314,2.6063,2.6303,2.5579,2.6142,36225,0
20120315,2.6142,2.7188,2.6142,2.7188,31138,0
20120316,2.7188,2.8476,2.7188,2.8476,38770,0
20120319,2.8476,2.9682,2.8476,2.8556,35675,0
20120320,2.8957,2.8957,2.6625,2.8556,34228,0
20120321,2.8476,2.8476,2.7108,2.7751,18878,0
20120322,2.6947,2.7188,2.6465,2.7108,42623,0
20120323,2.7269,2.7751,2.5901,2.7751,23125,0
20120326,2.8233,2.8233,2.7429,2.7751,28963,0
20120327,2.8476,2.8476,2.7429,2.7751,13576,0
20120328,2.7671,2.7671,2.4935,2.6223,171307,0
20120329,2.55,2.6223,2.5177,2.574,16928,0
20120330,2.6179,2.6437,2.5745,2.5833,9185,0
20120402,2.5337,2.582,2.4212,2.566,15175,0
20120403,2.5419,2.566,2.4775,2.5177,6094,0
20120404,2.4856,2.4935,2.4534,2.4534,16437,0
20120405,2.4372,2.5097,2.4212,2.4856,17276,0
20120410,2.5419,2.5419,2.4614,2.5258,6693,0
20120411,2.4935,2.4935,2.2522,2.4856,44737,0
20120412,2.4212,2.4534,2.3891,2.4534,16555,0
20120413,2.3891,2.4695,2.3891,2.4372,17072,0
20120416,2.4372,2.4534,2.4372,2.4372,8223,0
20120417,2.4534,2.5337,2.4534,2.5337,13402,0
20120418,2.5016,2.5016,2.4534,2.4534,3864,0
20120419,2.4935,2.5258,2.413,2.5258,74211,0
20120420,2.4614,2.4935,2.2844,2.4453,136560,0
20120423,2.4453,2.4453,2.3166,2.3488,18541,0
20120424,2.3488,2.3488,2.3488,2.3488,2487,0
20120425,2.3407,2.4212,2.3407,2.4212,4030,0
20120426,2.4051,2.4212,2.3648,2.4212,53376,0
20120427,2.413,2.4935,2.381,2.4935,26405,0
20120430,2.5055,2.5315,2.4969,2.5055,5084,0
20120502,2.5016,2.6544,2.5016,2.5258,24436,0
20120504,2.5258,2.5337,2.5258,2.5337,1112,0
20120507,2.3891,2.4856,2.381,2.4453,19236,0
20120508,2.4372,2.4453,2.413,2.4453,31685,0
20120509,2.4293,2.4775,2.4293,2.4775,9330,0
20120510,2.4453,2.4453,2.4372,2.4453,7121,0
20120511,2.4453,2.4453,2.413,2.413,44161,0
20120514,2.413,2.413,2.3327,2.3891,9213,0
20120515,2.3568,2.413,2.3407,2.3407,2497,0
20120516,2.3729,2.3729,2.2603,2.3648,6876,0
20120517,2.2924,2.2924,2.2684,2.2684,25881,0
20120518,2.1074,2.2362,2.0511,2.1718,46338,0
20120521,2.1959,2.1959,2.0914,2.1315,12896,0
20120522,2.2202,2.2362,2.212,2.2202,21964,0
20120523,2.2443,2.2443,2.1315,2.1315,15157,0
20120524,2.1397,2.1397,2.0592,2.0592,11782,0
20120525,2.0431,2.1638,1.8983,2.1397,28334,0
20120528,2.1397,2.1397,2.1315,2.1315,4911,0
20120529,2.1397,2.2684,2.1236,2.2684,12653,0
20120530,2.212,2.2522,2.212,2.2522,5558,0
20120531,2.2032,2.4969,2.1859,2.4969,44593,0
20120601,2.413,2.4293,2.212,2.212,46734,0
20120604,2.1799,2.2281,2.0914,2.0914,19249,0
20120605,2.0592,2.0914,1.9627,2.0109,32676,0
20120606,1.9707,2.0673,1.9707,2.027,27211,0
20120608,2.027,2.0673,2.0109,2.0673,7118,0
20120611,2.0995,2.1718,2.0995,2.1315,7484,0
20120612,2.1397,2.204,2.1397,2.204,2431,0
20120613,2.1397,2.1879,2.1397,2.1397,8825,0
20120614,2.1557,2.1557,2.1397,2.1397,3740,0
20120615,2.1959,2.2924,2.1959,2.204,15509,0
20120618,2.2443,2.2764,2.2202,2.2764,10907,0
20120619,2.2684,2.3971,2.2684,2.3971,19504,0
20120620,2.3891,2.4534,2.3891,2.4534,9248,0
20120621,2.4534,2.5337,2.413,2.5337,118578,0
20120622,2.4935,2.574,2.4935,2.574,29048,0
20120626,2.5419,2.574,2.4935,2.4935,9586,0
20120627,2.4935,2.5258,2.4534,2.5258,6379,0
20120628,2.574,2.574,2.4935,2.4935,13230,0
20120629,2.5315,2.5315,2.5055,2.5227,5066,0
20120702,2.5579,2.5579,2.4935,2.55,3160,0
20120703,2.5487,2.5487,2.3587,2.4018,26862,0
20120704,2.4451,2.4451,2.3499,2.3932,13750,0
20120705,2.3499,2.4451,2.3499,2.4451,3405,0
20120706,2.4534,2.4614,2.4051,2.4534,7762,0
20120709,2.4293,2.4534,2.4212,2.4534,3903,0
20120710,2.4534,2.4534,2.413,2.4453,9497,0
20120711,2.413,2.4453,2.413,2.413,19013,0
20120712,2.413,2.4212,2.413,2.4212,6685,0
20120713,2.4797,2.4969,2.4797,2.4969,7111,0
20120716,2.4775,2.4775,2.413,2.4695,17830,0
20120717,2.4797,2.4797,2.419,2.4537,1382,0
20120718,2.4451,2.4451,2.4363,2.4451,4940,0
20120719,2.413,2.4453,2.413,2.4453,5894,0
20120720,2.4105,2.4363,2.4105,2.4105,11699,0
20120723,2.413,2.413,2.3407,2.413,19810,0
20120724,2.4278,2.4278,2.3587,2.3932,17081,0
20120725,2.3932,2.3932,2.3587,2.3932,9230,0
20120726,2.3932,2.3932,2.3932,2.3932,1928,0
20120727,2.4018,2.4105,2.3932,2.3932,751304,0
20120730,2.3845,2.3932,2.3845,2.3932,24163,0
20120731,2.3932,2.3932,2.2635,2.3327,19992,0
20120801,2.4624,2.4624,2.2895,2.4451,23151,0
20120802,2.3587,2.4363,2.3414,2.419,8809,0
20120803,2.419,2.4278,2.419,2.4278,2066,0
20120806,2.3327,2.4278,2.2895,2.4278,50915,0
20120807,2.419,2.419,2.3327,2.419,5513,0
20120809,2.4018,2.419,2.3327,2.4105,4989,0
20120810,2.3759,2.3759,2.3759,2.3759,1944,0
20120813,2.3327,2.3327,2.2722,2.3327,8405,0
20120814,2.2895,2.3327,2.2895,2.3327,510,0
20120816,2.2895,2.3069,2.2808,2.3069,2738,0
20120817,2.298,2.3327,2.2635,2.3327,7660,0
20120820,2.3327,2.4105,2.3327,2.4105,2547,0
20120821,2.4105,2.5315,2.4105,2.5227,13491,0
20120822,2.4969,2.54,2.419,2.5055,42183,0
20120823,2.4537,2.5055,2.419,2.5055,20611,0
20120824,2.4624,2.5315,2.3932,2.5142,7826,0
20120827,2.5142,2.5142,2.4451,2.4969,11130,0
20120828,2.4969,2.4969,2.4709,2.4882,29402,0
20120829,2.4969,2.5055,2.4278,2.4278,14123,0
20120830,2.419,2.4882,2.4018,2.4882,3227,0
20120831,2.4018,2.4797,2.3414,2.4797,15018,0
20120903,2.6352,2.7647,2.6352,2.6782,82266,0
20120904,2.7128,2.7215,2.6179,2.661,22734,0
20120905,2.6179,2.6179,2.5227,2.5745,49899,0
20120906,2.54,2.566,2.4709,2.4709,28726,0
20120907,2.4797,2.5833,2.4797,2.54,59356,0
20120910,2.5142,2.6006,2.5055,2.5573,4901,0
20120911,2.5573,2.5573,2.5487,2.5487,303778,0
20120912,2.5487,2.5833,2.54,2.54,18452,0
20120913,2.54,2.6092,2.5315,2.5919,27333,0
20120914,2.5745,2.6697,2.5745,2.6697,24118,0
20120917,2.7042,2.7474,2.6437,2.7474,104492,0
20120918,2.7992,2.8943,2.7819,2.8597,94554,0
20120919,2.8684,3.0671,2.8684,3.0239,252485,0
20120920,3.0498,3.0498,2.9461,3.0239,83960,0
20120921,3.0239,3.1102,2.9806,3.1102,45251,0
20120924,3.0671,3.0671,2.972,2.972,12963,0
20120925,2.9634,3.0671,2.8597,3.0412,43428,0
20120926,3.0239,3.0239,2.9461,2.9979,25465,0
20120927,2.9288,3.0239,2.9288,3.0239,6569,0
20120928,2.9806,3.0412,2.9634,3.0412,10119,0
20121001,3.0325,3.0671,3.0066,3.0671,17280,0
20121002,3.1016,3.2831,3.1016,3.2831,117756,0
20121003,3.3263,3.5422,3.3263,3.4472,66009,0
20121004,3.5077,3.5335,3.4472,3.4472,75886,0
20121005,3.4472,3.4472,3.3695,3.3781,27467,0
20121008,3.3263,3.4126,3.2571,3.4126,27019,0
20121009,3.4126,3.6632,3.3781,3.6287,28433,0
20121010,3.5854,3.5854,3.3781,3.4644,7060,0
20121011,3.5335,3.6199,3.5335,3.5854,20331,0
20121012,3.4472,3.5422,3.4472,3.5077,1968,0
20121015,3.4559,3.499,3.2918,3.3695,28844,0
20121016,3.3867,3.4904,3.3867,3.4732,5053,0
20121017,3.4817,3.5854,3.4213,3.5769,18327,0
20121018,3.499,3.6287,3.499,3.5854,19496,0
20121019,3.5422,3.8879,3.5162,3.7151,59434,0
20121022,3.7151,4.0865,3.7151,3.9742,191251,0
20121023,4.0519,4.1471,3.7582,3.8446,159450,0
20121024,3.8446,3.8879,3.7064,3.836,30734,0
20121025,3.836,3.836,3.6977,3.7497,16404,0
20121026,3.7237,3.81,3.7237,3.7842,12128,0
20121029,3.8706,4.0865,3.7842,4.0347,551479,0
20121030,4.1471,4.2334,4.0174,4.0174,68939,0
20121031,4.0607,4.1471,3.9916,4.1211,17160,0
20121102,4.1298,4.1817,3.9829,4.0089,22889,0
20121105,3.9829,4.0174,3.8964,3.8964,21529,0
20121106,3.8446,3.9742,3.8446,3.9742,15907,0
20121107,3.9742,3.9742,3.8015,3.8015,39072,0
20121108,3.8015,3.8879,3.8015,3.8446,361181,0
20121109,3.8015,3.836,3.7582,3.8015,16495,0
20121112,3.8015,3.8015,3.7582,3.7927,69449,0
20121113,3.8015,4.0434,3.7669,3.9916,36812,0
20121114,3.9829,4.0519,3.9052,3.9482,33055,0
20121115,3.8964,4.0607,3.8273,3.8273,56472,0
20121116,3.8879,3.8879,3.5508,3.6114,56875,0
20121119,3.5941,3.7409,3.5941,3.7064,28221,0
20121120,3.7064,3.7064,3.6632,3.6632,11513,0
20121121,3.6632,3.6632,3.4126,3.4559,45109,0
20121122,3.4126,3.4904,3.3004,3.4817,207589,0
20121123,3.5681,3.6717,3.5077,3.6027,61544,0
20121126,3.6287,3.6287,3.5854,3.6199,2734,0
20121127,3.5941,3.5941,3.525,3.5854,3620,0
20121128,3.5077,3.5854,3.4213,3.4904,13181,0
20121129,3.5077,3.7151,3.3349,3.6717,110968,0
20121130,3.6199,3.7409,3.5508,3.7409,51064,0
20121203,3.6545,3.8534,3.6459,3.8534,12211,0
20121204,3.8446,3.8879,3.7755,3.8619,28530,0
20121205,3.8273,3.8273,3.7237,3.7324,12813,0
20121206,3.7237,3.7409,3.6632,3.7409,12354,0
20121207,3.7151,3.7237,3.689,3.7237,714,0
20121210,3.7151,3.7237,3.6545,3.6632,3996,0
20121211,3.6632,3.6805,3.5681,3.6805,22402,0
20121212,3.6027,3.7324,3.6027,3.689,6083,0
20121213,3.6977,3.6977,3.6114,3.689,7264,0
20121214,3.6287,3.6805,3.6287,3.6805,2292,0
20121217,3.6114,3.6805,3.6027,3.6805,10250,0
20121218,3.6977,3.8706,3.6805,3.8015,58485,0
20121219,3.836,3.9742,3.8015,3.9397,52097,0
20121220,3.9397,3.9397,3.8446,3.8446,31398,0
20121221,3.8187,3.8446,3.7237,3.7237,43347,0
20121227,3.7151,3.81,3.689,3.7842,12459,0
20121228,3.7064,3.7324,3.6287,3.6717,142388,0
20130102,3.6805,3.7151,3.6717,3.6977,14513,0
20130103,3.6717,3.7497,3.6372,3.6977,4187,0
20130104,3.6459,3.6459,3.5422,3.6114,22022,0
20130107,3.6459,3.6459,3.5854,3.6459,4171,0
20130108,3.6287,3.6372,3.5854,3.6199,11849,0
20130109,3.6199,3.6199,3.5595,3.6114,4879,0
20130110,3.5681,3.6027,3.5508,3.5941,11393,0
20130111,3.5595,3.7151,3.5595,3.6717,11472,0
20130114,3.6717,3.6717,3.6372,3.6632,10221,0
20130115,3.7151,3.7755,3.6459,3.7755,9885,0
20130116,3.7409,3.9655,3.7324,3.7927,56821,0
20130117,3.8619,3.8619,3.7497,3.7927,13956,0
20130118,3.7409,3.7927,3.6717,3.7497,23301,0
20130121,3.6805,3.8446,3.6805,3.8446,67403,0
20130122,3.7497,3.8273,3.7497,3.8187,11510,0
20130123,3.7409,4.0607,3.7237,3.8792,266322,0
20130124,3.931,3.9655,3.8273,3.8879,71280,0
20130125,3.8879,3.931,3.8706,3.9052,17978,0
20130128,3.931,3.9397,3.8015,3.8187,12294,0
20130129,3.8187,3.836,3.7582,3.7927,14940,0
20130130,3.7669,3.8187,3.6372,3.6977,28586,0
20130131,3.689,3.689,3.6287,3.6459,14441,0
20130201,3.6372,3.7151,3.6372,3.6805,10418,0
20130204,3.7324,3.7497,3.6717,3.7064,22131,0
20130205,3.7064,3.7064,3.5854,3.6632,44841,0
20130206,3.6287,3.689,3.3695,3.5854,30965,0
20130207,3.5681,3.5681,3.4472,3.5335,33612,0
20130208,3.5854,3.5854,3.4559,3.4732,30218,0
20130211,3.5162,3.5508,3.499,3.5077,22177,0
20130212,3.525,3.6287,3.309,3.4126,68434,0
20130213,3.3781,3.3781,3.2398,3.2831,66155,0
20130214,3.2744,3.3004,3.2398,3.2831,36679,0
20130215,3.3004,3.5769,3.2485,3.5508,226326,0
20130218,3.5769,3.6027,3.5077,3.5681,35120,0
20130219,3.5595,3.5769,3.525,3.5335,17519,0
20130220,3.5422,3.5854,3.5422,3.5681,15123,0
20130221,3.5769,3.5769,3.4817,3.499,69386,0
20130222,3.4644,3.5422,3.4644,3.499,46500,0
20130225,3.4904,3.5335,3.4559,3.499,94388,0
20130226,3.499,3.5854,3.4732,3.4904,24680,0
20130227,3.499,3.5769,3.499,3.5769,57542,0
20130228,3.5854,3.7151,3.5681,3.5681,130678,0
20130301,3.5681,3.6287,3.5077,3.525,86242,0
20130304,3.4559,3.5508,3.4559,3.5508,22006,0
20130305,3.5162,3.5508,3.499,3.5508,16319,0
20130306,3.525,3.5769,3.5077,3.5769,16400,0
20130307,3.5769,3.6977,3.5769,3.689,59205,0
20130308,3.6805,3.689,3.6114,3.6199,28064,0
20130311,3.6199,3.6459,3.5508,3.6459,23483,0
20130312,3.5595,3.6199,3.4904,3.5162,95609,0
20130313,3.4817,3.5595,3.4559,3.5595,53479,0
20130314,3.5422,3.5422,3.499,3.5335,14257,0
20130315,3.5077,3.525,3.4559,3.525,37468,0
20130318,3.5162,3.5162,3.4732,3.499,18320,0
20130319,3.5077,3.5077,3.3436,3.4472,45419,0
20130320,3.404,3.4126,3.3522,3.404,26728,0
20130321,3.404,3.4299,3.3695,3.4213,22273,0
20130322,3.3867,3.3867,3.3263,3.3695,12915,0
20130325,3.4126,3.4126,3.3263,3.3263,17246,0
20130326,3.2657,3.3177,3.1102,3.1449,20570,0
20130327,3.1361,3.2571,3.1361,3.1967,12308,0
20130328,3.2226,3.2226,3.0757,3.1621,39043,0
20130402,3.1621,3.188,3.1102,3.1189,49685,0
20130403,3.1275,3.1535,3.1102,3.1189,14810,0
20130404,3.1016,3.1016,3.0239,3.093,24056,0
20130405,3.1967,3.1967,3.1016,3.1102,11836,0
20130408,3.1102,3.1708,3.1102,3.1621,12264,0
20130409,3.1967,3.1967,3.1361,3.1449,12666,0
20130410,3.1535,3.2139,3.1102,3.1967,29758,0
20130411,3.2226,3.4126,3.2053,3.3867,27243,0
20130412,3.3695,3.499,3.3004,3.4559,31209,0
20130415,3.4559,3.4817,3.3349,3.3522,20500,0
20130417,3.3522,3.4126,3.2398,3.309,33020,0
20130418,3.2831,3.3004,3.188,3.2831,27051,0
20130419,3.309,3.3781,3.1967,3.3695,9722,0
20130422,3.2657,3.3004,3.1967,3.1967,6507,0
20130423,3.1621,3.3263,3.1189,3.2312,22541,0
20130424,3.2312,3.2744,3.1189,3.2226,5101,0
20130425,3.2226,3.2226,3.0412,3.1102,44184,0
20130426,3.1102,3.2657,3.1102,3.2657,12523,0
20130429,3.2657,3.2657,3.2139,3.2139,2907,0
20130430,3.2624,3.3258,3.2079,3.2624,6076,0
20130502,3.2744,3.3263,3.2657,3.3263,4051,0
20130506,3.3263,3.4472,3.2226,3.4472,15496,0
20130507,3.4126,3.4817,3.4126,3.4386,16487,0
20130508,3.4732,3.4732,3.3263,3.3263,17231,0
20130509,3.2831,3.3263,3.2398,3.2831,9442,0
20130510,3.2485,3.3004,3.2398,3.3004,19514,0
20130513,3.3263,3.4559,3.3263,3.4126,49922,0
20130514,3.4472,3.4472,3.4126,3.4386,13904,0
20130515,3.4472,3.5941,3.3608,3.3608,45633,0
20130516,3.2485,3.3522,3.1275,3.2831,43276,0
20130517,3.2744,3.2831,3.2139,3.2139,14023,0
20130520,3.2226,3.2831,3.1621,3.2831,13221,0
20130521,3.2744,3.2744,3.1967,3.1967,2599,0
20130522,3.1967,3.2139,3.1102,3.1535,40461,0
20130523,3.1535,3.3349,3.1535,3.2139,33527,0
20130524,3.2398,3.2831,3.0843,3.1967,113205,0
20130527,3.2226,3.3608,3.2226,3.3004,99183,0
20130528,3.3263,3.4386,3.3263,3.404,31208,0
20130529,3.404,3.499,3.3608,3.499,24986,0
20130531,3.4798,3.6066,3.4798,3.5432,58811,0
20130603,3.5422,3.5508,3.499,3.499,27887,0
20130604,3.5422,3.6199,3.5422,3.6027,24589,0
20130605,3.5941,3.7064,3.5941,3.6459,31695,0
20130606,3.6114,3.7064,3.6114,3.6717,28014,0
20130607,3.7064,3.7064,3.6459,3.6977,9051,0
20130610,3.7151,3.7151,3.6287,3.6545,38540,0
20130611,3.689,3.7409,3.6287,3.7409,106273,0
20130612,3.7582,3.9655,3.7582,3.9655,477897,0
20130613,3.8879,3.931,3.8619,3.9224,18242,0
20130614,3.9655,3.9655,3.8706,3.8964,97391,0
20130617,3.8964,3.9052,3.8534,3.8964,804621,0
20130618,3.8534,3.931,3.7842,3.931,491457,0
20130619,4.0089,4.1298,3.9829,3.9829,68313,0
20130620,3.9829,3.9829,3.7324,3.9137,74140,0
20130621,3.7755,3.836,3.5595,3.7669,93874,0
20130624,3.6805,3.836,3.6805,3.7755,30437,0
20130625,3.8015,3.8879,3.8015,3.8792,22513,0
20130626,3.7927,3.8446,3.7669,3.8273,24700,0
20130627,3.8446,3.8879,3.7151,3.8879,27676,0
20130628,3.9655,3.9655,3.81,3.8964,35050,0
20130701,3.836,3.931,3.7842,3.931,5427,0
20130702,3.931,4.0174,3.8619,3.9829,30599,0
20130703,4.0145,4.0416,3.96,4.0416,26443,0
20130704,4.0519,4.0779,3.9742,3.9742,19236,0
20130705,3.9482,4.0519,3.9397,4.0519,9188,0
20130708,4.0174,4.0174,3.8706,3.8706,11349,0
20130709,3.81,3.8187,3.6287,3.7582,27858,0
20130710,3.7497,3.7582,3.7237,3.7582,7292,0
20130711,3.7669,3.836,3.7669,3.8273,6769,0
20130712,3.8015,3.9137,3.7669,3.9137,6824,0
20130715,3.9052,3.9052,3.7842,3.8015,9059,0
20130716,3.8015,3.8446,3.8015,3.8446,3953,0
20130717,3.797,3.9057,3.797,3.8604,15373,0
20130718,3.8446,3.957,3.8015,3.9482,11606,0
20130719,3.8619,3.957,3.8446,3.9482,17714,0
20130722,3.9742,4.0001,3.9742,3.9916,4785,0
20130723,3.9742,3.9742,3.8706,3.957,9248,0
20130724,3.957,4.2334,3.957,4.2334,139762,0
20130725,4.1471,4.4062,4.1471,4.3457,68522,0
20130726,4.3112,4.3716,4.2939,4.3112,34875,0
20130729,4.3112,4.4926,4.3112,4.4753,106580,0
20130730,4.5219,4.5944,4.4857,4.54,97789,0
20130731,4.5098,4.579,4.4062,4.579,131072,0
20130801,4.4946,4.7032,4.4585,4.7032,53462,0
20130802,4.685,4.685,4.54,4.6669,19473,0
20130805,4.6222,4.6567,4.1902,4.4062,77989,0
20130806,4.4041,4.4946,4.3588,4.3588,18899,0
20130807,4.3284,4.3543,4.1989,4.3543,52152,0
20130808,4.4149,4.4926,4.3543,4.4494,54399,0
20130809,4.4494,4.54,4.3588,4.4766,26562,0
20130812,4.5357,4.5357,4.3889,4.4062,36333,0
20130813,4.4222,4.4857,4.4041,4.4494,50782,0
20130814,4.5944,4.6306,4.4857,4.5763,54241,0
20130816,4.5491,4.5491,4.5038,4.5038,8587,0
20130819,4.4857,4.4857,4.2591,4.3316,32314,0
20130820,4.3316,4.3316,4.1866,4.2591,49470,0
20130821,4.2591,4.3316,4.1956,4.2953,78412,0
20130822,4.3044,4.395,4.2953,4.395,35104,0
20130823,4.4857,4.5309,4.4041,4.5309,23226,0
20130826,4.5309,4.6034,4.3859,4.5309,30000,0
20130827,4.4494,4.4494,4.3859,4.4312,44546,0
20130828,4.377,4.4312,4.2772,4.3859,26543,0
20130829,4.395,4.6215,4.3859,4.6215,29578,0
20130830,4.6125,4.7575,4.4585,4.7575,47823,0
20130902,4.7575,4.9298,4.7303,4.9025,89765,0
20130903,4.7484,4.7847,4.6215,4.6941,75720,0
20130904,4.7121,4.7121,4.6578,4.7121,9662,0
20130905,4.7121,4.7121,4.3225,4.4131,44776,0
20130906,4.3588,4.5673,4.3588,4.5673,26159,0
20130909,4.6034,4.6488,4.5309,4.54,23010,0
20130910,4.5944,4.676,4.5944,4.6034,9451,0
20130911,4.6034,4.6034,4.4946,4.5309,9397,0
20130912,4.54,4.6034,4.5309,4.6034,13744,0
20130913,4.6034,4.6034,4.5763,4.5763,5753,0
20130916,4.5763,4.7484,4.5763,4.7484,40764,0
20130917,4.7937,4.8481,4.7121,4.8481,82217,0
20130918,4.8571,4.8935,4.821,4.83,62545,0
20130919,4.8571,5.1019,4.8571,5.0746,88455,0
20130920,5.0746,5.12,4.984,4.984,9021,0
20130923,5.0928,5.0928,4.8935,4.9568,12911,0
20130924,4.8935,5.0203,4.8935,4.975,9840,0
20130925,4.9025,4.9659,4.9025,4.9659,15289,0
20130926,5.0294,5.0746,5.0294,5.0746,24454,0
20130927,5.1472,5.3827,5.1472,5.3827,75370,0
20130930,5.265,5.5731,5.256,5.5731,95530,0
20131001,5.4553,5.564,5.4553,5.4734,13878,0
20131002,5.5731,5.6274,5.4553,5.6184,33078,0
20131003,5.6637,5.7543,5.265,5.5096,54158,0
20131004,5.4826,5.5005,5.3737,5.4734,19182,0
20131007,5.4371,5.4371,5.2922,5.3647,12320,0
20131008,5.3465,5.3465,5.2015,5.2378,12318,0
20131009,5.2106,5.4009,5.2106,5.4009,15897,0
20131010,5.3102,5.6184,5.3102,5.5731,61878,0
20131011,5.6002,5.6092,5.4371,5.5731,84516,0
20131014,5.555,5.6002,5.5187,5.5187,4566,0
20131015,5.5005,5.5278,5.4734,5.4826,36848,0
20131016,5.4826,5.6184,5.4826,5.6002,33495,0
20131017,5.6184,5.6184,5.4371,5.4371,97500,0
20131018,5.4371,5.564,5.4371,5.5459,724997,0
20131021,5.7996,5.9355,5.709,5.8903,150886,0
20131022,5.8903,6.2889,5.8903,6.2437,149125,0
20131023,6.2528,6.2528,6.1168,6.1259,543513,0
20131024,6.0896,6.2528,6.0715,6.2165,10554,0
20131025,6.2074,6.6968,6.2074,6.6152,71184,0
20131028,6.887,6.887,6.434,6.5245,64283,0
20131029,6.733,6.733,6.5427,6.5427,57564,0
20131030,6.5608,6.5608,6.3524,6.443,37301,0
20131031,6.3434,6.3434,6.0262,6.1349,72866,0
20131104,6.1349,6.2889,6.1078,6.1078,64831,0
20131105,6.2255,6.2255,6.1078,6.1349,30492,0
20131106,6.2074,6.298,6.2074,6.2074,55111,0
20131107,6.2889,6.2889,6.1078,6.162,27640,0
20131108,6.162,6.2074,6.0806,6.1802,49332,0
20131112,6.2074,6.3071,6.144,6.2437,41840,0
20131113,6.2708,6.2708,6.1349,6.1712,17646,0
20131114,6.1712,6.3343,5.9355,6.0896,150281,0
20131115,6.0715,6.0986,5.9899,6.0986,34161,0
20131118,5.999,6.162,5.999,6.162,21589,0
20131119,6.162,6.162,6.0262,6.0533,26479,0
20131120,5.9809,5.9899,5.8993,5.9446,31709,0
20131121,5.9355,5.9809,5.8993,5.9809,13671,0
20131122,6.0715,6.1349,6.0624,6.1259,29467,0
20131125,6.1531,6.1531,6.0443,6.1349,12396,0
20131126,6.0624,6.0896,6.0352,6.0352,11434,0
20131127,5.9899,5.9899,5.8993,5.9084,12574,0
20131128,5.9084,5.9084,5.6274,5.7181,36168,0
20131129,5.6365,5.9084,5.6274,5.9084,1168408,0
20131202,6.162,6.3071,6.162,6.2074,74093,0
20131203,6.2889,6.298,5.9446,5.9627,60273,0
20131204,6.0262,6.2255,6.0262,6.0262,24619,0
20131205,6.0533,6.2074,6.0533,6.162,13984,0
20131206,6.162,6.2074,6.0352,6.1893,13091,0
20131209,6.2165,6.298,6.1983,6.2165,39186,0
20131210,6.2889,6.2889,6.0262,6.1893,12382,0
20131211,6.1531,6.1531,6.1168,6.144,4776,0
20131212,6.0896,6.0896,5.9355,5.9355,10187,0
20131213,5.9355,6.1893,5.8903,5.8903,23700,0
20131216,5.8993,5.9809,5.8903,5.8903,8456,0
20131217,5.9809,6.2528,5.8903,5.8903,58302,0
20131218,5.8903,6.0986,5.7543,6.0715,23374,0
20131219,6.0986,6.2074,5.8087,5.8268,30093,0
20131220,5.8903,6.0806,5.7181,5.8812,34450,0
20131223,5.8812,6.1168,5.8812,6.0896,5923,0
20131227,6.1078,6.1983,6.0896,6.0896,18720,0
20131230,6.0533,6.2528,5.9355,6.2528,36679,0
20140102,5.9899,6.2346,5.9899,6.1531,31990,0
20140103,6.1712,6.2346,6.144,6.1531,33898,0
20140107,6.1983,6.1983,5.9809,6.0715,16012,0
20140108,5.999,6.1168,5.9175,6.0986,29826,0
20140109,6.1168,6.1531,6.0443,6.0443,10047,0
20140110,6.0262,6.0443,5.9809,6.0262,17133,0
20140113,6.0715,6.1168,6.0262,6.0986,14094,0
20140114,6.0986,6.162,6.0986,6.144,14669,0
20140115,6.162,6.579,6.1259,6.579,191674,0
20140116,6.6152,6.7874,6.6152,6.7783,103543,0
20140117,6.7783,6.7783,6.6333,6.6877,38223,0
20140120,6.6786,6.7783,6.6786,6.7693,267668,0
20140121,6.7511,6.7511,6.6061,6.7239,24423,0
20140122,6.7693,6.9323,6.7511,6.9234,81217,0
20140123,6.9776,7.1136,6.9596,6.9686,27016,0
20140124,6.9867,6.9867,6.6696,6.9414,21302,0
20140127,6.9052,6.9052,6.2165,6.4158,195397,0
20140128,6.3976,6.7059,6.298,6.6606,100971,0
20140129,6.6786,6.8689,6.5245,6.7965,82719,0
20140130,6.7059,6.7602,6.579,6.7602,7995,0
20140131,6.7602,6.7602,6.4611,6.7148,116868,0
20140203,6.6968,6.6968,6.5155,6.579,34169,0
20140204,6.5245,6.5245,6.3615,6.4974,26882,0
20140205,6.5155,6.5245,6.3615,6.4158,72664,0
20140206,6.4521,6.4703,6.2437,6.4703,181117,0
20140207,6.4703,6.5608,6.4521,6.5518,46850,0
20140210,6.5064,6.588,6.4793,6.5064,208427,0
20140211,6.5608,6.5971,6.4974,6.588,43189,0
20140212,6.6152,6.7783,6.6152,6.6606,47674,0
20140213,6.6786,6.7965,6.6424,6.6514,126867,0
20140214,6.6514,6.6514,6.5427,6.5427,55294,0
20140217,6.5699,6.588,6.4521,6.4521,174893,0
20140218,6.4611,6.5245,6.3524,6.3524,86857,0
20140219,6.3976,6.5064,5.9809,6.2346,80721,0
20140220,6.2528,6.2889,6.1712,6.1712,26816,0
20140221,6.1712,6.2074,6.144,6.162,64187,0
20140224,6.162,6.1802,6.0262,6.1168,38254,0
20140225,6.1168,6.2255,6.0896,6.1712,20761,0
20140226,6.1893,6.2074,5.9809,5.9809,29448,0
20140227,5.9355,5.9809,5.7996,5.8268,46310,0
20140228,5.9537,6.1531,5.9355,6.0352,62844,0
20140303,5.4826,5.5913,4.9387,5.3012,347709,0
20140304,5.274,5.6274,5.256,5.2922,190167,0
20140305,5.4009,5.4009,5.2922,5.2922,124255,0
20140306,5.3737,5.4371,5.2106,5.256,188845,0
20140307,5.2106,5.2106,4.8844,4.8844,102141,0
20140310,4.7212,5.0294,4.5309,4.7394,298663,0
20140311,4.9387,5.12,4.8753,5.12,232767,0
20140312,5.1653,5.1653,4.9478,4.9478,42906,0
20140313,4.984,5.0746,4.7394,4.7756,49071,0
20140314,4.6125,4.7937,4.5309,4.7847,77153,0
20140317,4.8481,5.1472,4.8481,5.0928,155535,0
20140318,5.12,5.3647,5.12,5.3012,93902,0
20140319,5.3012,5.3918,5.256,5.274,71120,0
20140320,5.3284,5.3375,5.2288,5.3284,13564,0
20140321,5.3375,5.3737,5.283,5.283,10322,0
20140324,5.274,5.274,5.0203,5.0837,12606,0
20140325,5.0746,5.1834,5.0112,5.1834,24398,0
20140326,5.2106,5.3557,5.2015,5.3102,19464,0
20140327,5.3102,5.3647,5.256,5.3194,14047,0
20140328,5.3375,5.3375,5.1743,5.3194,36999,0
20140331,5.3647,5.6184,5.3647,5.5459,85867,0
20140401,5.6184,5.7996,5.6092,5.7634,73364,0
20140402,5.8358,5.8358,5.6819,5.7906,36289,0
20140403,5.8087,5.8178,5.6909,5.8178,16501,0
20140404,5.7996,5.8358,5.709,5.7816,21902,0
20140407,5.6819,5.709,5.5822,5.5913,60299,0
20140408,5.6637,5.6637,5.6002,5.6002,8084,0
20140409,5.5913,5.7,5.5913,5.6547,15724,0
20140410,5.6637,5.7543,5.6637,5.7181,5625,0
20140411,5.7181,5.7361,5.6092,5.7181,13269,0
20140414,5.5278,5.6637,5.5005,5.6365,52341,0
20140415,5.5731,5.5731,5.4371,5.4462,39167,0
20140416,5.4462,5.5187,5.2015,5.2469,23835,0
20140417,5.3827,5.3827,5.265,5.2922,14027,0
20140422,5.4462,5.5278,5.3102,5.3102,74698,0
20140423,5.4099,5.4734,5.3194,5.3194,7311,0
20140424,5.3194,5.3918,5.3102,5.3102,16467,0
20140425,5.283,5.3012,5.1653,5.2106,14795,0
20140428,5.12,5.2469,5.0746,5.0928,22090,0
20140429,5.0746,5.0837,4.9025,4.9387,113431,0
20140430,4.9298,4.9298,4.7847,4.8663,113418,0
20140502,4.8663,4.8753,4.8571,4.8571,1794,0
20140505,4.8844,4.8844,4.839,4.8481,56523,0
20140506,4.7847,4.8571,4.7847,4.8029,77022,0
20140507,4.7847,4.839,4.6306,4.7303,88351,0
20140508,4.7666,4.839,4.5944,4.5944,28617,0
20140509,4.6669,4.676,4.5673,4.5673,47753,0
20140512,4.5673,4.5673,4.4585,4.4585,167698,0
20140513,4.4494,4.5219,4.4494,4.4585,17953,0
20140514,4.4857,4.8029,4.4675,4.6306,59027,0
20140515,4.6215,4.6306,4.5491,4.6215,20751,0
20140516,4.6669,4.7937,4.6034,4.6034,43338,0
20140519,4.6215,4.7121,4.5763,4.6034,23511,0
20140520,4.6578,4.7121,4.6215,4.676,21946,0
20140521,4.7484,4.9387,4.7484,4.8844,49693,0
20140522,5.0746,5.0746,4.7666,4.8029,71704,0
20140523,4.8935,4.8935,4.676,4.7303,34197,0
20140526,4.7575,4.8663,4.6941,4.6941,27809,0
20140527,4.7575,4.9478,4.6941,4.9478,66847,0
20140528,5.0294,5.0746,4.9387,5.0746,153977,0
20140529,5.0746,5.1562,5.0474,5.1019,16002,0
20140530,5.1019,5.1562,5.0294,5.0294,46630,0
20140602,5.0565,5.2015,5.0294,5.0565,60467,0
20140603,5.1109,5.1925,5.0565,5.1472,14484,0
20140604,5.1653,5.1653,5.0746,5.0928,12960,0
20140605,5.0746,5.0746,5.0203,5.0385,15975,0
20140606,5.1109,5.12,5.0112,5.0656,7216,0
20140609,5.12,5.1291,5.0112,5.1109,28962,0
20140610,5.12,5.12,5.0565,5.1019,15396,0
20140611,5.1019,5.1019,5.0022,5.0022,16348,0
20140612,4.984,4.984,4.8935,4.9025,22879,0
20140613,4.9116,4.9116,4.8481,4.8481,11693,0
20140616,4.8119,4.8844,4.7212,4.8844,12527,0
20140617,4.8935,4.9387,4.8935,4.8935,13154,0
20140618,4.8844,5.0656,4.8844,5.0022,23264,0
20140620,5.0294,5.0385,4.9387,5.0203,20568,0
20140623,4.984,5.1109,4.984,5.0656,181797,0
20140624,5.1472,5.2196,5.12,5.1743,34503,0
20140625,5.1834,5.274,5.1653,5.2015,137620,0
20140626,5.1653,5.2378,5.0928,5.1019,9673,0
20140627,5.1381,5.6455,5.1109,5.5731,391231,0
20140630,5.6184,5.6547,5.5096,5.5096,130176,0
20140701,5.3918,5.5096,5.3918,5.4553,40471,0
20140702,5.4099,5.6092,5.4099,5.5913,117831,0
20140703,5.5913,5.5913,5.4371,5.5368,86119,0
20140704,5.5278,5.5822,5.5187,5.564,17213,0
20140707,5.564,5.564,5.4915,5.5278,6512,0
20140708,5.5913,5.7816,5.5913,5.7634,109075,0
20140709,5.7453,5.7634,5.5368,5.6092,35757,0
20140710,5.6274,5.6727,5.5278,5.5459,21325,0
20140711,5.5278,5.7453,5.5278,5.7453,20732,0
20140714,5.7453,5.7453,5.6637,5.6637,21664,0
20140715,5.6637,5.7271,5.6092,5.6637,8909,0
20140716,5.6365,5.6365,5.6002,5.6002,12140,0
20140717,5.5731,5.6002,5.4826,5.5731,31479,0
20140718,5.5459,5.564,5.1653,5.4644,91062,0
20140721,5.5731,5.5731,5.4462,5.5005,9327,0
20140722,5.5459,5.5459,5.4371,5.5096,19252,0
20140723,5.5096,5.5368,5.4371,5.5368,10661,0
20140724,5.5278,5.5278,5.4915,5.5278,8208,0
20140725,5.5368,5.564,5.5005,5.5278,16473,0
20140728,5.5278,5.564,5.4826,5.564,13049,0
20140729,5.621,5.8018,5.621,5.7067,16754,0
20140730,5.7542,5.7542,5.4784,5.7067,91167,0
20140731,5.6877,5.7447,5.6401,5.7447,21166,0
20140801,5.7353,5.7827,5.6021,5.7827,23443,0
20140804,5.7542,5.9825,5.6781,5.9825,33574,0
20140805,5.992,5.992,5.8874,5.8969,52795,0
20140806,5.8969,5.8969,5.7067,5.7257,10955,0
20140807,5.7257,5.7447,5.4689,5.5165,24763,0
20140808,5.4689,5.4689,4.9743,5.0123,142802,0
20140811,5.0979,5.2787,5.0979,5.2787,46369,0
20140812,5.2787,5.2882,5.1836,5.2311,59205,0
20140813,5.2311,5.2311,5.0979,5.155,91116,0
20140814,5.155,5.2121,5.1075,5.174,5176,0
20140818,5.136,5.2311,5.136,5.155,18635,0
20140819,5.155,5.2882,5.155,5.2882,11022,0
20140820,5.2882,5.3167,5.1931,5.2596,7808,0
20140821,5.2311,5.3167,5.2311,5.3167,3953,0
20140822,5.3738,5.4689,5.3357,5.3357,38899,0
20140825,5.4594,5.4594,5.3072,5.3263,36602,0
20140826,5.4594,5.4594,5.2502,5.2596,8856,0
20140827,5.3263,5.3738,5.2596,5.2787,21798,0
20140828,5.4119,5.4119,4.9838,5.0885,129156,0
20140829,5.0885,5.0885,4.9649,5.0314,29118,0
20140901,5.2311,5.2311,5.0599,5.0599,8197,0
20140902,5.136,5.2882,4.9458,5.079,29117,0
20140903,5.1836,5.2407,4.9934,5.0314,55732,0
20140904,5.0694,5.1265,5.0314,5.0504,21776,0
20140905,5.0599,5.0979,5.0409,5.0979,27110,0
20140908,5.1075,5.2121,5.1075,5.1836,17920,0
20140909,5.1836,5.3263,5.1455,5.2502,32560,0
20140910,5.2787,5.5545,5.2787,5.5545,123313,0
20140911,5.564,5.6686,5.564,5.6306,89585,0
20140912,5.7162,5.8018,5.7162,5.8018,76098,0
20140915,5.8018,5.9444,5.8018,5.8018,32612,0
20140916,5.8018,5.8018,5.6877,5.7733,37251,0
20140917,5.7733,5.7827,5.7542,5.7733,13818,0
20140918,5.7067,5.7827,5.7067,5.7638,36698,0
20140919,5.7447,5.8018,5.7447,5.7923,21502,0
20140922,5.8208,5.8208,5.7542,5.7827,11524,0
20140923,5.7162,5.7827,5.6306,5.7827,19631,0
20140924,5.7827,5.7827,5.7257,5.7827,7460,0
20140925,5.7542,5.7923,5.7542,5.7923,11530,0
20140926,5.7923,5.8779,5.621,5.8683,37539,0
20140929,5.8779,5.8779,5.8208,5.8779,19476,0
20140930,5.8494,5.8779,5.8113,5.8113,31530,0
20141001,5.7542,5.8113,5.621,5.6306,7023,0
20141002,5.5925,5.7067,5.3452,5.7067,39473,0
20141003,5.6972,5.7067,5.564,5.7067,16719,0
20141006,5.6116,5.8398,5.6116,5.8018,16195,0
20141007,5.8018,5.8018,5.6021,5.7923,24394,0
20141008,5.8018,5.8018,5.6116,5.7067,10375,0
20141009,5.7067,5.7067,5.6877,5.7067,10077,0
20141010,5.6116,5.6591,5.6116,5.6496,108073,0
20141013,5.5736,5.6877,5.564,5.564,9013,0
20141014,5.5165,5.6116,5.5165,5.6021,2949,0
20141015,5.6021,5.6021,5.4213,5.5165,3868,0
20141016,5.4689,5.5165,5.3263,5.4213,23689,0
20141017,5.4594,5.4974,5.4594,5.4974,9967,0
20141020,5.4974,5.5736,5.4119,5.4213,6458,0
20141021,5.5736,5.6781,5.5165,5.6021,6241,0
20141022,5.6306,5.6306,5.5165,5.526,10684,0
20141023,5.6116,5.6401,5.2596,5.3548,33576,0
20141024,5.4499,5.4499,5.4119,5.4119,3491,0
20141027,5.3548,5.5069,5.3548,5.4974,3782,0
20141028,5.4974,5.526,5.3833,5.526,2455,0
20141029,5.4404,5.564,5.4404,5.545,1764,0
20141030,5.564,5.564,5.5069,5.5069,3835,0
20141031,5.4974,5.4974,5.4309,5.4784,12465,0
20141103,5.5069,5.5069,5.3643,5.3833,6412,0
20141104,5.3833,5.4213,5.2882,5.2882,37545,0
20141105,5.2977,5.3738,5.174,5.174,45956,0
20141106,5.2311,5.2787,5.0885,5.136,41590,0
20141107,5.136,5.136,4.9934,4.9934,31178,0
20141110,4.9649,5.0219,4.9268,4.9363,18820,0
20141112,4.9077,4.9934,4.8221,4.9838,19527,0
20141113,5.0029,5.1931,5.0029,5.117,15008,0
20141114,5.1075,5.136,5.0314,5.0409,4838,0
20141117,5.0409,5.0409,4.9934,5.0314,4057,0
20141118,5.0314,5.2596,4.9934,5.2596,17814,0
20141119,5.2692,5.4499,5.136,5.4213,34353,0
20141120,5.4594,5.4594,5.3263,5.3357,3969,0
20141121,5.3738,5.3738,5.2502,5.2596,4468,0
20141124,5.2596,5.2596,5.0504,5.0694,36525,0
20141125,5.079,5.0979,4.9173,4.9838,36465,0
20141126,4.9838,4.9838,4.7651,4.8032,66348,0
20141127,4.8697,4.8697,4.7365,4.7556,58702,0
20141128,4.7936,4.8032,4.5273,4.6509,80545,0
20141201,4.6985,4.6985,4.4227,4.4798,25957,0
20141202,4.4798,4.4798,4.3371,4.3561,39155,0
20141203,4.3751,4.5083,4.3751,4.4703,48724,0
20141204,4.5178,4.5653,4.4036,4.4703,39559,0
20141205,4.4798,4.5273,4.4227,4.4322,21588,0
20141208,4.4703,4.4703,4.4131,4.4131,16029,0
20141209,4.4607,4.5463,4.4131,4.4131,100211,0
20141210,4.4417,4.4703,4.4131,4.4131,26973,0
20141211,4.4036,4.4892,4.4036,4.4703,7949,0
20141212,4.5559,4.5559,4.4892,4.5559,5475,0
20141215,4.5178,4.5559,4.4988,4.5368,12833,0
20141216,4.5368,4.5368,4.28,4.3751,22895,0
20141217,4.3751,4.3751,4.1849,4.1849,37251,0
20141218,4.1659,4.28,3.8711,3.8711,52489,0
20141219,3.8996,3.8996,3.6618,3.7094,84959,0
20141222,3.5952,3.7379,3.5286,3.5477,74078,0
20141223,3.5191,3.7094,3.5191,3.7094,80137,0
20141229,3.6999,3.8615,3.6999,3.7094,69323,0
20141230,3.7188,3.8425,3.7188,3.814,11662,0
20150102,4.0232,4.1278,3.852,4.1278,14382,0
20150105,4.0708,4.1469,4.0137,4.0137,9119,0
20150107,4.0137,4.0137,3.9281,3.9661,14180,0
20150108,3.9947,4.0898,3.9757,4.0328,34340,0
20150109,4.0898,4.1849,4.0708,4.1754,16973,0
20150112,4.1659,4.1659,3.9661,3.9757,48916,0
20150113,3.9852,4.1373,3.89,3.9281,107216,0
20150114,3.8996,3.9757,3.7664,3.8044,40346,0
20150115,3.7569,3.852,3.7094,3.8044,18078,0
20150116,3.7664,3.8996,3.7569,3.814,8646,0
20150119,3.8425,3.8711,3.8044,3.8711,3880,0
20150120,3.8996,3.8996,3.8044,3.8044,18423,0
20150121,3.9091,3.9947,3.8044,3.8996,119491,0
20150122,3.9852,4.3371,3.9472,4.2515,124039,0
20150123,4.2705,4.3275,4.1945,4.223,104671,0
20150126,4.2134,4.2134,4.0517,4.2134,22307,0
20150127,4.223,4.3942,4.223,4.3846,66038,0
20150128,4.5653,4.5653,4.4322,4.4703,65256,0
20150129,4.4227,4.4988,4.3561,4.4417,10948,0
20150130,4.5368,4.5559,4.3751,4.3846,33270,0
20150202,4.3846,4.3846,4.1945,4.2895,19341,0
20150203,4.3275,4.3275,4.2134,4.2705,9825,0
20150204,4.2134,4.261,4.1564,4.1849,11155,0
20150205,4.2895,4.2895,4.1564,4.2325,3589,0
20150206,4.2895,4.2895,4.1849,4.2515,3487,0
20150209,4.2325,4.28,4.1373,4.2325,6861,0
20150210,4.2515,4.2515,4.1469,4.1945,7620,0
20150211,4.1469,4.1849,4.1278,4.1278,12688,0
20150212,4.1183,4.4131,4.1088,4.28,54246,0
20150213,4.3656,4.4607,4.3656,4.4131,16579,0
20150216,4.4227,4.4512,4.3275,4.4227,11300,0
20150217,4.4227,4.5178,4.4036,4.4703,240851,0
20150218,4.5178,4.6604,4.5178,4.5844,104753,0
20150219,4.6604,4.708,4.6319,4.708,60501,0
20150220,4.689,4.708,4.6509,4.6985,13156,0
20150223,4.6509,4.6604,4.6129,4.6129,12709,0
20150224,4.6415,4.8982,4.6224,4.7841,180503,0
20150225,4.8697,5.0123,4.7556,5.0123,107961,0
20150226,5.0123,5.0123,4.8317,4.9173,23745,0
20150227,4.9268,4.9458,4.8506,4.8792,34959,0
20150302,4.9649,5.0219,4.9649,4.9934,26661,0
20150303,4.8887,4.8887,4.5844,4.6795,85254,0
20150304,4.6319,4.6985,4.4988,4.6129,29544,0
20150305,4.6415,4.8317,4.6415,4.708,25078,0
20150306,4.7461,4.7746,4.708,4.7365,9120,0
20150309,4.8032,4.8506,4.7936,4.8032,54663,0
20150310,4.8887,4.8887,4.6985,4.7936,88090,0
20150311,4.7841,4.7841,4.7176,4.7365,7407,0
20150312,4.708,4.7365,4.6604,4.6604,17999,0
20150313,4.6604,4.727,4.6604,4.727,28777,0
20150316,4.6604,4.8032,4.6604,4.7936,20836,0
20150317,4.7936,4.8221,4.7556,4.8032,3841,0
20150318,4.7556,4.8126,4.7461,4.8126,8929,0
20150319,4.8126,4.8126,4.7651,4.7841,11393,0
20150320,4.8221,4.9934,4.7936,4.9934,191590,0
20150323,4.9934,4.9934,4.8317,4.9268,13615,0
20150324,4.8982,4.9838,4.8126,4.9838,38292,0
20150325,4.9838,5.0123,4.8887,4.9743,36278,0
20150326,4.9934,4.9934,4.8887,4.9649,16393,0
20150327,4.8982,4.9458,4.8792,4.9363,1104,0
20150330,4.9934,5.174,4.9934,5.155,54716,0
20150331,5.2026,5.2311,5.136,5.174,59902,0
20150401,5.174,5.174,5.0409,5.136,7371,0
20150402,5.1265,5.2026,5.079,5.2026,42541,0
20150407,5.2121,5.2121,5.1265,5.1931,7277,0
20150408,5.174,5.1836,5.0885,5.1646,24003,0
20150409,5.155,5.174,5.0979,5.174,30756,0
20150410,5.174,5.1836,5.0694,5.174,25138,0
20150413,5.2311,5.2787,5.1931,5.2596,41609,0
20150414,5.2787,5.4023,5.2787,5.3738,31559,0
20150415,5.2787,5.3548,5.2502,5.3263,26725,0
20150416,5.3738,5.3738,5.136,5.2026,37817,0
20150417,5.2121,5.3263,5.155,5.2596,21276,0
20150420,5.1836,5.3072,5.155,5.1931,4717,0
20150421,5.1931,5.2311,5.136,5.2311,3969,0
20150422,5.2787,5.3738,5.174,5.3643,20320,0
20150423,5.3357,5.4594,5.3357,5.4404,25129,0
20150424,5.3452,5.3643,5.3263,5.3548,7138,0
20150427,5.3928,5.3928,5.2311,5.2596,32748,0
20150428,5.1931,5.3643,5.1836,5.3643,47649,0
20150429,5.2787,5.3548,5.2787,5.3548,1351,0
20150430,5.3548,5.3548,5.1836,5.2692,10026,0
20150504,5.1931,5.2787,5.1931,5.2787,6668,0
20150505,5.2787,5.3357,5.1836,5.3263,20260,0
20150506,5.3263,5.3263,5.2311,5.2502,3730,0
20150507,5.2882,5.2882,5.1836,5.1836,6002,0
20150508,5.1836,5.2502,5.1836,5.2311,1422,0
20150511,5.2407,5.3548,5.2407,5.3548,131831,0
20150512,5.3738,5.4404,5.3072,5.4404,114501,0
20150513,5.4594,5.5736,5.4594,5.5736,64552,0
20150514,5.583,5.7923,5.5545,5.7827,77860,0
20150515,5.7162,5.7923,5.7067,5.7447,85179,0
20150518,5.564,5.7447,5.526,5.6686,123264,0
20150519,5.7067,5.7067,5.583,5.6116,80636,0
20150520,5.564,5.6401,5.5545,5.621,12574,0
20150521,5.5736,5.8779,5.5736,5.8683,56970,0
20150522,6.1823,6.5342,6.1823,6.4105,355232,0
20150525,6.6007,7.1809,6.6007,6.9431,248181,0
20150526,6.9907,6.9907,6.439,6.6863,75505,0
20150527,6.6578,6.7244,6.4771,6.7244,60221,0
20150528,6.753,6.753,6.5627,6.6007,20065,0
20150529,6.6007,6.6198,6.4676,6.6102,19938,0
20150601,6.6102,6.6387,6.4676,6.5627,11398,0
20150602,6.5437,6.5437,6.3249,6.42,38704,0
20150603,6.4105,6.4105,6.3059,6.344,24919,0
20150605,6.3725,6.3725,6.2203,6.3249,6795,0
20150608,6.344,6.344,6.2298,6.2298,12920,0
20150609,6.2298,6.2488,6.0871,6.1823,33138,0
20150610,6.1823,6.5531,6.0396,6.4676,49333,0
20150611,6.42,6.753,6.3725,6.5627,159757,0
20150612,6.6102,6.6102,6.3725,6.5627,52123,0
20150615,6.6102,6.6102,6.5627,6.5627,1702,0
20150616,6.5151,6.5342,6.2773,6.5151,17727,0
20150617,6.5627,6.5627,6.3725,6.3725,54030,0
20150618,6.1823,6.4676,5.954,6.4676,93243,0
20150619,6.5627,6.5627,6.3725,6.3914,66264,0
20150622,6.5627,6.5627,6.4486,6.5151,4172,0
20150623,6.5342,6.5627,6.5342,6.5627,5196,0
20150624,6.5817,6.6578,6.5817,6.6578,26904,0
20150625,6.7054,6.753,6.6387,6.6578,139793,0
20150626,6.7148,6.7339,6.6387,6.7054,12478,0
20150629,6.5531,6.5627,6.382,6.5627,26306,0
20150630,6.5627,6.7815,6.5437,6.7815,18495,0
20150701,6.7815,6.791,6.6863,6.7244,9560,0
20150702,6.7244,6.8385,6.7244,6.8385,28396,0
20150703,6.8385,7.1144,6.7434,6.8575,196117,0
20150706,6.7339,6.9431,6.7339,6.791,22297,0
20150707,6.9336,7.0192,6.753,6.753,23203,0
20150708,6.753,6.8956,6.753,6.8575,48302,0
20150709,6.8575,6.8765,6.7719,6.81,6597,0
20150710,6.8671,6.886,6.81,6.8195,9392,0
20150713,6.8956,6.8956,6.848,6.848,33573,0
20150714,6.848,6.9336,6.848,6.9336,3404,0
20150715,6.9336,6.9431,6.8765,6.9241,102701,0
20150716,6.9336,7.0097,6.9241,7.0002,12414,0
20150717,7.0192,7.1333,7.0097,7.1333,34882,0
20150720,7.0858,7.0858,7.0573,7.0668,74346,0
20150721,7.0668,7.0858,6.8765,6.9907,11530,0
20150722,6.9907,7.0858,6.9907,7.0382,154801,0
20150723,6.9907,7.0382,6.9907,7.0382,2170,0
20150724,7.0858,7.0858,6.9431,7.0382,110429,0
20150727,7.0288,7.0858,7.0288,7.0288,14562,0
20150728,7.0288,7.0858,6.9907,7.0858,27322,0
20150729,7.0288,7.0858,7.0002,7.0573,2921,0
20150730,7.3226,7.3423,7.2342,7.2735,15693,0
20150731,7.2735,7.2735,7.2342,7.244,234257,0
20150803,7.2735,7.2932,7.244,7.244,223244,0
20150804,7.2735,7.2735,7.244,7.244,4788,0
20150805,7.244,7.4603,7.244,7.4603,187543,0
20150806,7.5684,7.8239,7.5192,7.765,79709,0
20150807,7.6175,7.8239,7.6175,7.8141,29008,0
20150810,7.8731,8.2073,7.8731,8.0598,46871,0
20150811,8.1778,8.1778,8.0205,8.109,68719,0
20150812,8.0795,8.0795,7.6863,7.8141,52720,0
20150813,7.8731,7.8731,7.6765,7.7355,11254,0
20150814,7.765,8.109,7.765,8.0598,132756,0
20150817,8.1581,8.2957,8.1286,8.2564,81098,0
20150818,8.3547,8.4038,8.2761,8.3449,34041,0
20150819,8.3645,8.4038,8.2564,8.2957,26106,0
20150820,8.2564,8.3547,8.0598,8.1974,39486,0
20150821,8.0107,8.0598,7.7551,7.7748,51456,0
20150824,7.4603,7.6372,7.185,7.5684,314868,0
20150825,7.3718,7.7551,7.3325,7.5684,68637,0
20150826,7.5684,7.7551,7.4013,7.7551,101008,0
20150827,7.7551,7.9615,7.6667,7.9615,38479,0
20150828,8.0107,8.0991,7.8632,7.9517,20921,0
20150831,8.0893,8.0893,8.0303,8.0697,23219,0
20150901,8.0107,8.0107,7.6667,7.8338,32725,0
20150902,7.7748,8.0598,7.765,8.0402,22764,0
20150903,8.0402,8.0402,7.8731,8.0303,2525,0
20150904,8.0107,8.0107,7.7748,7.9714,516,0
20150907,8.0107,8.0107,7.7944,7.8141,7546,0
20150908,7.8141,7.8141,7.6667,7.6765,5342,0
20150909,7.765,7.9615,7.765,7.8632,204355,0
20150910,7.9124,7.9124,7.7355,7.765,4570,0
20150911,7.7355,7.7355,7.4308,7.4603,100320,0
20150914,7.4603,7.7355,7.4603,7.5487,80535,0
20150915,7.4603,7.4701,7.2833,7.4209,51396,0
20150916,7.4111,7.4111,7.0868,7.1556,44713,0
20150917,6.9983,7.1457,6.9885,7.1162,150385,0
20150918,7.1162,7.244,7.1162,7.2047,63529,0
20150921,7.2538,7.2538,7.1556,7.2538,7679,0
20150922,7.185,7.2833,7.185,7.244,6389,0
20150923,7.1949,7.244,7.185,7.185,5261,0
20150924,7.185,7.185,7.1752,7.1752,1440,0
20150925,7.1752,7.3718,7.1752,7.3718,25811,0
20150928,7.3915,7.3915,7.2735,7.3521,129964,0
20150929,7.2735,7.3521,7.1752,7.3521,196408,0
20150930,7.4209,7.4209,7.303,7.4209,7962,0
20151001,7.3718,7.5192,7.3718,7.3718,13765,0
20151002,7.3718,7.4701,7.2735,7.3226,4461,0
20151005,7.1949,7.303,7.185,7.2735,17073,0
20151006,7.244,7.4209,7.2342,7.3718,87822,0
20151007,7.3423,7.3718,7.2735,7.2735,3438,0
20151008,7.3521,7.3521,7.2342,7.2342,94789,0
20151009,7.3521,7.3521,7.2244,7.3128,2842,0
20151012,7.2735,7.303,7.2538,7.2538,1216,0
20151013,7.2538,7.3718,7.2538,7.3718,7802,0
20151014,7.185,7.4308,7.185,7.4209,6390,0
20151015,7.4701,7.4701,7.2047,7.362,5270,0
20151016,7.2833,7.3718,7.2735,7.362,9342,0
20151019,7.362,7.362,7.2047,7.2047,5956,0
20151020,7.2735,7.2735,7.1261,7.1752,16986,0
20151021,7.2145,7.2637,7.185,7.2637,1537,0
20151022,7.2538,7.3226,7.2244,7.2932,13234,0
20151023,7.3128,7.3128,7.2047,7.2932,40883,0
20151026,7.2735,7.3718,7.2735,7.3226,9415,0
20151027,7.3718,7.4996,7.3718,7.4996,4336,0
20151028,7.4996,7.8534,7.4996,7.6667,21139,0
20151029,7.6667,7.6667,7.5291,7.5291,1707,0
20151030,7.3718,7.6667,7.3718,7.6667,5151,0
20151102,7.6175,7.7551,7.5782,7.6667,11556,0
20151103,7.647,7.6667,7.5192,7.5192,1384,0
20151104,7.5389,7.6568,7.4799,7.6274,3407,0
20151105,7.6274,7.6372,7.5291,7.5291,1524,0
20151106,7.5291,7.6667,7.4799,7.6667,10175,0
20151109,7.6667,7.6667,7.588,7.588,521,0
20151110,7.5487,7.588,7.5389,7.588,75736,0
20151112,7.6667,7.6667,7.3718,7.5684,5644,0
20151113,7.5487,7.5487,7.4701,7.5389,153,0
20151116,7.5094,7.5094,6.841,7.3226,38313,0
20151117,7.3226,7.4603,7.3226,7.4308,11641,0
20151118,7.4308,7.5684,7.3226,7.5684,6117,0
20151119,7.3226,7.4603,7.3226,7.4209,15716,0
20151120,7.3325,7.5094,7.3325,7.4701,10095,0
20151123,7.3816,7.4603,7.3718,7.4603,11978,0
20151124,7.4603,7.4701,7.3226,7.3718,46158,0
20151125,7.303,7.3718,7.1359,7.2735,579441,0
20151126,7.2244,7.303,7.2145,7.2538,19479,0
20151127,7.2244,7.3718,7.2244,7.3718,39349,0
20151130,7.3718,7.3718,7.2342,7.2735,1154,0
20151201,7.2735,7.2735,6.5855,7.1654,36851,0
20151202,6.9885,7.3521,6.9393,7.3128,11164,0
20151203,7.1752,7.4701,7.0769,7.2538,34173,0
20151204,7.244,7.244,6.7821,7.1752,21113,0
20151207,7.1752,7.1752,7.1556,7.1752,1556,0
20151208,7.0966,7.2932,7.0671,7.0671,57784,0
20151209,7.0376,7.0769,6.8312,6.8312,53322,0
20151210,6.7821,7.0671,6.7722,7.0278,13141,0
20151211,7.0278,7.0278,6.9197,6.9786,1838,0
20151214,6.7427,6.9197,6.7329,6.8803,1363,0
20151215,6.7821,6.8312,6.6346,6.8312,1089,0
20151216,6.7821,7.1261,6.7329,7.1261,24146,0
20151217,7.1162,7.2735,7.0769,7.244,9172,0
20151218,7.2342,7.244,7.2342,7.244,3357,0
20151221,7.0769,7.2735,7.0278,7.2637,6308,0
20151222,7.2735,7.3128,7.2538,7.2538,2191,0
20151223,7.0769,7.2244,7.0769,7.2244,12,0
20151228,7.0769,7.2538,7.0769,7.2047,4545,0
20151229,7.1752,7.3718,7.1752,7.2833,116398,0
20151230,7.3718,7.3718,7.0769,7.0769,11124,0
20160104,7.0769,7.0769,6.9786,7.0769,2424,0
20160105,6.8312,7.0278,6.8312,6.8803,3238,0
20160107,6.7821,6.8705,6.497,6.7821,6245,0
20160108,6.8214,6.9295,6.6051,6.6051,21877,0
20160111,6.6346,6.8705,6.6346,6.6838,6730,0
20160112,6.8705,6.8705,6.6641,6.6641,11793,0
20160113,6.6641,6.8607,6.4872,6.5265,18973,0
20160114,6.497,6.5855,6.4085,6.4872,24888,0
20160115,6.4872,6.5756,6.4774,6.4774,7277,0
20160118,6.3889,6.5363,6.3889,6.4774,108715,0
20160119,6.5363,6.7624,6.5167,6.7624,115227,0
20160120,6.5855,6.5855,6.3889,6.3889,12887,0
20160121,6.3889,6.3889,6.1432,6.2709,7155,0
20160122,6.1333,6.3299,6.1333,6.2709,3570,0
20160125,6.3397,6.3889,6.3004,6.3692,1218,0
20160126,6.3103,6.3103,6.2415,6.2709,1514,0
20160127,6.1726,6.1923,6.1432,6.1923,6287,0
20160128,6.2415,6.3889,6.2415,6.3889,19341,0
20160129,6.4282,6.4282,6.1923,6.3692,5686,0
20160201,6.2415,6.5855,6.2316,6.2906,1762,0
20160202,6.4872,6.4872,6.2415,6.2415,11548,0
20160203,6.4872,6.4872,6.2906,6.4085,3430,0
20160204,6.3987,6.3987,6.2415,6.2415,7681,0
20160205,6.3791,6.3791,6.3397,6.3397,4852,0
20160208,6.3889,6.3889,6.1432,6.2513,16355,0
20160209,6.2808,6.2808,6.0252,6.0842,20397,0
20160210,6.035,6.1825,5.9957,5.9957,18362,0
20160211,6.0252,6.1333,5.8483,5.9269,21193,0
20160212,5.9957,5.9957,5.8778,5.9957,17545,0
20160215,5.9957,6.1432,5.9957,6.1137,12400,0
20160216,6.1333,6.1333,5.9073,6.0842,110235,0
20160217,6.1137,6.1235,6.0449,6.1235,5714,0
20160218,6.1235,7.0179,6.1235,6.8803,93775,0
20160219,7.0769,7.3226,6.8312,7.0179,31300,0
20160222,7.2145,7.2538,7.0769,7.1752,86114,0
20160223,7.1752,7.1752,6.9786,7.0868,18538,0
20160224,7.0278,7.0278,6.8803,6.8803,92435,0
20160225,6.8803,6.9491,6.8803,6.9,11940,0
20160226,6.9295,7.0179,6.9295,6.9688,28213,0
20160229,7.0769,7.1752,7.0278,7.0769,10814,0
20160301,7.3718,7.4701,7.1752,7.244,40590,0
20160302,7.244,7.244,7.1752,7.2145,12085,0
20160303,7.3226,7.3521,7.2735,7.3128,9741,0
20160304,7.3521,7.4701,7.3521,7.4308,19736,0
20160307,7.4701,7.6667,7.4701,7.6372,20702,0
20160308,7.6568,7.6667,7.3816,7.5192,18170,0
20160309,7.5585,7.5585,7.4701,7.5585,6836,0
20160310,7.4897,7.5094,7.4308,7.4308,6782,0
20160311,7.4701,7.4701,7.3718,7.4111,5169,0
20160314,7.4799,7.5684,7.4504,7.5192,3859,0
20160315,7.4701,7.5684,7.3915,7.5684,5132,0
20160316,7.5684,7.6077,7.4308,7.5684,12299,0
20160317,7.5684,7.5684,7.4013,7.5192,5168,0
20160318,7.5192,7.5487,7.4406,7.4701,1204,0
20160321,7.4308,7.4308,7.2735,7.2735,9978,0
20160322,7.2735,7.3718,7.2244,7.3718,4861,0
20160323,7.3718,7.3718,7.244,7.3718,9202,0
20160324,7.303,7.3718,7.2932,7.3128,984,0
20160329,7.2833,7.2833,6.9786,7.0868,18288,0
20160330,7.1752,7.185,7.0769,7.0966,13518,0
20160331,7.1261,7.1654,6.8803,6.9786,46976,0
20160401,6.9983,7.1556,6.8705,7.1556,65417,0
20160404,7.1556,7.2145,6.9885,6.9885,12959,0
20160405,7.0278,7.0769,6.9983,7.0769,2221,0
20160406,7.1162,7.1162,7.0278,7.1162,4234,0
20160407,7.1162,7.2244,6.9885,7.1457,9075,0
20160408,7.1949,7.4406,7.1949,7.3226,35124,0
20160411,7.4308,7.4504,7.3226,7.3226,18499,0
20160412,7.3226,7.3226,7.1556,7.1556,10461,0
20160413,7.1556,7.2735,7.1556,7.2735,8040,0
20160414,7.2833,7.5487,7.244,7.3718,133161,0
20160415,7.3915,7.6175,7.3915,7.6175,34372,0
20160418,7.6175,8.0893,7.5684,7.8239,873352,0
20160419,8.0107,8.0402,7.9124,8.0107,37018,0
20160420,8.05,8.2269,7.7748,7.8731,75342,0
20160421,7.9615,8.05,7.8927,8.0205,316531,0
20160422,7.9124,8.0009,7.9026,7.9812,258678,0
20160425,7.9812,7.9812,7.7453,7.765,11944,0
20160426,7.8338,7.8436,7.7846,7.8436,3720,0
20160427,7.8436,7.9615,7.7158,7.7158,18207,0
20160428,7.8141,7.8239,7.5684,7.8239,8501,0
20160429,7.8436,8.0402,7.8436,8.0107,16604,0
20160502,8.05,8.0598,7.9615,8.05,3879,0
20160504,8.05,8.0598,7.9714,8.0598,17699,0
20160505,8.05,8.05,7.9714,8.0009,3490,0
20160506,7.9615,7.9615,7.8436,7.9419,2047,0
20160509,7.9615,8.0402,7.9124,8.0303,1664,0
20160510,7.9615,7.9615,7.8141,7.9419,6246,0
20160511,7.9517,7.9517,7.7453,7.8141,9325,0
20160512,7.8632,7.8632,7.7158,7.8141,24228,0
20160513,7.8141,8.0893,7.8141,8.0893,27748,0
20160516,8.109,8.1483,8.0107,8.109,23340,0
20160517,8.3744,8.8167,8.3744,8.7872,219338,0
20160518,8.856,9.2393,8.5906,9.2393,229764,0
20160519,9.1017,9.1017,8.8462,8.8462,44357,0
20160520,8.8363,8.8462,8.6496,8.6496,30133,0
20160523,8.6496,8.8953,8.6496,8.7184,11879,0
20160524,8.8068,8.8068,8.6791,8.738,6602,0
20160525,8.7774,8.8167,8.6987,8.7479,26008,0
20160527,8.7774,8.7774,8.6594,8.7479,7226,0
20160530,8.7479,8.7479,8.5513,8.6397,12177,0
20160531,8.6397,8.6397,8.1778,8.2957,48085,0
20160601,8.2957,8.4923,7.9615,8.109,34505,0
20160602,8.0598,8.4726,8.0107,8.453,21342,0
20160603,8.3056,8.7479,8.3056,8.6496,41763,0
20160606,8.6791,8.7282,8.6004,8.6004,6282,0
20160607,8.6004,8.6004,8.4038,8.6004,10411,0
20160608,8.6397,8.6397,8.3547,8.3547,14059,0
20160609,8.5021,8.5021,8.3547,8.4432,5421,0
20160610,8.453,8.5415,8.3547,8.5415,4322,0
20160613,8.5415,8.5415,8.2564,8.2564,19875,0
20160614,8.2564,8.2564,7.9222,8.0598,34410,0
20160615,8.0303,8.2564,8.0303,8.1483,8607,0
20160616,8.1286,8.1286,7.6962,7.9615,22043,0
20160617,8.0598,8.0598,7.8731,8.0107,4366,0
20160620,7.9026,8.0598,7.9026,7.9222,20612,0
20160621,7.9222,8.0205,7.8239,8.0205,11603,0
20160622,7.9615,8.0107,7.9615,8.0107,17499,0
20160623,8.0107,8.1483,8.0107,8.109,8910,0
20160624,7.4701,7.9615,6.9983,7.7551,91292,0
20160627,7.9124,7.9222,7.6667,7.8043,11954,0
20160628,7.8239,7.8436,7.6667,7.765,24214,0
20160629,7.8534,8.1385,7.8436,8.109,24571,0
20160630,8.109,8.2368,8.0697,8.1483,22354,0
20160701,8.1483,8.1483,8.0107,8.0795,8952,0
20160704,7.9419,7.9615,7.765,7.9615,13947,0
20160705,7.9222,8.0107,7.8829,7.8927,16391,0
20160706,7.9517,8.2761,7.9517,8.1876,21348,0
20160707,8.1876,8.6397,8.1876,8.6397,54936,0
20160708,8.6201,8.6201,8.4825,8.5218,5701,0
20160711,8.6299,8.6889,8.6004,8.6004,12535,0
20160712,8.738,8.7479,8.6299,8.6496,8707,0
20160713,8.738,8.9346,8.6987,8.7675,35077,0
20160714,8.8462,8.8462,8.6397,8.6496,18393,0
20160715,8.7479,8.7479,8.5513,8.6889,12740,0
20160718,8.7184,8.7184,8.6201,8.6299,7755,0
20160719,8.6496,8.7184,8.6004,8.6987,15454,0
20160720,8.6987,8.797,8.6987,8.797,8339,0
20160721,8.797,8.8068,8.7184,8.7184,7719,0
20160722,8.7872,8.9444,8.6987,8.6987,65263,0
20160725,8.7479,8.8855,8.6987,8.856,231009,0
20160726,8.8855,9.0821,8.8855,9.0624,53721,0
20160727,9.1017,9.141,9.0427,9.0427,31349,0
20160728,9.0427,9.2,8.8953,9.2,176814,0
20160729,9.2,9.3179,9.0427,9.3179,193935,0
20160801,9.3278,9.515,9.3278,9.4359,95760,0
20160802,9.3868,9.4359,9.0427,9.0919,19416,0
20160803,9.19017,9.33761,9.11154,9.2,11212,0
20160804,9.31,9.49,9.04,9.15,12900,0
20160805,9.04,9.4,9.04,9.31,9503,0
20160808,9.35,9.4,9.2,9.3,7165,0
20160809,9.31,9.35,9.16,9.28,40517,0
20160810,9.2,9.39,9.2,9.39,35240,0
20160811,9.38,9.39,9.3,9.34,19671,0
20160812,9.34,9.4,9.34,9.35,16080,0
20160816,9.36,9.49,9.31,9.31,3578,0
20160817,9.31,9.33,9.3,9.3,4946,0
20160818,9.27,9.29,9.22,9.22,1555,0
20160819,9.2,9.33,9.13,9.33,15618,0
20160822,9.3,9.31,9.13,9.3,10691,0
20160823,9.16,9.58,9.16,9.54,14856,0
20160824,9.52,9.8,9.51,9.62,16752,0
20160825,9.68,9.71,9.5,9.71,14250,0
20160826,9.65,9.92,9.65,9.89,40917,0
20160829,9.9,10.17,9.65,10.15,127496,0
20160830,10.2,10.29,10.02,10.18,125257,0
20160831,10.19,10.29,10.06,10.18,26106,0
20160901,10.19,10.2,10.05,10.18,79043,0
20160902,10.05,10.1,9.51,9.96,35747,0
20160905,9.99,10.39,9.99,10.38,45178,0
20160906,10.48,10.55,10.3,10.4,64223,0
20160907,10.45,10.51,10.15,10.27,19020,0
20160908,10.77,11.38,10.5,11.38,199514,0
20160909,11.32,11.36,11.2,11.32,61878,0
20160912,11.32,11.5,11.21,11.48,91992,0
20160913,11.4,12.31,11.4,12.05,208750,0
20160914,12.1,12.1,11.76,11.99,66103,0
20160915,11.99,11.99,11.82,11.92,25441,0
20160916,12,12.5,12,12.49,131935,0
20160919,12.65,12.65,12,12.5,28301,0
20160920,12.5,13.41,12.2,13.1,249124,0
20160921,13.37,13.37,12.95,13,70145,0
20160922,13.2,13.29,13.1,13.19,85511,0
20160923,13.2,13.2,13,13.11,32333,0
20160926,13.2,13.35,12.65,13.34,40986,0
20160927,13.37,13.48,13.01,13.2,40284,0
20160928,13.2,13.2,12.91,13,39188,0
20160929,13,13.06,12.7,12.82,44676,0
20160930,12.82,12.97,12.8,12.89,21564,0
20161003,12.9,13.05,12.9,12.98,36298,0
20161004,12.98,12.98,12.6,12.73,31921,0
20161005,12.6,12.6,12.06,12.4,153998,0
20161006,12.1,13.05,12.09,12.9,105403,0
20161007,13.07,13.18,12.9,12.95,19224,0
20161010,13.05,13.05,13,13,15510,0
20161011,13,13.48,12.96,13.39,90568,0
20161012,13.51,13.59,13.3,13.45,38236,0
20161013,13.52,13.69,13.5,13.52,59750,0
20161014,13.65,13.69,13.3,13.59,402214,0
20161017,13.6,13.6,12.92,13.4,89795,0
20161018,13.4,13.55,13.3,13.33,343176,0
20161019,13.49,13.49,13.31,13.42,274495,0
20161020,13.42,13.44,13.16,13.39,9728,0
20161021,13.4,13.5,13.2,13.49,36031,0
20161024,13.5,13.5,13.2,13.26,107403,0
20161025,13.26,13.4,12.7,12.86,31784,0
20161026,12.95,13.17,12.8,13.05,159941,0
20161027,13,13.2,12.76,13.08,14747,0
20161028,12.9,12.97,12.2,12.93,30615,0
20161031,12.6,13,12.55,12.92,13199,0
20161102,12.92,12.94,12.5,12.55,17929,0
20161103,12.77,12.78,12.4,12.5,25521,0
20161104,12.5,12.5,12.2,12.3,185333,0
20161107,12.26,13,12.26,12.44,31148,0
