Date,Open,High,Low,Close,Volume,OpenInt
20080402,8.8351,8.8817,8.1005,8.2586,87622,0
20080403,8.2213,8.2213,7.0681,7.44,47790,0
20080404,7.4308,7.8121,7.1239,7.1704,33714,0
20080407,7.1891,7.3286,7.1611,7.2076,23871,0
20080408,7.3286,7.3286,7.0681,7.0775,7243,0
20080409,7.0775,7.0775,6.9751,6.9751,4860,0
20080410,6.9007,6.9007,6.6775,6.6775,4087,0
20080411,6.6961,6.6961,6.1474,6.2312,35990,0
20080414,6.2312,6.2312,5.7289,5.7755,35325,0
20080415,5.7661,6.0452,5.7661,6.0452,10720,0
20080416,6.2312,6.789,6.2312,6.631,33360,0
20080417,6.6496,6.7426,6.5101,6.6869,16467,0
20080418,6.6961,6.6961,6.3799,6.5846,3575,0
20080421,6.4171,6.4636,6.1381,6.3242,3202,0
20080422,6.4915,6.4915,5.8684,6.0358,5877,0
20080423,6.0358,6.0358,5.6267,5.7196,656,0
20080424,5.6359,5.9241,5.6359,5.6824,3168,0
20080425,5.5801,5.8684,5.2547,5.8033,9324,0
20080428,5.8592,6.0358,5.8592,5.9521,6695,0
20080429,5.7661,6.0823,5.7661,5.9057,3612,0
20080430,5.9336,5.9336,5.7196,5.8963,2579,0
20080505,5.8963,6.0265,5.7661,6.0265,4752,0
20080506,6.0265,6.3706,6.0079,6.3056,4080,0
20080507,6.3056,6.3056,6.1381,6.2777,1731,0
20080508,6.2218,6.2312,5.8127,6.1846,2052,0
20080509,5.9521,6.1567,5.8312,6.0452,457,0
20080512,5.98,5.98,5.7196,5.8592,2402,0
20080513,5.8592,5.8592,5.7755,5.7755,1398,0
20080514,5.8592,5.8592,5.7011,5.8497,9861,0
20080515,5.7755,5.7755,5.7196,5.7196,2435,0
20080516,5.6916,5.8497,5.6732,5.8497,1441,0
20080519,5.8497,5.9336,5.7289,5.7661,7522,0
20080520,5.7196,5.7196,5.6545,5.6824,3454,0
20080521,6.0452,6.0452,5.6732,5.9521,1108,0
20080523,6.0358,6.0358,5.9521,5.9893,1408,0
20080526,5.98,5.98,5.5801,5.887,2785,0
20080527,5.7661,5.7661,5.6732,5.7661,306,0
20080528,5.6732,5.8127,5.6732,5.8127,1335,0
20080529,5.7661,5.8127,5.4407,5.7568,3738,0
20080530,5.7382,5.7382,5.4964,5.7103,4020,0
20080602,5.4034,5.6173,5.3941,5.6173,5926,0
20080603,5.2731,5.7661,5.2731,5.7196,13679,0
20080604,5.7568,5.7568,5.6173,5.7289,3195,0
20080605,5.7661,5.9057,5.7196,5.8033,36371,0
20080606,5.8497,5.8497,5.6732,5.8219,574,0
20080609,5.7475,5.8033,5.5801,5.6732,3121,0
20080610,5.7661,5.7661,5.4407,5.5801,1626,0
20080611,5.5056,5.5615,5.1151,5.1244,14961,0
20080612,5.1337,5.1337,4.8081,4.9198,7357,0
20080613,4.9291,4.9291,4.7896,4.9105,257,0
20080616,4.957,5.1709,4.7431,5.1709,764,0
20080618,5.0965,5.0965,4.7989,5.0965,92,0
20080623,4.7896,5.0965,4.7896,5.0965,930,0
20080624,4.7524,5.0406,4.3804,5.0406,2260,0
20080625,4.7989,4.7989,4.5571,4.7896,4955,0
20080626,4.5198,4.7896,4.5198,4.7431,2871,0
20080627,4.6501,4.7338,4.4734,4.7338,1322,0
20080630,4.6501,4.7431,4.6501,4.6501,844,0
20080701,4.6037,4.6501,4.5013,4.6037,1082,0
20080702,4.1852,4.5477,4.1852,4.5477,1971,0
20080703,4.5477,4.5477,4.3711,4.4641,745,0
20080704,4.4641,4.8362,4.4641,4.5571,5020,0
20080707,4.6966,4.6966,4.6315,4.6315,438,0
20080708,4.7431,4.7431,4.4176,4.4176,5057,0
20080709,4.6408,4.6408,4.4176,4.4176,2023,0
20080710,4.4176,4.5942,4.3153,4.585,338,0
20080711,4.2409,4.2409,4.2036,4.213,5857,0
20080714,4.2316,4.2316,4.1852,4.2316,4239,0
20080715,4.1852,4.1852,3.9991,3.9991,1086,0
20080716,3.9991,4.0269,3.9432,3.9991,1136,0
20080717,3.9897,3.9897,3.9247,3.9711,3264,0
20080718,3.9805,3.9805,3.9526,3.9805,1618,0
20080721,3.9897,3.9897,3.9711,3.9897,1786,0
20080722,3.9991,3.9991,3.9526,3.9897,844,0
20080723,3.9805,4.0828,3.7201,4.0828,3814,0
20080724,4.1386,4.4082,4.1386,4.3246,9225,0
20080725,4.3246,4.4082,4.3246,4.4082,7406,0
20080728,4.2966,4.4082,4.2966,4.3711,3817,0
20080729,4.3711,4.4082,4.1479,4.3711,9939,0
20080730,4.2781,4.4176,4.2316,4.4082,7642,0
20080731,4.4082,4.4176,4.2781,4.3896,5124,0
20080801,4.3804,4.3896,4.3804,4.3896,339,0
20080804,4.4082,4.4082,4.2781,4.4082,2956,0
20080805,4.4082,4.4176,4.1852,4.4176,5118,0
20080806,4.4176,4.6037,4.3804,4.5571,7720,0
20080808,4.5571,4.5571,4.5013,4.5013,520,0
20080811,4.4641,4.6408,4.4641,4.6129,1019,0
20080812,4.6315,4.6315,4.2781,4.2781,5298,0
20080813,4.6129,4.6408,4.4641,4.4641,770,0
20080814,4.4176,4.6129,4.4176,4.5571,917,0
20080818,4.4734,4.6221,4.4176,4.6221,3143,0
20080819,4.6129,4.6408,4.3711,4.6037,2939,0
20080821,4.5106,4.6408,4.4641,4.6315,3490,0
20080822,4.6315,4.6408,4.4641,4.6315,5704,0
20080825,4.6221,4.6315,4.6221,4.6315,344,0
20080826,4.6221,4.6221,4.4641,4.6221,3240,0
20080827,4.6315,4.6315,4.6315,4.6315,92,0
20080828,4.6037,4.6315,4.492,4.6315,2494,0
20080829,4.4641,4.6037,4.4641,4.6037,456,0
20080901,4.4548,4.5571,4.4361,4.4641,1784,0
20080902,4.5106,4.5477,4.4176,4.4176,1965,0
20080903,4.4361,4.5385,4.3711,4.5106,3493,0
20080904,4.3896,4.5106,4.3896,4.4641,1366,0
20080905,4.4176,4.4641,4.2873,4.4176,565,0
20080908,4.4641,4.5385,4.4641,4.5385,275,0
20080909,4.2873,4.2966,4.2781,4.2873,4301,0
20080910,4.399,4.399,4.2781,4.3896,1284,0
20080911,4.3525,4.3525,4.2781,4.2781,641,0
20080912,4.2781,4.3711,4.2781,4.3711,1353,0
20080915,4.3711,4.3711,4.2781,4.2781,492,0
20080916,4.2781,4.3711,4.2594,4.3711,1005,0
20080917,4.3617,4.3617,4.2781,4.2781,161,0
20080918,4.2781,4.3711,4.2781,4.3711,400,0
20080919,4.2781,4.3711,4.2781,4.3711,1226,0
20080922,4.3338,4.3711,4.3246,4.3711,2162,0
20080923,4.1852,4.3525,4.1852,4.3525,1129,0
20080924,4.1944,4.3246,4.1944,4.3246,2064,0
20080925,4.3525,4.3525,4.3525,4.3525,195,0
20080926,4.3525,4.3525,4.3525,4.3525,228,0
20080929,4.3525,4.3525,4.3525,4.3525,471,0
20080930,4.1852,4.3153,4.1852,4.3153,1075,0
20081001,4.1852,4.3432,4.1852,4.3432,1021,0
20081002,4.3432,4.3525,4.0921,4.3525,972,0
20081003,4.0921,4.3246,4.0921,4.3246,269,0
20081006,4.3432,4.3617,3.9991,4.2781,6219,0
20081007,3.7852,4.2223,3.7852,4.0828,7061,0
20081008,3.3667,3.9897,3.348,3.8875,15708,0
20081009,3.8596,3.8596,3.7201,3.8596,1827,0
20081010,3.7015,3.7015,3.348,3.3574,5374,0
20081013,3.4411,3.6736,3.4411,3.6457,4393,0
20081014,3.8875,3.9061,3.8131,3.9061,6732,0
20081016,3.7759,3.8967,3.5806,3.8967,548,0
20081017,3.5341,3.7945,3.5341,3.7945,1197,0
20081021,3.8037,3.8037,3.5806,3.7666,412,0
20081022,3.7666,3.7945,3.6736,3.6736,809,0
20081023,3.7572,3.7572,3.3202,3.7572,959,0
20081024,3.7387,3.7387,3.7107,3.7107,484,0
20081027,3.348,3.6271,3.348,3.6271,1254,0
20081028,3.6271,3.7666,3.6271,3.7201,1149,0
20081029,3.7201,3.9247,3.7201,3.9247,2156,0
20081030,3.9061,3.9061,3.4597,3.5341,9487,0
20081031,3.6828,3.8503,3.6178,3.8503,1417,0
20081103,3.8967,3.9061,3.6736,3.8875,6572,0
20081104,3.7293,3.8967,3.7201,3.8967,1160,0
20081105,3.8688,3.8967,3.6736,3.8782,1010,0
20081106,3.6828,3.8596,3.6736,3.8596,1243,0
20081107,3.8409,3.9247,3.6736,3.8503,6888,0
20081110,3.8596,3.8596,3.8503,3.8503,1204,0
20081112,3.8596,3.8596,3.6828,3.8503,2634,0
20081114,3.8317,3.8317,3.7201,3.8317,557,0
20081117,3.8224,3.8224,3.8224,3.8224,269,0
20081118,3.7201,3.8131,3.6271,3.8131,565,0
20081119,3.6364,3.6364,3.6178,3.6178,913,0
20081120,3.4597,3.8037,3.4597,3.7945,1786,0
20081121,3.8037,3.8037,3.6271,3.7201,5288,0
20081124,3.7201,3.7201,3.6271,3.7201,1163,0
20081126,3.5155,3.7107,3.5062,3.5062,1690,0
20081127,3.7201,3.7201,3.5341,3.7015,492,0
20081128,3.5341,3.8037,3.5341,3.7945,1471,0
20081201,3.7945,3.7945,3.7945,3.7945,21,0
20081202,3.5341,3.7759,3.4503,3.7759,2256,0
20081204,3.7387,3.8131,3.7201,3.8037,15538,0
20081205,3.8037,3.8967,3.7572,3.8967,6245,0
20081208,3.8782,3.8875,3.7572,3.8503,7425,0
20081209,3.8131,3.8967,3.562,3.8596,2848,0
20081210,3.7201,3.8131,3.562,3.562,956,0
20081211,3.5806,3.7945,3.5806,3.7945,4051,0
20081212,3.8131,3.8409,3.4876,3.8224,6262,0
20081215,3.7201,3.7759,3.7201,3.7759,12,0
20081217,3.7759,3.7759,3.7759,3.7759,538,0
20081218,3.7201,3.7201,3.7201,3.7201,214,0
20081219,3.6643,3.7666,3.6643,3.7666,1965,0
20081222,3.7201,3.7201,3.5434,3.7015,4204,0
20081223,3.7107,3.7107,3.7107,3.7107,16,0
20081230,3.7201,3.8875,3.6736,3.7201,6592,0
20081231,3.7015,3.7201,3.5806,3.7107,5823,0
20090105,3.9991,3.9991,3.8131,3.8131,3446,0
20090107,3.7107,4.0921,3.6736,3.9061,15963,0
20090108,3.9526,3.9526,3.6736,3.6736,620,0
20090109,3.7201,3.7759,3.5899,3.748,3074,0
20090112,3.7945,3.7945,3.5806,3.7107,2583,0
20090115,3.5712,3.6828,3.5712,3.6828,2810,0
20090116,3.6271,3.6271,3.5712,3.6271,486,0
20090119,3.5341,3.6271,3.4039,3.6271,644,0
20090121,3.2643,3.6736,3.2643,3.6736,913,0
20090123,3.283,3.6178,3.2737,3.5341,740,0
20090126,3.3667,3.4411,3.3574,3.4411,1204,0
20090128,3.348,3.348,3.3108,3.348,699,0
20090129,3.2551,3.2551,3.2551,3.2551,395,0
20090130,3.2551,3.562,3.2551,3.562,55,0
20090203,3.5247,3.5247,3.2551,3.469,4072,0
20090204,3.3852,3.4039,3.3852,3.4039,531,0
20090205,3.3946,3.4411,3.3946,3.3946,2260,0
20090206,3.348,3.3946,3.348,3.348,522,0
20090209,3.2551,3.348,3.2551,3.348,656,0
20090210,3.2737,3.283,3.2551,3.2737,6643,0
20090212,3.2737,3.3016,3.2737,3.3016,424,0
20090213,3.3016,3.3108,3.3016,3.3016,1307,0
20090216,3.1062,3.3016,3.1062,3.3016,1285,0
20090217,3.0318,3.2643,3.0226,3.2643,543,0
20090218,2.9947,3.2272,2.9947,3.2272,118,0
20090219,3.2272,3.2272,3.2272,3.2272,430,0
20090220,3.2364,3.2364,3.2364,3.2364,85,0
20090223,2.9854,3.2643,2.9854,3.2643,277,0
20090224,3.0133,3.2643,3.0133,3.2458,392,0
20090225,3.2551,3.2643,3.2551,3.2643,430,0
20090226,3.283,3.2922,3.283,3.2922,137,0
20090227,3.283,3.283,3.283,3.283,75,0
20090302,3.0133,3.0133,3.0133,3.0133,430,0
20090303,3.2737,3.2737,3.2737,3.2737,10,0
20090305,3.0133,3.1527,2.9017,2.9017,3192,0
20090306,3.1527,3.1527,2.632,2.7063,2140,0
20090310,3.0505,3.0505,2.9295,2.9295,1336,0
20090311,2.8179,2.9295,2.697,2.9295,602,0
20090313,2.8366,2.8366,2.8366,2.8366,538,0
20090316,2.9295,2.9295,2.8552,2.9202,1629,0
20090317,2.8458,2.8923,2.8458,2.8923,670,0
20090318,2.9295,2.9761,2.9295,2.9574,3319,0
20090319,2.9574,2.9947,2.9202,2.9947,6983,0
20090320,2.9667,3.1156,2.9667,3.0597,8066,0
20090323,3.0226,3.1621,2.9017,3.1621,6456,0
20090324,3.1435,3.1621,2.9761,2.9761,1897,0
20090325,2.9295,3.1527,2.9295,3.0039,3606,0
20090326,3.0039,3.1621,3.0039,3.1249,5802,0
20090327,3.0691,3.1621,3.0133,3.1435,4218,0
20090330,3.0039,3.097,2.9667,3.097,7096,0
20090331,3.0877,3.1156,3.0226,3.097,12825,0
20090401,3.1621,3.1621,2.9761,3.1435,10452,0
20090402,3.1621,3.2086,3.0691,3.2086,4204,0
20090403,3.1156,3.7107,3.1156,3.4782,37882,0
20090406,3.655,3.655,3.348,3.5155,17583,0
20090407,3.4411,3.4411,3.3946,3.3946,1146,0
20090408,3.348,3.4132,3.1621,3.4132,4862,0
20090409,3.4039,3.5247,3.3295,3.5155,4691,0
20090414,3.5247,3.5247,3.4411,3.4411,4960,0
20090416,3.348,3.4411,3.2272,3.4411,4496,0
20090417,3.5341,3.5341,3.2643,3.348,7616,0
20090420,3.348,3.348,3.2086,3.2086,5947,0
20090421,3.2178,3.376,3.2086,3.2086,3195,0
20090422,3.2643,3.3387,3.2643,3.3387,2109,0
20090423,3.3016,3.3016,3.1899,3.3016,1197,0
20090424,3.3016,3.3016,3.2178,3.3016,1996,0
20090427,3.348,3.348,3.2551,3.348,1086,0
20090428,3.348,3.348,3.348,3.348,118,0
20090429,3.348,3.348,3.348,3.348,21,0
20090430,3.1342,3.348,3.1249,3.348,640,0
20090504,3.1062,3.3387,3.1062,3.3202,3397,0
20090505,3.2551,3.3016,3.2272,3.3016,4194,0
20090506,3.1807,3.3108,3.1621,3.2458,5173,0
20090507,3.4411,3.6178,3.4039,3.4503,51764,0
20090508,3.4597,3.469,3.4224,3.4411,4970,0
20090511,3.3946,3.4411,3.3574,3.3946,2581,0
20090512,3.3108,3.3946,3.3016,3.3946,3118,0
20090513,3.4782,3.5806,3.4411,3.4597,25663,0
20090514,3.3667,3.3667,3.3667,3.3667,152,0
20090515,3.3946,3.4968,3.3946,3.4968,2150,0
20090518,3.348,3.3667,3.2551,3.3574,9239,0
20090519,3.3016,3.3574,3.3016,3.3574,4690,0
20090520,3.3016,3.3108,3.283,3.3108,1500,0
20090521,3.348,3.348,3.348,3.348,74,0
20090522,3.283,3.348,3.2737,3.348,860,0
20090525,3.348,3.348,3.348,3.348,33,0
20090526,3.2551,3.3016,3.2551,3.3016,5641,0
20090527,3.3387,3.348,3.3387,3.348,1559,0
20090528,3.3016,3.3016,3.3016,3.3016,376,0
20090529,3.3667,3.3667,3.3667,3.3667,108,0
20090601,3.348,3.3852,3.2551,3.3852,6081,0
20090602,3.3852,3.3852,3.2551,3.3667,12271,0
20090603,3.3574,3.4782,3.348,3.4224,11596,0
20090604,3.4132,3.4132,3.348,3.4039,1793,0
20090605,3.4782,3.4782,3.4224,3.4318,753,0
20090608,3.3946,3.3946,3.348,3.348,9397,0
20090609,3.3667,3.3667,3.3574,3.3667,3983,0
20090610,3.3574,3.3946,3.3574,3.3946,3213,0
20090612,3.3946,3.3946,3.3852,3.3946,2322,0
20090615,3.4039,3.469,3.3946,3.4318,8797,0
20090616,3.4597,3.6271,3.4597,3.6178,31577,0
20090617,3.5341,3.7107,3.5341,3.6271,14783,0
20090618,3.6271,3.6271,3.6271,3.6271,14777,0
20090619,3.5341,3.7201,3.5341,3.6271,4759,0
20090622,3.6271,3.7015,3.5992,3.6084,9377,0
20090623,3.5341,3.5341,3.5341,3.5341,1291,0
20090624,3.6084,3.6271,3.5899,3.6271,1882,0
20090625,3.5899,3.6271,3.5899,3.6271,878,0
20090626,3.6271,3.7015,3.6084,3.6828,8816,0
20090629,3.6736,3.6736,3.6084,3.6271,556,0
20090630,3.6828,3.6828,3.6828,3.6828,10,0
20090702,3.6271,3.6271,3.6271,3.6271,2350,0
20090703,3.6828,3.6828,3.4318,3.6828,3255,0
20090706,3.5341,3.6736,3.5341,3.655,5527,0
20090707,3.6271,3.655,3.6271,3.6271,10148,0
20090708,3.6178,3.6178,3.6084,3.6084,3870,0
20090709,3.6084,3.6084,3.6084,3.6084,3752,0
20090710,3.6084,3.6084,3.6084,3.6084,424,0
20090713,3.6084,3.6643,3.6084,3.6643,6677,0
20090714,3.6084,3.7015,3.6084,3.7015,9623,0
20090715,3.6736,3.7107,3.6736,3.7015,3757,0
20090716,3.7015,3.8037,3.7015,3.8037,2944,0
20090717,3.8037,3.8503,3.8037,3.8131,1024,0
20090720,3.8503,3.8782,3.7945,3.8782,3775,0
20090721,3.8596,3.8782,3.8596,3.8782,1657,0
20090722,3.8688,3.8875,3.7572,3.8596,7139,0
20090723,3.8596,3.8596,3.7201,3.748,3148,0
20090724,3.7387,3.748,3.7387,3.748,6030,0
20090727,3.8503,3.8503,3.8503,3.8503,153,0
20090728,3.8131,3.8224,3.8131,3.8224,1445,0
20090729,3.8131,3.8131,3.8131,3.8131,2696,0
20090730,3.8131,4.1107,3.8131,4.0921,14008,0
20090731,4.2501,4.5013,4.1107,4.4361,20956,0
20090803,4.6501,4.678,4.4641,4.6037,25782,0
20090804,4.6037,5.1523,4.5106,5.1523,28589,0
20090805,5.1523,5.3011,4.8362,5.1151,8702,0
20090806,5.2547,5.2547,4.6501,4.8362,3461,0
20090807,5.0965,5.0965,4.7059,5.0222,392,0
20090810,4.7059,5.05,4.6966,4.9756,3726,0
20090811,4.9942,5.1058,4.5571,4.6501,15406,0
20090812,4.6501,4.6501,4.2781,4.5942,9062,0
20090813,4.5477,4.5571,4.5385,4.5385,984,0
20090814,4.4641,4.5477,4.3246,4.5477,3093,0
20090817,4.5571,4.9198,4.5571,4.9198,7263,0
20090819,4.8826,4.8826,4.5664,4.8826,1505,0
20090820,4.8826,4.9198,4.8546,4.8546,2829,0
20090821,4.8826,4.8826,4.864,4.864,1680,0
20090824,4.864,4.864,4.8362,4.8362,1996,0
20090825,4.8733,4.8826,4.8733,4.8826,646,0
20090826,4.8546,4.8546,4.8546,4.8546,783,0
20090827,4.8733,4.9291,4.8733,4.9105,2577,0
20090828,4.9198,4.9849,4.8362,4.8826,7760,0
20090831,4.9291,4.9291,4.8826,4.8826,1676,0
20090901,4.7431,4.8826,4.5571,4.8826,2759,0
20090902,4.864,4.864,4.771,4.771,280,0
20090903,4.7338,4.864,4.7245,4.7431,3547,0
20090904,4.7431,4.8733,4.7431,4.8733,764,0
20090907,4.8362,4.8362,4.8362,4.8362,11,0
20090909,4.8362,4.8362,4.4641,4.5106,832,0
20090910,4.4176,4.6594,4.3246,4.6594,3705,0
20090911,4.4269,4.6501,4.4176,4.6501,2333,0
20090914,4.4641,4.6501,4.2781,4.6501,888,0
20090915,4.6129,4.6129,4.6129,4.6129,2,0
20090916,4.2873,4.6129,4.2873,4.6129,346,0
20090917,4.2781,4.6315,4.2781,4.6315,1357,0
20090918,4.2873,4.6315,4.2873,4.6315,765,0
20090922,4.2873,4.6221,4.2781,4.6221,2333,0
20090923,4.399,4.399,4.399,4.399,108,0
20090924,4.3338,4.6221,4.2781,4.2781,554,0
20090925,4.3246,4.3711,4.2781,4.3711,992,0
20090928,4.3711,4.3711,4.3246,4.3711,877,0
20090929,4.3711,4.3711,4.3711,4.3711,156,0
20090930,4.3711,4.3711,4.1944,4.2316,10425,0
20091001,4.2781,4.2781,4.2316,4.2316,345,0
20091002,4.2781,4.3711,3.9991,4.3617,97,0
20091005,4.3525,4.3525,4.3525,4.3525,1075,0
20091006,4.1757,4.3246,4.1013,4.3246,676,0
20091007,4.1852,4.3525,3.9805,4.3338,397,0
20091008,4.3338,4.3338,4.3338,4.3338,237,0
20091009,4.1013,4.1107,4.0456,4.0921,6139,0
20091012,4.0456,4.3525,4.0456,4.0921,13552,0
20091014,4.0735,4.0735,4.0735,4.0735,5,0
20091015,4.0456,4.1665,4.0269,4.1665,4009,0
20091016,4.1852,4.1852,4.0735,4.0735,196,0
20091019,4.1571,4.1571,4.0921,4.1386,989,0
20091020,4.0176,4.0176,4.0084,4.0176,1183,0
20091021,4.0084,4.0921,3.9991,4.0921,7758,0
20091022,4.1292,4.1292,4.1292,4.1292,108,0
20091023,4.1292,4.1292,4.1292,4.1292,216,0
20091026,3.9061,4.0641,3.9061,4.0641,1020,0
20091027,4.0641,4.1665,4.0641,4.1665,1706,0
20091029,4.1013,4.1013,4.0921,4.0921,324,0
20091030,4.1386,4.1386,4.1386,4.1386,162,0
20091102,4.1292,4.1852,4.1292,4.1852,2150,0
20091103,4.1386,4.1386,4.0456,4.0456,1403,0
20091104,3.9526,4.0921,3.9061,3.9805,3258,0
20091105,3.9991,3.9991,3.9711,3.9711,2419,0
20091106,3.9247,3.9247,3.7852,3.8503,2052,0
20091109,3.8503,3.8503,3.7666,3.7666,699,0
20091110,3.9805,4.0921,3.9805,4.0921,2360,0
20091112,3.9061,4.0828,3.8967,4.0828,3710,0
20091116,3.9805,4.0735,3.9805,4.0735,285,0
20091117,3.8224,3.9991,3.8224,3.9061,3037,0
20091120,4.0921,4.0921,4.0921,4.0921,5,0
20091123,3.934,3.934,3.934,3.934,430,0
20091124,3.8503,3.8967,3.8503,3.8967,272,0
20091125,3.8131,3.8224,3.8131,3.8131,1454,0
20091126,3.7759,3.7759,3.4782,3.7201,2915,0
20091127,3.7201,3.7201,3.376,3.4876,6918,0
20091130,3.5899,3.7201,3.4503,3.4597,4965,0
20091201,3.4503,3.6923,3.4503,3.6923,2758,0
20091202,3.6736,3.6923,3.6736,3.6828,1121,0
20091203,3.6828,3.6828,3.6736,3.6736,2426,0
20091204,3.5155,3.6923,3.5155,3.6923,1098,0
20091207,3.5155,3.6643,3.5155,3.655,2959,0
20091209,3.4968,3.655,3.4968,3.6364,1338,0
20091210,3.4597,3.6271,3.4597,3.6084,8150,0
20091211,3.6271,3.655,3.6271,3.655,380,0
20091214,3.6271,3.6923,3.6271,3.6271,843,0
20091215,3.6271,3.6364,3.5341,3.6364,1624,0
20091216,3.5341,3.6364,3.5341,3.5341,1309,0
20091217,3.5062,3.6178,3.4503,3.6178,1547,0
20091218,3.6084,3.6178,3.6084,3.6178,1398,0
20091221,3.5806,3.655,3.5806,3.655,352,0
20091222,3.6178,3.6178,3.5712,3.5712,228,0
20091223,3.5341,3.6178,3.3574,3.3667,5054,0
20091228,3.348,3.6364,3.348,3.5806,4815,0
20091229,3.6271,3.6457,3.4503,3.6457,7078,0
20091230,3.4597,3.6457,3.4597,3.6364,1305,0
20091231,3.6364,3.6457,3.4597,3.6457,1903,0
20100104,3.7201,3.7201,3.7015,3.7107,2731,0
20100105,3.6923,3.7666,3.5899,3.5899,17541,0
20100106,3.6271,3.7201,3.5527,3.6923,5894,0
20100107,3.7015,3.7107,3.562,3.562,5970,0
20100108,3.562,3.655,3.5341,3.6364,9188,0
20100111,3.6364,3.7201,3.6271,3.6828,1092,0
20100112,3.7201,3.7201,3.5806,3.6923,1986,0
20100113,3.4876,3.655,3.4876,3.655,1338,0
20100114,3.6736,3.6736,3.6271,3.6271,2097,0
20100115,3.5434,3.6178,3.5341,3.6178,1735,0
20100119,3.4876,3.6178,3.4876,3.6178,255,0
20100120,3.5341,3.5341,3.5341,3.5341,829,0
20100121,3.5341,3.5341,3.5341,3.5341,1075,0
20100122,3.4876,3.4968,3.4597,3.4597,5365,0
20100125,3.4411,3.6923,3.4411,3.6923,411,0
20100126,3.3946,3.6271,3.348,3.6271,3696,0
20100127,3.3946,3.4876,3.3946,3.4876,1420,0
20100128,3.5992,3.6271,3.4411,3.6178,4024,0
20100129,3.5712,3.5712,3.5341,3.5341,272,0
20100201,3.376,3.5806,3.376,3.5806,6336,0
20100202,3.5992,3.5992,3.5992,3.5992,98,0
20100203,3.5806,3.7201,3.5806,3.7201,15113,0
20100204,3.7572,3.7572,3.4039,3.6643,10011,0
20100205,3.4782,3.5712,3.376,3.5712,5337,0
20100208,3.376,3.6271,3.3667,3.5247,2540,0
20100209,3.5247,3.5247,3.4782,3.5155,2011,0
20100210,3.5155,3.5155,3.2922,3.5062,1622,0
20100211,3.3202,3.6084,3.3202,3.348,5166,0
20100212,3.3202,3.5341,3.3202,3.3946,4023,0
20100215,3.4132,3.5062,3.3946,3.5062,619,0
20100216,3.5341,3.5341,3.3016,3.5155,2103,0
20100217,3.4411,3.4876,3.376,3.4876,560,0
20100218,3.4411,3.5062,3.348,3.5062,1184,0
20100219,3.4411,3.5341,3.4411,3.5341,1642,0
20100222,3.6084,3.6457,3.5341,3.6457,2347,0
20100223,3.4224,3.6364,3.3946,3.4318,9699,0
20100224,3.4411,3.5247,3.4411,3.5247,403,0
20100225,3.6178,3.6178,3.4318,3.4318,1422,0
20100226,3.4318,3.5155,3.4318,3.5155,748,0
20100302,3.4782,3.4876,3.4411,3.4876,3007,0
20100303,3.4876,3.6084,3.4876,3.6084,1225,0
20100304,3.5527,3.5992,3.5341,3.5899,10823,0
20100305,3.562,3.6923,3.4968,3.6643,9616,0
20100308,3.748,3.748,3.6271,3.6271,2079,0
20100309,3.7107,3.8131,3.5992,3.8131,30930,0
20100310,3.9619,4.0549,3.8596,3.9526,23839,0
20100311,3.9247,4.0363,3.7201,3.9153,12115,0
20100312,3.7572,4.0456,3.7293,4.0456,39836,0
20100315,3.9432,4.0176,3.8131,3.9805,8374,0
20100316,3.9711,3.9711,3.8596,3.9061,2797,0
20100317,3.8596,3.9432,3.8409,3.8409,5721,0
20100318,3.8409,3.9432,3.8409,3.9153,1621,0
20100319,3.8967,3.9432,3.8037,3.9061,979,0
20100322,3.9247,3.9247,3.8688,3.9061,2711,0
20100323,3.748,4.0921,3.748,4.0735,16075,0
20100324,4.0456,4.0456,4.0363,4.0456,998,0
20100325,3.9432,3.9991,3.7387,3.748,14570,0
20100326,3.7572,3.9061,3.748,3.9061,7630,0
20100329,3.8503,3.8503,3.7759,3.8503,1169,0
20100330,3.8503,3.9061,3.7107,3.9061,5916,0
20100331,3.8967,4.12,3.7572,3.7572,38613,0
20100401,3.9247,3.9897,3.8131,3.9061,25418,0
20100406,3.9897,3.9897,3.8409,3.9432,4964,0
20100407,3.8875,4.0456,3.8224,4.0363,55114,0
20100408,4.0269,4.2316,3.9061,4.2316,90090,0
20100409,4.2316,4.678,4.1852,4.678,109622,0
20100412,4.6594,4.8362,4.5198,4.6501,30860,0
20100413,4.6501,4.7338,4.5198,4.6501,38478,0
20100414,4.6501,4.7431,4.4176,4.7245,11612,0
20100415,4.492,4.7338,4.492,4.6966,22658,0
20100416,4.5477,4.678,4.5477,4.6037,2330,0
20100419,4.5942,4.678,4.4641,4.678,22401,0
20100420,4.6966,4.6966,4.585,4.6501,3710,0
20100421,4.6966,4.7245,4.6129,4.6501,4224,0
20100422,4.6501,4.678,4.585,4.6501,3502,0
20100423,4.6501,4.7896,4.6501,4.7802,7245,0
20100426,4.7896,5.0222,4.7802,5.0222,18019,0
20100427,5.0222,5.0593,4.9291,5.0222,4431,0
20100428,4.8362,5.0222,4.8362,5.0222,4955,0
20100429,4.6129,4.9663,4.6129,4.9291,4170,0
20100430,5.0593,5.0965,4.9756,5.0871,5864,0
20100504,5.0686,5.0965,4.9291,5.0965,1558,0
20100505,4.9291,5.1058,4.7896,5.0779,16243,0
20100506,4.9291,5.0779,4.9291,5.0686,22097,0
20100507,5.0686,5.0686,4.6594,4.8919,2584,0
20100510,4.7431,5.0127,4.7431,4.8919,5497,0
20100511,4.9105,5.0686,4.9105,5.0593,4318,0
20100512,4.9849,5.1058,4.9849,5.0593,1696,0
20100513,5.0314,5.0686,4.9291,5.0686,4728,0
20100514,4.9291,5.0222,4.9291,5.0222,855,0
20100517,4.5292,4.9756,4.5292,4.9105,5288,0
20100518,4.8362,4.9198,4.8362,4.9198,718,0
20100519,4.7431,4.7431,4.5106,4.7338,1206,0
20100520,4.7152,4.7152,4.3711,4.3711,8619,0
20100521,4.7245,4.7245,4.2781,4.2781,455,0
20100524,4.7896,4.7896,4.3711,4.6501,649,0
20100525,4.6501,4.6686,4.5013,4.6501,1939,0
20100526,4.6037,4.8362,4.6037,4.8362,8274,0
20100527,4.8362,4.8362,4.6037,4.6873,1197,0
20100528,4.6966,4.7896,4.6129,4.7896,4738,0
20100531,4.7896,4.8362,4.5664,4.7431,1508,0
20100601,4.6501,4.8826,4.6501,4.8362,1831,0
20100602,4.6966,4.8546,4.6594,4.8175,5903,0
20100604,4.6594,5.0686,4.6501,5.05,17271,0
20100607,5.05,5.1151,4.7896,5.0686,6132,0
20100608,4.9849,5.0222,4.9383,5.0222,3299,0
20100609,5.0965,5.1058,4.8826,4.8826,3683,0
20100610,4.8826,5.1058,4.8362,5.0686,1592,0
20100611,5.0686,5.0686,5.0222,5.0222,70,0
20100614,4.8919,4.9198,4.8362,4.9198,4723,0
20100615,4.8362,4.8362,4.7896,4.7896,1569,0
20100616,4.7431,4.7431,4.7431,4.7431,485,0
20100617,4.678,4.6873,4.678,4.6873,1296,0
20100618,4.6873,4.9198,4.4082,4.4082,1213,0
20100621,4.5571,4.6501,4.5477,4.6501,524,0
20100622,4.4269,4.6501,4.4269,4.6501,349,0
20100623,4.9011,4.9011,4.4361,4.4361,214,0
20100624,4.4455,4.8362,4.4455,4.8267,4292,0
20100625,4.9011,4.9011,4.678,4.678,2270,0
20100628,4.6501,4.8919,4.5198,4.8733,304,0
20100629,4.8267,4.8267,4.5942,4.678,437,0
20100630,4.678,4.678,4.678,4.678,54,0
20100701,4.5292,4.6686,4.5292,4.6686,971,0
20100702,4.7896,4.8362,4.4361,4.6129,3179,0
20100705,4.4455,4.6129,4.4455,4.6129,557,0
20100706,4.6129,4.8919,4.6129,4.8733,6574,0
20100707,4.6037,4.864,4.6037,4.8546,1441,0
20100708,4.8267,4.8454,4.678,4.8362,3060,0
20100709,4.8362,4.8733,4.8362,4.8733,376,0
20100712,4.8546,4.9198,4.8546,4.9198,1623,0
20100713,4.9756,5.0127,4.8362,4.9198,548,0
20100715,4.9291,5.0222,4.9291,5.0222,5107,0
20100716,4.771,5.0871,4.771,5.0686,2075,0
20100720,4.8267,4.8267,4.8267,4.8267,869,0
20100721,4.9291,5.0222,4.7896,4.8826,7957,0
20100722,5.0127,5.0127,4.9291,5.0127,1091,0
20100726,5.0127,5.0127,5.0127,5.0127,834,0
20100728,4.9756,4.9756,4.9756,4.9756,216,0
20100803,4.7524,4.7617,4.7524,4.7524,1774,0
20100804,4.7896,4.8362,4.7431,4.8362,408,0
20100805,4.8267,5.3011,4.8267,5.2547,32340,0
20100806,5.2918,5.2918,5.2082,5.2453,5549,0
20100809,5.2547,5.2547,5.05,5.1709,2957,0
20100810,5.2453,5.2453,5.0222,5.0686,2409,0
20100811,5.0686,5.1895,4.8362,5.1895,2770,0
20100812,5.1151,5.1616,5.1151,5.1616,247,0
20100813,4.9291,5.1709,4.9291,5.1709,682,0
20100816,5.0127,5.1802,5.0127,5.1802,1216,0
20100818,5.0686,5.1709,5.0222,5.1616,2670,0
20100819,5.1802,5.2082,5.1802,5.1895,587,0
20100820,5.2082,5.2082,5.0686,5.1895,710,0
20100823,5.1987,5.2731,5.1709,5.2453,742,0
20100825,5.1616,5.2453,5.1616,5.2453,2451,0
20100826,5.236,5.236,5.1987,5.2082,1839,0
20100827,5.2082,5.2082,5.2082,5.2082,6,0
20100830,4.9011,5.2082,4.9011,5.2082,9575,0
20100831,4.6966,5.2082,4.6966,5.1987,917,0
20100901,5.0593,5.1244,4.9942,5.1244,2042,0
20100902,5.1151,5.1244,4.9756,5.1244,3193,0
20100903,5.1244,5.1244,4.8919,5.0779,12356,0
20100906,4.9011,5.0965,4.9011,5.0686,9743,0
20100907,4.9663,5.05,4.8919,5.0222,922,0
20100908,4.9383,4.9756,4.8454,4.8454,941,0
20100909,5.0593,5.0593,4.9011,5.0593,7506,0
20100910,4.8362,5.0686,4.8362,5.0593,3254,0
20100914,4.9291,4.9291,4.9198,4.9198,710,0
20100915,4.9291,5.0593,4.9291,5.0593,1226,0
20100916,5.05,5.05,5.05,5.05,1075,0
20100917,5.0406,5.05,5.0314,5.05,1047,0
20100920,4.9291,4.9291,4.9291,4.9291,92,0
20100921,4.9383,4.9383,4.9291,4.9291,228,0
20100922,4.9291,4.9291,4.9291,4.9291,98,0
20100923,4.9291,5.0593,4.9291,5.0314,1350,0
20100924,4.7896,5.05,4.7896,5.05,3430,0
20100927,5.0406,5.0406,4.8546,5.0222,2470,0
20100929,4.9756,5.0222,4.9756,5.0222,1306,0
20100930,5.0222,5.0222,4.9291,5.0222,1180,0
20101001,5.0593,5.0686,5.0222,5.0686,3647,0
20101004,5.0222,5.0686,5.0222,5.0686,4247,0
20101005,4.8919,5.1616,4.8919,5.1616,18704,0
20101006,5.2082,5.3196,5.2082,5.3104,25580,0
20101007,5.3104,5.329,5.2267,5.3104,7983,0
20101008,5.3011,5.3941,5.3011,5.3941,15345,0
20101011,5.4127,5.4964,5.4127,5.4871,6615,0
20101012,5.4499,6.2312,5.3941,5.9149,20660,0
20101013,6.2125,6.789,6.2125,6.7612,52922,0
20101014,7.0215,7.9051,6.9751,7.1983,114854,0
20101015,7.4216,7.4216,6.6869,6.8635,29621,0
20101018,6.5101,6.8263,6.3613,6.5381,31544,0
20101019,6.3521,6.4915,6.0452,6.0823,51187,0
20101020,5.9149,6.0452,5.7661,5.9986,13790,0
20101021,5.9986,6.4822,5.9986,6.3242,26217,0
20101022,6.3242,6.5008,6.2777,6.4915,8100,0
20101025,6.5008,6.5752,6.3056,6.3056,11615,0
20101026,6.3056,6.5101,6.1381,6.1381,3926,0
20101027,6.4078,6.4078,6.2125,6.3242,3740,0
20101028,6.3242,6.3706,6.2312,6.2312,5432,0
20101029,6.3613,6.3613,6.2312,6.3242,2309,0
20101102,6.3799,6.445,6.2218,6.3706,6456,0
20101103,6.5101,6.5101,6.2218,6.4543,40189,0
20101104,6.5101,6.6031,6.1381,6.4636,12017,0
20101105,6.4171,6.6031,6.3242,6.5101,10662,0
20101108,6.6031,6.6031,6.4171,6.5101,4945,0
20101109,6.6496,6.9751,6.6496,6.9566,19992,0
20101110,6.9751,7.0681,6.9566,7.0495,10001,0
20101112,7.0681,7.1239,6.9286,6.9844,8990,0
20101115,6.9751,7.0215,6.6589,6.9751,3350,0
20101116,7.0402,7.0402,6.8821,6.9658,1160,0
20101117,6.6961,6.6961,6.5194,6.5381,10165,0
20101118,6.5381,6.9193,6.5381,6.5659,3922,0
20101119,6.6031,6.7985,6.6031,6.6961,2381,0
20101122,6.7426,6.8821,6.5101,6.8171,5676,0
20101123,6.8077,6.8263,6.5101,6.5101,6078,0
20101124,6.4729,6.6031,6.3148,6.5566,3750,0
20101125,6.6496,6.6496,6.3334,6.6496,784,0
20101126,6.6775,6.6775,6.5101,6.6403,2258,0
20101129,6.5566,6.5566,6.1753,6.4915,757,0
20101130,6.4078,6.4171,5.9614,6.4171,2514,0
20101201,6.4729,6.4729,6.2032,6.4636,12844,0
20101202,6.4636,6.5101,6.4543,6.4915,2617,0
20101203,6.6961,6.7426,6.6961,6.7426,3494,0
20101206,6.789,6.789,6.5101,6.6869,2382,0
20101207,6.6961,6.6961,6.4171,6.5566,6069,0
20101208,6.6031,6.6031,6.4265,6.5752,1246,0
20101209,6.5752,6.5752,6.5101,6.5101,2106,0
20101210,6.5194,6.5473,6.5194,6.5473,734,0
20101213,6.5566,6.5938,6.3242,6.3334,1736,0
20101214,6.3334,6.5938,6.3334,6.3334,4656,0
20101215,6.3334,6.4357,6.3334,6.4265,3453,0
20101216,6.5473,6.5473,6.2777,6.4822,4349,0
20101217,6.4822,6.4822,6.2683,6.4078,2221,0
20101220,6.3985,6.3985,6.2777,6.3706,387,0
20101221,6.3985,6.4078,5.9893,6.4078,551,0
20101222,6.4078,6.4357,6.1381,6.4357,1086,0
20101223,6.4357,6.5101,6.1661,6.1661,2582,0
20101227,6.0452,6.0452,5.8592,6.0452,14191,0
20101228,5.8592,6.3148,5.8592,6.0452,13612,0
20101229,6.0452,6.2962,5.8684,6.2404,2128,0
20101230,6.0452,6.1288,6.0452,6.1196,1764,0
20101231,6.0637,6.0637,6.0452,6.0452,1391,0
20110103,5.8684,6.4171,5.8684,6.3706,2414,0
20110104,6.3242,6.6961,6.3242,6.6496,14776,0
20110105,6.445,6.6682,6.445,6.5938,3293,0
20110107,6.6031,6.6031,6.4357,6.5101,2425,0
20110110,6.5101,6.5101,6.5101,6.5101,216,0
20110111,6.5008,6.5101,6.1846,6.5101,4194,0
20110112,6.5566,6.6125,6.5566,6.6031,8859,0
20110113,6.6496,6.6496,6.5101,6.6031,184,0
20110114,6.6031,6.6682,6.6031,6.6496,4872,0
20110117,6.6496,6.6682,6.6217,6.6682,3897,0
20110118,6.6682,6.6682,6.5101,6.6589,1620,0
20110119,6.3427,6.6682,6.3334,6.6682,2104,0
20110120,6.6682,6.6682,6.6682,6.6682,108,0
20110121,6.3799,6.6403,6.3706,6.6403,1968,0
20110124,6.4171,6.6125,6.3706,6.6031,736,0
20110125,6.6125,6.6125,6.5846,6.5846,2431,0
20110126,6.5194,6.5752,6.3985,6.5659,1017,0
20110127,6.5101,6.5101,6.3242,6.5008,2557,0
20110128,6.5008,6.5101,6.5008,6.5101,280,0
20110131,6.3427,6.3613,6.3242,6.3613,720,0
20110201,6.3334,6.5194,6.1846,6.2032,3969,0
20110202,6.2032,6.2032,6.2032,6.2032,54,0
20110203,6.194,6.3148,6.1753,6.3148,1293,0
20110204,6.3148,6.3334,6.3148,6.3242,2001,0
20110207,6.3242,6.3242,6.2312,6.2777,3290,0
20110208,6.0637,6.2777,6.0544,6.2218,2899,0
20110209,6.1381,6.4078,6.0452,6.0452,4087,0
20110210,6.2312,6.2312,6.2312,6.2312,67,0
20110214,6.0544,6.1288,5.8127,6.1288,11630,0
20110215,6.194,6.194,6.1288,6.1381,1183,0
20110216,6.0917,6.1381,5.9241,6.1381,1982,0
20110217,5.9614,5.9614,5.9614,5.9614,322,0
20110218,6.0172,6.0265,5.9986,6.0265,1023,0
20110221,6.0265,6.1288,5.9521,6.1288,2168,0
20110222,6.1846,6.1846,5.9986,5.9986,4467,0
20110223,6.1567,6.1567,5.9057,5.9057,8371,0
20110224,6.1661,6.1661,5.9521,5.9521,544,0
20110225,5.9521,6.1288,5.9521,6.073,788,0
20110228,6.073,6.445,6.073,6.2404,12423,0
20110301,6.2777,6.4171,6.2497,6.4078,3565,0
20110302,6.3706,6.4078,6.2312,6.4078,4214,0
20110303,6.4171,6.4171,6.1474,6.3985,2550,0
20110304,6.3892,6.3892,6.1381,6.3799,3410,0
20110307,6.3706,6.4078,6.3706,6.4078,365,0
20110308,6.3706,6.4078,6.2125,6.4078,2074,0
20110309,6.4078,6.4078,6.2777,6.4078,1378,0
20110310,6.4078,6.4171,6.2777,6.3242,2523,0
20110311,6.3148,6.3148,6.3148,6.3148,1183,0
20110314,6.3242,6.4078,6.2032,6.3242,2939,0
20110315,6.2404,6.2404,6.1846,6.1846,1134,0
20110316,6.2777,6.3985,6.2404,6.3148,1099,0
20110317,6.3985,6.3985,6.1753,6.3242,1664,0
20110318,5.98,6.3985,5.98,6.2312,8388,0
20110321,6.2312,6.3706,6.1381,6.3706,5117,0
20110322,6.3613,6.3613,6.259,6.3613,978,0
20110323,6.2777,6.3613,6.0917,6.1753,5863,0
20110324,6.1009,6.3613,6.1009,6.3613,4651,0
20110325,6.3242,6.3613,6.1381,6.2032,3371,0
20110328,6.2125,6.2125,6.2032,6.2032,643,0
20110329,6.3427,6.3427,5.9521,6.1381,2844,0
20110330,6.1846,6.1846,6.0172,6.1381,373,0
20110331,6.2312,6.3056,6.2312,6.3056,371,0
20110401,6.1381,6.3242,6.0452,6.3242,5070,0
20110404,6.194,6.3242,6.194,6.3242,2891,0
20110405,6.2777,6.2777,6.0823,6.2683,999,0
20110406,6.1009,6.1009,6.1009,6.1009,335,0
20110407,6.1101,6.2404,6.1101,6.2218,1242,0
20110408,6.2312,6.2312,6.1196,6.2312,328,0
20110411,6.2312,6.2312,6.1009,6.1196,8870,0
20110412,6.1009,6.2125,6.1009,6.2125,1182,0
20110413,6.2125,6.2125,6.0823,6.2125,1608,0
20110414,6.1753,6.2312,6.0917,6.1009,4894,0
20110415,6.1009,6.3056,6.0917,6.2962,1384,0
20110418,6.1381,6.2869,6.1009,6.2869,2114,0
20110419,6.2404,6.2497,6.2404,6.2497,478,0
20110420,6.1846,6.2497,6.1381,6.1381,1857,0
20110421,6.2312,6.2312,5.9986,6.2218,2644,0
20110426,6.2125,6.2125,5.9986,6.0358,4991,0
20110427,5.9986,5.9986,5.8592,5.9521,1135,0
20110428,5.9521,6.2032,5.9521,6.194,2518,0
20110429,6.073,6.1846,6.073,6.073,494,0
20110502,5.9521,6.073,5.9521,6.0637,484,0
20110504,6.0452,6.0452,6.0452,6.0452,164,0
20110506,5.8592,6.0917,5.8592,6.0544,3977,0
20110509,6.0265,6.0358,5.8684,6.0265,2527,0
20110510,6.0172,6.0265,5.9057,6.0265,835,0
20110511,6.0265,6.0265,5.8592,5.8592,1118,0
20110512,5.8776,5.8776,5.8776,5.8776,54,0
20110513,5.9521,6.0172,5.7755,5.9893,819,0
20110516,5.7755,5.9893,5.7196,5.7196,203,0
20110517,5.7661,5.7661,4.9011,5.1616,33204,0
20110518,5.3941,5.4127,5.1802,5.3848,2717,0
20110519,5.3941,5.4499,5.3848,5.3941,1663,0
20110520,5.236,5.5336,5.236,5.5336,3820,0
20110523,5.5336,5.5336,5.5336,5.5336,54,0
20110524,5.2639,5.4871,5.2639,5.4871,699,0
20110525,5.2267,5.4685,5.2267,5.4685,2292,0
20110526,5.4871,5.5243,5.3196,5.4964,1110,0
20110527,5.3476,5.3476,5.3476,5.3476,216,0
20110530,5.3476,5.4778,5.3476,5.4685,938,0
20110531,5.4778,5.7661,5.4778,5.7661,10061,0
20110601,5.3383,5.7661,5.3383,5.7661,2222,0
20110603,5.5894,5.7103,5.5336,5.5336,936,0
20110606,5.5429,5.7568,5.5336,5.7568,1457,0
20110607,5.7661,5.7661,5.5151,5.6732,3380,0
20110608,5.5429,5.8405,5.5151,5.7847,5318,0
20110609,5.7568,5.7568,5.4685,5.7475,4557,0
20110610,5.7475,5.7475,5.5615,5.608,2747,0
20110613,5.5429,5.7475,5.5429,5.5429,1298,0
20110614,5.5336,5.7103,5.5056,5.7103,1974,0
20110615,5.3848,5.5615,5.3848,5.5615,1606,0
20110616,5.6916,5.6916,5.1616,5.6452,1831,0
20110620,5.2547,5.608,5.2547,5.5708,226,0
20110621,5.3011,5.3011,5.1709,5.1709,515,0
20110622,5.1244,5.2082,5.1244,5.1987,6911,0
20110624,5.1987,5.2453,5.1244,5.1244,312,0
20110627,5.1151,5.1151,4.9849,4.9849,1169,0
20110628,4.9849,4.9849,4.6594,4.9756,1099,0
20110629,4.9756,5.3011,4.9756,5.3011,1325,0
20110630,5.1244,5.3011,5.1151,5.3011,937,0
20110704,4.771,5.1987,4.771,5.1987,499,0
20110705,4.864,5.2082,4.8546,5.2082,4044,0
20110706,5.2174,5.2267,4.9663,4.9663,5465,0
20110707,5.1802,5.1802,4.8826,5.0035,3795,0
20110708,4.8362,5.0779,4.8362,4.9756,1976,0
20110711,5.0593,5.3941,5.0593,5.3941,6029,0
20110712,5.3941,5.3941,5.0314,5.1151,3291,0
20110713,5.1058,5.1802,5.0222,5.1151,2892,0
20110715,5.1987,5.1987,4.9663,4.9663,1709,0
20110718,4.9942,5.2918,4.9942,5.2082,9824,0
20110719,4.8826,5.1151,4.6873,5.1151,3656,0
20110720,4.7896,4.8919,4.7896,4.7896,5660,0
20110721,4.7896,4.9663,4.7059,4.957,3947,0
20110722,5.0222,5.0222,4.9477,4.957,3227,0
20110725,4.9291,4.9756,4.9291,4.9756,1933,0
20110726,4.9291,4.9291,4.6594,4.9105,1101,0
20110727,4.8362,4.9291,4.8267,4.9198,2712,0
20110728,4.9291,4.9291,4.9291,4.9291,139,0
20110729,4.7245,4.8546,4.6686,4.8362,1774,0
20110801,4.9105,4.9105,4.8362,4.8362,3106,0
20110802,4.8362,5.0127,4.7152,4.7989,4638,0
20110803,4.7152,4.7896,4.6037,4.7059,1146,0
20110804,4.7338,4.9663,4.3804,4.6501,5893,0
20110805,4.3896,4.7431,4.1757,4.5106,3981,0
20110808,4.1852,4.3153,3.8131,3.8131,6832,0
20110809,3.7201,3.7666,3.3574,3.7666,23623,0
20110810,4.1852,4.2036,3.7201,3.7201,7274,0
20110811,3.7201,4.0456,3.5341,3.7201,12723,0
20110812,3.9061,4.5106,3.8131,4.4176,6935,0
20110816,4.4826,4.5571,4.4641,4.4826,3376,0
20110817,4.5571,4.5571,4.4826,4.5571,1325,0
20110818,4.5106,4.5571,3.7201,4.2781,5590,0
20110819,3.9991,4.5571,3.9991,4.5106,4396,0
20110822,4.4176,4.5106,4.4176,4.5106,2150,0
20110823,4.306,4.3246,4.306,4.3246,1466,0
20110824,4.3246,4.3246,4.3246,4.3246,94,0
20110825,4.3246,4.3246,4.3246,4.3246,84,0
20110829,4.3525,4.3525,4.3246,4.3525,224,0
20110831,4.3617,4.3617,4.3617,4.3617,1420,0
20110901,4.3711,4.5477,4.3711,4.5013,643,0
20110902,4.5477,4.5477,4.5013,4.5013,144,0
20110905,4.4455,4.4455,3.7572,3.7572,404,0
20110906,4.4361,4.4361,4.4269,4.4269,493,0
20110907,4.1852,4.2316,4.1852,4.2316,301,0
20110908,4.2781,4.2781,4.2781,4.2781,2,0
20110909,4.2781,4.2781,4.0084,4.0084,175,0
20110912,4.2781,4.2781,3.9805,4.1665,5444,0
20110913,3.7572,4.0363,3.7572,3.9897,5425,0
20110914,3.8037,4.0641,3.7666,3.9526,721,0
20110915,3.934,3.9897,3.934,3.9711,677,0
20110919,3.7666,3.9526,3.6736,3.6736,3370,0
20110920,3.8688,3.8875,3.6736,3.8782,6639,0
20110921,3.9805,3.9805,3.7201,3.9153,523,0
20110922,3.6736,3.8967,3.6271,3.8967,376,0
20110923,3.6271,3.8688,3.5341,3.8688,2027,0
20110926,3.8688,3.8688,3.8688,3.8688,55,0
20110927,3.8688,3.8875,3.8317,3.8782,1115,0
20110928,3.8782,3.8782,3.7666,3.7666,1838,0
20110929,3.7666,3.8503,3.7201,3.8317,1536,0
20110930,3.8782,3.8782,3.8782,3.8782,53,0
20111003,3.8782,3.8782,3.8782,3.8782,130,0
20111004,3.3387,3.5247,3.3387,3.5247,2675,0
20111005,3.7666,3.7666,3.7666,3.7666,25,0
20111006,3.7759,3.8037,3.7759,3.8037,787,0
20111010,3.7293,3.8037,3.7293,3.8037,643,0
20111011,3.8131,4.0269,3.8131,3.8131,6394,0
20111012,3.8131,3.9991,3.8131,3.9991,2156,0
20111013,3.7759,3.9805,3.7759,3.9526,1786,0
20111014,3.9526,3.9526,3.7759,3.9061,1217,0
20111017,3.9432,3.9432,3.7852,3.7852,732,0
20111018,3.9153,3.9153,3.9153,3.9153,56,0
20111020,3.7759,3.7759,3.7759,3.7759,216,0
20111021,3.7759,3.9061,3.7759,3.9061,1554,0
20111024,3.8875,3.8875,3.8875,3.8875,172,0
20111025,3.8131,3.8131,3.7201,3.7201,1075,0
20111026,3.7201,3.9061,3.7201,3.9061,847,0
20111027,3.7759,3.8967,3.5992,3.8875,8003,0
20111028,3.8782,3.8875,3.7666,3.8596,2086,0
20111102,3.6736,3.7852,3.6736,3.7852,50,0
20111103,3.7015,3.8596,3.7015,3.8596,1107,0
20111104,3.8688,3.8875,3.8688,3.8875,2882,0
20111107,3.9061,3.9061,3.7201,3.7201,2725,0
20111108,3.8688,3.8688,3.7293,3.7293,903,0
20111109,3.7293,3.7293,3.7201,3.7201,936,0
20111110,3.748,3.748,3.748,3.748,216,0
20111114,3.8037,3.8596,3.8037,3.8409,438,0
20111115,3.8409,3.8409,3.748,3.748,354,0
20111116,3.8409,3.8503,3.8131,3.8503,2798,0
20111117,3.8782,3.8782,3.8782,3.8782,54,0
20111121,3.8875,3.8875,3.8782,3.8782,548,0
20111124,3.8782,3.8782,3.6364,3.6364,295,0
20111125,3.7201,3.8782,3.6364,3.8782,4737,0
20111128,3.7852,3.8782,3.7852,3.7852,738,0
20111129,3.7201,3.8596,3.7201,3.8596,366,0
20111130,3.8037,3.8131,3.6457,3.8131,7239,0
20111201,3.8131,3.8131,3.562,3.7852,3239,0
20111202,3.7666,3.8037,3.7666,3.7945,6110,0
20111205,3.7945,3.7945,3.7945,3.7945,324,0
20111206,3.8224,3.8224,3.8224,3.8224,1542,0
20111207,3.8224,3.8224,3.6271,3.8037,1387,0
20111208,3.8037,3.8131,3.7666,3.8037,3009,0
20111209,3.7945,3.7945,3.7852,3.7852,1587,0
20111212,3.7201,3.7852,3.7201,3.7852,293,0
20111213,3.7945,3.8037,3.7945,3.8037,1591,0
20111214,3.7852,3.7945,3.5341,3.7666,2563,0
20111215,3.7852,3.7852,3.4318,3.7293,945,0
20111216,3.5341,3.7572,3.5341,3.748,1329,0
20111219,3.8131,3.8131,3.376,3.7107,2337,0
20111220,3.5341,3.7201,3.5341,3.7107,1501,0
20111222,3.7015,3.7201,3.7015,3.7201,484,0
20111223,3.6736,3.7107,3.5341,3.5341,4720,0
20111227,3.7945,3.7945,3.6271,3.6457,14948,0
20111228,3.655,3.7201,3.5527,3.6736,5709,0
20111229,3.7015,3.7015,3.5527,3.6271,7013,0
20111230,3.5992,3.6271,3.5341,3.5341,11267,0
20120102,3.5806,3.5806,3.5434,3.5434,444,0
20120103,3.7015,3.7015,3.5527,3.5527,1352,0
20120104,3.6457,3.6457,3.6178,3.6178,355,0
20120105,3.6457,3.6457,3.5899,3.5899,152,0
20120109,3.5806,3.5806,3.5806,3.5806,216,0
20120110,3.5806,3.5899,3.5806,3.5899,1063,0
20120111,3.3946,3.5899,3.348,3.5899,758,0
20120112,3.4411,3.5899,3.4411,3.5899,3323,0
20120116,3.5806,3.5806,3.5806,3.5806,27,0
20120117,3.348,3.5806,3.348,3.5712,1323,0
20120118,3.4039,3.5899,3.4039,3.4224,849,0
20120119,3.4968,3.7107,3.4968,3.7107,3037,0
20120120,3.7201,3.7387,3.4876,3.7293,4247,0
20120123,3.5527,3.7572,3.5527,3.7572,542,0
20120124,3.7666,3.8782,3.7201,3.8782,5567,0
20120125,3.7387,3.8596,3.7387,3.8596,1923,0
20120126,3.8596,3.9991,3.8596,3.9805,1749,0
20120127,3.9711,3.9711,3.9711,3.9711,6,0
20120130,3.748,3.9432,3.7107,3.9432,2060,0
20120131,3.9526,3.9526,3.9247,3.9247,1990,0
20120201,3.9805,4.1013,3.9526,3.9526,477,0
20120202,3.9526,4.0269,3.9526,4.0269,960,0
20120203,4.0269,4.12,3.9991,3.9991,6805,0
20120206,4.1107,4.1107,3.9991,3.9991,796,0
20120207,3.9061,3.9805,3.8224,3.9711,1517,0
20120208,4.0735,4.1757,3.9061,4.1479,8283,0
20120209,4.1013,4.1571,4.1013,4.1479,1290,0
20120210,4.0549,4.12,4.0456,4.12,395,0
20120213,3.9991,3.9991,3.9991,3.9991,550,0
20120214,4.0084,4.0828,3.8688,4.0456,2542,0
20120215,4.0363,4.0456,3.9991,3.9991,3810,0
20120216,4.0456,4.0456,4.0456,4.0456,54,0
20120220,3.8782,4.0828,3.8782,4.0828,6917,0
20120221,3.9619,4.12,3.9619,4.1107,3941,0
20120222,4.0828,4.0828,4.0828,4.0828,216,0
20120223,3.9711,4.0363,3.8503,3.8596,8376,0
20120224,3.8503,4.0363,3.8503,3.9991,3147,0
20120227,4.0084,4.0456,4.0084,4.0363,1830,0
20120228,3.9432,4.0176,3.9432,4.0176,649,0
20120229,4.0363,4.0363,4.0176,4.0176,64,0
20120301,3.9711,3.9805,3.8503,3.9711,2790,0
20120302,3.9526,4.0176,3.8596,3.9991,1699,0
20120305,3.9991,4.0176,3.8967,4.0084,1327,0
20120306,3.8688,4.0084,3.8503,4.0084,3352,0
20120307,3.8596,3.9897,3.8409,3.9805,5924,0
20120308,3.9711,3.9805,3.9711,3.9805,525,0
20120309,3.8409,3.9805,3.8409,3.9805,909,0
20120312,3.9805,3.9897,3.8224,3.9897,4067,0
20120313,3.9805,3.9805,3.9805,3.9805,322,0
20120314,3.9526,4.0921,3.8224,4.0921,4990,0
20120315,3.8503,4.0641,3.8503,4.0269,18495,0
20120316,4.0363,4.0363,4.0363,4.0363,216,0
20120319,4.0363,4.1479,3.9619,4.0921,5671,0
20120320,4.1386,4.1386,3.9619,4.1386,1364,0
20120321,4.1571,4.4641,4.0456,4.4641,8496,0
20120322,4.4641,4.5385,4.0269,4.12,4289,0
20120323,4.3525,4.3525,4.0549,4.0549,1620,0
20120326,4.2594,4.2688,4.0549,4.2594,807,0
20120327,4.2594,4.2594,4.2594,4.2594,610,0
20120328,4.0921,4.2501,4.0921,4.2501,1635,0
20120329,4.2688,4.2688,4.0921,4.2501,1117,0
20120330,4.0549,4.2316,3.9711,4.1757,2758,0
20120402,4.0641,4.1944,4.0641,4.1479,1365,0
20120403,4.1107,4.2036,4.1107,4.2036,1754,0
20120404,4.1852,4.2594,4.1386,4.2594,6855,0
20120405,4.2594,4.4548,4.1757,4.4548,5428,0
20120410,4.2781,4.4548,4.2688,4.4269,7482,0
20120411,4.4269,4.4269,4.4269,4.4269,216,0
20120412,4.3153,4.3711,4.0735,4.1665,1590,0
20120413,4.1757,4.3246,4.1665,4.2966,2133,0
20120416,4.3246,4.3711,4.2781,4.3711,5411,0
20120417,4.213,4.3617,4.213,4.3617,1076,0
20120418,4.3432,4.3432,4.3432,4.3432,147,0
20120419,4.1571,4.1571,4.1571,4.1571,162,0
20120420,4.306,4.306,4.0549,4.2688,1895,0
20120423,4.0549,4.1757,4.0456,4.1757,1263,0
20120425,4.213,4.213,3.9153,3.9991,1601,0
20120426,3.9991,4.12,3.9153,4.12,1033,0
20120427,4.12,4.12,4.12,4.12,22,0
20120504,3.8967,4.1013,3.8409,4.1013,841,0
20120507,4.1757,4.1757,4.1757,4.1757,15,0
20120508,4.1292,4.1386,4.1292,4.1386,173,0
20120510,3.8596,4.0735,3.8596,3.9247,7120,0
20120511,3.9991,3.9991,3.8037,3.9897,1844,0
20120514,3.8317,3.9619,3.7759,3.9619,893,0
20120515,3.7759,3.8503,3.7759,3.8503,473,0
20120516,3.7572,3.8037,3.655,3.7852,3116,0
20120517,3.8131,3.8131,3.6736,3.6736,232,0
20120518,3.6643,3.6736,3.4039,3.6736,2955,0
20120521,3.9991,3.9991,3.9897,3.9897,781,0
20120522,3.9061,3.9061,3.9061,3.9061,108,0
20120523,3.8967,3.8967,3.5992,3.6271,265,0
20120524,3.6271,3.7201,3.5341,3.7201,2516,0
20120525,3.7666,3.7666,3.7666,3.7666,21,0
20120530,3.7387,3.7387,3.7387,3.7387,263,0
20120531,3.7293,3.7387,3.7293,3.7387,2009,0
20120604,3.7293,3.7387,3.7293,3.7387,1222,0
20120606,3.5434,3.7293,3.5341,3.7293,1711,0
20120611,3.3574,3.6923,3.3574,3.6923,612,0
20120612,3.7387,3.7387,3.7387,3.7387,322,0
20120614,3.4968,3.4968,3.4876,3.4876,760,0
20120615,3.5062,3.7201,3.5062,3.7107,900,0
20120618,3.4876,3.6923,3.4876,3.6923,4979,0
20120619,3.5341,3.6923,3.5341,3.6923,5818,0
20120620,3.6923,3.8037,3.5155,3.8037,8401,0
20120621,3.7945,3.8037,3.7945,3.7945,4131,0
20120622,3.8037,3.8037,3.6736,3.7107,2501,0
20120625,3.7015,3.7759,3.5434,3.7759,2022,0
20120626,3.6736,3.7759,3.6271,3.7759,4330,0
20120627,3.6643,3.748,3.6643,3.748,12011,0
20120628,3.7387,3.7572,3.6736,3.748,2404,0
20120629,3.6923,3.7387,3.6828,3.6828,597,0
20120703,3.4411,3.4411,3.4411,3.4411,3227,0
20120704,3.4876,3.4876,3.4876,3.4876,5792,0
20120705,3.5434,3.5434,3.5434,3.5434,2242,0
20120706,3.6084,3.6084,3.6084,3.6084,753,0
20120709,3.5341,3.5341,3.5341,3.5341,1290,0
20120711,3.3667,3.3667,3.3667,3.3667,248,0
20120713,3.6178,3.6178,3.6178,3.6178,118,0
20120716,3.3946,3.3946,3.3946,3.3946,210,0
20120717,3.6178,3.6178,3.6178,3.6178,7885,0
20120719,3.3852,3.3852,3.3852,3.3852,44,0
20120723,3.6178,3.6178,3.6178,3.6178,1400,0
20120727,3.3946,3.3946,3.3946,3.3946,26,0
20120801,3.6178,3.6178,3.6178,3.6178,322,0
20120802,3.4597,3.4597,3.4597,3.4597,10,0
20120806,3.6178,3.6178,3.6178,3.6178,110,0
20120807,3.6178,3.6178,3.6084,3.6084,82,0
20120808,3.5712,3.5806,3.5712,3.5806,648,0
20120809,3.6084,3.6178,3.5806,3.6178,690,0
20120810,3.6178,3.6178,3.6178,3.6178,10,0
20120813,3.5806,3.6178,3.5806,3.6178,367,0
20120814,3.348,3.5341,3.348,3.4782,5338,0
20120816,3.4224,3.469,3.4224,3.469,1031,0
20120817,3.4411,3.4968,3.4318,3.4318,967,0
20120820,3.4411,3.4503,3.4411,3.4503,646,0
20120821,3.5247,3.5247,3.4318,3.5062,710,0
20120822,3.4782,3.4782,3.4782,3.4782,108,0
20120823,3.4597,3.4876,3.4503,3.4876,430,0
20120824,3.4876,3.4876,3.4503,3.4876,806,0
20120827,3.4876,3.4876,3.4876,3.4876,54,0
20120828,3.4876,3.4876,3.4876,3.4876,33,0
20120829,3.4876,3.4876,3.4876,3.4876,33,0
20120830,3.4876,3.4876,3.4876,3.4876,28,0
20120831,3.4039,3.4039,3.348,3.4039,1129,0
20120903,3.4224,3.4411,3.4224,3.4224,275,0
20120904,3.4411,3.4411,3.4224,3.4224,235,0
20120905,3.376,3.4224,3.376,3.4224,567,0
20120906,3.2643,3.348,3.2643,3.348,529,0
20120907,3.348,3.348,3.348,3.348,306,0
20120911,3.348,3.4132,3.348,3.4132,1584,0
20120912,3.4224,3.4224,3.4224,3.4224,510,0
20120913,3.4224,3.4318,3.3852,3.4318,1059,0
20120914,3.4039,3.4318,3.3946,3.4318,2392,0
20120917,3.348,3.4224,3.348,3.4224,612,0
20120918,3.4318,3.4318,3.3295,3.348,2767,0
20120919,3.4039,3.4039,3.348,3.4039,1465,0
20120920,3.3946,3.4132,3.3946,3.4132,376,0
20120921,3.4039,3.4039,3.3016,3.3016,399,0
20120924,3.3108,3.4132,3.3108,3.4132,8,0
20120925,3.4132,3.4132,3.4132,3.4132,108,0
20120926,3.4039,3.4039,3.4039,3.4039,21,0
20120927,3.2922,3.4132,3.2922,3.4132,2258,0
20120928,3.4039,3.4318,3.3667,3.4318,2711,0
20121001,3.4039,3.4411,3.4039,3.4411,1075,0
20121002,3.4411,3.4876,3.4411,3.4876,1280,0
20121003,3.4132,3.4876,3.4132,3.4876,1572,0
20121004,3.4876,3.5806,3.4597,3.5806,6925,0
20121005,3.6271,3.6643,3.562,3.655,1868,0
20121008,3.5434,3.562,3.5062,3.562,4142,0
20121009,3.4782,3.4782,3.4782,3.4782,1473,0
20121010,3.469,3.469,3.4224,3.4503,2242,0
20121011,3.4782,3.5155,3.4503,3.5155,2384,0
20121012,3.5155,3.5155,3.5155,3.5155,216,0
20121016,3.4411,3.4411,3.4411,3.4411,108,0
20121017,3.376,3.5155,3.376,3.5155,1269,0
20121018,3.5155,3.5155,3.5155,3.5155,54,0
20121019,3.5155,3.5155,3.5155,3.5155,64,0
20121022,3.4968,3.4968,3.4411,3.4411,518,0
20121023,3.4876,3.4876,3.3295,3.4224,3675,0
20121024,3.3016,3.4132,3.3016,3.4132,287,0
20121025,3.4132,3.4132,3.4132,3.4132,2,0
20121026,3.3946,3.3946,3.3946,3.3946,430,0
20121029,3.3016,3.3946,3.3016,3.3946,1068,0
20121030,3.3946,3.3946,3.348,3.3946,701,0
20121031,3.348,3.3946,3.348,3.3946,1387,0
20121105,3.3108,3.4411,3.3108,3.4411,1818,0
20121106,3.3202,3.4968,3.3202,3.4968,401,0
20121107,3.5341,3.5341,3.5247,3.5341,1992,0
20121108,3.4224,3.5341,3.4224,3.5341,646,0
20121109,3.4876,3.5341,3.3295,3.5341,1270,0
20121112,3.5247,3.5341,3.5247,3.5341,333,0
20121113,3.4411,3.5341,3.3946,3.5341,1215,0
20121116,3.4318,3.4968,3.4318,3.4968,109,0
20121119,3.4968,3.4968,3.3852,3.4968,1922,0
20121120,3.4968,3.4968,3.3852,3.4968,1596,0
20121121,3.4039,3.4968,3.4039,3.4968,351,0
20121123,3.4968,3.4968,3.4132,3.4782,1935,0
20121126,3.4782,3.4782,3.4782,3.4782,5,0
20121127,3.3946,3.3946,3.376,3.3946,6952,0
20121128,3.4876,3.4876,3.4876,3.4876,1322,0
20121129,3.5247,3.5247,3.5247,3.5247,4,0
20121130,3.5247,3.5247,3.5155,3.5155,34,0
20121203,3.5155,3.5247,3.3946,3.5247,1254,0
20121204,3.5247,3.5247,3.4411,3.5247,1363,0
20121205,3.5247,3.5247,3.4132,3.5247,2002,0
20121206,3.4224,3.5247,3.3667,3.5247,1473,0
20121210,3.4503,3.5247,3.4503,3.4503,2185,0
20121211,3.4503,3.5062,3.4411,3.4876,1774,0
20121212,3.4411,3.5062,3.4411,3.5062,689,0
20121213,3.469,3.5247,3.4039,3.5247,977,0
20121214,3.3852,3.4503,3.3852,3.4503,1183,0
20121217,3.3946,3.4597,3.3574,3.4132,3733,0
20121218,3.4411,3.5155,3.4411,3.5155,1673,0
20121219,3.5247,3.5247,3.4876,3.5247,1171,0
20121220,3.5155,3.5247,3.3574,3.5247,63109,0
20121221,3.4782,3.5247,3.4782,3.5247,5596,0
20121227,3.6271,3.7666,3.6271,3.6271,9324,0
20121228,3.748,3.8131,3.7107,3.8131,6735,0
20130102,3.8131,3.8131,3.7572,3.7572,1403,0
20130103,3.7572,3.7666,3.7572,3.7572,273,0
20130104,3.7572,3.8131,3.6736,3.6736,4196,0
20130107,3.7201,3.7201,3.6364,3.7201,2849,0
20130108,3.7201,3.7572,3.6736,3.7572,1753,0
20130109,3.7572,4.1479,3.7572,4.1386,13488,0
20130110,4.1386,4.1386,3.9061,3.9805,13989,0
20130111,3.934,4.12,3.934,3.9991,10988,0
20130114,4.1292,4.1292,3.9991,4.0921,4780,0
20130115,4.0269,4.0828,4.0176,4.0456,3168,0
20130116,4.0176,4.0176,3.9432,3.9432,1199,0
20130117,3.9432,3.9432,3.9432,3.9432,585,0
20130118,3.9432,3.9432,3.9432,3.9432,476,0
20130121,3.9432,3.9432,3.8967,3.9061,568,0
20130122,3.9526,3.9526,3.9061,3.9061,1289,0
20130123,3.8317,4.0921,3.8317,4.0921,8262,0
20130124,4.1292,4.213,4.1107,4.1757,4426,0
20130125,4.1852,4.1852,4.0176,4.1852,3117,0
20130128,4.4176,4.4176,4.1944,4.1944,1422,0
20130129,3.9805,4.1852,3.9805,4.0549,13732,0
20130130,4.0828,4.0828,3.9061,3.9897,7212,0
20130131,4.0456,4.0456,3.8224,3.8224,5731,0
20130201,3.8131,4.0549,3.7572,3.8596,8726,0
20130204,3.8782,3.8782,3.8782,3.8782,1909,0
20130205,3.8596,3.9061,3.7666,3.7852,5506,0
20130206,3.8037,3.9991,3.8037,3.9991,9259,0
20130207,3.9991,4.1386,3.934,4.1386,1423,0
20130208,4.1292,4.1292,3.9991,4.1292,1112,0
20130211,4.0269,4.12,4.0269,4.12,1752,0
20130212,3.934,4.1107,3.8688,4.1107,1968,0
20130214,3.9061,4.0828,3.9061,4.0828,429,0
20130218,4.0363,4.0735,4.0363,4.0735,2330,0
20130219,4.0084,4.0921,3.9991,4.0921,5376,0
20130220,3.9247,3.9432,3.8409,3.9432,11119,0
20130221,3.8782,4.0269,3.8688,4.0269,3586,0
20130222,3.8967,4.0176,3.8967,3.9991,2620,0
20130225,3.9805,3.9897,3.8875,3.9897,2068,0
20130226,3.8875,3.9526,3.7945,3.7945,1890,0
20130227,3.7945,3.9805,3.7945,3.934,1645,0
20130228,3.8688,3.8688,3.8688,3.8688,1608,0
20130301,3.7945,3.934,3.7945,3.934,269,0
20130304,3.934,3.934,3.934,3.934,67,0
20130305,3.934,3.9526,3.8131,3.8131,1256,0
20130306,3.9526,4.771,3.9526,4.7152,60423,0
20130307,4.7338,5.5801,4.7338,5.2174,67837,0
20130308,5.4034,5.4407,5.1244,5.1244,17182,0
20130311,4.9105,5.0593,4.8919,4.9105,7538,0
20130312,4.9291,5.2082,4.9291,4.9756,7440,0
20130313,5.1151,5.1151,4.8362,4.9291,2693,0
20130314,4.9756,5.0686,4.7431,5.0127,2992,0
20130315,4.9942,5.0035,4.8175,4.8175,3430,0
20130318,4.8362,4.957,4.6594,4.6686,5282,0
20130319,4.8733,4.8733,4.6686,4.6686,1639,0
20130320,4.6501,4.8081,4.6501,4.8081,1365,0
20130321,4.7802,4.7802,4.6037,4.7802,2577,0
20130322,4.7896,4.7896,4.4641,4.6037,3022,0
20130325,4.4269,4.4269,4.306,4.4176,7872,0
20130326,4.4176,4.4176,4.0921,4.2873,5748,0
20130327,4.0921,4.2688,3.9526,4.2688,1800,0
20130328,4.2781,4.2781,4.0921,4.2594,2913,0
20130402,4.2316,4.2594,4.0921,4.2594,1846,0
20130403,3.9991,4.2688,3.9991,4.1292,1661,0
20130404,3.9991,4.2316,3.9619,4.2316,4346,0
20130405,4.0176,4.1852,4.0176,4.0735,4218,0
20130408,3.9061,4.1571,3.9061,4.1386,1404,0
20130410,4.0456,4.4455,4.0456,4.4455,4530,0
20130411,4.4548,4.4548,4.3246,4.4455,1105,0
20130415,4.3711,4.4455,4.3711,4.4455,287,0
20130417,4.5571,4.9291,4.5477,4.7431,11355,0
20130418,4.6966,4.6966,4.6966,4.6966,118,0
20130419,4.3804,4.6966,4.3804,4.6966,3751,0
20130422,4.6873,4.6966,4.6873,4.6966,244,0
20130423,4.6966,4.6966,4.3804,4.6408,1021,0
20130426,4.6315,4.6408,4.5385,4.6408,3696,0
20130429,4.6315,4.678,4.4641,4.6501,1125,0
20130502,4.5013,4.5013,4.5013,4.5013,108,0
20130506,4.5106,4.6408,4.5106,4.6408,322,0
20130507,4.5106,4.6315,4.5013,4.6221,1091,0
20130508,4.6221,4.6221,4.5013,4.6037,1827,0
20130509,4.3804,4.3804,4.3804,4.3804,1,0
20130510,4.5571,4.5571,4.5013,4.5571,204,0
20130514,4.2409,4.5477,4.2316,4.5477,7,0
20130515,4.3246,4.3246,4.3246,4.3246,5,0
20130516,4.213,4.4548,4.213,4.4548,397,0
20130517,4.4548,4.4548,4.213,4.213,396,0
20130521,4.3711,4.4548,4.3711,4.4548,5788,0
20130522,4.4548,4.4548,4.4548,4.4548,98,0
20130523,4.4548,4.4548,4.2501,4.2501,339,0
20130524,4.2501,4.3711,4.2501,4.3711,1519,0
20130527,4.4548,4.4548,4.306,4.3246,3632,0
20130528,4.3804,4.4176,4.3804,4.4176,2521,0
20130529,4.3338,4.4176,4.3246,4.3711,3111,0
20130531,4.4082,4.4548,4.306,4.4548,7055,0
20130603,4.6037,4.6129,4.5571,4.6129,1065,0
20130604,4.6315,4.7152,4.6129,4.7152,9646,0
20130605,4.6501,4.8267,4.4641,4.7896,1531,0
20130606,4.5664,4.7896,4.5664,4.6501,4447,0
20130607,4.7431,4.7896,4.5664,4.678,2672,0
20130610,4.678,4.7431,4.3246,4.6966,6670,0
20130611,4.6966,4.8826,4.5013,4.8733,3209,0
20130612,4.7896,4.8733,4.7896,4.864,11412,0
20130613,4.7896,4.8733,4.7896,4.8733,917,0
20130614,4.6686,4.8733,4.6686,4.864,1318,0
20130618,4.6966,4.7896,4.6966,4.7896,65,0
20130619,4.8362,4.9477,4.7989,4.9477,6452,0
20130620,4.678,4.9383,4.678,4.7896,5608,0
20130621,4.7896,4.9477,4.7059,4.8267,6374,0
20130624,4.9477,4.9477,4.7896,4.7896,15413,0
20130625,4.7896,4.7896,4.6873,4.6966,3299,0
20130626,4.6873,4.771,4.678,4.771,2027,0
20130627,4.7617,4.771,4.6873,4.6873,2258,0
20130628,4.7245,4.7617,4.6594,4.7617,646,0
20130701,4.7617,4.7617,4.6594,4.6594,353,0
20130702,4.7245,4.7245,4.5664,4.5664,624,0
20130703,4.5942,4.7896,4.5757,4.6501,1914,0
20130704,4.5664,4.5664,4.5664,4.5664,1,0
20130709,4.5571,4.5571,4.5385,4.5385,2936,0
20130710,4.5664,4.5664,4.5664,4.5664,409,0
20130711,4.5757,4.7802,4.5664,4.7431,2749,0
20130712,4.6501,4.7617,4.6501,4.7431,3933,0
20130715,4.7431,4.7431,4.6501,4.6966,2698,0
20130716,4.6501,4.6966,4.5942,4.5942,4373,0
20130717,4.6037,4.6501,4.585,4.6408,3449,0
20130718,4.6221,4.6221,4.4455,4.4455,12716,0
20130719,4.4455,4.4641,4.4455,4.4641,2278,0
20130722,4.492,4.6408,4.492,4.6315,4478,0
20130723,4.6315,4.7431,4.6315,4.7431,4446,0
20130724,4.7431,4.7431,4.6315,4.6873,2391,0
20130725,4.6501,4.7152,4.6501,4.7152,10489,0
20130726,4.7338,4.7802,4.7338,4.7338,1235,0
20130729,4.7617,4.7896,4.7431,4.7802,6586,0
20130730,4.7802,4.9477,4.7431,4.9477,11137,0
20130731,4.9383,4.9383,4.8826,4.9198,1167,0
20130801,4.9198,4.9198,4.7431,4.8826,2420,0
20130802,4.7989,4.9477,4.6966,4.7431,2435,0
20130805,4.9198,4.9383,4.5106,4.8919,7326,0
20130806,4.8362,4.8826,4.8362,4.8733,676,0
20130807,4.771,4.8362,4.7617,4.8175,3232,0
20130808,4.8267,4.9198,4.6501,4.7896,7834,0
20130809,4.6966,4.7896,4.6408,4.6966,10249,0
20130812,4.6501,4.771,4.5571,4.7152,7402,0
20130813,4.6966,4.6966,4.6037,4.6501,9306,0
20130814,4.6594,4.6966,4.6501,4.6501,20312,0
20130816,4.7431,4.7431,4.6501,4.7059,6842,0
20130819,4.7059,4.7152,4.6408,4.6408,3734,0
20130820,4.6315,4.6873,4.6315,4.6873,1085,0
20130821,4.6966,4.7152,4.6501,4.7059,3792,0
20130822,4.6686,4.7059,4.6501,4.6594,1419,0
20130823,4.6594,4.6966,4.6408,4.6966,241,0
20130826,4.7059,4.7059,4.6686,4.6686,269,0
20130827,4.6594,4.6966,4.5571,4.6686,2117,0
20130828,4.5757,4.6037,4.5571,4.6037,890,0
20130829,4.6873,4.6966,4.6315,4.6315,972,0
20130830,4.6501,4.6686,4.6315,4.6686,489,0
20130902,4.6686,4.6966,4.6501,4.6873,1613,0
20130903,4.6966,4.6966,4.6686,4.6686,1077,0
20130904,4.5942,4.678,4.5942,4.678,1699,0
20130905,4.6501,4.6501,4.4548,4.6408,19044,0
20130906,4.6221,4.6408,4.4734,4.6129,816,0
20130909,4.6129,4.6966,4.5198,4.6966,2128,0
20130910,4.6873,4.6966,4.585,4.6966,3275,0
20130911,4.6966,4.6966,4.6221,4.6966,1508,0
20130912,4.6037,4.678,4.6037,4.678,1146,0
20130913,4.6686,4.6686,4.6686,4.6686,1,0
20130916,4.678,4.678,4.6501,4.678,2258,0
20130917,4.6501,4.6686,4.6501,4.6686,998,0
20130919,4.678,4.678,4.6501,4.6501,1296,0
20130920,4.678,4.678,4.678,4.678,108,0
20130923,4.6594,4.6594,4.5942,4.6594,217,0
20130924,4.6594,4.6594,4.5757,4.5757,2539,0
20130925,4.6501,4.6501,4.6408,4.6501,3816,0
20130926,4.6501,4.6686,4.4455,4.6686,5085,0
20130927,4.6966,4.6966,4.4826,4.5942,386,0
20130930,4.6966,4.7059,4.5942,4.6966,2788,0
20131001,4.6873,4.7059,4.6501,4.6501,2150,0
20131002,4.7059,5.2267,4.6594,5.2267,57239,0
20131003,5.3941,5.3941,4.9756,5.1802,30790,0
20131004,5.1058,5.1987,5.0406,5.1987,4782,0
20131007,5.1802,5.3941,5.0871,5.3941,7000,0
20131008,5.3011,5.6732,5.2918,5.4778,20317,0
20131009,5.4407,5.6732,5.3476,5.6173,6758,0
20131010,5.6173,5.6732,5.3941,5.5708,11120,0
20131011,5.5801,5.6267,5.5243,5.5801,21031,0
20131014,5.6267,5.6267,5.4871,5.5801,2471,0
20131015,5.5801,6.1381,5.5801,5.9241,47411,0
20131016,5.9241,6.0452,5.6916,6.0452,32922,0
20131017,6.0452,6.1846,5.9057,6.0452,10412,0
20131018,6.0452,6.3148,5.8684,6.3148,21490,0
20131021,6.2683,6.4915,6.2683,6.4915,22563,0
20131022,6.5008,6.8635,6.4636,6.6869,20214,0
20131023,6.6869,6.7798,6.4078,6.4078,9138,0
20131024,6.4265,6.7426,6.4171,6.6775,28340,0
20131025,6.6682,6.6682,6.5194,6.6217,4162,0
20131028,6.9751,6.9751,6.7054,6.8635,12200,0
20131029,6.8635,6.9007,6.6961,6.7798,4602,0
20131030,6.7798,6.8821,6.6775,6.6775,13471,0
20131031,6.6496,6.6496,6.4171,6.5101,7149,0
20131104,6.4171,6.6775,6.2777,6.6775,17313,0
20131105,6.6775,7.0402,6.6775,6.8263,104145,0
20131106,6.6961,6.8635,6.6682,6.7706,16387,0
20131107,6.7706,6.8635,6.7147,6.7798,3779,0
20131108,6.7706,6.7706,6.6217,6.6961,5281,0
20131112,6.6961,6.6961,6.5101,6.6403,6041,0
20131113,6.6031,6.6403,6.5101,6.631,4609,0
20131114,6.5194,6.6217,6.4171,6.4543,13162,0
20131115,6.5101,6.6403,6.4171,6.5008,4612,0
20131118,6.4636,6.5008,6.2777,6.4822,3151,0
20131119,6.4265,6.4265,6.259,6.3242,8706,0
20131120,6.2312,6.2312,5.9057,6.0452,28513,0
20131121,6.0452,6.3242,5.9614,6.194,13192,0
20131122,6.194,6.4543,6.0452,6.4078,27165,0
20131125,6.4171,6.4171,6.0917,6.2497,13436,0
20131126,6.2497,6.2497,5.9893,6.1846,3704,0
20131127,5.8776,6.1101,5.8684,6.0823,4565,0
20131129,6.073,6.1381,5.9057,6.1288,23148,0
20131202,6.073,6.1196,5.9521,5.9521,7958,0
20131203,5.9521,6.0823,5.9149,5.9336,6263,0
20131204,5.8963,5.9521,5.7011,5.9521,8449,0
20131205,5.7289,5.9428,5.7289,5.9428,3186,0
20131206,5.7196,5.9893,5.7196,5.9521,9994,0
20131209,5.9707,5.9707,5.7289,5.8776,21118,0
20131210,5.9241,6.1101,5.9241,6.1101,15346,0
20131211,6.1101,6.1101,5.9336,6.0172,8210,0
20131212,5.9428,5.9428,5.7196,5.9336,4063,0
20131213,6.0823,6.0917,5.9241,6.0358,2127,0
20131216,5.8592,6.0079,5.8592,6.0079,275,0
20131217,6.0079,6.0079,5.6916,5.6916,1875,0
20131218,5.7661,6.0358,5.7661,5.7661,4715,0
20131219,5.7661,5.7661,5.7289,5.7661,734,0
20131220,5.6916,5.8592,5.3011,5.8033,7109,0
20131223,5.9614,6.0079,5.6545,5.6545,11442,0
20131227,5.6916,6.0917,5.6916,5.9149,3053,0
20131230,6.0823,6.0823,5.887,5.887,1141,0
20140102,5.887,6.2404,5.887,5.9893,2633,0
20140103,5.9614,6.2497,5.9521,6.2312,4153,0
20140107,6.259,6.259,6.1009,6.2312,7817,0
20140108,6.0917,6.1567,5.9986,6.1474,1973,0
20140109,6.1381,6.1567,5.9149,6.0637,18038,0
20140110,5.9521,6.2125,5.9521,6.0358,13490,0
20140113,6.0823,6.194,6.0452,6.194,6804,0
20140114,6.1753,6.1753,6.0452,6.1196,5024,0
20140115,6.1196,6.2032,6.073,6.2032,6035,0
20140116,6.2032,6.2032,6.0265,6.2032,7371,0
20140117,6.2218,6.2218,6.2218,6.2218,602,0
20140120,6.2218,6.2312,6.2032,6.2312,2761,0
20140121,6.2312,6.4171,6.194,6.4171,6049,0
20140122,6.4171,6.4171,6.3242,6.3242,585,0
20140123,6.3242,6.3242,6.2312,6.3148,3731,0
20140124,6.0452,6.4078,6.0452,6.4078,3406,0
20140128,6.073,6.3799,6.073,6.3799,3354,0
20140129,6.3056,6.3242,6.1009,6.2218,11080,0
20140130,6.073,6.2218,6.073,6.2125,388,0
20140131,6.2218,6.2218,6.0917,6.194,4928,0
20140203,6.1567,6.194,6.1381,6.194,2856,0
20140204,6.194,6.4729,6.1101,6.4357,21000,0
20140205,6.4357,6.6961,6.3985,6.5008,30139,0
20140206,6.4171,6.4636,6.2962,6.4543,4597,0
20140207,6.4822,6.4822,6.3242,6.4171,1289,0
20140210,6.3242,6.4636,6.3242,6.4636,1903,0
20140211,6.4171,6.4171,6.3056,6.3613,2422,0
20140212,6.2312,6.3242,6.1288,6.3242,8635,0
20140213,6.2032,6.3148,6.194,6.3148,488,0
20140214,6.2869,6.2869,6.1846,6.2777,87,0
20140217,6.1381,6.2312,6.1381,6.2125,4576,0
20140218,6.2032,6.2032,6.1381,6.1846,2660,0
20140219,6.1753,6.1846,6.0823,6.1567,1903,0
20140220,6.1288,6.1288,5.9521,5.9521,1226,0
20140221,5.8033,6.0265,5.7196,5.9893,14913,0
20140224,6.0265,6.0358,5.9057,5.9521,12269,0
20140225,5.9986,5.9986,5.9521,5.9521,2798,0
20140226,5.9521,6.1288,5.9521,6.1101,2970,0
20140227,6.073,6.0823,5.8592,5.9428,14301,0
20140228,6.0637,6.0637,6.0265,6.0265,831,0
20140303,6.1009,6.4078,5.8312,5.9614,40851,0
20140304,6.0452,6.4171,6.0452,6.4078,12900,0
20140305,6.4636,6.6403,6.4636,6.4636,15918,0
20140306,6.4636,6.5101,6.4265,6.4636,18748,0
20140307,6.3892,6.4636,6.3706,6.4636,25857,0
20140310,6.4729,6.4729,6.2497,6.4171,3787,0
20140311,6.4171,6.5101,6.3799,6.4822,4032,0
20140312,6.6031,6.6869,6.1753,6.4822,9399,0
20140313,6.5938,6.5938,6.3427,6.4636,1719,0
20140314,6.4078,6.4171,6.0544,6.3706,13224,0
20140317,6.1567,6.4729,6.1567,6.3985,1816,0
20140318,6.5846,6.5938,6.3056,6.5194,5046,0
20140319,6.5659,6.789,6.4822,6.6496,14926,0
20140320,6.845,6.845,6.6496,6.7798,2155,0
20140321,6.7798,6.7798,6.6589,6.7706,4135,0
20140324,6.7612,6.7612,6.6496,6.6961,1013,0
20140325,6.6869,6.6961,6.6496,6.6961,547,0
20140326,6.6961,6.7798,6.5938,6.7612,5503,0
20140327,6.7426,6.7706,6.7426,6.7519,1380,0
20140328,6.7612,6.7612,6.6031,6.7333,2547,0
20140331,6.7333,6.7426,6.7241,6.7241,1658,0
20140401,6.7706,6.8077,6.7241,6.789,5002,0
20140402,6.8171,6.8356,6.7985,6.8356,24571,0
20140403,6.8821,7.9051,6.8821,7.868,88883,0
20140404,7.868,7.868,7.6447,7.8586,8487,0
20140407,7.7191,7.8121,7.5424,7.7936,3202,0
20140408,7.5703,7.7099,7.5611,7.7099,1807,0
20140409,7.6726,7.6726,7.5611,7.6447,13768,0
20140410,7.7191,8.4632,7.7191,8.2121,60246,0
20140411,8.2121,8.3236,7.7377,7.9237,16058,0
20140414,7.7656,8.0911,7.6261,7.9888,8080,0
20140415,7.9981,8.2772,7.8493,8.0632,16879,0
20140416,7.8215,8.0726,7.44,7.7564,19558,0
20140417,7.8121,7.8121,7.44,7.44,11876,0
20140422,7.5982,7.7471,7.44,7.6912,3047,0
20140423,7.7005,7.7005,7.44,7.5424,5816,0
20140424,7.5424,7.5424,7.1704,7.3378,6286,0
20140425,7.0867,7.3192,7.0123,7.1426,14950,0
20140428,7.0775,7.4308,7.0775,7.4308,4256,0
20140429,7.4308,7.5331,7.4308,7.44,1872,0
20140430,7.3471,7.4773,7.3471,7.44,948,0
20140502,7.2541,7.4308,7.1704,7.403,2041,0
20140505,7.3936,7.3936,7.1611,7.3471,826,0
20140506,7.3471,7.5145,7.3471,7.4216,5819,0
20140507,7.4216,7.4216,6.9937,7.1611,6757,0
20140508,6.9844,7.1611,6.8356,7.0588,3839,0
20140509,6.845,7.0867,6.6031,6.6031,21332,0
20140512,6.6031,7.0681,6.6031,6.8171,2030,0
20140513,6.8171,6.9193,6.6961,6.9193,4643,0
20140514,6.9751,7.0215,6.8821,6.9658,11732,0
20140515,6.8914,6.9658,6.7706,6.7706,7152,0
20140516,6.5101,6.6125,6.1474,6.1474,36471,0
20140519,6.4265,6.4636,6.1567,6.445,10746,0
20140520,6.445,6.445,6.3334,6.3334,3409,0
20140521,6.4078,6.4078,6.1381,6.2869,5533,0
20140522,6.2404,6.4078,6.194,6.259,3242,0
20140523,6.4171,6.7054,6.4171,6.6961,22888,0
20140526,6.7241,7.6912,6.7054,7.5982,59818,0
20140527,7.6261,7.7936,7.5331,7.7656,37304,0
20140528,7.8121,8.1841,7.6355,8.1656,77499,0
20140529,8.1376,8.1376,7.9331,7.9981,21603,0
20140530,7.9981,8.0632,7.8307,7.9981,21877,0
20140602,7.9981,8.0911,7.9888,8.0818,14104,0
20140603,8.0911,8.3701,8.0261,8.2306,45865,0
20140604,8.3236,8.3701,8.0632,8.24,9503,0
20140605,8.0818,8.3236,8.0261,8.0446,11602,0
20140606,7.9981,8.1284,7.6447,8.0074,12299,0
20140609,7.9051,8.2306,7.6726,7.9888,5137,0
20140610,7.9981,8.1284,7.8307,7.9888,4082,0
20140611,7.8959,7.9981,7.7656,7.7656,2116,0
20140612,7.7284,7.8959,7.4866,7.6261,9789,0
20140613,7.6261,7.7656,7.4866,7.7656,12125,0
20140616,7.9609,7.9609,7.7656,7.9051,5022,0
20140617,7.9051,7.9051,7.6541,7.7191,2302,0
20140618,7.7191,7.9516,7.7191,7.9516,6360,0
20140620,7.9051,7.9051,7.9051,7.9051,322,0
20140623,7.9981,7.9981,7.8215,7.8215,1533,0
20140624,7.9331,7.9981,7.7191,7.9702,1690,0
20140625,7.9888,7.9888,7.7191,7.9237,2105,0
20140626,7.9981,7.9981,7.8121,7.8121,8938,0
20140627,7.6726,7.9888,7.6726,7.9796,806,0
20140630,7.6726,7.8586,7.6726,7.6726,4788,0
20140702,7.7191,7.8121,7.4773,7.4866,3614,0
20140703,7.468,7.4866,7.44,7.4866,4525,0
20140704,7.5331,7.9424,7.282,7.5331,1726,0
20140707,7.44,7.8586,7.44,7.4773,4467,0
20140708,7.4773,7.8493,7.4773,7.5052,6322,0
20140709,7.4866,7.7656,7.4866,7.4866,20315,0
20140710,7.5052,7.6726,7.1704,7.44,3042,0
20140711,7.5331,7.7191,7.2448,7.7191,16250,0
20140714,7.7936,7.7936,7.6541,7.7843,5204,0
20140715,7.7936,7.7936,7.6726,7.7936,3456,0
20140716,7.7936,7.7936,7.7843,7.7936,2806,0
20140717,7.4587,7.7564,7.4587,7.7564,1002,0
20140718,7.7564,7.7564,7.7564,7.7564,110,0
20140721,7.5331,7.682,7.4773,7.6726,3289,0
20140723,7.6633,7.682,7.6633,7.682,3065,0
20140724,7.8121,7.9051,7.7377,7.8586,7852,0
20140725,7.7191,7.8493,7.7191,7.8401,4188,0
20140728,7.8401,8.0911,7.8401,7.9796,17504,0
20140729,8.0446,8.0446,7.9516,8.0446,2057,0
20140730,8.0446,8.0446,7.8121,7.9424,5543,0
20140731,7.6261,8.0353,7.6261,8.0261,6513,0
20140801,7.7749,7.9331,7.6355,7.9331,6071,0
20140804,8.0261,8.0261,7.9888,7.9888,970,0
20140805,7.9516,8.3236,7.9516,8.2028,29707,0
20140806,8.2586,8.2586,8.0446,8.2028,5381,0
20140807,8.1376,8.147,8.1376,8.147,1204,0
20140808,7.8215,7.9981,7.8121,7.9516,5537,0
20140811,7.9424,8.0818,7.9145,7.9331,3971,0
20140812,7.6912,7.8959,7.6541,7.7656,4664,0
20140813,7.7656,7.9516,7.7656,7.8121,8310,0
20140814,7.7936,7.9331,7.7843,7.8959,2345,0
20140818,7.9516,7.9516,7.8959,7.9051,1557,0
20140819,7.9145,7.9516,7.9051,7.9051,635,0
20140820,7.8959,7.9331,7.7656,7.9331,5369,0
20140821,7.9051,7.9981,7.9051,7.9981,1530,0
20140822,8.0353,8.0446,7.9051,7.9145,920,0
20140825,7.9051,7.9888,7.7471,7.9888,3181,0
20140826,8.0353,8.0353,7.8586,7.9516,1709,0
20140827,7.9981,8.0911,7.9981,8.0911,2436,0
20140828,8.0353,8.0353,7.7936,7.7936,685,0
20140829,7.7936,8.0911,7.7936,7.9516,9443,0
20140901,8.425,8.5764,8.141,8.2357,18857,0
20140902,8.4155,8.4155,8.1599,8.1788,8886,0
20140903,8.2262,8.2262,8.0463,8.0463,11630,0
20140904,8.1599,8.1599,7.999,8.0463,12506,0
20140905,8.1883,8.1883,8.0085,8.0747,9225,0
20140908,8.0653,8.2167,7.8097,7.8286,17579,0
20140909,7.8286,8.122,7.8286,7.8948,12958,0
20140910,7.9895,8.0369,7.9044,8.0273,2293,0
20140911,8.0463,8.0463,7.8381,7.8664,6109,0
20140912,7.8759,7.9138,7.7718,7.857,8167,0
20140915,8.0273,8.0273,7.7718,7.9611,3441,0
20140916,7.9516,7.9895,7.9044,7.9516,9261,0
20140917,7.9895,8.0085,7.9516,7.9516,4340,0
20140918,7.9516,8.0842,7.9516,7.9516,6880,0
20140919,7.9516,8.0936,7.9516,8.0936,789,0
20140922,8.0273,8.0273,8.0085,8.0273,2586,0
20140923,8.0085,8.0273,8.0085,8.0273,3990,0
20140924,8.0936,8.0936,7.999,8.0747,823,0
20140925,8.0463,8.0936,7.9706,8.0369,1889,0
20140926,7.999,7.999,7.8097,7.9422,1807,0
20140929,7.9516,7.9895,7.9044,7.9044,1848,0
20140930,7.9044,7.9895,7.9044,7.9895,847,0
20141001,7.9895,8.0273,7.8854,8.0273,1723,0
20141002,8.0085,8.0085,7.8854,7.9516,3437,0
20141003,7.9422,7.9516,7.6392,7.6582,6381,0
20141006,7.5257,7.5635,7.005,7.5635,47649,0
20141007,7.5635,7.5635,7.289,7.4404,3194,0
20141008,7.4783,7.5635,7.4783,7.5635,1463,0
20141009,7.4973,7.5067,7.3742,7.4688,2285,0
20141010,7.4216,7.5067,7.3553,7.3553,2231,0
20141013,7.3647,7.4404,7.1944,7.1944,12341,0
20141014,7.166,7.2795,7.1281,7.1944,9128,0
20141015,7.4594,7.4594,7.2132,7.2795,1568,0
20141016,7.289,7.289,7.1091,7.2417,4767,0
20141017,7.2417,7.2417,7.0713,7.0713,4351,0
20141020,7.0997,7.3837,7.0997,7.3837,2350,0
20141021,7.289,7.289,7.2322,7.2322,6374,0
20141022,7.1944,7.4783,7.1944,7.4688,8143,0
20141023,7.4688,7.5162,7.412,7.5162,1475,0
20141024,7.5067,7.5067,7.4026,7.5067,1917,0
20141027,7.431,7.5257,7.431,7.5162,8532,0
20141028,7.4783,7.6203,7.4783,7.573,1000,0
20141029,7.6392,7.7623,7.6392,7.715,7433,0
20141030,7.5919,7.8001,7.5919,7.8001,1227,0
20141031,7.8001,7.8097,7.7623,7.7623,815,0
20141103,7.7623,7.8097,7.6676,7.6676,1867,0
20141104,7.7244,7.857,7.7244,7.857,6063,0
20141105,7.7244,7.8381,7.5257,7.573,8694,0
20141106,7.3363,7.7529,7.3079,7.6203,1985,0
20141107,7.573,7.715,7.3932,7.5635,1947,0
20141110,7.5635,7.5635,7.5541,7.5541,713,0
20141112,7.7434,7.7434,7.2701,7.6582,3354,0
20141113,7.4026,7.4688,7.289,7.3837,4500,0
20141114,7.2985,7.5541,7.2985,7.5541,1747,0
20141117,7.5351,7.5351,7.1944,7.4216,5301,0
20141118,7.1944,7.3742,7.1944,7.3553,1157,0
20141119,7.3553,7.3553,7.2132,7.3553,3559,0
20141120,7.3553,7.5257,7.3553,7.4688,1782,0
20141121,7.2038,7.412,7.2038,7.2417,603,0
20141124,7.5257,7.5257,7.431,7.4878,5284,0
20141125,7.5162,7.5162,7.3553,7.3553,2092,0
20141126,7.45,7.45,7.45,7.45,10,0
20141127,7.4594,7.4594,7.1091,7.3174,1123,0
20141128,7.1565,7.431,7.1565,7.431,4755,0
20141201,7.2228,7.412,7.2228,7.412,215,0
20141202,7.3932,7.4404,7.3742,7.431,2421,0
20141203,7.431,7.4594,7.1944,7.3647,6613,0
20141204,7.4688,7.4688,7.2985,7.45,1774,0
20141205,7.4783,7.4783,7.0997,7.1944,11995,0
20141208,7.1186,7.2417,7.0997,7.1944,2733,0
20141209,7.0997,7.0997,6.8157,6.9956,18199,0
20141210,6.9861,7.0807,6.9104,7.0807,5096,0
20141211,6.9956,7.0902,6.9956,7.0902,2696,0
20141212,7.0902,7.0902,6.74,6.7778,2180,0
20141215,6.9104,6.9104,6.7778,6.8251,2310,0
20141216,6.7305,6.9104,6.6263,6.7873,2254,0
20141217,6.9198,6.9576,6.9198,6.9576,434,0
20141218,7.005,7.0997,6.9576,7.0997,3062,0
20141219,7.1944,7.4688,7.005,7.0239,813,0
20141222,7.1944,7.1944,7.1944,7.1944,203,0
20141223,7.1754,7.2795,7.0239,7.0239,1157,0
20141229,7.005,7.2417,7.005,7.0523,1527,0
20141230,7.289,7.289,7.289,7.289,528,0
20150102,7.3458,7.3458,7.2985,7.3458,581,0
20150105,7.1944,7.3837,7.1944,7.3837,1459,0
20150107,7.4026,7.45,7.0997,7.4026,6976,0
20150108,7.4026,7.573,7.4026,7.4594,11005,0
20150109,7.412,7.5635,7.4026,7.5445,3416,0
20150112,7.4404,7.5162,7.3932,7.5162,2677,0
20150113,7.5162,7.5257,7.4688,7.5257,3238,0
20150114,7.5257,7.5825,7.5162,7.573,4643,0
20150115,7.5825,7.8381,7.2132,7.5825,14716,0
20150116,7.7339,7.7339,7.6676,7.6676,691,0
20150119,7.3269,7.6676,7.3269,7.6676,1126,0
20150120,7.6676,7.6676,7.2417,7.6203,1968,0
20150121,7.2228,7.999,7.2228,7.857,32697,0
20150122,7.98,8.1126,7.8759,8.0463,23700,0
20150123,8.141,8.2829,8.0463,8.2262,61484,0
20150126,8.2262,8.2262,8.122,8.1694,9026,0
20150127,8.141,8.1599,8.0936,8.141,10040,0
20150128,8.0842,8.3208,8.0747,8.2925,12074,0
20150129,8.2829,8.3113,8.2641,8.3113,2418,0
20150130,8.3113,8.8698,8.2451,8.5954,39122,0
20150202,8.5669,8.6806,8.4344,8.5859,3998,0
20150203,8.7373,8.7373,8.4344,8.6426,2988,0
20150204,8.6426,8.6426,8.4155,8.5007,4597,0
20150205,8.6048,8.6048,8.2451,8.406,5015,0
20150206,8.2735,8.4817,8.2545,8.4439,2458,0
20150209,8.4439,8.4723,8.2829,8.4723,3794,0
20150210,8.2357,8.406,8.2072,8.2735,5175,0
20150211,8.2262,8.2262,7.8948,8.0273,10379,0
20150212,7.8664,7.9895,7.6676,7.9895,4417,0
20150213,7.8097,7.999,7.8097,7.999,2158,0
20150216,7.9895,7.999,7.8664,7.8948,3206,0
20150217,7.857,7.8948,7.8191,7.8948,2846,0
20150218,7.9044,8.0936,7.9044,8.0369,21557,0
20150219,7.9706,8.1031,7.9044,8.1031,5754,0
20150220,8.1031,8.1031,8.0273,8.0273,5512,0
20150223,8.0369,8.0936,8.0273,8.0653,6530,0
20150224,8.1031,8.1031,7.999,7.999,2904,0
20150225,8.0842,8.6711,8.0842,8.5007,46051,0
20150226,8.5007,8.69,8.3398,8.3398,18323,0
20150227,8.3492,8.5197,8.3492,8.5101,15857,0
20150302,8.5385,8.7089,8.5197,8.7089,52488,0
20150303,8.7089,8.7089,8.6238,8.6616,9394,0
20150304,8.6142,8.7373,8.387,8.425,19404,0
20150305,8.6142,8.7373,8.2545,8.6142,22598,0
20150306,8.6332,8.6332,8.5197,8.6048,2565,0
20150309,8.5197,8.5669,8.3019,8.5575,5100,0
20150310,8.7089,8.7089,8.5197,8.5575,18081,0
20150311,8.5197,8.5669,8.5007,8.5669,6369,0
20150312,8.5575,8.5669,8.5197,8.5669,7099,0
20150313,8.7089,8.7089,8.6142,8.6995,3616,0
20150316,8.7089,8.8036,8.548,8.7752,36651,0
20150317,8.8131,8.8698,8.7752,8.8036,4581,0
20150318,8.7089,8.8414,8.2357,8.7941,8922,0
20150319,8.7941,8.7941,8.5669,8.69,4141,0
20150320,8.7089,8.7941,8.69,8.7373,3708,0
20150323,8.7373,8.7373,8.3303,8.5575,17091,0
20150324,8.5575,8.5954,8.4344,8.5197,2266,0
20150325,8.4817,8.5197,8.425,8.5197,5612,0
20150326,8.425,8.5197,8.1504,8.5101,3490,0
20150327,8.5101,8.5101,8.4723,8.5101,2386,0
20150330,8.5575,8.5575,8.3303,8.3587,4959,0
20150331,8.5669,8.5669,8.2545,8.4913,5833,0
20150401,8.3398,8.5669,8.3398,8.5669,8837,0
20150402,8.6048,8.6806,8.5575,8.5669,11424,0
20150407,8.6142,8.7089,8.5669,8.69,11297,0
20150408,8.69,8.8414,8.6616,8.8414,17792,0
20150409,8.8698,9.0876,8.8698,8.9835,31546,0
20150410,8.9835,8.9835,8.9456,8.9835,9557,0
20150413,9.0403,9.0686,8.9835,9.0403,8621,0
20150414,9.0876,9.0876,8.9929,9.0592,9849,0
20150415,9.0403,9.0876,8.9929,9.0876,12686,0
20150416,9.0781,9.0781,8.9929,9.0213,2865,0
20150417,9.0213,9.0876,8.9456,9.0119,4874,0
20150420,9.0119,9.0876,9.0119,9.0876,1563,0
20150421,9.0876,9.0876,8.9929,9.0686,4703,0
20150422,9.0876,9.0876,8.9456,9.0403,10014,0
20150423,9.0876,9.599,8.9929,9.2769,50979,0
20150424,9.2485,9.4474,9.1538,9.3148,9592,0
20150427,9.2295,9.3148,9.097,9.1728,3003,0
20150428,9.1823,9.1823,8.9078,9.0592,13769,0
20150429,9.0876,9.0876,9.0592,9.0592,116,0
20150430,9.0403,9.0403,8.9456,8.9929,2933,0
20150504,8.9078,9.0024,8.1978,8.7847,9633,0
20150505,8.8036,8.9361,8.5007,8.5197,10397,0
20150506,8.2829,8.3776,7.9706,8.2167,57221,0
20150507,8.2262,8.4913,8.2167,8.2925,36632,0
20150508,8.3587,8.4534,8.2545,8.2545,15938,0
20150511,8.2735,8.2829,7.999,7.999,53942,0
20150512,8.0463,8.0463,7.9044,7.9706,13084,0
20150513,7.9895,8.0463,7.9044,7.9706,14610,0
20150514,8.1883,8.1883,7.7434,7.9422,20749,0
20150515,7.9327,7.9895,7.573,7.9895,25336,0
20150518,7.6772,7.9232,7.4026,7.5351,28780,0
20150519,7.715,7.715,7.5257,7.573,7348,0
20150520,7.573,7.6866,7.5541,7.573,6214,0
20150521,8.0179,8.0179,7.573,7.573,12060,0
20150522,7.6203,7.7718,7.5919,7.7529,7942,0
20150525,7.9232,7.9232,7.7339,7.8097,2513,0
20150526,7.857,7.857,7.6298,7.7907,12950,0
20150527,7.8475,7.8475,7.7623,7.8286,1438,0
20150528,7.7623,7.9422,7.7434,7.9044,3958,0
20150529,7.9232,7.9232,7.8286,7.9044,4679,0
20150601,7.8475,7.999,7.7623,7.7623,2386,0
20150602,7.7529,7.7623,7.696,7.715,6813,0
20150603,7.7813,7.8948,7.7813,7.8948,2351,0
20150605,7.7055,7.9516,7.6772,7.857,3564,0
20150608,7.8381,7.8854,7.6676,7.7623,1023,0
20150609,7.6109,7.8948,7.4688,7.4688,12324,0
20150610,7.4783,7.6676,7.0997,7.431,17786,0
20150611,7.5257,7.5257,7.3079,7.3079,2046,0
20150612,7.4404,7.4688,7.2417,7.3647,3129,0
20150615,7.431,7.4688,7.3647,7.4688,5180,0
20150616,7.4594,7.4783,7.4594,7.4783,1907,0
20150617,7.4783,7.6582,7.4783,7.6582,1229,0
20150618,7.5635,7.573,7.289,7.573,11208,0
20150619,7.573,7.573,7.4688,7.5635,3693,0
20150622,7.3553,7.573,7.3553,7.5635,2227,0
20150623,7.5635,7.573,7.4973,7.5067,4248,0
20150624,7.4783,7.573,7.4783,7.4783,3979,0
20150625,7.4783,7.5635,7.4404,7.5635,1188,0
20150626,7.4783,7.8097,7.4783,7.8097,3923,0
20150629,7.4404,7.573,7.0997,7.5541,12867,0
20150630,7.3458,7.6109,7.3458,7.5635,950,0
20150701,7.4878,7.4878,7.2511,7.289,10625,0
20150702,7.3363,7.4878,7.289,7.289,5650,0
20150703,7.5541,7.5541,7.3458,7.5162,3319,0
20150706,7.2132,7.431,7.2132,7.431,1899,0
20150707,7.412,7.5162,7.1944,7.1944,1235,0
20150708,7.2511,7.4216,7.2511,7.412,1126,0
20150709,7.412,7.412,7.2511,7.412,790,0
20150710,7.412,7.5067,7.289,7.5067,4752,0
20150713,7.4878,7.5635,7.3742,7.5635,2137,0
20150714,7.5635,7.5635,7.4594,7.5541,2221,0
20150715,7.5635,7.573,7.4783,7.5635,2720,0
20150716,7.5541,7.5635,7.4783,7.5445,6167,0
20150717,7.4783,7.5445,7.4688,7.5351,2467,0
20150720,7.5351,7.5351,7.412,7.5351,348,0
20150721,7.5351,7.5351,7.4783,7.5351,4691,0
20150722,7.4594,7.5067,7.3837,7.4594,4213,0
20150723,7.3269,7.431,7.1944,7.431,6018,0
20150724,7.2511,7.3647,7.2511,7.3553,921,0
20150727,7.2038,7.3553,7.2038,7.3363,1035,0
20150728,7.3079,7.3363,7.289,7.3363,1544,0
20150729,7.3363,7.3363,6.74,7.289,4767,0
20150730,7.289,7.3269,7.289,7.289,539,0
20150803,7.2701,7.289,7.2606,7.289,4792,0
20150804,7.3269,7.5067,7.3269,7.5067,5300,0
20150805,7.5067,7.5067,7.3837,7.5067,2020,0
20150806,7.3837,7.4783,7.289,7.4783,2134,0
20150807,7.4783,7.4783,7.3363,7.45,1211,0
20150810,7.45,7.45,7.412,7.4404,1008,0
20150811,7.45,7.45,7.289,7.4026,2963,0
20150812,7.3363,7.3742,7.3174,7.3174,1323,0
20150813,7.3837,7.4026,7.3174,7.4026,2258,0
20150814,7.3837,7.412,7.3837,7.412,1874,0
20150817,7.412,7.4878,7.3363,7.4878,948,0
20150818,7.4783,7.6109,7.3837,7.6109,2172,0
20150819,7.6676,7.7623,7.6676,7.7339,10046,0
20150820,7.715,7.9516,7.715,7.9422,12959,0
20150821,7.9422,7.9422,7.3932,7.7529,5436,0
20150824,7.6676,7.6676,6.6737,6.6737,14951,0
20150825,6.6263,7.3837,6.5979,7.3837,7900,0
20150826,7.3837,7.3837,7.1848,7.289,2967,0
20150827,7.289,7.8097,7.289,7.7623,1476,0
20150828,7.5635,7.6582,7.3837,7.6582,3135,0
20150831,7.573,7.715,7.573,7.6203,1218,0
20150901,7.5257,7.6676,7.4594,7.6582,1830,0
20150902,8.1104,8.1104,7.8745,7.904,1040,0
20150904,7.8646,7.8646,7.4812,7.7565,2730,0
20150907,7.668,7.668,7.2945,7.5992,1453,0
20150908,7.4026,7.4616,6.8816,7.088,9816,0
20150909,7.3534,7.3534,6.8816,6.8816,11154,0
20150910,6.9307,7.1666,6.7243,6.8717,5292,0
20150911,6.7243,6.7341,6.5375,6.6653,5891,0
20150914,6.6653,6.6653,6.39,6.4687,4713,0
20150915,6.4392,6.449,6.0656,6.1836,5193,0
20150916,6.1934,6.2819,5.8002,5.8493,25327,0
20150917,5.9968,5.9968,5.5446,5.5446,27578,0
20150918,5.8002,5.8886,5.6527,5.7805,9239,0
20150921,5.8985,6.0263,5.8592,5.8592,7735,0
20150922,6.0754,6.0853,5.9181,5.9968,2896,0
20150923,5.9968,6.1737,5.9968,6.0951,2460,0
20150924,6.1737,6.1737,6.0754,6.0754,1249,0
20150925,6.0754,6.6653,6.0656,6.6653,2749,0
20150928,6.0951,6.3409,6.0951,6.3409,1829,0
20150929,6.1246,6.6456,5.9968,6.4392,10698,0
20150930,6.2917,6.5375,6.2917,6.5276,3697,0
20151001,6.5375,6.5866,6.5375,6.5866,1311,0
20151002,6.6554,6.6554,6.4392,6.4392,777,0
20151005,6.4392,6.6358,6.4195,6.4195,623,0
20151006,6.1442,6.5276,6.1442,6.2917,560,0
20151007,6.4883,6.5276,6.2426,6.4883,3593,0
20151008,6.5276,6.5276,6.3015,6.3015,1410,0
20151009,6.3212,6.4785,6.2426,6.3507,4993,0
20151012,6.4588,6.4883,6.3507,6.4687,3393,0
20151013,6.5276,6.6751,6.2917,6.39,28732,0
20151014,6.5571,6.5571,6.2917,6.39,10504,0
20151015,6.39,6.508,6.39,6.508,2197,0
20151016,6.508,6.5768,6.39,6.5768,6591,0
20151019,6.5768,6.97,6.5768,6.97,14890,0
20151020,6.911,7.1273,6.8816,7.088,10667,0
20151021,7.1273,7.2748,7.0585,7.2748,5773,0
20151022,7.1765,7.2453,7.1568,7.2355,6404,0
20151023,7.2355,7.4616,7.2355,7.4026,5538,0
20151026,7.4026,7.4517,7.2355,7.4517,5453,0
20151027,7.2355,7.4517,7.2355,7.4517,1959,0
20151028,7.3731,7.5206,7.3731,7.5206,6949,0
20151029,7.5206,7.5599,7.4223,7.5599,4147,0
20151030,7.5599,7.5795,7.4517,7.4517,1654,0
20151102,7.4517,7.5599,7.4517,7.5501,2918,0
20151103,7.5501,7.5501,7.3928,7.5304,3011,0
20151104,7.5107,7.5107,7.2355,7.3731,3363,0
20151105,7.3731,7.3731,7.2355,7.2355,1166,0
20151106,7.2355,7.2748,6.9799,7.265,2037,0
20151109,7.2453,7.2453,6.9602,7.0388,6476,0
20151110,7.2748,7.2748,6.8619,7.265,1199,0
20151112,7.2551,7.2748,6.8816,7.2256,9446,0
20151113,7.1765,7.2748,6.8717,7.2256,8424,0
20151116,6.7341,6.7341,6.1934,6.1934,7926,0
20151117,6.2032,6.8127,6.1934,6.7832,10105,0
20151118,6.7538,6.7538,6.4883,6.4883,293,0
20151119,6.7341,6.7341,6.1934,6.4883,5586,0
20151120,6.4883,6.4883,6.0754,6.3605,4187,0
20151123,6.4785,6.4785,6.0754,6.4293,920,0
20151124,6.3802,6.3802,5.9575,6.1442,2481,0
20151125,6.4785,6.4785,6.3409,6.3802,281,0
20151126,6.3802,6.4687,6.0164,6.1934,1809,0
20151127,6.0951,6.331,6.0263,6.0361,2228,0
20151130,6.3409,6.3409,6.0656,6.2917,5242,0
20151201,6.3409,6.3409,6.0164,6.3015,2983,0
20151202,6.331,6.331,5.9968,6.3114,4479,0
20151203,6.2917,6.2917,6.0164,6.2917,2372,0
20151204,5.987,6.2819,5.9575,6.2819,2257,0
20151207,6.2426,6.2917,6.2426,6.2917,466,0
20151208,6.1148,6.3802,6.0951,6.2819,1944,0
20151209,6.0459,6.272,6.0263,6.1836,2494,0
20151210,6.1442,6.1737,6.0164,6.1737,966,0
20151211,6.2524,6.2524,6.2524,6.2524,123,0
20151214,6.1934,6.1934,6.1639,6.1639,109,0
20151215,5.9968,6.2426,5.9968,6.2426,433,0
20151216,5.8985,6.1737,5.8985,6.1541,976,0
20151217,5.9083,6.1344,5.8985,5.9968,3842,0
20151218,5.8985,6.0951,5.8985,5.9771,1429,0
20151221,6.0853,6.0853,5.8592,5.8592,4035,0
20151222,5.8985,5.9771,5.8592,5.8592,7252,0
20151223,5.8985,5.9673,5.869,5.9476,3586,0
20151228,5.9476,5.9476,5.8493,5.8493,6463,0
20151229,5.8493,5.9771,5.8493,5.9771,2346,0
20151230,5.9673,6.0951,5.9476,6.0951,3767,0
20160104,6.2426,6.2426,6.0951,6.2426,2901,0
20160105,6.2917,6.2917,5.9083,6.1836,4313,0
20160107,5.9181,6.1442,5.9181,6.1442,281,0
20160108,6.0754,6.1442,5.9181,6.0853,2820,0
20160111,5.9181,6.1344,5.8493,6.1344,1440,0
20160112,6.0853,6.0853,5.8985,5.9575,1086,0
20160113,5.987,5.987,5.9083,5.9083,233,0
20160114,5.8985,5.8985,5.8198,5.8985,2976,0
20160115,5.8002,5.8985,5.8002,5.8985,218,0
20160118,5.4561,5.8198,5.4561,5.8198,1218,0
20160119,5.3086,5.7117,5.3086,5.7019,5588,0
20160120,5.7608,5.7707,5.6527,5.6527,748,0
20160121,5.5937,5.5937,5.0235,5.0235,5744,0
20160122,5.1513,5.3578,5.1513,5.289,5431,0
20160125,5.2791,5.2791,5.2496,5.2496,1495,0
20160126,5.2103,5.5839,4.9646,5.4463,7311,0
20160127,5.4856,5.6036,5.4856,5.5446,2750,0
20160128,5.5642,5.6134,5.5446,5.6134,576,0
20160129,5.6429,5.6724,5.6429,5.6724,559,0
20160201,5.6822,5.6822,5.6036,5.6527,1186,0
20160202,5.6429,5.8002,5.6429,5.8002,689,0
20160203,5.7707,5.869,5.7707,5.8493,2637,0
20160204,5.8198,5.8788,5.8198,5.8592,634,0
20160205,5.8395,5.8493,5.6134,5.6625,2070,0
20160208,5.7019,5.7019,5.6036,5.692,2146,0
20160210,5.692,5.7019,5.692,5.7019,280,0
20160211,5.7019,5.7019,5.6527,5.7019,334,0
20160215,5.7019,5.7019,5.7019,5.7019,251,0
20160216,5.7019,5.7019,5.692,5.7019,221,0
20160217,5.7019,5.7019,5.692,5.692,925,0
20160218,5.6822,5.6822,5.6724,5.6822,1994,0
20160219,5.6822,5.6822,5.6625,5.6822,2425,0
20160222,5.6822,5.6822,5.6822,5.6822,119,0
20160223,5.6724,5.6724,5.6625,5.6724,1252,0
20160224,5.6527,5.6527,5.633,5.6527,1870,0
20160225,5.6527,5.8002,5.2398,5.7805,8582,0
20160226,5.7805,5.7805,5.5151,5.7412,3153,0
20160229,5.7707,5.7707,5.5151,5.7707,1210,0
20160301,5.5642,5.7019,5.5642,5.7019,1498,0
20160302,5.7019,5.7019,5.5151,5.692,2344,0
20160303,5.6724,5.692,5.6724,5.692,646,0
20160304,5.751,5.751,5.7019,5.7117,1509,0
20160307,5.6625,5.7215,5.6036,5.7117,4536,0
20160308,5.7019,5.7608,5.6134,5.7215,10230,0
20160309,5.751,5.751,5.751,5.751,666,0
20160310,5.751,5.751,5.6625,5.751,587,0
20160311,5.751,5.751,5.7117,5.7412,6621,0
20160314,5.7412,5.8493,5.7019,5.8493,12077,0
20160315,5.7608,5.8493,5.7608,5.8493,4286,0
20160316,5.8493,5.987,5.7707,5.7707,4208,0
20160317,5.7805,5.987,5.7805,5.928,5396,0
20160318,5.9476,6.0951,5.928,5.9476,12866,0
20160321,6.0853,6.0853,5.9476,6.0263,4237,0
20160322,5.9673,5.9968,5.8985,5.9181,6265,0
20160323,6.0361,6.0361,6.0066,6.0066,1552,0
20160324,5.9968,6.0066,5.8002,5.987,1412,0
20160329,5.9771,5.9771,5.751,5.9476,2065,0
20160330,5.8985,5.9968,5.8493,5.9673,3095,0
20160331,6.0656,6.0656,5.928,5.987,6624,0
20160401,6.0459,6.0459,5.9476,6.0066,3170,0
20160404,5.9968,6.0459,5.9968,6.0361,4236,0
20160405,5.9968,5.9968,5.9181,5.9181,2666,0
20160406,5.9673,5.9771,5.8985,5.9771,921,0
20160407,5.9673,5.9771,5.869,5.9673,6135,0
20160408,5.9673,5.9771,5.869,5.9673,3887,0
20160411,5.8985,5.9378,5.7215,5.928,3225,0
20160412,5.9673,5.9968,5.8985,5.9968,8567,0
20160413,5.987,6.0361,5.9378,6.0361,1863,0
20160414,5.9673,6.1049,5.9181,6.1049,9801,0
20160415,6.1148,6.1541,6.0066,6.1246,4751,0
20160418,6.1246,6.1246,6.0754,6.0853,773,0
20160419,6.1344,6.1344,6.0361,6.0459,4722,0
20160420,6.0459,6.1148,6.0361,6.1148,1590,0
20160421,6.1148,6.1148,6.0361,6.0853,937,0
20160422,6.1049,6.1246,6.0066,6.1246,2845,0
20160425,6.0164,6.1148,5.9673,6.0951,1430,0
20160426,6.0853,6.0853,6.0853,6.0853,570,0
20160427,6.1442,6.1442,5.9771,6.0459,2460,0
20160428,6.0459,6.0558,5.9476,5.9476,3161,0
20160429,5.8002,5.9968,5.8002,5.9968,1316,0
20160502,5.8297,5.987,5.8297,5.987,3408,0
20160504,5.9771,6.0754,5.9771,6.0754,1653,0
20160505,5.9083,6.0656,5.9083,6.0361,404,0
20160506,6.0263,6.1541,6.0263,6.1246,9425,0
20160509,6.1246,6.1246,6.0164,6.1148,775,0
20160510,6.0066,6.1148,6.0066,6.1049,2318,0
20160511,6.0066,6.1049,5.9181,5.9181,3379,0
20160512,5.8985,6.0951,5.8788,6.0853,1404,0
20160513,6.1049,6.1049,6.1049,6.1049,85,0
20160516,6.0853,6.1049,5.9181,6.0754,2703,0
20160517,6.0951,6.0951,5.7314,6.0656,7242,0
20160518,6.0754,6.0754,6.0754,6.0754,397,0
20160519,5.9771,5.987,5.9771,5.987,3788,0
20160520,5.9575,5.9673,5.8493,5.9575,1588,0
20160523,5.8493,5.8493,5.7412,5.7412,5738,0
20160524,5.7019,5.7019,5.6429,5.6527,1601,0
20160525,5.5839,5.9968,5.4266,5.9968,6552,0
20160527,5.987,5.987,5.987,5.987,763,0
20160530,5.987,5.987,5.7117,5.8788,804,0
20160531,5.7117,5.9378,5.7019,5.9378,762,0
20160601,5.7117,5.8886,5.6036,5.8788,2059,0
20160602,5.8788,5.8788,5.8788,5.8788,78,0
20160603,5.928,5.928,5.8985,5.8985,331,0
20160606,5.8788,5.8788,5.8788,5.8788,383,0
20160607,5.9083,5.928,5.9083,5.928,24,0
20160608,5.8788,5.8886,5.7019,5.8886,927,0
20160609,5.8592,5.8886,5.8592,5.8886,256,0
20160610,5.8788,5.8788,5.7019,5.8493,1069,0
20160613,5.7608,5.8886,5.751,5.8886,432,0
20160614,5.8788,5.8788,5.5544,5.8002,1184,0
20160615,5.5052,5.7903,5.4168,5.751,2307,0
20160616,5.8395,5.8395,5.3578,5.7019,3484,0
20160617,5.692,5.7019,5.4069,5.7019,3450,0
20160620,5.7019,5.7903,5.3774,5.7903,970,0
20160621,5.751,5.7903,5.4069,5.7903,919,0
20160622,5.8198,5.8395,5.8002,5.8395,252,0
20160623,5.7019,5.8395,5.5642,5.8395,2468,0
20160624,5.5052,5.5052,5.4069,5.4758,2128,0
20160627,5.4463,5.6822,5.4463,5.6822,626,0
20160628,5.8592,5.8592,5.751,5.751,105,0
20160629,5.8297,5.8297,5.8297,5.8297,1,0
20160630,5.5151,5.8592,5.5151,5.8592,1104,0
20160701,5.5642,5.8198,5.5642,5.8198,1590,0
20160704,5.6036,5.7314,5.6036,5.7314,265,0
20160705,5.7707,5.7707,5.4758,5.7412,428,0
20160706,5.7412,5.7903,5.4168,5.7412,1014,0
20160707,5.5151,5.7314,5.4758,5.7314,2009,0
20160708,5.7805,5.7805,5.7805,5.7805,1,0
20160711,5.6822,5.692,5.4856,5.692,2635,0
20160712,5.5937,5.6429,5.5839,5.6429,613,0
20160714,5.4856,5.5937,5.4856,5.5839,1117,0
20160715,5.6036,5.633,5.6036,5.6232,695,0
20160718,5.6036,5.6036,5.5151,5.5937,1261,0
20160719,5.5937,5.6527,5.5052,5.6527,1748,0
20160720,5.5642,5.6232,5.5544,5.6232,493,0
20160721,5.4266,5.5937,5.4266,5.5937,1759,0
20160722,5.692,5.7903,5.5937,5.7412,1134,0
20160725,5.5937,5.692,5.5544,5.692,891,0
20160726,5.6134,5.8886,5.6036,5.7903,5037,0
20160727,5.5151,5.7019,5.5151,5.7019,281,0
20160728,5.692,5.692,5.5642,5.6822,821,0
20160729,5.5544,5.6232,5.5544,5.6232,799,0
20160801,5.5249,5.6134,5.5052,5.6134,2200,0
20160802,5.692,5.692,5.692,5.692,401,0
20160803,5.6724,5.6724,5.6429,5.6429,830,0
20160804,5.633,5.7019,5.633,5.7019,5169,0
20160805,5.692,5.7019,5.5642,5.6822,341,0
20160808,5.692,5.7019,5.5052,5.692,8151,0
20160809,5.6822,5.7019,5.6822,5.7019,243,0
20160810,5.692,5.7412,5.692,5.7412,3351,0
20160811,5.7412,5.7903,5.7019,5.7903,1567,0
20160812,5.7805,5.8002,5.7215,5.7805,2165,0
20160816,5.7805,5.7805,5.5052,5.7805,5130,0
20160817,5.7707,5.7805,5.6036,5.7805,1485,0
20160818,5.7707,5.7805,5.7707,5.7805,853,0
20160819,5.7707,5.8788,5.633,5.8788,3787,0
20160822,5.8493,5.8493,5.8493,5.8493,125,0
20160823,5.751,5.751,5.751,5.751,199,0
20160824,5.8297,5.8395,5.6134,5.8297,2757,0
20160825,5.8198,5.8198,5.5642,5.8002,2326,0
20160826,5.8297,5.8297,5.6036,5.7805,3698,0
20160829,5.81,5.8297,5.6625,5.8198,5500,0
20160830,5.81983,5.81983,5.60355,5.81,6198,0
20160831,5.81,5.89,5.68,5.89,2430,0
20160901,5.89,5.89,5.68,5.89,2100,0
20160902,5.7,5.93,5.7,5.89,15071,0
20160905,5.9,6.09,5.8,6.08,7870,0
20160906,6.07,6.07,6,6,1529,0
20160907,5.94,5.95,5.84,5.92,1338,0
20160908,5.89,5.89,5.85,5.88,2210,0
20160909,5.82,5.92,5.82,5.91,3350,0
20160912,5.9,5.9,5.9,5.9,272,0
20160913,5.88,5.9,5.63,5.74,1504,0
20160914,5.9,5.92,5.85,5.88,1667,0
20160915,5.88,5.88,5.76,5.88,939,0
20160916,5.87,5.87,5.76,5.84,940,0
20160919,5.76,5.88,5.76,5.88,2590,0
20160920,5.88,5.88,5.76,5.76,238,0
20160921,5.8,5.8,5.78,5.78,1285,0
20160922,5.76,5.91,5.73,5.91,17511,0
20160923,5.93,5.94,5.7,5.94,6673,0
20160926,5.94,5.94,5.72,5.9,2350,0
20160927,5.88,5.92,5.88,5.92,1963,0
20160928,5.91,5.91,5.91,5.91,12,0
20160929,5.91,5.91,5.89,5.9,660,0
20160930,5.88,5.89,5.71,5.71,3157,0
20161003,5.71,5.9,5.71,5.89,1863,0
20161004,5.9,5.9,5.7,5.9,4556,0
20161005,5.89,5.89,5.72,5.87,2365,0
20161006,5.6,5.84,5.57,5.84,2517,0
20161007,5.84,5.84,5.84,5.84,660,0
20161010,5.9,5.9,5.9,5.9,450,0
20161011,5.73,5.89,5.73,5.87,1812,0
20161012,5.89,5.89,5.74,5.89,422,0
20161013,5.76,5.86,5.51,5.86,5804,0
20161014,5.86,5.86,5.72,5.85,1932,0
20161017,5.76,5.84,5.58,5.84,2265,0
20161018,5.83,5.83,5.62,5.81,1150,0
20161019,5.78,5.78,5.78,5.78,450,0
20161020,5.77,5.77,5.68,5.77,3160,0
20161021,5.76,5.76,5.61,5.76,1946,0
20161024,5.79,5.79,5.62,5.79,1049,0
20161025,5.78,5.78,5.77,5.77,1148,0
20161026,5.75,5.77,5.62,5.77,1006,0
20161027,5.8,5.8,5.78,5.78,628,0
20161028,5.8,5.8,5.8,5.8,100,0
20161031,5.89,5.89,5.6,5.81,2384,0
20161102,5.8,5.8,5.8,5.8,787,0
20161103,5.8,5.8,5.75,5.79,281,0
20161107,5.7,5.83,5.51,5.83,4476,0
