Date,Open,High,Low,Close,Volume,OpenInt
20101001,15.197,15.197,14.427,14.61,212864,0
20101004,14.61,14.619,14.427,14.552,100084,0
20101005,14.485,14.523,14.446,14.504,121619,0
20101006,14.523,14.619,14.523,14.571,94124,0
20101007,14.581,14.581,14.543,14.543,461,0
20101008,14.543,14.581,14.543,14.571,847,0
20101011,14.543,14.571,14.523,14.543,31157,0
20101012,14.533,14.533,14.254,14.427,58576,0
20101013,14.427,14.427,14.36,14.427,8811,0
20101014,14.427,14.466,14.35,14.427,5512,0
20101015,14.427,14.427,14.379,14.427,2550,0
20101018,14.389,14.427,14.389,14.427,19304,0
20101019,14.427,14.427,14.292,14.292,296,0
20101020,14.283,14.283,14.283,14.283,5100,0
20101021,14.283,14.427,14.283,14.427,7887,0
20101022,14.427,14.427,14.187,14.427,377,0
20101025,14.187,14.504,14.187,14.504,4668,0
20101026,14.139,14.475,14.139,14.427,635,0
20101027,14.369,14.61,14.341,14.427,3672,0
20101028,14.514,14.514,14.504,14.514,152,0
20101029,14.523,14.571,14.485,14.485,2613,0
20101102,14.235,14.591,14.235,14.591,22260,0
20101103,14.61,14.61,14.427,14.562,7451,0
20101104,14.427,14.523,14.427,14.427,6103,0
20101105,14.504,14.504,14.427,14.485,79,0
20101108,14.427,14.504,14.379,14.417,2281,0
20101109,14.427,14.427,14.379,14.417,1738,0
20101110,14.417,14.417,14.417,14.417,461,0
20101112,14.427,14.427,14.417,14.427,2544,0
20101115,14.427,14.427,14.427,14.427,312,0
20101116,14.427,14.427,14.139,14.139,1638,0
20101117,14.302,14.302,13.792,14.042,1788,0
20101118,13.965,14.417,13.965,14.331,4600,0
20101119,14.417,14.417,14.071,14.071,256,0
20101122,13.946,14.235,13.946,14.042,355,0
20101123,14.129,14.129,13.946,13.946,476,0
20101124,14.379,14.379,13.946,14.139,3589,0
20101125,14.235,14.379,14.235,14.331,11541,0
20101126,14.427,14.427,14.235,14.331,1092,0
20101129,14.139,14.139,14.139,14.139,2807,0
20101130,14.187,14.187,13.975,13.975,832,0
20101201,14.417,14.417,14.187,14.187,9460,0
20101202,14.331,14.341,14.187,14.187,73011,0
20101203,14.379,14.379,14.187,14.187,32813,0
20101206,14.139,14.369,13.571,13.658,29044,0
20101207,14.177,14.177,14.042,14.11,202,0
20101208,14.139,14.398,13.85,14.167,54061,0
20101209,14.225,14.235,13.946,13.946,105567,0
20101210,13.831,13.946,13.831,13.946,218,0
20101213,13.937,13.937,13.84,13.84,241,0
20101214,13.831,13.85,13.754,13.802,1486,0
20101215,13.85,13.85,13.706,13.706,465,0
20101216,13.581,13.706,13.369,13.561,1306,0
20101217,13.658,13.658,13.427,13.436,3256,0
20101220,13.186,13.465,13.138,13.465,419897,0
20101221,13.465,13.6,13.302,13.542,2217,0
20101222,13.465,13.533,13.206,13.465,348,0
20101223,13.561,13.61,13.456,13.465,21548,0
20101227,13.533,13.542,13.186,13.504,3386,0
20101228,13.34,13.513,13.34,13.513,179706,0
20101229,13.552,13.552,13.465,13.465,31403,0
20101230,13.475,13.475,13.436,13.465,437,0
20101231,13.456,13.946,13.388,13.388,2897,0
20110103,13.686,13.686,13.686,13.686,444,0
20110104,13.475,13.667,13.475,13.667,1619,0
20110105,13.908,13.908,13.908,13.908,1040,0
20110107,13.85,13.927,13.85,13.927,785,0
20110110,13.927,14.283,13.888,13.888,1341,0
20110111,13.754,13.754,13.744,13.754,208,0
20110112,13.754,13.927,13.706,13.927,370,0
20110113,13.85,13.927,13.85,13.927,291,0
20110114,13.85,13.85,13.85,13.85,816,0
20110117,13.504,13.802,13.504,13.802,57,0
20110118,13.831,13.831,13.465,13.465,124859,0
20110119,13.465,13.465,13.465,13.465,2153,0
20110120,13.475,13.888,13.465,13.888,4453,0
20110121,13.754,13.85,13.754,13.85,322,0
20110124,13.85,13.85,13.571,13.812,475,0
20110126,13.561,13.831,13.561,13.658,3192,0
20110127,13.658,13.658,13.465,13.465,485,0
20110128,13.658,13.658,13.465,13.629,1228,0
20110131,13.6,13.6,13.6,13.6,52,0
20110201,12.936,13.465,12.936,13.465,41730,0
20110202,13.465,13.658,13.465,13.658,1965,0
20110203,13.648,13.898,13.648,13.898,3197,0
20110204,13.879,13.985,13.561,13.985,3557,0
20110207,13.638,13.638,13.638,13.638,550,0
20110208,13.561,13.561,13.225,13.388,863,0
20110209,13.417,13.417,13.225,13.417,1378,0
20110210,13.61,13.61,13.61,13.61,2,0
20110211,13.273,13.292,13.032,13.071,7072,0
20110214,13.1,13.273,12.946,13.09,2327,0
20110215,13.398,13.398,13.177,13.331,796,0
20110216,13.273,13.273,13.032,13.263,7959,0
20110217,13.34,13.658,13.177,13.177,2932,0
20110218,13.465,13.465,13.465,13.465,52,0
20110221,13.465,13.465,13.186,13.465,77,0
20110222,13.465,13.465,13.465,13.465,131,0
20110224,13.465,13.465,13.465,13.465,260,0
20110225,13.465,13.465,13.283,13.283,109,0
20110228,13.273,13.273,13.177,13.273,438,0
20110301,13.465,13.465,13.465,13.465,52,0
20110302,13.177,13.177,13.129,13.129,663,0
20110303,13.369,13.369,12.984,12.984,1273,0
20110304,12.994,13.513,12.984,13.513,1391,0
20110307,13.552,13.552,13.369,13.369,146,0
20110309,13.321,13.321,13.225,13.225,726,0
20110310,13.273,13.369,13.273,13.369,895,0
20110311,13.273,13.513,13.273,13.465,1012,0
20110314,13.456,13.465,13.321,13.456,536,0
20110315,13.321,13.369,13.273,13.369,1059,0
20110316,13.456,13.456,13.456,13.456,104,0
20110317,13.369,13.369,13.369,13.369,55,0
20110318,13.225,13.225,13.177,13.177,1397,0
20110321,13.408,13.408,13.177,13.177,312,0
20110322,13.456,13.465,13.321,13.465,1934,0
20110323,13.465,13.465,13.273,13.456,1002,0
20110324,13.119,13.273,13.1,13.254,2612,0
20110325,13.177,13.177,13.081,13.081,1676,0
20110328,12.984,13.081,12.936,12.984,2365,0
20110329,13.081,13.081,13.081,13.081,361,0
20110330,13.081,13.081,13.081,13.081,3239,0
20110331,12.994,12.994,12.744,12.744,4442,0
20110401,13.119,13.119,12.648,12.696,5466,0
20110404,12.792,12.792,12.705,12.782,1465,0
20110405,12.782,12.782,12.58,12.58,25172,0
20110406,12.523,12.523,12.398,12.503,21081,0
20110407,12.33,12.33,12.263,12.301,13242,0
20110408,12.282,12.33,12.176,12.234,936,0
20110411,12.119,12.128,12.032,12.032,1213,0
20110412,12.744,12.744,12.292,12.427,2750,0
20110413,12.465,12.465,12.119,12.119,655,0
20110414,12.119,12.398,12.119,12.311,890,0
20110415,12.215,12.215,12.023,12.023,3353,0
20110418,12.023,12.023,11.994,12.023,1754,0
20110419,11.926,11.926,11.763,11.782,3093,0
20110420,12.023,12.023,11.686,11.686,6998,0
20110421,11.599,11.686,11.445,11.686,3743,0
20110426,11.686,12.359,11.638,12.359,212,0
20110427,12.119,12.35,11.811,12.35,130,0
20110428,12.042,12.042,11.744,12.032,786,0
20110429,12.071,12.119,12.071,12.071,2330,0
20110502,12.359,12.359,12.359,12.359,67,0
20110504,12.359,12.359,12.023,12.215,1659,0
20110505,12.023,12.253,11.907,12.253,480,0
20110506,12.215,12.253,12.215,12.215,3730,0
20110510,12.032,12.032,12.023,12.023,1040,0
20110511,11.724,11.994,11.647,11.994,1258,0
20110512,12.023,12.023,12.023,12.023,125,0
20110513,12.023,12.023,11.724,12.013,393,0
20110516,11.715,11.715,11.542,11.542,3869,0
20110517,11.542,11.542,11.061,11.253,2089,0
20110518,10.984,11.061,10.628,11.051,2237,0
20110519,11.215,11.215,10.503,11.176,55563,0
20110520,10.791,11.042,10.782,11.042,740,0
20110523,10.868,10.868,10.676,10.763,934,0
20110524,9.945,10.426,9.945,10.388,2127,0
20110525,10.397,10.532,10.368,10.532,4655,0
20110526,10.772,10.772,10.58,10.763,839,0
20110527,10.599,11.234,10.397,10.936,4839,0
20110530,10.936,11.109,10.936,11.109,208,0
20110531,11.099,11.099,10.83,10.955,354,0
20110601,10.945,10.945,10.945,10.945,520,0
20110602,10.868,10.868,10.734,10.859,255,0
20110603,10.589,10.868,10.532,10.868,736,0
20110606,10.599,10.599,10.388,10.388,444,0
20110607,10.407,10.657,10.407,10.407,630,0
20110608,10.638,10.638,10.532,10.532,1644,0
20110609,10.58,10.58,10.311,10.57,409,0
20110613,10.57,10.868,10.57,10.599,9580,0
20110615,10.628,10.849,10.58,10.58,756,0
20110616,10.58,10.58,10.58,10.58,125,0
20110620,10.359,10.599,10.359,10.359,1241,0
20110621,10.359,10.532,10.359,10.532,181,0
20110622,9.82,10.484,9.637,9.907,826,0
20110624,10.099,10.099,9.724,10.099,208,0
20110627,10.099,10.099,9.599,9.801,933,0
20110629,10.032,10.032,9.493,9.907,361,0
20110630,9.897,9.897,9.897,9.897,60,0
20110701,9.714,9.714,9.714,9.714,43,0
20110704,9.724,9.81,9.57,9.57,4793,0
20110705,9.628,9.782,9.531,9.531,1687,0
20110706,9.291,9.733,9.291,9.733,48,0
20110707,10.003,10.003,9.733,9.859,22198,0
20110708,9.984,9.984,9.984,9.984,10,0
20110711,9.984,9.984,9.733,9.907,3683,0
20110712,9.666,10.089,9.666,10.003,780,0
20110713,10.07,10.378,10.07,10.195,2574,0
20110714,10.455,11.061,10.455,10.58,4701,0
20110715,10.83,10.945,10.628,10.666,520,0
20110718,10.397,10.811,9.907,10.811,880,0
20110719,10.541,10.936,10.541,10.84,2417,0
20110720,10.82,10.82,10.099,10.609,1485,0
20110721,10.349,10.57,10.089,10.57,409,0
20110722,10.58,10.58,10.58,10.58,135,0
20110725,10.311,10.311,9.81,10.282,759,0
20110726,9.81,10.57,9.762,10.57,203646,0
20110727,10.291,10.57,10.291,10.311,2807,0
20110728,10.051,10.388,10.051,10.388,94,0
20110729,10.128,10.128,9.81,10.118,1046,0
20110801,10.099,10.099,10.099,10.099,104,0
20110802,9.849,9.849,9.839,9.849,1232,0
20110803,9.81,9.81,9.2333,9.791,4408,0
20110804,9.551,9.551,9.1372,9.522,1853,0
20110805,9.2814,9.3295,9.1372,9.3295,2733,0
20110808,9.0987,9.2333,8.7043,9.2141,1238,0
20110809,8.9833,8.9833,8.435,8.7524,5867,0
20110810,8.7524,8.8486,7.8868,7.8868,540,0
20110811,7.8868,7.983,7.7906,7.983,498,0
20110812,7.983,7.983,7.8772,7.983,1291,0
20110816,7.983,8.0695,7.8868,8.0695,1231,0
20110819,7.6944,7.8868,7.3578,7.5983,506,0
20110822,7.6944,8.1753,7.4059,8.1753,1233,0
20110823,8.8486,8.8486,8.8486,8.8486,16,0
20110824,8.6274,8.6274,8.6274,8.6274,870,0
20110825,8.4158,8.6563,8.4158,8.6563,785,0
20110826,8.435,8.435,8.435,8.435,890,0
20110829,8.6274,8.6274,8.4158,8.4158,944,0
20110830,8.2042,8.2042,8.0695,8.1753,1742,0
20110831,8.1369,8.6466,7.8002,8.6466,2335,0
20110901,8.435,8.435,7.983,8.3677,2807,0
20110902,8.1561,8.1753,7.9541,8.1753,1254,0
20110905,8.1753,8.1753,7.9253,7.9253,356,0
20110906,7.8868,8.6563,7.6944,8.6563,2174,0
20110907,8.6563,9.618,8.6563,9.618,2156,0
20110908,9.3776,9.3776,9.368,9.368,821,0
20110909,9.1372,9.1372,9.1372,9.1372,332,0
20110912,8.6851,8.6851,8.6851,8.6851,864,0
20110913,8.4639,8.8486,8.185,8.8486,4284,0
20110914,8.6274,8.8486,8.6274,8.8486,884,0
20110915,8.6274,8.8486,8.185,8.8486,3798,0
20110916,8.6274,9.041,8.6274,9.041,936,0
20110919,8.8101,8.8101,8.8101,8.8101,936,0
20110920,8.5889,8.8486,8.5889,8.8486,936,0
20110921,8.6274,8.8486,8.6274,8.8486,936,0
20110922,8.6274,8.839,8.4158,8.7909,2088,0
20110923,8.5697,8.6563,8.5697,8.6563,483,0
20110926,8.435,8.8005,8.435,8.6563,1033,0
20110927,8.4639,8.8005,8.2234,8.8005,1204,0
20110928,8.5793,8.7524,8.5793,8.7524,1029,0
20110929,8.5312,8.7524,8.512,8.7524,1923,0
20110930,8.5408,8.6563,8.5408,8.5985,1279,0
20111003,8.3869,8.762,8.2811,8.6563,1357,0
20111004,8.435,8.637,8.435,8.637,884,0
20111005,8.4254,8.6274,8.4254,8.6274,884,0
20111006,8.6178,8.6178,8.2715,8.4735,5096,0
20111007,8.4735,8.5793,8.3677,8.4062,2598,0
20111010,8.5601,8.637,8.512,8.637,232,0
20111011,8.435,8.435,8.1369,8.3773,3936,0
20111012,8.2811,8.2811,7.983,8.2811,5323,0
20111013,8.0695,8.108,7.8964,7.8964,6342,0
20111014,7.9349,7.9349,7.4732,7.5021,25212,0
20111017,7.6752,7.6944,7.3674,7.3674,17036,0
20111018,7.5983,7.6175,7.3097,7.5213,5528,0
20111019,7.329,7.5598,7.3097,7.3097,1461,0
20111020,7.3097,7.3097,6.9442,7.1751,9121,0
20111021,7.2616,7.2905,6.925,7.1847,4872,0
20111024,7.2135,7.3001,6.9346,7.3001,5531,0
20111025,7.3097,7.3097,7.3097,7.3097,244,0
20111026,7.2135,7.2135,7.1655,7.1655,120,0
20111027,7.3001,7.4732,7.3001,7.3097,375,0
20111028,7.4732,7.5021,7.454,7.454,235,0
20111031,7.6944,7.6944,7.4444,7.5983,1953,0
20111102,7.3097,7.3097,7.0308,7.3097,10834,0
20111103,7.1366,7.5983,7.1366,7.5983,156,0
20111104,7.5886,7.6944,7.5021,7.5021,214463,0
20111107,7.6656,7.7906,7.6656,7.7906,3876,0
20111108,7.781,7.7906,7.781,7.7906,727,0
20111109,7.6944,7.6944,7.0212,7.5983,1345,0
20111110,7.4059,7.5983,7.4059,7.5983,501,0
20111114,7.6944,7.6944,7.5021,7.6944,1092,0
20111115,7.6944,7.6944,7.5021,7.5021,1052,0
20111116,7.3097,7.5021,7.3097,7.5021,117,0
20111117,7.3097,7.5021,7.3097,7.5021,520,0
20111118,7.3097,7.4828,7.3097,7.4828,1078,0
20111121,7.3001,7.454,6.8384,7.2616,671,0
20111122,7.3963,7.3963,6.7711,7.2039,1258,0
20111123,7.3386,7.3386,7.1558,7.2135,135,0
20111124,7.4828,7.4828,7.3001,7.4828,1101,0
20111125,7.3001,7.4732,7.3001,7.4732,634,0
20111128,7.2905,7.4732,6.9923,7.4732,14286,0
20111129,7.2616,7.2616,7.2616,7.2616,1029,0
20111130,7.0789,7.1943,7.0789,7.1943,1682,0
20111201,7.1847,7.1847,6.4826,7.1174,5989,0
20111202,6.9346,7.1077,6.9346,7.0981,1102,0
20111205,7.1174,7.1174,7.1077,7.1077,125,0
20111206,7.1174,7.1174,6.9346,7.1077,1134,0
20111207,7.2039,7.2039,7.0212,7.0981,1757,0
20111208,7.1943,7.1943,6.7903,7.1174,1267,0
20111209,7.2039,7.2039,7.0212,7.0789,1289,0
20111212,6.9442,6.9442,6.7711,6.8769,1389,0
20111213,6.7038,6.9923,6.5788,6.9923,2700,0
20111214,6.8192,7.0597,6.7326,6.9154,1370,0
20111215,6.7423,6.9154,6.5403,6.5403,2506,0
20111216,6.5403,6.5403,6.3479,6.5307,8259,0
20111219,6.3672,6.521,6.3672,6.4633,1937,0
20111220,6.2998,6.4441,5.8574,6.396,32143,0
20111221,6.4345,6.4345,5.8863,5.9632,11989,0
20111222,5.8959,6.0113,5.8574,5.8574,1596,0
20111223,5.8382,6.0594,5.7227,5.7708,16722,0
20111227,5.6266,5.7612,5.5785,5.5785,1934,0
20111228,5.4342,5.5689,5.1072,5.4342,8386,0
20111229,5.2899,5.2899,4.8667,4.8764,82966,0
20111230,4.8764,5.3573,4.8667,5.3573,181764,0
20120102,5.4727,5.5496,5.4053,5.5496,2664,0
20120103,5.415,5.4823,5.2226,5.338,6829,0
20120104,5.3476,5.3476,5.0976,5.2418,6757,0
20120105,5.3669,5.3669,4.8283,5.1938,36400,0
20120109,5.2995,5.2995,5.1553,5.1553,1072,0
20120110,5.2803,5.2899,5.2418,5.2899,106244,0
20120111,5.3765,5.9055,5.3765,5.5304,37035,0
20120112,5.665,6.069,5.665,5.867,6128,0
20120113,5.867,6.3479,5.867,6.194,9267,0
20120116,6.2517,6.2998,6.2421,6.2998,2270,0
20120117,6.3672,6.5499,6.194,6.4537,27196,0
20120118,6.5788,6.6653,6.5403,6.6653,7327,0
20120119,6.7134,6.8865,6.6845,6.8865,9786,0
20120120,6.9346,7.0981,6.8769,6.9731,4736,0
20120123,6.925,7.0693,6.925,7.0693,4945,0
20120124,7.0693,7.0693,6.6845,6.8961,1466,0
20120125,6.925,7.05,6.8481,7.05,1721,0
20120126,7.05,7.0885,6.925,7.0885,3377,0
20120127,6.9154,7.0212,6.8,7.0212,4131,0
20120130,7.1077,7.1077,6.9442,6.9442,861,0
20120131,6.9346,7.1174,6.9346,6.9346,3210,0
20120201,7.0981,7.2039,6.8288,7.2039,54615,0
20120202,7.2135,7.6848,7.2135,7.6464,9467,0
20120203,7.6752,7.6848,7.5502,7.6848,3262,0
20120206,7.6848,8.0599,7.5983,7.8291,8982,0
20120207,7.8195,7.8195,7.5983,7.6944,343906,0
20120208,7.7425,7.9349,7.7425,7.906,4112,0
20120209,7.9445,8.3677,7.7137,8.1753,13307,0
20120210,7.9926,7.9926,7.7137,7.8868,3951,0
20120213,7.9349,8.0599,7.7041,7.8772,3586,0
20120214,7.7137,7.7906,7.2135,7.5983,5228,0
20120215,7.5117,7.8868,7.5021,7.8868,3400,0
20120216,8.0599,8.0599,7.6944,7.8387,11303,0
20120217,8.0311,8.0599,7.858,7.983,1168,0
20120220,7.9734,7.983,7.8291,7.8291,5561,0
20120221,7.8676,7.906,7.8676,7.906,266,0
20120222,8.0022,8.0022,7.7714,7.8772,3987,0
20120224,7.7041,7.7906,7.579,7.7906,2183,0
20120227,7.5983,7.6464,7.5983,7.5983,1603,0
20120228,7.6944,7.858,7.6944,7.7906,1130,0
20120229,7.6944,7.6944,7.6944,7.6944,1492,0
20120301,7.5598,7.5598,7.2039,7.2616,6714,0
20120302,7.2135,7.4251,7.1366,7.3001,5226,0
20120305,7.2905,7.2905,6.9346,7.1174,2193,0
20120306,7.1077,7.1077,7.0212,7.1077,291,0
20120307,7.0693,7.6944,7.0693,7.6944,25674,0
20120308,7.8868,7.8868,7.6944,7.6944,108235,0
20120309,7.6944,7.6944,7.6944,7.6944,1351,0
20120312,7.6944,7.6944,7.6944,7.6944,52297,0
20120313,7.6944,7.6944,7.6944,7.6944,52611,0
20120314,7.6944,7.6944,7.5021,7.5021,1236,0
20120315,7.3097,7.4059,7.2135,7.3578,7010,0
20120316,7.4059,7.5213,7.4059,7.5213,541,0
20120319,7.329,7.5502,7.329,7.5502,453,0
20120320,7.5983,7.5983,7.454,7.454,96345,0
20120321,7.6271,7.6271,7.5983,7.5983,385,0
20120322,7.6944,7.6944,7.1174,7.5021,1310,0
20120323,7.3674,7.5406,7.3674,7.5406,1361,0
20120326,7.6944,7.6944,7.454,7.5021,1451,0
20120327,7.6464,7.6464,7.6367,7.6367,364,0
20120328,7.454,7.6464,7.454,7.6464,1257,0
20120329,7.5021,7.5983,7.5021,7.5983,1755,0
20120330,7.5213,7.6464,7.5213,7.6464,3191,0
20120402,7.5983,7.5983,7.454,7.454,304,0
20120404,7.3578,7.3578,7.3578,7.3578,195,0
20120405,7.1366,7.5886,7.1366,7.5886,2759,0
20120410,7.5502,7.5502,7.3674,7.4059,2243,0
20120411,7.2328,7.2328,6.9923,7.2232,1490,0
20120417,7.0597,7.3578,7.0597,7.3578,1431,0
20120418,7.3097,7.3097,7.3097,7.3097,21,0
20120419,7.3097,7.3097,7.1366,7.1366,333,0
20120420,7.2905,7.2905,6.925,6.925,2142,0
20120423,6.925,6.925,6.4537,6.4537,44160,0
20120424,6.5499,6.6268,6.5499,6.6268,701,0
20120425,6.6268,6.6365,6.473,6.6365,665,0
20120426,6.7326,6.7326,6.7326,6.7326,151,0
20120430,6.8769,7.0597,6.8769,7.0597,373,0
20120504,6.8961,7.05,6.8961,7.05,57,0
20120507,6.8865,7.0116,6.8769,7.0116,213,0
20120508,7.0019,7.0019,7.0019,7.0019,270,0
20120509,6.8384,6.925,6.6749,6.925,272,0
20120511,6.925,6.925,6.925,6.925,21,0
20120514,6.7807,7.0885,6.7519,6.925,14922,0
20120516,6.1556,7.0693,6.1556,6.7326,21285,0
20120517,6.5691,6.7326,6.5691,6.7326,710,0
20120518,6.5691,6.7326,6.5691,6.7326,229,0
20120521,6.8865,6.8865,6.8865,6.8865,1,0
20120522,6.7326,6.7326,6.5691,6.5691,58384,0
20120523,6.723,6.723,6.723,6.723,10,0
20120524,6.8288,6.8288,6.8288,6.8288,364,0
20120525,6.7326,6.7326,6.7326,6.7326,232,0
20120528,6.8192,6.8192,6.8192,6.8192,1,0
20120529,6.8288,6.8288,6.8288,6.8288,52,0
20120530,6.8192,6.8192,6.8192,6.8192,5,0
20120531,6.8192,6.8192,6.6557,6.8096,57,0
20120601,6.6365,6.8192,6.6365,6.8192,213,0
20120604,6.1459,6.6365,6.1363,6.6365,3511,0
20120605,6.473,6.473,6.473,6.473,1144,0
20120608,6.3094,6.3094,6.3094,6.3094,128,0
20120611,6.2902,6.4441,6.2902,6.4441,1476,0
20120612,6.5403,6.5884,6.5403,6.5884,504,0
20120614,6.6365,6.6365,6.6365,6.6365,10,0
20120618,6.5403,6.5403,6.3768,6.3768,161,0
20120619,6.5307,6.5307,6.5307,6.5307,10,0
20120620,6.5307,6.5307,6.5307,6.5307,21,0
20120621,6.4441,6.4441,6.4441,6.4441,21,0
20120625,6.4441,6.4441,6.4441,6.4441,21,0
20120626,6.4441,6.4441,6.2806,6.2806,437,0
20120627,6.2806,6.2806,6.1556,6.1556,3488,0
20120628,6.0113,6.1363,5.9247,6.0594,5045,0
20120629,6.194,6.2421,6.0401,6.2421,1057,0
20120702,6.3768,6.3768,6.2229,6.2229,1590,0
20120703,6.2229,6.3287,6.1556,6.3287,1959,0
20120704,6.1748,6.1748,6.1652,6.1652,463,0
20120705,6.1652,6.2998,6.0498,6.0498,1913,0
20120706,6.1748,6.5499,6.1748,6.5499,1708,0
20120709,6.5884,6.5884,6.5884,6.5884,10,0
20120710,6.4249,6.4633,6.4249,6.4633,1188,0
20120712,6.2517,6.2517,6.2517,6.2517,208,0
20120713,6.2325,6.2325,6.0786,6.194,1338,0
20120716,6.3094,6.3094,6.0017,6.1459,1555,0
20120717,5.992,6.1556,5.7708,6.1556,26960,0
20120718,6.2133,6.2133,6.0594,6.0594,222,0
20120720,5.9055,5.9055,5.9055,5.9055,6469,0
20120723,5.5881,5.5881,5.4823,5.5785,19770,0
20120724,5.4823,5.5785,5.4438,5.5689,3986,0
20120725,5.4342,5.5592,5.4342,5.5304,1851,0
20120726,5.665,5.665,5.665,5.665,10,0
20120727,5.665,5.7516,5.665,5.6747,253,0
20120730,5.7612,5.7612,5.7612,5.7612,10,0
20120731,5.6266,5.6266,5.6169,5.6169,1743,0
20120803,5.6169,5.9151,5.6169,5.9151,6541,0
20120807,5.9151,5.9151,5.9151,5.9151,424,0
20120808,5.9151,5.9151,5.665,5.665,270,0
20120809,5.7901,5.7901,5.7901,5.7901,369,0
20120810,5.6554,5.9632,5.6554,5.9632,73,0
20120813,5.9632,5.9632,5.8285,5.8285,2057,0
20120814,5.9536,5.9536,5.9536,5.9536,312,0
20120816,5.9536,5.9728,5.9536,5.9632,2390,0
20120817,5.8189,5.944,5.8189,5.944,1312,0
20120820,5.7997,5.8863,5.7708,5.8863,5868,0
20120821,5.8863,5.8863,5.8863,5.8863,1040,0
20120822,5.742,5.742,5.5977,5.7324,1055,0
20120828,5.5977,5.5977,5.5977,5.5977,239,0
20120829,5.5785,5.5785,5.5785,5.5785,114,0
20120830,5.5785,5.5785,5.5592,5.5689,1508,0
20120831,5.4342,5.4342,5.4246,5.4246,1366,0
20120903,5.5496,5.5496,5.3957,5.5496,1383,0
20120904,5.4342,5.7612,5.4342,5.7612,185,0
20120905,6.1556,6.1556,5.742,6.0594,2547,0
20120906,5.9632,6.1556,5.9632,6.1556,3536,0
20120907,6.2517,6.2517,6.1075,6.1075,322,0
20120910,6.2421,6.2421,6.0882,6.2229,203,0
20120912,6.0786,6.2036,6.0786,6.0786,1058,0
20120913,6.2133,6.2133,6.2133,6.2133,104,0
20120914,6.069,6.069,6.0594,6.0594,1591,0
20120917,6.0594,6.1556,6.0594,6.1556,1040,0
20120918,6.2806,6.6845,6.2806,6.6845,5431,0
20120919,6.5403,6.5403,6.3768,6.5307,2119,0
20120920,6.6365,6.6365,6.473,6.6365,138,0
20120921,6.6365,6.8961,6.521,6.8961,10668,0
20120924,7.0597,7.0597,7.0597,7.0597,426,0
20120925,6.8865,6.8865,6.7134,6.8769,1620,0
20120926,6.7038,6.8673,6.6942,6.6942,1261,0
20121001,6.8577,6.8577,6.8577,6.8577,31,0
20121002,6.8577,7.0308,6.8577,7.0308,624,0
20121003,7.1174,7.2039,6.9731,7.0212,1399,0
20121004,6.8481,7.0019,6.8481,6.9731,26160,0
20121005,7.1174,7.2039,7.0019,7.0019,3796,0
20121008,7.1655,7.1655,7.1655,7.1655,31,0
20121009,6.9923,7.1558,6.9923,7.1558,182,0
20121010,7.1943,7.1943,6.8384,6.925,2329,0
20121011,7.0885,7.0885,7.0885,7.0885,21,0
20121012,6.9154,6.9154,6.7519,6.9058,1926,0
20121015,6.7423,6.8673,6.7326,6.8673,1039,0
20121016,6.6942,6.8481,6.6942,6.8481,747,0
20121018,6.6749,6.8288,6.6749,6.8288,297,0
20121019,6.8384,6.8384,6.8384,6.8384,29,0
20121023,6.6653,6.8096,6.6653,6.8096,3101,0
20121024,6.8961,6.8961,6.723,6.723,1292,0
20121025,6.8577,6.8577,6.8577,6.8577,31,0
20121026,6.6845,6.8481,6.6845,6.8481,489,0
20121105,6.8577,6.9442,6.7711,6.7711,807,0
20121106,6.8673,6.8673,6.8673,6.8673,488,0
20121107,6.6942,6.7038,6.3864,6.7038,4365,0
20121108,6.8673,6.8673,6.5691,6.8577,106,0
20121109,6.6942,6.7903,6.6942,6.7903,324,0
20121112,6.8481,6.8481,6.8192,6.8192,236,0
20121113,6.6461,6.7903,6.5691,6.723,3536,0
20121114,6.5595,6.7134,6.4922,6.7038,1489,0
20121115,6.5403,6.6942,6.5403,6.6942,1176,0
20121116,6.5307,6.6653,6.194,6.194,19495,0
20121119,6.0401,6.0401,5.8189,5.8189,5303,0
20121120,5.8093,5.8093,5.7901,5.7901,627,0
20121121,5.665,5.665,5.2899,5.2899,6876,0
20121122,5.2899,5.2899,5.1938,5.1938,3067,0
20121123,5.0976,5.1841,4.9052,5.1841,21399,0
20121126,5.4342,5.5785,5.4342,5.5785,2822,0
20121127,5.5111,5.5785,5.5111,5.5785,135,0
20121128,5.5111,5.5785,5.5111,5.5785,29,0
20121130,5.7131,5.7131,5.3092,5.5785,2273,0
20121203,5.5785,5.5785,5.4534,5.4823,1404,0
20121205,5.5785,5.5785,5.5785,5.5785,24,0
20121206,5.6747,5.6747,5.3957,5.5208,1606,0
20121211,5.3861,5.5785,5.1938,5.5785,5035,0
20121212,5.7131,5.8478,5.7131,5.8382,5185,0
20121213,5.9151,6.0401,5.4823,6.0401,10174,0
20121214,5.6747,5.8093,5.6747,5.8093,1313,0
20121217,5.7708,5.9055,5.6266,5.7516,1522,0
20121219,5.742,5.7708,5.6266,5.7516,288,0
20121220,5.6073,5.742,5.6073,5.742,43,0
20121227,5.7516,6.0594,5.7516,6.0594,2824,0
20121228,6.1556,6.2902,6.1556,6.2902,1502,0
20130102,7.1174,7.1174,6.4441,6.4441,5353,0
20130103,6.5403,6.5403,6.2806,6.4249,2377,0
20130104,6.5691,6.5691,6.0882,6.2229,2233,0
20130107,6.0882,6.2325,6.0786,6.0786,1669,0
20130108,5.9247,5.9536,5.8189,5.9536,239,0
20130109,6.0882,6.0882,6.0882,6.0882,281,0
20130110,6.2325,6.2325,5.7805,5.7805,2927,0
20130111,5.8189,5.8189,5.5304,5.7227,1800,0
20130114,5.8574,5.8574,5.6747,5.7708,1918,0
20130115,5.6747,5.8093,5.6747,5.8093,1042,0
20130116,5.944,5.944,5.7227,5.7227,817,0
20130117,5.7227,5.9632,5.7227,5.9536,748,0
20130121,5.9055,5.9055,5.8189,5.8189,342,0
20130122,5.742,5.8093,5.7035,5.7035,1400,0
20130123,5.5496,5.6554,5.54,5.5785,591,0
20130124,5.5689,5.8478,5.5304,5.8478,2723,0
20130125,5.8478,5.9632,5.7035,5.9632,3537,0
20130128,5.8189,5.8189,5.5304,5.6554,3336,0
20130129,5.6554,5.7612,5.6554,5.7516,3377,0
20130130,5.7612,5.7612,5.6843,5.6843,1004,0
20130131,5.8093,6.1459,5.7901,6.069,9563,0
20130201,6.069,6.069,5.8189,5.9824,2740,0
20130204,6.0305,6.0594,5.8863,5.8863,3556,0
20130205,6.0305,6.0305,6.0305,6.0305,156,0
20130206,5.8574,5.8574,5.8574,5.8574,17,0
20130207,6.069,6.069,5.7805,5.7805,2251,0
20130208,5.7805,5.7805,5.7516,5.7708,54987,0
20130211,5.7708,5.7708,5.7708,5.7708,360,0
20130212,5.7805,5.7805,5.7708,5.7708,1239,0
20130213,5.6747,5.6747,5.6747,5.6747,1957,0
20130214,5.5496,5.665,5.5304,5.665,3226,0
20130215,5.54,5.8093,5.54,5.6747,1842,0
20130218,5.6747,5.9247,5.5304,5.9247,6332,0
20130219,5.7901,5.7901,5.7805,5.7805,2339,0
20130220,6.0401,6.0401,5.7227,5.7227,3699,0
20130221,5.5881,5.6939,5.4342,5.5592,7326,0
20130222,5.6939,5.7612,5.6939,5.7612,1681,0
20130225,5.8478,5.8478,5.7708,5.7708,225,0
20130226,5.8478,5.8574,5.8478,5.8478,8018,0
20130227,5.944,6.0498,5.944,6.0498,5206,0
20130228,6.0498,6.2517,6.0498,6.1267,7270,0
20130301,6.1267,6.1267,6.1267,6.1267,208,0
20130305,6.0305,6.0305,6.0305,6.0305,8,0
20130306,6.0305,6.0594,6.0305,6.0594,572,0
20130307,6.0594,6.0594,6.0594,6.0594,2191,0
20130308,6.0594,6.0594,6.0594,6.0594,75782,0
20130311,6.0401,6.0401,6.0401,6.0401,520,0
20130312,6.0594,6.0594,6.0594,6.0594,12996,0
20130313,6.0594,6.0594,6.0594,6.0594,13958,0
20130314,6.0594,6.0594,6.0594,6.0594,41973,0
20130315,6.0882,6.0882,6.0594,6.0594,1514,0
20130318,6.0113,6.0113,6.0113,6.0113,832,0
20130319,6.0113,6.0113,6.0113,6.0113,8,0
20130320,6.0113,6.0113,6.0113,6.0113,468,0
20130321,6.0113,6.0113,6.0113,6.0113,83,0
20130322,6.0113,6.069,5.867,5.8863,13295,0
20130325,6.0113,6.0113,6.0113,6.0113,717,0
20130326,5.9632,6.0113,5.9632,6.0113,2554,0
20130327,6.0113,6.0113,6.0113,6.0113,1040,0
20130328,6.0113,6.0882,6.0113,6.0882,564,0
20130402,6.0594,6.0594,6.0113,6.0113,1112,0
20130403,6.0594,6.0594,5.9632,6.0594,796,0
20130409,6.1459,6.1459,6.0017,6.1267,1273,0
20130412,5.992,6.1556,5.992,6.1556,237,0
20130415,6.2421,6.2421,6.2421,6.2421,31,0
20130418,6.2421,6.2421,6.2421,6.2421,10,0
20130422,6.2229,6.2229,6.2229,6.2229,21,0
20130423,6.069,6.069,6.069,6.069,1236,0
20130424,6.1844,6.1844,6.0305,6.0305,1255,0
20130426,5.8863,6.0209,5.8863,6.0209,530,0
20130430,6.0209,6.0209,6.0209,6.0209,322,0
20130506,6.0113,6.0113,6.0113,6.0113,21,0
20130508,6.0113,6.0113,6.0113,6.0113,21,0
20130510,6.0305,6.0305,5.8863,5.8863,229,0
20130513,5.9343,5.9343,5.7708,5.7708,64191,0
20130514,5.867,5.867,5.867,5.867,73,0
20130515,5.8189,5.8189,5.7227,5.7324,5303,0
20130516,5.867,5.867,5.867,5.867,208,0
20130517,5.9055,5.9055,5.9055,5.9055,10,0
20130520,5.7708,5.8574,5.742,5.742,5717,0
20130521,5.7324,5.8959,5.7324,5.7516,625,0
20130522,5.8766,5.8959,5.7708,5.7708,1372,0
20130523,5.7324,5.9536,5.7324,5.9536,784,0
20130527,5.944,5.944,5.944,5.944,21,0
20130528,5.7997,5.7997,5.7997,5.7997,278,0
20130529,5.9247,5.9247,5.7805,5.9151,573,0
20130531,5.7708,5.7708,5.7708,5.7708,18,0
20130603,5.7708,5.7708,5.7708,5.7708,86,0
20130604,5.7227,5.7708,5.7227,5.7708,226,0
20130605,5.7708,5.7708,5.6747,5.6747,218,0
20130606,5.7708,5.944,5.7708,5.944,385,0
20130612,5.9151,5.9151,5.9151,5.9151,52,0
20130613,5.7708,5.9151,5.7708,5.8285,617670,0
20130614,5.867,5.9151,5.8382,5.8382,1258,0
20130617,5.9151,5.9151,5.8285,5.9151,1012,0
20130618,5.9055,5.9536,5.9055,5.9536,11765,0
20130619,5.9536,5.9728,5.9151,5.9632,20111,0
20130620,6.0978,6.1556,6.0594,6.0594,364,0
20130621,6.1363,6.1363,5.8189,5.8189,2236,0
20130624,5.867,5.9632,5.867,5.9151,10535,0
20130625,6.0401,6.0401,6.0401,6.0401,10,0
20130626,5.9632,5.9632,5.944,5.944,757,0
20130627,5.9728,6.0594,5.867,5.867,871,0
20130703,5.9536,5.9536,5.9536,5.9536,10,0
20130708,5.9536,5.9536,5.944,5.944,145612,0
20130711,5.867,5.9632,5.867,5.9632,83,0
20130712,5.867,5.867,5.867,5.867,93,0
20130716,5.867,5.867,5.867,5.867,52,0
20130718,5.867,5.867,5.867,5.867,135162,0
20130722,5.867,5.867,5.2995,5.7708,4826,0
20130725,5.5785,5.7612,5.5785,5.7612,135,0
20130726,5.7612,5.7612,5.7612,5.7612,64,0
20130729,5.7612,5.7708,5.7612,5.7708,349,0
20130730,5.8478,5.8478,5.8478,5.8478,201,0
20130731,5.8574,5.8574,5.8574,5.8574,1758,0
20130802,5.867,5.9824,5.867,5.9151,10761,0
20130806,6.0209,6.069,6.0209,6.069,643,0
20130807,6.0498,6.1652,6.0498,6.1652,1564,0
20130809,6.1556,6.1652,6.1556,6.1556,63134,0
20130813,5.9632,6.1652,5.9632,6.1556,2015,0
20130814,6.2229,6.2229,6.2229,6.2229,753,0
20130820,6.069,6.069,6.069,6.069,109,0
20130822,6.1459,6.1459,6.1459,6.1459,164,0
20130823,6.1556,6.1556,6.1556,6.1556,348,0
20130826,6.1652,6.1652,5.8766,5.8766,11303,0
20130827,6.1556,6.4345,6.1556,6.4345,1112,0
20130828,6.3383,6.3383,6.3383,6.3383,62,0
20130830,6.4345,6.4345,6.4345,6.4345,104,0
20130902,6.9731,7.9734,6.9442,7.9734,15804,0
20130903,7.9734,8.1753,7.7233,7.9638,11887,0
20130904,7.7906,7.9638,7.5983,7.5983,6470,0
20130905,7.3193,7.6944,6.8384,7.4059,16252,0
20130906,7.4059,7.7714,7.4059,7.5502,4802,0
20130909,7.5502,7.9734,7.5502,7.7906,3695,0
20130910,7.9734,8.1753,7.858,8.0599,8437,0
20130911,7.7618,8.0503,7.7618,8.0503,333,0
20130912,8.0503,8.0503,7.858,7.983,605,0
20130913,7.858,7.9734,7.8483,7.9734,114,0
20130916,7.9349,7.983,7.9349,7.983,3604,0
20130917,7.8868,7.983,7.8868,7.983,218,0
20130918,7.8868,8.0311,7.8868,8.0311,117,0
20130919,8.0695,8.0695,8.0311,8.0311,1504,0
20130920,7.8964,7.983,7.8964,7.983,928,0
20130924,7.8964,7.983,7.8868,7.983,449,0
20130925,7.8964,7.8964,7.8868,7.8964,1811,0
20130926,7.8964,8.0311,7.8964,8.0311,3079,0
20130927,8.0215,8.0215,7.9157,7.9926,2391,0
20130930,7.8964,8.0311,7.8964,7.9157,5136,0
20131001,7.9157,8.0311,7.9157,8.0311,3863,0
20131002,7.906,8.0311,7.906,7.983,3040,0
20131003,7.983,7.983,7.9638,7.9638,2857,0
20131004,8.0407,8.2619,8.0407,8.2619,5597,0
20131007,8.3004,8.9833,8.2619,8.9448,4953,0
20131008,8.9544,9.1372,8.9352,9.0794,2264,0
20131009,9.041,9.041,8.6659,8.6755,906,0
20131010,9.041,9.2333,8.9063,9.041,5048,0
20131011,8.9929,9.599,8.9448,9.589,3439,0
20131014,9.3584,9.3584,9.1372,9.2333,4215,0
20131015,9.522,9.522,9.4257,9.4257,983,0
20131016,9.4257,9.4257,9.1852,9.4257,521,0
20131017,9.1852,9.4257,9.1852,9.4257,1251,0
20131018,9.4065,9.4065,9.0506,9.3776,6647,0
20131021,9.1468,9.3584,9.1468,9.3488,977,0
20131022,9.2814,9.2814,9.1468,9.1468,716,0
20131023,9.3584,9.3584,8.9736,8.9736,2033,0
20131024,8.9736,9.3295,8.9063,9.3295,9665,0
20131025,9.2333,9.2333,9.0891,9.2333,590,0
20131028,9.4065,9.4065,8.9736,8.9736,2183,0
20131029,8.9833,9.4449,8.9833,9.4449,1074,0
20131030,9.512,9.512,9.041,9.041,2962,0
20131031,8.9736,9.0025,8.8486,9.0025,1742,0
20131104,8.8486,8.9448,8.6659,8.8967,4813,0
20131105,8.8967,8.8967,8.8486,8.8486,520,0
20131106,8.8486,9.4738,8.8486,9.3295,7740,0
20131107,9.2333,9.974,9.2333,9.714,16024,0
20131108,9.618,10.099,9.618,9.897,1912,0
20131112,9.608,10.089,9.58,9.762,1147,0
20131113,9.714,10.58,9.618,10.58,21400,0
20131114,10.657,11.445,10.657,10.955,11563,0
20131115,10.965,10.965,10.791,10.801,4939,0
20131118,10.801,10.801,10.484,10.532,3889,0
20131119,10.532,10.868,9.849,10.868,1271,0
20131120,10.84,10.868,10.388,10.388,4439,0
20131121,10.618,10.618,9.81,10.099,1738,0
20131122,10.099,10.503,9.666,10.339,5124,0
20131125,11.051,11.051,10.118,10.205,7993,0
20131126,10.57,10.57,9.714,9.733,14630,0
20131127,9.714,9.935,9.531,9.618,6880,0
20131128,9.618,9.839,9.618,9.714,1713,0
20131129,9.714,10.186,9.714,10.099,481,0
20131202,10.099,10.484,10.08,10.109,1142,0
20131203,10.195,10.195,9.551,9.81,2488,0
20131204,10.041,10.099,9.522,9.878,4808,0
20131205,9.878,10.022,9.878,10.022,318,0
20131206,10.022,10.186,10.022,10.186,97,0
20131209,10.176,10.253,10.176,10.234,1236,0
20131210,10.291,10.388,10.099,10.282,1268,0
20131211,10.032,10.032,9.695,9.83,1718,0
20131212,10.06,10.06,9.1372,9.618,1668770,0
20131213,9.3776,9.608,9.1468,9.368,1875,0
20131216,9.1372,9.2141,8.8582,9.1372,7060,0
20131217,9.041,9.1372,9.041,9.041,1080,0
20131218,8.8486,9.1372,8.8486,9.1372,3259,0
20131219,9.1372,9.1372,8.9159,9.1372,337,0
20131220,9.58,9.58,9.1372,9.3872,227,0
20131223,9.4738,9.4738,9.4738,9.4738,104,0
20131227,9.2526,9.3776,9.2333,9.3776,3314,0
20131230,9.3295,9.4738,9.3295,9.4642,8640,0
20140102,9.2333,10.051,8.7813,9.81,5233,0
20140103,9.4738,10.003,9.4738,9.887,4121,0
20140107,9.647,9.772,8.9159,9.608,5496,0
20140108,9.657,9.657,9.3488,9.4257,172,0
20140109,9.2814,9.657,9.2718,9.3103,6,0
20140110,9.541,9.541,9.0794,9.1372,361,0
20140113,9.81,9.81,9.2333,9.3488,572,0
20140114,9.2333,9.3295,9.1564,9.1564,559,0
20140115,9.512,9.522,9.166,9.1852,228,0
20140116,9.2814,9.2814,9.2333,9.2333,365,0
20140117,9.4449,9.4449,9.3391,9.3391,637,0
20140120,9.291,9.3295,9.2814,9.3103,595,0
20140121,9.3391,9.3968,9.3007,9.3007,1546,0
20140122,9.3103,9.3103,9.3007,9.3007,312,0
20140123,9.3007,9.3295,9.3007,9.3007,1350,0
20140124,9.243,9.4161,9.2333,9.2814,5264,0
20140127,9.1372,9.1468,9.1372,9.1372,751,0
20140128,8.964,9.1275,8.9448,9.1275,17111,0
20140129,9.2333,9.2333,9.2333,9.2333,5583,0
20140130,9.243,9.243,9.243,9.243,2054,0
20140131,9.4545,9.522,9.4545,9.522,1015,0
20140203,9.599,9.753,9.599,9.618,8905,0
20140204,9.522,9.522,9.522,9.522,86,0
20140205,9.503,9.512,9.503,9.512,1133,0
20140206,9.3968,9.3968,9.166,9.368,9555,0
20140207,9.1372,9.3488,8.9448,9.3488,5600,0
20140210,9.2333,9.2333,8.9448,9.1372,13179,0
20140211,9.1372,9.2237,9.1372,9.1372,2608,0
20140212,8.9159,9.1179,8.7524,9.1179,6962,0
20140213,8.7717,8.9736,8.7524,8.7813,3016,0
20140214,8.762,9.041,8.762,9.041,2546,0
20140217,9.0698,9.0698,8.8198,8.9544,27527,0
20140218,8.964,8.964,8.6563,8.8582,6717,0
20140219,8.964,8.964,8.6755,8.6851,8297,0
20140220,8.714,8.7332,8.512,8.6082,29017,0
20140221,8.8101,8.9448,8.1753,8.9448,4387,0
20140224,8.9448,8.9448,8.6178,8.7524,8952,0
20140225,8.7909,8.9159,8.714,8.7236,10072,0
20140226,8.7524,8.9448,8.7524,8.8198,18123,0
20140227,8.7717,8.8198,8.7524,8.7524,686,0
20140228,8.762,8.8967,8.7236,8.8294,5565,0
20140303,8.5601,8.8294,7.983,8.4158,6726,0
20140304,8.0792,8.8005,7.8868,8.6563,32056,0
20140305,8.7813,8.7813,8.5793,8.5793,40254,0
20140306,8.6563,8.6659,8.4639,8.4639,8844,0
20140307,8.512,8.5697,8.512,8.5601,6912,0
20140310,8.4254,8.6082,8.3677,8.4639,8730,0
20140311,8.4639,8.4639,8.4639,8.4639,208,0
20140312,8.512,8.512,7.983,8.3196,12410,0
20140313,8.1753,8.31,7.579,8.1369,14667,0
20140314,7.9445,7.9445,7.4828,7.6944,33678,0
20140317,7.6944,8.0695,7.6944,8.0695,1550,0
20140318,7.8772,8.2523,7.6944,8.1657,3341,0
20140319,8.0792,8.2234,8.0792,8.2234,4651,0
20140320,7.8387,8.6082,7.8387,8.6082,2428,0
20140321,8.6563,8.6563,8.6466,8.6466,1769,0
20140324,8.6466,8.6466,8.3677,8.5601,10387,0
20140325,8.6466,9.1372,8.4735,9.041,55831,0
20140326,9.1372,9.522,9.1372,9.4738,12884,0
20140327,9.512,9.512,8.8582,9.1372,11479,0
20140328,9.0987,9.3007,9.0891,9.3007,9685,0
20140331,9.3007,9.4738,9.041,9.1083,12450,0
20140401,9.0698,9.166,8.9448,9.1564,5947,0
20140402,9.041,9.041,8.9448,9.041,2072,0
20140403,8.9448,8.9448,8.7524,8.8486,3942,0
20140404,8.8486,8.9448,8.8486,8.9448,2764,0
20140407,9.041,9.2333,9.041,9.2333,147,0
20140408,9.0506,9.0506,8.7813,8.9352,6000,0
20140409,8.8582,9.1275,8.8486,9.1275,21626,0
20140410,9.1275,9.1275,9.041,9.1275,2731,0
20140411,8.9063,9.1179,8.762,9.1179,22108,0
20140414,8.9448,9.0698,8.9448,9.041,1674,0
20140415,9.041,9.1949,8.9448,9.1949,14897,0
20140416,9.1949,9.1949,9.0698,9.1852,2950,0
20140417,9.1372,9.4065,8.964,9.4065,9667,0
20140422,9.2814,9.2814,9.041,9.0602,3474,0
20140423,9.0987,9.1372,9.0987,9.1372,3639,0
20140424,9.2237,9.2237,8.9929,8.9929,23414,0
20140425,8.762,8.9159,8.762,8.7717,229,0
20140428,8.7717,8.9448,8.6466,8.9448,3173,0
20140430,9.0602,9.1564,9.041,9.0891,541,0
20140502,8.8775,8.8775,8.8775,8.8775,160,0
20140505,8.762,8.9063,8.7524,8.9063,23029,0
20140506,8.839,8.8486,8.6466,8.6466,11685,0
20140507,8.6466,8.6466,7.7906,8.1753,2691,0
20140508,8.2619,8.4639,8.1753,8.1753,5594,0
20140509,8.5601,8.5601,8.5601,8.5601,10,0
20140512,8.0118,8.5408,8.0118,8.5408,128,0
20140513,8.3677,8.3677,8.3677,8.3677,762,0
20140514,8.3677,8.3677,8.3677,8.3677,2682,0
20140515,8.5312,8.5312,8.5312,8.5312,52,0
20140516,8.4639,8.5408,8.4639,8.5408,583,0
20140519,8.4639,8.637,8.4639,8.637,3585,0
20140520,8.637,8.9833,8.637,8.9833,2592,0
20140521,8.8486,9.041,8.8486,9.041,680,0
20140522,9.041,9.041,8.7332,8.7332,2187,0
20140523,8.8294,8.8294,8.6563,8.6563,2766,0
20140526,8.8486,8.8486,8.6659,8.839,229,0
20140528,8.8486,8.8486,8.7524,8.7524,9529,0
20140529,8.762,8.762,8.6563,8.7524,4156,0
20140530,8.7524,8.7524,8.7524,8.7524,237,0
20140604,8.762,8.762,8.762,8.762,114,0
20140605,8.6563,8.6563,8.6563,8.6563,1278,0
20140606,8.6563,8.839,8.6563,8.839,108,0
20140609,8.8486,8.8486,8.8486,8.8486,1,0
20140610,8.6274,8.8486,8.6274,8.8005,2230,0
20140611,8.8005,8.8005,8.5985,8.7909,7840,0
20140612,8.4639,8.7909,8.3677,8.7909,2687,0
20140613,8.5793,8.7909,8.0599,8.7909,116,0
20140616,8.5793,8.7524,8.1657,8.7524,2026,0
20140617,8.7909,8.7909,8.4639,8.5601,235,0
20140618,8.6563,8.6563,8.6563,8.6563,2,0
20140620,8.6851,8.6851,8.0599,8.0599,5,0
20140623,8.6466,8.6466,8.0792,8.2234,2376,0
20140624,8.4158,8.6274,8.4158,8.6274,58,0
20140625,8.4158,8.4158,8.0888,8.2234,8388,0
20140626,8.2715,8.2715,7.7233,8.1273,4195,0
20140627,8.6466,8.6466,7.983,8.1561,2036,0
20140630,8.3485,8.5408,8.3004,8.3004,1827,0
20140701,8.6466,8.6466,7.9926,7.9926,478,0
20140702,8.1753,8.1753,8.0792,8.0792,21,0
20140703,8.2523,8.4447,7.454,7.983,2740,0
20140704,8.6466,8.6466,7.8002,7.983,1792,0
20140707,8.1657,8.3869,7.858,8.3869,167,0
20140708,8.3196,8.3196,7.5886,7.7906,4046,0
20140709,7.454,7.983,7.454,7.7618,4509,0
20140710,7.7425,7.7425,7.6944,7.6944,833,0
20140711,7.9638,7.9638,7.5021,7.781,1050,0
20140714,7.9349,7.9349,7.377,7.6944,7568,0
20140715,7.8772,7.8772,7.377,7.6944,245,0
20140716,7.3867,7.8772,7.377,7.5021,1979,0
20140717,7.4155,7.6848,7.4155,7.4636,734,0
20140718,7.656,7.656,7.2135,7.5983,189,0
20140721,7.4251,7.4251,7.2135,7.2713,5462,0
20140722,7.2135,7.2135,6.8769,7.1847,3885,0
20140723,7.6656,7.6656,7.6656,7.6656,1,0
20140724,7.2135,7.2424,7.1077,7.1655,2724,0
20140725,7.3097,7.3097,6.925,6.925,48,0
20140728,7.2328,7.2328,6.9154,7.0308,698,0
20140729,6.925,7.2039,6.2325,7.2039,12162,0
20140730,7.4828,7.4828,6.7423,6.7423,1732,0
20140731,6.7326,7.2039,6.7326,7.1366,3390,0
20140801,6.8288,7.2039,6.6557,7.2039,2375,0
20140804,6.5403,7.1077,6.5403,6.8288,2808,0
20140805,6.8577,6.9923,6.4633,6.9923,3066,0
20140806,6.5018,6.723,6.2421,6.6365,10792,0
20140807,6.4249,6.723,6.3479,6.723,3063,0
20140808,6.3094,6.3094,6.1075,6.2421,4984,0
20140811,6.4441,6.4441,5.9824,6.2325,183,0
20140812,6.2421,6.2517,6.2421,6.2421,1910,0
20140813,6.4345,6.4345,6.1556,6.2325,5682,0
20140814,6.0882,6.0882,6.0498,6.0498,3090,0
20140818,6.0498,6.0594,6.0113,6.0113,4433,0
20140819,6.0594,6.0594,5.7997,5.9632,8181,0
20140820,6.0113,6.0594,6.0017,6.0017,2677,0
20140821,6.0498,6.5403,6.0498,6.5403,11702,0
20140822,6.5403,6.5403,6.4249,6.5403,1508,0
20140825,6.5595,6.6076,6.5403,6.5403,2412,0
20140826,6.5403,6.5403,6.5403,6.5403,908,0
20140827,6.5307,6.5307,6.2517,6.4922,1742,0
20140828,6.4922,6.4922,6.2517,6.4633,4266,0
20140829,6.4345,6.4345,5.9728,6.2517,2812,0
20140901,6.3864,6.3864,6.2517,6.3383,1704,0
20140902,6.1844,6.1844,5.6747,5.944,15276,0
20140903,5.7708,5.9824,5.7708,5.9824,5791,0
20140904,6.0113,6.1556,6.0113,6.1556,2661,0
20140905,6.1556,6.1556,6.1556,6.1556,67,0
20140908,6.1556,6.2517,6.1556,6.2517,38,0
20140909,6.2998,6.2998,6.0882,6.1075,18270,0
20140910,6.1171,6.1171,6.069,6.1171,5306,0
20140911,6.1171,6.1171,6.0594,6.0594,582,0
20140912,6.1075,6.1075,6.0978,6.0978,1357,0
20140915,6.0017,6.0017,5.9632,6.0017,3067,0
20140916,6.0017,6.0017,6.0017,6.0017,1669,0
20140917,6.0017,6.0017,5.8863,5.9632,2244,0
20140918,5.992,6.1075,5.992,6.1075,5071,0
20140919,6.1171,6.4249,6.0594,6.4249,13062,0
20140922,6.4249,6.4249,6.271,6.271,1756,0
20140923,6.271,6.8,6.271,6.7903,5620,0
20140924,6.8481,6.9731,6.7711,6.8481,3236,0
20140925,6.8577,6.8577,6.6365,6.6365,2516,0
20140926,6.5499,6.7326,6.396,6.396,784,0
20140929,6.4537,6.6557,6.4537,6.6557,411,0
20140930,6.7038,6.7038,6.7038,6.7038,10,0
20141001,6.7038,6.8384,6.5307,6.6365,16096,0
20141002,6.6172,6.6172,6.6172,6.6172,5,0
20141003,6.6076,6.6076,6.3191,6.4441,2750,0
20141006,6.4537,6.6557,6.4537,6.6557,198,0
20141007,6.6557,6.6557,6.6557,6.6557,50,0
20141008,6.6365,6.6461,6.6365,6.6461,2912,0
20141009,6.7134,6.7134,6.7134,6.7134,733,0
20141010,6.7326,6.7326,6.4152,6.723,556,0
20141013,6.7134,6.7134,6.5499,6.7038,324,0
20141014,6.5403,6.5403,6.5403,6.5403,208,0
20141015,6.5403,6.6845,6.5403,6.5403,57394,0
20141016,6.3864,6.6845,6.3864,6.6845,212,0
20141017,6.5499,6.5499,6.5403,6.5403,613,0
20141020,6.6749,6.6749,6.5403,6.5403,2000,0
20141021,6.4056,6.6845,6.4056,6.6845,2705,0
20141022,6.6845,6.6845,6.6653,6.6653,11544,0
20141023,6.6365,6.7615,6.598,6.7615,2490,0
20141024,6.7711,6.7711,6.6365,6.7711,2782,0
20141027,6.7807,6.7807,6.7807,6.7807,2,0
20141028,6.7807,6.7807,6.7807,6.7807,2,0
20141029,6.7807,6.7807,6.7326,6.7326,387757,0
20141030,6.8288,6.8288,6.7326,6.8192,156118,0
20141031,6.8288,6.8288,6.7326,6.8288,42577,0
20141103,6.7423,6.8577,6.7326,6.8,611,0
20141104,6.8673,6.8673,6.8577,6.8577,127,0
20141105,6.8577,6.8577,6.7519,6.7519,206,0
20141106,6.7615,6.7615,6.7519,6.7519,629,0
20141107,6.7519,6.7519,6.7519,6.7519,208,0
20141110,6.7615,6.8673,6.7615,6.8673,73,0
20141112,6.7519,6.7519,6.7038,6.7038,4184,0
20141117,6.7134,6.8288,6.7134,6.8288,12,0
20141118,6.8,6.8,6.6268,6.7903,901,0
20141119,6.8096,6.8096,6.723,6.723,108,0
20141120,6.6557,6.6845,6.1748,6.6845,3866,0
20141121,6.6845,6.6845,6.1652,6.2036,6363,0
20141124,6.473,6.473,6.473,6.473,2,0
20141125,6.5884,6.5884,6.5884,6.5884,10,0
20141126,6.5307,6.5307,6.2133,6.396,2459,0
20141127,6.396,6.396,6.271,6.271,603,0
20141128,6.396,6.4056,6.3864,6.4056,672,0
20141201,6.5691,6.5691,6.4056,6.4056,152,0
20141202,6.4056,6.5691,6.4056,6.5691,395,0
20141203,6.5403,6.5403,6.2517,6.2517,3776,0
20141204,6.2614,6.4633,6.2517,6.4633,250,0
20141205,6.5403,6.5403,6.3479,6.5403,2142,0
20141208,6.4922,6.4922,6.3383,6.3383,3860,0
20141209,6.3575,6.4345,6.2036,6.2036,2652,0
20141210,6.4345,6.4345,6.1556,6.3768,2068,0
20141211,6.3864,6.3864,5.9151,6.3575,6510,0
20141212,6.3575,6.3575,6.2517,6.2517,230,0
20141215,6.2517,6.2517,6.0786,6.2421,1291,0
20141216,6.2421,6.2421,6.2421,6.2421,5,0
20141217,6.1075,6.2421,6.0113,6.1748,9280,0
20141218,6.0305,6.1459,6.0305,6.1459,6755,0
20141219,6.1075,6.1075,5.8285,6.1075,5321,0
20141222,6.1075,6.1363,6.1075,6.1363,1746,0
20141223,6.1556,6.3383,6.1075,6.1556,6918,0
20141229,6.1556,6.2517,6.0594,6.1075,577,0
20141230,6.0498,6.3383,6.0498,6.3383,1845,0
20150102,6.5114,6.9346,6.4922,6.9346,416,0
20150105,6.6461,6.6845,6.4922,6.6845,3091,0
20150107,6.4441,6.4441,6.2133,6.396,1957,0
20150108,6.1171,6.3864,6.1171,6.3479,618,0
20150109,6.396,6.396,6.1075,6.1075,2717,0
20150112,6.2421,6.2421,6.0594,6.0594,1012,0
20150113,6.069,6.2036,6.0594,6.1844,1418,0
20150114,6.1844,6.1844,6.0594,6.0594,1260,0
20150115,6.069,6.1459,6.069,6.1459,35,0
20150116,6.1748,6.1748,6.1556,6.1556,476,0
20150119,6.1556,6.2517,6.1556,6.2517,806,0
20150120,6.2517,6.3479,6.0594,6.2998,3739,0
20150121,6.3479,6.3479,6.0305,6.0305,7,0
20150122,6.069,6.2614,6.069,6.2036,599,0
20150123,6.2036,6.2036,6.1075,6.1171,215,0
20150126,6.1171,6.1556,6.0113,6.1556,1993,0
20150127,6.1556,6.1556,5.9824,5.9824,342,0
20150128,6.1075,6.3383,5.9728,6.1363,3161,0
20150129,6.2421,6.2421,6.0498,6.2421,187,0
20150130,6.2517,6.2517,6.2517,6.2517,10,0
20150202,6.2517,6.2517,6.2517,6.2517,2079,0
20150203,6.3287,6.3287,6.1171,6.1171,719,0
20150204,6.1075,6.2614,6.1075,6.2614,210,0
20150205,6.2517,6.2517,6.2517,6.2517,10,0
20150206,6.2517,6.2517,6.1171,6.1267,7723,0
20150209,6.2036,6.2902,6.2036,6.2902,3653,0
20150210,6.2902,6.2902,6.1556,6.1556,761,0
20150211,6.1748,6.4922,6.1748,6.4441,31122,0
20150212,6.4152,6.6365,6.4056,6.5403,16819,0
20150213,6.6365,6.6365,6.4056,6.4056,4550,0
20150216,6.6365,6.6365,6.2998,6.396,5262,0
20150217,6.396,6.6557,6.396,6.6365,12975,0
20150218,6.6557,6.723,6.6365,6.723,4493,0
20150219,6.5595,6.723,6.3672,6.5595,7141,0
20150220,6.6268,6.6268,6.6268,6.6268,3,0
20150223,6.7038,6.7038,6.4056,6.4056,3691,0
20150224,6.4441,6.5403,6.4056,6.5403,1701,0
20150225,6.598,6.598,6.4056,6.4056,2313,0
20150226,6.5403,6.5403,6.5403,6.5403,177,0
20150227,6.4441,6.521,6.3864,6.4537,1344,0
20150302,6.5307,6.5884,6.5307,6.5403,1042,0
20150304,6.6365,6.6365,6.4922,6.6365,1145,0
20150305,6.6365,6.723,6.5499,6.7134,1445,0
20150306,6.723,7.1366,6.723,7.0404,28346,0
20150309,7.0693,7.454,7.0693,7.1751,18971,0
20150310,7.2616,7.3578,6.8577,6.8577,9278,0
20150311,6.8577,7.127,6.8577,7.127,2220,0
20150312,7.127,7.127,6.9058,7.0885,7863,0
20150313,7.0885,7.1077,7.0019,7.0019,4506,0
20150316,7.0019,7.2135,7.0019,7.1655,3298,0
20150317,7.6464,8.0311,7.6464,8.0311,40216,0
20150318,8.0311,8.0311,7.6175,7.7714,8932,0
20150319,7.6367,7.8387,7.454,7.8387,9628,0
20150320,7.6464,7.6944,7.4059,7.5309,9559,0
20150323,7.6079,7.6464,7.4059,7.5502,5138,0
20150324,7.4155,7.4155,7.2232,7.3578,6322,0
20150325,7.6656,7.6656,7.454,7.5983,4161,0
20150326,7.4155,7.579,7.3097,7.5021,1698,0
20150327,7.454,7.5598,7.454,7.5598,4795,0
20150330,7.5598,7.5598,7.2328,7.2616,6683,0
20150331,7.5502,7.5502,7.4059,7.454,8785,0
20150401,7.454,7.5983,7.454,7.5983,2395,0
20150402,7.454,7.5886,7.454,7.5886,46,0
20150407,7.454,7.5886,7.454,7.454,11605,0
20150408,7.2135,7.3097,7.2135,7.2809,4908,0
20150409,7.2328,7.3482,7.127,7.3097,3248,0
20150410,7.3867,7.4059,7.3578,7.4059,3565,0
20150413,7.4059,7.454,7.3578,7.3578,738,0
20150414,7.3578,7.3578,7.2232,7.3482,3743,0
20150415,7.3482,7.4059,7.329,7.3482,2896,0
20150416,7.454,7.454,7.4059,7.4059,918,0
20150417,7.4059,7.4444,7.4059,7.4444,1040,0
20150421,7.3482,7.4444,7.2328,7.2328,3206,0
20150422,7.2328,7.2328,7.127,7.2232,8814,0
20150423,7.3867,7.3867,7.0693,7.2135,12224,0
20150424,7.3674,7.3674,7.2135,7.2135,1359,0
20150427,7.2135,7.2135,7.2135,7.2135,520,0
20150428,7.3386,7.3386,7.1366,7.3001,4017,0
20150429,7.2905,7.3097,7.1655,7.1655,4006,0
20150430,7.1655,7.2135,7.0789,7.0789,3750,0
20150504,7.2424,7.5598,7.2424,7.5598,4767,0
20150505,7.5502,7.5502,7.5406,7.5406,250,0
20150506,7.5406,7.5502,7.5021,7.5021,551,0
20150507,7.1751,7.4059,7.1751,7.2232,926,0
20150508,7.1655,7.3963,7.1174,7.3963,1371,0
20150511,7.3963,7.3963,7.2424,7.2713,457,0
20150512,7.2616,7.2616,7.0693,7.0693,3597,0
20150513,7.05,7.0789,7.0404,7.0693,1152,0
20150515,7.0212,7.3097,7.0019,7.2135,6410,0
20150518,7.0693,7.0693,7.0693,7.0693,125,0
20150519,7.0693,7.0693,7.0693,7.0693,140,0
20150520,7.0212,7.1655,7.0212,7.1366,1171,0
20150521,7.0693,7.2616,6.7807,7.2616,65279,0
20150522,7.252,7.252,7.0789,7.1174,5323,0
20150525,7.1655,7.1655,7.0693,7.1174,15488,0
20150526,7.0981,7.0981,7.0212,7.0212,1874,0
20150527,7.1655,7.1655,7.1655,7.1655,5,0
20150528,7.0693,7.4636,7.0693,7.2616,7433,0
20150529,7.0789,7.2135,6.925,7.1366,6031,0
20150601,7.0212,7.1558,6.925,7.1558,1943,0
20150602,6.9827,7.2039,6.9827,7.2039,687,0
20150603,7.2135,7.2135,7.0404,7.0404,2066,0
20150605,7.0212,7.0212,6.9731,6.9731,397,0
20150608,7.0212,7.05,6.9539,7.05,429,0
20150609,6.8865,6.8865,6.8384,6.8384,525,0
20150610,6.8577,6.8577,6.7807,6.8288,2618,0
20150611,6.9827,7.1943,6.9731,7.1943,3591,0
20150612,7.0597,7.1943,7.0597,7.1943,424,0
20150615,7.1943,7.2616,7.1943,7.1943,405,0
20150616,7.0885,7.3097,7.0885,7.3097,946,0
20150617,7.2135,7.4059,7.2135,7.3097,1651,0
20150618,7.2232,7.4444,7.1366,7.4059,9995,0
20150619,7.4732,7.4732,7.454,7.4732,1055,0
20150622,7.4059,7.4059,6.8481,7.4059,9276,0
20150623,7.2809,7.3867,6.9539,7.3867,18,0
20150624,6.8384,7.2039,6.8384,7.0308,2649,0
20150625,7.3482,7.3482,7.3482,7.3482,21,0
20150626,7.3482,7.3482,7.3482,7.3482,208,0
20150629,6.8769,7.1655,6.8673,7.1655,2470,0
20150630,7.1655,7.3963,7.1655,7.3963,2248,0
20150703,7.1558,7.1655,7.1558,7.1558,624,0
20150706,7.0693,7.0693,7.0693,7.0693,193,0
20150707,7.2905,7.2905,7.0212,7.1655,7286,0
20150708,7.0308,7.2135,6.925,7.2135,4589,0
20150709,7.0212,7.2039,7.0212,7.2039,686,0
20150710,6.9827,7.1751,6.8577,7.1751,3061,0
20150714,7.1751,7.1751,7.1751,7.1751,50,0
20150715,7.1174,7.1174,6.9058,6.9058,4459,0
20150716,7.1462,7.1462,6.8577,6.9827,2459,0
20150717,7.0693,7.1174,7.0693,7.1174,5650,0
20150720,7.1174,7.1174,7.1174,7.1174,473,0
20150721,6.9827,6.9827,6.9827,6.9827,251,0
20150722,7.1174,7.1174,7.1174,7.1174,2,0
20150723,7.1174,7.1174,6.8769,6.8769,4675,0
20150724,7.0212,7.0212,7.0212,7.0212,10,0
20150727,6.925,7.0212,6.925,7.0212,566,0
20150728,7.0212,7.0212,7.0212,7.0212,707,0
20150729,7.0212,7.0212,7.0212,7.0212,1602,0
20150730,6.9154,7.0885,6.9154,7.0885,2398,0
20150731,7.0885,7.0885,7.0885,7.0885,23,0
20150803,6.9731,7.0981,6.9731,7.0981,500,0
20150804,7.0019,7.0019,7.0019,7.0019,207,0
20150805,7.0693,7.0693,7.0693,7.0693,364,0
20150806,7.0981,7.0981,6.9154,6.9154,784,0
20150807,6.9154,7.0981,6.9058,7.0981,1456,0
20150810,7.0885,7.0885,7.0885,7.0885,2,0
20150811,7.0885,7.0885,6.9058,6.9058,2961,0
20150812,6.9731,7.2713,6.9731,7.2713,11701,0
20150813,7.2713,7.4059,7.2713,7.4059,1577,0
20150814,7.4059,7.4059,7.4059,7.4059,2,0
20150817,7.0885,7.4059,6.9154,7.4059,6298,0
20150818,7.1174,7.2616,6.9635,7.2039,3280,0
20150821,7.1943,7.1943,7.1943,7.1943,10,0
20150824,6.9731,6.9731,6.7519,6.9442,6515,0
20150825,6.8288,7.6752,6.7807,7.6752,11123,0
20150826,7.6656,7.6656,7.2809,7.4925,5129,0
20150827,7.4444,7.4444,7.3097,7.3097,832,0
20150831,7.2809,7.4732,6.925,7.0693,2587,0
20150901,7.0693,7.4828,7.05,7.4828,821,0
20150902,7.3097,7.5021,7.3097,7.3482,4549,0
20150903,7.4828,7.4828,7.4828,7.4828,10,0
20150904,7.3097,7.656,7.3097,7.656,4052,0
20150907,7.3578,7.5886,7.2135,7.4059,2429,0
20150908,7.4059,7.4059,7.2905,7.2905,107,0
20150909,6.9539,7.6656,6.9539,7.6656,2087,0
20150910,7.3578,7.4636,6.9827,7.2135,4303,0
20150911,7.05,7.2135,7.05,7.2135,1691,0
20150914,7.0404,7.0404,7.0404,7.0404,2,0
20150915,7.1847,7.1847,7.05,7.05,11192,0
20150916,7.0597,7.1174,7.0597,7.0597,3659,0
20150917,7.2135,7.2135,7.2135,7.2135,1040,0
20150918,7.05,7.2135,7.05,7.2135,8259,0
20150921,7.0212,7.5021,7.0212,7.5021,2398,0
20150922,7.1655,7.3867,7.05,7.3867,4745,0
20150923,7.4732,7.4732,7.4732,7.4732,2,0
20150924,7.4059,7.4059,7.127,7.3386,443,0
20150925,7.2135,7.3193,7.1847,7.3193,397,0
20150928,7.0212,7.579,7.0212,7.579,4159,0
20150929,7.1847,7.1847,7.1847,7.1847,2,0
20150930,7.4732,7.4732,7.127,7.3963,1404,0
20151001,7.2232,7.2616,7.2135,7.2616,679,0
20151002,7.2905,7.2905,7.1462,7.2135,11549,0
20151005,6.9346,7.2135,6.9346,7.2135,1052,0
20151006,7.0404,7.329,7.0404,7.329,86,0
20151007,7.329,7.329,7.329,7.329,1061,0
20151008,7.329,7.329,7.3097,7.3097,33,0
20151009,7.3097,7.3097,7.2616,7.2616,200,0
20151012,7.3097,7.3097,7.2713,7.2809,1406,0
20151013,7.0789,7.0789,7.0789,7.0789,413,0
20151014,7.0789,7.2135,7.0789,7.2135,234,0
20151015,7.2713,7.983,7.2616,7.9253,33227,0
20151016,7.8868,7.8868,7.8868,7.8868,1040,0
20151019,7.6944,7.9638,7.6944,7.9638,2595,0
20151020,7.8868,7.8868,7.8387,7.8387,560,0
20151021,7.8387,8.4639,7.8387,8.4447,18043,0
20151022,8.4639,8.4639,7.8387,8.1753,3870,0
20151023,8.1753,8.2234,7.9926,8.2234,2512,0
20151026,8.1657,8.1753,8.1657,8.1753,1031,0
20151027,8.1561,8.2619,8.0792,8.2619,2519,0
20151028,8.435,8.435,8.0503,8.31,1282,0
20151029,8.0407,8.31,7.906,8.1657,960,0
20151030,7.9157,8.185,7.9157,8.1753,4809,0
20151102,7.9349,8.2042,7.9253,8.0407,8658,0
20151103,8.2234,8.2234,8.0695,8.0792,1528,0
20151104,8.0792,8.0792,7.983,7.983,812,0
20151105,7.983,7.983,7.6944,7.7906,5551,0
20151106,7.8099,7.8099,7.6848,7.6944,6101,0
20151109,7.6848,8.0792,7.6271,8.0792,29448,0
20151110,8.0792,8.0792,7.7906,7.7906,234,0
20151112,8.0792,8.0792,8.0695,8.0695,260,0
20151113,7.8002,8.0792,7.0789,8.0599,3273,0
20151116,8.0792,8.2908,7.4732,8.2908,11136,0
20151117,7.906,8.2908,7.906,8.2908,2719,0
20151118,8.2908,8.9352,8.2908,8.9352,13708,0
20151119,8.8967,9.599,8.7524,9.4257,19330,0
20151120,9.4257,9.4257,9.1852,9.2333,2792,0
20151123,8.9448,9.2237,8.762,9.1372,3084,0
20151124,8.7717,8.9929,8.6659,8.964,2916,0
20151125,8.6851,9.0217,8.6851,8.9352,4835,0
20151126,8.9448,8.9448,8.8005,8.8005,2952,0
20151127,8.8005,9.1372,8.8005,9.1372,2069,0
20151130,9.1372,9.1372,8.7524,8.839,2113,0
20151201,8.839,8.8486,8.6851,8.8486,378,0
20151202,8.6851,8.8005,8.5408,8.7043,3157,0
20151203,8.6563,8.7043,8.6082,8.7043,1435,0
20151204,8.6082,9.1372,7.7714,9.1372,15060,0
20151207,9.1372,9.1372,8.5601,8.6466,7263,0
20151208,8.2715,8.6466,8.2715,8.637,3573,0
20151209,8.2811,8.4543,8.2811,8.4447,2424,0
20151210,8.2234,8.5408,8.2234,8.5408,12,0
20151211,8.4543,8.4543,8.0984,8.0984,2337,0
20151214,7.6752,8.2715,7.6752,8.2715,6631,0
20151215,8.0118,8.3677,8.0118,8.3677,114,0
20151216,7.9638,8.5505,7.9445,8.5505,2793,0
20151217,8.0792,8.4543,8.0792,8.3677,1333,0
20151218,8.3581,8.3581,8.2234,8.2234,785,0
20151221,8.4543,8.4543,8.2715,8.4447,14206,0
20151222,8.3677,8.3677,8.3677,8.3677,204,0
20151223,8.2234,8.2234,8.2234,8.2234,2,0
20151228,8.3581,8.3581,8.2234,8.3196,1265,0
20151229,8.4543,8.5505,8.1369,8.5505,482,0
20151230,8.4639,8.5505,8.4158,8.5505,1122,0
20160104,8.4639,8.4639,7.8387,8.185,2479,0
20160105,8.185,8.3581,8.1753,8.3581,1178,0
20160107,8.2523,8.5601,7.8772,8.5601,2246,0
20160108,8.5601,8.5601,8.185,8.185,1463,0
20160111,8.4447,8.4447,7.8868,8.1369,1766,0
20160112,7.8868,8.1465,7.5502,8.1465,3022,0
20160113,7.8483,8.1561,7.8483,8.1561,2259,0
20160114,8.0984,8.0984,7.8868,8.0888,3641,0
20160115,8.1561,8.1561,7.9638,8.1561,1190,0
20160118,8.0792,8.0792,7.8291,8.0792,1239,0
20160119,8.0792,8.31,8.0311,8.0311,2514,0
20160120,8.0311,8.6466,7.7906,8.6466,16907,0
20160121,8.1946,8.6274,8.1946,8.2908,44860,0
20160122,8.185,8.3292,8.185,8.3292,9851,0
20160125,8.0888,8.5505,8.0888,8.5505,377,0
20160126,8.4447,8.637,8.4447,8.637,2952,0
20160127,8.637,9.2333,8.637,9.0794,119745,0
20160128,9.0794,9.714,8.9448,9.599,33325,0
20160129,9.705,9.993,9.637,9.647,13403,0
20160201,9.637,9.637,9.3007,9.618,6063,0
20160202,9.599,9.81,9.3872,9.4642,13675,0
20160203,9.2333,9.4353,9.2333,9.4353,1014,0
20160204,9.4353,9.4353,9.4353,9.4353,1042,0
20160205,9.608,9.618,9.608,9.618,4,0
20160208,9.618,9.618,9.618,9.618,520,0
20160209,9.618,9.618,9.2045,9.4257,470,0
20160210,9.608,9.608,9.522,9.522,695,0
20160211,9.608,9.608,9.512,9.522,1049,0
20160212,9.608,9.608,9.3103,9.3103,315,0
20160215,9.4353,9.4353,9.0025,9.1275,917,0
20160216,9.2333,9.2333,9.2333,9.2333,10,0
20160217,9.2237,9.2237,8.8486,9.1275,9059,0
20160218,9.1275,9.1275,8.8582,8.8582,293,0
20160219,8.8486,8.8486,8.512,8.762,1171,0
20160222,8.8005,8.8101,8.5697,8.8005,2757,0
20160223,8.7909,8.8005,8.7524,8.7524,2169,0
20160224,8.7813,8.7813,8.435,8.7236,1061,0
20160225,8.3869,8.6178,8.3869,8.5985,1544,0
20160226,8.5985,8.5985,8.3485,8.5601,5314,0
20160229,8.5601,8.5601,8.3966,8.3966,857,0
20160301,8.512,8.512,8.3581,8.3581,364,0
20160302,8.3677,8.3677,7.8387,8.108,13436,0
20160303,8.0984,8.4831,8.0984,8.4831,3,0
20160304,8.4831,8.4831,8.0792,8.4831,4318,0
20160307,8.0311,8.2908,8.0311,8.2908,2620,0
20160308,8.4254,8.4254,8.4254,8.4254,1,0
20160309,8.4735,8.4735,8.4735,8.4735,1,0
20160310,8.4639,8.4639,8.4639,8.4639,2,0
20160311,8.4639,8.4735,8.3677,8.4735,739,0
20160314,8.1657,8.4735,8.0792,8.1753,95763,0
20160315,8.6082,9.1372,8.6082,8.6755,38493,0
20160316,8.8678,9.041,8.6755,8.7813,66098,0
20160317,8.9352,8.9352,8.7236,8.8005,2616,0
20160318,8.9159,8.9159,8.5601,8.6659,6501,0
20160321,8.7909,8.7909,8.512,8.512,1309,0
20160322,8.5505,8.5601,8.4639,8.5505,23258,0
20160323,8.5505,8.6659,8.5505,8.6659,57,0
20160324,8.8486,8.8486,8.7524,8.8486,4756,0
20160329,8.8486,8.8486,8.7043,8.7043,624,0
20160330,8.9256,8.9256,8.7236,8.839,2370,0
20160331,8.7524,8.7524,8.6178,8.6563,3761,0
20160401,8.6563,8.6563,8.5601,8.5601,3298,0
20160404,8.8198,8.8198,8.6659,8.6659,18062,0
20160405,8.7909,8.7909,8.6947,8.7909,2166,0
20160406,8.7813,8.7813,8.7813,8.7813,1,0
20160407,8.7813,8.7813,8.7813,8.7813,1,0
20160408,8.7813,8.7813,8.7813,8.7813,2,0
20160411,8.7524,8.7524,8.7524,8.7524,94,0
20160412,8.7043,8.7043,8.5408,8.5408,1071,0
20160413,8.7524,8.7524,8.7524,8.7524,521,0
20160414,8.5697,8.7717,8.5697,8.7717,473,0
20160415,8.6082,8.7717,8.6082,8.7717,3,0
20160418,8.7717,8.7813,8.6082,8.6563,431,0
20160419,8.8005,8.9448,8.6563,8.9448,5148,0
20160420,8.9352,8.9929,8.8101,8.8486,4782,0
20160421,8.7524,8.8486,8.7524,8.7524,842,0
20160422,8.839,8.839,8.8005,8.839,722,0
20160425,8.8486,8.8486,8.839,8.839,561,0
20160426,8.7717,8.8486,8.7717,8.8486,1721,0
20160427,8.839,8.839,8.4447,8.5601,4771,0
20160428,8.4447,8.7428,8.4447,8.7043,3204,0
20160429,8.6947,8.7043,8.4831,8.7043,412,0
20160502,8.6947,8.6947,8.4639,8.4639,491,0
20160504,8.2234,8.2234,7.4059,7.5502,9036,0
20160505,7.6079,8.0311,7.6079,8.0311,3335,0
20160506,8.0215,8.4158,7.9926,7.9926,2733,0
20160509,7.7906,7.8868,7.7906,7.7906,11202,0
20160510,8.0599,8.0599,7.7906,7.7906,10201,0
20160511,8.0118,8.0118,7.6464,7.8772,5475,0
20160512,7.6944,7.983,7.6464,7.9734,1979,0
20160513,7.9253,7.9253,7.9253,7.9253,1,0
20160516,7.6944,7.8772,7.6944,7.8772,123,0
20160517,7.7041,7.7906,7.6464,7.6464,1552,0
20160518,7.6464,7.6464,7.5983,7.5983,273,0
20160519,7.656,7.6944,7.377,7.6944,21039,0
20160520,7.6464,7.6464,7.3867,7.6464,860,0
20160523,7.5983,7.6464,7.5983,7.5983,1135,0
20160524,7.4059,7.5983,7.4059,7.5983,7036,0
20160525,7.5983,8.0984,7.5983,8.0984,5121,0
20160527,8.0888,8.3004,8.0888,8.3004,3268,0
20160530,8.3004,8.3292,8.1753,8.3292,3135,0
20160531,8.3196,8.3196,8.1753,8.1753,2562,0
20160601,8.3004,8.4639,7.9349,8.4639,9534,0
20160602,8.45427,8.45427,8.45427,8.45427,1,0
20160603,8.01184,8.17535,7.79063,8.17535,167,0
20160606,8.16573,8.16573,7.88681,8.16573,157,0
20160607,8.17535,8.31,8.16573,8.31,210,0
20160608,8.4158,8.4158,8.17535,8.17535,6143,0
20160609,8.31962,8.31962,8.17535,8.31,602,0
20160610,8.65,8.65,7.8,8.25,2873,0
20160613,8,8.19,7.55,8.19,16819,0
20160614,8.23,8.23,8.02,8.02,112,0
20160615,8.1,8.1,7.8,8,1055,0
20160616,7.89,7.89,7.84,7.84,2,0
20160617,7.84,7.99,7.8,7.99,3,0
20160620,8.18,8.18,7.76,8.06,250,0
20160621,8.05,8.05,8.05,8.05,2,0
20160622,8.05,8.05,7.83,7.83,229,0
20160623,7.6,7.8,7.6,7.8,890,0
20160624,7.42,7.75,7.42,7.75,2675,0
20160627,7.5,7.65,7.5,7.6,3,0
20160628,7.5,7.79,7.43,7.79,3154,0
20160629,7.2,7.65,7.2,7.65,172,0
20160630,7.58,7.58,7.56,7.56,151,0
20160701,7.5,7.5,7.5,7.5,1,0
20160704,7.44,7.44,7.44,7.44,1,0
20160705,7.42,7.42,7.2,7.2,4896,0
20160706,7.39,7.39,6.88,7.14,7353,0
20160707,7.14,7.33,7,7.33,434,0
20160708,7,7.55,7,7.55,244,0
20160711,7.54,7.8,7.5,7.8,196,0
20160712,7.55,7.55,7.55,7.55,1,0
20160713,7.55,7.55,7.25,7.55,68,0
20160714,7.55,7.55,7.55,7.55,462,0
20160715,7.65,7.7,7.65,7.7,2114,0
20160718,7.8,7.8,7.8,7.8,401,0
20160719,7.9,7.9,7.65,7.65,901,0
20160720,7.8,7.8,7.63,7.7,126,0
20160721,7.79,7.79,7.63,7.63,201,0
20160722,7.63,7.63,7.63,7.63,301,0
20160725,7.79,7.79,7.37,7.6,4521,0
20160726,7.79,7.79,7.6,7.6,275,0
20160727,7.65,7.65,7.6,7.6,278,0
20160728,7.65,7.65,7.51,7.6,1106,0
20160729,7.65,7.65,7.5,7.65,1231,0
20160801,7.65,7.65,7.6,7.6,440,0
20160802,7.6,7.8,7.6,7.8,199,0
20160803,7.78,7.78,7.51,7.77,94,0
20160804,7.87,7.87,7.87,7.87,1,0
20160805,7.84,7.84,7.84,7.84,1,0
20160808,7.84,7.84,7.55,7.83,846,0
20160809,7.83,7.83,7.83,7.83,1761,0
20160810,7.9,8,7.9,8,4000,0
20160811,7.99,8.18,7.99,8.18,995,0
20160812,8.18,8.37,8.18,8.28,1574,0
20160816,8.37,8.49,8.35,8.49,502,0
20160817,8.49,8.49,8.35,8.47,96,0
20160818,8.47,8.47,8.2,8.2,2738,0
20160819,8.05,8.05,7.83,7.84,965,0
20160822,8.04,8.04,8,8,51,0
20160823,8.04,8.04,7.84,8.04,1759,0
20160824,7.92,7.93,7.83,7.84,5639,0
20160825,8.04,8.2,8,8.2,4992,0
20160826,8.2,8.39,8.2,8.39,800,0
20160829,8.39,8.39,8.39,8.39,30,0
20160830,8.39,8.39,8.39,8.39,1,0
20160831,8.39,8.39,8.39,8.39,1,0
20160901,8.38,8.38,8.1,8.1,2349,0
20160902,8.3,8.3,8.3,8.3,1,0
20160905,7.8,8.2,7.8,8.2,150,0
20160906,8.3,8.3,8.3,8.3,1,0
20160907,8.3,8.3,7.79,8.3,2219,0
20160908,8.28,8.28,8.28,8.28,400,0
20160909,7.9,8.28,7.9,8.19,206,0
20160912,7.9,8.24,7.9,8.24,3,0
20160913,8.24,8.24,8,8.2,102,0
20160914,8.2,8.2,7.95,8.2,360,0
20160915,8.14,8.14,8.01,8.01,2171,0
20160916,8.14,8.14,8.14,8.14,1,0
20160919,8.14,8.14,8.14,8.14,1,0
20160920,8.14,8.14,8,8.14,570,0
20160921,8.14,8.14,7.8,8,2261,0
20160922,8.14,8.14,7.76,8.14,149,0
20160923,8.14,8.14,7.73,8.09,5633,0
20160926,8.07,8.07,8.07,8.07,1,0
20160927,8.05,8.13,7.63,8.13,12495,0
20160928,8.1,8.1,8.1,8.1,1,0
20160929,8,8.1,7.86,8.1,987,0
20160930,8.08,8.13,7.87,8.13,894,0
20161003,8.13,8.13,8.12,8.13,501,0
20161004,8.13,8.13,7.72,7.9,4660,0
20161005,7.9,8.08,7.9,8.08,2,0
20161006,8.08,8.08,8.08,8.08,101,0
20161007,8,8.49,8,8.19,7800,0
20161010,8.33,8.8,8.33,8.45,6841,0
20161011,8.73,8.73,8.45,8.45,1115,0
20161012,8.6,8.7,8.6,8.7,1971,0
20161013,8.68,8.7,8.68,8.7,316,0
20161014,8.7,9.1,8.6,9.1,4854,0
20161017,9.1,9.1,8.8,9,1026,0
20161018,8.96,9.12,8.96,9.1,60302,0
20161019,9.12,9.12,8.71,9.12,54,0
20161020,9.12,9.12,9.11,9.11,210,0
20161021,9.11,9.11,8.9,9.11,968,0
20161024,9.11,9.11,9,9,301,0
20161025,8.74,8.99,8.74,8.99,116,0
20161026,9,9,9,9,1007,0
20161027,9,9,8.75,9,601,0
20161028,8.99,9.08,8.75,9.08,7908,0
20161031,9.12,9.12,8.55,8.95,1378,0
20161102,8.91,8.91,8.91,8.91,1,0
20161103,9,9,8.5,8.9,2503,0
20161104,8.5,8.55,8.2,8.55,3767,0
20161107,8.2,8.5,8.2,8.2,4903,0
